1573301084 2
1573301085 2
1573301086 2
1573301087 2
1573301253 2
1573301254 2
1573301255 2
1573301256 2
1573301423 2
1573301424 2
1573301425 2
1573301426 2
1573301604 2
1573301605 2
1573301606 2
1573301607 2
1573301788 2
1573301789 3
1573301790 2
1573301791 2
1573301959 2
1573301960 2
1573301961 2
1573301962 2
1573301963 2
1573302135 2
1573302136 2
1573302137 2
1573302138 2
1573302310 2
1573302311 2
1573302312 2
1573302313 2
1573302478 2
1573302479 2
1573302480 2
1573302481 2
1573302645 2
1573302646 2
1573302647 2
1573302648 2
1573303794 2
1573303795 2
1573303796 2
1573303797 2
1573304126 2
1573304127 2
1573304128 2
1573304129 2
1573304289 2
1573304290 3
1573304291 2
1573304292 2
1573304451 2
1573304452 2
1573304453 2
1573304618 2
1573304619 2
1573304620 2
1573304621 2
1573304777 2
1573304778 2
1573304779 2
1573304780 2
1573304936 2
1573304937 2
1573304938 2
1573304939 2
1573305259 2
1573305260 2
1573305261 2
1573305262 2
1573305263 2
1573306397 2
1573306398 2
1573306399 2
1573306400 2
1573307393 2
1573307394 2
1573307395 2
1573307396 2
1573307710 2
1573307711 2
1573307712 2
1573307713 2
1573309327 2
1573309328 2
1573309329 2
1573309330 2
1573310168 2
1573310169 2
1573310170 2
1573310171 2
