1579184433 2
1579184434 2
1579184435 2
1579184436 2
1579185031 2
1579185032 2
1579185033 2
1579185034 2
1579185381 2
1579185382 2
1579185383 2
1579185384 2
1579185385 2
1579185739 2
1579185740 2
1579185741 2
1579185742 2
1579185917 2
1579185918 2
1579185919 2
1579185920 2
1579186105 2
1579186106 2
1579186107 2
1579186108 2
1579187665 2
1579187666 2
1579187667 2
1579187668 2
1579188306 2
1579188307 2
1579188308 2
1579189951 2
1579189952 2
1579189953 2
1579189954 2
1579189955 2
1579192012 2
1579192013 2
1579192014 2
1579192015 2
