1582185017 2
1582185018 3
1582185019 2
1582185020 2
1582185936 2
1582185937 2
1582185938 2
1582185939 2
1582186096 2
1582186097 2
1582186098 2
1582186099 2
1582186256 2
1582186257 2
1582186258 2
1582188110 3
1582188111 2
1582188112 2
1582188113 2
1582188725 2
1582188726 3
1582188727 2
1582188728 2
1582189443 2
1582189444 2
1582189445 2
1582189446 2
1582192214 2
1582192215 2
1582192216 2
1582192217 2
1582193721 2
1582193722 2
1582193723 2
1582193724 2
1582193884 2
1582193885 2
1582193886 2
1582193887 2
1582194049 2
1582194050 2
1582194051 2
1582194052 2
1582194204 2
1582194205 2
1582194206 2
1582194207 2
1582194366 2
1582194367 2
1582194368 2
1582194369 2
1582194531 2
1582194532 2
1582194533 2
1582194534 2
1582195180 2
1582195181 2
1582195182 2
1582195183 2
1582195994 2
1582195995 2
1582195996 2
1582195997 2
1582196155 2
1582196156 2
1582196157 2
1582196158 2
1582196314 2
1582196315 2
1582196316 2
1582196317 2
1582196789 2
1582196790 2
1582196791 2
1582196792 2
1582197118 2
1582197119 2
1582197120 2
1582197121 2
1582197276 2
1582197277 2
1582197278 2
1582197436 2
1582197437 2
1582197438 2
1582197439 2
1582197612 2
1582197613 2
1582197614 2
1582197615 2
1582197770 2
1582197771 2
1582197772 2
1582197773 2
1582198086 2
1582198087 2
1582198088 2
1582198089 2
1582198404 2
1582198405 2
1582198406 2
1582198407 2
1582198686 2
1582198687 2
1582198688 2
1582198689 2
1582199035 3
1582199036 2
1582199037 2
