1571665967 1
1571665968 1
1571665969 1
1571665970 1
1571665971 1
1571665972 2
1571665973 3
1571665974 2
1571665975 4
1571666356 2
1571666357 2
1571666358 2
1571666359 1
1571666360 2
1571666361 2
1571666362 2
1571666363 3
1571666748 2
1571666749 2
1571666750 1
1571666751 1
1571666752 2
1571666753 3
1571666754 2
1571667141 1
1571667142 1
1571667143 1
1571667144 1
1571667145 2
1571667146 2
1571667147 3
1571667148 3
1571667578 1
1571667579 1
1571667580 1
1571667581 2
1571667582 2
1571667583 4
1571667584 3
1571667585 4
1571669230 2
1571669231 2
1571669232 3
1571669233 3
1571669234 5
1571669235 5
1571669236 5
1571669237 4
1571669629 2
1571669630 1
1571669631 1
1571669632 1
1571669633 1
1571669634 2
1571669635 3
1571669636 3
