1571397957 1
1571397958 1
1571397959 1
1571397960 1
1571397961 2
1571397962 3
1571397963 2
1571397964 2
1571398353 2
1571398354 1
1571398355 1
1571398356 2
1571398357 2
1571398358 3
1571398359 3
1571398744 2
1571398745 2
1571398746 2
1571398747 2
1571398748 3
1571398749 3
1571398750 2
1571398751 4
1571399137 1
1571399138 1
1571399139 1
1571399140 1
1571399141 2
1571399142 3
1571399143 2
1571399144 2
1571399527 1
1571399528 1
1571399529 1
1571399530 1
1571399531 2
1571399532 3
1571399533 2
1571399534 3
1571399925 1
1571399926 1
1571399927 1
1571399928 1
1571399929 2
1571399930 3
1571399931 2
1571400316 1
1571400317 1
1571400318 1
1571400319 1
1571400320 2
1571400321 3
1571400322 2
1571400323 3
1571400710 4
1571400711 4
1571400712 3
1571400713 2
1571400714 3
1571400715 2
1571400716 2
1571400717 2
1571400718 2
1571400719 2
1571400720 2
1571400721 2
1571400722 3
1571400723 2
1571400724 2
1571400725 2
1571400726 2
1571400727 2
1571400728 2
1571400729 3
1571400730 3
1571400731 3
1571400732 4
1571400733 4
1571400734 4
1571400735 4
1571400736 4
1571400737 5
1571400738 5
1571400739 4
1571400740 4
1571400741 4
1571400742 3
1571400743 3
1571400744 3
1571400745 1
1571400746 1
1571400747 1
1571400748 1
1571400749 2
1571400750 3
1571400751 2
1571400752 2
1571401137 1
1571401138 1
1571401139 1
1571401140 1
1571401141 2
1571401142 3
1571401143 2
1571401144 3
1571401529 1
1571401530 1
1571401531 1
1571401532 1
1571401533 2
1571401534 3
1571401535 2
1571401536 3
1571406911 2
1571406912 1
1571406913 1
1571406914 2
1571406915 2
1571406916 3
1571406917 3
1571406918 2
1571407300 2
1571407301 2
1571407302 2
1571407303 2
1571407304 2
1571407305 3
1571407306 2
1571407307 2
1571407308 2
1571407692 1
1571407693 1
1571407694 1
1571407695 1
1571407696 1
1571407697 2
1571407698 3
1571407699 2
1571407700 2
1571408081 1
1571408082 1
1571408083 1
1571408084 1
1571408085 2
1571408086 2
1571408087 3
1571408088 3
1571408475 1
1571408476 1
1571408477 1
1571408478 1
1571408479 2
1571408480 2
1571408481 2
1571408482 3
