1582034876 3
1582034877 3
1582034878 3
1582034879 2
1582035754 4
1582035755 3
1582035756 3
1582035757 3
1582035758 3
1582036362 3
1582036363 3
1582036364 3
1582036365 3
1582036965 3
1582036966 3
1582036967 4
1582036968 3
1582036969 3
1582037571 3
1582037572 3
1582037573 3
1582037574 3
1582038162 3
1582038163 3
1582038164 3
1582038165 3
1582038166 2
1582038758 2
1582038759 2
1582038760 2
1582038761 2
1582041661 3
1582041662 3
1582041663 3
1582041664 2
1582041665 2
1582042419 3
1582042420 3
1582042421 3
1582042422 2
1582042423 2
1582043860 4
1582043861 3
1582043862 3
1582043863 3
1582043864 3
1582044461 4
1582044462 3
1582044463 3
1582044464 3
