1582026776 0.184098811
1582026776 0.04125214
1582026776 0.00160971
1582026776 0.002868099
1582026776 0.020332696
1582026776 0.054106329
1582026777 0.043970474
1582026777 0.036244776
1582026777 0.054940944
1582026777 0.001216115
1582026777 0.04103419
1582026777 0.002010322
1582026777 0.039614037
1582026777 0.000939731
1582026777 0.005956737
1582026777 0.020953569
1582026777 0.042056583
1582026777 0.0542332
1582026777 0.009969778
1582026777 0.03010613
1582026777 0.036819413
1582026777 0.001287338
1582026777 0.051777946
1582026777 0.001271836
1582026777 0.042677311
1582026777 0.001428682
1582026777 0.042421525
1582026777 0.017716611
1582026777 0.00803024
1582026777 0.041451356
1582026777 0.002110279
1582026777 0.050322566
1582026777 0.042191076
1582026777 0.037253657
1582026777 0.051143614
1582026777 0.001171625
1582026777 0.014860347
1582026777 0.01329273
1582026777 0.051079461
1582026778 0.045890749
1582026778 0.044957309
1582026778 0.005892553
1582026778 0.019781639
1582026778 0.052392031
1582026778 0.044329264
1582026778 0.040694813
1582026778 0.042376817
1582026778 0.006918456
1582026778 0.026902329
1582026778 0.044657603
1582026778 0.001656885
1582026778 0.033680026
1582026778 0.050507211
1582026778 0.001239589
1582026778 0.042406881
1582026778 0.049197545
1582026778 0.000474683
1582026778 0.041345564
1582026778 0.045391214
1582026778 0.00108667
1582026778 0.002565497
1582026778 0.028519539
1582026779 0.032915752
1582026779 0.001760249
1582026779 0.050033503
1582026779 0.044620388
1582026779 0.046864209
1582026779 0.00128723
1582026779 0.038906006
1582026779 0.001176473
1582026779 0.004607981
1582026779 0.02140749
1582026779 0.048856646
1582026779 0.050232863
1582026779 0.0393613
1582026779 0.043765397
1582026781 0.048500983
1582026781 0.046848915
1582026781 0.039148794
1582026782 0.045593444
1582026782 0.001137176
1582026782 0.044917611
1582026782 0.001311523
1582026782 0.002420205
1582026782 0.027275041
1582026782 0.034713239
1582026782 0.056014593
1582026782 0.041981697
1582026782 0.00054963
1582026782 0.041748752
1582026782 0.047728895
1582026782 0.001494593
1582026782 0.03759706
1582026782 0.044591863
1582026782 0.001159433
1582026782 0.020522254
1582026782 0.007051739
1582026782 0.051654979
1582026782 0.047204984
1582026782 0.02960438
1582026782 0.042247063
1582026782 0.044715759
1582026782 0.003459813
1582026782 0.042088259
1582026782 0.037990869
1582026782 0.054304349
1582026783 0.001227049
1582026783 0.041483212
1582026783 0.001435364
1582026783 0.026701312
1582026783 0.041034364
1582026783 0.03754267
1582026783 0.049592203
1582026783 0.002063514
1582026783 0.0398009
1582026783 0.001321772
1582026783 0.002509669
1582026783 0.03034243
1582026783 0.00144471
1582026783 0.006802531
1582026783 0.024789083
1582026783 0.089470004
1582026783 0.175694859
