1571752127 2.430329939
1571752324 2.504485127
1571752529 2.231711664
1571752726 2.343504667
1571752922 2.262368309
1571753119 2.29663278
1571753315 2.307124317
1571753513 2.233164258
1571753905 2.727332993
1571754414 3.006608683
1571754805 3.516995169
1571757693 3.216951512
1571760264 2.420355607
1571760462 2.419852193
1571760663 2.229754444
1571760863 2.364614761
1571761274 2.41613295
1571761467 2.595289679
1571761662 2.521604056
1571762067 2.396035639
1571762488 2.470031666
1571763274 3.243930272
1571763665 2.959010637
1571764483 3.160846144
1571765656 2.941141883
1571766045 3.164263834
