1571398689 3
1571398690 3
1571398691 3
1571398692 3
1571398693 3
1571398694 3
1571398695 4
1571398696 3
1571398697 3
1571398698 3
1571398699 4
1571399080 3
1571399081 3
1571399082 3
1571399083 3
1571399084 3
1571399085 3
1571399086 3
1571399087 3
1571399088 3
1571399089 3
1571399090 2
1571399471 3
1571399472 3
1571399473 3
1571399474 3
1571399475 3
1571399476 3
1571399477 3
1571399478 3
1571399479 3
1571399480 3
1571399481 3
1571399482 3
1571400261 3
1571400262 3
1571400263 3
1571400264 3
1571400265 3
1571400266 3
1571400267 3
1571400268 3
1571400269 3
1571400270 3
1571400271 3
1571401082 3
1571401083 3
1571401084 3
1571401085 3
1571401086 3
1571401087 3
1571401088 3
1571401089 3
1571401090 3
1571401091 3
1571401092 2
1571401474 3
1571401475 3
1571401476 3
1571401477 3
1571401478 3
1571401479 3
1571401480 4
1571401481 3
1571401482 3
1571401483 3
1571401484 2
1571406854 3
1571406855 3
1571406856 3
1571406857 3
1571406858 3
1571406859 3
1571406860 3
1571406861 3
1571406862 3
1571406863 3
1571406864 3
1571407637 3
1571407638 3
1571407639 3
1571407640 3
1571407641 3
1571407642 3
1571407643 3
1571407644 3
1571407645 3
1571407646 3
1571407647 3
1571407648 3
1571408419 4
1571408420 3
1571408421 3
1571408422 3
1571408423 3
1571408424 3
1571408425 3
1571408426 3
1571408427 4
1571408428 3
1571408429 3
