1575114425 3
1575114426 3
1575114427 3
1575114428 3
1575114429 3
1575114430 3
1575114431 3
1575114432 3
1575114433 3
1575114434 3
1575114435 3
1575114436 2
1575114437 3
1575114438 3
1575114439 3
1575114440 3
1575114441 3
1575114442 4
1575114443 6
1575114444 3
1575114445 3
1575114446 4
1575114447 3
1575114448 4
1575114449 3
1575114450 2
1575114451 2
1575114452 2
1575114453 1
1575114454 2
1575114455 2
1575114456 2
1575114457 3
1575114458 3
1575114459 3
1575114460 1
1575114461 1
1575114462 1
1575114463 1
1575114464 1
1575114465 2
1575114466 2
1575114467 3
1575114468 3
1575114469 2
1575114470 2
1575114471 1
1575114472 1
1575114473 1
1575114474 2
1575114475 2
1575114476 2
1575114477 3
1575114478 3
1575114479 3
1575114480 4
1575114481 4
1575114482 3
1575114483 4
1575114484 2
1575114485 2
1575114486 3
1575114487 3
1575114488 3
1575114489 4
1575114490 5
1575114491 3
1575114492 3
1575114493 3
1575114494 3
1575114495 3
1575114496 2
1575114497 2
1575114498 2
1575114499 2
1575114500 2
1575114501 3
1575114502 2
1575114503 2
1575114504 2
1575114505 3
1575114506 3
1575114507 2
1575114508 2
1575114509 2
1575114510 2
1575114511 2
1575114512 4
1575114513 3
1575114514 2
1575114515 2
1575114516 2
1575114517 2
1575114518 1
1575114519 1
1575114520 1
1575114521 3
1575114522 4
1575114523 4
1575114524 4
1575114525 3
1575114526 3
1575114527 2
1575114528 5
1575114529 5
1575114530 5
1575114531 6
1575114532 6
1575114533 5
1575114534 5
1575114535 6
1575114536 5
1575114537 5
1575114538 5
1575114539 5
1575114540 4
1575114541 3
1575114542 3
1575114543 3
1575114544 3
1575114545 3
1575114546 3
1575114547 2
1575114548 1
1575114549 2
1575114550 3
1575114551 4
1575114552 5
1575114553 5
1575114554 5
1575114555 5
1575114556 5
1575114557 2
1575114558 3
1575114559 2
1575114560 3
1575114561 2
1575114562 2
1575114563 3
1575114564 3
1575114565 2
1575114566 2
1575114567 2
1575114568 2
1575114569 2
1575114570 2
1575114571 2
1575114572 2
1575114573 3
1575114574 3
1575114575 4
1575114576 4
1575114577 4
1575114578 3
1575114579 3
1575114580 3
1575114581 3
1575114582 3
1575114583 4
1575114584 4
1575114585 4
1575114586 6
1575114587 6
1575114588 6
1575114589 4
1575114590 4
1575114591 3
1575114592 2
1575114593 2
1575114594 2
1575114595 1
1575114596 1
1575114597 1
1575114598 1
1575114599 1
1575114600 2
1575114601 3
1575114602 2
1575114603 1
1575114604 1
1575114605 1
1575114606 1
1575114607 1
1575114608 2
1575114609 2
1575114610 2
1575114611 2
1575114612 3
1575114613 2
1575114614 2
1575114615 3
1575114616 3
1575114617 2
1575114618 3
1575114619 4
1575114620 4
1575114621 3
1575114622 3
1575114623 4
1575114624 5
1575114625 4
1575114626 5
1575114627 4
1575114628 3
1575114629 3
1575114630 2
1575114631 2
1575114632 3
1575114633 2
1575114634 3
1575114635 3
1575114636 3
1575114637 4
1575114638 4
1575114639 5
1575114640 7
1575114641 4
1575114642 3
1575114728 3
1575114729 3
1575114730 3
1575114731 3
1575114732 3
1575114733 3
1575114734 3
1575114735 3
1575114736 4
1575114737 2
1575114738 2
1575114739 2
1575114740 2
1575114741 2
1575114742 3
1575114743 3
1575114744 4
1575114745 4
1575114746 5
1575114747 5
1575114748 4
1575114749 2
1575114750 3
1575114751 4
1575114752 3
1575114753 3
1575114754 3
1575114755 3
1575114756 2
1575114757 2
1575114758 2
1575114759 1
1575114760 2
1575114761 2
1575114762 2
1575114763 2
1575114764 2
1575114765 2
1575114766 2
1575114767 3
1575114768 3
1575114769 3
1575114770 4
1575114771 3
1575114772 2
1575114773 1
1575114774 1
1575114775 1
1575114776 1
1575114777 2
1575114778 2
1575114779 2
1575114780 3
1575114781 3
1575114782 3
1575114783 3
1575114784 3
1575114785 3
1575114786 3
1575114787 3
1575114788 3
1575114789 3
1575114790 3
1575114791 3
1575114792 5
1575114793 5
1575114794 4
1575114795 6
1575114796 4
1575114797 3
1575114798 3
1575114799 3
1575114800 3
1575114801 3
1575114802 2
1575114803 2
1575114804 2
1575114805 2
1575114806 2
1575114807 2
1575114808 2
1575114809 2
1575114810 2
1575114811 3
1575114812 2
1575114813 2
1575114814 2
1575114815 2
1575114816 2
1575114817 2
1575114818 4
1575114819 4
1575114820 5
1575114821 5
1575114822 5
1575114823 5
1575114824 2
1575114825 1
1575114826 1
1575114827 1
1575114828 2
1575114829 2
1575114830 3
1575114831 3
1575114832 3
1575114833 3
1575114834 3
1575114835 3
1575114836 5
1575114837 5
1575114838 6
1575114839 5
1575114840 5
1575114841 5
1575114842 5
1575114843 5
1575114844 6
1575114845 6
1575114846 5
1575114847 4
1575114848 4
1575114849 3
1575114850 3
1575114851 3
1575114852 3
1575114853 2
1575114854 1
1575114855 1
1575114856 2
1575114857 3
1575114858 4
1575114859 4
1575114860 4
1575114861 5
1575114862 4
1575114863 4
1575114864 3
1575114865 1
1575114866 2
1575114867 2
1575114868 2
1575114869 2
1575114870 3
1575114871 2
1575114872 2
1575114873 2
1575114874 3
1575114875 3
1575114876 2
1575114877 2
1575114878 2
1575114879 2
1575114880 2
1575114881 3
1575114882 4
1575114883 4
1575114884 4
1575114885 4
1575114886 5
1575114887 4
1575114888 2
1575114889 3
1575114890 4
1575114891 4
1575114892 4
1575114893 4
1575114894 5
1575114895 4
1575114896 3
1575114897 4
1575114898 3
1575114899 4
1575114900 3
1575114901 3
1575114902 2
1575114903 1
1575114904 1
1575114905 1
1575114906 1
1575114907 2
1575114908 2
1575114909 2
1575114910 2
1575114911 2
1575114912 1
1575114913 2
1575114914 2
1575114915 2
1575114916 2
1575114917 2
1575114918 2
1575114919 2
1575114920 2
1575114921 3
1575114922 3
1575114923 1
1575114924 2
1575114925 2
1575114926 4
1575114927 5
1575114928 6
1575114929 4
1575114930 4
1575114931 3
1575114932 3
1575114933 5
1575114934 4
1575114935 5
1575114936 2
1575114937 2
1575114938 2
1575114939 2
1575114940 2
1575114941 2
1575114942 3
1575114943 4
1575114944 5
1575114945 5
1575114946 4
1575114947 4
1575114948 4
1575114949 6
1575114950 4
1575114951 4
1575115039 3
1575115040 3
1575115041 3
1575115042 3
1575115043 3
1575115044 3
1575115045 3
1575115046 3
1575115047 3
1575115048 3
1575115049 3
1575115050 2
1575115051 2
1575115052 2
1575115053 4
1575115054 3
1575115055 3
1575115056 3
1575115057 4
1575115058 7
1575115059 4
1575115060 3
1575115061 4
1575115062 4
1575115063 4
1575115064 2
1575115065 2
1575115066 2
1575115067 2
1575115068 2
1575115069 1
1575115070 1
1575115071 2
1575115072 3
1575115073 3
1575115074 3
1575115075 3
1575115076 3
1575115077 3
1575115078 3
1575115079 3
1575115080 3
1575115081 4
1575115082 4
1575115083 4
1575115084 3
1575115085 1
1575115086 1
1575115087 1
1575115088 1
1575115089 2
1575115090 4
1575115091 3
1575115092 3
1575115093 3
1575115094 4
1575115095 3
1575115096 3
1575115097 4
1575115098 4
1575115099 3
1575115100 4
1575115101 4
1575115102 3
1575115103 4
1575115104 4
1575115105 5
1575115106 5
1575115107 4
1575115108 3
1575115109 3
1575115110 3
1575115111 2
1575115112 2
1575115113 2
1575115114 2
1575115115 2
1575115116 3
1575115117 2
1575115118 2
1575115119 2
1575115120 2
1575115121 3
1575115122 3
1575115123 2
1575115124 2
1575115125 1
1575115126 2
1575115127 2
1575115128 4
1575115129 3
1575115130 2
1575115131 3
1575115132 2
1575115133 1
1575115134 1
1575115135 1
1575115136 3
1575115137 3
1575115138 4
1575115139 3
1575115140 3
1575115141 3
1575115142 3
1575115143 4
1575115144 5
1575115145 5
1575115146 6
1575115147 5
1575115148 5
1575115149 5
1575115150 5
1575115151 6
1575115152 4
1575115153 5
1575115154 5
1575115155 4
1575115156 3
1575115157 3
1575115158 3
1575115159 3
1575115160 3
1575115161 3
1575115162 3
1575115163 2
1575115164 1
1575115165 1
1575115166 3
1575115167 3
1575115168 4
1575115169 5
1575115170 5
1575115171 5
1575115172 5
1575115173 5
1575115174 3
1575115175 3
1575115176 2
1575115177 3
1575115178 2
1575115179 2
1575115180 3
1575115181 3
1575115182 2
1575115183 2
1575115184 2
1575115185 2
1575115186 2
1575115187 2
1575115188 2
1575115189 2
1575115190 2
1575115191 3
1575115192 3
1575115193 4
1575115194 4
1575115195 4
1575115196 5
1575115197 6
1575115198 7
1575115199 5
1575115200 6
1575115201 5
1575115202 5
1575115203 5
1575115204 5
1575115205 8
1575115206 4
1575115207 4
1575115208 3
1575115209 4
1575115210 3
1575115211 2
1575115212 1
1575115213 1
1575115214 1
1575115215 1
1575115216 1
1575115217 1
1575115218 2
1575115219 3
1575115220 2
1575115221 1
1575115222 1
1575115223 1
1575115224 1
1575115225 1
1575115226 1
1575115227 1
1575115228 2
1575115229 2
1575115230 2
1575115231 1
1575115232 1
1575115233 1
1575115234 2
1575115235 2
1575115236 2
1575115237 3
1575115238 4
1575115239 3
1575115240 3
1575115241 4
1575115242 4
1575115243 5
1575115244 4
1575115245 5
1575115246 3
1575115247 3
1575115248 3
1575115249 2
1575115250 2
1575115251 3
1575115252 3
1575115253 3
1575115254 5
1575115255 5
1575115256 6
1575115257 6
1575115258 5
1575115259 5
1575115260 4
1575115261 3
1575115349 3
1575115350 3
1575115351 3
1575115352 3
1575115353 3
1575115354 3
1575115355 3
1575115356 3
1575115357 3
1575115358 3
1575115359 2
1575115360 2
1575115361 3
1575115362 3
1575115363 3
1575115364 4
1575115365 4
1575115366 5
1575115367 4
1575115368 3
1575115369 3
1575115370 3
1575115371 4
1575115372 2
1575115373 2
1575115374 2
1575115375 2
1575115376 1
1575115377 1
1575115380 1
1575115381 1
1575115382 1
1575115383 1
1575115384 1
1575115385 1
1575115386 1
1575115387 2
1575115388 2
1575115389 2
1575115390 3
1575115391 3
1575115392 2
1575115393 1
1575115394 1
1575115395 1
1575115396 1
1575115397 1
1575115398 2
1575115399 3
1575115400 3
1575115401 2
1575115402 3
1575115403 4
1575115404 4
1575115405 4
1575115406 5
1575115407 5
1575115408 4
1575115409 3
1575115410 3
1575115411 3
1575115412 4
1575115413 5
1575115414 3
1575115415 3
1575115416 3
1575115417 3
1575115418 3
1575115419 2
1575115420 2
1575115421 2
1575115422 2
1575115423 2
1575115424 2
1575115425 2
1575115426 2
1575115427 2
1575115428 2
1575115429 3
1575115430 2
1575115431 2
1575115432 2
1575115433 2
1575115434 2
1575115435 2
1575115436 3
1575115437 4
1575115438 4
1575115439 3
1575115440 3
1575115441 3
1575115442 2
1575115443 1
1575115444 1
1575115445 1
1575115446 3
1575115447 4
1575115448 4
1575115449 4
1575115450 5
1575115451 5
1575115452 4
1575115453 4
1575115454 6
1575115455 5
1575115456 6
1575115457 5
1575115458 5
1575115459 5
1575115460 5
1575115461 5
1575115462 6
1575115463 6
1575115464 6
1575115465 5
1575115466 4
1575115467 3
1575115468 3
1575115469 3
1575115470 3
1575115471 2
1575115472 2
1575115473 1
1575115474 1
1575115475 2
1575115476 3
1575115477 4
1575115478 4
1575115479 5
1575115480 6
1575115481 4
1575115482 4
1575115483 2
1575115484 1
1575115485 2
1575115486 2
1575115487 2
1575115488 2
1575115489 3
1575115490 4
1575115491 4
1575115492 4
1575115493 4
1575115494 4
1575115495 4
1575115496 2
1575115497 2
1575115498 2
1575115499 2
1575115500 3
1575115501 4
1575115502 3
1575115503 3
1575115504 4
1575115505 4
1575115506 6
1575115507 3
1575115508 3
1575115509 3
1575115510 4
1575115511 5
1575115512 4
1575115513 4
1575115514 6
1575115515 6
1575115516 5
1575115517 5
1575115518 6
1575115519 5
1575115520 3
1575115521 2
1575115522 2
1575115523 1
1575115524 1
1575115525 1
1575115526 2
1575115527 2
1575115528 2
1575115529 3
1575115530 3
1575115531 3
1575115532 3
1575115533 3
1575115534 3
1575115535 3
1575115536 3
1575115537 3
1575115538 3
1575115539 2
1575115540 1
1575115541 1
1575115542 1
1575115543 2
1575115544 2
1575115545 3
1575115546 3
1575115547 4
1575115548 4
1575115549 5
1575115550 5
1575115551 4
1575115552 5
1575115553 4
1575115554 5
1575115555 3
1575115556 3
1575115557 3
1575115558 2
1575115559 3
1575115560 3
1575115561 3
1575115562 4
1575115563 4
1575115564 3
1575115565 3
1575115566 3
1575115567 3
1575115568 3
1575115569 3
1575115570 3
1575115657 3
1575115658 3
1575115659 3
1575115660 3
1575115661 3
1575115662 3
1575115663 3
1575115664 3
1575115665 3
1575115666 3
1575115667 3
1575115668 2
1575115669 2
1575115670 3
1575115671 3
1575115672 3
1575115673 3
1575115674 4
1575115675 5
1575115676 3
1575115677 4
1575115678 3
1575115679 3
1575115680 4
1575115681 4
1575115682 2
1575115683 2
1575115684 2
1575115685 2
1575115686 2
1575115687 1
1575115688 1
1575115689 1
1575115690 1
1575115691 1
1575115692 1
1575115693 1
1575115694 1
1575115695 1
1575115696 1
1575115697 3
1575115698 3
1575115699 4
1575115700 4
1575115701 4
1575115702 3
1575115703 3
1575115704 2
1575115705 2
1575115706 1
1575115707 2
1575115708 3
1575115709 2
1575115710 2
1575115711 3
1575115712 3
1575115713 4
1575115714 3
1575115715 4
1575115716 4
1575115717 3
1575115718 4
1575115719 4
1575115720 3
1575115721 4
1575115722 6
1575115723 4
1575115724 4
1575115725 4
1575115726 4
1575115727 3
1575115728 3
1575115729 2
1575115730 2
1575115731 2
1575115732 2
1575115733 2
1575115734 3
1575115735 2
1575115736 2
1575115737 2
1575115738 2
1575115739 3
1575115740 3
1575115741 2
1575115742 2
1575115743 1
1575115744 2
1575115745 3
1575115746 4
1575115747 4
1575115748 2
1575115749 2
1575115750 3
1575115751 2
1575115752 1
1575115753 1
1575115754 1
1575115755 3
1575115756 4
1575115757 4
1575115758 4
1575115759 3
1575115760 3
1575115761 2
1575115762 5
1575115763 5
1575115764 5
1575115765 6
1575115766 5
1575115767 5
1575115768 5
1575115769 6
1575115770 5
1575115771 5
1575115772 5
1575115773 5
1575115774 4
1575115775 3
1575115776 3
1575115777 3
1575115778 3
1575115779 3
1575115780 3
1575115781 2
1575115782 1
1575115783 2
1575115784 3
1575115785 4
1575115786 5
1575115787 5
1575115788 5
1575115789 5
1575115790 4
1575115791 3
1575115792 3
1575115793 2
1575115794 2
1575115795 2
1575115796 2
1575115797 3
1575115798 2
1575115799 2
1575115800 1
1575115801 2
1575115802 2
1575115803 2
1575115804 2
1575115805 2
1575115806 2
1575115807 3
1575115808 4
1575115809 4
1575115810 4
1575115811 4
1575115812 4
1575115813 5
1575115814 4
1575115815 3
1575115816 4
1575115817 5
1575115818 6
1575115819 6
1575115820 5
1575115821 4
1575115822 3
1575115823 3
1575115824 4
1575115825 3
1575115826 4
1575115827 5
1575115828 4
1575115829 5
1575115830 4
1575115831 4
1575115832 3
1575115833 3
1575115834 3
1575115835 2
1575115836 2
1575115837 2
1575115838 2
1575115839 2
1575115840 3
1575115841 3
1575115842 5
1575115843 6
1575115844 4
1575115845 2
1575115846 3
1575115847 3
1575115848 3
1575115849 3
1575115850 3
1575115851 3
1575115852 3
1575115853 2
1575115854 2
1575115855 2
1575115856 1
1575115857 2
1575115858 2
1575115859 3
1575115860 4
1575115861 5
1575115862 3
1575115863 3
1575115864 3
1575115865 4
1575115866 5
1575115867 4
1575115868 4
1575115869 4
1575115870 2
1575115871 2
1575115872 1
1575115873 1
1575115874 1
1575115875 2
1575115876 5
1575115877 4
1575115878 5
1575115879 5
1575115880 5
1575115881 4
1575115882 5
1575115883 4
1575115884 4
1575115885 3
1575115972 3
1575115973 3
1575115974 3
1575115975 3
1575115976 3
1575115977 3
1575115978 3
1575115979 4
1575115980 3
1575115981 2
1575115982 3
1575115983 2
1575115984 2
1575115985 4
1575115986 3
1575115987 3
1575115988 4
1575115989 4
1575115990 5
1575115991 4
1575115992 4
1575115993 3
1575115994 4
1575115995 4
1575115996 4
1575115997 2
1575115998 2
1575115999 2
1575116000 1
1575116001 2
1575116002 2
1575116003 2
1575116004 2
1575116005 2
1575116006 3
1575116007 3
1575116008 3
1575116009 4
1575116010 4
1575116011 5
1575116012 5
1575116013 6
1575116014 7
1575116015 6
1575116016 5
1575116017 3
1575116018 2
1575116019 1
1575116020 1
1575116021 1
1575116022 1
1575116023 1
1575116024 2
1575116025 2
1575116026 2
1575116027 2
1575116028 3
1575116029 3
1575116030 3
1575116031 3
1575116032 4
1575116033 3
1575116034 2
1575116035 2
1575116036 3
1575116037 3
1575116038 3
1575116039 4
1575116040 4
1575116041 3
1575116042 4
1575116043 3
1575116044 3
1575116045 3
1575116046 2
1575116047 2
1575116048 2
1575116049 2
1575116050 2
1575116051 2
1575116052 3
1575116053 2
1575116054 2
1575116055 2
1575116056 2
1575116057 2
1575116058 2
1575116059 2
1575116060 2
1575116061 2
1575116062 2
1575116063 4
1575116064 3
1575116065 3
1575116066 4
1575116067 2
1575116068 2
1575116069 2
1575116070 1
1575116071 1
1575116072 3
1575116073 4
1575116074 3
1575116075 3
1575116076 3
1575116077 3
1575116078 3
1575116079 4
1575116080 5
1575116081 5
1575116082 6
1575116083 5
1575116084 5
1575116085 5
1575116086 5
1575116087 5
1575116088 6
1575116089 6
1575116090 6
1575116091 6
1575116092 4
1575116093 3
1575116094 4
1575116095 3
1575116096 3
1575116097 3
1575116098 2
1575116099 1
1575116100 1
1575116101 2
1575116102 3
1575116103 4
1575116104 4
1575116105 6
1575116106 5
1575116107 4
1575116108 4
1575116109 3
1575116110 2
1575116111 2
1575116112 2
1575116113 2
1575116114 2
1575116115 3
1575116116 2
1575116117 2
1575116118 2
1575116119 2
1575116120 2
1575116121 2
1575116122 2
1575116123 2
1575116124 2
1575116125 3
1575116126 5
1575116127 4
1575116128 4
1575116129 4
1575116130 4
1575116131 5
1575116132 5
1575116133 4
1575116134 3
1575116135 4
1575116136 4
1575116137 4
1575116138 4
1575116139 6
1575116140 4
1575116141 4
1575116142 3
1575116143 3
1575116144 3
1575116145 2
1575116146 2
1575116147 2
1575116148 1
1575116149 1
1575116150 1
1575116151 1
1575116152 2
1575116153 3
1575116154 3
1575116155 2
1575116156 1
1575116157 2
1575116158 2
1575116159 2
1575116160 2
1575116161 2
1575116162 1
1575116163 1
1575116164 1
1575116165 1
1575116166 1
1575116167 1
1575116168 2
1575116169 2
1575116170 3
1575116171 4
1575116172 3
1575116173 5
1575116174 4
1575116175 4
1575116176 3
1575116177 5
1575116178 4
1575116179 4
1575116180 4
1575116181 3
1575116182 3
1575116183 3
1575116184 2
1575116185 3
1575116186 2
1575116187 3
1575116188 4
1575116189 5
1575116190 5
1575116191 4
1575116192 4
1575116193 4
1575116194 4
1575116195 5
1575116196 3
1575116283 3
1575116284 3
1575116285 3
1575116286 3
1575116287 3
1575116288 3
1575116289 3
1575116290 3
1575116291 3
1575116292 4
1575116293 2
1575116294 2
1575116295 2
1575116296 4
1575116297 3
1575116298 3
1575116299 4
1575116300 5
1575116301 4
1575116302 4
1575116303 4
1575116304 2
1575116305 4
1575116306 5
1575116307 3
1575116308 4
1575116309 3
1575116310 4
1575116311 3
1575116312 2
1575116313 2
1575116314 1
1575116315 1
1575116316 2
1575116317 2
1575116318 2
1575116319 1
1575116320 1
1575116321 1
1575116322 1
1575116323 2
1575116324 2
1575116325 2
1575116326 3
1575116327 3
1575116328 3
1575116329 3
1575116330 3
1575116331 2
1575116332 2
1575116333 2
1575116334 2
1575116335 3
1575116336 2
1575116337 3
1575116338 3
1575116339 3
1575116340 4
1575116341 4
1575116342 3
1575116343 3
1575116344 3
1575116345 4
1575116346 4
1575116347 4
1575116348 5
1575116349 4
1575116350 4
1575116351 3
1575116352 3
1575116353 3
1575116354 3
1575116355 2
1575116356 2
1575116357 2
1575116358 2
1575116359 2
1575116360 2
1575116361 2
1575116362 2
1575116363 2
1575116364 2
1575116365 3
1575116366 3
1575116367 2
1575116368 2
1575116369 2
1575116370 2
1575116371 1
1575116372 3
1575116373 4
1575116374 4
1575116375 5
1575116376 4
1575116377 4
1575116378 3
1575116379 2
1575116380 1
1575116381 1
1575116382 1
1575116383 2
1575116384 3
1575116385 4
1575116386 4
1575116387 3
1575116388 3
1575116389 3
1575116390 5
1575116391 6
1575116392 5
1575116393 6
1575116394 6
1575116395 5
1575116396 5
1575116397 6
1575116398 5
1575116399 5
1575116400 5
1575116401 5
1575116402 4
1575116403 3
1575116404 3
1575116405 3
1575116406 3
1575116407 3
1575116408 2
1575116409 2
1575116410 1
1575116411 2
1575116412 3
1575116413 4
1575116414 4
1575116415 4
1575116416 5
1575116417 5
1575116418 4
1575116419 3
1575116420 3
1575116421 2
1575116422 2
1575116423 2
1575116424 2
1575116425 2
1575116426 2
1575116427 2
1575116428 2
1575116429 3
1575116430 2
1575116431 2
1575116432 2
1575116433 2
1575116434 2
1575116435 2
1575116436 4
1575116437 3
1575116438 3
1575116439 3
1575116440 3
1575116441 5
1575116442 4
1575116443 4
1575116444 2
1575116445 3
1575116446 4
1575116447 4
1575116448 3
1575116449 4
1575116450 6
1575116451 4
1575116452 4
1575116453 3
1575116454 3
1575116455 4
1575116456 2
1575116457 1
1575116458 1
1575116459 1
1575116460 2
1575116461 2
1575116462 3
1575116463 4
1575116464 5
1575116465 3
1575116466 1
1575116467 1
1575116468 1
1575116469 2
1575116470 3
1575116471 3
1575116472 3
1575116473 3
1575116474 3
1575116475 4
1575116476 5
1575116477 3
1575116478 2
1575116479 2
1575116480 2
1575116481 4
1575116482 5
1575116483 5
1575116484 3
1575116485 3
1575116486 3
1575116487 4
1575116488 5
1575116489 4
1575116490 4
1575116491 2
1575116492 2
1575116493 2
1575116494 2
1575116495 2
1575116496 2
1575116497 2
1575116498 3
1575116499 4
1575116500 4
1575116501 4
1575116502 4
1575116503 4
1575116504 4
1575116505 4
1575116506 3
1575116595 3
1575116596 3
1575116597 3
1575116598 3
1575116599 3
1575116600 3
1575116601 3
1575116602 3
1575116603 3
1575116604 3
1575116605 2
1575116606 2
1575116607 2
1575116608 3
1575116609 3
1575116610 3
1575116611 3
1575116612 4
1575116613 5
1575116614 4
1575116615 3
1575116616 3
1575116617 4
1575116618 4
1575116619 3
1575116620 2
1575116621 2
1575116622 2
1575116623 2
1575116624 2
1575116625 2
1575116626 3
1575116627 3
1575116628 3
1575116629 3
1575116630 3
1575116631 2
1575116632 2
1575116633 3
1575116634 3
1575116635 3
1575116636 4
1575116637 3
1575116638 2
1575116639 2
1575116640 2
1575116641 2
1575116642 1
1575116643 2
1575116644 3
1575116645 2
1575116646 2
1575116647 3
1575116648 3
1575116649 5
1575116650 5
1575116651 5
1575116652 4
1575116653 4
1575116654 2
1575116655 3
1575116656 3
1575116657 3
1575116658 4
1575116659 5
1575116660 3
1575116661 4
1575116662 3
1575116663 3
1575116664 3
1575116665 3
1575116666 2
1575116667 2
1575116668 2
1575116669 2
1575116670 2
1575116671 3
1575116672 2
1575116673 2
1575116674 2
1575116675 3
1575116676 2
1575116677 2
1575116678 2
1575116679 2
1575116680 2
1575116681 2
1575116682 4
1575116683 3
1575116684 2
1575116685 2
1575116686 2
1575116687 2
1575116688 1
1575116689 1
1575116690 1
1575116691 3
1575116692 4
1575116693 4
1575116694 4
1575116695 3
1575116696 3
1575116697 2
1575116698 4
1575116699 5
1575116700 5
1575116701 6
1575116702 5
1575116703 5
1575116704 5
1575116705 5
1575116706 6
1575116707 5
1575116708 5
1575116709 5
1575116710 6
1575116711 2
1575116712 3
1575116713 3
1575116714 3
1575116715 3
1575116716 3
1575116717 2
1575116718 1
1575116719 1
1575116720 2
1575116721 3
1575116722 4
1575116723 4
1575116724 5
1575116725 5
1575116726 5
1575116727 5
1575116728 4
1575116729 2
1575116730 3
1575116731 2
1575116732 2
1575116733 2
1575116734 2
1575116735 3
1575116736 3
1575116737 2
1575116738 1
1575116739 2
1575116740 2
1575116741 2
1575116742 2
1575116743 2
1575116744 2
1575116745 3
1575116746 3
1575116747 4
1575116748 4
1575116749 5
1575116750 4
1575116751 3
1575116752 3
1575116753 4
1575116754 2
1575116755 3
1575116756 4
1575116757 5
1575116758 6
1575116759 5
1575116760 5
1575116761 3
1575116762 3
1575116763 4
1575116764 2
1575116765 2
1575116766 1
1575116767 1
1575116768 1
1575116769 1
1575116770 1
1575116771 1
1575116772 2
1575116773 3
1575116774 3
1575116775 2
1575116776 1
1575116777 1
1575116778 2
1575116779 2
1575116780 2
1575116781 2
1575116782 2
1575116783 2
1575116784 2
1575116785 1
1575116786 1
1575116787 1
1575116788 2
1575116789 2
1575116790 2
1575116791 3
1575116792 4
1575116793 4
1575116794 4
1575116795 4
1575116796 3
1575116797 5
1575116798 4
1575116799 4
1575116800 3
1575116801 3
1575116802 3
1575116803 2
1575116804 2
1575116805 2
1575116806 3
1575116807 3
1575116808 4
1575116809 4
1575116810 5
1575116811 5
1575116812 5
1575116813 5
1575116814 5
1575116815 3
1575116902 3
1575116903 3
1575116904 3
1575116905 3
1575116906 3
1575116907 3
1575116908 3
1575116909 3
1575116910 3
1575116911 3
1575116912 2
1575116913 2
1575116914 2
1575116915 3
1575116916 3
1575116917 4
1575116918 4
1575116919 4
1575116920 6
1575116921 3
1575116922 3
1575116923 4
1575116924 4
1575116925 4
1575116926 3
1575116927 3
1575116928 2
1575116929 1
1575116930 1
1575116931 2
1575116932 1
1575116933 1
1575116934 2
1575116935 2
1575116936 2
1575116937 2
1575116938 2
1575116939 1
1575116940 3
1575116941 2
1575116942 3
1575116943 3
1575116944 4
1575116945 4
1575116946 3
1575116947 2
1575116948 1
1575116949 1
1575116950 1
1575116951 3
1575116952 4
1575116953 3
1575116954 3
1575116955 2
1575116956 2
1575116957 6
1575116958 4
1575116959 3
1575116960 3
1575116961 3
1575116962 4
1575116963 6
1575116964 5
1575116965 4
1575116966 4
1575116967 4
1575116968 3
1575116969 4
1575116970 5
1575116971 3
1575116972 3
1575116973 3
1575116974 3
1575116975 2
1575116976 2
1575116977 2
1575116978 2
1575116979 2
1575116980 2
1575116981 2
1575116982 2
1575116983 2
1575116984 2
1575116985 3
1575116986 2
1575116987 2
1575116988 2
1575116989 2
1575116990 2
1575116991 2
1575116992 4
1575116993 4
1575116994 3
1575116995 3
1575116996 3
1575116997 3
1575116998 2
1575116999 1
1575117000 1
1575117001 3
1575117002 3
1575117003 4
1575117004 5
1575117005 4
1575117006 5
1575117007 4
1575117008 4
1575117009 6
1575117010 6
1575117011 6
1575117012 6
1575117013 5
1575117014 5
1575117015 5
1575117016 5
1575117017 6
1575117018 6
1575117019 6
1575117020 5
1575117021 4
1575117022 3
1575117023 3
1575117024 3
1575117025 3
1575117026 3
1575117027 2
1575117028 1
1575117029 1
1575117030 2
1575117031 3
1575117032 4
1575117033 5
1575117034 5
1575117035 5
1575117036 4
1575117037 3
1575117038 2
1575117039 2
1575117040 2
1575117041 2
1575117042 2
1575117043 2
1575117044 3
1575117045 2
1575117046 2
1575117047 2
1575117048 3
1575117049 3
1575117050 2
1575117051 2
1575117052 2
1575117053 2
1575117054 2
1575117055 4
1575117056 4
1575117057 3
1575117058 4
1575117059 3
1575117060 5
1575117061 5
1575117062 4
1575117063 2
1575117064 2
1575117065 3
1575117066 3
1575117067 4
1575117068 5
1575117069 3
1575117070 4
1575117071 5
1575117072 4
1575117073 4
1575117074 3
1575117075 3
1575117076 2
1575117077 1
1575117078 1
1575117079 1
1575117080 1
1575117081 3
1575117082 4
1575117083 3
1575117084 3
1575117085 2
1575117086 3
1575117087 3
1575117088 3
1575117089 3
1575117090 2
1575117091 2
1575117092 2
1575117093 1
1575117094 2
1575117095 1
1575117096 1
1575117097 2
1575117098 2
1575117099 2
1575117100 3
1575117101 4
1575117102 3
1575117103 4
1575117104 4
1575117105 4
1575117106 6
1575117107 5
1575117108 6
1575117109 6
1575117110 4
1575117111 2
1575117112 2
1575117113 2
1575117114 2
1575117115 3
1575117116 4
1575117117 4
1575117118 4
1575117119 3
1575117120 3
1575117121 3
1575117122 3
1575117123 3
1575117124 4
1575117210 3
1575117211 3
1575117212 3
1575117213 3
1575117214 3
1575117215 3
1575117216 3
1575117217 3
1575117218 4
1575117219 3
1575117220 4
1575117221 3
1575117222 2
1575117223 2
1575117224 2
1575117225 3
1575117226 3
1575117227 4
1575117228 4
1575117229 4
1575117230 6
1575117231 4
1575117232 3
1575117233 3
1575117234 4
1575117235 4
1575117236 4
1575117237 2
1575117238 3
1575117239 3
1575117240 2
1575117241 1
1575117242 2
1575117243 1
1575117244 1
1575117245 2
1575117246 2
1575117247 2
1575117248 2
1575117249 2
1575117250 2
1575117251 2
1575117252 3
1575117253 3
1575117254 3
1575117255 4
1575117256 4
1575117257 2
1575117258 1
1575117259 1
1575117260 1
1575117261 1
1575117262 2
1575117263 3
1575117264 2
1575117265 3
1575117266 3
1575117267 3
1575117268 3
1575117269 3
1575117270 3
1575117271 3
1575117272 3
1575117273 4
1575117274 4
1575117275 4
1575117276 4
1575117277 4
1575117278 3
1575117279 3
1575117280 4
1575117281 3
1575117282 3
1575117283 3
1575117284 2
1575117285 2
1575117286 2
1575117287 2
1575117288 2
1575117289 3
1575117290 2
1575117291 2
1575117292 2
1575117293 3
1575117294 3
1575117295 3
1575117296 2
1575117297 2
1575117298 2
1575117299 1
1575117300 3
1575117301 4
1575117302 4
1575117303 2
1575117304 2
1575117305 2
1575117306 1
1575117307 1
1575117308 1
1575117309 2
1575117310 3
1575117311 4
1575117312 4
1575117313 4
1575117314 3
1575117315 3
1575117316 2
1575117317 6
1575117318 5
1575117319 5
1575117320 5
1575117321 5
1575117322 5
1575117323 5
1575117324 5
1575117325 6
1575117326 5
1575117327 6
1575117328 5
1575117329 5
1575117330 2
1575117331 3
1575117332 3
1575117333 3
1575117334 3
1575117335 3
1575117336 2
1575117337 1
1575117338 2
1575117339 3
1575117340 4
1575117341 4
1575117342 5
1575117343 5
1575117344 5
1575117345 5
1575117346 3
1575117347 2
1575117348 2
1575117349 2
1575117350 2
1575117351 2
1575117352 3
1575117353 3
1575117354 2
1575117355 2
1575117356 2
1575117357 2
1575117358 2
1575117359 2
1575117360 2
1575117361 2
1575117362 2
1575117363 3
1575117364 4
1575117365 4
1575117366 4
1575117367 3
1575117368 4
1575117369 4
1575117370 4
1575117371 2
1575117372 2
1575117373 3
1575117374 3
1575117375 3
1575117376 5
1575117377 5
1575117378 3
1575117379 3
1575117380 2
1575117381 2
1575117382 2
1575117383 2
1575117384 1
1575117385 1
1575117386 1
1575117387 1
1575117388 1
1575117389 2
1575117390 2
1575117391 3
1575117392 2
1575117393 1
1575117394 1
1575117395 1
1575117396 1
1575117397 1
1575117398 1
1575117399 1
1575117400 1
1575117401 1
1575117402 1
1575117403 1
1575117404 1
1575117405 2
1575117406 2
1575117407 2
1575117408 3
1575117409 3
1575117410 3
1575117411 3
1575117412 3
1575117413 3
1575117414 6
1575117415 5
1575117416 7
1575117417 7
1575117418 4
1575117419 4
1575117420 3
1575117421 2
1575117422 3
1575117423 2
1575117424 2
1575117425 3
1575117426 3
1575117427 3
1575117428 3
1575117429 3
1575117430 5
1575117431 3
1575117432 3
