1573310227 3
1573310228 3
1573310229 2
1573310230 1
1573310231 2
1573310232 1
1573310233 1
1573310234 1
1573310235 2
1573310236 3
1573310237 3
1573310238 2
1573310239 1
1573310240 1
1573310241 1
1573310242 2
1573310243 2
1573310852 3
1573310853 3
1573310854 3
1573310855 1
1573310856 1
1573310857 1
1573310858 1
1573310859 1
1573310860 1
1573310861 2
1573310862 2
1573310863 2
1573310864 1
1573310865 1
1573310866 1
1573310867 1
1573310868 1
1573311467 2
1573311468 2
1573311469 1
1573311470 1
1573311471 1
1573311474 1
1573311475 2
1573311476 2
1573311477 3
1573311478 3
1573311479 2
1573311480 2
1573311481 2
1573311482 2
1573311483 2
1573312085 3
1573312086 3
1573312087 2
1573312088 1
1573312093 1
1573312094 2
1573312095 2
1573312096 1
1573312097 1
1573312098 1
1573312099 1
1573312100 1
1573312101 1
1573312102 2
1573312783 4
1573312784 4
1573312785 3
1573312786 2
1573312787 2
1573312788 1
1573312789 1
1573312790 1
1573312791 2
1573312792 3
1573312793 3
1573312794 3
1573312795 3
1573312796 3
1573312797 3
1573312798 3
1573312799 4
1573313406 3
1573313407 2
1573313408 2
1573313409 1
1573313410 2
1573313411 2
1573313412 1
1573313413 2
1573313414 3
1573313415 3
1573313416 4
1573313417 4
1573313418 5
1573313419 4
1573313420 5
1573313421 5
1573313422 1
1573313423 2
1573314027 2
1573314028 1
1573314029 1
1573314030 1
1573314035 2
1573314036 2
1573314037 1
1573314038 1
1573314039 1
1573314040 1
1573314041 1
1573314042 2
1573314043 3
1573314655 3
1573314656 3
1573314657 3
1573314658 2
1573314659 1
1573314660 1
1573314663 1
1573314664 2
1573314665 2
1573314666 2
1573314667 1
1573314668 1
1573314669 1
1573314670 1
1573314671 1
1573314672 2
