1582886750 3
1582886751 5
1582886752 5
1582886753 4
1582886754 4
1582886755 4
1582886756 4
1582886757 3
1582886758 1
1582886759 2
1582886760 3
1582886761 4
1582886762 4
1582886763 5
1582887041 3
1582887042 4
1582887043 3
1582887044 2
1582887045 2
1582887046 1
1582887047 2
1582887048 1
1582887049 2
1582887050 1
1582887051 1
1582887334 3
1582887335 4
1582887336 2
1582887337 2
1582887338 1
1582887339 2
1582887340 4
1582887341 4
1582887342 6
1582887343 4
1582887908 3
1582887909 3
1582887910 3
1582887911 2
1582887912 2
1582887913 1
1582887914 1
1582887915 2
1582887916 2
1582887917 4
1582887918 5
1582888195 3
1582888196 3
1582888197 2
1582888198 2
1582888199 2
1582888200 1
1582888201 1
1582888202 2
1582888203 2
1582888204 3
