1582898646 3
1582898647 4
1582898648 3
1582898649 3
1582898650 2
1582898651 1
1582898652 2
1582898653 1
1582898654 3
1582898655 1
1582899230 3
1582899231 3
1582899232 3
1582899233 1
1582899234 1
1582899235 1
1582899236 1
1582899237 1
1582899238 1
1582899239 1
1582899240 1
1582899797 3
1582899798 2
1582899799 2
1582899800 3
1582899801 1
1582899802 1
1582899803 1
1582899804 2
1582899805 2
1582899806 1
1582900357 2
1582900358 2
1582900359 2
1582900360 1
1582900361 1
1582900362 1
1582900363 2
1582900364 2
1582900365 2
1582900366 3
1582900367 3
1582900921 3
1582900922 3
1582900923 3
1582900924 3
1582900925 2
1582900926 1
1582900927 1
1582900928 1
1582900929 1
1582900930 1
1582900931 1
1582902664 4
1582902665 5
1582902666 4
1582902667 3
1582902668 3
1582902669 2
1582902670 2
1582902671 2
1582902672 2
1582902673 2
