1579359408 0.667761428
1579359408 0.0
1579359409 0.0
1579359409 0.0
1579359409 0.0
1579359409 0.0
1579359409 0.0
1579359409 0.0
1579359409 0.0
1579359409 0.0
1579359409 0.0
1579359409 0.0
1579359409 0.0
1579359409 0.0
1579359409 0.0
1579359409 0.0
1579359609 0.0
1579359609 0.0
1579359609 0.0
1579359609 0.0
1579359609 0.0
1579359609 0.0
1579359982 0.845227985
1579359983 0.0
1579359983 0.0
1579359983 0.0
1579359983 0.0
1579360186 0.0
1579360186 0.0
1579360186 0.0
1579360186 0.0
1579360186 0.0
1579360186 0.0
1579360545 0.932896507
1579361102 0.737923177
1579361103 0.0
1579361103 0.0
1579361103 0.0
1579361103 0.0
1579361103 0.0
1579361103 0.0
1579361103 0.0
1579361103 0.0
1579361103 0.0
1579361103 0.0
1579361103 0.0
1579361103 0.0
1579361103 0.0
1579361302 0.0
1579361302 0.0
1579361302 0.0
1579361302 0.0
1579361302 0.0
1579361302 0.0
1579361657 0.851757516
1579361658 0.0
1579361658 0.0
1579361658 0.0
1579361658 0.0
1579361658 0.0
1579361658 0.0
1579361658 0.0
1579361658 0.0
1579361658 0.0
1579361658 0.0
1579361658 0.0
1579361658 0.0
1579361658 0.0
1579361658 0.0
1579361659 0.0
1579361659 0.0
1579361659 0.0
1579361659 0.0
1579361659 0.0
1579361659 0.0
1579361858 0.0
1579361858 0.0
1579361858 0.0
1579361858 0.0
1579361858 0.0
1579361858 0.0
1579361858 0.0
1579361858 0.0
1579361858 0.0
1579361858 0.0
1579361858 0.0
1579362212 0.855401555
1579362412 0.0
1579362412 0.0
1579362412 0.0
1579362412 0.0
1579362412 0.0
1579362412 0.0
1579362412 0.0
1579362412 0.0
1579362412 0.0
1579362767 0.801396161
1579363333 0.995804588
1579363900 0.740584408
1579363901 0.0
1579363901 0.0
1579363901 0.0
1579363901 0.0
1579363901 0.0
1579363901 0.0
1579363901 0.0
1579363901 0.0
1579363901 0.0
1579363901 0.0
1579363901 0.0
1579363901 0.0
1579363901 0.0
1579364459 0.895611747
