1573310360 0.899564184
1573310570 0.0
1573310570 0.0
1573310570 0.0
1573310982 0.819912609
1573311189 0.0
1573311189 0.0
1573311189 0.0
1573311189 0.0
1573311189 0.0
1573311189 0.0
1573311189 0.0
1573311597 0.815564647
1573311598 0.0
1573311598 0.0
1573311598 0.0
1573311598 0.0
1573312302 0.852086177
1573312911 0.721008791
1573313123 0.0
1573313123 0.0
1573313123 0.0
1573313123 0.0
1573313123 0.0
1573313123 0.0
1573313123 0.0
1573313123 0.0
1573313539 0.943005786
1573314171 1.066298145
1573314786 0.778371069
