1572537403 0.841655395
1572537404 0.0
1572537404 0.0
1572537404 0.0
1572537404 0.0
1572537404 0.0
1572537626 0.0
1572537626 0.0
1572537626 0.0
1572537626 0.0
1572538060 0.8425066
1572538061 0.0
1572538061 0.0
1572538061 0.0
1572538061 0.0
1572538061 0.0
1572538061 0.0
1572538061 0.0
1572538280 0.0
1572538280 0.0
1572538280 0.0
1572538280 0.0
1572538280 0.0
1572538280 0.0
1572538280 0.0
1572538280 0.0
1572538280 0.0
1572538280 0.0
1572538280 0.0
1572538280 0.0
1572538720 0.845001511
1572538721 0.043466893
1572538721 0.0
1572538721 0.0
1572538721 0.0
1572538721 0.0
1572538939 0.0
1572538939 0.0
1572538939 0.0
1572538940 0.0
1572538940 0.0
1572538940 0.0
1572538940 0.0
1572538940 0.0
1572539373 0.861938586
1572539374 0.0
1572539374 0.0
1572539374 0.0
1572539374 0.0
1572539592 0.0
1572539592 0.0
1572539592 0.0
1572539592 0.0
1572539592 0.0
1572540019 0.890903277
1572540020 0.0
1572540020 0.0
1572540020 0.0
1572540020 0.0
1572540020 0.0
1572540020 0.0
1572540241 0.0
1572540241 0.0
1572540241 0.0
1572540241 0.0
1572540241 0.0
1572540241 0.0
1572540241 0.0
1572540925 0.901020982
1572540926 0.0
1572540926 0.0
1572540926 0.0
1572540926 0.0
1572540926 0.0
1572540926 0.0
1572540926 0.0
1572540926 0.0
1572541144 0.0
1572541144 0.0
1572541144 0.0
1572541144 0.0
1572541144 0.0
1572541144 0.0
1572541144 0.0
1572541144 0.0
1572541144 0.0
1572541144 0.0
1572541144 0.0
1572541144 0.0
1572541144 0.0
1572541145 0.0
1572541145 0.0
1572541145 0.0
1572541145 0.0
1572541145 0.0
1572541579 0.890897916
1572541580 0.0
1572541580 0.0
1572541580 0.0
1572541580 0.0
1572541580 0.0
1572541580 0.0
1572541580 0.0
1572541580 0.0
1572541798 0.0
1572541798 0.0
1572541798 0.0
1572541798 0.0
1572541798 0.0
1572541798 0.0
1572541798 0.0
1572541798 0.0
1572541798 0.0
1572542228 0.849286842
1572542228 0.0
1572542228 0.0
1572542229 0.0
1572542229 0.0
1572542447 0.0
1572542447 0.0
1572542447 0.0
1572542447 0.0
1572542447 0.0
1572542447 0.0
1572542447 0.0
1572542447 0.0
1572542447 0.0
1572542875 0.804451116
1572542876 0.0
1572542876 0.0
1572543094 0.0
1572543094 0.0
1572543094 0.0
1572543540 0.92296174
1572543541 0.0
1572543541 0.0
1572543541 0.0
1572543541 0.0
1572543541 0.0
1572543541 0.0
1572543541 0.0
1572543765 0.0
1572543765 0.0
1572543765 0.0
1572543765 0.0
1572543765 0.0
1572543765 0.0
1572543765 0.0
1572543765 0.0
1572543765 0.0
