1571766495 1.112031129
1571766497 0.0
1571766497 0.0
1571766497 0.0
1571766497 0.0
1571766497 0.0
1571766497 0.0
1571766497 0.0
1571766497 0.0
1571766763 0.0
1571766763 0.0
1571766763 0.0
1571766763 0.0
1571766763 0.0
1571767278 0.981467046
1571767279 0.0
1571767279 0.0
1571767279 0.0
1571767279 0.0
1571767279 0.0
1571767279 0.0
1571767279 0.0
1571767279 0.0
1571767279 0.0
1571767279 0.0
1571767546 0.0
1571767546 0.0
1571767546 0.0
1571767546 0.0
1571767546 0.0
1571767546 0.0
1571767546 0.0
1571767546 0.0
1571767546 0.0
1571767547 0.0
1571767547 0.0
