1572361246 1.919907266
1572361444 1.963333932
1572361639 1.895700155
1572361834 1.957048253
1572362033 1.989468858
1572362227 1.917579029
1572362423 1.963665921
1572362619 1.875024826
1572362817 1.909355777
1572363013 2.097989915
1572363453 1.616991953
1572363782 1.5437713
1572364025 0.141896599
1572364112 1.533474387
1572364442 1.554234749
1572364775 1.751899003
1572365023 0.090135045
1572365117 1.518178347
1572365495 1.485912513
1572365867 1.585569857
1572366206 1.446484059
1572366452 0.092422432
1572366541 1.542475593
1572366894 1.492270877
1572367061 1.530309275
1572367230 1.500313976
1572367399 1.625211547
1572367581 1.617929078
1572367757 1.452198743
1572367928 1.616233671
1572368097 1.48320228
1572368263 1.559689325
1572368428 1.642904878
1572369571 1.580772288
1572369901 1.578580332
1572370232 1.577069479
1572370564 1.618397561
1572370893 1.572171806
1572371135 0.041044497
1572371225 1.577257066
1572371467 0.088548519
1572371555 1.623024552
1572371797 0.041367274
1572371886 1.659169816
1572372214 1.571500923
1572372543 1.616829443
1572372790 0.043631686
