1582185046 1.206869969
1582185226 1.205562688
1582185961 1.500624856
1582186122 1.287705539
1582186281 1.620266663
1582186854 1.498798143
1582187818 1.531354578
1582187975 1.663856055
1582188135 1.508837909
1582188296 1.40754515
1582188751 1.476114295
1582189469 1.266915508
1582190775 1.535714819
1582191066 1.358211555
1582191357 1.407251764
1582191653 1.306050869
1582191869 0.089974003
1582191949 1.284332171
1582192240 1.449116005
1582192537 1.619470181
1582192825 1.665533286
1582193114 1.420424524
1582193747 1.40925538
1582193910 1.282127925
1582194075 1.495343984
1582194230 1.25893711
1582194392 1.33356114
1582194556 1.286051568
1582194716 1.411813311
1582194887 1.53791784
1582195047 1.92173871
1582195208 1.538875182
1582195702 1.318931168
1582195863 1.520463299
1582196020 1.366402626
1582196181 1.218316716
1582196340 1.289026982
1582196499 1.535658068
1582196657 1.393946803
1582196815 1.363284939
1582196977 1.371533521
1582197144 1.487883046
1582197301 1.305938137
1582197468 1.252797111
1582197637 1.406230037
1582197796 1.607221653
1582197955 1.587816002
1582198111 1.284394427
1582198274 1.532358305
1582198430 1.327740794
1582198712 1.322208591
1582199060 1.226810063
