1572869992 1.626653513
1572870160 1.699403161
1572870381 1.53930067
1572870567 1.492433919
1572870783 1.534622031
1572871122 1.549948286
1572871773 1.660024229
1572872421 1.664086924
1572873103 1.539340912
1572873752 1.678862105
1572874815 1.561033237
1572875674 1.567161699
1572876900 1.482150721
1572877554 1.539751933
1572878781 1.57309038
1572879894 1.538479279
1572880176 1.450973884
1572880512 1.621831435
1572880760 0.038607269
1572880760 0.085070856
1572880851 1.538975986
1572881110 0.078873783
1572881196 1.615941195
1572881442 0.076111789
1572881531 1.699741568
1572881776 0.088427878
1572881777 0.050516816
1572881863 1.611802072
1572882194 1.606618513
1572882584 1.575651189
1572882934 1.535568007
1572883275 1.660206805
