1575120524 2
1575120525 2
1575120526 2
1575120527 2
1575120528 2
1575120529 2
1575121089 2
1575121090 2
1575121091 2
1575121092 2
1575121093 2
1575121094 2
1575122084 2
1575122085 2
1575122086 2
1575122087 2
1575122088 2
1575122089 2
1575122710 2
1575122711 2
1575122712 2
1575122713 2
1575122714 2
1575122715 2
1575123267 2
1575123268 2
1575123269 2
1575123270 3
1575123271 2
1575123272 2
1575123273 2
1575123826 2
1575123827 2
1575123828 2
1575123829 2
1575123830 2
1575123831 2
1575124383 2
1575124384 2
1575124385 2
1575124386 2
1575124387 2
1575124949 2
1575124950 2
1575124951 2
1575124952 2
1575124953 2
1575124954 2
1575125512 2
1575125513 2
1575125514 2
1575125515 2
1575125516 2
1575125517 2
1575126078 2
1575126079 2
1575126080 2
1575126081 2
1575126082 2
1575126083 2
1575126084 2
