1580312429 2
1580312430 2
1580312431 2
1580312432 2
1580312433 2
1580312434 2
1580313009 2
1580313010 2
1580313011 2
1580313012 2
1580313013 2
1580313014 2
1580313889 2
1580313890 2
1580313891 2
1580313892 2
1580313893 2
1580314528 2
1580314529 2
1580314530 2
1580314531 2
1580314532 2
1580314533 2
1580315086 2
1580315087 2
1580315088 2
1580315089 2
1580315090 2
1580315646 2
1580315647 2
1580315648 2
1580315649 2
1580315650 2
1580315651 2
1580316208 2
1580316209 2
1580316210 2
1580316211 2
1580316212 2
1580316213 2
1580316911 2
1580316912 2
1580316913 2
1580316914 2
1580316915 2
1580316916 2
1580316917 2
1580317503 3
1580317504 3
1580317505 3
1580317506 2
1580317507 2
1580317508 2
