1582034905 2
1582034906 2
1582034907 2
1582034908 2
1582034909 2
1582034910 2
1582035783 2
1582035784 2
1582035785 2
1582035786 3
1582035787 2
1582035788 2
1582036390 2
1582036391 2
1582036392 3
1582036393 2
1582036394 2
1582036395 2
1582036997 3
1582036998 2
1582036999 2
1582037000 2
1582037001 2
1582037002 2
1582037600 3
1582037601 2
1582037602 2
1582037603 2
1582037604 2
1582037605 2
1582038192 2
1582038193 2
1582038194 2
1582038195 2
1582038196 2
1582038197 2
1582038785 2
1582038786 2
1582038787 2
1582038788 2
1582038789 2
1582038790 2
1582041692 2
1582041693 2
1582041694 2
1582041695 2
1582041696 2
1582041697 2
1582042447 2
1582042448 2
1582042449 2
1582042450 2
1582042451 2
1582042452 2
1582043890 2
1582043891 2
1582043892 2
1582043893 2
1582043894 2
1582043895 2
1582043896 2
1582043897 2
1582043898 2
1582043899 2
1582044489 2
1582044490 2
1582044491 2
1582044492 2
1582044493 2
1582044494 2
