1575390311 2
1575390312 2
1575390313 2
1575390314 2
1575390315 2
1575390316 2
1575390881 2
1575390882 2
1575390883 2
1575390884 2
1575390885 2
1575390886 2
1575391444 2
1575391445 2
1575391446 2
1575391447 2
1575391448 2
1575391449 2
1575392010 2
1575392011 2
1575392012 2
1575392013 2
1575392014 2
1575392015 2
1575392819 2
1575392820 2
1575392821 2
1575392822 2
1575392823 2
1575392824 2
1575392825 2
1575393457 2
1575393458 2
1575393459 2
1575393460 2
1575393461 2
1575394015 2
1575394016 2
1575394017 2
1575394018 2
1575394019 2
1575394020 2
1575394582 2
1575394583 2
1575394584 2
1575394585 3
1575394586 2
1575395145 2
1575395146 2
1575395147 2
1575395148 2
1575395149 2
1575395150 2
1575395709 2
1575395710 2
1575395711 2
1575395712 2
1575395713 2
1575395714 2
