1580304723 5
1580304724 4
1580304725 6
1580304726 6
1580304727 4
1580304728 4
1580304729 5
1580304730 5
1580304731 5
1580304732 5
1580304733 7
1580304734 5
1580304735 6
1580304880 5
1580304881 5
1580304882 5
1580304883 7
1580304884 5
1580304885 5
1580304886 5
1580304887 7
1580304888 4
1580304889 5
1580304890 7
1580304891 5
1580304892 6
1580305042 3
1580305043 4
1580305044 7
1580305045 4
1580305046 5
1580305047 5
1580305048 4
1580305049 4
1580305050 5
1580305051 6
1580305052 6
1580305053 5
1580305214 4
1580305215 3
1580305386 5
1580305387 5
1580305388 6
1580305389 6
1580305390 4
1580305391 4
1580305392 5
1580305393 5
1580305394 4
1580305395 5
1580305396 7
1580305397 5
1580305398 7
1580305546 3
1580305547 4
1580305548 6
1580305549 6
1580305550 6
1580305551 7
1580305552 5
1580305553 6
1580305554 3
1580305555 6
1580305556 8
1580305557 7
1580305558 7
1580305711 4
1580305712 5
1580305713 5
1580305714 5
1580305715 4
1580305716 5
1580305717 5
1580305718 5
1580305719 5
1580305720 6
1580305721 5
1580305722 6
1580305868 3
1580305869 4
1580305870 6
1580305871 5
1580305872 5
1580305873 6
1580305874 5
1580305875 6
1580305876 3
1580305877 6
1580305878 7
1580305879 5
1580305880 4
1580306023 3
1580306024 4
1580306025 6
1580306026 6
1580306027 4
1580306028 4
1580306029 5
1580306030 4
1580306031 4
1580306032 6
1580306033 6
1580306034 5
1580306183 3
1580306184 4
1580306185 6
1580306186 6
1580306187 6
1580306188 5
1580306189 6
1580306190 8
1580306191 3
1580306192 6
1580306193 7
1580306194 8
1580306195 6
