1574685770 3
1574685771 4
1574685772 8
1574685773 6
1574685774 5
1574685775 6
1574685776 7
1574685777 5
1574685778 5
1574685779 6
1574685780 7
1574685781 6
1574685959 3
1574685960 4
1574685961 5
1574685962 7
1574685963 8
1574685964 5
1574685965 6
1574685966 6
1574685967 5
1574685968 6
1574685969 6
1574685970 5
1574685971 7
1574686132 4
1574686133 5
1574686134 7
1574686135 7
1574686136 5
1574686137 7
1574686138 6
1574686139 5
1574686140 6
1574686141 6
1574686142 6
1574686143 5
1574686303 4
1574686304 5
1574686451 4
1574686452 5
1574686453 7
1574686454 7
1574686455 6
1574686456 6
1574686457 6
1574686458 6
1574686459 5
1574686460 7
1574686461 6
1574686462 5
1574686618 4
1574686619 5
1574686620 7
1574686621 5
1574686622 5
1574686623 6
1574686624 5
1574686625 4
1574686626 4
1574686627 6
1574686628 6
1574686629 6
1574686781 4
1574686782 5
1574686783 7
1574686784 6
1574686785 4
1574686786 5
1574686787 6
1574686788 6
1574686789 4
1574686790 6
1574686791 6
1574686792 6
1574686793 5
1574686967 4
1574686968 5
1574686969 7
1574686970 6
1574686971 4
1574686972 6
1574686973 7
1574686974 5
1574686975 5
1574686976 6
1574686977 7
1574686978 5
1574687135 4
1574687136 5
1574687137 6
1574687138 5
1574687139 5
1574687140 5
1574687141 4
1574687142 4
1574687143 6
1574687144 6
1574687145 6
1574687146 4
1574687147 3
1574687148 3
1574687149 3
1574687150 3
1574687151 3
1574687152 6
1574687153 6
1574687306 4
1574687307 5
1574687308 7
1574687309 7
1574687310 5
1574687311 6
1574687312 6
1574687313 7
1574687314 4
1574687315 5
1574687316 6
1574687317 8
1574687318 7
1574689635 4
1574689636 4
1574689637 5
1574689638 8
1574689639 5
1574689640 5
1574689641 5
1574689642 5
1574689643 4
1574689644 5
1574689645 6
1574689646 6
1574689647 8
1574689851 4
1574689852 5
1574689853 6
1574689854 7
1574689855 6
1574689856 5
1574689857 5
1574689858 8
1574689859 4
1574689860 5
1574689861 6
1574689862 6
1574689863 8
1574690032 6
1574690190 2
1574690191 5
1574690192 6
1574690193 7
1574690194 5
1574690195 4
1574690196 4
1574690197 5
1574690198 3
1574690199 6
1574690200 6
1574690201 6
1574690202 5
1574690360 4
1574690361 5
1574690362 8
1574690363 6
1574690364 4
1574690365 4
1574690366 5
1574690367 5
1574690368 3
1574690369 6
1574690370 6
1574690371 5
1574690519 4
1574690520 5
1574690521 7
1574690522 7
1574690523 4
1574690524 5
1574690525 5
1574690526 5
1574690527 5
1574690528 6
1574690529 6
1574690530 5
1574690531 5
1574690690 4
1574690691 5
1574690692 7
1574690693 7
1574690694 6
1574690695 5
1574690696 5
1574690697 6
1574690698 3
1574690699 4
1574690700 6
1574690701 6
1574690702 6
1574690850 4
1574690851 5
1574690852 7
1574690853 7
1574690854 6
1574690855 5
1574690856 4
1574690857 5
1574690858 5
1574690859 7
1574690860 7
1574690861 6
1574690862 7
1574691035 4
1574691036 5
1574691037 7
1574691038 7
1574691039 4
1574691040 5
1574691041 5
1574691042 5
1574691043 7
1574691044 6
1574691045 6
1574691046 5
1574691214 4
1574691215 5
1574691216 7
1574691217 7
1574691218 5
1574691219 5
1574691220 5
1574691221 5
1574691222 3
1574691223 5
1574691224 6
1574691225 6
1574691226 6
1574706836 4
1574706837 5
1574706838 7
1574706839 7
1574706840 4
1574706841 5
1574706842 5
1574706843 4
1574706844 3
1574706845 6
1574706846 5
1574706847 5
1574707079 4
1574707080 6
1574707081 8
1574707082 5
1574707083 5
1574707084 5
1574707085 5
1574707086 5
1574707087 6
1574707088 6
1574707089 6
1574707090 7
