1570543097 3
1570543098 5
1570543099 5
1570543100 6
1570543101 5
1570543102 5
1570543103 6
1570543104 5
1570543105 5
1570543106 4
1570543107 4
1570543108 5
1570543109 5
1570543110 4
1570543111 3
1570543112 7
1570543113 6
1570543114 5
1570543115 8
1570543456 4
1570543457 6
1570543458 6
1570543459 6
1570543460 5
1570543461 6
1570543462 6
1570543463 5
1570543464 6
1570543465 6
1570543466 5
1570543467 6
1570543468 5
1570543469 5
1570543470 4
1570543471 6
1570543472 5
1570543473 3
1570543474 5
1570543475 6
1570543476 6
1570543477 6
1570543478 6
1570543658 4
1570543659 3
1570543660 5
1570543661 5
1570543662 5
1570543663 7
1570543664 6
1570543665 5
1570543666 4
1570543667 5
1570543668 5
1570543669 6
1570543670 5
1570543671 6
1570543672 7
1570543673 8
1570543674 5
1570543675 5
1570543676 3
1570543677 3
1570543678 6
1570543679 5
1570543680 5
1570543681 6
1570544587 5
1570544588 6
1570544589 7
1570544590 7
1570544591 6
1570544592 6
1570544593 6
1570544594 6
1570544595 8
1570544596 8
1570544597 7
1570544598 7
1570544599 5
1570544600 6
1570544601 6
1570544602 5
1570544603 4
1570544604 6
1570544801 4
1570544802 5
1570544803 5
1570544804 5
1570544805 5
1570544806 6
1570544807 8
1570544808 8
1570544809 8
1570544810 7
1570544811 5
1570544812 6
1570544813 5
1570544814 6
1570544815 5
1570544816 6
1570544817 6
1570544818 6
1570544819 6
1570544820 7
1570544821 5
1570544822 6
1570544823 4
1570544824 5
1570544825 5
1570544826 8
1570544827 6
1570544828 6
1570544829 5
1570544830 5
1570544831 5
1570544832 5
1570544833 5
1570544834 5
1570544835 5
1570544836 5
1570544837 5
1570544838 5
1570544839 5
1570544840 5
1570544841 5
1570544842 5
1570544843 5
1570544844 5
1570544845 5
1570544846 5
1570544847 5
1570544848 5
1570544849 5
1570544850 5
1570544851 6
1570544852 5
1570544853 5
1570544854 5
1570544855 6
1570544856 8
1570544857 8
1570544858 4
1570544859 5
1570544860 4
1570545047 4
1570545048 5
1570545049 6
1570545050 6
1570545051 6
1570545052 5
1570545053 4
1570545054 5
1570545055 7
1570545056 8
1570545057 7
1570545058 7
1570545059 5
1570545060 7
1570545061 7
1570545062 7
1570545063 5
1570545064 6
1570545257 4
1570545258 5
1570545259 6
1570545260 6
1570545261 6
1570545262 5
1570545263 5
1570545264 6
1570545265 6
1570545266 8
1570545267 5
1570545268 7
1570545269 6
1570545270 6
1570545271 6
1570545272 4
1570545273 4
1570545274 5
1570545275 6
1570545276 5
1570545277 5
1570545278 6
1570545279 6
1570545280 5
1570545281 5
