1582185065 4
1582185066 4
1582185067 6
1582185068 6
1582185069 5
1582185070 4
1582185071 4
1582185072 6
1582185073 5
1582185074 4
1582185075 6
1582185076 8
1582185077 9
1582185078 8
1582185247 3
1582185248 4
1582185249 7
1582185250 6
1582185251 4
1582185252 4
1582185253 5
1582185254 6
1582185255 3
1582185256 6
1582185257 7
1582185258 7
1582185259 7
1582185981 3
1582185982 5
1582185983 7
1582185984 6
1582185985 4
1582185986 5
1582185987 6
1582185988 5
1582185989 4
1582185990 6
1582185991 7
1582185992 6
1582186141 3
1582186142 4
1582186143 6
1582186144 6
1582186145 5
1582186146 4
1582186147 4
1582186148 5
1582186149 4
1582186150 7
1582186151 7
1582186152 7
1582186874 3
1582186875 4
1582186876 6
1582186877 5
1582186878 5
1582186879 5
1582186880 4
1582186881 5
1582186882 4
1582186883 7
1582186884 7
1582186885 8
1582187838 3
1582187839 5
1582187840 7
1582187841 6
1582187842 5
1582187843 5
1582187844 5
1582187845 4
1582187846 6
1582187847 6
1582187848 8
1582187849 8
1582187996 3
1582187997 4
1582187998 6
1582187999 7
1582188000 5
1582188001 4
1582188002 4
1582188003 6
1582188004 4
1582188005 5
1582188006 7
1582188007 7
1582188008 7
1582188155 3
1582188156 4
1582188157 5
1582188158 6
1582188159 4
1582188160 4
1582188161 4
1582188162 4
1582188163 4
1582188164 7
1582188165 8
1582188166 7
1582188167 6
1582188316 3
1582188317 4
1582188318 5
1582188319 6
1582188320 4
1582188321 5
1582188322 6
1582188323 5
1582188324 5
1582188325 7
1582188326 8
1582188327 7
1582193767 3
1582193768 5
1582193769 7
1582193770 7
1582193771 5
1582193772 4
1582193773 4
1582193774 4
1582193775 4
1582193776 6
1582193777 6
1582193778 8
1582193930 3
1582193931 5
1582193932 5
1582193933 6
1582193934 5
1582193935 5
1582193936 5
1582193937 5
1582193938 3
1582193939 6
1582193940 7
1582193941 6
1582193942 7
1582194094 4
1582194095 3
1582194096 5
1582194097 6
1582194098 5
1582194099 4
1582194100 4
1582194101 5
1582194102 4
1582194103 5
1582194104 6
1582194105 6
1582194106 7
1582194250 4
1582194251 5
1582194252 6
1582194253 7
1582194254 6
1582194255 4
1582194256 4
1582194257 6
1582194258 4
1582194259 5
1582194260 7
1582194261 5
1582194262 6
1582194412 3
1582194413 4
1582194414 6
1582194415 5
1582194416 5
1582194417 5
1582194418 5
1582194419 6
1582194420 5
1582194421 6
1582194422 7
1582194423 5
1582194577 3
1582194578 4
1582194579 7
1582194580 5
1582194581 5
1582194582 5
1582194583 6
1582194584 5
1582194585 5
1582194586 6
1582194587 7
1582194588 8
1582194737 3
1582194738 4
1582194739 6
1582194740 5
1582194741 4
1582194742 5
1582194743 5
1582194744 5
1582194745 4
1582194746 6
1582194747 7
1582194748 7
1582194906 4
1582194907 4
1582194908 6
1582194909 6
1582194910 5
1582194911 5
1582194912 4
1582194913 5
1582194914 4
1582194915 6
1582194916 7
1582194917 7
1582195066 4
1582195067 4
1582195068 6
1582195069 7
1582195070 5
1582195071 5
1582195072 4
1582195073 5
1582195074 4
1582195075 6
1582195076 7
1582195077 7
1582195078 9
1582195228 3
1582195229 5
1582195230 6
1582195231 5
1582195232 5
1582195233 4
1582195234 5
1582195235 5
1582195236 6
1582195237 8
1582195238 9
1582195239 9
1582195240 8
1582195241 8
1582195242 7
1582195722 3
1582195723 4
1582195724 5
1582195725 6
1582195726 4
1582195727 4
1582195728 5
1582195729 4
1582195730 5
1582195731 7
1582195732 8
1582195733 7
1582195882 4
1582195883 5
1582195884 6
1582195885 6
1582195886 4
1582195887 5
1582195888 5
1582195889 5
1582195890 5
1582195891 7
1582195892 7
1582195893 6
1582196040 3
1582196041 4
1582196042 6
1582196043 4
1582196044 3
1582196045 4
1582196046 4
1582196047 5
1582196048 6
1582196049 7
1582196050 6
1582196051 8
1582196200 4
1582196201 4
1582196202 6
1582196203 6
1582196204 4
1582196205 4
1582196206 4
1582196207 5
1582196208 4
1582196209 6
1582196210 8
1582196211 6
1582196359 4
1582196360 4
1582196361 5
1582196362 6
1582196363 4
1582196364 4
1582196365 5
1582196366 5
1582196367 5
1582196368 6
1582196369 7
1582196370 6
1582196371 7
1582196518 4
1582196519 5
1582196520 6
1582196521 6
1582196522 5
1582196523 3
1582196524 4
1582196525 4
1582196526 4
1582196527 6
1582196528 6
1582196529 6
1582196530 7
1582196677 4
1582196678 5
1582196679 6
1582196680 6
1582196681 3
1582196682 4
1582196683 5
1582196684 5
1582196685 5
1582196686 7
1582196687 6
1582196688 7
1582196836 4
1582196837 4
1582196838 5
1582196839 6
1582196840 7
1582196841 4
1582196842 6
1582196843 5
1582196844 4
1582196845 5
1582196846 7
1582196847 5
1582196848 7
1582196998 4
1582196999 4
1582197000 5
1582197001 6
1582197002 5
1582197003 3
1582197004 4
1582197005 7
1582197006 3
1582197007 5
1582197008 7
1582197009 6
1582197010 7
1582197164 3
1582197165 4
1582197166 5
1582197167 5
1582197168 6
1582197169 4
1582197170 5
1582197171 5
1582197172 4
1582197173 6
1582197174 7
1582197175 6
1582197321 3
1582197322 4
1582197323 6
1582197324 6
1582197325 5
1582197326 5
1582197327 4
1582197328 6
1582197329 5
1582197330 5
1582197331 6
1582197332 8
1582197333 8
1582197487 4
1582197488 4
1582197489 6
1582197490 6
1582197491 5
1582197492 3
1582197493 4
1582197494 6
1582197495 3
1582197496 5
1582197497 7
1582197498 8
1582197499 8
1582197659 3
1582197660 4
1582197661 8
1582197662 6
1582197663 5
1582197664 5
1582197665 5
1582197666 5
1582197667 5
1582197668 6
1582197669 7
1582197670 6
1582197816 3
1582197817 4
1582197818 5
1582197819 5
1582197820 6
1582197821 5
1582197822 4
1582197823 5
1582197824 4
1582197825 6
1582197826 7
1582197827 7
1582197974 3
1582197975 4
1582197976 6
1582197977 6
1582197978 5
1582197979 6
1582197980 4
1582197981 6
1582197982 3
1582197983 6
1582197984 7
1582197985 6
1582197986 6
1582198131 4
1582198132 5
1582198133 6
1582198134 6
1582198135 4
1582198136 4
1582198137 6
1582198138 5
1582198139 6
1582198140 6
1582198141 7
1582198142 8
1582198293 3
1582198294 5
1582198295 6
1582198296 6
1582198297 5
1582198298 5
1582198299 4
1582198300 5
1582198301 5
1582198302 6
1582198303 6
1582198304 8
1582198450 3
1582198451 4
1582198452 7
1582198453 5
1582198454 4
1582198455 4
1582198456 4
1582198457 4
1582198458 7
1582198459 8
1582198460 7
1582198461 8
1582198731 4
1582198732 5
1582198733 5
1582198734 6
1582198735 4
1582198736 5
1582198737 4
1582198738 5
1582198739 5
1582198740 6
1582198741 6
1582198742 8
1582199080 3
1582199081 5
1582199082 6
1582199083 6
1582199084 4
1582199085 5
1582199086 4
1582199087 5
1582199088 6
1582199089 6
1582199090 7
1582199091 8
