1575289757 4
1575289758 3
1575289759 5
1575289760 7
1575289761 5
1575289762 5
1575289763 5
1575289764 6
1575289765 6
1575289766 4
1575289767 6
1575289768 6
1575289769 4
1575289770 5
1575289925 4
1575289926 4
1575289927 6
1575289928 5
1575289929 3
1575289930 5
1575289931 6
1575289932 5
1575289933 3
1575289934 6
1575289935 7
1575289936 5
1575290090 3
1575290091 3
1575290092 5
1575290093 8
1575290094 5
1575290095 5
1575290096 5
1575290097 6
1575290098 3
1575290099 5
1575290100 7
1575290101 7
1575290102 6
1575290273 4
1575290274 4
1575290275 6
1575290276 6
1575290277 5
1575290278 6
1575290279 5
1575290280 5
1575290281 3
1575290282 5
1575290283 7
1575290284 8
1575290285 8
1575290446 3
1575290447 4
1575290448 6
1575290449 5
1575290450 4
1575290451 5
1575290452 4
1575290453 5
1575290454 7
1575290455 7
1575290456 6
1575290457 7
1575290622 3
1575290623 4
1575290624 6
1575290625 5
1575290626 4
1575290627 6
1575290628 7
1575290629 5
1575290630 6
1575290631 6
1575290632 7
1575290633 7
1575290790 4
1575290791 4
1575290792 6
1575290793 5
1575290794 5
1575290795 5
1575290796 6
1575290797 4
1575290798 4
1575290799 6
1575290800 6
1575290801 4
1575290802 5
1575290948 3
1575290949 4
1575290950 7
1575290951 5
1575290952 5
1575290953 5
1575290954 5
1575290955 4
1575290956 6
1575290957 7
1575290958 6
1575290959 8
1575291110 3
1575291111 5
1575291112 7
1575291113 5
1575291114 3
1575291115 5
1575291116 6
1575291117 5
1575291118 4
1575291119 6
1575291120 6
1575291121 7
1575291272 4
1575291273 5
1575291274 6
1575291275 5
1575291276 4
1575291277 5
1575291278 5
1575291279 4
1575291280 6
1575291281 7
1575291282 6
1575291283 7
