1579351768 4
1579351769 4
1579351770 5
1579351771 6
1579351772 7
1579351773 6
1579351774 6
1579351775 6
1579351776 4
1579351777 5
1579351778 6
1579351779 7
1579351780 7
1579351935 3
1579351936 4
1579351937 6
1579351938 6
1579351939 5
1579351940 6
1579351941 6
1579351942 6
1579351943 5
1579351944 6
1579351945 6
1579351946 6
1579351947 7
1579352096 3
1579352097 4
1579352098 4
1579352099 6
1579352100 6
1579352101 5
1579352102 6
1579352103 7
1579352104 5
1579352105 5
1579352106 6
1579352107 7
1579352108 7
1579352257 4
1579352258 5
1579352259 7
1579352260 6
1579352261 5
1579352262 6
1579352263 6
1579352264 5
1579352265 5
1579352266 7
1579352267 7
1579352268 6
1579352420 3
1579352421 4
1579352422 6
1579352423 6
1579352424 8
1579352425 6
1579352426 6
1579352427 6
1579352428 5
1579352429 6
1579352430 6
1579352431 7
1579352432 7
1579352584 3
1579352585 4
1579352586 6
1579352587 7
1579352588 6
1579352589 6
1579352590 6
1579352591 5
1579352592 4
1579352593 7
1579352594 7
1579352595 6
1579352742 3
1579352743 4
1579352744 6
1579352745 5
1579352746 6
1579352747 6
1579352748 6
1579352749 7
1579352750 4
1579352751 6
1579352752 6
1579352753 7
1579352903 4
1579352904 4
1579352905 5
1579352906 6
1579352907 7
1579352908 6
1579352909 6
1579352910 6
1579352911 4
1579352912 7
1579352913 6
1579352914 6
1579352915 6
1579353067 3
1579353068 4
1579353069 7
1579353070 7
1579353071 5
1579353072 6
1579353073 7
1579353074 5
1579353075 5
1579353076 7
1579353077 7
1579353078 7
1579353229 3
1579353230 5
1579353231 7
1579353232 6
1579353233 5
1579353930 5
1579353931 5
1579353932 5
1579353933 5
1579353934 5
1579353935 5
1579353936 5
1579353937 5
1579353938 5
1579353939 5
1579353940 5
1579353941 5
1579353942 5
1579353943 5
1579353944 5
1579353945 5
1579353946 5
1579353947 5
1579353948 5
1579353949 5
1579353950 5
1579353951 3
1579353952 3
1579353953 4
1579353954 5
1579353955 4
1579353956 5
