1575112828 4
1575112829 5
1575112830 7
1575112831 6
1575112832 5
1575112833 5
1575112834 5
1575112835 6
1575112836 3
1575112837 5
1575112838 7
1575112839 6
1575112840 6
1575112989 4
1575112990 5
1575112991 7
1575112992 6
1575112993 5
1575112994 5
1575112995 5
1575112996 5
1575112997 3
1575112998 6
1575112999 7
1575113000 5
1575113152 5
1575113153 5
1575113154 7
1575113155 7
1575113156 5
1575113157 5
1575113158 5
1575113159 4
1575113160 7
1575113161 8
1575113162 5
1575113163 6
1575113312 4
1575113313 4
1575113314 6
1575113315 6
1575113316 5
1575113317 5
1575113318 5
1575113319 6
1575113320 4
1575113321 5
1575113322 7
1575113323 6
1575113324 7
1575113471 4
1575113472 4
1575113473 6
1575113474 5
1575113475 4
1575113476 5
1575113477 5
1575113478 5
1575113479 4
1575113480 4
1575113481 6
1575113482 6
1575113483 7
1575113630 4
1575113631 5
1575113632 6
1575113633 5
1575113634 6
1575113635 5
1575113636 6
1575113637 5
1575113638 4
1575113639 6
1575113640 7
1575113641 9
1575113787 4
1575113788 4
1575113789 6
1575113790 6
1575113791 5
1575113792 5
1575113793 5
1575113794 5
1575113795 4
1575113796 6
1575113797 7
1575113798 6
1575113799 7
1575113946 3
1575113947 4
1575113948 7
1575113949 6
1575113950 5
1575113951 5
1575113952 5
1575113953 5
1575113954 5
1575113955 7
1575113956 6
1575113957 8
1575114106 4
1575114107 5
1575114108 7
1575114109 6
1575114110 4
1575114111 5
1575114112 6
1575114113 5
1575114114 4
1575114115 5
1575114116 5
1575114117 5
1575114118 6
1575114119 7
1575114120 7
1575114270 4
1575114271 5
1575114272 6
1575114273 6
1575114274 4
1575114275 5
1575114276 5
1575114277 4
1575114278 6
1575114279 6
1575114280 6
1575114281 8
