1581935223 4
1581935224 3
1581935225 5
1581935226 7
1581935227 5
1581935228 4
1581935229 4
1581935230 5
1581935231 4
1581935232 6
1581935233 7
1581935234 6
1581935235 9
1581935382 3
1581935383 4
1581935384 6
1581935385 6
1581935386 4
1581935387 5
1581935388 5
1581935389 4
1581935390 5
1581935391 7
1581935392 7
1581935393 7
1581935542 4
1581935543 4
1581935544 5
1581935545 6
1581935546 5
1581935547 4
1581935548 5
1581935549 5
1581935550 4
1581935551 5
1581935552 6
1581935553 8
1581935554 9
1581935708 4
1581935709 4
1581935710 6
1581935711 6
1581935712 5
1581935713 4
1581935714 4
1581935715 6
1581935716 3
1581935717 6
1581935718 7
1581935719 7
1581935720 7
1581935875 5
1581935876 3
1581935877 5
1581935878 6
1581935879 5
1581935880 4
1581935881 5
1581935882 5
1581935883 4
1581935884 5
1581935885 6
1581935886 6
1581935887 8
1581936047 4
1581936048 4
1581936049 6
1581936050 6
1581936051 5
1581936052 4
1581936053 5
1581936054 6
1581936055 4
1581936056 6
1581936057 7
1581936058 7
1581936059 5
1581936218 4
1581936219 4
1581936220 5
1581936221 7
1581936222 5
1581936223 4
1581936224 5
1581936225 5
1581936226 3
1581936227 6
1581936228 7
1581936229 7
1581936230 8
1581936382 3
1581936383 4
1581936384 7
1581936385 6
1581936386 4
1581936387 5
1581936388 5
1581936389 4
1581936390 6
1581936391 6
1581936392 6
1581936393 7
1581936540 4
1581936541 4
1581936542 5
1581936543 6
1581936544 5
1581936545 5
1581936546 4
1581936547 6
1581936548 5
1581936549 5
1581936550 7
1581936551 7
1581936552 6
1581936716 4
1581936717 5
1581936718 6
1581936719 6
1581936720 4
1581936721 4
1581936722 5
1581936723 5
1581936724 5
1581936725 6
1581936726 8
1581936727 8
