1575121262 2
1575121263 3
1575121264 3
1575121265 4
1575121266 3
1575121267 3
1575121268 2
1575121269 2
1575121270 2
1575121271 2
1575121272 2
1575121273 2
1575121274 2
1575121275 2
1575121276 2
1575121277 2
1575121278 2
1575121279 2
1575121280 2
1575121281 2
1575121282 2
1575121283 2
1575121284 2
1575121285 2
1575121286 2
1575121287 2
1575121288 2
1575121289 2
1575121290 2
1575121291 2
1575121292 2
1575121293 2
1575121294 2
1575121295 2
1575121296 2
1575121297 2
1575121298 2
1575121299 2
1575121300 3
1575121301 4
1575121302 4
1575121303 4
1575121304 4
1575121305 4
1575121306 4
1575121307 4
1575121308 4
1575121309 3
1575121310 3
1575121311 3
1575121312 3
1575121313 3
1575121314 3
1575121315 4
1575121316 4
1575121317 5
1575121318 4
1575121319 3
1575121320 3
1575121321 2
1575121322 2
1575121323 2
1575121324 2
1575121325 2
1575121326 2
1575121327 2
1575121328 2
1575121329 2
1575121330 2
1575121331 2
1575121332 2
1575121333 2
1575121334 2
1575121335 2
1575121336 2
1575121337 2
1575121338 2
1575121339 2
1575121340 2
1575121341 2
1575121342 2
1575121343 2
1575121344 2
1575121345 2
1575121346 2
1575121347 2
1575121348 2
1575121349 2
1575121350 2
1575121351 2
1575121352 2
1575121353 3
1575121354 3
1575121355 3
1575121356 2
1575121357 2
1575121358 2
1575123439 3
1575123440 3
1575123441 4
1575123442 5
1575123443 3
1575123444 3
1575123445 3
1575123446 2
1575123447 2
1575123448 2
1575123449 2
1575123450 2
1575123451 2
1575123452 2
1575123453 2
1575123454 2
1575123455 2
1575123456 2
1575123457 2
1575123458 2
1575123459 2
1575123460 2
1575123461 2
1575123462 2
1575123463 2
1575123464 2
1575123465 2
1575123466 2
1575123467 2
1575123468 2
1575123469 2
1575123470 2
1575123471 2
1575123472 2
1575123473 2
1575123474 2
1575123475 2
1575123476 2
1575123477 3
1575123478 4
1575123479 4
1575123480 4
1575123481 4
1575123482 4
1575123483 3
1575123484 3
1575123485 3
1575123486 3
1575123487 3
1575123488 3
1575123489 3
1575123490 3
1575123491 3
1575123492 4
1575123493 4
1575123494 4
1575123495 4
1575123496 3
1575123497 3
1575123498 2
1575123499 2
1575123500 3
1575123501 2
1575123502 2
1575123503 2
1575123504 2
1575123505 2
1575123506 2
1575123507 2
1575123508 2
1575123509 2
1575123510 2
1575123511 2
1575123512 2
1575123513 2
1575123514 2
1575123515 2
1575123516 2
1575123517 2
1575123518 2
1575123519 2
1575123520 2
1575123521 2
1575123522 2
1575123523 2
1575123524 2
1575123525 2
1575123526 2
1575123527 2
1575123528 2
1575123529 2
1575123530 4
1575123531 3
1575123532 3
1575123533 3
1575123534 3
1575123535 4
1575123536 2
