1571323591 2
1571323592 2
1571323593 2
1571323594 2
1571323595 2
1571323596 3
1571323597 4
1571323998 3
1571323999 3
1571324000 4
1571324391 2
1571324392 2
1571324393 2
1571324394 2
1571324395 2
1571324396 3
1571324397 5
1571324784 2
1571324785 2
1571324786 2
1571324787 2
1571324788 2
1571324789 3
1571324790 4
1571327711 2
1571327712 2
1571327713 2
1571327714 2
1571327715 2
1571327716 2
1571327717 2
1571327718 2
1571327719 3
1571327720 3
1571328105 2
1571328106 2
1571328107 2
1571328108 2
1571328109 2
1571328110 3
1571328111 4
1571328501 3
1571328502 4
1571328887 2
1571328888 2
1571328889 2
1571328890 2
1571328891 2
1571328892 3
1571328893 4
1571329276 2
1571329277 2
1571329278 2
1571329279 2
1571329280 2
1571329281 2
1571329282 2
1571329283 2
1571329284 3
1571329285 3
1571329286 4
1571329668 2
1571329669 2
1571329670 2
1571329671 2
1571329672 3
1571329673 3
1571329674 4
