1582026949 0.718141917
1582026950 0.002606576
1582026950 0.046078983
1582026950 0.001216546
1582026950 0.026906445
1582026950 0.043961846
1582026950 0.03241761
1582026950 0.051121751
1582026950 0.044638367
1582026950 0.002292061
1582026950 0.05337225
1582026950 0.033526305
1582026950 0.042390575
1582026950 0.046582965
1582026950 0.002245446
1582026950 0.002213312
1582026950 0.021313724
1582026950 0.047702917
1582026950 0.045208024
1582026950 0.001749485
1582026950 0.045383979
1582026950 0.040674692
1582026950 0.046251161
1582026950 0.002501858
1582026950 0.037595277
1582026950 0.001545175
1582026950 0.044446719
1582027111 0.406045559
1582027111 0.00890648
1582027111 0.050455272
1582027111 0.043980576
1582027111 0.043956823
1582027111 0.047350244
1582027112 0.039689909
1582027112 0.00148367
1582027112 0.035691061
1582027112 0.001334684
1582027112 0.021304149
1582027112 0.01325401
1582027112 0.051977618
1582027112 0.042989353
1582027112 0.044628497
1582027112 0.045898656
1582027112 0.001857357
1582027112 0.043875324
1582027112 0.038311231
1582027112 0.019157779
1582027112 0.014414757
1582027112 0.051223952
1582027112 0.039896089
1582027112 0.002237117
1582027112 0.041533388
1582027277 0.472838413
1582027278 0.041681377
1582027278 0.001218389
1582027278 0.042849585
1582027278 0.001991502
1582027278 0.005527892
1582027278 0.030913844
1582027278 0.042975385
1582027278 0.000854061
1582027278 0.045785387
1582027278 0.03472118
1582027278 0.049623773
1582027278 0.001262462
1582027278 0.044662992
1582027278 0.051534225
1582027278 0.036338921
1582027278 0.005389887
1582027278 0.027897073
1582027278 0.035475593
1582027278 0.04921122
1582027278 0.043968185
1582027278 0.045473095
1582027278 0.047822538
1582027278 0.042759383
1582027278 0.001152288
1582027278 0.048368511
1582027279 0.004717225
1582027279 0.025092976
1582027279 0.039080228
1582027279 0.049816982
1582027444 0.371178902
1582027445 0.034840013
1582027445 0.055730702
1582027445 0.044196097
1582027445 0.038122485
1582027445 0.049826039
1582027445 0.002283647
1582027445 0.037337329
1582027445 0.043785399
1582027445 0.042970736
1582027445 0.005931378
1582027445 0.020357071
1582027445 0.051159245
1582027445 0.047956182
1582027445 0.038114677
1582027445 0.043910529
1582027445 0.001546831
1582027445 0.043803532
1582027445 0.00142272
1582027445 0.034538483
1582027445 0.001103459
1582027445 0.049668363
1582027445 0.003180695
1582027445 0.011273664
1582027445 0.013697978
1582027445 0.048831858
1582027445 0.04327994
1582027446 0.055169852
1582027446 0.00128363
1582027446 0.036883889
1582027446 0.061124399
1582027446 0.023340366
1582027446 0.016943503
1582027856 0.3004792
1582027856 0.012426252
1582027856 0.05003248
1582027856 0.043133094
1582027856 0.001316541
1582027856 0.045818148
1582027856 0.044083014
1582027856 0.00144449
1582027856 0.032083922
1582027856 0.062458226
1582027856 0.032893464
1582027856 0.000676649
1582027856 0.045003989
1582027857 0.003396308
1582027857 0.027775675
1582027857 0.04631835
1582027857 0.040942966
1582027857 0.043842909
1582027857 8.1205e-05
1582027857 0.044141805
1582027857 0.0434591
1582027857 0.043672944
1582027857 0.001424744
1582027857 0.04269674
1582027857 0.008112326
1582027857 0.027419777
1582027857 0.038060492
1582027857 0.046375689
1582028022 0.515303692
1582028023 0.040623078
1582028023 0.001451251
1582028023 0.051167274
1582028023 0.035985916
1582028023 0.047932
1582028023 0.043064784
1582028023 0.002416115
1582028023 0.001816416
1582028023 0.020481772
1582028023 0.047586677
1582028023 0.044345516
1582028023 0.044021274
1582028023 0.002511963
1582028023 0.043047275
1582028023 0.048537641
1582028023 0.037699272
1582028023 0.001163131
1582028023 0.045745706
1582028023 0.00059697
1582028023 0.033417181
1582028023 0.001052331
1582028023 0.023530602
1582028023 0.009723694
1582028023 0.048476923
1582028023 0.001200596
1582028023 0.047078788
1582028188 0.500607778
1582028189 0.001148741
1582028189 0.046559815
1582028189 0.044416018
1582028189 0.042456515
1582028189 0.036910658
1582028189 0.052876414
1582028189 0.044621707
1582028189 0.001947793
1582028189 0.038924257
1582028189 0.001302151
1582028189 0.043530178
1582028189 0.002408703
1582028189 0.002379126
1582028189 0.028216185
1582028189 0.043021462
1582028189 0.036937759
1582028189 0.053589246
1582028189 0.042130057
1582028189 0.046336414
1582028189 0.048856499
1582028189 0.04192585
1582028189 0.001466763
1582028189 0.018438348
1582028189 0.053556292
1582028189 0.045472444
1582028358 0.383102174
1582028358 0.044314163
1582028358 0.045689734
1582028358 0.042806302
1582028358 0.048622113
1582028358 0.039580713
1582028358 0.001573546
1582028358 0.041816694
1582028358 0.004784683
1582028358 0.001880385
1582028358 0.022100916
1582028358 0.048963182
1582028358 0.043361512
1582028358 0.045814963
1582028358 0.00134087
1582028358 0.040388253
1582028358 0.042647841
1582028358 0.001852489
1582028358 0.035583372
1582028358 0.001134043
1582028358 0.049583207
1582028358 0.002699696
1582028358 0.041501838
1582028359 0.001404101
1582028359 0.013529709
1582028359 0.013618325
1582028359 0.050026407
1582028359 0.043085229
1582028359 0.035290586
1582028359 0.053947949
1582028359 0.041109982
1582028359 0.001415714
1582028359 0.042222199
1582028359 0.047057329
1582028527 0.301254381
1582028527 0.052420071
1582028527 0.054030627
1582028527 0.035841512
1582028527 0.046849488
1582028527 0.004530987
1582028527 0.031654318
1582028527 0.017137703
1582028527 0.012325854
1582028527 0.049174093
1582028527 0.045879414
1582028528 0.001175063
1582028528 0.043074345
1582028528 0.042862418
1582028528 0.03664419
1582028528 0.051466791
1582028528 0.001559236
1582028528 0.043391354
1582028528 0.007534448
1582028528 0.026182208
1582028528 0.042205551
1582028528 0.001472041
1582028528 0.041846093
1582028528 0.035634097
1582028528 0.052301098
1582028528 0.043052143
1582028528 0.001321451
1582028528 0.042756798
1582028528 0.001276056
1582028528 0.043340929
1582028528 0.001949198
1582028528 0.019552829
1582028528 0.049992706
1582028696 0.55044606
1582028696 0.040520297
1582028696 0.033076887
1582028696 0.051618182
1582028696 0.005316526
1582028696 0.041423414
1582028696 0.001014144
1582028696 0.001497224
1582028696 0.029135509
1582028696 0.041375366
1582028696 0.001539548
1582028696 0.044934128
1582028697 0.03414489
1582028697 0.053419079
1582028697 0.041563799
1582028697 0.046166338
1582028697 0.046978158
1582028697 0.001418672
1582028697 0.025617786
1582028697 0.044243808
1582028697 0.041263465
1582028697 0.049168396
1582028697 0.041300207
1582028697 0.047696709
1582028697 0.039784839
1582028697 0.044486027
1582028697 0.000795626
1582028697 0.00464593
1582028697 0.020636475
1582028697 0.049910154
1582028697 0.043858051
