1572532452 0.3919077
1572532453 0.00298591
1572532453 0.001815492
1572532453 0.020353975
1572532453 0.049039667
1572532453 0.087938406
1572532453 0.00122632
1572532453 0.002948619
1572532453 0.021902679
1572532453 0.056903331
1572532453 0.034865325
1572532453 0.048650288
1572532453 0.000507264
1572532453 0.041500705
1572532453 0.042654452
1572532453 0.042591974
1572532453 0.044362727
1572532453 0.001388583
1572532453 0.035791138
1572532453 0.020582338
1572532453 0.013897864
1572532453 0.049391917
1572532453 0.043308333
1572532453 0.001263546
1572532453 0.041841263
1572532453 0.00164831
1572532453 0.045596869
1572532453 0.043489799
1572532453 0.034892325
1572532453 0.056428404
1572532453 0.038793094
1572532453 0.009426482
1572532454 0.000493551
1572532454 0.023324688
1572532454 0.043185325
1572532454 0.04875784
1572532454 0.001806604
1572532454 0.031763139
1572532454 0.051078334
1572532653 0.348608597
1572532653 0.039968543
1572532654 0.12787932
1572532654 0.03562192
1572532654 0.043591909
1572532654 0.001238933
1572532654 0.046734204
1572532654 0.04637066
1572532654 0.001945657
1572532654 0.039972119
1572532654 0.009800199
1572532654 0.018927392
1572532654 0.047162293
1572532654 0.046523372
1572532654 0.001311523
1572532654 0.041153883
1572532654 0.000980174
1572532654 0.003582591
1572532654 0.020555259
1572532654 0.053499826
1572532654 0.001310016
1572532654 0.045374082
1572532654 0.037440597
1572532654 0.047608085
1572532654 0.001609668
1572532654 0.038989658
1572532654 0.001918622
1572532654 0.056372849
1572532654 0.033602254
1572532654 0.001320176
1572532654 0.002754015
1572532654 0.02033524
1572532654 0.052915922
1572532654 0.039406796
1572532654 0.043716014
1572532655 0.00144341
1572532655 0.04205746
1572532655 0.048342127
1572532655 0.006315761
1572532655 0.015576261
1572532655 0.051029654
1572532858 0.409937414
1572532858 0.045452709
1572532858 0.044069129
1572532858 0.050748868
1572532859 0.035659007
1572532859 0.001072582
1572532859 0.037291326
1572532859 0.020848562
1572532859 0.0133836
1572532859 0.058151807
1572532859 0.037448198
1572532859 0.002194013
1572532859 0.043017569
1572532859 0.001325104
1572532859 0.018074132
1572532859 0.049501477
1572532859 0.044146627
1572532859 0.001464663
1572532859 0.042991987
1572532859 0.002269842
1572532859 0.039182178
1572532859 0.048094223
1572532859 0.003241852
1572532859 0.04019317
1572532859 0.001413455
1572532859 0.007886651
1572532859 0.020360973
1572532859 0.054474738
1572532859 0.04158854
1572532859 0.046298098
1572532859 0.00135881
1572532859 0.04064359
1572532859 0.047183564
1572532859 0.038758554
1572532859 0.001315634
1572532859 0.042890225
1572532859 0.001851762
1572532859 0.006112886
1572532859 0.01894386
1572532859 0.051418999
1572532859 0.046581699
1572544556 0.302989417
1572544556 0.00457231
1572544556 0.020114771
1572544556 0.050346718
1572544556 0.043027532
1572544556 0.044354909
1572544556 0.044313183
1572544556 0.051018823
1572544557 0.037364821
1572544557 0.004159805
1572544557 0.032147419
1572544557 0.021959399
1572544557 0.013618803
1572544557 0.04937909
1572544557 0.046816603
1572544557 0.04512403
1572544557 0.043896927
1572544557 0.043188252
1572544557 0.036299609
1572544557 0.003303553
1572544557 0.051007726
1572544557 0.014232379
1572544557 0.008323173
1572544557 0.050647023
1572544557 0.042789491
1572544557 0.044027316
1572544557 0.045814748
1572544557 0.039430492
1572544557 0.0474425
1572544724 0.34513726
1572544725 0.03326722
1572544725 0.065859915
1572544725 0.033490972
1572544725 0.043234089
1572544725 0.003451861
1572544725 0.024882552
1572544725 0.03600117
1572544725 0.052637035
1572544725 0.041792151
1572544725 0.049126604
1572544725 0.039306821
1572544725 0.043797226
1572544725 0.001587843
1572544725 0.043907144
1572544725 0.002108762
1572544725 0.003109421
1572544725 0.0220616
1572544725 0.04792141
1572544725 0.002333281
1572544725 0.040910391
1572544725 0.001077475
1572544725 0.060433028
1572544725 0.030090008
1572544725 0.044173486
1572544725 0.001624352
1572544725 0.04258206
1572544725 0.001395216
1572544725 0.006620675
1572544725 0.037216722
1572544726 0.000945249
1572544726 0.038694922
1572544896 0.371708587
1572544896 0.043749412
1572544896 0.036147064
1572544896 0.000117868
1572544896 0.051677159
1572544896 0.042648701
1572544896 0.043493398
1572544896 0.001865116
1572544896 0.043768047
1572544896 0.003229083
1572544896 0.001387477
1572544896 0.027213792
1572544896 0.035673963
1572544896 0.001457631
1572544896 0.049528967
1572544896 0.043633207
1572544896 0.04397868
1572544896 0.047261403
1572544896 0.001202333
1572544896 0.040942914
1572544896 0.00285494
1572544896 0.004763709
1572544896 0.026573094
1572544896 0.035452595
1572544897 0.049407205
1572544897 0.045507911
1572544897 0.007556855
1572544897 0.02247946
1572544897 0.047525769
1572544897 0.030210946
1572544897 0.062815982
1572545068 0.342460802
1572545068 0.002733136
1572545068 0.037342475
1572545068 0.002181947
1572545068 0.042855395
1572545068 0.044583826
1572545069 0.04254834
1572545069 0.040773001
1572545069 0.014270218
1572545069 0.013555832
1572545069 0.046489215
1572545069 0.044339633
1572545069 0.001976443
1572545069 0.042804685
1572545069 0.047034402
1572545069 1.7915e-05
1572545069 0.032824262
1572545069 0.052516787
1572545069 0.001754782
1572545069 0.041221368
1572545069 0.045920205
1572545069 0.014223681
1572545069 0.017435954
1572545069 0.042598587
1572545069 0.037329498
1572545069 0.054754747
1572545069 0.044017111
1572545069 0.048453666
1572545069 0.044640348
1572545241 0.461024811
1572545242 0.046117428
1572545242 0.041595872
1572545242 0.002335371
1572545242 0.04274465
1572545242 0.044096175
1572545242 0.03599465
1572545242 0.00015199
1572545242 0.053232714
1572545242 0.011566058
1572545242 0.011536867
1572545242 0.063700589
1572545242 0.040269266
1572545242 0.038759583
1572545242 0.034587612
1572545242 4.3032e-05
1572545242 0.048640061
1572545242 0.044439565
1572545242 0.001528396
1572545242 0.041833785
1572545242 0.006931862
1572545242 0.031448748
1572545242 0.042086965
1572545242 0.046843186
1572545243 0.033733643
1572545243 0.001169867
1572545243 0.049809568
1572545243 0.045041683
1572545243 0.002171252
1572545243 0.040269194
1572545243 0.001434651
1572545243 0.006899332
1572545243 0.029175967
