1571395948 0.47128057
1571395948 0.048877892
1571395948 0.039407096
1571395948 0.044327818
1571395948 0.043173864
1571395948 0.001409382
1571395948 0.03624528
1571395948 0.001638404
1571395948 0.028712752
1571395948 0.002566579
1571395948 0.050175985
1571395948 0.043574141
1571395948 0.043700751
1571395949 0.001206106
1571395949 0.042997682
1571395949 0.001816198
1571395949 0.035251515
1571395949 0.051521521
1571395949 0.045407522
1571395949 0.012102011
1571395949 0.013484082
1571395949 0.048804855
1571395949 0.043726584
1571395949 0.001394383
1571395949 0.043212568
1571395949 0.036261212
1571395949 0.051635321
1571395949 0.047054417
1571395949 0.041405211
1571395949 0.000788465
1571395949 0.00621683
1571395949 0.029113179
1571395949 0.038793462
1571395949 0.036919111
1571395949 0.053239278
1571395949 0.045587153
1571396145 0.476520918
1571396145 0.001756561
1571396145 0.004288202
1571396145 0.020576905
1571396145 0.050429079
1571396146 0.043158281
1571396146 0.046183074
1571396146 0.04240227
1571396146 0.04268119
1571396146 0.047709067
1571396146 0.037373908
1571396146 0.002017348
1571396146 0.015301978
1571396146 0.013577241
1571396146 0.051672878
1571396146 0.040166848
1571396146 0.044340516
1571396146 0.047702796
1571396146 0.044224979
1571396146 0.001667083
1571396146 0.039018437
1571396146 1.2265e-05
1571396146 0.018750714
1571396146 0.012921379
1571396146 0.055371048
1571396146 0.035944015
1571396146 0.044578733
1571396146 0.001966876
1571396146 0.041605979
1571396146 0.001467332
1571396146 0.036210727
1571396146 0.001572824
1571396146 0.053401238
1571396146 0.001802671
1571396146 0.040858361
1571396146 0.005302733
1571396146 0.027945217
1571396146 0.04842454
1571396341 0.335673959
1571396341 0.038389796
1571396341 0.001417431
1571396341 0.017318791
1571396341 0.012772976
1571396341 0.052226585
1571396341 0.042511621
1571396341 0.044301594
1571396341 0.043182662
1571396342 0.001342517
1571396342 0.037120094
1571396342 0.049644995
1571396342 0.001510899
1571396342 0.046652846
1571396342 0.002108476
1571396342 0.031894718
1571396342 0.038337619
1571396342 0.043968219
1571396342 0.036343809
1571396342 0.00133248
1571396342 0.051206647
1571396342 0.04252151
1571396342 0.046693024
1571396342 0.043824394
1571396342 0.00407245
1571396342 0.02858436
1571396342 0.045216514
1571396342 0.001970299
1571396342 0.03045642
1571396342 0.05121628
1571396342 0.04560522
1571396342 0.042980961
1571396342 0.054844342
1571396342 0.032404432
1571396342 0.006787538
1571396342 0.019689228
1571396342 0.049879238
1571396541 0.423405759
1571396541 0.04221543
1571396541 0.053181513
1571396541 2.1781e-05
1571396541 0.035198048
1571396541 0.001724831
1571396541 0.007349988
1571396541 0.035559349
1571396541 0.028653973
1571396541 0.051421354
1571396541 0.0434356
1571396541 0.045231788
1571396541 0.042550352
1571396541 0.001274622
1571396541 0.04742839
1571396541 0.00160627
1571396541 0.001905935
1571396541 0.028880501
1571396542 0.031861361
1571396542 0.002127519
1571396542 0.048809888
1571396542 0.045347343
1571396542 0.048496339
1571396542 0.043039096
1571396542 0.00655592
1571396542 0.036804002
1571396542 0.007768535
1571396542 0.027953865
1571396542 0.033335799
1571396542 0.001934481
1571396542 0.050794855
1571396542 0.050580945
1571396542 0.002419833
1571396542 0.037301249
1571396542 0.044631499
1571396542 0.045199988
1571396542 0.004827756
1571396542 0.030175514
1571396542 0.032002257
1571396542 0.050668097
1571396740 0.412096836
1571396740 0.001762015
1571396740 0.043416996
1571396740 0.000762634
1571396740 0.028006389
1571396740 0.042551639
1571396740 0.001264439
1571396740 0.035047475
1571396740 0.051313937
1571396740 0.044625614
1571396741 0.046238989
1571396741 0.046350999
1571396741 0.002627451
1571396741 0.035802587
1571396741 0.001023404
1571396741 0.005396046
1571396741 0.027150902
1571396741 0.03548493
1571396741 0.052179604
1571396741 0.001992198
1571396741 0.040862546
1571396741 0.048232258
1571396741 0.001545497
1571396741 0.0412829
1571396741 0.043228687
1571396741 0.041837036
1571396741 0.00116271
1571396741 0.042756819
1571396741 0.001135636
1571396741 0.001618868
1571396741 0.020377205
1571396741 0.051392931
1571396741 0.00208938
1571396741 0.039779482
1571396741 0.045486494
1571396741 0.046405509
1571396741 0.048356975
1571396741 0.032418873
1571396741 0.001407352
1571396741 0.02105596
1571396966 0.424769206
1571396966 0.001145067
1571396966 0.044955549
1571396966 0.041653331
1571396966 0.001832971
1571396966 0.03564781
1571396966 0.051127218
1571396966 0.002189192
1571396966 0.040498339
1571396966 0.002911675
1571396966 0.004385269
1571396966 0.027636809
1571396966 0.042079819
1571396966 0.050079678
1571396967 0.044837347
1571396967 0.001386544
1571396967 0.032195388
1571396967 0.002961272
1571396967 0.047807731
1571396967 0.002309358
1571396967 0.042717085
1571396967 0.006183639
1571396967 0.027042721
1571396967 0.046005547
1571396967 0.039614156
1571396967 0.002416655
1571396967 0.034947726
1571396967 0.002140076
1571396967 0.052483669
1571396967 0.002371961
1571396967 0.039055075
1571396967 0.043756676
1571396967 0.04382561
1571396967 0.007876525
1571396967 0.027072112
1571396967 0.045776263
1571396967 0.035854332
1571396967 0.054948869
1571396967 0.001437618
1571396967 0.040213984
1571396967 0.042630584
1571396967 0.001133428
1571396967 0.042719401
1571397170 0.470769161
1571397171 0.002343461
1571397171 0.002684544
1571397171 0.205619448
1571397171 0.042843521
1571397171 0.043717706
1571397171 0.008410903
1571397171 0.026527293
1571397171 0.041289278
1571397171 0.001661334
1571397171 0.053293955
1571397171 0.027628358
1571397171 0.055002035
1571397171 0.042652564
1571397171 0.002834866
1571397171 0.04006313
1571397171 0.041382713
1571397171 0.001180768
1571397171 0.006290852
1571397171 0.027222569
1571397171 0.035719788
1571397171 0.058122403
1571397171 0.038383138
1571397171 0.043693183
1571397172 0.041317241
1571397172 0.044101475
1571397172 0.043317762
1571397172 0.007594659
1571397172 0.021798532
1571397172 0.048995629
1571397172 0.042480623
1571397172 0.042923309
1571397172 0.001669732
1571397172 0.043238804
1571397172 0.045984197
1571397172 0.042445391
1571397372 0.454353083
1571397372 0.043886843
1571397372 0.044992012
1571397372 0.042436654
1571397373 0.003026412
1571397373 0.04151399
1571397373 0.001347813
1571397373 0.035648491
1571397373 0.051890873
1571397373 0.000808137
1571397373 0.042675237
1571397373 0.001218915
1571397373 0.005047056
1571397373 0.026679744
1571397373 0.04253318
1571397373 0.044602196
1571397373 0.043629649
1571397373 0.036587266
1571397373 0.001802217
1571397373 0.057217088
1571397373 0.042228226
1571397373 0.001599126
1571397373 0.036575754
1571397373 0.001423633
1571397373 0.005685198
1571397373 0.027473642
1571397373 0.043128061
1571397373 0.047109145
1571397373 0.035788028
1571397373 0.055399311
1571397373 0.043801345
1571397373 0.001503952
1571397373 0.012560912
1571397373 0.013256976
1571397373 0.049719698
1571397373 0.001084555
1571397373 0.041733341
1571397373 0.001484781
1571397373 0.044335262
1571397373 0.03581462
1571397373 0.052018463
1571397568 0.374581411
1571397569 0.099013263
1571397569 0.033085611
1571397569 0.001507197
1571397569 0.035958853
1571397569 0.001507134
1571397569 0.021154023
1571397569 0.012410589
1571397569 0.053128961
1571397569 0.042572129
1571397569 0.002834761
1571397569 0.040692911
1571397569 0.00150885
1571397569 0.047559846
1571397569 0.001020391
1571397569 0.037920485
1571397569 0.001282001
1571397569 0.042504266
1571397569 0.044131697
1571397569 0.001671653
1571397569 0.012504692
1571397569 0.012570342
1571397569 0.050266021
1571397569 0.001687512
1571397569 0.046230113
1571397569 0.040017798
1571397570 0.00251106
1571397570 0.034086194
1571397570 0.053319571
1571397570 0.042266614
1571397570 0.044025334
1571397570 0.00110344
1571397570 0.006794401
1571397570 0.027370302
1571397570 0.041435012
1571397570 0.04986843
1571397570 3.1332e-05
1571397570 0.033778895
1571397570 0.001390081
1571397570 0.01767911
1571397570 0.01010866
1571397570 0.049995161
1571397570 0.049887766
1571397570 0.037630669
1571397766 0.347730709
1571397766 0.002628388
1571397766 0.041952442
1571397766 0.003109154
1571397766 0.018767447
1571397766 0.049601888
1571397766 0.044423625
1571397766 0.000986831
1571397766 0.04599964
1571397766 0.001033155
1571397766 0.041335698
1571397766 0.042526508
1571397766 0.053532034
1571397766 2.0799e-05
1571397766 0.036370223
1571397766 0.005742458
1571397766 0.020528138
1571397766 0.04748125
1571397767 0.054963833
1571397767 0.037646029
1571397767 0.047612007
1571397767 0.036110734
1571397767 0.046571545
1571397767 0.034603036
1571397767 0.05096432
1571397767 0.001992417
1571397767 0.011446081
1571397767 0.012754994
1571397767 0.054724151
1571397767 0.041729634
1571397767 0.041407163
1571397767 0.00159467
1571397767 0.001137574
1571397767 0.020525339
1571397767 0.050418318
1571397767 0.045291673
1571397767 0.001776141
1571397767 0.047774732
1571405014 0.52259428
1571405015 0.000359977
1571405015 0.037336475
1571405015 0.002784918
1571405015 0.034436516
1571405015 0.001747994
1571405015 0.04922466
1571405015 0.00138184
1571405015 0.013213457
1571405015 0.010880157
1571405015 0.050933235
1571405015 0.044843618
1571405015 0.047518817
1571405015 0.001035249
1571405015 0.016080695
1571405015 0.05111128
1571405015 0.049161877
1571405015 0.039929412
1571405015 0.046858339
1571405015 8.203e-06
1571405015 0.039802531
1571405015 0.036132568
1571405015 0.051459804
1571405015 0.01451042
1571405015 0.012915466
1571405015 0.053722162
1571405015 0.039430017
1571405015 0.048467487
1571405015 0.031593713
1571405016 0.050980513
1571405016 0.0444814
1571405016 0.043578519
1571405016 0.000797094
1571405016 0.043388394
1571405016 0.001261387
1571405016 0.005349984
1571405016 0.038789557
1571405212 0.518149822
1571405213 0.00205234
1571405213 0.032917369
1571405213 0.052538863
1571405213 0.00324679
1571405213 0.011525237
1571405213 0.011106263
1571405213 0.048615525
1571405213 0.043958864
1571405213 0.044806197
1571405213 0.036844945
1571405213 0.053929846
1571405213 0.041709738
1571405213 0.043627985
1571405213 0.001304365
1571405213 0.041492013
1571405213 0.008314688
1571405213 0.026100615
1571405213 0.045711081
1571405213 0.001708085
1571405213 0.031334695
1571405213 0.052322406
1571405213 0.0453841
1571405213 0.040830635
1571405213 0.053594911
1571405214 0.038790918
1571405214 0.001253904
1571405214 0.005355592
1571405214 0.030573829
1571405214 0.032293401
1571405214 0.001848978
1571405214 0.052863148
1571405214 0.049854636
1571405214 0.041638749
1571405214 0.044400228
1571405214 0.001141972
1571405214 0.008197732
1571405214 0.027236079
1571405214 0.045907128
1571405410 0.470532008
1571405410 0.001552078
1571405410 0.045685054
1571405410 0.052491549
1571405410 0.035426778
1571405410 0.044885168
1571405411 0.002847244
1571405411 0.013531676
1571405411 0.016056167
1571405411 0.041245132
1571405411 0.051845919
1571405411 0.000438209
1571405411 0.044544702
1571405411 0.04421396
1571405411 0.001115392
1571405411 0.040537353
1571405411 0.001245161
1571405411 0.042025327
1571405411 0.001377994
1571405411 0.007592248
1571405411 0.028439519
1571405411 0.031651544
1571405411 0.050784839
1571405411 0.047362322
1571405411 0.002565827
1571405411 0.028902814
1571405411 0.040694049
1571405411 0.002124768
1571405411 0.04187416
1571405411 0.037512464
1571405411 0.001645798
1571405411 0.049595496
1571405411 0.044431476
1571405411 0.04322968
1571405411 0.001541688
1571405411 0.041902525
1571405411 0.001566025
1571405411 0.006846985
1571405411 0.02707066
1571405411 0.033839011
1571405411 0.002446832
1571405411 0.048703911
1571405412 0.043321108
1571405639 0.600091082
1571405639 0.043919083
1571405639 0.001722468
1571405639 0.044900428
1571405639 0.001266268
1571405639 0.00482295
1571405639 0.036497942
1571405639 0.028495134
1571405639 0.002870537
1571405639 0.044075171
1571405639 0.043353868
1571405639 0.002572443
1571405640 0.054406887
1571405640 0.031965463
1571405640 0.010384669
1571405640 0.033089792
1571405640 0.047291293
1571405640 0.005023592
1571405640 0.021307254
1571405640 0.059585406
1571405640 0.038604637
1571405640 0.037408411
1571405640 0.001250874
1571405640 0.046493416
1571405640 0.047599488
1571405640 0.039914292
1571405640 0.00177072
1571405640 0.005394875
1571405640 0.020164832
1571405640 0.049477777
1571405640 0.043398337
1571405640 0.043427692
1571405640 0.001725424
1571405640 0.044095621
1571405640 0.047140829
1571405640 0.0395199
1571405640 0.036306076
1571405640 0.002129635
1571405640 0.020983526
1571405640 0.012410696
1571405640 0.055644888
1571405640 0.045138775
1571405842 0.393945522
1571405842 0.001958138
1571405842 0.016259361
1571405842 0.051047428
1571405843 0.001504158
1571405843 0.042779031
1571405843 0.000697347
1571405843 0.041392992
1571405843 0.047018497
1571405843 0.03926388
1571405843 0.002461595
1571405843 0.042002354
1571405843 0.03740835
1571405843 0.054732182
1571405843 0.001773583
1571405843 0.008134895
1571405843 0.01196565
1571405843 0.054911729
1571405843 0.039057518
1571405843 0.043537241
1571405843 0.001610811
1571405843 0.035344033
1571405843 0.001203591
1571405843 0.052846604
1571405843 0.042757634
1571405843 0.001533766
1571405843 0.041122758
1571405843 0.006521063
1571405843 0.031646508
1571405843 0.037829827
1571405843 0.001540953
1571405843 0.046206913
1571405843 0.036910471
1571405843 0.051250555
1571405843 0.044682364
1571405843 0.043039652
1571405843 0.023473115
1571405843 0.004499918
1571405843 0.047989374
1571405844 0.038114219
1571405844 0.001335705
1571405844 0.048730561
1571409060 0.64841768
1571409061 0.037215943
1571409061 0.041923197
1571409061 0.044571059
1571409061 0.047449476
1571409061 3.6591e-05
1571409061 0.004608988
1571409061 0.020655077
1571409061 0.049986993
1571409061 0.043572579
1571409061 0.041785861
1571409061 0.050064858
1571409061 0.001804056
1571409061 0.035696926
1571409061 0.037148862
1571409061 0.051442624
1571409061 0.044026908
1571409061 0.00110626
1571409061 0.013598887
1571409061 0.012813377
1571409061 0.048005584
1571409061 0.044745242
1571409061 0.043100478
1571409061 0.001326287
1571409061 0.035942995
1571409061 0.001735817
1571409061 0.058204602
1571409062 0.002576086
1571409062 0.041179911
1571409062 0.035379971
1571409062 0.001390299
1571409062 0.042353018
1571409062 0.006215031
1571409062 0.029046498
1571409062 0.034506032
1571409062 0.056773583
1571409062 0.045951201
1571409062 0.001062837
1571409062 0.041648383
1571409062 0.041562586
1571409262 0.328105239
1571409263 0.035952762
1571409263 0.063211331
1571409263 0.03315938
1571409263 0.042853582
1571409263 0.001313713
1571409263 0.047594455
1571409263 0.000978394
1571409263 0.041704813
1571409263 0.001620209
1571409263 0.00576037
1571409263 0.027796386
1571409263 0.045016634
1571409263 0.037110912
1571409263 0.050797253
1571409263 0.046615822
1571409263 0.044432696
1571409263 0.044354187
1571409263 0.0053199
1571409263 0.027178227
1571409263 0.032986761
1571409263 0.051039353
1571409263 0.045321776
1571409264 0.047189427
1571409264 0.002052954
1571409264 0.054525296
1571409264 0.030840078
1571409264 0.046727337
1571409264 0.001006276
1571409264 0.002542458
1571409264 0.020039441
1571409264 0.054425007
1571409264 0.039255799
1571409264 0.001935908
1571409264 0.043562933
1571409264 0.045335163
1571409264 0.0411434
1571409464 0.277247461
1571409464 2.7163e-05
1571409464 0.022824533
1571409464 0.041963696
1571409464 0.050294469
1571409464 0.046327524
1571409464 0.032120903
1571409464 0.051381439
1571409464 0.001640273
1571409464 0.045405629
1571409464 0.002321822
1571409464 0.002507632
1571409464 0.03469882
1571409464 0.036013349
1571409464 0.041275059
1571409465 0.001606471
1571409465 0.043818173
1571409465 0.045774284
1571409465 0.044803962
1571409465 0.0441463
1571409465 0.007565184
1571409465 0.029740875
1571409465 0.039015476
1571409465 0.045370772
1571409465 0.001056123
1571409465 0.033982777
1571409465 0.05312153
1571409465 0.042921584
1571409465 0.043736873
1571409465 0.043477732
1571409465 0.00080596
1571409465 0.006553095
1571409465 0.035686959
1571409465 0.032440857
1571409465 0.001420151
1571409465 0.035492302
1571409465 0.001280115
1571409465 0.050413641
1571409465 0.001313482
1571409465 0.04662672
1571409465 0.042616719
1571409680 0.444761501
1571409681 0.043539686
1571409681 0.002230004
1571409681 0.03070741
1571409681 0.001151243
1571409681 0.049727326
1571409681 0.044191235
1571409681 0.059894815
1571409681 0.029362328
1571409681 0.005564039
1571409681 0.027246562
1571409681 0.04786705
1571409681 0.001491447
1571409681 0.033732161
1571409681 0.051437909
1571409681 0.043511534
1571409681 0.043871007
1571409681 0.00224407
1571409681 0.042580171
1571409681 0.001750716
1571409681 0.007095364
1571409681 0.026673751
1571409681 0.044465552
1571409682 0.036089188
1571409682 0.060308944
1571409682 0.040771197
1571409682 0.042653789
1571409682 0.043714921
1571409682 0.001800376
1571409682 0.00400699
1571409682 0.027509262
1571409682 0.043782801
1571409682 0.035484946
1571409682 0.001920025
1571409682 0.049656761
1571409682 0.046108172
1571409682 0.047320498
1571409682 0.042388306
1571409879 0.465603656
1571409879 0.041211347
1571409879 0.045251484
1571409879 0.002418688
1571409879 0.043316676
1571409879 0.045316075
1571409879 0.001431081
1571409879 0.039976588
1571409880 0.041712664
1571409880 0.001308176
1571409880 0.005410624
1571409880 0.020208527
1571409880 0.053078901
1571409880 0.053537524
1571409880 0.039028211
1571409880 0.044017567
1571409880 0.00126651
1571409880 0.053587365
1571409880 0.002158758
1571409880 0.025399661
1571409880 0.034864684
1571409880 0.046046012
1571409880 0.047125917
1571409880 0.042728676
1571409880 0.044856549
1571409880 0.001686745
1571409880 0.04704071
1571409880 3.5947e-05
1571409880 0.041220161
1571409880 0.001763719
1571409880 0.008472435
1571409880 0.024657277
1571409880 0.040587139
1571409880 0.047228455
1571409880 0.000749189
1571409880 0.045717646
1571409880 0.043396109
1571409880 0.04294018
1571409880 0.039886336
