1572965450 0.244888193
1572965450 0.001569574
1572965450 0.043263915
1572965450 0.051465748
1572965450 0.035307432
1572965450 0.001704307
1572965450 0.036992141
1572965450 0.049947469
1572965450 0.002223959
1572965450 0.042644254
1572965450 0.006272715
1572965450 0.025340663
1572965450 0.047497859
1572965450 0.001276126
1572965450 0.039787271
1572965450 0.00120843
1572965450 0.047237266
1572965450 0.035543039
1572965450 0.002441874
1572965450 0.048238075
1572965450 0.00147602
1572965450 0.051815909
1572965450 0.004471506
1572965450 0.023058806
1572965450 0.041932921
1572965450 0.001374567
1572965450 0.041244091
1572965451 0.035630304
1572965451 0.051420056
1572965451 0.047435165
1572965451 0.001482892
1572965451 0.047691359
1572965617 0.238107542
1572965617 0.001117417
1572965617 0.085825396
1572965617 0.008942466
1572965617 0.028051735
1572965617 0.050519639
1572965617 0.045753763
1572965618 0.043231955
1572965618 0.006963824
1572965618 0.030935963
1572965618 0.040348727
1572965618 0.035880668
1572965618 0.050783075
1572965618 0.001940309
1572965618 0.041897892
1572965618 0.042546705
1572965618 0.00115353
1572965618 0.043593876
1572965618 0.043920339
1572965618 0.001908817
1572965618 0.042054087
1572965618 0.00554231
1572965618 0.02006627
1572965618 0.051198804
1572965618 0.003403101
1572965618 0.040157115
1572965618 0.001247619
1572965618 0.041882475
1572965618 0.001338503
1572965618 0.042805124
1572965618 0.055464683
1572965784 0.392302509
1572965785 0.000389372
1572965785 0.044597892
1572965785 0.001371489
1572965785 0.041878925
1572965785 0.04885134
1572965785 1.9973e-05
1572965785 0.037039985
1572965785 0.006480157
1572965785 0.020979943
1572965785 0.053009983
1572965785 0.00118121
1572965785 0.040822875
1572965785 0.043135233
1572965785 0.001571666
1572965785 0.041106694
1572965785 0.045870172
1572965785 0.039105199
1572965785 0.002123347
1572965785 0.046106845
1572965785 0.001858161
1572965785 0.013111853
1572965785 0.01210452
1572965785 0.051041459
1572965785 0.002099536
1572965785 0.042882249
1572965785 3.7935e-05
1572965785 0.04023364
1572965785 0.001352764
1572965785 0.034894121
1572965785 0.057500371
1572965786 0.04528471
1572965786 0.001314835
1572965786 0.042139529
1572965786 0.001368271
1572965786 0.03241182
1572965786 0.059680476
1572965953 0.219290529
1572965953 0.001390982
1572965953 0.208065619
1572965953 0.042713931
1572965954 0.001700338
1572965954 0.043862876
1572965954 0.043716843
1572965954 0.001820411
1572965954 0.052863083
1572965954 0.00158586
1572965954 0.019039247
1572965954 0.044192199
1572965954 0.0009897
1572965954 0.054729127
1572965954 3.306e-05
1572965954 0.03208971
1572965954 0.043381753
1572965954 0.043839191
1572965954 0.048640171
1572965954 0.00108421
1572965954 0.047436506
1572965954 0.012782716
1572965954 0.004427935
1572965954 0.050057401
1572965954 0.044924487
1572965954 0.043508043
1572965954 0.043371727
1572965954 0.00136991
1572965954 0.042653353
1572965954 0.036862016
1572965954 0.00195221
1572965954 0.049539588
1572965954 0.005179529
1572965954 0.013815704
1572965954 0.006452929
1572965954 0.050006753
1572966125 0.34524556
1572966125 0.046894219
1572966125 0.001581802
1572966125 0.000647382
1572966125 0.019603632
1572966125 0.050441688
1572966126 0.043488905
1572966126 0.044531315
1572966126 0.043593787
1572966126 0.001501371
1572966126 0.044796909
1572966126 0.053659898
1572966126 0.029266082
1572966126 0.001944749
1572966126 0.015153882
1572966126 0.01207425
1572966126 0.054097761
1572966126 0.041436922
1572966126 0.001377376
1572966126 0.041372917
1572966126 0.000799553
1572966126 0.049695674
1572966126 0.012062166
1572966126 0.032904816
1572966126 0.037484142
1572966126 0.027936271
1572966126 0.001657667
1572966126 0.050638166
1572966126 0.042216048
1572966126 0.046373602
1572966126 0.001560955
1572966126 0.042180181
1572966291 0.0497515
1572966291 0.232514218
1572966292 0.012204116
1572966292 0.051186335
1572966292 0.03661917
1572966292 0.052109857
1572966292 0.049436583
1572966292 0.049482647
1572966292 0.034402351
1572966292 0.014393342
1572966292 0.012938803
1572966292 0.048268276
1572966292 0.048863783
1572966292 0.002476504
1572966292 0.038037346
1572966292 0.035512753
1572966292 0.055239908
1572966292 0.002201252
1572966292 0.038954772
1572966292 0.001383949
1572966292 0.042006627
1572966292 0.007820074
1572966292 0.028318477
1572966292 0.045567707
1572966292 9.0578e-05
1572966292 0.044630535
1572966292 0.038073035
1572966292 0.001538535
1572966292 0.052657174
1572966293 0.045511498
1572966463 0.299206847
1572966463 0.044735204
1572966463 0.002279206
1572966463 0.041809686
1572966463 0.008471725
1572966463 0.019499817
1572966463 0.050894489
1572966463 0.045152537
1572966463 0.045291307
1572966464 0.041735462
1572966464 0.044213144
1572966464 0.045775759
1572966464 0.001414258
1572966464 0.033462931
1572966464 0.001283726
1572966464 0.019506906
1572966464 0.013781727
1572966464 0.057759113
1572966464 0.046824826
1572966464 0.002223265
1572966464 0.033927039
1572966464 0.044896629
1572966464 0.044760403
1572966464 0.001230094
1572966464 0.044918323
1572966464 0.005018335
1572966464 0.020053403
1572966464 0.048141355
1572966464 0.00455811
1572966464 0.040455526
1572966464 0.000223089
1572966464 0.042221755
1572966464 0.043614767
1572966464 0.001618316
1572966464 0.044391834
1572966646 0.344183196
1572966646 0.005055742
1572966646 0.026661112
1572966646 0.041393171
1572966646 0.05083015
1572966647 0.043838625
1572966647 0.044873553
1572966647 0.049713623
1572966647 2.0671e-05
1572966647 0.038262697
1572966647 0.001818231
1572966647 0.004855937
1572966647 0.025553248
1572966647 0.036547444
1572966647 0.057354569
1572966647 0.002027553
1572966647 0.034844999
1572966647 0.00152193
1572966647 0.046848811
1572966647 0.047885763
1572966647 0.044417989
1572966647 6.1364e-05
1572966647 0.002569604
1572966647 0.027243253
1572966647 0.034659475
1572966647 0.050882874
1572966647 0.044214882
1572966647 0.046443469
1572966647 0.042969785
1572966647 0.052156162
1572966647 0.038196148
1572966826 0.4534649
1572966826 0.043817957
1572966826 0.046059361
1572966826 0.001971095
1572966826 0.04053613
1572966826 0.001275268
1572966826 0.041481302
1572966826 0.042906152
1572966826 0.001402943
1572966826 0.043612887
1572966826 0.001331255
1572966826 0.003076184
1572966826 0.021406016
1572966826 0.049936925
1572966826 0.043537936
1572966826 0.003053213
1572966826 0.045762088
1572966827 0.05209033
1572966827 0.030868812
1572966827 0.036235322
1572966827 0.050910057
1572966827 0.00118321
1572966827 0.011558242
1572966827 0.013228298
1572966827 0.056450797
1572966827 0.038099928
1572966827 0.001344693
1572966827 0.043082629
1572966827 0.036670766
1572966827 0.051963024
1572966827 0.043461648
1572966827 0.001112119
1572966827 0.043696762
1572966990 0.254960382
1572966990 0.002603896
1572966990 0.041592269
1572966990 0.042213557
1572966990 0.001189431
1572966990 0.042899286
1572966990 0.044608047
1572966990 0.001441655
1572966990 0.00488541
1572966990 0.027752178
1572966990 0.045520029
1572966990 0.033139158
1572966990 0.052152235
1572966990 0.043064215
1572966990 0.043561803
1572966991 0.001659301
1572966991 0.042037161
1572966991 0.045756456
1572966991 0.002207302
1572966991 0.006961093
1572966991 0.0167025
1572966991 0.049709966
1572966991 0.043683873
1572966991 0.001300997
1572966991 0.043772261
1572966991 0.045038735
1572966991 0.041314651
1572966991 0.001787857
1572966991 0.045716776
1572966991 0.00079608
1572966991 0.047913084
1572966991 8.253e-06
1572966991 0.019238776
1572966991 0.048535865
1572966991 0.001311854
1572966991 0.042489354
