1573301187 0.507983233
1573301187 0.04262304
1573301187 0.043654177
1573301188 0.001376127
1573301188 0.036914029
1573301188 0.052080652
1573301188 0.043606337
1573301188 0.001115764
1573301188 0.053909003
1573301188 0.008229526
1573301188 0.014597214
1573301188 0.041413693
1573301188 0.042647334
1573301188 0.001225357
1573301188 0.036076302
1573301188 0.001579673
1573301188 0.052136768
1573301188 0.046019195
1573301188 0.044042102
1573301188 0.04420035
1573301188 0.039194989
1573301188 0.001114294
1573301188 0.007785035
1573301188 0.01952904
1573301188 0.047024644
1573301188 0.044339967
1573301188 0.044638626
1573301188 0.045352276
1573301188 0.045691312
1573301188 0.042408325
1573301356 0.431175073
1573301356 0.042700878
1573301356 0.007441357
1573301356 0.037144053
1573301356 0.007923377
1573301356 0.026109519
1573301356 0.043417922
1573301356 0.044826905
1573301356 0.001326315
1573301356 0.032523837
1573301356 0.050941524
1573301356 0.047240991
1573301356 0.040669551
1573301356 0.0018158
1573301356 0.043856109
1573301356 0.00717626
1573301356 0.028252297
1573301356 0.040307999
1573301357 0.043346491
1573301357 0.044896828
1573301357 0.002994826
1573301357 0.028272282
1573301357 0.041111661
1573301357 0.046158652
1573301357 0.033379005
1573301357 0.052216143
1573301357 0.042535359
1573301357 0.043814004
1573301538 0.339910075
1573301538 0.002117374
1573301538 0.043057763
1573301538 0.000968467
1573301538 0.040167314
1573301538 0.044907931
1573301538 0.002960347
1573301538 0.030494281
1573301538 0.050860647
1573301538 0.001021993
1573301538 0.046429178
1573301538 0.013816834
1573301538 0.012042283
1573301538 0.04650685
1573301538 0.048585606
1573301538 0.001228714
1573301538 0.031176999
1573301538 0.052840804
1573301539 0.042983927
1573301539 0.000673715
1573301539 0.04333306
1573301539 0.001194166
1573301539 0.045669555
1573301539 0.001060267
1573301539 0.040913
1573301539 0.001452794
1573301539 0.019472407
1573301539 0.011192719
1573301539 0.035523427
1573301539 0.051962103
1573301539 0.043435155
1573301539 0.043595398
1573301539 0.002074556
1573301539 0.04210314
1573301539 0.045036677
1573301706 0.549529536
1573301706 0.047131356
1573301706 0.042503582
1573301706 0.042352144
1573301706 0.001793884
1573301706 0.006447058
1573301706 0.019266588
1573301706 0.0493115
1573301706 0.044821849
1573301706 0.000920879
1573301706 0.040611504
1573301706 0.044881304
1573301706 0.044560585
1573301706 0.002218775
1573301706 0.041636854
1573301707 0.00125842
1573301707 0.034512718
1573301707 0.001880359
1573301707 0.023835959
1573301707 0.010667719
1573301707 0.053596004
1573301707 0.041511016
1573301707 0.043501079
1573301707 0.002005812
1573301707 0.046893626
1573301707 0.043937248
1573301707 0.056139797
1573301707 0.002172484
1573301707 0.011810539
1573301707 0.049520032
1573301892 0.473929165
1573301892 0.039265011
1573301892 0.050157491
1573301892 0.000972119
1573301892 0.011559251
1573301892 0.011850345
1573301892 0.049698972
1573301892 0.048557129
1573301892 0.044463922
1573301892 0.000908208
1573301892 0.045207145
1573301892 0.034141682
1573301892 0.051229219
1573301892 0.01221305
1573301892 0.013770863
1573301893 0.049718744
1573301893 0.045603319
1573301893 0.000797017
1573301893 0.04183168
1573301893 0.001136633
1573301893 0.03543837
1573301893 0.00136077
1573301893 0.052199612
1573301893 0.042963653
1573301893 0.023370085
1573301893 0.00436734
1573301893 0.046874374
1573301893 0.04619008
1573301893 0.043603055
1573301893 0.000626403
1573301893 0.034976403
1573301893 0.00105868
1573301893 0.051644336
1573301893 0.042115544
1573302072 0.656460723
1573302072 0.00130192
1573302072 0.013162389
1573302072 0.011514935
1573302072 0.047807731
1573302072 0.001452276
1573302072 0.043718472
1573302072 0.052012852
1573302073 0.038074924
1573302073 0.001612008
1573302073 0.032164386
1573302073 0.051025816
1573302073 0.045264388
1573302073 0.007031183
1573302073 0.027125861
1573302073 0.045888955
1573302073 4.0974e-05
1573302073 0.038335502
1573302073 0.045214129
1573302073 0.04408316
1573302073 0.001468918
1573302073 0.04262559
1573302073 0.042815607
1573302073 0.046866474
1573302073 0.041502335
1573302073 0.001629431
1573302073 0.004062192
1573302073 0.021321896
1573302073 0.053739672
1573302073 0.042612113
1573302073 0.001733546
1573302073 0.043612555
1573302239 0.470793966
1573302240 0.041475838
1573302240 0.035149347
1573302240 0.001281237
1573302240 0.050840378
1573302240 0.048438561
1573302240 0.042282302
1573302240 0.044424349
1573302240 0.009292227
1573302240 0.027145392
1573302240 0.040055845
1573302240 0.036451762
1573302240 0.001254825
1573302240 0.049570061
1573302240 0.001061203
1573302240 0.029653667
1573302240 0.000967472
1573302240 0.044382608
1573302240 0.044139505
1573302240 0.002342955
1573302240 0.046792677
1573302240 0.003814784
1573302240 0.040585764
1573302240 0.000640592
1573302240 0.034599763
1573302240 0.001499509
1573302240 0.049409622
1573302240 0.017066827
1573302240 0.011827857
1573302240 0.047520059
1573302241 0.052149296
1573302413 0.474219937
1573302414 0.001210528
1573302414 0.04712395
1573302414 2.159e-05
1573302414 0.004217183
1573302414 0.023239006
1573302414 0.04413468
1573302414 0.044997724
1573302414 2.0383e-05
1573302414 0.043470187
1573302414 0.036272258
1573302414 0.051809203
1573302414 0.002228892
1573302414 0.042284881
1573302414 0.000835778
1573302414 0.043398325
1573302414 0.002015443
1573302414 0.003784339
1573302414 0.02924828
1573302414 0.04112026
1573302414 0.00239851
1573302414 0.034023018
1573302414 0.050506993
1573302414 0.04826117
1573302414 0.040514228
1573302414 0.044966774
1573302414 0.002076382
1573302414 0.039114717
1573302414 0.045229798
1573302414 0.00181848
1573302414 0.003035381
1573302415 0.020304096
1573302415 0.055897519
1573302415 1.6534e-05
1573302415 0.038377485
1573302582 0.530094708
1573302583 0.026020486
1573302583 0.001995131
1573302583 0.023490835
1573302583 0.010065729
1573302583 0.053066611
1573302583 0.038756842
1573302583 0.043519534
1573302583 0.044498665
1573302583 0.001249058
1573302583 0.04870738
1573302583 0.001780174
1573302583 0.033314648
1573302583 0.001079667
1573302583 0.06248135
1573302583 0.002276705
1573302583 0.021605828
1573302583 0.042543643
1573302583 0.001080045
1573302583 0.039279739
1573302583 0.046421689
1573302583 0.035226589
1573302583 0.05132985
1573302584 0.002356844
1573302584 0.040984785
1573302584 0.001509167
1573302584 0.043093975
1573302584 0.002088685
1573302584 0.004627789
1573302584 0.026024585
1573302765 0.760333307
1573302765 0.040154436
1573302766 0.050678613
1573302766 9.989e-06
1573302766 0.040536944
1573302766 0.042025242
1573302766 0.044132725
1573302766 0.044773143
1573302766 0.046890282
1573302766 0.002748976
1573302766 0.038120063
1573302766 0.002404465
1573302766 0.004548127
1573302766 0.020294101
1573302766 0.048011088
1573302766 0.001212957
1573302766 0.044802869
1573302766 0.043273073
1573302766 0.043473492
1573302766 0.000747928
1573302766 0.046881391
1573302766 0.00124423
1573302766 0.042516598
1573302766 0.04877599
1573302766 0.013657807
1573302766 0.009439893
1573302766 0.047796814
1573302766 0.044523724
1573302766 0.04536991
1573302766 0.043064962
1573302766 0.04755458
1573303899 0.642145851
1573303900 0.042882347
1573303900 0.001388503
1573303900 0.042894099
1573303900 0.043484078
1573303900 0.04318006
1573303900 0.03842825
1573303900 0.007657285
1573303900 0.014280795
1573303900 0.014756982
1573303900 0.049175254
1573303900 0.001914469
1573303900 0.041826311
1573303900 0.044876215
1573303900 0.04649487
1573303900 0.040476183
1573303900 0.037594482
1573303900 0.001018305
1573303900 0.019460053
1573303900 0.012991136
1573303900 0.050127399
1573303900 0.000916056
1573303900 0.041835519
1573303900 0.043679086
1573303900 0.047319559
1573303900 0.034293962
1573303901 0.055923764
1573303901 0.001951365
1573303901 0.038817994
1573304063 0.480193458
1573304064 0.03043739
1573304064 0.000976077
1573304064 0.056300586
1573304064 0.009096213
1573304064 0.013656648
1573304064 0.055927834
1573304064 0.043725549
1573304064 0.043392063
1573304064 0.001100428
1573304064 0.043108703
1573304064 0.046530153
1573304064 0.002301029
1573304064 0.031866037
1573304064 0.001938387
1573304064 0.02440962
1573304064 0.008464634
1573304064 0.048480005
1573304064 0.002142514
1573304064 0.043462279
1573304064 0.041935799
1573304064 0.044448902
1573304064 0.03739978
1573304064 0.057646072
1573304064 0.039682632
1573304064 0.001635002
1573304064 0.042434421
1573304064 0.00517245
1573304064 0.029643148
1573304224 0.416442045
1573304225 0.002158936
1573304225 0.034779451
1573304225 0.001880196
1573304225 0.019941844
1573304225 0.018309783
1573304225 0.042730096
1573304225 0.044352616
1573304225 0.001395652
1573304225 0.045486285
1573304225 0.036540284
1573304225 0.050970421
1573304225 0.044629714
1573304225 0.04549457
1573304225 0.01424141
1573304225 0.016311373
1573304225 0.041036918
1573304225 0.001137168
1573304225 0.044369645
1573304225 0.001086714
1573304225 0.054900144
1573304225 0.023392062
1573304225 0.060637576
1573304225 0.000434743
1573304225 0.03765345
1573304226 0.001230625
1573304226 0.015170141
1573304226 0.016764361
1573304226 0.04409683
1573304226 0.043647548
1573304390 0.552194193
1573304391 0.001306728
1573304391 0.052598839
1573304391 0.033965028
1573304391 0.044487661
1573304391 0.044844919
1573304391 0.004454276
1573304391 0.041411733
1573304391 4.4096e-05
1573304391 0.040873385
1573304391 0.013115082
1573304391 0.016981615
1573304391 0.050262794
1573304391 0.044106431
1573304391 0.045368744
1573304391 0.00160747
1573304391 0.044284429
1573304391 0.045225852
1573304391 0.039902745
1573304391 0.037008509
1573304391 0.022911292
1573304392 0.012522438
1573304392 0.052215539
1573304392 0.043567118
1573304392 0.045326528
1573304549 0.267813891
1573304550 0.001149987
1573304550 0.011745184
1573304550 0.012723699
1573304550 0.051620946
1573304550 0.050435477
1573304550 0.002476914
1573304550 0.039719439
1573304550 0.001616203
1573304550 0.042766326
1573304550 0.034585612
1573304550 0.001553234
1573304550 0.049706817
1573304550 0.014258642
1573304550 0.013034323
1573304550 0.054401028
1573304550 0.001397715
1573304550 0.04068038
1573304550 0.043405383
1573304550 0.04936187
1573304550 0.001389844
1573304550 0.044133893
1573304550 0.03427529
1573304550 0.001149728
1573304550 0.01999254
1573304550 0.013225042
1573304550 0.048638832
1573304550 0.001767008
1573304550 0.044227831
1573304550 0.046081146
1573304551 0.044822644
1573304716 0.521668986
1573304716 0.035343769
1573304716 0.000841246
1573304716 0.049914384
1573304716 0.001843752
1573304716 0.026234823
1573304716 0.040204227
1573304716 0.043549662
1573304716 0.001292895
1573304716 0.035910364
1573304716 0.051357503
1573304716 0.001070659
1573304716 0.044584435
1573304716 0.041473249
1573304717 0.001428695
1573304717 0.043578138
1573304717 0.005970881
1573304717 0.032121489
1573304717 0.046890262
1573304717 0.027296131
1573304717 0.050877422
1573304717 0.001514223
1573304717 0.045092718
1573304717 0.043081408
1573304717 0.046125213
1573304717 0.041635395
1573304717 0.001484995
1573304717 0.004062707
1573304717 0.020307369
1573304717 0.048988416
1573304875 0.283539205
1573304875 0.043530494
1573304875 0.044410277
1573304875 0.04541788
1573304875 0.001560703
1573304875 0.033763566
1573304875 0.002224032
1573304875 0.056835122
1573304875 0.008963214
1573304875 0.013664064
1573304875 0.048653426
1573304875 0.044822991
1573304875 0.044526485
1573304875 0.032467599
1573304876 0.052432728
1573304876 0.04257351
1573304876 0.049504506
1573304876 0.041873873
1573304876 0.001181859
1573304876 0.002704121
1573304876 0.032501433
1573304876 0.029282376
1573304876 0.056181333
1573304876 0.002382126
1573304876 0.037130226
1573304876 0.04575322
1573304876 0.044477686
1573304876 0.042267101
1573305035 0.450172848
1573305036 0.002045048
1573305036 0.059202787
1573305036 0.023909989
1573305036 0.045981961
1573305036 0.002149895
1573305036 0.040328253
1573305036 0.057431696
1573305036 0.029633048
1573305036 0.001223033
1573305036 0.006778191
1573305036 0.020080369
1573305036 0.047979808
1573305036 0.045712158
1573305036 0.043290974
1573305036 0.042572411
1573305036 0.001173892
1573305036 0.043291735
1573305036 0.002237256
1573305036 0.035814921
1573305036 0.051106852
1573305036 4.0048e-05
1573305036 0.013121199
1573305036 0.012703944
1573305036 0.049955347
1573305036 0.047937754
1573305036 0.043420195
1573305196 0.382007929
1573305197 0.046726752
1573305197 0.000746824
1573305197 0.00689146
1573305197 0.026501863
1573305197 0.044217129
1573305197 0.035480842
1573305197 0.002675745
1573305197 0.049413315
1573305197 0.047170237
1573305197 0.043895294
1573305197 0.048681926
1573305197 0.007879248
1573305197 8.921e-06
1573305197 0.022490375
1573305197 0.040641829
1573305197 0.002099663
1573305197 0.036801981
1573305197 0.051473116
1573305197 0.043006284
1573305197 0.044246959
1573305197 0.04327399
1573305197 0.04492954
1573305197 0.01660753
1573305197 0.026284329
1573305197 0.003511134
1573305197 0.002641646
1573305197 0.020080142
1573305197 0.049751545
1573305356 0.442731773
1573305357 0.011486627
1573305357 0.051102642
1573305357 0.044663796
1573305357 0.044079686
1573305357 0.050128478
1573305357 0.003407521
1573305357 0.038523446
1573305357 0.035801256
1573305357 0.023958377
1573305357 0.011418538
1573305357 0.046969341
1573305357 0.04528344
1573305357 0.045174297
1573305357 0.041819413
1573305357 0.045669837
1573305357 0.001062385
1573305357 0.034301118
1573305357 0.053060758
1573305357 0.013551178
1573305357 0.01449489
1573305357 0.046955207
1573305357 0.04280153
1573305357 0.051980215
