1571395899 4
1571395900 3
1571395901 2
1571395902 2
1571395903 2
1571395904 2
1571395905 4
1571395906 4
1571395907 3
1571395908 3
1571395909 4
1571395910 3
1571395911 5
1571395912 4
1571395913 4
1571395914 4
1571395915 4
1571396103 4
1571396104 4
1571396105 4
1571396106 5
1571396107 5
1571396108 4
1571396109 4
1571396110 5
1571396111 5
1571396112 4
1571396292 4
1571396293 4
1571396294 3
1571396295 2
1571396296 2
1571396297 2
1571396298 3
1571396299 3
1571396300 3
1571396301 5
1571396302 4
1571396303 3
1571396304 3
1571396305 3
1571396306 4
1571396307 4
1571396308 4
1571396689 3
1571396690 3
1571396691 2
1571396692 2
1571396693 2
1571396694 2
1571396695 2
1571396696 4
1571396697 4
1571396698 3
1571396699 4
1571396700 4
1571396701 3
1571396702 3
1571396703 3
1571396704 3
1571396705 3
1571396706 3
1571396707 2
1571396917 3
1571396918 2
1571396919 2
1571396920 2
1571396921 2
1571396922 2
1571396923 3
1571396924 4
1571396925 3
1571396926 5
1571396927 3
1571396928 3
1571396929 3
1571396930 3
1571396931 4
1571396932 4
1571396933 3
1571397121 3
1571397122 2
1571397123 2
1571397124 2
1571397125 2
1571397126 2
1571397127 2
1571397128 5
1571397129 3
1571397130 3
1571397131 3
1571397132 4
1571397133 4
1571397134 4
1571397135 4
1571397136 4
1571397137 4
1571397138 4
1571397323 5
1571397324 5
1571397325 4
1571397326 4
1571397327 3
1571397328 2
1571397329 2
1571397330 3
1571397331 4
1571397332 4
1571397333 3
1571397334 3
1571397335 3
1571397336 3
1571397337 4
1571397338 4
1571397339 4
1571397520 3
1571397521 3
1571397522 2
1571397523 2
1571397524 2
1571397525 2
1571397526 4
1571397527 3
1571397528 4
1571397529 3
1571397530 3
1571397531 3
1571397532 4
1571397533 4
1571397534 4
1571397535 4
1571397536 3
1571397717 3
1571397718 2
1571397719 2
1571397720 2
1571397721 2
1571397722 2
1571397723 3
1571397724 4
1571397725 3
1571397726 3
1571397727 3
1571397728 3
1571397729 4
1571397730 3
1571397731 3
1571397732 3
1571397733 3
1571404965 3
1571404966 3
1571404967 3
1571404968 3
1571404969 2
1571404970 2
1571404971 3
1571404972 4
1571404973 4
1571404974 4
1571404975 3
1571404976 3
1571404977 3
1571404978 3
1571404979 3
1571404980 3
1571404981 3
1571404982 3
1571405164 3
1571405165 3
1571405166 3
1571405167 2
1571405168 2
1571405169 3
1571405170 4
1571405171 4
1571405172 3
1571405173 4
1571405174 3
1571405175 3
1571405176 3
1571405177 4
1571405178 4
1571405179 4
1571405180 3
1571405361 3
1571405362 3
1571405363 2
1571405364 2
1571405365 2
1571405366 2
1571405367 3
1571405368 4
1571405369 4
1571405370 5
1571405371 4
1571405372 4
1571405373 3
1571405374 3
1571405375 3
1571405376 3
1571405377 4
1571405590 3
1571405591 4
1571405592 2
1571405593 2
1571405594 2
1571405595 2
1571405596 3
1571405597 4
1571405598 3
1571405599 4
1571405600 4
1571405601 4
1571405602 4
1571405603 4
1571405604 4
1571405605 3
1571405606 3
1571405793 4
1571405794 3
1571405795 2
1571405796 2
1571405797 2
1571405798 3
1571405799 4
1571405800 3
1571405801 4
1571405802 3
1571405803 3
1571405804 3
1571405805 3
1571405806 3
1571405807 3
1571405808 3
1571405809 3
1571405810 3
1571409011 4
1571409012 3
1571409013 3
1571409014 3
1571409015 2
1571409016 2
1571409017 2
1571409018 5
1571409019 3
1571409020 3
1571409021 4
1571409022 3
1571409023 3
1571409024 3
1571409025 3
1571409026 4
1571409027 4
1571409028 4
1571409214 3
1571409215 3
1571409216 3
1571409217 2
1571409218 2
1571409219 3
1571409220 3
1571409221 4
1571409222 3
1571409223 3
1571409224 3
1571409225 3
1571409226 4
1571409227 3
1571409228 3
1571409229 3
1571409230 3
1571409415 3
1571409416 3
1571409417 3
1571409418 2
1571409419 2
1571409420 2
1571409421 4
1571409422 3
1571409423 3
1571409424 3
1571409425 4
1571409426 3
1571409427 3
1571409428 3
1571409429 3
1571409430 3
1571409431 3
1571409631 3
1571409632 3
1571409633 3
1571409634 2
1571409635 2
1571409636 2
1571409637 2
1571409638 3
1571409639 4
1571409640 3
1571409641 4
1571409642 4
1571409643 4
1571409644 3
1571409645 3
1571409646 3
1571409647 3
1571409648 3
