1571322989 3
1571322990 3
1571322991 3
1571322992 3
1571322993 2
1571322994 2
1571322995 2
1571322996 3
1571322997 3
1571322998 4
1571322999 3
1571323000 3
1571323001 3
1571323002 3
1571323003 5
1571323004 5
1571323005 5
1571325107 3
1571325108 3
1571325109 2
1571325110 2
1571325111 2
1571325112 2
1571325113 3
1571325114 4
1571325115 4
1571325116 5
1571325117 4
1571325118 4
1571325119 4
1571325120 3
1571325121 3
1571325122 3
1571325123 4
1571325303 4
1571325304 3
1571325305 2
1571325306 2
1571325307 2
1571325308 2
1571325309 2
1571325310 4
1571325311 4
1571325312 4
1571325313 3
1571325314 3
1571325315 3
1571325316 3
1571325317 4
1571325318 4
1571325319 4
1571325320 4
1571325508 6
1571325509 6
1571325510 5
1571325511 4
1571325512 3
1571325513 2
1571325514 2
1571325515 3
1571325516 3
1571325517 4
1571325518 3
1571325519 3
1571325520 3
1571325521 3
1571325522 3
1571325523 3
1571325524 3
1571325525 3
1571325709 3
1571325710 3
1571325711 3
1571325712 3
1571325713 2
1571325714 2
1571325715 3
1571325716 4
1571325717 4
1571325718 5
1571325719 3
1571325720 3
1571325721 3
1571325722 3
1571325723 3
1571325724 3
1571325725 3
1571325905 3
1571325906 3
1571325907 3
1571325908 2
1571325909 2
1571325910 2
1571325911 3
1571325912 3
1571325913 3
1571325914 5
1571325915 4
1571325916 6
1571325917 5
1571325918 5
1571325919 5
1571325920 4
1571325921 4
1571325922 4
1571326107 3
1571326108 3
1571326109 2
1571326110 2
1571326111 2
1571326112 2
1571326113 4
1571326114 4
1571326115 4
1571326116 4
1571326117 3
1571326118 3
1571326119 3
1571326120 4
1571326121 4
1571326122 4
1571326123 3
1571326797 4
1571326798 4
1571326799 2
1571326800 2
1571326801 2
1571326802 2
1571326803 2
1571326804 4
1571326805 3
1571326806 4
1571326807 4
1571326808 5
1571326809 4
1571326810 4
1571326811 4
1571326812 4
1571326813 4
1571326814 4
1571327013 3
1571327014 3
1571327015 3
1571327016 2
1571327017 2
1571327018 2
1571327019 5
1571327020 4
1571327021 4
1571327022 4
1571327023 3
1571327024 4
1571327025 5
1571327026 5
1571327027 5
1571327028 5
1571327029 5
1571327221 5
1571327222 4
1571327223 4
1571327224 4
1571327225 3
1571327226 2
1571327227 2
1571327228 3
1571327229 4
1571327230 3
1571327231 4
1571327232 4
1571327233 3
1571327234 3
1571327235 3
1571327236 3
1571327237 3
1571327238 3
