1573207064 6
1573207065 5
1573207066 4
1573207067 4
1573207068 4
1573207069 4
1573207070 4
1573207071 4
1573220465 3
1573220466 3
1573220467 3
1573220468 2
1573220469 2
1573220470 4
1573220471 3
1573220472 3
1573220473 4
1573220474 4
1573220475 4
1573220476 4
1573220477 4
1573220478 4
1573220479 4
1573220480 5
1573220632 3
1573220633 4
1573220634 4
1573220635 2
1573220636 2
1573220637 2
1573220638 4
1573220639 3
1573220640 4
1573220641 3
1573220642 3
1573220643 3
1573220644 3
1573220645 3
1573220646 3
1573220647 3
1573221637 4
1573221638 4
1573221639 2
1573221640 2
1573221641 2
1573221642 2
1573221643 3
1573221644 4
1573221645 4
1573221646 3
1573221647 4
1573221648 3
1573221649 3
1573221650 3
1573221651 3
1573221652 4
1573222166 3
1573222167 3
1573222168 3
1573222169 2
1573222170 2
1573222171 5
1573222172 4
1573222173 3
1573222174 4
1573222175 4
1573222176 4
1573222177 4
1573222178 4
1573222179 4
1573222180 5
1573222181 5
