1582188833 9
1582188834 7
1582188835 7
1582188836 7
1582188837 7
1582188838 8
1582188839 7
1582188840 7
1582190862 6
1582190863 7
1582190864 8
1582190865 9
1582190866 7
1582190867 9
1582190868 9
1582190869 8
1582191152 7
1582191153 7
1582191154 9
1582191155 9
1582191156 9
1582191157 9
1582191158 10
1582191159 8
1582191160 8
1582191161 7
1582191443 7
1582191444 6
1582191445 7
1582191446 9
1582191447 8
1582191448 8
1582191449 8
1582191450 7
1582191451 7
1582191452 7
1582191453 6
1582191454 7
1582191741 8
1582191742 9
1582191743 10
1582191744 8
1582191745 8
1582191746 8
1582191747 7
1582191748 7
1582191749 7
1582192034 7
1582192035 9
1582192036 7
1582192037 8
1582192038 7
1582192039 8
1582192040 8
1582192041 8
1582192325 9
1582192326 7
1582192327 7
1582192328 7
1582192329 7
1582192330 7
1582192331 7
1582192332 7
1582192623 6
1582192624 8
1582192625 9
1582192626 7
1582192627 7
1582192628 7
1582192629 7
1582192630 8
1582192631 9
1582192632 8
1582192633 8
1582192911 6
1582192912 7
1582192913 9
1582192914 9
1582192915 8
1582192916 8
1582192917 8
1582192918 8
1582193200 7
1582193201 9
1582193202 7
1582193203 9
1582193204 9
1582193205 7
1582193206 7
1582193207 7
1582193208 7
1582193209 8
1582193210 8
