1575028231 5
1575028232 3
1575028233 2
1575028234 2
1575028235 2
1575028236 1
1575028237 2
1575028238 2
1575028540 4
1575028541 3
1575028542 3
1575028543 1
1575028544 1
1575028545 1
1575028546 1
1575028547 2
1575028548 2
1575028549 2
1575028550 3
1575028551 3
1575028552 4
1575028553 6
1575028554 6
1575028555 6
1575028556 7
1575028557 7
1575028558 7
1575028559 6
1575028560 6
1575028561 6
1575028562 6
1575028563 7
1575028564 7
1575028565 5
1575028566 4
1575028567 3
1575028568 3
1575028851 4
1575028852 2
1575028853 2
1575028854 2
1575028855 1
1575028856 1
1575028857 1
1575028858 2
1575029190 3
1575029191 3
1575029192 1
1575029193 1
1575029194 1
1575029195 1
1575029196 1
1575029197 2
1575029198 3
1575029199 2
1575029200 2
1575029201 2
1575029202 4
1575029203 5
1575029204 5
1575029205 6
1575029206 5
1575029207 6
1575029208 5
1575029209 6
1575029210 6
1575029211 6
1575029212 6
1575029213 6
1575029214 5
1575029215 4
1575029216 3
1575029499 3
1575029500 2
1575029501 2
1575029502 1
1575029503 1
1575029504 1
1575029505 1
1575029506 2
1575029810 4
1575029811 3
1575029812 1
1575029813 1
1575029814 1
1575029815 1
1575029816 1
1575029817 2
1575030122 2
1575030123 2
1575030124 2
1575030125 1
1575030126 1
1575030127 1
1575030128 1
1575030129 1
1575030130 2
1575030436 3
1575030437 3
1575030438 1
1575030439 1
1575030440 1
1575030441 1
1575030442 1
1575030443 2
1575030754 2
1575030755 2
1575030756 2
1575030757 1
1575030758 1
1575030759 1
1575030760 1
1575030761 1
1575030762 2
1575031082 3
1575031083 3
1575031084 2
1575031085 1
1575031086 1
1575031087 1
1575031088 1
1575031089 2
1575033018 3
1575033019 2
1575033020 1
1575033021 1
1575033022 1
1575033023 1
1575033024 2
1575033025 2
1575033585 3
1575033586 2
1575033587 3
1575033588 4
1575033589 3
1575033590 3
1575033591 2
1575033592 2
1575034177 4
1575034178 3
1575034179 3
1575034180 2
1575034181 2
1575034182 2
1575034183 2
1575034184 2
1575034744 3
1575034745 3
1575034746 2
1575034747 1
1575034748 1
1575034749 1
1575034750 2
1575034751 4
1575035315 3
1575035316 3
1575035317 1
1575035318 1
1575035319 2
1575035320 2
1575035321 2
1575035322 3
1575035323 3
1575035324 3
1575035325 3
1575035326 3
1575035327 4
1575035328 6
1575035329 5
1575035330 4
1575035331 5
1575035332 4
1575035333 4
1575035334 3
1575035335 3
1575035336 3
1575035337 3
1575035338 2
1575035339 2
1575035340 2
1575035341 2
1575035342 2
1575035343 2
1575035344 3
1575035345 4
1575035346 2
1575035347 2
1575035348 2
1575035349 2
1575035350 2
1575035351 2
1575035352 2
1575035353 2
1575035354 2
1575035355 3
1575035356 4
1575035357 2
1575035358 4
1575035359 4
1575035360 5
1575035361 5
1575035362 3
1575035363 2
1575035364 2
1575035365 2
1575035366 2
1575035367 2
1575035368 2
1575035369 3
1575035370 2
1575035371 2
1575035372 2
1575035373 2
1575035374 2
1575035375 2
1575035376 2
1575035377 2
1575035378 2
1575035379 2
1575035380 2
1575035381 2
1575035382 2
1575035383 2
1575035384 3
1575035385 2
1575035386 4
1575035387 4
1575035388 4
1575035389 3
1575035390 3
1575035391 2
1575035392 2
1575035393 2
1575035394 2
1575035395 2
1575035396 2
1575035397 2
1575035398 2
1575035399 2
1575035400 3
1575035401 3
1575035402 2
1575035403 2
1575035404 2
1575035405 2
1575035406 2
1575035407 3
1575035408 3
1575035409 2
1575035410 2
1575035411 2
1575035412 2
1575035413 2
1575035414 3
1575035415 2
1575035416 4
1575035417 4
1575035418 4
1575035419 3
1575035420 2
1575035421 2
1575035422 2
1575035423 2
1575035424 2
1575035425 2
1575035426 3
1575035427 2
1575035428 4
1575035429 3
1575035430 5
1575035431 4
1575035432 3
1575035433 3
1575035434 2
1575035435 2
1575035436 2
1575035437 2
1575035438 3
1575035439 3
1575035440 3
1575035441 3
1575035442 4
1575035443 2
1575035444 4
1575035445 4
1575035446 4
1575035447 3
1575035448 3
1575035449 2
1575035450 2
1575035451 2
1575035452 2
1575035453 2
1575035454 2
1575035455 2
1575035456 2
1575035457 2
1575035458 2
1575035459 2
1575035460 2
1575035461 2
1575035462 2
1575035463 2
1575035464 2
1575035465 2
1575035466 4
1575035467 4
1575035468 4
1575035469 5
1575035470 5
1575035471 5
1575035472 5
1575035473 5
1575035474 4
1575035475 4
1575035476 4
1575035477 4
1575035478 4
1575035479 3
1575035480 2
1575035481 2
1575035482 2
1575035483 2
1575035484 2
1575035485 2
1575035486 2
1575035487 2
1575035488 2
1575035489 2
1575035490 2
1575035491 2
1575035492 2
1575035493 2
1575035494 2
1575035495 3
1575035496 3
1575035497 5
1575035498 4
1575035499 4
1575035500 4
1575035501 3
1575035502 3
1575035503 3
1575035504 4
1575035505 3
1575035506 3
1575035507 2
1575035508 2
1575035509 2
1575035510 2
1575035511 2
1575035512 3
1575035513 3
1575035514 3
1575035515 2
1575035516 2
1575035517 2
1575035518 2
1575035519 2
1575035520 2
1575035521 2
1575035522 2
1575035523 2
1575035524 2
1575035525 2
1575035526 4
1575035527 4
1575035528 4
1575035529 3
1575035530 2
1575035531 2
1575035532 2
1575035533 2
1575035534 2
1575035535 2
1575035536 2
1575035537 2
1575035538 2
1575035539 3
1575035540 2
1575035541 2
1575035542 2
1575035543 2
1575035544 2
1575035545 2
1575035546 2
1575035547 2
1575035548 2
1575035549 2
1575035550 2
1575035551 2
1575035552 2
1575035553 2
1575035554 2
1575035555 2
1575035556 3
1575035557 4
1575035558 4
1575035559 4
1575035560 3
1575035561 2
1575035562 2
1575035563 2
1575035564 2
1575035565 2
1575035566 2
1575035567 2
1575035568 2
1575035569 2
1575035570 3
1575035571 2
1575035572 3
1575035573 2
1575035574 2
1575035575 2
1575035576 2
1575035577 2
1575035578 2
1575035579 2
1575035580 2
1575035581 2
1575035582 2
1575035583 2
1575035584 3
1575035585 6
1575035586 4
1575035587 4
1575035588 4
1575035589 2
1575035590 2
1575035591 2
1575035592 2
1575035593 2
1575035594 2
1575035595 2
1575035596 2
1575035597 2
1575035598 2
1575035599 2
1575035600 2
1575035601 3
1575035602 2
1575035603 2
1575035604 2
1575035605 2
1575035606 2
1575035607 3
1575035608 3
1575035609 3
1575035610 3
1575035611 4
1575035612 3
1575035613 4
1575035614 4
1575035615 4
1575035616 5
1575035617 6
1575035618 4
1575035619 3
1575035620 2
1575036337 2
1575036338 3
1575036339 1
1575036340 1
1575036341 1
1575036342 1
1575036343 1
1575036344 2
1575036345 2
1575036346 2
1575036347 2
1575036348 2
1575036349 2
1575036350 5
1575036351 6
1575036352 4
1575036353 4
1575036354 4
1575036355 5
1575036356 3
1575036357 3
1575036358 3
1575036359 3
1575036360 2
1575036361 2
1575036362 2
1575036363 2
1575036364 2
1575036365 2
1575036366 3
1575036367 3
1575036368 2
1575036369 2
1575036370 2
1575036371 3
1575036372 3
1575036373 3
1575036374 2
1575036375 2
1575036376 2
1575036377 3
1575036378 2
1575036379 3
1575036380 5
1575036381 4
1575036382 4
1575036383 3
1575036384 3
1575036385 2
1575036386 2
1575036387 2
1575036388 2
1575036389 2
1575036390 2
1575036391 3
1575036392 2
1575036393 2
1575036394 2
1575036395 2
1575036396 3
1575036397 2
1575036398 2
1575036399 2
1575036400 3
1575036401 2
1575036402 2
1575036403 2
1575036404 2
1575036405 2
1575036406 3
1575036407 2
1575036408 4
1575036409 4
1575036410 4
1575036411 3
1575036412 3
1575036413 2
1575036414 2
1575036415 2
1575036416 2
1575036417 2
1575036418 2
1575036419 2
1575036420 2
1575036421 2
1575036422 2
1575036423 2
1575036424 3
1575036425 2
1575036426 2
1575036427 2
1575036428 2
1575036429 2
1575036430 2
1575036431 2
1575036432 2
1575036433 2
1575036434 2
1575036435 2
1575036436 2
1575036437 2
1575036438 2
1575036439 4
1575036440 4
1575036441 4
1575036442 4
1575036443 4
1575036444 2
1575036445 2
1575036446 2
1575036447 2
1575036448 4
1575036449 2
1575036450 2
1575036451 3
1575036452 3
1575036453 3
1575036454 3
1575036455 3
1575036456 3
1575036457 3
1575036458 3
1575036459 3
1575036460 2
1575036461 2
1575036462 2
1575036463 2
1575036464 2
1575036465 2
1575036466 2
1575036467 2
1575036468 2
1575036469 2
1575036470 2
1575036471 2
1575036472 2
1575036473 2
1575036474 2
1575036475 2
1575036476 3
1575036477 3
1575036478 3
1575036479 3
1575036480 3
1575036481 3
1575036482 4
1575036483 4
1575036484 4
1575036485 4
1575036486 3
1575036487 2
1575036488 2
1575036489 2
1575036490 2
1575036491 2
1575036492 2
1575036493 2
1575036494 2
1575036495 2
1575036496 2
1575036497 2
1575036498 2
1575036499 2
1575036500 2
1575036501 2
1575036502 2
1575036503 3
1575036504 4
1575036505 4
1575036506 4
1575036507 5
1575036508 5
1575036509 5
1575036510 5
1575036511 5
1575036512 4
1575036513 4
1575036514 4
1575036515 4
1575036516 4
1575036517 3
1575036518 2
1575036519 2
1575036520 2
1575036521 2
1575036522 2
1575036523 2
1575036524 2
1575036525 2
1575036526 2
1575036527 2
1575036528 2
1575036529 2
1575036530 2
1575036531 2
1575036532 2
1575036533 2
1575036534 3
1575036535 3
1575036536 5
1575036537 4
1575036538 4
1575036539 3
1575036540 3
1575036541 3
1575036542 3
1575036543 3
1575036544 3
1575036545 2
1575036546 2
1575036547 2
1575036548 2
1575036549 2
1575036550 3
1575036551 3
1575036552 3
1575036553 2
1575036554 2
1575036555 2
1575036556 2
1575036557 2
1575036558 2
1575036559 3
1575036560 2
1575036561 2
1575036562 2
1575036563 2
1575036564 4
1575036565 4
1575036566 3
1575036567 3
1575036568 2
1575036569 2
1575036570 2
1575036571 2
1575036572 2
1575036573 2
1575036574 2
1575036575 2
1575036576 2
1575036577 4
1575036578 2
1575036579 2
1575036580 2
1575036581 2
1575036582 2
1575036583 2
1575036584 2
1575036585 2
1575036586 2
1575036587 2
1575036588 2
1575036589 2
1575036590 2
1575036591 2
1575036592 2
1575036593 2
1575036594 4
1575036595 5
1575036596 5
1575036597 2
1575036598 2
1575036599 2
1575036600 2
1575036601 3
1575036602 2
1575036603 2
1575036604 3
1575036605 2
1575036606 2
1575036607 2
1575036608 3
1575036609 2
1575036610 2
1575036611 2
1575036612 2
1575036613 2
1575036614 2
1575036615 2
1575036616 2
1575036617 2
1575036618 2
1575036619 2
1575036620 2
1575036621 2
1575036622 4
1575036623 4
1575036624 5
1575036625 6
1575036626 5
1575036627 3
1575036628 3
1575036629 2
1575036630 2
1575036631 2
1575036632 2
1575036633 2
1575036634 2
1575036635 3
1575036636 2
1575036637 2
1575036638 3
1575036639 3
1575036640 3
1575036641 2
1575036642 2
1575036643 2
1575036644 2
1575036645 3
1575036646 3
1575036647 3
1575036648 3
1575036649 4
1575036650 4
1575036651 5
1575036652 4
1575036653 5
1575036654 6
1575036655 6
1575036656 4
1575036657 2
1575036658 2
1575036915 4
1575036916 3
1575036917 3
1575036918 2
1575036919 3
1575036920 3
1575036921 3
1575036922 5
1575037474 4
1575037475 4
1575037476 3
1575037477 3
1575037478 3
1575037479 2
1575037480 2
1575037481 3
1575038477 3
1575038478 2
1575038479 1
1575038480 1
1575038481 1
1575038482 1
1575038483 1
1575038484 2
1575038485 3
1575038486 2
1575038487 2
1575038488 2
1575038489 5
1575038490 5
1575038491 4
1575038492 4
1575038493 4
1575038494 4
1575038495 4
1575038496 3
1575038497 3
1575038498 3
1575038499 3
1575038500 2
1575038501 2
1575038502 2
1575038503 2
1575038504 2
1575038505 3
1575038506 3
1575038507 2
1575038508 2
1575038509 3
1575038510 3
1575038511 3
1575038512 2
1575038513 2
1575038514 2
1575038515 2
1575038516 3
1575038517 2
1575038518 3
1575038519 5
1575038520 5
1575038521 5
1575038522 3
1575038523 2
1575038524 2
1575038525 2
1575038526 2
1575038527 2
1575038528 2
1575038529 2
1575038530 3
1575038531 2
1575038532 2
1575038533 2
1575038534 2
1575038535 2
1575038536 2
1575038537 2
1575038538 2
1575038539 3
1575038540 2
1575038541 2
1575038542 2
1575038543 2
1575038544 2
1575038545 2
1575038546 2
1575038547 4
1575038548 4
1575038549 4
1575038550 4
1575038551 2
1575038552 2
1575038553 2
1575038554 2
1575038555 2
1575038556 2
1575038557 2
1575038558 2
1575038559 2
1575038560 2
1575038561 2
1575038562 4
1575038563 2
1575038564 2
1575038565 2
1575038566 3
1575038567 3
1575038568 2
1575038569 2
1575038570 2
1575038571 2
1575038572 2
1575038573 2
1575038574 2
1575038575 2
1575038576 4
1575038577 4
1575038578 3
1575038579 3
1575038580 2
1575038581 2
1575038582 2
1575038583 2
1575038584 3
1575038585 3
1575038586 2
1575038587 3
1575038588 3
1575038589 3
1575038590 3
1575038591 4
1575038592 2
1575038593 2
1575038594 2
1575038595 2
1575038596 2
1575038597 2
1575038598 3
1575038599 2
1575038600 2
1575038601 2
1575038602 3
1575038603 3
1575038604 4
1575038605 4
1575038606 4
1575038607 4
1575038608 3
1575038609 3
1575038610 2
1575038611 2
1575038612 2
1575038613 2
1575038614 2
1575038615 2
1575038616 2
1575038617 2
1575038618 2
1575038619 2
1575038620 2
1575038621 2
1575038622 2
1575038623 2
1575038624 2
1575038625 3
1575038626 4
1575038627 5
1575038628 4
1575038629 5
1575038630 5
1575038631 5
1575038632 5
1575038633 5
1575038634 5
1575038635 5
1575038636 4
1575038637 5
1575038638 5
1575038639 4
1575038640 4
1575038641 2
1575038642 2
1575038643 2
1575038644 2
1575038645 2
1575038646 2
1575038647 2
1575038648 1
1575038649 2
1575038650 2
1575038651 2
1575038652 2
1575038653 2
1575038654 2
1575038655 2
1575038656 2
1575038657 3
1575038658 3
1575038659 5
1575038660 4
1575038661 4
1575038662 2
1575038663 3
1575038664 3
1575038665 3
1575038666 3
1575038667 3
1575038668 2
1575038669 2
1575038670 2
1575038671 2
1575038672 2
1575038673 3
1575038674 3
1575038675 3
1575038676 2
1575038677 3
1575038678 2
1575038679 2
1575038680 2
1575038681 2
1575038682 2
1575038683 2
1575038684 2
1575038685 2
1575038686 2
1575038687 4
1575038688 4
1575038689 5
1575038690 3
1575038691 2
1575038692 2
1575038693 2
1575038694 2
1575038695 2
1575038696 2
1575038697 2
1575038698 2
1575038699 2
1575038700 3
1575038701 3
1575038702 2
1575038703 2
1575038704 2
1575038705 3
1575038706 2
1575038707 2
1575038708 2
1575038709 2
1575038710 2
1575038711 2
1575038712 2
1575038713 2
1575038714 2
1575038715 2
1575038716 2
1575038717 2
1575038718 4
1575038719 4
1575038720 4
1575038721 3
1575038722 2
1575038723 2
1575038724 2
1575038725 2
1575038726 2
1575038727 2
1575038728 2
1575038729 2
1575038730 2
1575038731 2
1575038732 2
1575038733 3
1575038734 2
1575038735 2
1575038736 3
1575038737 2
1575038738 2
1575038739 2
1575038740 2
1575038741 2
1575038742 2
1575038743 2
1575038744 2
1575038745 3
1575038746 6
1575038747 4
1575038748 4
1575038749 4
1575038750 3
1575038751 2
1575038752 2
1575038753 2
1575038754 2
1575038755 2
1575038756 2
1575038757 2
1575038758 3
1575038759 2
1575038760 2
1575038761 2
1575038762 2
1575038763 2
1575038764 2
1575038765 2
1575038766 2
1575038767 2
1575038768 3
1575038769 3
1575038770 3
1575038771 3
1575038772 4
1575038773 3
1575038774 4
1575038775 4
1575038776 4
1575038777 5
1575038778 6
1575038779 5
1575038780 2
1575038781 2
1575039044 3
1575039045 2
1575039046 1
1575039047 1
1575039048 1
1575039049 1
1575039050 1
1575039051 2
1575039052 2
1575039053 2
1575039054 2
1575039055 2
1575039056 2
1575039057 4
1575039058 6
1575039059 4
1575039060 4
1575039061 4
1575039062 5
1575039063 3
1575039064 3
1575039065 4
1575039066 4
1575039067 3
1575039068 3
1575039069 2
1575039070 2
1575039071 2
1575039072 2
1575039073 3
1575039074 3
1575039075 2
1575039076 2
1575039077 2
1575039078 2
1575039079 2
1575039080 2
1575039081 2
1575039082 2
1575039083 2
1575039084 2
1575039085 4
1575039086 2
1575039087 4
1575039088 4
1575039089 5
1575039090 4
1575039091 3
1575039092 2
1575039093 2
1575039094 2
1575039095 2
1575039096 2
1575039097 2
1575039098 2
1575039099 3
1575039100 2
1575039101 2
1575039102 2
1575039103 4
1575039104 4
1575039105 2
1575039106 2
1575039107 2
1575039108 2
1575039109 2
1575039110 2
1575039111 2
1575039112 2
1575039113 2
1575039114 3
1575039115 2
1575039116 4
1575039117 4
1575039118 4
1575039119 5
1575039120 2
1575039121 2
1575039122 2
1575039123 2
1575039124 2
1575039125 2
1575039126 2
1575039127 2
1575039128 2
1575039129 2
1575039130 2
1575039131 3
1575039132 2
1575039133 2
1575039134 2
1575039135 2
1575039136 3
1575039137 2
1575039138 2
1575039139 2
1575039140 2
1575039141 2
1575039142 2
1575039143 2
1575039144 3
1575039145 2
1575039146 4
1575039147 4
1575039148 3
1575039149 4
1575039150 2
1575039151 2
1575039152 2
1575039153 2
1575039154 3
1575039155 2
1575039156 2
1575039157 2
1575039158 3
1575039159 2
1575039160 2
1575039161 3
1575039162 2
1575039163 2
1575039164 2
1575039165 2
1575039166 2
1575039167 2
1575039168 3
1575039169 3
1575039170 3
1575039171 3
1575039172 4
1575039173 3
1575039174 4
1575039175 4
1575039176 3
1575039177 3
1575039178 3
1575039179 2
1575039180 2
1575039181 2
1575039182 2
1575039183 2
1575039184 2
1575039185 2
1575039186 2
1575039187 2
1575039188 2
1575039189 2
1575039190 2
1575039191 2
1575039192 2
1575039193 2
1575039194 2
1575039195 2
1575039196 4
1575039197 4
1575039198 4
1575039199 4
1575039200 5
1575039201 5
1575039202 5
1575039203 5
1575039204 5
1575039205 4
1575039206 4
1575039207 4
1575039208 5
1575039209 5
1575039210 4
1575039211 3
1575039212 2
1575039213 2
1575039214 2
1575039215 2
1575039216 2
1575039217 2
1575039218 2
1575039219 2
1575039220 2
1575039221 2
1575039222 2
1575039223 2
1575039224 2
1575039225 2
1575039226 2
1575039227 3
1575039228 3
1575039229 5
1575039230 4
1575039231 4
1575039232 3
1575039233 3
1575039234 3
1575039235 3
1575039236 3
1575039237 3
1575039238 2
1575039239 2
1575039240 2
1575039241 2
1575039242 2
1575039243 2
1575039244 3
1575039245 3
1575039246 3
1575039247 2
1575039248 2
1575039249 2
1575039250 2
1575039251 2
1575039252 2
1575039253 2
1575039254 2
1575039255 2
1575039256 2
1575039257 3
1575039258 4
1575039259 4
1575039260 4
1575039261 2
1575039262 2
1575039263 2
1575039264 2
1575039265 2
1575039266 2
1575039267 2
1575039268 2
1575039269 2
1575039270 2
1575039271 3
1575039272 2
1575039273 2
1575039274 2
1575039275 2
1575039276 2
1575039277 2
1575039278 2
1575039279 2
1575039280 2
1575039281 2
1575039282 2
1575039283 2
1575039284 2
1575039285 2
1575039286 2
1575039287 2
1575039288 5
1575039289 4
1575039290 4
1575039291 2
1575039292 2
1575039293 2
1575039294 2
1575039295 2
1575039296 2
1575039297 2
1575039298 2
1575039299 2
1575039300 2
1575039301 2
1575039302 3
1575039303 2
1575039304 3
1575039305 2
1575039306 2
1575039307 2
1575039308 2
1575039309 2
1575039310 2
1575039311 2
1575039312 2
1575039313 2
1575039314 2
1575039315 2
1575039316 3
1575039317 5
1575039318 4
1575039319 3
1575039320 2
1575039321 2
1575039322 2
1575039323 2
1575039324 2
1575039325 3
1575039326 2
1575039327 3
1575039328 3
1575039329 2
1575039330 3
1575039331 2
1575039332 2
1575039333 3
1575039334 2
1575039335 2
1575039336 2
1575039337 2
1575039338 2
1575039339 2
1575039340 3
1575039341 3
1575039342 3
1575039343 4
1575039344 3
1575039345 4
1575039346 4
1575039347 4
1575039348 5
1575039349 5
1575039350 4
1575039351 3
1575039352 2
