1575114515 2
1575114516 2
1575114517 2
1575114518 1
1575114519 1
1575114520 1
1575114521 3
1575114522 4
1575114822 5
1575114823 5
1575114824 2
1575114825 1
1575114826 1
1575114827 1
1575114828 2
1575114829 2
1575115131 3
1575115132 2
1575115133 1
1575115134 1
1575115135 1
1575115136 3
1575115137 3
1575115138 4
1575115139 3
1575115140 3
1575115141 3
1575115142 3
1575115143 4
1575115144 5
1575115145 5
1575115146 6
1575115147 5
1575115148 5
1575115149 5
1575115150 5
1575115151 6
1575115152 4
1575115153 5
1575115154 5
1575115155 4
1575115156 3
1575115157 3
1575115440 3
1575115441 3
1575115442 2
1575115443 1
1575115444 1
1575115445 1
1575115446 3
1575115447 4
1575115749 2
1575115750 3
1575115751 2
1575115752 1
1575115753 1
1575115754 1
1575115755 3
1575115756 4
1575115757 4
1575115758 4
1575115759 3
1575115760 3
1575115761 2
1575115762 5
1575115763 5
1575115764 5
1575115765 6
1575115766 5
1575115767 5
1575115768 5
1575115769 6
1575115770 5
1575115771 5
1575115772 5
1575115773 5
1575115774 4
1575115775 3
1575115776 3
1575116066 4
1575116067 2
1575116068 2
1575116069 2
1575116070 1
1575116071 1
1575116072 3
1575116073 4
1575116377 4
1575116378 3
1575116379 2
1575116380 1
1575116381 1
1575116382 1
1575116383 2
1575116384 3
1575116385 4
1575116685 2
1575116686 2
1575116687 2
1575116688 1
1575116689 1
1575116690 1
1575116691 3
1575116692 4
1575116996 3
1575116997 3
1575116998 2
1575116999 1
1575117000 1
1575117001 3
1575117002 3
1575117003 4
1575117304 2
1575117305 2
1575117306 1
1575117307 1
1575117308 1
1575117309 2
1575117310 3
1575117311 4
1575117312 4
1575117313 4
1575117314 3
1575117315 3
1575117316 2
1575117317 6
1575117318 5
1575117319 5
1575117320 5
1575117321 5
1575117322 5
1575117323 5
1575117324 5
1575117325 6
1575117326 5
1575117327 6
1575117328 5
1575117329 5
1575117330 2
1575117331 3
1575120309 4
1575120310 3
1575120311 2
1575120312 1
1575120313 1
1575120314 3
1575120315 3
1575120316 4
1575120872 3
1575120873 2
1575120874 2
1575120875 2
1575120876 1
1575120877 2
1575120878 3
1575120879 4
1575121433 3
1575121434 2
1575121435 2
1575121436 1
1575121437 1
1575121438 3
1575121439 3
1575121440 4
1575122494 4
1575122495 3
1575122496 2
1575122497 1
1575122498 1
1575122499 1
1575122500 2
1575122501 2
1575123052 2
1575123053 3
1575123054 1
1575123055 1
1575123056 1
1575123057 2
1575123058 3
1575123059 4
1575123060 4
1575123061 3
1575123062 3
1575123063 3
1575123064 3
1575123065 5
1575123066 5
1575123067 4
1575123068 5
1575123069 4
1575123070 5
1575123071 4
1575123072 3
1575123073 3
1575123074 3
1575123075 2
1575123076 2
1575123077 2
1575123078 2
1575123079 2
1575123080 2
1575123081 3
1575123082 3
1575123083 2
1575123084 2
1575123085 2
1575123086 2
1575123087 2
1575123088 2
1575123089 2
1575123090 2
1575123091 2
1575123092 4
1575123093 2
1575123094 4
1575123095 4
1575123096 4
1575123097 4
1575123098 4
1575123099 2
1575123100 2
1575123101 2
1575123102 2
1575123103 2
1575123104 2
1575123105 2
1575123106 3
1575123107 2
1575123108 2
1575123109 2
1575123110 2
1575123111 2
1575123112 2
1575123113 3
1575123114 2
1575123115 2
1575123116 2
1575123117 2
1575123118 2
1575123119 2
1575123120 2
1575123121 3
1575123122 2
1575123123 4
1575123124 4
1575123125 4
1575123126 4
1575123127 3
1575123128 3
1575123129 3
1575123130 2
1575123131 2
1575123132 2
1575123133 2
1575123134 2
1575123135 2
1575123136 2
1575123137 2
1575123138 4
1575123139 2
1575123140 2
1575123141 2
1575123142 2
1575123143 3
1575123144 3
1575123145 2
1575123146 2
1575123147 2
1575123148 2
1575123149 2
1575123150 2
1575123151 3
1575123152 2
1575123153 4
1575123154 4
1575123155 5
1575123156 3
1575123157 2
1575123158 2
1575123159 2
1575123160 2
1575123161 2
1575123162 2
1575123163 4
1575123164 3
1575123165 3
1575123166 2
1575123167 4
1575123168 4
1575123169 3
1575123170 3
1575123171 2
1575123172 2
1575123173 2
1575123174 2
1575123175 3
1575123176 3
1575123177 3
1575123178 4
1575123179 3
1575123180 3
1575123181 4
1575123182 4
1575123183 4
1575123184 3
1575123185 3
1575123186 2
1575123187 2
1575123188 2
1575123189 2
1575123190 2
1575123191 2
1575123192 2
1575123193 2
1575123194 2
1575123195 2
1575123196 2
1575123197 2
1575123198 2
1575123199 2
1575123200 2
1575123201 2
1575123202 3
1575123203 4
1575123204 4
1575123205 4
1575123206 5
1575123207 5
1575123208 5
1575123209 5
1575123210 5
1575123211 4
1575123212 4
1575123213 4
1575123214 4
1575123215 4
1575123216 2
1575123217 2
1575123218 2
1575123219 2
1575123220 2
1575123221 2
1575123222 2
1575123223 2
1575123224 2
1575123225 2
1575123226 2
1575123227 2
1575123228 2
1575123229 2
1575123230 2
1575123231 2
1575123232 3
1575123233 3
1575123234 5
1575123235 4
1575123236 4
1575123237 3
1575123238 3
1575123239 3
1575123240 3
1575123241 3
1575123242 3
1575123243 2
1575123244 2
1575123245 2
1575123246 2
1575123247 2
1575123248 3
1575123249 3
1575123250 3
1575123251 2
1575123252 3
1575123253 2
1575123254 2
1575123255 2
1575123256 2
1575123257 2
1575123258 2
1575123259 2
1575123260 2
1575123261 2
1575123262 5
1575123263 4
1575123264 4
1575123265 3
1575123266 2
1575123267 2
1575123268 2
1575123269 2
1575123270 3
1575123271 2
1575123272 2
1575123273 2
1575123274 2
1575123275 2
1575123276 3
1575123277 2
1575123278 2
1575123279 2
1575123280 3
1575123281 2
1575123282 2
1575123283 2
1575123284 2
1575123285 2
1575123286 2
1575123287 2
1575123288 2
1575123289 2
1575123290 2
1575123291 2
1575123292 2
1575123293 4
1575123294 4
1575123295 4
1575123296 3
1575123297 3
1575123298 2
1575123299 2
1575123300 2
1575123301 2
1575123302 2
1575123303 2
1575123304 2
1575123305 2
1575123306 2
1575123307 2
1575123308 3
1575123309 2
1575123310 2
1575123311 2
1575123312 2
1575123313 2
1575123314 2
1575123315 2
1575123316 2
1575123317 2
1575123318 2
1575123319 2
1575123320 2
1575123321 6
1575123322 4
1575123323 4
1575123324 4
1575123325 2
1575123326 3
1575123327 2
1575123328 2
1575123329 2
1575123330 2
1575123331 2
1575123332 3
1575123333 3
1575123334 2
1575123335 2
1575123336 2
1575123337 3
1575123338 2
1575123339 2
1575123340 2
1575123341 2
1575123342 2
1575123343 3
1575123344 3
1575123345 3
1575123346 3
1575123347 4
1575123348 3
1575123349 4
1575123350 4
1575123351 4
1575123352 5
1575123353 5
1575123354 4
1575123355 2
1575123356 3
1575123612 3
1575123613 2
1575123614 1
1575123615 1
1575123616 1
1575123617 2
1575123618 2
1575124168 2
1575124169 2
1575124170 1
1575124171 1
1575124172 1
1575124173 3
1575124174 4
1575124736 3
1575124737 2
1575124738 2
1575124739 1
1575124740 1
1575124741 2
1575124742 3
1575124743 4
1575125291 2
1575125292 3
1575125293 2
1575125294 2
1575125295 1
1575125296 1
1575125297 3
1575125298 3
1575125299 4
1575125860 2
1575125861 3
1575125862 3
1575125863 1
1575125864 1
1575125865 1
1575125866 3
1575125867 4
