1574710686 0 
1574710687 0 
1574710688 0 
1574710689 0 
1574710690 0 
1574710691 0 
1574710692 0 
1574710693 0 
1574710694 0 
1574710695 0 
1574710696 0 
1574710697 0 
1574710698 0 
1574710699 0 
1574710700 0 
1574710701 0 
1574710702 0 
1574710703 0 
1574710704 0 
1574710705 0 
1574710706 0 
1574710707 0 
1574710708 0 
1574710709 0 
1574710710 0 
1574710711 0 
1574710712 0 
1574710713 0 
1574710714 0 
1574710715 0 
1574710716 0 
1574708798 0 
1574708799 0 
1574708800 0 
1574708801 0 
1569854327 2 
1569854328 2 
1569854329 1 
1569854330 1 
1569854331 1 
1569854332 1 
1570448872 0 
1570448873 0 
1570448874 0 
1570448875 0 
1570448876 0 
1570448877 0 
1570449373 0 
1570449374 0 
1570449375 0 
1570449376 0 
1570449377 0 
1570449378 0 
1571323359 3 
1571323360 2 
1571323361 2 
1571323362 1 
1571323363 1 
1571323364 1 
1571323752 1 
1571323753 1 
1571323754 0 
1571323755 1 
1571323756 1 
1571324155 1 
1571324156 1 
1571324157 0 
1571324158 0 
1571324159 0 
1571324553 1 
1571324554 1 
1571324555 0 
1571324556 0 
1571324557 0 
1571324558 0 
1571327484 0 
1571327485 0 
1571327486 0 
1571327487 0 
1571327488 0 
1571327489 0 
1571327875 0 
1571327876 0 
1571327877 0 
1571327878 0 
1571327879 0 
1571328265 0 
1571328266 0 
1571328267 2 
1571328268 1 
1571328269 1 
1571328270 1 
1571328656 0 
1571328657 2 
1571328658 1 
1571328659 1 
1571328660 1 
1571328661 1 
1571329048 0 
1571329049 0 
1571329050 0 
1571329051 0 
1571329052 0 
1571329439 0 
1571329440 0 
1571329441 0 
1571329442 0 
1571329443 0 
1571330031 0 
1571330032 0 
1571330033 0 
1571330034 0 
1571330035 0 
1571330036 0 
1571397987 1 
1571397988 0 
1571397989 0 
1571397990 0 
1571397991 0 
1571398383 1 
1571398384 1 
1571398385 1 
1571398386 0 
1571398387 0 
1571398776 3 
1571398777 1 
1571398778 0 
1571398779 0 
1571398780 0 
1571399167 1 
1571399168 1 
1571399169 1 
1571399170 1 
1571399171 0 
1571399557 1 
1571399558 1 
1571399559 0 
1571399560 0 
1571399561 0 
1571399562 0 
1571399955 1 
1571399956 1 
1571399957 1 
1571399958 0 
1571399959 0 
1571400348 2 
1571400349 2 
1571400350 0 
1571400351 0 
1571400352 0 
1571400353 1 
1571400775 2 
1571400776 2 
1571400777 1 
1571400778 1 
1571400779 1 
1571401167 1 
1571401168 1 
1571401169 0 
1571401170 0 
1571401171 0 
1571401172 0 
1571401559 1 
1571401560 1 
1571401561 0 
1571401562 0 
1571401563 0 
1571401564 0 
1571406941 1 
1571406942 0 
1571406943 0 
1571406944 0 
1571406945 0 
1571407330 2 
1571407331 2 
1571407332 1 
1571407333 0 
1571407334 0 
1571407335 1 
1571407723 2 
1571407724 2 
1571407725 0 
1571407726 0 
1571407727 0 
1571407728 0 
1571408064 1 
1571408065 1 
1571408066 1 
1571408067 0 
1571408068 0 
1571408069 1 
1571408070 0 
1571408071 0 
1571408072 0 
1571408073 1 
1571408074 1 
1571408075 1 
1571408076 1 
1571408077 0 
1571408078 0 
1571408079 0 
1571408080 0 
1571408081 0 
1571408082 0 
1571408083 0 
1571408084 0 
1571408085 0 
1571408086 0 
1571408087 1 
1571408088 1 
1571408089 0 
1571408090 0 
1571408091 0 
1571408092 0 
1571408093 0 
1571408094 1 
1571408095 0 
1571408096 1 
1571408097 1 
1571408098 1 
1571408099 1 
1571408100 2 
1571408101 2 
1571408102 2 
1571408103 2 
1571408104 3 
1571408105 3 
1571408106 3 
1571408107 2 
1571408108 2 
1571408109 2 
1571408110 1 
1571408111 1 
1571408112 1 
1571408113 1 
1571408114 0 
1571408115 0 
1571408116 0 
1571408506 2 
1571408507 1 
1571408508 0 
1571408509 0 
1571408510 0 
1571665998 2 
1571665999 2 
1571666000 1 
1571666001 1 
1571666002 1 
1571666003 1 
1571666387 1 
1571666388 1 
1571666389 0 
1571666390 0 
1571666391 0 
1571666779 2 
1571666780 1 
1571666781 0 
1571666782 0 
1571666783 0 
1571666784 0 
1571667171 1 
1571667172 1 
1571667173 0 
1571667174 0 
1571667175 0 
1571667176 0 
1571667615 1 
1571667616 1 
1571667617 1 
1571667618 0 
1571667619 0 
1571667620 0 
1571669266 0 
1571669267 0 
1571669268 0 
1571669269 0 
1571669270 0 
1571669271 0 
1571669272 0 
1571669660 0 
1571669661 0 
1571669662 0 
1571669663 0 
1571669664 0 
1571669665 0 
1571754178 2 
1571754179 1 
1571754180 1 
1571754181 0 
1571754182 0 
1571754568 1 
1571754569 1 
1571754570 0 
1571754571 0 
1571754572 0 
1571754573 1 
1571754969 1 
1571754970 1 
1571754971 1 
1571754972 0 
1571754973 0 
1571754974 1 
1571755366 1 
1571755367 0 
1571755368 0 
1571755369 0 
1571755370 0 
1571756597 0 
1571756598 0 
1571756599 0 
1571756600 0 
1571756601 0 
1571756602 0 
1571756975 0 
1571756976 0 
1571756977 1 
1571756978 1 
1571756979 1 
1571756980 1 
1571756981 0 
1571756982 1 
1571756983 1 
1571756984 1 
1571756985 1 
1571756986 2 
1571756987 2 
1571756988 0 
1571756989 0 
1571756990 0 
1571756991 0 
1571756992 0 
1571756993 0 
1571756994 0 
1571756995 0 
1571756996 0 
1571756997 1 
1571756998 0 
1571756999 1 
1571757000 1 
1571757001 0 
1571757002 0 
1571757003 0 
1571757004 0 
1571757005 1 
1571757006 0 
1571757007 0 
1571757008 0 
1571757009 0 
1571757010 0 
1571757011 0 
1571757012 0 
1571757013 0 
1571757014 1 
1571757015 1 
1571757016 1 
1571757017 2 
1571757018 2 
1571757019 3 
1571757020 2 
1571757021 3 
1571757022 4 
1571757023 3 
1571757024 2 
1571757025 2 
1571757026 1 
1571757027 1 
1571757028 1 
1571757029 1 
1571757030 0 
1571757031 0 
1571757032 2 
1571757033 1 
1571757457 1 
1571757458 0 
1571757459 0 
1571757460 0 
1571757461 0 
1571757853 1 
1571757854 1 
1571757855 1 
1571757856 0 
1571757857 0 
1571758246 2 
1571758247 2 
1571758248 0 
1571758249 0 
1571758250 0 
1571758251 0 
1571758636 1 
1571758637 1 
1571758638 1 
1571758639 0 
1571758640 0 
1571758641 0 
1571762250 1 
1571762251 1 
1571762252 0 
1571762253 0 
1571762254 0 
1571762255 0 
1571762647 1 
1571762648 1 
1571762649 1 
1571762650 0 
1571762651 0 
1571763040 1 
1571763041 0 
1571763042 0 
1571763043 0 
1571763044 0 
1571763428 1 
1571763429 1 
1571763430 0 
1571763431 0 
1571763432 0 
1571763822 2 
1571763823 1 
1571763824 0 
1571763825 0 
1571763826 0 
1571764228 1 
1571764229 0 
1571764230 0 
1571764231 0 
1571764232 0 
1571764637 1 
1571764638 1 
1571764639 1 
1571764640 0 
1571764641 0 
1571764642 1 
1571765029 2 
1571765030 1 
1571765031 0 
1571765032 0 
1571765033 0 
1571765418 1 
1571765419 1 
1571765420 1 
1571765421 0 
1571765422 0 
1571765423 1 
1571765809 2 
1571765810 1 
1571765811 0 
1571765812 0 
1571765813 0 
1571766386 3 
1571766387 2 
1571766388 1 
1571766389 1 
1571766390 0 
1571766391 0 
1571767169 1 
1571767170 1 
1571767171 1 
1571767172 0 
1571767173 0 
1572006422 0 
1572006423 0 
1572006424 0 
1572006425 0 
1572006426 0 
1572006427 0 
1572006428 1 
1572006429 1 
1572006430 1 
1572007135 2 
1572007136 1 
1572007137 1 
1572007138 0 
1572007139 0 
1572007140 1 
1572007528 2 
1572007529 2 
1572007530 0 
1572007531 0 
1572007532 0 
1572008029 2 
1572008030 1 
1572008031 1 
1572008032 1 
1572008033 0 
1572008034 0 
1572008430 1 
1572008431 1 
1572008432 0 
1572008433 0 
1572008434 0 
1572008435 0 
1572008833 1 
1572008834 1 
1572008835 1 
1572008836 1 
1572008837 0 
1572008838 0 
1572009228 1 
1572009229 0 
1572009230 0 
1572009231 0 
1572009232 0 
1572009617 1 
1572009618 1 
1572009619 1 
1572009620 0 
1572009621 0 
1572010009 1 
1572010010 0 
1572010011 0 
1572010012 0 
1572010013 0 
1572010404 1 
1572010405 1 
1572010406 1 
1572010407 0 
1572010408 0 
1572010409 0 
1572010795 1 
1572010796 1 
1572010797 0 
1572010798 0 
1572010799 0 
1572010800 0 
1572013357 0 
1572013358 0 
1572013359 0 
1572013360 0 
1572013361 0 
1572013362 0 
1572013750 0 
1572013751 0 
1572013752 0 
1572013753 0 
1572013754 0 
1572013755 0 
1572014142 0 
1572014143 0 
1572014144 0 
1572014145 0 
1572014146 0 
1572014147 0 
1572014532 0 
1572014533 0 
1572014534 0 
1572014535 0 
1572014536 0 
1572014537 0 
1572014923 1 
1572014924 1 
1572014925 0 
1572014926 0 
1572014927 0 
1572268973 1 
1572268974 1 
1572268975 0 
1572268976 0 
1572268977 0 
1572268978 0 
1572269393 0 
1572269394 0 
1572269395 0 
1572269396 0 
1572269397 0 
1572269398 0 
1572269808 1 
1572269809 0 
1572269810 0 
1572269811 0 
1572269812 0 
1572270214 2 
1572270215 1 
1572270216 0 
1572270217 0 
1572270218 1 
1572270219 1 
1572270609 3 
1572270610 2 
1572270611 0 
1572270612 0 
1572270613 1 
1572270614 0 
1572271099 0 
1572271100 0 
1572271101 1 
1572272345 0 
1572272346 0 
1572272347 0 
1572272348 0 
1572272349 0 
1572272676 2 
1572272677 2 
1572272678 2 
1572272679 1 
1572273010 2 
1572273011 1 
1572273012 0 
1572273013 1 
1572273357 1 
1572273358 1 
1572273359 0 
1572273360 0 
1572273689 1 
1572273690 0 
1572273691 0 
1572273692 1 
1572273693 0 
1572276113 0 
1572276114 0 
1572276115 0 
1572276116 0 
1572276117 0 
1572276450 0 
1572276451 0 
1572276452 2 
1572276453 1 
1572276785 2 
1572276786 1 
1572276787 1 
1572276788 1 
1572277116 0 
1572277117 0 
1572277118 0 
1572277119 0 
1572277451 0 
1572277452 0 
1572277453 0 
1572277454 0 
1572277810 0 
1572277811 0 
1572277812 0 
1572277813 0 
1572278142 0 
1572278143 0 
1572278144 0 
1572278145 0 
1572278146 0 
1572278474 0 
1572278475 0 
1572278476 0 
1572278477 0 
1572363533 0 
1572363534 0 
1572363535 0 
1572363536 0 
1572363862 2 
1572363863 2 
1572363864 2 
1572363865 1 
1572363866 1 
1572364192 1 
1572364193 1 
1572364194 0 
1572364195 0 
1572364196 0 
1572364522 2 
1572364523 1 
1572364524 1 
1572364525 0 
1572364526 0 
1572364861 1 
1572364862 0 
1572364863 0 
1572364864 0 
1572364865 0 
1572365198 1 
1572365199 1 
1572365200 0 
1572365201 0 
1572365575 2 
1572365576 0 
1572365577 0 
1572365578 0 
1572365949 1 
1572365950 1 
1572365951 0 
1572365952 0 
1572366289 2 
1572366290 0 
1572366291 0 
1572366292 0 
1572366293 0 
1572366624 1 
1572366625 0 
1572366626 0 
1572366627 0 
1572369651 1 
1572369652 0 
1572369653 0 
1572369654 0 
1572369655 0 
1572369982 2 
1572369983 1 
1572369984 0 
1572369985 0 
1572370312 1 
1572370313 0 
1572370314 0 
1572370315 0 
1572370644 1 
1572370645 1 
1572370646 0 
1572370647 0 
1572370648 0 
1572370972 1 
1572370973 1 
1572370974 0 
1572370975 0 
1572370976 0 
1572371306 1 
1572371307 0 
1572371308 0 
1572371309 0 
1572371635 1 
1572371636 0 
1572371637 0 
1572371638 0 
1572371966 1 
1572371967 1 
1572371968 0 
1572371969 0 
1572371970 0 
1572372295 1 
1572372296 1 
1572372297 0 
1572372298 0 
1572372625 1 
1572372626 0 
1572372627 0 
1572372628 0 
1572533635 0 
1572533636 0 
1572533637 0 
1572533638 0 
1572533639 0 
1572533974 1 
1572533975 1 
1572533976 1 
1572533977 0 
1572533978 1 
1572533979 1 
1572533980 1 
1572533981 1 
1572533982 1 
1572534321 2 
1572534322 2 
1572534323 0 
1572534324 0 
1572534325 0 
1572534326 0 
1572534327 1 
1572534328 1 
1572534329 1 
1572534669 1 
1572534670 0 
1572534671 0 
1572534672 0 
1572535003 0 
1572535004 0 
1572535005 0 
1572535006 0 
1572535350 1 
1572535351 1 
1572535352 0 
1572535353 0 
1572535354 0 
1572535639 0 
1572535640 1 
1572535641 1 
1572535642 1 
1572535643 1 
1572535644 2 
1572535645 3 
1572535646 1 
1572535647 2 
1572535648 2 
1572535649 1 
1572535650 3 
1572535651 2 
1572535652 0 
1572535653 0 
1572535654 0 
1572535655 0 
1572535656 0 
1572535657 0 
1572535658 1 
1572535659 0 
1572535660 1 
1572535661 1 
1572535662 0 
1572535663 0 
1572535664 0 
1572535665 0 
1572535666 0 
1572535667 0 
1572535668 0 
1572535669 1 
1572535670 1 
1572535671 2 
1572535672 2 
1572535673 2 
1572535674 2 
1572535675 3 
1572535676 4 
1572535677 1 
1572535678 2 
1572535679 2 
1572535680 2 
1572535681 1 
1572535682 1 
1572535683 0 
1572535684 1 
1572536016 1 
1572536017 0 
1572536018 0 
1572536019 0 
1572536379 1 
1572536380 1 
1572536381 0 
1572536382 1 
1572536714 0 
1572536715 0 
1572536716 0 
1572536717 0 
1572536718 0 
1572537284 0 
1572537285 0 
1572537286 0 
1572537287 0 
1572537288 0 
1572537289 0 
1572537290 0 
1572537291 0 
1572537292 0 
1572537293 1 
1572537294 1 
1572537295 0 
1572537296 0 
1572537297 0 
1572537298 0 
1572537299 0 
1572537300 0 
1572537301 0 
1572537302 1 
1572537303 3 
1572537304 3 
1572537305 3 
1572537306 2 
1572537307 3 
1572537308 6 
1572537309 3 
1572537310 3 
1572537311 3 
1572537312 3 
1572537313 3 
1572537314 2 
1572537315 2 
1572537316 1 
1572537317 2 
1572537941 3 
1572537942 3 
1572537943 2 
1572537944 1 
1572537945 1 
1572537946 0 
1572537947 0 
1572537948 1 
1572537949 1 
1572537950 1 
1572537951 1 
1572537952 1 
1572537953 1 
1572537954 1 
1572537955 1 
1572537956 1 
1572537957 0 
1572537958 0 
1572537959 1 
1572537960 2 
1572537961 2 
1572537962 2 
1572537963 1 
1572537964 2 
1572537965 3 
1572537966 1 
1572537967 2 
1572537968 2 
1572537969 1 
1572537970 1 
1572537971 1 
1572537972 1 
1572537973 0 
1572537974 1 
1572538599 0 
1572538600 1 
1572538601 0 
1572538602 0 
1572538603 0 
1572538604 0 
1572538605 0 
1572538606 0 
1572538607 0 
1572538608 1 
1572538609 1 
1572538610 2 
1572538611 1 
1572538612 0 
1572538613 2 
1572538614 2 
1572538615 2 
1572538616 2 
1572538617 2 
1572538618 3 
1572538619 4 
1572538620 3 
1572538621 2 
1572538622 2 
1572538623 3 
1572538624 2 
1572538625 1 
1572538626 1 
1572538627 1 
1572538628 1 
1572538629 0 
1572538630 1 
1572538631 1 
1572538632 0 
1572538633 0 
1572539247 1 
1572539248 0 
1572539249 0 
1572539250 0 
1572539251 0 
1572539252 0 
1572539253 0 
1572539254 0 
1572539255 1 
1572539256 1 
1572539257 1 
1572539258 2 
1572539259 2 
1572539260 1 
1572539261 3 
1572539262 4 
1572539263 3 
1572539264 2 
1572539265 2 
1572539266 3 
1572539267 3 
1572539268 2 
1572539269 3 
1572539270 3 
1572539271 3 
1572539272 2 
1572539273 2 
1572539274 2 
1572539275 2 
1572539276 1 
1572539277 1 
1572539278 0 
1572539279 1 
1572539900 1 
1572539901 2 
1572539902 2 
1572539903 0 
1572539904 0 
1572539905 0 
1572539906 0 
1572539907 1 
1572539908 2 
1572539909 2 
1572539910 2 
1572539911 2 
1572539912 2 
1572539913 1 
1572539914 2 
1572539915 3 
1572539916 2 
1572539917 4 
1572539918 3 
1572539919 2 
1572539920 3 
1572539921 3 
1572539922 3 
1572539923 3 
1572539924 4 
1572539925 3 
1572539926 3 
1572539927 3 
1572539928 2 
1572539929 2 
1572539930 2 
1572539931 2 
1572539932 1 
1572539933 1 
1572540835 1 
1572540836 1 
1572540837 1 
1572540838 0 
1572540839 0 
1572541460 2 
1572541461 3 
1572541462 2 
1572541463 0 
1572541464 0 
1572541465 0 
1572541466 0 
1572541467 0 
1572541468 1 
1572541469 3 
1572541470 2 
1572541471 2 
1572541472 2 
1572541473 1 
1572541474 2 
1572541475 3 
1572541476 1 
1572541477 2 
1572541478 2 
1572541479 3 
1572541480 3 
1572541481 2 
1572541482 2 
1572541483 2 
1572541484 4 
1572541485 1 
1572541486 2 
1572541487 1 
1572541488 2 
1572541489 2 
1572541490 1 
1572541491 1 
1572541492 0 
1572541493 1 
1572542109 1 
1572542110 0 
1572542111 0 
1572542112 0 
1572542113 0 
1572542114 0 
1572542115 0 
1572542116 0 
1572542117 0 
1572542118 0 
1572542119 1 
1572542120 2 
1572542121 1 
1572542122 1 
1572542123 2 
1572542124 3 
1572542125 4 
1572542126 3 
1572542127 4 
1572542128 4 
1572542129 4 
1572542130 2 
1572542131 3 
1572542132 3 
1572542133 3 
1572542134 2 
1572542135 2 
1572542136 2 
1572542137 2 
1572542138 1 
1572542139 1 
1572542140 1 
1572542141 0 
1572542142 1 
1572542756 1 
1572542757 1 
1572542758 0 
1572542759 0 
1572542760 0 
1572542761 0 
1572542762 0 
1572542763 0 
1572542764 1 
1572542765 1 
1572542766 1 
1572542767 2 
1572542768 2 
1572542769 2 
1572542770 3 
1572542771 2 
1572542772 4 
1572542773 5 
1572542774 3 
1572542775 3 
1572542776 3 
1572542777 3 
1572542778 3 
1572542779 3 
1572542780 3 
1572542781 2 
1572542782 1 
1572542783 1 
1572542784 1 
1572542785 1 
1572542786 1 
1572542787 0 
1572542788 0 
1572543397 2 
1572543398 1 
1572543399 0 
1572543400 0 
1572543401 0 
1572543402 0 
1572543403 0 
1572543404 0 
1572543405 0 
1572543406 1 
1572543407 1 
1572543408 1 
1572543409 2 
1572543410 0 
1572543411 0 
1572543412 0 
1572543413 0 
1572543414 0 
1572543415 0 
1572543416 0 
1572543417 0 
1572543418 0 
1572543419 0 
1572543420 0 
1572543421 0 
1572543422 0 
1572543423 0 
1572543424 0 
1572543425 0 
1572543426 0 
1572543427 0 
1572543428 0 
1572543429 0 
1572543430 1 
1572543431 0 
1572543432 0 
1572543433 0 
1572543434 0 
1572543435 2 
1572543436 3 
1572543437 3 
1572543438 4 
1572543439 3 
1572543440 5 
1572543441 3 
1572543442 2 
1572543443 2 
1572543444 3 
1572543445 2 
1572543446 2 
1572543447 2 
1572543448 1 
1572543449 1 
1572543450 1 
1572543451 1 
1572543452 0 
1572543453 0 