1572967320 4
1572967321 3
1572967322 3
1572967323 3
1572967324 3
1572967978 4
1572967979 3
1572967980 3
1572967981 3
1572967982 3
1572969280 4
1572969281 3
1572969282 3
1572969283 3
1572969284 3
1572969941 4
1572969942 3
1572969943 3
1572969944 3
1572969945 3
1572970591 4
1572970592 3
1572970593 3
1572970594 3
1572970595 3
1572971240 4
1572971241 4
1572971242 3
1572971243 3
1572971244 3
1572971245 3
1572971903 4
1572971904 3
1572971905 3
1572971906 3
1572971907 3
1572972563 4
1572972564 4
1572972565 3
1572972566 3
1572972567 3
1572972568 3
1572973277 3
1572973278 3
1572973279 3
1572973280 3
1572973281 3
1572973929 5
1572973930 3
1572973931 3
1572973932 3
1572973933 3
1572973934 3
1572974580 5
1572974581 4
1572974582 3
1572974583 3
1572974584 3
1572974585 3
