1575033243 2
1575033244 3
1575033245 3
1575033246 2
1575033247 2
1575033248 2
1575033249 2
1575033250 2
1575033251 2
1575033810 2
1575033811 2
1575033812 3
1575033813 2
1575033814 2
1575033815 2
1575033816 2
1575033817 2
1575033818 2
1575034400 2
1575034401 2
1575034402 3
1575034403 3
1575034404 2
1575034405 2
1575034406 2
1575034407 3
1575034408 2
1575034409 2
1575034976 2
1575034977 2
1575034978 3
1575034979 2
1575034980 2
1575034981 2
1575034982 2
1575034983 2
1575034984 2
1575034985 2
1575035537 2
1575035538 2
1575035539 3
1575035540 2
1575035541 2
1575035542 2
1575035543 2
1575035544 2
1575035545 2
1575036575 2
1575036576 2
1575036577 4
1575036578 2
1575036579 2
1575036580 2
1575036581 2
1575036582 2
1575036583 2
1575037137 2
1575037138 2
1575037139 4
1575037140 2
1575037141 2
1575037142 2
1575037143 2
1575037144 2
1575037145 2
1575037696 2
1575037697 2
1575037698 3
1575037699 2
1575037700 2
1575037701 2
1575037702 2
1575037703 2
1575037704 2
1575038699 2
1575038700 3
1575038701 3
1575038702 2
1575038703 2
1575038704 2
1575038705 3
1575038706 2
1575038707 2
1575039269 2
1575039270 2
1575039271 3
1575039272 2
1575039273 2
1575039274 2
1575039275 2
1575039276 2
1575039277 2
