1582631351 10.764439883
1582631512 10.490400782
1582631667 11.147983193
1582631825 11.066150979
1582631981 11.131446579
1582632139 10.684345377
1582632297 12.992215231
1582632461 10.918109242
1582632619 10.941112636
1582632782 10.850181169
1582634877 10.529488388
1582635160 10.895831841
1582635443 10.665998941
1582635727 10.876995419
1582636012 11.489911449
1582636299 11.115795368
1582636591 11.717605314
1582636882 10.576063206
1582637181 11.41123641
1582637478 11.027306466
1582637774 11.070423185
1582638333 10.782446073
1582638911 10.50557103
1582640589 10.874069482
1582641148 10.810764942
1582641709 11.112680529
1582642283 11.016661995
1582642859 11.286991276
1582643461 10.948534021
1582644019 10.928862294
