1579184002 11.29853095
1579184717 10.844455007
1579184878 11.138439748
1579185040 10.355686589
1579185216 11.136321017
1579185392 10.031225892
1579185574 11.339333176
1579185748 10.870657798
1579185926 26.641712255
1579186115 10.844445552
1579186312 10.822569106
1579186626 10.992271289
1579187674 11.011948471
1579187982 29.727011668
1579188315 10.935332504
1579188981 11.980801145
1579189297 10.017027301
1579189645 10.724402161
1579189980 11.282348144
1579190298 27.129203046
1579190840 11.345158299
1579191456 11.019061959
1579192021 10.757791281
1579193168 10.939476839
1579193756 10.671851293
1579194322 10.552460709
1579194891 11.163786716
1579195455 10.663530745
1579196045 11.236314735
