1579351732 10.841082597
1579351899 11.006709009
1579352060 10.788401878
1579352221 10.743362412
1579352383 11.0553555
1579352548 10.88974663
1579352705 10.708239341
1579352867 10.75068518
1579353030 10.439133983
1579353192 10.546738699
1579354074 10.958958188
1579354381 10.682607622
1579354692 10.748569703
1579355003 10.859630365
1579355310 10.75113884
1579355619 10.981417216
1579355929 11.608596077
1579356234 10.897570535
1579356541 11.043613668
1579356846 10.937174443
1579359253 11.168071715
1579359826 10.969598715
1579360389 10.895281903
1579360948 10.582591491
1579361504 10.636426208
1579362057 10.984155984
1579362613 10.665117941
1579363173 11.223910694
1579363742 11.036623364
1579364303 10.678332287
