1570543070 4
1570543071 2
1570543072 3
1570543073 2
1570543432 2
1570543433 2
1570543434 2
1570543633 2
1570543634 2
1570543635 2
1570543636 2
1570544562 2
1570544563 2
1570544564 2
1570544565 2
1570544746 2
1570544747 2
1570544748 2
1570544749 2
1570544750 2
1570544751 2
1570544752 2
1570544753 2
1570544754 2
1570544755 1
1570544756 1
1570544757 1
1570544758 1
1570544759 2
1570544760 2
1570544761 2
1570544762 3
1570544763 3
1570544764 2
1570544765 2
1570544766 2
1570544767 2
1570544768 2
1570545023 2
1570545024 2
1570545025 2
1570545232 2
1570545233 2
1570545234 2
1570545235 2
