1581935209 3
1581935210 3
1581935211 3
1581935212 3
1581935213 3
1581935214 3
1581935215 3
1581935216 4
1581935217 4
1581935218 4
1581935368 3
1581935369 3
1581935370 3
1581935371 3
1581935372 3
1581935373 3
1581935374 3
1581935375 3
1581935376 3
1581935528 3
1581935529 3
1581935530 3
1581935531 3
1581935532 3
1581935533 3
1581935534 4
1581935535 4
1581935536 4
1581935537 4
1581935694 3
1581935695 3
1581935696 3
1581935697 3
1581935698 3
1581935699 3
1581935700 3
1581935701 3
1581935702 3
1581935703 3
1581935862 3
1581935863 3
1581935864 3
1581935865 3
1581935866 3
1581935867 4
1581935868 4
1581935869 4
1581935870 4
1581936034 3
1581936035 4
1581936036 4
1581936037 4
1581936038 4
1581936039 4
1581936040 4
1581936041 4
1581936042 3
1581936205 3
1581936206 3
1581936207 3
1581936208 3
1581936209 3
1581936210 3
1581936211 4
1581936212 3
1581936213 3
1581936365 3
1581936366 3
1581936367 3
1581936368 3
1581936369 4
1581936370 3
1581936371 4
1581936372 4
1581936373 3
1581936374 3
1581936375 3
1581936376 3
1581936526 3
1581936527 3
1581936528 3
1581936529 3
1581936530 3
1581936531 3
1581936532 4
1581936533 4
1581936534 4
1581936535 4
1581936702 3
1581936703 3
1581936704 3
1581936705 3
1581936706 3
1581936707 3
1581936708 3
1581936709 3
1581936710 3
