1579354097 4
1579354098 3
1579354099 3
1579354100 3
1579354101 3
1579354102 3
1579354103 3
1579354104 3
1579354105 3
1579354106 3
1579354107 3
1579354108 2
1579354109 2
1579354110 3
1579354111 3
1579354112 3
1579354113 3
1579354114 3
1579354115 4
1579354116 4
1579354117 3
1579354118 3
1579354119 3
1579354120 4
1579354121 3
1579354122 3
1579354123 2
1579354124 3
1579354125 3
1579354126 3
1579354127 3
1579354128 2
1579354129 2
1579354130 3
1579354131 2
1579354132 2
1579354133 2
1579354134 2
1579354135 2
1579354136 2
1579354137 3
1579354138 3
1579354139 2
1579354140 2
1579354141 2
1579354142 2
1579354143 1
1579354144 1
1579354145 1
1579354146 1
1579354147 2
1579354148 3
1579354149 4
1579354150 3
1579354151 2
1579354152 2
1579354153 3
1579354154 3
1579354155 2
1579354156 2
1579354157 2
1579354158 3
1579354159 3
1579354160 3
1579354161 3
1579354162 4
1579354163 3
1579354164 3
1579354165 4
1579354166 3
1579354167 3
1579354168 3
1579354169 3
1579354170 2
1579354171 2
1579354172 2
1579354173 2
1579354174 2
1579354175 3
1579354176 2
1579354177 2
1579354178 2
1579354179 2
1579354180 2
1579354403 3
1579354404 3
1579354405 3
1579354406 3
1579354407 3
1579354408 3
1579354409 3
1579354410 3
1579354411 4
1579354412 3
1579354413 2
1579354414 2
1579354415 2
1579354416 4
1579354417 3
1579354418 3
1579354419 3
1579354420 4
1579354421 4
1579354422 4
1579354423 5
1579354424 2
1579354425 3
1579354426 3
1579354427 3
1579354428 3
1579354429 2
1579354430 2
1579354431 1
1579354432 2
1579354433 2
1579354434 2
1579354435 2
1579354436 3
1579354437 3
1579354438 2
1579354439 2
1579354440 3
1579354441 2
1579354442 3
1579354443 3
1579354444 2
1579354445 3
1579354446 3
1579354447 2
1579354448 2
1579354449 2
1579354450 1
1579354451 1
1579354452 2
1579354453 2
1579354454 4
1579354455 3
1579354456 2
1579354457 2
1579354458 4
1579354459 2
1579354460 3
1579354461 2
1579354462 2
1579354463 2
1579354464 4
1579354465 4
1579354466 3
1579354467 5
1579354468 4
1579354469 3
1579354470 3
1579354471 3
1579354472 3
1579354473 3
1579354474 2
1579354475 2
1579354476 2
1579354477 2
1579354478 2
1579354479 2
1579354480 2
1579354481 2
1579354482 2
1579354483 2
1579354484 3
1579354485 2
1579354714 3
1579354715 3
1579354716 3
1579354717 3
1579354718 3
1579354719 3
1579354720 3
1579354721 3
1579354722 3
1579354723 3
1579354724 3
1579354725 2
1579354726 3
1579354727 2
1579354728 3
1579354729 3
1579354730 3
1579354731 4
1579354732 5
1579354733 3
1579354734 4
1579354735 4
1579354736 4
1579354737 6
1579354738 6
1579354739 4
1579354740 5
1579354741 3
1579354742 3
1579354743 2
1579354744 2
1579354745 1
1579354746 1
1579354747 2
1579354748 2
1579354749 1
1579354750 2
1579354751 2
1579354752 2
1579354753 1
1579354754 1
1579354755 2
1579354756 2
1579354757 2
1579354758 3
1579354759 3
1579354760 3
1579354761 3
1579354762 3
1579354763 3
1579354764 3
1579354765 3
1579354766 5
1579354767 3
1579354768 2
1579354769 2
1579354770 3
1579354771 2
1579354772 3
1579354773 2
1579354774 2
1579354775 2
1579354776 4
1579354777 3
1579354778 3
1579354779 4
1579354780 4
1579354781 4
1579354782 5
1579354783 3
1579354784 4
1579354785 4
1579354786 3
1579354787 2
1579354788 3
1579354789 2
1579354790 2
1579354791 2
1579354792 2
1579354793 2
1579354794 2
1579354795 2
1579354796 3
1579354797 3
1579355038 2
1579355039 3
1579355040 3
1579355041 4
1579355042 4
1579355043 4
1579355044 3
1579355045 3
1579355046 3
1579355047 4
1579355048 3
1579355049 2
1579355050 2
1579355051 3
1579355052 2
1579355053 2
1579355054 2
1579355055 2
1579355056 2
1579355057 2
1579355058 2
1579355059 2
1579355060 2
1579355061 2
1579355062 2
1579355063 3
1579355064 3
1579355065 3
1579355066 3
1579355067 2
1579355068 1
1579355069 1
1579355070 1
1579355071 1
1579355072 2
1579355073 3
1579355074 4
1579355075 2
1579355076 2
1579355077 2
1579355078 4
1579355079 2
1579355080 2
1579355081 2
1579355082 3
1579355083 3
1579355084 3
1579355085 3
1579355086 3
1579355087 4
1579355088 4
1579355089 3
1579355090 3
1579355091 4
1579355092 4
1579355093 3
1579355094 2
1579355095 2
1579355096 2
1579355097 2
1579355098 2
1579355099 3
1579355100 3
1579355101 2
1579355102 2
1579355103 3
1579355104 2
1579355333 3
1579355334 3
1579355335 3
1579355336 3
1579355337 3
1579355338 3
1579355339 3
1579355340 3
1579355341 3
1579355342 2
1579355343 2
1579355344 2
1579355345 2
1579355346 4
1579355347 3
1579355348 3
1579355349 4
1579355350 4
1579355351 3
1579355352 4
1579355353 3
1579355354 3
1579355355 4
1579355356 3
1579355357 3
1579355358 3
1579355359 3
1579355360 2
1579355361 2
1579355362 2
1579355363 2
1579355364 3
1579355365 2
1579355366 2
1579355367 2
1579355368 2
1579355369 2
1579355370 2
1579355371 3
1579355372 3
1579355373 2
1579355374 3
1579355375 3
1579355376 2
1579355377 2
1579355378 2
1579355379 1
1579355380 1
1579355381 2
1579355382 2
1579355383 3
1579355384 3
1579355385 2
1579355386 2
1579355387 4
1579355388 2
1579355389 3
1579355390 3
1579355391 3
1579355392 3
1579355393 4
1579355394 4
1579355395 5
1579355396 7
1579355397 7
1579355398 5
1579355399 5
1579355400 5
1579355401 5
1579355402 5
1579355403 2
1579355404 2
1579355405 2
1579355406 2
1579355407 2
1579355408 2
1579355409 2
1579355410 2
1579355411 2
1579355412 3
1579355413 3
1579355414 2
1579355642 3
1579355643 3
1579355644 3
1579355645 3
1579355646 3
1579355647 3
1579355648 3
1579355649 3
1579355650 3
1579355651 3
1579355652 3
1579355653 2
1579355654 2
1579355655 2
1579355656 3
1579355657 3
1579355658 3
1579355659 4
1579355660 5
1579355661 3
1579355662 3
1579355663 3
1579355664 3
1579355665 4
1579355666 2
1579355667 2
1579355668 2
1579355669 2
1579355670 1
1579355671 2
1579355672 2
1579355673 3
1579355674 3
1579355675 3
1579355676 3
1579355677 3
1579355678 3
1579355679 3
1579355680 2
1579355681 3
1579355682 3
1579355683 3
1579355684 3
1579355685 2
1579355686 1
1579355687 1
1579355688 1
1579355689 1
1579355690 2
1579355691 3
1579355692 4
1579355693 3
1579355694 2
1579355695 2
1579355696 4
1579355697 2
1579355698 2
1579355699 2
1579355700 2
1579355701 3
1579355702 4
1579355703 3
1579355704 3
1579355705 4
1579355706 4
1579355707 6
1579355708 5
1579355709 5
1579355710 4
1579355711 4
1579355712 4
1579355713 3
1579355714 2
1579355715 2
1579355716 2
1579355717 2
1579355718 3
1579355719 2
1579355720 2
1579355721 2
1579355722 3
1579355723 3
1579355965 2
1579355966 3
1579355967 3
1579355968 3
1579355969 4
1579355970 5
1579355971 5
1579355972 4
1579355973 4
1579355974 4
1579355975 2
1579355976 2
1579355977 2
1579355978 3
1579355979 2
1579355980 2
1579355981 2
1579355982 3
1579355983 2
1579355984 2
1579355985 2
1579355986 2
1579355987 2
1579355988 2
1579355989 2
1579355990 3
1579355991 3
1579355992 3
1579355993 3
1579355994 2
1579355995 1
1579355996 1
1579355997 1
1579355998 1
1579355999 2
1579356000 3
1579356001 4
1579356002 3
1579356003 2
1579356004 2
1579356005 3
1579356006 2
1579356007 2
1579356008 2
1579356009 2
1579356010 2
1579356011 3
1579356012 3
1579356013 3
1579356014 4
1579356015 4
1579356016 3
1579356017 3
1579356018 4
1579356019 4
1579356020 3
1579356021 2
1579356022 2
1579356023 2
1579356024 2
1579356025 2
1579356026 3
1579356027 3
1579356028 2
1579356029 2
1579356030 3
1579356031 2
1579356256 3
1579356257 3
1579356258 3
1579356259 3
1579356260 3
1579356261 3
1579356262 3
1579356263 3
1579356264 3
1579356265 3
1579356266 2
1579356267 2
1579356268 2
1579356269 2
1579356270 4
1579356271 3
1579356272 3
1579356273 4
1579356274 4
1579356275 3
1579356276 4
1579356277 3
1579356278 3
1579356279 4
1579356280 3
1579356281 3
1579356282 2
1579356283 2
1579356284 1
1579356285 2
1579356286 2
1579356287 1
1579356288 2
1579356289 2
1579356290 1
1579356291 1
1579356292 1
1579356293 1
1579356294 1
1579356295 2
1579356296 2
1579356297 2
1579356298 3
1579356299 3
1579356300 3
1579356301 2
1579356302 1
1579356303 1
1579356304 2
1579356305 2
1579356306 3
1579356307 3
1579356308 2
1579356309 2
1579356310 2
1579356311 2
1579356312 3
1579356313 2
1579356314 2
1579356315 2
1579356316 3
1579356317 4
1579356318 4
1579356319 3
1579356320 5
1579356321 5
1579356322 3
1579356323 3
1579356324 3
1579356325 3
1579356326 3
1579356327 2
1579356328 2
1579356329 2
1579356330 2
1579356331 2
1579356332 2
1579356333 2
1579356334 2
1579356335 2
1579356336 2
1579356337 3
1579356338 2
1579356577 4
1579356578 3
1579356579 3
1579356580 4
1579356581 5
1579356582 3
1579356583 3
1579356584 3
1579356585 3
1579356586 3
1579356587 4
1579356588 2
1579356589 2
1579356590 2
1579356591 1
1579356592 1
1579356593 2
1579356594 3
1579356595 3
1579356596 3
1579356597 3
1579356598 3
1579356599 3
1579356600 2
1579356601 3
1579356602 3
1579356603 3
1579356604 4
1579356605 4
1579356606 2
1579356607 1
1579356608 1
1579356609 2
1579356610 3
1579356611 4
1579356612 4
1579356613 5
1579356614 4
1579356615 3
1579356616 2
1579356617 3
1579356618 2
1579356619 2
1579356620 2
1579356621 2
1579356622 3
1579356623 3
1579356624 3
1579356625 3
1579356626 4
1579356627 5
1579356628 3
1579356629 3
1579356630 3
1579356631 3
1579356632 4
1579356633 3
1579356634 2
1579356635 2
1579356636 2
1579356637 2
1579356638 2
1579356639 3
1579356640 2
1579356641 2
1579356642 2
1579356643 3
1579356644 3
1579356882 2
1579356883 3
1579356884 3
1579356885 3
1579356886 4
1579356887 4
1579356888 2
1579356889 3
1579356890 3
1579356891 3
1579356892 4
1579356893 2
1579356894 3
1579356895 2
1579356896 1
1579356897 2
1579356898 2
1579356899 2
1579356900 3
1579356901 2
1579356902 2
1579356903 2
1579356904 1
1579356905 1
1579356906 1
1579356907 2
1579356908 2
1579356909 2
1579356910 3
1579356911 2
1579356912 2
1579356913 1
1579356914 1
1579356915 1
1579356916 2
1579356917 3
1579356918 4
1579356919 5
1579356920 2
1579356921 2
1579356922 2
1579356923 2
1579356924 2
1579356925 2
1579356926 3
1579356927 3
1579356928 3
1579356929 4
1579356930 4
1579356931 4
1579356932 4
1579356933 4
1579356934 4
1579356935 3
1579356936 3
1579356937 3
1579356938 3
1579356939 2
1579356940 2
1579356941 2
1579356942 2
1579356943 2
1579356944 2
1579356945 3
1579356946 2
1579356947 2
1579356948 3
1579356949 2
1579359273 2
1579359274 2
1579359275 2
1579359276 3
1579359277 3
1579359278 3
1579359279 3
1579359280 2
1579359281 2
1579359282 2
1579359283 3
1579359284 4
1579359285 4
1579359286 5
1579359287 5
1579359288 4
1579359289 4
1579359290 3
1579359291 5
1579359292 4
1579359293 3
1579359294 2
1579359295 2
1579359296 3
1579359297 2
1579359298 2
1579359299 1
1579359300 2
1579359301 2
1579359302 3
1579359303 3
1579359304 3
1579359305 3
1579359306 2
1579359307 3
1579359308 3
1579359309 3
1579359310 3
1579359311 3
1579359312 4
1579359313 5
1579359314 2
1579359315 2
1579359316 2
1579359317 4
1579359318 2
1579359319 2
1579359320 2
1579359321 2
1579359322 2
1579359323 3
1579359324 3
1579359325 3
1579359326 5
1579359327 5
1579359328 5
1579359329 7
1579359330 6
1579359331 6
1579359332 4
1579359333 3
1579359334 2
1579359335 3
1579359336 2
1579359337 2
1579359338 2
1579359339 3
1579359340 2
1579359341 2
1579359342 2
1579359343 3
1579359344 2
1579359845 2
1579359846 2
1579359847 3
1579359848 3
1579359849 3
1579359850 3
1579359851 2
1579359852 2
1579359853 2
1579359854 2
1579359855 3
1579359856 3
1579359857 3
1579359858 4
1579359859 4
1579359860 3
1579359861 3
1579359862 3
1579359863 4
1579359864 4
1579359865 4
1579359866 2
1579359867 3
1579359868 3
1579359869 3
1579359870 2
1579359871 2
1579359872 1
1579359873 2
1579359874 2
1579359875 3
1579359876 3
1579359877 2
1579359878 3
1579359879 4
1579359880 2
1579359881 2
1579359882 2
1579359883 3
1579359884 4
1579359885 4
1579359886 3
1579359887 2
1579359888 2
1579359889 2
1579359890 3
1579359891 2
1579359892 2
1579359893 3
1579359894 2
1579359895 2
1579359896 3
1579359897 3
1579359898 3
1579359899 3
1579359900 5
1579359901 4
1579359902 4
1579359903 3
1579359904 3
1579359905 3
1579359906 3
1579359907 2
1579359908 3
1579359909 2
1579359910 2
1579359911 2
1579359912 3
1579359913 2
1579359914 2
1579359915 2
1579359916 3
1579359917 3
1579360408 2
1579360409 2
1579360410 4
1579360411 3
1579360412 3
1579360413 3
1579360414 3
1579360415 2
1579360416 2
1579360417 2
1579360418 3
1579360419 3
1579360420 3
1579360421 4
1579360422 5
1579360423 5
1579360424 3
1579360425 4
1579360426 3
1579360427 4
1579360428 4
1579360429 2
1579360430 2
1579360431 4
1579360432 4
1579360433 3
1579360434 2
1579360435 1
1579360436 1
1579360437 2
1579360438 2
1579360439 3
1579360440 3
1579360441 3
1579360442 3
1579360443 1
1579360444 1
1579360445 1
1579360446 1
1579360447 2
1579360448 2
1579360449 4
1579360450 2
1579360451 2
1579360452 2
1579360453 3
1579360454 3
1579360455 3
1579360456 2
1579360457 3
1579360458 3
1579360459 3
1579360460 3
1579360461 3
1579360462 3
1579360463 3
1579360464 3
1579360465 3
1579360466 3
1579360467 3
1579360468 3
1579360469 3
1579360470 2
1579360471 2
1579360472 2
1579360473 2
1579360474 2
1579360475 2
1579360476 2
1579360477 2
1579360478 2
1579360479 2
1579360480 3
1579360481 3
1579360966 2
1579360967 2
1579360968 2
1579360969 3
1579360970 3
1579360971 3
1579360972 3
1579360973 3
1579360974 2
1579360975 2
1579360976 4
1579360977 3
1579360978 3
1579360979 4
1579360980 5
1579360981 3
1579360982 4
1579360983 3
1579360984 3
1579360985 4
1579360986 4
1579360987 3
1579360988 3
1579360989 3
1579360990 3
1579360991 2
1579360992 1
1579360993 1
1579360994 1
1579360995 2
1579360996 2
1579360997 3
1579360998 2
1579360999 3
1579361000 2
1579361001 2
1579361002 1
1579361003 1
1579361004 1
1579361005 2
1579361006 3
1579361007 4
1579361008 3
1579361009 2
1579361010 2
1579361011 3
1579361012 3
1579361013 2
1579361014 2
1579361015 2
1579361016 3
1579361017 4
1579361018 3
1579361019 3
1579361020 5
1579361021 4
1579361022 4
1579361023 5
1579361024 4
1579361025 4
1579361026 4
1579361027 4
1579361028 2
1579361029 2
1579361030 2
1579361031 2
1579361032 2
1579361033 2
1579361034 2
1579361035 2
1579361036 2
1579361037 3
1579361038 3
1579361523 2
1579361524 4
1579361525 2
1579361526 3
1579361527 3
1579361528 3
1579361529 3
1579361530 2
1579361531 2
1579361532 2
1579361533 3
1579361534 3
1579361535 3
1579361536 4
1579361537 4
1579361538 4
1579361539 5
1579361540 2
1579361541 4
1579361542 4
1579361543 3
1579361544 3
1579361545 3
1579361546 3
1579361547 2
1579361548 1
1579361549 1
1579361551 1
1579361552 1
1579361553 2
1579361554 2
1579361555 2
1579361556 2
1579361557 2
1579361558 1
1579361559 1
1579361560 1
1579361561 2
1579361562 2
1579361563 3
1579361564 2
1579361565 2
1579361566 2
1579361567 2
1579361568 4
1579361569 3
1579361570 2
1579361571 3
1579361572 3
1579361573 3
1579361574 4
1579361575 3
1579361576 3
1579361577 4
1579361578 4
1579361579 4
1579361580 4
1579361581 3
1579361582 3
1579361583 3
1579361584 2
1579361585 2
1579361586 2
1579361587 2
1579361588 2
1579361589 3
1579361590 2
1579361591 2
1579361592 2
1579361593 3
1579361594 4
1579362076 2
1579362077 2
1579362078 4
1579362079 3
1579362080 3
1579362081 3
1579362082 3
1579362083 3
1579362084 2
1579362085 2
1579362086 3
1579362087 3
1579362088 3
1579362089 4
1579362090 5
1579362091 4
1579362092 4
1579362093 4
1579362094 4
1579362095 4
1579362096 5
1579362097 4
1579362098 4
1579362099 3
1579362100 3
1579362101 3
1579362102 2
1579362103 2
1579362104 2
1579362105 3
1579362106 2
1579362107 3
1579362108 3
1579362109 4
1579362110 4
1579362111 3
1579362112 3
1579362113 3
1579362114 2
1579362115 3
1579362116 4
1579362117 4
1579362118 2
1579362119 2
1579362120 2
1579362121 3
1579362122 4
1579362123 2
1579362124 2
1579362125 2
1579362126 2
1579362127 5
1579362128 5
1579362129 4
1579362130 5
1579362131 4
1579362132 4
1579362133 3
1579362134 3
1579362135 3
1579362136 3
1579362137 2
1579362138 2
1579362139 2
1579362140 2
1579362141 2
1579362142 2
1579362143 2
1579362144 2
1579362145 2
1579362146 3
1579362147 3
1579362148 3
1579362632 2
1579362633 2
1579362634 2
1579362635 3
1579362636 3
1579362637 3
1579362638 4
1579362639 3
1579362640 2
1579362641 2
1579362642 3
1579362643 3
1579362644 3
1579362645 6
1579362646 6
1579362647 3
1579362648 3
1579362649 4
1579362650 3
1579362651 4
1579362652 5
1579362653 5
1579362654 3
1579362655 3
1579362656 3
1579362657 2
1579362658 2
1579362659 2
1579362660 2
1579362661 2
1579362662 2
1579362663 3
1579362664 3
1579362665 4
1579362666 4
1579362667 3
1579362668 3
1579362669 2
1579362670 2
1579362671 3
1579362672 2
1579362673 4
1579362674 2
1579362675 2
1579362676 2
1579362677 3
1579362678 3
1579362679 2
1579362680 2
1579362681 3
1579362682 3
1579362683 4
1579362684 4
1579362685 3
1579362686 5
1579362687 3
1579362688 4
1579362689 4
1579362690 4
1579362691 4
1579362692 4
1579362693 3
1579362694 2
1579362695 2
1579362696 2
1579362697 2
1579362698 2
1579362699 2
1579362700 2
1579362701 2
1579362702 2
1579362703 3
1579362704 3
1579363193 2
1579363194 2
1579363195 2
1579363196 3
1579363197 3
1579363198 3
1579363199 3
1579363200 3
1579363201 2
1579363202 2
1579363203 4
1579363204 3
1579363205 3
1579363206 4
1579363207 4
1579363208 4
1579363209 4
1579363210 5
1579363211 3
1579363212 5
1579363213 3
1579363214 3
1579363215 3
1579363216 2
1579363217 2
1579363218 1
1579363219 2
1579363220 2
1579363221 2
1579363222 2
1579363223 2
1579363224 3
1579363225 3
1579363226 3
1579363227 4
1579363228 4
1579363229 3
1579363230 2
1579363231 2
1579363232 2
1579363233 2
1579363234 2
1579363235 4
1579363236 3
1579363237 2
1579363238 2
1579363239 3
1579363240 2
1579363241 2
1579363242 2
1579363243 2
1579363244 2
1579363245 4
1579363246 5
1579363247 4
1579363248 4
1579363249 3
1579363250 3
1579363251 3
1579363252 4
1579363253 4
1579363254 4
1579363255 3
1579363256 2
1579363257 2
1579363258 2
1579363259 2
1579363260 2
1579363261 2
1579363262 2
1579363263 2
1579363264 2
1579363265 2
1579363266 3
1579363267 2
1579363761 2
1579363762 2
1579363763 4
1579363764 3
1579363765 3
1579363766 3
1579363767 3
1579363768 2
1579363769 2
1579363770 2
1579363771 2
1579363772 3
1579363773 3
1579363774 3
1579363775 4
1579363776 4
1579363777 3
1579363778 2
1579363779 3
1579363780 4
1579363781 4
1579363782 4
1579363783 4
1579363784 5
1579363785 3
1579363786 2
1579363787 2
1579363788 2
1579363789 2
1579363790 2
1579363791 2
1579363792 3
1579363793 3
1579363794 3
1579363795 3
1579363796 3
1579363797 2
1579363798 2
1579363799 1
1579363800 1
1579363801 2
1579363802 2
1579363803 4
1579363804 3
1579363805 2
1579363806 2
1579363807 3
1579363808 3
1579363809 3
1579363810 2
1579363811 2
1579363812 2
1579363813 2
1579363814 4
1579363815 3
1579363816 4
1579363817 5
1579363818 4
1579363819 5
1579363820 3
1579363821 3
1579363822 3
1579363823 2
1579363824 2
1579363825 2
1579363826 2
1579363827 2
1579363828 2
1579363829 2
1579363830 2
1579363831 2
1579363832 2
1579363833 3
1579363834 2
1579364322 2
1579364323 2
1579364324 2
1579364325 3
1579364326 3
1579364327 3
1579364328 3
1579364329 2
1579364330 2
1579364331 2
1579364332 3
1579364333 3
1579364334 3
1579364335 4
1579364336 4
1579364337 4
1579364338 4
1579364339 4
1579364340 4
1579364341 4
1579364342 3
1579364343 3
1579364344 4
1579364345 3
1579364346 3
1579364347 2
1579364348 2
1579364349 2
1579364350 2
1579364351 2
1579364352 1
1579364353 3
1579364354 3
1579364355 4
1579364356 4
1579364357 3
1579364358 2
1579364359 2
1579364360 2
1579364361 3
1579364362 2
1579364363 3
1579364364 3
1579364365 2
1579364366 2
1579364367 3
1579364368 2
1579364369 2
1579364370 2
1579364371 2
1579364372 2
1579364373 2
1579364374 4
1579364375 4
1579364376 4
1579364377 6
1579364378 5
1579364379 5
1579364380 6
1579364381 4
1579364382 4
1579364383 2
1579364384 2
1579364385 2
1579364386 2
1579364387 2
1579364388 2
1579364389 2
1579364390 2
1579364391 2
1579364392 2
1579364393 3
1579364394 2
