1572363677 5
1572363678 5
1572363679 3
1572364007 6
1572364008 5
1572364666 6
1572364667 6
1572364668 6
1572365006 4
1572365007 4
1572365342 5
1572365343 4
1572365344 4
1572365720 4
1572365721 4
1572365722 5
1572366093 4
1572366094 4
1572366767 4
1572366768 4
1572369795 4
1572369796 4
1572370125 5
1572370126 4
1572370127 4
1572370457 5
1572370458 5
1572370788 4
1572370789 5
1572371117 5
1572371118 5
1572371449 4
1572371450 4
1572371779 4
1572371780 5
1572372109 4
1572372110 4
1572372111 4
1572372438 4
1572372439 4
1572372440 5
1572372772 4
1572372773 5
