1582030480 4
1582030481 5
1582030787 5
1582030788 4
1582030789 3
1582031433 4
1582031434 4
1582031731 4
1582031732 4
1582031733 4
1582032103 6
1582032104 5
1582032105 4
1582032422 5
1582032423 5
1582032725 6
1582032726 4
1582033024 4
1582033025 5
1582033318 4
1582033319 5
1582033676 3
1582033677 6
1582035092 4
1582035093 4
1582035964 4
1582035965 4
1582035966 3
1582036569 4
1582036570 3
1582036571 2
1582037178 4
1582037179 4
1582037776 4
1582037777 5
1582038370 4
1582038371 4
1582038372 3
1582038958 4
1582038959 5
1582038960 5
1582041875 5
1582041876 5
1582042625 4
1582042626 3
1582044072 4
1582044073 4
1582044664 4
1582044665 4
1582044666 4
1582044980 4
1582044981 5
1582045281 4
1582045282 3
1582045577 3
1582045578 4
1582045890 4
1582045891 4
1582046186 3
1582046187 5
