1571328445 2
1571328446 2
1571328447 2
1571328448 3
1571328449 3
1571328450 4
1571328451 4
1571328452 5
1571328453 5
1571328454 5
1571328455 4
1571328456 4
1571328457 3
1571328458 3
1571328459 2
1571328460 2
1571328461 2
1571328462 2
1571328463 2
1571328464 2
1571328465 2
1571328466 2
1571328467 2
1571328468 2
1571328469 2
1571328470 2
1571328471 2
1571328472 2
1571328473 2
1571328474 2
1571328475 2
1571328476 2
1571328477 2
1571328478 2
1571328479 2
1571328480 2
1571328481 2
1571328482 2
1571328483 2
1571328484 2
1571328485 2
1571328486 2
1571328487 2
1571328488 2
1571328489 2
1571328490 2
1571328491 2
1571328492 2
1571328493 2
1571328494 2
1571328495 2
1571328496 2
1571328497 2
1571328498 2
1571328499 2
1571328500 2
1571328501 3
1571328502 4
1571328503 4
1571328504 4
1571328505 4
1571328506 4
1571328507 4
1571328508 4
1571328509 4
1571328510 4
1571328511 4
1571328512 4
1571328513 4
1571328514 4
1571328515 3
1571328516 3
1571328517 3
1571328518 4
1571328519 4
1571328520 4
1571328521 4
1571328522 4
1571328523 4
1571328524 4
1571328525 2
1571328526 2
1571328527 2
1571328528 2
1571328529 2
1571328530 2
1571328531 2
1571328532 2
1571328533 2
1571328534 2
1571328535 2
1571328536 2
1571328537 2
1571328538 2
1571328539 2
1571328540 2
1571328541 2
1571328542 2
1571328543 2
1571328544 2
1571328545 2
1571328546 2
1571328547 2
1571328548 2
1571328549 2
1571328550 2
1571328551 2
1571328552 2
1571328553 2
1571328554 2
1571328555 2
1571328556 2
1571328557 2
1571328558 2
1571328559 2
1571328560 2
1571328561 2
1571328562 2
1571328563 2
1571328564 2
1571328565 2
1571328566 2
1571328567 2
1571328568 2
1571328569 3
1571330591 2
1571330592 2
1571330593 2
1571330594 2
1571330595 2
1571330596 3
