1571755842 3
1571755843 3
1571755844 3
1571755845 3
1571755846 3
1571755847 3
1571755848 3
1571755849 3
1571755850 3
1571755851 3
1571755852 4
1571755853 3
1571755854 3
1571755855 4
1571755856 4
1571755857 4
1571755858 4
1571755859 4
1571755860 4
1571755861 4
1571755862 4
1571755863 4
1571755864 4
1571755865 4
1571755866 4
1571755867 3
1571755868 3
1571755869 3
1571755870 3
1571755871 3
1571755872 3
1571755873 3
1571755874 3
1571755875 3
1571755876 3
1571755877 3
1571755878 3
1571755879 3
1571755880 3
1571755881 3
1571755882 3
1571755883 3
1571755884 3
1571755885 3
1571755886 3
1571755887 3
1571755888 3
1571755889 3
1571755890 3
1571755891 3
1571755892 3
1571755893 3
1571755894 3
1571755895 3
1571755896 3
1571755897 3
1571755898 3
1571755899 3
1571755900 3
1571755901 3
1571755902 3
1571755903 4
1571755904 4
1571755905 5
1571755906 5
1571755907 5
1571755908 4
1571755909 4
1571755910 4
1571755911 4
1571755912 2
1571755913 2
1571755914 2
1571755915 2
1571755916 2
1571755917 2
1571755918 2
1571755919 2
1571755920 2
1571755921 2
1571755922 3
1571755923 3
1571755924 3
1571755925 3
1571755926 3
1571755927 3
1571755928 3
1571755929 3
1571755930 4
1571755931 3
1571755932 3
1571755933 4
1571755934 3
1571755935 3
1571755936 3
1571755937 3
1571755938 3
1571755939 3
1571755940 3
1571755941 4
1571755942 3
1571755943 3
1571755944 3
1571755945 3
1571755946 3
1571755947 3
1571755948 3
1571755949 3
1571755950 3
1571755951 3
1571755952 3
1571755953 3
1571755954 3
1571755955 3
1571755956 3
1571755957 3
1571755958 3
1571755959 3
1571755960 3
1571755961 3
1571755962 3
1571755963 3
1571755964 3
1571755965 3
1571755966 3
1571755967 2
1571755968 2
1571755969 3
1571755970 3
1571755971 3
1571755972 3
1571755973 3
1571755974 3
1571755975 4
1571755976 4
1571755977 4
1571755978 4
1571766858 3
1571766859 3
1571766860 3
1571766861 3
1571766862 3
1571766863 4
1571766864 4
1571766865 3
1571766866 4
1571766867 4
1571766868 4
1571766869 5
1571766870 4
1571766871 4
1571766872 3
1571766873 2
1571766874 2
1571766875 2
1571766876 2
1571766877 2
1571766878 3
1571766879 3
1571766880 3
1571766881 3
1571766882 2
1571766883 3
1571766884 3
1571766885 4
1571766886 7
1571766887 6
1571766888 5
1571766889 4
1571766890 5
1571766891 5
1571766892 6
1571766893 5
1571766894 6
1571766895 6
1571766896 7
1571766897 6
1571766898 7
1571766899 5
1571766900 5
1571766901 4
1571766902 4
1571766903 4
1571766904 3
1571766905 2
1571766906 2
1571766907 2
1571766908 1
1571766909 2
1571766910 2
1571766911 2
1571766912 2
1571766913 2
1571766914 2
1571766915 3
1571766916 4
1571766917 4
1571766918 4
1571766919 4
1571766920 3
1571766921 3
1571766922 4
1571766923 3
1571766924 2
1571766925 1
1571766926 2
1571766927 1
1571766929 1
1571766930 1
1571766931 1
1571766932 2
1571766933 2
1571766934 2
1571766935 4
1571766936 4
1571766937 4
1571766938 4
1571766939 3
1571766940 3
1571766941 3
1571766942 3
1571766943 5
1571766944 5
1571766945 4
1571766946 3
1571766947 3
1571766948 2
1571766949 2
1571766950 2
1571766951 3
1571766952 3
1571766953 4
1571766954 4
1571766955 5
1571766956 5
1571766957 5
1571766958 5
1571766959 5
1571766960 5
1571766961 5
1571766962 5
1571766963 5
1571766964 5
1571766965 4
1571766966 4
1571766967 4
