1571323428 1
1571323429 1
1571323430 1
1571323431 1
1571323432 1
1571323433 2
1571323434 2
1571323435 3
1571323436 2
1571323437 3
1571323438 4
1571323439 3
1571323440 3
1571323441 2
1571323442 2
1571323443 2
1571323444 3
1571323445 2
1571323446 2
1571323447 2
1571323448 2
1571323449 3
1571323450 3
1571323451 2
1571323452 2
1571323453 2
1571323454 2
1571323455 3
1571323821 1
1571323822 1
1571323823 1
1571323824 1
1571323825 2
1571323826 2
1571323827 2
1571323828 3
1571323829 3
1571323830 5
1571323831 5
1571323832 3
1571323833 3
1571323834 3
1571323835 3
1571323836 3
1571323837 3
1571323838 3
1571323839 3
1571323840 3
1571323841 3
1571323842 4
1571323843 4
1571323844 3
1571323845 2
1571323846 4
1571323847 3
1571324223 2
1571324224 1
1571324225 1
1571324226 1
1571324227 2
1571324228 3
1571324229 3
1571324230 4
1571324231 3
1571324232 5
1571324233 5
1571324234 4
1571324235 4
1571324236 2
1571324237 2
1571324238 2
1571324239 3
1571324240 3
1571324241 2
1571324242 2
1571324243 2
1571324244 2
1571324245 3
1571324246 2
1571324247 2
1571324248 2
1571324249 2
1571324250 2
1571324623 1
1571324624 1
1571324625 1
1571324626 1
1571324627 3
1571324628 3
1571324629 3
1571324630 4
1571324631 4
1571324632 6
1571324633 5
1571324634 5
1571324635 3
1571324636 3
1571324637 3
1571324638 1
1571324639 2
1571324640 2
1571324641 2
1571324642 2
1571324643 2
1571324644 3
1571324645 3
1571324646 3
1571324647 2
1571324648 2
1571324649 3
1571327944 1
1571327945 1
1571327946 1
1571327947 1
1571327948 2
1571327949 3
1571327950 2
1571327951 4
1571327952 2
1571327953 4
1571327954 4
1571327955 3
1571327956 3
1571327957 3
1571327958 2
1571327959 3
1571327960 3
1571327961 3
1571327962 2
1571327963 2
1571327964 2
1571327965 3
1571327966 3
1571327967 3
1571327968 3
1571327969 2
1571327970 2
1571328334 1
1571328335 1
1571328336 1
1571328337 1
1571328338 1
1571328339 2
1571328340 2
1571328341 2
1571328342 3
1571328343 2
1571328344 4
1571328345 4
1571328346 3
1571328347 3
1571328348 2
1571328349 2
1571328350 3
1571328351 2
1571328352 2
1571328353 2
1571328354 2
1571328355 2
1571328356 3
1571328357 3
1571328358 2
1571328359 2
1571328360 2
1571328361 2
1571328725 1
1571328726 1
1571328727 1
1571328728 1
1571328729 1
1571328730 3
1571328731 3
1571328732 3
1571328733 4
1571328734 4
1571328735 4
1571328736 4
1571328737 3
1571328738 3
1571328739 2
1571328740 1
1571328741 2
1571328742 2
1571328743 2
1571328744 2
1571328745 2
1571328746 2
1571328747 3
1571328748 3
1571328749 3
1571328750 2
1571328751 2
1571328752 3
1571329117 1
1571329118 1
1571329119 1
1571329120 1
1571329121 1
1571329122 2
1571329123 2
1571329124 4
1571329125 4
1571329126 4
1571329127 4
1571329128 4
1571329129 3
1571329130 2
1571329131 2
1571329132 2
1571329133 2
1571329134 2
1571329135 2
1571329136 2
1571329137 2
1571329138 3
1571329139 3
1571329140 2
1571329141 2
1571329142 2
1571329143 2
1571329507 1
1571329508 1
1571329509 1
1571329510 1
1571329511 1
1571329512 2
1571329513 2
1571329514 4
1571329515 3
1571329516 3
1571329517 4
1571329518 4
1571329519 3
1571329520 2
1571329521 2
1571329522 1
1571329523 2
1571329524 2
1571329525 2
1571329526 2
1571329527 2
1571329528 2
1571329529 3
1571329530 3
1571329531 2
1571329532 2
1571329533 2
1571329534 3
1571330482 1
1571330483 1
1571330484 1
1571330485 1
1571330486 2
1571330487 3
1571330488 2
1571330489 4
1571330490 3
1571330491 5
1571330492 5
1571330493 5
1571330494 4
1571330495 3
1571330496 2
1571330497 1
1571330498 2
1571330499 2
1571330500 2
1571330501 2
1571330502 2
1571330503 3
1571330504 3
1571330505 3
1571330506 2
1571330507 2
1571330508 2
