1575385892 3
1575385893 3
1575385894 3
1575386515 3
1575386516 3
1575386517 3
1575387228 2
1575387229 2
1575387230 2
1575387538 1
1575387539 2
1575387540 2
1575387541 2
1575387848 2
1575387849 3
1575387850 2
1575387851 4
1575388156 2
1575388157 2
1575388158 2
1575388464 2
1575388465 3
1575388466 4
1575388769 3
1575388770 4
1575388771 5
1575388772 4
1575390060 3
1575390061 3
1575390062 2
1575390063 4
1575390628 2
1575390629 3
1575390630 3
1575390631 3
1575391197 3
1575391198 3
1575391199 3
1575391760 3
1575391761 4
1575391762 4
1575392572 3
1575392573 4
1575392574 4
1575393208 3
1575393209 3
1575393210 3
1575393211 4
1575393769 4
1575393770 4
1575393771 4
1575394335 5
1575394336 4
1575394337 4
1575394897 4
1575394898 4
1575394899 4
1575395459 5
1575395460 5
1575395461 5
