1580306834 3
1580306835 3
1580306836 3
1580307234 4
1580307235 3
1580307236 3
1580308022 2
1580308023 3
1580308024 3
1580308025 3
1580308336 3
1580308337 3
1580308338 3
1580308339 4
1580310539 3
1580310540 3
1580310541 3
1580311164 3
1580311165 4
1580311166 3
1580311167 3
1580311476 3
1580311477 4
1580311478 3
1580311847 3
1580311848 3
1580311849 3
1580312183 4
1580312184 4
1580312185 4
1580312764 3
1580312765 3
1580312766 3
1580313320 3
1580313321 3
1580313322 3
1580314284 5
1580314285 4
1580314286 3
1580314841 4
1580314842 4
1580314843 3
1580315397 4
1580315398 3
1580315399 3
1580316662 4
1580316663 5
1580316664 4
1580317248 4
1580317249 4
1580317250 3
1580317251 3
