1582030329 2
1582030330 4
1582030331 5
1582030332 7
1582030636 1
1582030637 2
1582030638 3
1582031287 2
1582031288 4
1582031289 5
1582031290 5
1582031584 3
1582031585 5
1582031586 5
1582031880 3
1582031881 4
1582031882 4
1582031883 4
1582032267 2
1582032268 5
1582032269 4
1582032575 2
1582032576 4
1582032577 4
1582032874 3
1582032875 3
1582032876 4
1582032877 4
1582033173 2
1582033174 4
1582033175 5
1582033524 1
1582033525 2
1582033526 3
1582033527 4
1582033851 1
1582033852 3
1582033853 4
1582035511 1
1582035512 2
1582035513 2
1582035514 4
1582036118 3
1582036119 4
1582036120 4
1582036121 3
1582036724 4
1582036725 4
1582036726 3
1582037330 3
1582037331 3
1582037332 3
1582037928 2
1582037929 3
1582037930 3
1582038525 3
1582038526 3
1582038527 3
1582041417 3
1582041418 3
1582041419 3
1582042027 3
1582042028 4
1582042029 4
1582042030 5
1582043612 4
1582043613 4
1582043614 3
1582043615 3
1582044226 2
1582044227 3
1582044228 3
1582044229 4
1582044827 1
1582044828 2
1582044829 2
1582044830 2
1582045130 3
1582045131 4
1582045132 4
1582045133 3
1582045431 3
1582045432 4
1582045433 4
1582045740 1
1582045741 2
1582045742 2
1582046038 4
1582046039 4
1582046040 4
