1571326185 5.859467142
1571326288 0.0
1571326288 0.0
1571326288 0.0
1571326288 0.0
1571326288 0.0
1571326288 0.0
1571326288 0.0
1571326288 0.0
1571326289 0.0
1571326289 0.0
1571326289 0.0
1571326289 0.0
1571326289 0.0
1571326289 0.0
1571326289 0.0
1571326289 0.0
1571326289 0.0
1571326289 0.0
1571326289 0.0
1571326289 0.0
1571326289 0.0
1571326289 0.0
1571326289 0.0
1571326289 0.044392586
1571326289 0.09639863
1571326289 0.0
1571326289 0.0
1571326289 0.0
1571326289 0.0
1571326289 0.0
1571326289 0.0
1571326290 0.0
1571326290 0.0
1571326290 0.0
1571326290 0.0
1571326290 0.0
1571326290 0.0
1571326290 0.0
1571326290 0.0
1571326290 0.0
1571326290 0.0
1571326290 0.0
1571326290 0.0
1571326290 0.0
1571326290 0.0
1571326290 0.0
1571326290 0.0
1571326290 0.0
1571326290 0.0
1571326290 0.0
1571326290 0.0
1571326290 0.0
1571326290 0.0
1571326290 0.0
1571326290 0.0
1571326290 0.0
1571326290 0.0
1571326290 0.0
1571326290 0.0
1571326290 0.0
1571326290 0.0
1571326290 0.0
1571326290 0.0
1571326291 0.0
1571326291 0.0
1571326291 0.0
1571326291 0.0
1571326291 0.0
1571326291 0.0
1571326291 0.0
1571326291 0.0
1571326291 0.0
1571326291 0.0
1571326291 0.0
1571326291 0.0
1571326291 0.0
1571326291 0.0
1571326291 0.0
1571326291 0.0
1571326291 0.0
1571326291 0.0
1571326291 0.0
1571326291 0.0
1571326291 0.0
1571326291 0.0
1571326291 0.0
1571326291 0.0
1571326291 0.0
1571326291 0.0
1571326291 0.0
1571326291 0.0
1571326291 0.0
1571326291 0.0
1571326291 0.0
1571326292 0.0
1571326292 0.0
1571326292 0.0
1571326292 0.0
1571326292 0.0
1571326292 0.0
1571326292 0.0
1571326292 0.0
1571326292 0.0
1571326292 0.0
1571326292 0.0
1571326292 0.0
1571326292 0.0
1571326292 0.0
1571326292 0.0
1571326292 0.0
1571326292 0.0
1571326292 0.0
1571326292 0.0
1571326292 0.0
1571326292 0.0
1571326292 0.0
1571326292 0.0
1571326292 0.0
1571326292 0.0
1571326292 0.0
1571326292 0.0
1571326293 0.0
1571326293 0.0
1571326293 0.0
1571326293 0.0
1571326293 0.0
1571326293 0.0
1571326293 0.0
1571326293 0.0
1571326293 0.0
1571326293 0.0
1571326293 0.0
1571326293 0.0
1571326293 0.0
1571326293 0.0
1571326293 0.0
1571326293 0.0
1571326293 0.0
1571326293 0.0
1571326293 0.0
1571326293 3.828785145
1571326297 0.0
1571326297 0.0
1571326297 0.0
1571326297 0.0
1571326297 0.0
1571326297 0.0
1571326297 0.0
1571326297 0.0
1571326297 0.0
1571326297 0.0
1571326297 0.0
1571326297 0.0
1571326297 0.123785078
1571326297 0.0
1571326297 0.0
1571326297 0.0
1571326297 0.0
1571326297 0.0
1571326298 2.150916033
1571326300 0.117971658
1571326300 0.0
1571326300 0.0
1571326300 0.0
