1574711151 0 
1574711152 0 
1574711153 0 
1574711154 0 
1574711155 0 
1574711156 0 
1574711157 0 
1574711158 0 
1574711159 0 
1569856454 0 
1569856455 0 
1569856456 0 
1569856457 0 
1569856458 0 
1569856459 0 
1569856460 0 
1569856461 1 
1569856462 1 
1569856463 1 
1569856464 0 
1569856465 0 
1569856466 1 
1569856467 2 
1569856468 0 
1569856469 0 
1569856470 0 
1569856471 0 
1569856472 0 
1569856473 0 
1569856474 0 
1569856475 0 
1569856476 0 
1569856477 0 
1569856478 0 
1569856479 0 
1569856480 0 
1569856481 0 
1569856482 0 
1569856483 0 
1569856484 0 
1569856485 0 
1569856486 0 
1569856487 0 
1569856488 0 
1569856489 0 
1569856490 0 
1569856491 0 
1569856492 0 
1569856493 0 
1569856494 0 
1569856495 0 
1569856496 0 
1569856497 1 
1569856498 1 
1569856499 1 
1569856500 0 
1569856501 0 
1569856502 0 
1569856503 0 
1569856504 0 
1569856505 0 
1569856506 0 
1569856507 2 
1569856508 1 
1569856509 0 
1569856510 0 
1569856511 1 
1569856512 2 
1569856513 1 
1569856514 1 
1569856515 1 
1569856516 0 
1569856517 0 
1569856518 1 
1569856519 1 
1569856520 0 
1569856521 0 
1569856522 0 
1569856523 1 
1569856524 1 
1569856525 1 
1569856526 0 
1569856527 0 
1570448056 0 
1570448057 0 
1570448058 0 
1570448059 1 
1570448060 0 
1570448061 0 
1570448062 0 
1570448063 0 
1571330511 0 
1571330512 0 
1571330513 0 
1571330514 0 
1571330515 0 
1571330516 0 
1571330517 0 
1571330518 0 
1571330519 0 
1571330520 0 
1571330521 0 
1571330522 0 
1571330523 0 
1571330524 1 
1571330525 1 
1571330526 1 
1571330527 0 
1571330528 0 
1571330529 0 
1571330530 0 
1571330531 1 
1571330532 0 
1571330533 1 
1571330534 1 
1571330535 0 
1571330536 3 
1571330537 1 
1571330538 3 
1571330539 2 
1571330540 1 
1571330541 1 
1571330542 1 
1571330543 0 
1571330544 0 
1571330545 0 
1571330546 0 
1571330547 0 
1571330548 0 
1571330549 0 
1571330550 0 
1571330551 0 
1571330552 0 
1571330553 0 
1571330554 0 
1571330555 0 
1571330556 0 
1571330557 0 
1571330558 0 
1571330559 0 
1571330560 0 
1571330561 0 
1571330562 0 
1571330563 0 
1571330564 0 
1571330566 0 
1571330567 0 
1571330569 0 
1571330570 0 
1571330571 0 
1571330572 0 
1571330573 0 
1571330574 0 
1571330575 0 
1571330576 1 
1571330577 3 
1571330578 2 
1571330579 1 
1571330580 1 
1571330581 1 
1571330582 0 
1571330583 2 
1571330584 2 
1571330585 1 
1571330586 1 
1571330587 2 
1571330588 1 
1571330589 0 
1571330590 0 
1571330591 0 
1571330592 0 
1571330593 0 
1571330594 0 
1571330595 0 
1571330596 0 
1571330597 0 
1571330598 1 
1571330599 0 
1571330600 0 
1571330601 0 
1571330602 0 
1571330603 0 
1571330604 1 
1571330605 1 
1571330606 1 
1571766958 2 
1571766959 2 
1571766960 2 
1571766961 2 
1571766962 2 
1571766963 2 
1571766964 2 
1571766965 1 
1571766966 1 
1571766967 1 
1572538442 0 
1572538443 0 
1572538444 0 
1572538445 0 
1572538446 0 
1572538447 0 
1572538448 0 
1572538449 0 
1572538450 0 
1572538451 0 
1572538452 0 
1572539100 0 
1572539101 0 
1572539102 0 
1572539103 0 
1572539104 0 
1572539105 0 
1572539106 1 
1572539107 0 
1572539108 0 
1572539753 0 
1572539754 0 
1572539755 0 
1572539756 0 
1572539757 0 
1572539758 0 
1572539759 0 
1572539760 0 
1572540401 0 
1572540402 0 
1572540403 0 
1572540404 0 
1572540405 0 
1572540406 0 
1572540407 0 
1572540408 0 
1572540409 0 
1572541312 0 
1572541313 0 
1572541314 0 
1572541315 0 
1572541316 0 
1572541317 0 
1572541318 0 
1572541319 0 
1572541320 0 
1572541959 0 
1572541960 0 
1572541961 0 
1572541962 0 
1572541963 0 
1572541964 0 
1572541965 0 
1572541966 0 
1572541967 0 
1572541968 0 
1572541969 0 
1572542608 0 
1572542609 0 
1572542610 0 
1572542611 0 
1572542612 0 
1572542613 0 
1572542614 0 
1572542615 0 
1572542616 0 
1572542617 0 
1572543254 0 
1572543255 0 
1572543256 0 
1572543257 0 
1572543258 0 
1572543259 0 
1572543260 0 
1572543261 0 
1572543262 0 
1572543927 0 
1572543928 0 
1572543929 0 
1572543930 0 
1572543931 0 
1572543932 0 
1572543933 0 
1572543934 0 
1572543935 0 
1572543936 0 
1572871676 0 
1572871677 0 
1572871678 0 
1572871679 0 
1572871680 0 
1572871681 0 
1572871682 0 
1572871683 0 
1572871684 0 
1572872325 1 
1572872326 1 
1572872327 1 
1572872328 1 
1572872329 1 
1572872330 1 
1572872331 1 
1572872332 1 
1572872333 1 
1572873006 1 
1572873007 1 
1572873008 1 
1572873009 1 
1572873010 1 
1572873011 2 
1572873012 1 
1572873013 1 
1572873014 1 
1572873655 0 
1572873656 1 
1572873657 1 
1572873658 2 
1572873659 1 
1572873660 2 
1572873661 2 
1572873662 1 
1572873663 1 
1572873664 1 
1572873665 1 
1572874312 0 
1572874313 0 
1572874314 0 
1572874315 0 
1572874316 0 
1572874317 0 
1572874318 0 
1572874319 0 
1572874320 0 
1572875378 0 
1572875379 0 
1572875380 0 
1572875381 0 
1572875382 0 
1572875383 0 
1572875384 0 
1572875385 0 
1572875386 0 
1572876244 1 
1572876245 0 
1572876246 0 
1572876247 0 
1572876248 0 
1572876249 0 
1572876250 0 
1572876251 0 
1572876252 0 
1572877458 0 
1572877459 0 
1572877460 0 
1572877461 0 
1572877462 0 
1572877463 0 
1572877464 0 
1572877465 0 
1572877466 0 
1572878113 0 
1572878114 0 
1572878115 0 
1572878116 0 
1572878117 0 
1572878118 0 
1572878119 0 
1572878120 0 
1572878121 0 
1572878122 0 
1572879356 0 
1572879357 0 
1572879358 0 
1572879359 0 
1572879360 0 
1572879361 0 
1572879362 1 
1572879363 0 
1572879364 0 
1572967743 0 
1572967744 0 
1572967745 0 
1572967746 0 
1572967747 0 
1572967748 0 
1572967749 0 
1572967750 0 
1572967751 0 
1572969700 1 
1572969701 1 
1572969702 0 
1572969703 1 
1572969704 0 
1572969705 1 
1572969706 1 
1572969707 1 
1572969708 1 
1572970360 0 
1572970361 0 
1572970362 1 
1572970363 0 
1572970364 0 
1572970365 0 
1572970366 0 
1572970367 0 
1572970368 0 
1572971011 1 
1572971012 1 
1572971013 1 
1572971014 1 
1572971015 1 
1572971016 1 
1572971017 1 
1572971018 1 
1572971019 1 
1572971674 1 
1572971675 1 
1572971676 1 
1572971677 1 
1572971678 1 
1572971679 1 
1572971680 1 
1572971681 2 
1572971682 1 
1572972335 0 
1572972336 0 
1572972337 0 
1572972338 0 
1572972339 0 
1572972340 0 
1572972341 0 
1572972342 1 
1572972343 1 
1572973048 0 
1572973049 1 
1572973050 1 
1572973051 1 
1572973052 2 
1572973053 1 
1572973054 1 
1572973055 1 
1572973700 2 
1572973701 2 
1572973702 2 
1572973703 2 
1572973704 2 
1572973705 2 
1572973706 1 
1572973707 2 
1572973708 1 
1572974352 0 
1572974353 0 
1572974354 0 
1572974355 0 
1572974356 0 
1572974357 0 
1572974358 1 
1572974359 1 
1572974360 1 
1572975007 0 
1572975008 0 
1572975009 0 
1572975010 0 
1572975011 0 
1572975012 0 
1572975013 1 
1572975014 1 
1572975015 3 
1573209284 0 
1573209285 0 
1573209286 0 
1573209287 0 
1573209288 0 
1573209289 0 
1573209290 0 
1573209291 1 
1573209292 0 
1573209293 3 
1573209294 0 
1573209295 0 
1573209953 1 
1573209954 1 
1573209955 1 
1573209956 1 
1573209957 1 
1573209958 1 
1573209959 1 
1573209960 1 
1573209961 1 
1573209962 1 
1573210616 1 
1573210617 1 
1573210618 1 
1573210619 1 
1573210620 1 
1573210621 1 
1573210622 1 
1573210623 1 
1573210624 1 
1573210625 1 
1573211286 0 
1573211287 1 
1573211288 1 
1573211289 1 
1573211290 1 
1573211291 1 
1573211292 1 
1573211293 1 
1573211294 1 
1573211942 0 
1573211943 0 
1573211944 0 
1573211945 0 
1573211946 0 
1573211947 0 
1573211948 1 
1573211949 1 
1573211950 2 
1573212590 0 
1573212591 1 
1573212592 1 
1573212593 1 
1573212594 1 
1573212595 1 
1573212596 1 
1573212597 1 
1573212598 2 
1573212599 1 
1573213244 0 
1573213245 0 
1573213246 0 
1573213247 0 
1573213248 0 
1573213249 0 
1573213250 1 
1573213251 1 
1573213252 1 
1573213908 1 
1573213909 1 
1573213910 1 
1573213911 1 
1573213912 1 
1573213913 0 
1573213914 0 
1573213915 0 
1573213916 0 
1573213917 0 
1573214567 0 
1573214568 1 
1573214569 2 
1573214570 1 
1573214571 1 
1573214572 1 
1573214573 1 
1573214574 1 
1573214575 1 
1573215226 2 
1573215227 2 
1573215228 2 
1573215229 2 
1573215230 2 
1573215231 1 
1573215232 1 
1573215233 2 
1573215234 3 
1573215235 1 
1573215236 1 
1573215237 1 
1573218926 0 
1573218927 0 
1573218928 0 
1573218929 0 
1573218930 0 
1573218931 0 
1573218932 0 
1573218933 1 
1573218934 1 
1573218935 1 
1573218936 1 
1573218937 1 
1573218938 1 
1573218939 1 
1573218940 1 
1573218941 2 
1573218942 1 
1573218943 1 
1573218944 1 
1573218945 1 
1573218946 0 
1573218947 1 
1573218948 2 
1573218949 2 
1573218950 2 
1573218951 2 
1573218952 3 
1573310729 0 
1573310730 0 
1573310731 0 
1573310732 0 
1573310733 0 
1573310734 0 
1573310735 0 
1573310736 1 
1573310737 0 
1573311274 0 
1573311275 0 
1573311276 0 
1573311277 0 
1573311278 0 
1573311279 0 
1573311280 1 
1573311281 0 
1573311282 0 
1573311283 1 
1573311284 1 
1573311285 2 
1573311286 0 
1573311287 1 
1573311288 0 
1573311289 0 
1573311290 0 
1573311291 0 
1573311292 0 
1573311293 0 
1573311294 0 
1573311295 0 
1573311296 0 
1573311297 0 
1573311298 0 
1573311299 0 
1573311300 0 
1573311301 0 
1573311302 0 
1573311303 0 
1573311304 0 
1573311305 0 
1573311306 0 
1573311307 0 
1573311308 0 
1573311309 0 
1573311310 0 
1573311311 0 
1573311312 0 
1573311313 0 
1573311314 0 
1573311315 0 
1573311316 0 
1573311317 0 
1573311318 0 
1573311320 0 
1573311321 0 
1573311322 0 
1573311323 0 
1573311324 0 
1573311325 0 
1573311326 1 
1573311327 0 
1573311328 0 
1573311329 0 
1573311330 0 
1573311331 0 
1573311332 2 
1573311333 2 
1573311334 1 
1573311335 1 
1573311336 0 
1573311337 0 
1573311338 0 
1573311339 0 
1573311340 0 
1573311341 0 
1573311342 0 
1573311343 0 
1573311344 0 
1573311345 0 
1573311346 0 
1573311347 1 
1573311348 1 
1573311349 0 
1573311350 0 
1573311351 0 
1573311352 0 
1573311884 0 
1573311885 0 
1573311886 0 
1573311887 0 
1573311888 0 
1573311889 0 
1573311890 2 
1573311891 3 
1573311892 2 
1573311893 3 
1573311894 2 
1573311895 2 
1573311896 2 
1573311897 1 
1573311898 2 
1573311899 1 
1573311900 2 
1573311901 1 
1573311902 1 
1573311903 2 
1573311904 1 
1573311905 3 
1573311906 1 
1573311907 0 
1573311908 0 
1573311909 0 
1573311910 0 
1573311911 0 
1573311912 0 
1573311913 0 
1573311914 0 
1573311915 0 
1573311916 0 
1573311917 0 
1573311918 0 
1573311919 0 
1573311920 0 
1573311921 0 
1573311922 0 
1573311923 0 
1573311924 0 
1573311925 0 
1573311926 0 
1573311927 0 
1573311928 0 
1573311929 0 
1573311930 0 
1573311931 0 
1573311932 0 
1573311933 0 
1573311934 0 
1573311935 0 
1573311936 0 
1573311939 0 
1573311940 0 
1573311941 0 
1573311942 0 
1573311943 0 
1573311944 0 
1573311945 0 
1573311946 0 
1573311947 1 
1573311948 1 
1573311949 0 
1573311950 0 
1573311951 2 
1573311952 1 
1573311953 0 
1573311954 0 
1573311955 0 
1573311956 0 
1573311957 0 
1573311958 0 
1573311959 0 
1573311960 0 
1573311961 0 
1573311962 1 
1573311963 0 
1573311964 0 
1573311965 0 
1573311966 0 
1573311967 0 
1573311968 0 
1573311969 0 
1573311970 0 
1573312661 0 
1573312662 0 
1573312663 0 
1573312664 0 
1573312665 0 
1573312666 0 
1573312667 0 
1573312668 0 
1573312669 0 
1573313280 0 
1573313281 0 
1573313282 0 
1573313283 0 
1573313284 0 
1573313285 0 
1573313286 0 
1573313287 0 
1573313288 0 
1573313832 0 
1573313833 0 
1573313834 0 
1573313835 0 
1573313836 0 
1573313837 0 
1573313838 1 
1573313839 0 
1573313840 0 
1573313841 1 
1573313842 1 
1573313843 1 
1573313844 1 
1573313845 1 
1573313846 0 
1573313847 0 
1573313848 0 
1573313849 0 
1573313850 0 
1573313851 0 
1573313852 0 
1573313853 0 
1573313854 0 
1573313855 0 
1573313856 0 
1573313857 0 
1573313858 0 
1573313859 0 
1573313860 0 
1573313861 0 
1573313862 0 
1573313863 0 
1573313864 0 
1573313865 0 
1573313866 0 
1573313867 1 
1573313868 2 
1573313869 3 
1573313870 2 
1573313871 1 
1573313872 1 
1573313873 0 
1573313874 0 
1573313875 0 
1573313876 0 
1573313877 0 
1573313880 0 
1573313881 0 
1573313882 0 
1573313883 0 
1573313884 0 
1573313885 0 
1573313886 0 
1573313887 0 
1573313888 1 
1573313889 1 
1573313890 0 
1573313891 0 
1573313892 2 
1573313893 1 
1573313894 1 
1573313895 0 
1573313896 0 
1573313897 0 
1573313898 0 
1573313899 0 
1573313900 0 
1573313901 0 
1573313902 0 
1573313903 0 
1573313904 0 
1573313905 0 
1573313906 0 
1573313907 0 
1573313908 0 
1573313909 0 
1573313910 1 
1573313911 0 
1573314460 0 
1573314461 0 
1573314462 0 
1573314463 0 
1573314464 0 
1573314465 0 
1573314466 0 
1573314467 0 
1573314468 1 
1573314469 1 
1573314470 0 
1573314471 1 
1573314472 1 
1573314473 3 
1573314474 0 
1573314475 0 
1573314476 0 
1573314477 0 
1573314478 0 
1573314479 0 
1573314480 0 
1573314481 0 
1573314482 0 
1573314483 0 
1573314484 0 
1573314485 0 
1573314486 0 
1573314487 0 
1573314488 0 
1573314489 0 
1573314490 0 
1573314491 0 
1573314492 0 
1573314493 0 
1573314494 0 
1573314495 0 
1573314496 1 
1573314497 1 
1573314498 0 
1573314499 0 
1573314500 0 
1573314501 0 
1573314502 0 
1573314503 0 
1573314507 0 
1573314508 0 
1573314509 0 
1573314510 0 
1573314511 0 
1573314512 0 
1573314513 0 
1573314514 0 
1573314515 0 
1573314516 0 
1573314517 0 
1573314518 0 
1573314519 2 
1573314520 1 
1573314521 1 
1573314522 0 
1573314523 0 
1573314524 0 
1573314525 0 
1573314526 0 
1573314527 0 
1573314528 0 
1573314529 0 
1573314530 0 
1573314531 1 
1573314532 1 
1573314533 1 
1573314534 1 
1573314535 1 
1573314536 1 
1573314537 1 
1573314538 1 
1573314539 1 
1573315077 0 
1573315078 0 
1573315079 0 
1573315080 0 
1573315081 0 
1573315082 0 
1573315083 1 
1573315084 0 
1573315085 1 
1573315086 0 
1573315087 0 
1573315088 1 
1573315089 1 
1573315090 0 
1573315091 0 
1573315092 0 
1573315093 0 
1573315094 0 
1573315095 0 
1573315096 0 
1573315097 0 
1573315098 0 
1573315099 0 
1573315100 0 
1573315101 0 
1573315102 0 
1573315103 0 
1573315104 0 
1573315105 0 
1573315106 0 
1573315107 0 
1573315108 0 
1573315109 0 
1573315110 0 
1573315111 1 
1573315112 1 
1573315113 1 
1573315114 0 
1573315115 0 
1573315116 0 
1573315117 0 
1573315118 0 
1573315119 0 
1573315123 0 
1573315124 0 
1573315125 0 
1573315126 0 
1573315127 0 
1573315128 0 
1573315129 0 
1573315130 1 
1573315131 1 
1573315132 0 
1573315133 0 
1573315134 0 
1573315135 2 
1573315136 1 
1573315137 1 
1573315138 0 
1573315139 0 
1573315140 0 
1573315141 0 
1573315142 0 
1573315143 0 
1573315144 0 
1573315145 1 
1573315146 1 
1573315147 1 
1573315148 2 
1573315149 2 
1573315150 1 
1573315151 3 
1573741861 1 
1573741862 0 
1573741863 1 
1573741864 1 
1573741865 1 
1573741866 1 
1573741867 0 
1573741868 0 
1573741869 0 
1573741870 0 
1573741871 0 
1573741979 0 
1573741980 0 
1573741981 0 
1573741982 0 
1573741983 0 
1573741984 1 
1573741985 0 
1573741986 1 
1573741987 1 
1573741988 0 
1573743611 0 
1573743612 0 
1573743613 0 
1573743614 0 
1573743615 0 
1573743616 0 
1573743617 0 
1573743618 0 
1573743619 0 
1573743620 0 
1573743621 1 
1573743713 0 
1573743714 0 
1573743715 0 
1573743716 0 
1573743717 1 
1573743718 1 
1573743719 1 
1573743720 2 
1573743721 2 
1573743722 2 
1573743811 0 
1573743812 0 
1573743813 0 
1573743814 1 
1573743815 0 
1573743816 0 
1573743817 0 
1573743818 1 
1573743819 1 
1573743820 3 
1573743821 1 
1573743910 0 
1573743911 0 
1573743912 0 
1573743913 0 
1573743914 0 
1573743915 0 
1573743916 0 
1573743917 0 
1573743918 0 
1573743919 0 
1573743920 0 
1573744009 1 
1573744010 2 
1573744011 1 
1573744012 0 
1573744013 2 
1573744014 2 
1573744015 2 
1573744016 1 
1573744017 1 
1573744018 1 
1573744105 1 
1573744106 1 
1573744107 1 
1573744108 1 
1573744109 0 
1573744110 0 
1573744111 0 
1573744112 0 
1573744113 0 
1573744114 0 
1573744115 0 
1573744202 0 
1573744203 0 
1573744204 0 
1573744205 0 
1573744206 0 
1573744207 0 
1573744208 0 
1573744209 0 
1573744210 0 
1573744211 0 
1573744212 0 
1573744213 0 
1573744301 0 
1573744302 0 
1573744303 0 
1573744304 0 
1573744305 0 
1573744306 0 
1573744307 0 
1573744308 0 
1573744309 0 
1573744310 0 
1573744397 1 
1573744398 1 
1573744399 1 
1573744400 0 
1573744401 0 
1573744488 0 
1573744489 0 
1573744490 0 
1573744491 1 
1573744492 1 
1573744493 1 
1573744494 0 
1573744495 1 
1573744496 1 
1573744497 1 
1573744694 0 
1573744695 0 
1573744696 0 
1573744697 0 
1573744698 0 
1573744699 1 
1573744700 1 
1573744701 1 
1573744702 2 
1573744703 1 
1573744807 0 
1573744808 0 
1573744809 0 
1573744810 0 
1573744811 0 
1573744812 0 
1573744813 0 
1573744814 0 
1573744815 0 
1573744816 0 
1573744905 1 
1573744906 0 
1573744907 0 
1573744908 0 
1573744909 0 
1573744910 0 
1573744911 0 
1573744912 0 
1573744913 0 
1573744914 0 
1573745041 0 
1573745042 0 
1573745043 0 
1573745044 0 
1573745045 0 
1573745046 0 
1573745047 0 
1573745048 0 
1573745049 0 
1573745050 0 
1573745051 0 
1573745052 0 
1573745225 1 
1573745226 1 
1573745227 1 
1573745228 2 
1573745229 2 
1573745230 0 
1573745231 0 
1573745232 1 
1573745233 1 
1573745234 1 
1573745235 1 
1573745236 1 
1573745323 1 
1573745324 1 
1573745325 1 
1573745326 1 
1573745327 1 
1573745328 1 
1573745329 1 
1573745330 0 
1573745331 0 
1573745332 1 
1573745425 2 
1573745426 2 
1573745427 1 
1573745428 2 
1573745429 1 
1573745430 2 
1573745431 2 
1573745432 1 
1573745433 2 
1573745434 2 
1573745522 0 
1573745523 0 
1573745524 0 
1573745525 0 
1573745526 0 
1573745527 2 
1573745528 3 
1573745529 0 
1573745530 0 
1573745531 0 
1573745722 0 
1573745723 0 
1573745724 0 
1573745725 0 
1573745726 0 
1573745727 1 
1573745728 1 
1573745729 0 
1573745730 0 
1573745731 0 
1573745823 0 
1573745824 0 
1573745825 0 
1573745826 0 
1573745827 1 
1573745828 0 
1573745829 0 
1573745830 1 
1573745831 0 
1573745832 0 
1573745833 0 
1573745834 0 
1573745922 0 
1573745923 0 
1573745924 0 
1573745925 0 
1573745926 0 
1573745927 1 
1573745928 1 
1573745929 1 
1573745930 1 
1573745931 2 
1573745932 2 
1573746018 0 
1573746019 0 
1573746020 0 
1573746021 0 
1573746022 0 
1573746023 0 
1573746024 0 
1573746025 1 
1573746026 0 
1573746027 0 
1573746028 1 
1573746029 0 
1573746118 0 
1573746119 0 
1573746120 0 
1573746121 0 
1573746122 0 
1573746123 0 
1573746124 0 
1573746125 0 
1573746126 0 
1573746127 0 
1573746128 0 
1573746129 0 
1573746216 0 
1573746217 0 
1573746218 0 
1573746219 0 
1573746220 0 
1573746221 1 
1573746222 1 
1573746223 0 
1573746224 0 
1573746225 0 
1573746226 0 
1573746227 0 
1573746318 0 
1573746319 0 
1573746320 0 
1573746321 0 
1573746322 0 
1573746323 0 
1573746324 0 
1573746325 0 
1573746326 0 
1573746327 0 
1573746419 0 
1573746420 0 
1573746421 0 
1573746422 0 
1573746423 0 
1573746424 0 
1573746425 0 
1573746426 0 
1573746427 0 
1573746428 0 
1573746516 0 
1573746517 0 
1573746518 0 
1573746519 0 
1573746520 2 
1573746521 0 
1573746522 0 
1573746523 0 
1573746524 0 
1573746525 0 
1573746612 0 
1573746613 0 
1573746614 0 
1573746615 0 
1573746616 0 
1573746617 0 
1573746618 0 
1573746619 1 
1573746620 1 
1573746621 1 
1573748932 0 
1573748933 0 
1573748934 0 
1573748935 0 
1573748936 0 
1573748937 0 
1573748938 0 
1573748939 0 
1573748940 0 
1573748941 0 
1573749028 0 
1573749029 0 
1573749030 0 
1573749031 0 
1573749032 0 
1573749033 0 
1573749034 0 
1573749035 0 
1573749036 0 
1573749037 0 
1573749038 0 
1573749129 0 
1573749130 0 
1573749131 0 
1573749132 0 
1573749133 0 
1573749134 0 
1573749135 0 
1573749136 1 
1573749137 0 
1573749138 0 
1573749139 0 
1573749241 0 
1573749242 0 
1573749243 0 
1573749244 0 
1573749245 0 
1573749246 0 
1573749247 0 
1573749248 0 
1573749249 0 
1573749250 0 
1573749251 0 
1573749335 0 
1573749336 0 
1573749337 0 
1573749338 0 
1573749339 0 
1573749340 0 
1573749341 0 
1573749343 0 
1573749344 0 
1573749345 0 
1573749346 0 
1573749347 0 
1573749348 0 
1573749468 1 
1573749469 0 
1573749470 0 
1573749471 0 
1573749472 0 
1573749473 0 
1573749474 0 
1573749475 0 
1573749476 0 
1573749477 0 
1573749478 0 
1573749479 0 
1573749480 0 
1573749481 0 
1573749482 0 
1573749483 0 
1573749573 1 
1573749574 0 
1573749575 0 
1573749576 0 
1573749577 0 
1573749578 0 
1573749579 0 
1573749580 1 
1573749581 0 
1573749582 0 
1573749673 1 
1573749674 1 
1573749675 1 
1573749676 0 
1573749677 0 
1573749678 0 
1573749679 1 
1573749680 0 
1573749681 0 
1573749682 0 
1573749772 0 
1573749773 0 
1573749774 0 
1573749775 0 
1573749776 0 
1573749777 0 
1573749778 0 
1573749779 0 
1573749780 0 
1573749781 0 
1573749868 0 
1573749869 0 
1573749870 0 
1573749871 0 
1573749872 0 
1573749873 0 
1573749874 0 
1573749875 0 
1573749876 0 
1573749877 0 
1573904512 0 
1573904513 0 
1573904514 1 
1573904515 1 
1573904516 1 
1573904517 1 
1573904518 1 
1573904519 1 
1573904520 1 
1573904521 1 
1573904522 1 
1573904523 1 
1573904524 1 
1573904525 1 
1573904526 1 
1573904527 1 
1573904528 1 
1573904529 1 
1573904530 1 
1573904531 1 
1573904532 2 
1573904533 2 
1573904534 2 
1573904535 2 
1573904536 2 
1573904537 2 
1573904538 2 
1573904539 2 
1573904540 2 
1573904541 2 
1573904542 2 
1573904543 2 
1573904544 2 
1573904545 2 
1573904546 2 
1573904547 2 
1573904548 2 
1573904549 2 
1573904550 2 
1573904551 2 
1573904552 2 
1573904553 2 
1573904554 2 
1573904555 2 
1573904556 2 
1573904557 2 
1573904558 1 
1573904559 1 
1573904560 1 
1573904561 0 
1573904562 0 
1574706686 0 
1574706687 0 
1574706688 0 
1574706689 0 
1574706690 0 
1574706691 0 
1574706692 0 
1574706693 0 
1574706694 0 
1574706695 0 
1574709894 1 
1574709895 1 
1574709896 0 
1574709897 0 
1574709898 0 
1574709899 0 
1574709900 0 
1574709901 1 
1574709902 1 
1574709903 1 
1574711151 0 
1574711152 0 
1574711153 0 
1574711154 0 
1574711155 0 
1574711156 0 
1574711157 0 
1574711158 0 
1574711159 0 
1575397126 0 
1575397127 0 
1575397128 0 
1575397129 0 
1575397130 0 
1575397131 0 
1575397132 0 
1575397133 0 
1575397134 0 
1575397135 0 
1575397136 0 
1575397137 0 
1575397138 0 
1575397139 0 
1575397140 0 
1575397141 0 
1575397142 0 
1575397143 0 
1575397144 0 
1575397145 0 
1575397146 1 
1575397147 0 
1575397148 0 
1575397149 0 
1575397150 0 
1575397151 0 
1575397152 0 
1575397153 0 
1575397154 0 
1575397155 0 
1580229179 1 
1580229180 1 
1580229181 1 