1572965372 2
1572965373 2
1572965374 2
1572965375 2
1572965540 2
1572965541 2
1572965542 2
1572965707 2
1572965708 2
1572965709 2
1572965710 2
1572965876 2
1572965877 2
1572965878 2
1572965879 2
1572966048 2
1572966049 2
1572966050 2
1572966214 2
1572966215 2
1572966216 2
1572966385 2
1572966386 2
1572966387 2
1572966388 2
1572966569 2
1572966570 2
1572966571 2
1572966572 2
1572966749 2
1572966750 2
1572966751 2
1572966752 2
1572966913 2
1572966914 2
1572966915 2
1572967183 2
1572967184 2
1572967185 2
1572967186 2
1572967839 2
1572967840 2
1572967841 2
1572967842 2
1572969143 2
1572969144 2
1572969145 2
1572969146 2
1572969806 1
1572969807 1
1572969808 3
1572970456 2
1572970457 2
1572970458 2
1572970459 2
1572971108 2
1572971109 2
1572971110 2
1572971770 2
1572971771 2
1572971772 2
1572971773 2
1572972430 2
1572972431 2
1572972432 2
1572973142 2
1572973143 2
1572973144 2
1572973145 2
1572973796 2
1572973797 2
1572973798 2
1572974445 2
1572974446 2
1572974447 2
1572975175 2
1572975176 2
1572975177 2
1572975501 2
1572975502 2
1572975503 2
1572975504 2
1572975853 2
1572975854 2
1572975855 2
1572975856 2
1572975857 2
1572976245 1
1572976246 1
1572976247 1
1572976248 1
1572976249 1
1572976250 1
1572976251 1
1572976252 1
1572976253 1
1572976254 1
1572976255 1
1572976583 2
1572976584 2
1572976585 2
1572976912 2
1572976913 2
1572976914 2
1572976915 2
1572977243 2
1572977244 2
1572977245 2
1572977606 2
1572977607 2
1572977608 2
1572977953 2
1572977954 2
1572977955 2
1572977956 2
