1582185118 2
1582185119 2
1582185120 2
1582185298 2
1582185299 2
1582185300 2
1582186031 2
1582186032 2
1582186190 2
1582186191 2
1582186192 2
1582186926 2
1582186927 2
1582186928 2
1582187887 2
1582187888 2
1582188048 2
1582188049 2
1582188205 2
1582188206 2
1582188365 2
1582188366 2
1582193817 2
1582193818 2
1582193980 2
1582193981 2
1582194144 2
1582194145 2
1582194146 2
1582194300 2
1582194301 2
1582194462 2
1582194463 2
1582194626 2
1582194627 2
1582194789 2
1582194790 2
1582194791 2
1582194792 2
1582194955 2
1582194956 2
1582194957 2
1582195116 2
1582195117 2
1582195280 2
1582195281 2
1582195773 2
1582195774 2
1582195775 2
1582195932 2
1582195933 2
1582196090 2
1582196091 2
1582196250 2
1582196251 2
1582196409 2
1582196410 2
1582196568 2
1582196569 2
1582196726 2
1582196727 2
1582196886 2
1582196887 2
1582197048 2
1582197049 2
1582197215 2
1582197216 2
1582197371 2
1582197372 2
1582197537 2
1582197538 2
1582197708 2
1582197709 2
1582197866 2
1582197867 2
1582198024 2
1582198025 2
1582198026 2
1582198181 2
1582198182 2
1582198342 2
1582198343 2
1582198501 2
1582198502 2
1582198780 2
1582198781 2
1582199132 2
1582199133 2
