1571751984 4.569714219
1571752179 4.484810452
1571752379 4.414716309
1571752584 4.392905124
1571752778 4.513383536
1571752974 4.625692667
1571753172 4.624177708
1571753369 4.647123647
1571753566 4.60289295
1571753762 4.524935572
1571754071 4.51658386
1571754468 4.632753903
1571754861 4.668414666
1571755264 4.521183129
1571755827 4.731678894
1571756497 4.434747936
1571756908 4.668122144
1571757357 4.52123067
1571757746 4.534051768
1571758146 4.595343229
1571758536 4.439166928
1571760121 4.452514749
1571760316 4.519486803
1571760518 7.032006259
1571760716 4.604303804
1571760915 4.60191217
1571761127 4.568395158
1571761326 4.49530914
1571761521 4.577404584
1571761716 4.492092145
1571762151 4.571654992
1571762940 4.591471261
1571763328 4.516904317
1571763719 4.58491505
1571764126 5.123316005
1571764536 4.677577375
1571764929 4.5601751
1571765317 4.604105957
1571765709 4.759531298
1571766286 4.604271065
1571767068 4.498168106
