1582034985 3
1582034986 2
1582034987 2
1582034988 2
1582035857 3
1582035858 2
1582035859 2
1582035860 2
1582036461 3
1582036462 2
1582036463 2
1582036464 2
1582036465 2
1582037071 3
1582037072 2
1582037073 2
1582037074 2
1582037671 3
1582037672 2
1582037673 2
1582037674 2
1582038265 4
1582038266 4
1582038267 3
1582038268 3
1582038853 3
1582038854 2
1582038855 2
1582038856 2
1582041768 3
1582041769 2
1582041770 2
1582041771 2
1582042518 2
1582042519 4
1582042520 2
1582042521 2
1582042522 2
1582043969 4
1582043970 3
1582043971 3
1582043972 2
1582043973 2
1582044559 3
1582044560 2
1582044561 2
1582044562 2
1582044563 2
