1580223941 3
1580223942 3
1580223943 3
1580223944 2
1580224499 3
1580224500 3
1580224501 2
1580224502 2
1580225056 3
1580225057 2
1580225058 2
1580225059 2
1580225620 3
1580225621 2
1580225622 2
1580225623 2
1580226178 2
1580226179 2
1580226180 2
1580226181 2
1580226765 3
1580226766 2
1580226767 2
1580226768 2
1580227332 3
1580227333 3
1580227334 2
1580227335 2
1580227930 3
1580227931 3
1580227932 3
1580227933 2
1580228511 3
1580228512 3
1580228513 2
1580229070 3
1580229071 3
1580229072 2
1580229073 2
