1580215257 5.492123712
1580215449 5.448180967
1580215599 21.86590259
1580215775 5.587990526
1580215936 5.501425732
1580216098 5.544959567
1580216258 5.535146343
1580216418 6.835502563
1580216579 5.639513136
1580216744 21.888019934
1580217792 5.694179406
1580218117 5.686775523
1580218435 5.251148545
1580218770 5.684195509
1580219122 5.579533844
1580219482 5.646503789
1580222210 5.529620455
1580222525 5.564120735
1580222839 5.597762617
1580223143 5.220317822
1580223531 5.585264127
1580224098 5.744427437
1580224656 5.317167362
1580225214 5.563479905
1580225779 5.56404498
1580226357 5.720933164
1580226925 6.254555453
1580227523 5.78706356
1580228108 5.721783788
1580228668 5.389768712
