1574956174 2
1574956175 2
1574956176 2
1574956177 2
1574956835 2
1574956836 2
1574956837 2
1574956838 2
1574957437 2
1574957438 2
1574957439 2
1574957440 2
1574958015 2
1574958016 2
1574958017 2
1574958018 2
1574958608 2
1574958609 2
1574958610 2
1574958611 2
1574959196 2
1574959197 2
1574959198 2
1574959199 2
1574959799 2
1574959800 2
1574959801 2
1574959802 2
1574959803 2
1574960378 2
1574960379 2
1574960380 2
1574960381 2
1574960989 2
1574960990 2
1574960991 2
1574960992 2
1574961625 2
1574961626 2
1574961627 2
1574961628 2
