1579523342 0.037612315
1579523342 0.049912922
1579523342 0.042836824
1579523342 0.049980917
1579523342 0.001866075
1579523342 0.028669067
1579523342 0.043014686
1579523343 0.002514274
1579523343 0.040750905
1579523343 0.00123876
1579523343 0.032961673
1579523343 0.05281184
1579523343 0.057107645
1579523343 0.031156758
1579523343 0.00153982
1579523343 0.046143182
1579523343 0.01522537
1579523343 0.012469873
1579523343 0.03532619
1579523343 0.057238696
1579523343 0.047115997
1579523343 0.042682705
1579523343 0.001235165
1579523343 0.04298792
1579523343 0.001274592
1579523343 0.00502682
1579523343 0.03199712
1579523343 0.045655013
1579523682 0.043147372
1579523682 0.046022556
1579523682 0.001730787
1579523682 0.039627995
1579523682 0.047625196
1579523682 0.044666488
1579523682 0.00107686
1579523682 0.043785278
1579523682 0.001071709
1579523682 0.03311265
1579523682 0.053331174
1579523860 0.042974426
1579523860 0.000650456
1579523860 0.035730873
1579523860 0.001775325
1579523860 0.052135145
1579523860 0.046152895
1579523860 0.039834118
1579523861 0.045065189
1579523861 0.046627512
1579523861 0.001371876
1579523861 0.003623093
1579523861 0.026763576
1579523861 0.03634692
1579523861 0.058162799
1579523861 0.00261609
1579523861 0.045239353
1579523861 0.038569942
1579523861 0.042470972
1579523861 0.001562127
1579523861 0.04513857
1579523861 0.008962076
1579523861 0.001085306
1579523861 0.035477008
1579523861 0.021239705
1579523861 0.00235547
1579523861 0.053316169
1579523861 0.000956254
1579523861 0.039454113
1579524046 0.00183697
1579524046 0.042673296
1579524046 0.012049
1579524046 0.022799093
1579524046 0.045306147
1579524046 0.032268378
1579524046 0.055468413
1579524046 0.040104798
1579524046 0.045338599
1579524046 0.046810929
1579524046 0.043977046
1579524046 0.002985592
1579524046 0.019861201
1579524046 0.049466145
1579524046 0.043387096
1579524046 0.001938957
1579524046 0.04236646
1579524046 0.04322951
1579524047 0.001960624
1579524047 0.04396256
1579524047 0.00122794
1579524047 0.051803687
1579524047 0.037531407
1579524047 0.002568351
1579524047 0.002770845
1579524047 0.018980103
1579524047 0.04748658
1579524231 0.051633186
1579524231 0.038933511
1579524231 0.009179723
1579524231 0.028124776
1579524400 0.00171741
1579524400 0.044984701
1579524400 0.00263519
1579524400 0.04723947
1579524400 0.044235192
1579524400 0.001223118
1579524400 0.047621235
1579524400 0.00125871
1579524400 0.042096115
1579524400 0.043390511
1579524400 0.001093452
1579524400 0.003725881
1579524400 0.027722205
1579524400 0.036059963
1579524400 0.001336885
1579524400 0.054957669
1579524400 0.048495747
1579524400 0.042171609
1579524400 0.001617276
1579524400 0.044752832
1579524400 0.001726046
1579524400 0.00457927
1579524400 0.048095396
1579524400 0.019288708
1579524400 0.044313091
1579524400 0.001491446
1579524400 0.035400739
1579524400 0.000818186
1579524400 0.050965968
1579524400 0.043244905
1579524566 0.001348714
1579524566 0.042506571
1579524566 0.041396466
1579524566 0.036509948
1579524566 0.001805134
1579524566 0.051447565
1579524566 0.000997911
1579524566 0.044075838
1579537579 0.04512132
