1572965487 0.03359071
1572965487 0.002056566
1572965487 0.049398699
1572965487 0.048107287
1572965487 0.042173259
1572965487 0.042180858
1572965487 0.043292065
1572965487 0.002819391
1572965487 0.054621185
1572965488 0.004190942
1572965488 0.008896091
1572965488 0.051783464
1572965488 0.001155518
1572965488 0.044361357
1572965488 0.040337577
1572965488 0.044810491
1572965488 0.047516568
1572965488 0.001460769
1572965488 0.041871093
1572965488 0.006497402
1572965488 0.018797314
1572965488 0.050948852
1572965488 0.044606829
1572965488 0.044195189
1572965488 0.043570677
1572965488 0.04322725
1572965655 0.002073313
1572965655 0.0421794
1572965655 0.00163291
1572965655 0.002888458
1572965655 0.020057868
1572965655 0.051462987
1572965655 0.055670947
1572965655 0.031534401
1572965655 0.04712116
1572965655 0.001509273
1572965655 0.042358089
1572965655 0.0016678
1572965655 0.042339787
1572965655 0.006290936
1572965655 0.036286818
1572965655 0.001300542
1572965655 0.003392954
1572965655 0.021583785
1572965655 0.048196329
1572965655 0.002711324
1572965655 0.054488378
1572965655 0.03480113
1572965655 0.043061824
1572965655 0.001520608
1572965655 0.039741447
1572965655 0.000978569
1572965655 0.042629587
1572965655 0.001758343
1572965655 0.035473827
1572965655 0.023017185
1572965655 0.011482696
1572965655 0.053687224
1572965655 0.040165773
1572965824 0.044430526
1572965824 0.001338277
1572965824 0.049391979
1572965824 0.038151482
1572965824 0.040073545
1572965824 0.002129637
1572965824 0.016258406
1572965824 0.01279092
1572965824 0.052165832
1572965824 0.039254595
1572965824 0.045510385
1572965824 0.003099212
1572965824 0.041847545
1572965824 0.014609125
1572965824 0.023833532
1572965824 0.052285546
1572965824 0.001397601
1572965824 0.038221579
1572965824 0.046120465
1572965824 0.001435584
1572965824 0.002318554
1572965824 0.027774872
1572965824 0.047354282
1572965824 0.044075401
1572965825 0.001476574
1572965825 0.04220322
1572965825 0.051569765
1572965825 0.03525045
1572965825 0.001361846
1572965825 0.050514258
1572965825 0.001862273
1572965825 0.027256813
1572965825 0.0385512
1572965825 0.001693848
1572965825 0.035921992
1572965825 0.002681784
1572965825 0.04977407
1572965825 0.049183416
1572965988 0.000763845
1572965988 0.047308453
1572965988 0.000830849
1572965988 0.028261017
1572965988 0.039585921
1572965988 0.003807053
1572965988 0.044658632
1572965988 0.042789829
1572965988 0.047695574
1572965988 0.051701447
1572965988 0.043827065
1572965988 0.001140989
1572965988 0.025492351
1572965988 0.034386281
1572965988 0.054232278
1572965988 0.041820642
1572965988 0.042983494
1572965988 0.044342965
1572965988 0.051515987
1572965988 0.036385465
1572965989 0.045982247
1572966160 0.012379814
1572966160 0.054183297
1572966160 0.04764681
1572966160 0.039531857
1572966160 0.045180768
1572966160 0.001223982
1572966160 0.042117827
1572966160 0.045500033
1572966160 0.014393085
1572966160 0.01080583
1572966160 0.058757156
1572966160 0.005442408
1572966160 0.029419936
1572966160 0.045574299
1572966160 0.042019211
1572966160 0.046261072
1572966160 0.034476399
1572966160 0.052864075
1572966161 0.001032981
1572966161 0.01210431
1572966161 0.012844911
1572966161 0.049137933
1572966161 0.042623284
1572966161 0.001858432
1572966161 0.043222598
1572966161 0.046717155
1572966161 0.033502708
1572966161 0.058207689
1572966161 0.000524357
1572966161 0.041360222
1572966161 0.005175881
1572966161 0.026209446
1572966161 0.04438352
1572966161 0.04668505
1572966332 0.012242479
1572966332 0.047520824
1572966332 0.044206233
1572966332 0.045062932
1572966332 0.043511335
1572966332 0.036423227
1572966332 0.057693334
1572966332 0.041248512
1572966332 0.003525266
1572966332 0.028819186
1572966332 0.039517458
1572966332 0.00162893
1572966332 0.044912592
1572966332 0.000867615
1572966332 0.03768585
1572966332 0.001361312
1572966332 0.046563216
1572966498 0.042821766
1572966498 0.036966383
1572966498 0.048968462
1572966499 0.048621097
1572966499 0.001459567
1572966499 0.042858247
1572966499 0.001473508
1572966499 0.003185328
1572966499 0.030959306
1572966499 0.043666434
1572966499 0.001237538
1572966499 0.040697078
1572966499 0.001515028
1572966499 0.032762767
1572966499 0.05081195
1572966499 0.001144492
1572966499 0.043004687
1572966499 0.044660864
1572966499 0.000967003
1572966499 0.043877272
1572966499 0.002293046
1572966499 0.003792811
1572966499 0.028331362
1572966499 0.033482407
1572966499 0.057562449
1572966499 0.04136674
1572966499 0.002353651
1572966499 0.041864092
1572966499 0.043403217
1572966690 0.010299439
1572966690 0.050475761
1572966690 0.001811963
1572966690 0.046658032
1572966690 0.00164606
1572966690 0.038554073
1572966690 0.046628437
1572966690 0.042671592
1572966860 0.001686372
1572966860 0.034246028
1572966860 0.05551342
1572966861 0.040193926
1572966861 0.001896259
1572966861 0.005173145
1572966861 0.027776702
1572966861 0.043211577
1572966861 0.043763218
1572966861 0.034500855
1572966861 0.00204252
1572966861 0.019660417
1572966861 0.0092886
1572966861 0.050566083
1572966861 0.001344741
1572966861 0.040721096
1572966861 0.047071751
1572966861 0.041014488
1572966861 0.03621237
1572966861 0.052472845
1572966861 0.001085271
1572966861 0.041664787
1572966861 0.001440478
1572966861 0.00571148
1572966861 0.0294944
1572966861 0.042101762
1572966861 0.041822494
1572966861 0.001533882
1572966861 0.034802252
1572966861 0.05502591
1572966861 0.0459552
1572967024 0.175571251
1572967025 0.001308038
1572967025 0.043031461
1572967025 0.006993729
1572967025 0.019438532
1572967025 0.057958154
1572967025 0.035307459
1572967025 0.001271398
1572967025 0.043348814
1572967025 0.002518354
1572967025 0.040872769
1572967025 0.001520234
1572967025 0.043572762
1572967025 0.042585498
1572967025 0.001625747
1572967025 0.046192669
1572967025 0.001500629
1572967025 0.002262903
1572967025 0.03133024
1572967025 0.040931913
1572967025 0.040780422
1572967025 0.043890963
1572967025 0.001488489
1572967025 0.049561197
1572967025 0.036841765
1572967025 0.036522186
1572967025 0.001195784
1572967025 0.049899686
1572967025 0.001694183
1572967025 0.016028548
1572967025 0.010293256
1572967025 0.064801829
1572967025 0.034376434
1572967025 0.041012305
