1572265163 0.041783674
1572265163 0.00204108
1572265163 0.042716925
1572265163 0.001619646
1572265163 0.0048588
1572265163 0.030289629
1572265163 0.031558684
1572265163 0.05475638
1572265163 7.471e-06
1572265163 0.046992235
1572265163 0.041530583
1572265163 0.045101888
1572265163 0.003253163
1572265163 0.039554438
1572265163 0.001067314
1572265163 0.006908819
1572265163 0.032887295
1572265163 0.040124626
1572265163 0.000702263
1572265163 0.034693874
1572265163 0.051997662
1572265163 0.047788247
1572265163 0.001311817
1572265163 0.058220005
1572265163 0.04097615
1572265163 0.000830836
1572265163 0.018858687
1572265163 0.044905343
1572265164 0.001663749
1572265164 0.033291549
1572265164 0.055527586
1572265164 0.040164979
1572265164 0.046091283
1572265164 0.048447136
1572265164 0.042445313
1572265164 0.001601978
1572265164 0.019261941
1572265164 0.051089225
1572265164 0.044919383
1572265164 0.08672922
1572265363 0.001517095
1572265363 0.003396811
1572265363 0.02728114
1572265363 0.052982284
1572265363 0.027678944
1572265363 0.050641608
1572265363 0.045072804
1572265363 0.04323878
1572265363 0.049041151
1572265363 0.000869409
1572265363 0.026536217
1572265363 0.036567602
1572265363 0.055569364
1572265363 0.041243494
1572265363 0.047805702
1572265364 0.042149309
1572265364 0.044438628
1572265364 0.004797407
1572265364 0.029964942
1572265364 0.033524588
1572265364 0.002537032
1572265364 0.055511391
1572265364 0.046242073
1572265364 0.001210808
1572265364 0.042452836
1572265364 0.000973516
1572265364 0.044877529
1572265364 0.001332596
1572265364 0.001758412
1572265364 0.033747186
1572265364 0.037216852
1572265364 0.043475548
1572265364 0.036683963
1572265364 0.001512394
1572265364 0.05377232
1572265364 0.039787144
1572265364 0.00138714
1572265364 0.045221632
1572265364 0.001306808
1572265364 0.044284741
1572265364 0.001193377
1572265364 0.000986816
1572265560 0.013335614
1572265560 0.052515996
1572265560 0.003072221
1572265560 0.040156672
1572265560 0.045062385
1572265560 0.003496379
1572265560 0.040404887
1572265560 0.001146607
1572265560 0.033971097
1572265560 0.002559285
1572265560 0.052247784
1572265560 0.040407551
1572265560 0.0068615
1572265560 0.028001494
1572265560 0.044367217
1572265560 0.003247881
1572265560 0.040448499
1572265560 0.045293298
1572265560 0.03563014
1572265560 0.061302808
1572265560 0.033953566
1572265560 0.001504317
1572265560 0.015002471
1572265560 0.013099345
1572265561 0.056728529
1572265561 0.001840995
1572265561 0.046710858
1572265561 0.03424194
1572265561 0.001317695
1572265561 0.034518259
1572265561 0.000887756
1572265561 0.051260046
1572265561 0.056129359
1572265561 0.001157366
1572265561 0.033304576
1572265561 0.001369149
1572265561 0.001352008
1572265561 0.03006587
1572265561 0.044689827
1572265561 0.046250074
1572265561 2.085e-05
1572265561 0.033680809
1572265561 0.001524836
1572265561 0.0508302
1572265561 0.00293424
1572265561 0.088430051
1572265759 0.00159958
1572265759 0.03902003
1572265759 0.046281653
1572265759 0.002952902
1572265759 0.012149547
1572265759 0.013025351
1572265759 0.048938072
1572265759 0.001306322
1572265759 0.047416752
1572265759 0.042573873
1572265759 0.044402502
1572265759 0.037962931
1572265759 0.051245018
1572265759 0.044289521
1572265759 0.000864903
1572265759 0.003602989
1572265759 0.028802867
1572265760 0.042330068
1572265760 0.001226938
1572265760 0.043300387
1572265760 0.034936926
1572265760 0.052832048
1572265760 0.001195579
1572265760 0.051698832
1572265760 0.033199116
1572265760 0.046048777
1572265760 0.006670331
1572265760 0.028684806
1572265760 0.039560302
1572265760 0.036316082
1572265760 0.051255555
1572265760 0.002107348
1572265760 0.043574822
1572265760 0.000926032
1572265760 0.044959811
1572265760 0.040582532
1572265760 0.043943872
1572265760 0.045101568
1572265760 0.001776374
1572265760 0.003313534
1572265760 0.021161003
1572265760 0.048220387
1572265962 0.035231416
1572265962 0.051290781
1572265962 0.00095366
1572265962 0.038822924
1572265962 0.001209137
1572265962 0.041997686
1572265962 0.047075324
1572265962 0.001313746
1572265962 0.039238442
1572265962 0.002556269
1572265962 0.00365562
1572265962 0.020320412
1572265962 0.049482543
1572265962 0.043635608
1572265963 0.001847048
1572265963 0.052022725
1572265963 0.043836571
1572265963 0.036908618
1572265963 0.042493426
1572265963 0.001251658
1572265963 0.034769384
1572265963 0.024100499
1572265963 0.013276473
1572265963 0.042884152
1572265963 0.045542153
1572265963 0.044462373
1572265963 0.04306733
1572265963 0.005276145
1572265963 0.029523185
1572265963 0.050769656
1572265963 0.045636879
1572265963 0.007562322
1572265963 0.02653522
1572265963 0.044698545
1572265963 0.001438388
1572265963 0.044437766
1572266163 0.043892795
1572266163 0.044475555
1572266163 0.036917645
1572266163 0.05188321
1572266163 0.047252657
1572266163 0.002819981
1572266163 0.02723086
1572266163 0.042377913
1572266163 0.048254251
1572266163 0.001872662
1572266163 0.042718251
1572266163 0.035234475
1572266164 0.002260861
1572266164 0.053962526
1572266164 0.041168217
1572266164 0.001788349
1572266164 0.040059888
1572266164 0.001212308
1572266164 0.00557342
1572266164 0.027027294
1572266164 0.043473143
1572266164 0.035537865
1572266164 0.05453606
1572266164 0.001821688
1572266164 0.042608652
1572266164 0.001349471
1572266164 0.041330036
1572266164 0.042525532
1572266164 0.001243835
1572266164 0.042352079
1572266164 0.002158349
1572266164 0.005440428
1572266164 0.027551633
1572266363 0.039523518
1572266363 0.001440362
1572266363 0.046090143
1572266363 0.033117251
1572266363 0.002018188
1572266363 0.051999343
1572266363 0.042546576
1572266363 0.047118152
1572266363 0.001157582
1572266363 0.053823906
1572266363 0.020578252
1572266363 0.03298845
1572266363 0.002404869
1572266363 0.049096426
1572266363 0.044868935
1572266363 0.04313081
1572266363 0.000968428
1572266363 0.042903372
1572266363 0.043958689
1572266363 0.044446325
1572266363 0.043931107
1572266363 0.005022362
1572266364 0.020044558
1572266364 0.051485282
1572266561 0.04263419
1572266562 0.00281452
1572266562 0.020781983
1572266562 0.003758709
1572266562 0.047673715
1572266562 0.045017124
1572266562 0.050185975
1572266562 5.7127e-05
1572266562 0.000255162
1572266562 0.017917239
1572266562 0.051083481
1572266562 0.043896567
1572266562 0.049569807
1572266562 0.039170809
1572266562 0.043153224
1572266562 0.043427092
1572266761 0.000987573
1572266761 0.041144084
1572266761 0.048933425
1572266761 0.001058432
1572266761 0.03899173
1572266761 0.043827328
1572266761 0.043400344
1572266761 0.036807403
1572266761 0.001262134
1572266761 0.021638455
1572266761 0.013365281
1572266761 0.052933956
1572266761 0.002746615
1572266761 0.045371701
1572266761 0.04541247
1572266762 0.003299707
1572266762 0.037156757
1572266762 0.045289317
1572266762 0.000834922
1572266762 0.013646145
1572266762 0.014003329
1572266762 0.062214486
1572266762 0.031786902
1572266762 0.044851458
1572266762 0.047034447
1572266762 0.040492772
1572266762 0.044984068
1572266762 0.039835454
1572266762 0.002370797
1572266762 0.01342804
1572266762 0.013270863
1572266762 0.05140422
1572266762 0.047568073
1572266762 0.044813394
1572266762 0.042178609
1572266762 0.001372522
1572266762 0.043586648
1572266968 0.037281873
1572266968 0.049418477
1572266968 0.047812928
1572266968 0.041512729
1572266968 0.046520128
1572266968 0.044883911
1572266968 0.040512129
1572266968 0.006562585
1572266968 0.020046711
1572266968 0.0516999
1572266968 0.040601797
1572266968 0.00148822
1572266968 0.050696006
1572266968 0.000957858
1572266968 0.046371115
1572266968 0.041653098
1572266968 0.009556013
1572266968 0.000449635
1572266968 0.025141285
1572266968 0.032974867
1572266969 0.051890386
1572266969 0.053887938
1572266969 0.002390275
1572266969 0.020752836
1572266969 0.042292405
1572266969 0.045368406
1572266969 0.035407085
1572266969 0.001833539
1572266969 0.049845421
1572266969 0.00091651
1572266969 0.043816417
1572266969 0.001436576
1572266969 0.047883327
1572266969 9.8774e-05
1572266969 0.025938569
1572274215 0.04288809
1572274215 0.043957601
1572274215 3.7504e-05
1572274215 0.041965386
1572274215 0.005656019
1572274215 0.029676477
1572274215 0.033430571
1572274215 0.002493716
1572274215 0.052036781
1572274215 0.002405104
1572274215 0.039302005
1572274215 0.001590366
1572274215 0.04186745
1572274216 0.042842374
1572274216 0.044035856
1572274390 0.050025964
1572274390 0.047731143
1572274391 0.000964126
1572274391 0.038228945
1572274391 0.001141328
1572274391 0.005827687
1572274391 0.031410568
1572274391 0.044630025
1572274391 0.002579366
1572274391 0.036951058
1572274391 0.001423505
1572274391 0.035643431
1572274391 0.051898429
1572274391 0.043540945
1572274391 0.043839122
1572274391 0.045523115
1572274391 0.003928072
1572274391 0.02729525
1572274391 0.044246609
1572274391 0.042995155
1572274391 0.001168583
1572274391 0.043000892
1572274391 0.001621695
1572274391 0.042414512
1572274391 0.044185681
1572274391 0.044771141
1572274391 0.001340869
1572274391 0.045513
1572274391 0.001556905
1572274391 0.001370636
1572274391 0.020436293
1572274391 0.049444797
1572274556 0.04411072
1572274556 0.043789374
1572274556 0.040145683
1572274556 1.7234e-05
1572274556 0.048165032
1572274556 0.012736307
1572274556 0.01256265
1572274556 0.054376779
1572274556 0.001205729
1572274556 0.043710119
1572274556 0.051331281
1572274556 0.043189605
1572274556 0.040225432
1572274556 0.001008441
1572274556 0.006654954
1572274556 0.020387525
1572274556 0.048002758
1572274556 0.048576442
1572274556 0.046877959
1572274729 0.043404098
1572274729 0.042878666
1572274729 0.001442307
1572274729 0.03476211
1572274729 0.001210104
1572274729 0.050224882
1572274729 0.044893235
1572274729 0.005044831
1572274729 0.037490267
1572274729 0.042977683
1572274729 0.041891434
1572274729 0.047510434
1572274729 0.001397772
1572274729 0.027286275
1572274729 0.05075676
1572274729 0.001147208
1572274729 0.043222714
1572274729 0.001522205
1572274729 0.014099703
1572274729 0.012161045
1572274729 0.061909902
1572274730 0.038142058
1572274730 0.001872775
1572274730 0.038788935
1572274730 0.036346813
1572274730 0.05086117
1572274730 0.001297524
1572274730 0.043941008
1572275067 0.053782729
1572275067 0.038609191
1572275067 0.001603054
1572275067 0.044784354
1572275067 0.002058256
1572275067 0.003866699
1572275067 0.029062871
1572275067 0.034386301
1572275067 0.051021805
1572275067 0.042027993
1572275067 0.001519784
1572275067 0.011280728
1572275068 0.011835653
1572275068 0.052240468
1572275068 0.043264008
1572275068 0.047281573
1572275068 0.001501773
1572275068 0.030557826
1572275068 0.05162522
1572275068 0.00249032
1572275068 0.041494302
1572275068 0.001318978
1572275068 0.042387863
1572275068 0.001245992
1572275068 0.006676638
1572275068 0.044713693
1572275068 0.024057365
1572275243 0.054545074
1572275243 1.5628e-05
1572275243 0.033844105
1572275243 0.036546645
1572275243 0.051280116
1572275243 0.00201321
1572275243 0.048220506
1572275243 1.8093e-05
1572275243 0.000451246
1572275243 0.029254205
1572275243 0.044268495
1572275243 0.04356738
1572275243 0.046205485
1572275243 0.034535038
1572275243 0.001594005
1572275243 0.058270712
1572275243 0.00096254
1572275243 0.039755816
1572275414 0.055159453
1572275414 0.036411673
1572275414 0.043346198
1572275414 0.012872376
1572275414 0.012368115
1572275414 0.050524479
1572275414 0.042264267
1572275414 0.00138436
1572275414 0.042061135
1572275414 0.051521283
1572275414 0.002112053
1572275414 0.037950548
1572275414 0.053664365
1572275414 0.026086
1572275414 0.001208419
1572275414 0.019455066
1572275414 0.011901411
1572275414 0.05453735
1572275414 0.03969831
1572275414 0.054641525
1572275414 0.034327118
1572275414 0.035881055
1572275414 0.051493378
1572275582 0.038538053
1572275582 0.003773176
1572275582 0.03471233
1572275582 0.001173621
1572275582 0.046803255
1572275583 0.001586118
1572275583 0.015801204
1572275583 0.058300186
1572275583 0.036103841
1572275583 0.04432145
1572275583 0.047894303
1572275583 0.040361777
1572275583 0.046760206
1572275583 0.001315257
1572275583 0.031665076
1572275583 0.002716424
1572275583 0.020317386
1572275583 0.011879855
1572275583 0.04895051
1572275583 0.044251755
1572275583 0.000957719
1572275583 0.045851563
1572275583 0.042073906
1572275583 0.036702373
1572275583 2.1947e-05
1572275583 0.053086823
1572275755 0.047332488
1572275756 0.044513907
1572275756 0.047484689
1572275756 0.000406895
1572275756 0.052582644
1572275756 0.032201911
1572275756 0.043700515
1572275756 0.001642241
1572275756 0.006219423
1572275756 0.01970051
1572275756 0.058891075
1572275756 0.033666026
1572275756 0.042673513
1572275756 0.001762111
1572275756 0.003088739
1572275756 0.030183642
1572275756 0.030416352
1572275756 0.052126622
