1572871667 2
1572871668 2
1572871669 2
1572871670 2
1572871671 2
1572871672 2
1572871673 3
1572871674 3
1572871675 3
1572872316 3
1572872317 3
1572872318 3
1572872319 2
1572872320 2
1572872321 2
1572872322 2
1572872323 3
1572872998 3
1572872999 4
1572873000 4
1572873001 3
1572873002 3
1572873003 4
1572873004 4
1572873005 4
1572873646 3
1572873647 3
1572873648 3
1572873649 3
1572873650 2
1572873651 2
1572873652 3
1572873653 3
1572874304 3
1572874305 3
1572874306 2
1572874307 2
1572874308 2
1572874309 2
1572874310 3
1572874311 3
1572875370 3
1572875371 3
1572875372 2
1572875373 2
1572875374 2
1572875375 2
1572875376 3
1572875377 3
1572876228 4
1572876229 3
1572876230 2
1572876231 3
1572876232 2
1572876233 4
1572876234 2
1572876235 2
1572876236 3
1572876237 3
1572876238 3
1572876239 2
1572876240 2
1572876241 3
1572876242 3
1572876243 3
1572877449 5
1572877450 3
1572877451 2
1572877452 2
1572877453 2
1572877454 2
1572877455 2
1572877456 3
1572878105 3
1572878106 3
1572878107 2
1572878108 2
1572878109 2
1572878110 2
1572878111 3
1572878112 3
1572879347 3
1572879348 3
1572879349 2
1572879350 2
1572879351 2
1572879352 3
1572879353 2
1572879354 3
1572879355 3
1572880410 3
1572880411 3
1572880412 3
1572880413 2
1572880414 2
1572880415 3
1572880416 3
1572880417 3
1572880418 4
1572880419 4
1572880420 4
1572880421 4
1572880422 5
1572880423 5
1572880424 5
1572880425 4
1572880426 4
1572880427 3
1572880428 2
1572880429 2
1572880430 2
1572880431 2
1572880432 2
1572880433 2
1572880434 2
1572880435 2
1572880436 2
1572880437 2
1572880438 2
1572880439 2
1572880440 2
1572880441 2
1572880442 2
1572880443 2
1572880444 2
1572880445 2
1572880446 2
1572880447 2
1572880448 2
1572880449 2
1572880450 2
1572880451 2
1572880452 2
1572880453 2
1572880454 2
1572880455 2
1572880456 2
1572880457 2
1572880458 2
1572880459 2
1572880460 3
1572880461 4
1572880462 4
1572880463 4
1572880464 4
1572880465 4
1572880466 4
1572880467 4
1572880468 4
1572880469 4
1572880470 4
1572880471 4
1572880472 4
1572880473 4
1572880474 3
1572880475 2
1572880476 4
1572880477 4
1572880478 5
1572880479 4
1572880480 4
1572880481 3
1572880482 2
1572880483 2
1572880484 2
1572880485 2
1572880486 2
1572880487 2
1572880488 2
1572880489 2
1572880490 2
1572880491 2
1572880492 2
1572880493 2
1572880494 2
1572880495 2
1572880496 2
1572880497 2
1572880498 2
1572880499 2
1572880500 2
1572880501 2
1572880502 2
1572880503 2
1572880504 2
1572880505 2
1572880506 2
1572880507 2
1572880508 2
1572880509 2
1572880510 2
1572880511 2
1572880512 2
1572880513 2
1572880514 2
1572880515 2
1572880516 2
1572880517 3
1572880744 3
1572880745 3
1572880746 2
1572880747 2
1572880748 2
1572880749 3
1572880750 3
1572880751 4
1572880752 4
1572880753 4
1572880754 4
1572880755 5
1572880756 4
1572880757 5
1572880758 3
1572880759 3
1572880760 3
1572880761 3
1572880762 2
1572880763 2
1572880764 3
1572880765 2
1572880766 2
1572880767 2
1572880768 2
1572880769 2
1572880770 2
1572880771 2
1572880772 2
1572880773 2
1572880774 2
1572880775 2
1572880776 2
1572880777 2
1572880778 2
1572880779 2
1572880780 2
1572880781 2
1572880782 2
1572880783 2
1572880784 2
1572880785 2
1572880786 2
1572880787 2
1572880788 2
1572880789 2
1572880790 2
1572880791 2
1572880792 2
1572880793 1
1572880794 1
1572880795 2
1572880796 2
1572880797 2
1572880798 3
1572880799 4
1572880800 4
1572880801 3
1572880802 5
1572880803 4
1572880804 4
1572880805 3
1572880806 3
1572880807 3
1572880808 3
1572880809 3
1572880810 3
1572880811 3
1572880812 3
1572880813 2
1572880814 3
1572880815 4
1572880816 4
1572880817 4
1572880818 4
1572880819 3
1572880820 3
1572880821 2
1572880822 2
1572880823 3
1572880824 2
1572880825 2
1572880826 2
1572880827 2
1572880828 2
1572880829 2
1572880830 2
1572880831 2
1572880832 2
1572880833 2
1572880834 2
1572880835 2
1572880836 2
1572880837 2
1572880838 2
1572880839 2
1572880840 2
1572880841 2
1572880842 2
1572880843 2
1572880844 2
1572880845 2
1572880846 2
1572880847 2
1572880848 2
1572880849 2
1572880850 2
1572880851 2
1572880852 2
1572880853 2
1572880854 2
1572880855 1
1572880856 2
1572880857 3
1572880858 2
1572880859 3
1572881095 3
1572881096 3
1572881097 3
1572881098 2
1572881099 2
1572881100 2
1572881101 3
1572881102 3
1572881103 3
1572881104 3
1572881105 3
1572881106 3
1572881107 3
1572881108 3
1572881109 4
1572881110 2
1572881111 2
1572881112 2
1572881113 2
1572881114 2
1572881115 2
1572881116 2
1572881117 2
1572881118 2
1572881119 2
1572881120 2
1572881121 2
1572881122 2
1572881123 2
1572881124 2
1572881125 2
1572881126 2
1572881127 2
1572881128 2
1572881129 2
1572881130 2
1572881131 2
1572881132 2
1572881133 2
1572881134 2
1572881135 2
1572881136 2
1572881137 2
1572881138 2
1572881139 2
1572881140 2
1572881141 2
1572881142 2
1572881143 2
1572881144 2
1572881145 3
1572881146 3
1572881147 4
1572881148 4
1572881149 4
1572881150 4
1572881151 4
1572881152 4
1572881153 4
1572881154 4
1572881155 4
1572881156 4
1572881157 4
1572881158 3
1572881159 3
1572881160 3
1572881161 4
1572881162 4
1572881163 4
1572881164 4
1572881165 4
1572881166 2
1572881167 2
1572881168 2
1572881169 2
1572881170 2
1572881171 2
1572881172 2
1572881173 2
1572881174 2
1572881175 2
1572881176 2
1572881177 2
1572881178 2
1572881179 2
1572881180 2
1572881181 2
1572881182 2
1572881183 2
1572881184 2
1572881185 2
1572881186 2
1572881187 2
1572881188 2
1572881189 2
1572881190 2
1572881191 2
1572881192 2
1572881193 2
1572881194 2
1572881195 2
1572881196 2
1572881197 2
1572881198 2
1572881199 2
1572881200 2
1572881201 2
1572881426 4
1572881427 4
1572881428 3
1572881429 2
1572881430 2
1572881431 2
1572881432 2
1572881433 3
1572881434 4
1572881435 4
1572881436 5
1572881437 5
1572881438 5
1572881439 6
1572881440 5
1572881441 5
1572881442 5
1572881443 4
1572881444 4
1572881445 2
1572881446 2
1572881447 2
1572881448 2
1572881449 2
1572881450 2
1572881451 2
1572881452 2
1572881453 2
1572881454 2
1572881455 2
1572881456 2
1572881457 2
1572881458 2
1572881459 2
1572881460 2
1572881461 2
1572881462 2
1572881463 2
1572881464 2
1572881465 2
1572881466 2
1572881467 2
1572881468 2
1572881469 2
1572881470 2
1572881471 2
1572881472 2
1572881473 2
1572881474 2
1572881475 2
1572881476 2
1572881477 3
1572881478 4
1572881479 4
1572881480 4
1572881481 4
1572881482 4
1572881483 3
1572881484 3
1572881485 3
1572881486 3
1572881487 3
1572881488 3
1572881489 3
1572881490 4
1572881491 4
1572881492 3
1572881493 3
1572881494 3
1572881495 3
1572881496 4
1572881497 4
1572881498 4
1572881499 4
1572881500 3
1572881501 3
1572881502 2
1572881503 2
1572881504 2
1572881505 2
1572881506 2
1572881507 2
1572881508 2
1572881509 2
1572881510 2
1572881511 2
1572881512 2
1572881513 2
1572881514 2
1572881515 2
1572881516 2
1572881517 2
1572881518 2
1572881519 2
1572881520 2
1572881521 2
1572881522 2
1572881523 2
1572881524 2
1572881525 2
1572881526 2
1572881527 2
1572881528 2
1572881529 2
1572881530 2
1572881531 2
1572881532 2
1572881533 2
1572881534 2
1572881535 2
1572881536 3
1572881761 3
1572881762 3
1572881763 3
1572881764 2
1572881765 2
1572881766 2
1572881767 2
1572881768 3
1572881769 3
1572881770 3
1572881771 3
1572881772 2
1572881773 3
1572881774 4
1572881775 3
1572881776 3
1572881777 2
1572881778 2
1572881779 2
1572881780 2
1572881781 2
1572881782 2
1572881783 2
1572881784 2
1572881785 2
1572881786 2
1572881787 2
1572881788 2
1572881789 2
1572881790 2
1572881791 2
1572881792 2
1572881793 2
1572881794 2
1572881795 2
1572881796 2
1572881797 2
1572881798 2
1572881799 2
1572881800 2
1572881801 2
1572881802 2
1572881803 2
1572881804 2
1572881805 2
1572881806 2
1572881807 2
1572881808 2
1572881809 2
1572881810 2
1572881811 2
1572881812 3
1572881813 4
1572881814 4
1572881815 4
1572881816 4
1572881817 4
1572881818 4
1572881819 4
1572881820 4
1572881821 4
1572881822 4
1572881823 4
1572881824 3
1572881825 3
1572881826 3
1572881827 4
1572881828 4
1572881829 4
1572881830 4
1572881831 4
1572881832 4
1572881833 2
1572881834 2
1572881835 2
1572881836 2
1572881837 2
1572881838 2
1572881839 2
1572881840 2
1572881841 2
1572881842 2
1572881843 2
1572881844 2
1572881845 2
1572881846 2
1572881847 2
1572881848 2
1572881849 2
1572881850 2
1572881851 2
1572881852 2
1572881853 2
1572881854 2
1572881855 2
1572881856 2
1572881857 2
1572881858 2
1572881859 2
1572881860 2
1572881861 2
1572881862 2
1572881863 2
1572881864 2
1572881865 2
1572881866 2
1572881867 2
1572881868 2
1572881869 3
1572882091 3
1572882092 3
1572882093 2
1572882094 2
1572882095 2
1572882096 2
1572882097 4
1572882098 4
1572882099 3
1572882100 3
1572882101 3
1572882102 2
1572882103 3
1572882104 4
1572882105 3
1572882106 4
1572882107 3
1572882108 2
1572882109 2
1572882110 2
1572882111 2
1572882112 2
1572882113 2
1572882114 2
1572882115 2
1572882116 2
1572882117 2
1572882118 2
1572882119 2
1572882120 2
1572882121 2
1572882122 2
1572882123 2
1572882124 2
1572882125 2
1572882126 2
1572882127 2
1572882128 2
1572882129 2
1572882130 2
1572882131 2
1572882132 2
1572882133 2
1572882134 2
1572882135 2
1572882136 2
1572882137 2
1572882138 2
1572882139 2
1572882140 2
1572882141 2
1572882142 3
1572882143 4
1572882144 4
1572882145 4
1572882146 4
1572882147 4
1572882148 4
1572882149 4
1572882150 3
1572882151 3
1572882152 3
1572882153 3
1572882154 3
1572882155 3
1572882156 3
1572882157 2
1572882158 3
1572882159 4
1572882160 5
1572882161 4
1572882162 4
1572882163 3
1572882164 3
1572882165 3
1572882166 2
1572882167 2
1572882168 2
1572882169 2
1572882170 2
1572882171 2
1572882172 2
1572882173 2
1572882174 2
1572882175 2
1572882176 2
1572882177 2
1572882178 2
1572882179 2
1572882180 2
1572882181 2
1572882182 2
1572882183 2
1572882184 2
1572882185 2
1572882186 2
1572882187 2
1572882188 2
1572882189 2
1572882190 2
1572882191 2
1572882192 2
1572882193 2
1572882194 2
1572882195 2
1572882196 2
1572882197 2
1572882198 2
1572882199 2
1572882200 3
1572882477 3
1572882478 3
1572882479 4
1572882480 3
1572882481 2
1572882482 3
1572882483 3
1572882484 3
1572882485 3
1572882486 4
1572882487 5
1572882488 6
1572882489 4
1572882490 5
1572882491 4
1572882492 3
1572882493 3
1572882494 2
1572882495 2
1572882496 2
1572882497 2
1572882498 2
1572882499 2
1572882500 2
1572882501 2
1572882502 2
1572882503 2
1572882504 2
1572882505 2
1572882506 2
1572882507 2
1572882508 2
1572882509 2
1572882510 2
1572882511 2
1572882512 3
1572882513 2
1572882514 2
1572882515 2
1572882516 2
1572882517 2
1572882518 2
1572882519 2
1572882520 2
1572882521 2
1572882522 2
1572882523 2
1572882524 2
1572882525 2
1572882526 2
1572882527 2
1572882528 2
1572882529 2
1572882530 2
1572882531 2
1572882532 2
1572882533 3
1572882534 4
1572882535 4
1572882536 4
1572882537 4
1572882538 4
1572882539 4
1572882540 4
1572882541 4
1572882542 4
1572882543 4
1572882544 4
1572882545 3
1572882546 3
1572882547 2
1572882548 3
1572882549 5
1572882550 4
1572882551 4
1572882552 4
1572882553 4
1572882554 3
1572882555 2
1572882556 2
1572882557 2
1572882558 2
1572882559 2
1572882560 2
1572882561 2
1572882562 2
1572882563 2
1572882564 2
1572882565 2
1572882566 2
1572882567 2
1572882568 2
1572882569 2
1572882570 2
1572882571 2
1572882572 2
1572882573 2
1572882574 2
1572882575 2
1572882576 2
1572882577 2
1572882578 2
1572882579 2
1572882580 2
1572882581 2
1572882582 2
1572882583 2
1572882584 2
1572882585 2
1572882586 2
1572882587 2
1572882588 2
1572882589 3
1572882812 3
1572882813 2
1572882814 2
1572882815 2
1572882816 2
1572882817 2
1572882818 3
1572882819 3
1572882820 3
1572882821 3
1572882822 2
1572882823 3
1572882824 3
1572882825 3
1572882826 3
1572882827 3
1572882828 3
1572882829 2
1572882830 2
1572882831 2
1572882832 2
1572882833 2
1572882834 2
1572882835 2
1572882836 2
1572882837 2
1572882838 2
1572882839 2
1572882840 2
1572882841 2
1572882842 2
1572882843 2
1572882844 2
1572882845 2
1572882846 2
1572882847 2
1572882848 2
1572882849 2
1572882850 2
1572882851 2
1572882852 2
1572882853 2
1572882854 2
1572882855 2
1572882856 2
1572882857 2
1572882858 2
1572882859 2
1572882860 2
1572882861 2
1572882862 2
1572882863 2
1572882864 3
1572882865 4
1572882866 4
1572882867 4
1572882868 4
1572882869 4
1572882870 3
1572882871 3
1572882872 3
1572882873 3
1572882874 3
1572882875 3
1572882876 3
1572882877 3
1572882878 3
1572882879 3
1572882880 3
1572882881 4
1572882882 4
1572882883 4
1572882884 4
1572882885 4
1572882886 4
1572882887 4
1572882888 4
1572882889 4
1572882890 4
1572882891 4
1572882892 4
1572882893 4
1572882894 4
1572882895 4
1572882896 4
1572882897 4
1572882898 4
1572882899 4
1572882900 4
1572882901 4
1572882902 3
1572882903 3
1572882904 2
1572882905 2
1572882906 2
1572882907 2
1572882908 2
1572882909 2
1572882910 2
1572882911 2
1572882912 2
1572882913 2
1572882914 2
1572882915 2
1572882916 2
1572882917 2
1572882918 2
1572882919 2
1572882920 2
1572882921 2
1572882922 2
1572882923 2
1572882924 2
1572882925 2
1572882926 2
1572882927 2
1572882928 2
1572882929 2
1572882930 2
1572882931 2
1572882932 2
1572882933 2
1572882934 2
1572882935 2
1572882936 2
1572882937 2
1572882938 2
1572882939 3
1572883163 3
1572883164 3
1572883165 3
1572883166 3
1572883167 2
1572883168 3
1572883169 2
1572883170 3
1572883171 3
1572883172 3
1572883173 3
1572883174 3
1572883175 3
1572883176 3
1572883177 3
1572883178 3
1572883179 2
1572883180 2
1572883181 2
1572883182 2
1572883183 2
1572883184 2
1572883185 2
1572883186 2
1572883187 2
1572883188 2
1572883189 2
1572883190 2
1572883191 2
1572883192 2
1572883193 2
1572883194 2
1572883195 2
1572883196 2
1572883197 2
1572883198 2
1572883199 1
1572883200 1
1572883201 1
1572883202 1
1572883203 1
1572883204 1
1572883205 1
1572883206 1
1572883207 2
1572883208 1
1572883209 1
1572883210 2
1572883211 2
1572883212 2
1572883213 2
1572883214 2
1572883215 2
1572883216 2
1572883217 2
1572883218 2
1572883219 2
1572883220 2
1572883221 2
1572883222 2
1572883223 3
1572883224 4
1572883225 4
1572883226 4
1572883227 4
1572883228 4
1572883229 4
1572883230 4
1572883231 4
1572883232 5
1572883233 5
1572883234 4
1572883235 4
1572883236 2
1572883237 2
1572883238 3
1572883239 4
1572883240 4
1572883241 4
1572883242 4
1572883243 4
1572883244 3
1572883245 2
1572883246 2
1572883247 2
1572883248 2
1572883249 2
1572883250 2
1572883251 2
1572883252 2
1572883253 2
1572883254 2
1572883255 2
1572883256 2
1572883257 2
1572883258 2
1572883259 2
1572883260 2
1572883261 2
1572883262 2
1572883263 2
1572883264 2
1572883265 2
1572883266 2
1572883267 2
1572883268 2
1572883269 2
1572883270 2
1572883271 2
1572883272 2
1572883273 2
1572883274 2
1572883275 2
1572883276 2
1572883277 2
1572883278 2
1572883279 2
1572883280 3
