1575120502 2
1575120503 2
1575120504 2
1575120505 3
1575121067 2
1575121068 2
1575121069 2
1575121070 3
1575122061 2
1575122062 2
1575122063 2
1575122064 2
1575122065 3
1575122688 2
1575122689 2
1575122690 2
1575122691 3
1575123245 2
1575123246 2
1575123247 2
1575123248 3
1575123804 2
1575123805 2
1575123806 2
1575123807 2
1575124360 2
1575124361 2
1575124362 2
1575124363 2
1575124364 3
1575124927 2
1575124928 3
1575124929 2
1575124930 2
1575125489 2
1575125490 3
1575125491 2
1575125492 2
1575125493 3
1575126056 2
1575126057 2
1575126058 2
1575126059 3
