1582034880 2
1582034881 2
1582034882 2
1582034883 2
1582035760 2
1582035761 2
1582035762 2
1582035763 2
1582035764 3
1582036367 2
1582036368 2
1582036369 2
1582036370 2
1582036971 2
1582036972 2
1582036973 2
1582036974 2
1582036975 3
1582037577 3
1582037578 2
1582037579 2
1582037580 3
1582038168 2
1582038169 2
1582038170 2
1582038171 2
1582038763 2
1582038764 2
1582038765 2
1582038766 2
1582041667 2
1582041668 2
1582041669 2
1582041670 3
1582042424 2
1582042425 2
1582042426 2
1582042427 2
1582043866 2
1582043867 2
1582043868 2
1582043869 2
1582043870 3
1582044466 2
1582044467 2
1582044468 2
1582044469 2
