1571398183 2
1571398184 2
1571398185 2
1571398186 2
1571398187 2
1571398188 2
1571398580 2
1571398581 2
1571398582 2
1571398583 2
1571398584 2
1571398971 2
1571398972 2
1571398973 2
1571398974 2
1571398975 2
1571399363 4
1571399364 2
1571399365 2
1571399366 2
1571399367 2
1571399755 2
1571399756 2
1571399757 2
1571399758 2
1571399759 2
1571400152 2
1571400153 2
1571400154 2
1571400155 2
1571400156 2
1571400573 2
1571400574 2
1571400575 2
1571400576 2
1571400577 2
1571400971 3
1571400972 2
1571400973 2
1571400974 2
1571400975 2
1571401365 2
1571401366 2
1571401367 2
1571401368 2
1571401369 2
1571407135 2
1571407136 2
1571407137 2
1571407138 2
1571407139 2
1571407528 2
1571407529 2
1571407530 2
1571407531 2
1571407532 2
1571407918 3
1571407919 2
1571407920 2
1571407921 2
1571407922 2
1571408308 2
1571408309 2
1571408310 2
1571408311 2
1571408312 2
1571408313 2
1571408701 2
1571408702 2
1571408703 2
1571408704 2
