1572003155 85.780139303
1572003373 62.299815446
1572003571 62.012686355
1572003768 63.420392515
1572003964 63.348475816
1572004159 63.809942195
1572004355 62.231271634
1572004552 64.693542682
1572004754 63.843408637
1572004953 64.227071249
1572006243 64.472796768
1572006959 86.678583614
1572007377 62.851328405
1572007871 61.971730274
1572008281 61.878195346
1572008683 63.331007328
1572009079 61.413647906
1572009467 62.762925911
1572009858 63.465619486
1572010249 68.639417499
1572010645 62.7315096
1572011035 183.406819448
1572011353 62.290601334
1572011548 61.675877769
1572011747 61.860357387
1572011941 63.900836716
1572012138 64.066703042
1572012334 62.549780663
1572012529 61.616316159
1572012722 63.808547618
1572012917 61.908762365
1572013112 157.300266865
1572013598 64.072197689
1572013992 62.925794182
1572014383 62.100850571
1572014773 63.074897675
