1575384102 43.089661459
1575384257 47.935111855
1575384416 48.59886668
1575384575 48.25649228
1575384740 48.763696638
1575384895 48.325371498
1575385055 48.926689199
1575385217 48.75916563
1575385377 48.546147119
1575385540 48.546597561
1575385697 133.997033967
1575386091 50.547969583
1575386404 48.620079002
1575386715 143.984082357
1575387119 47.973445515
1575387427 49.827333086
1575387738 48.605596404
1575388046 48.999282298
1575388353 49.767901352
1575388663 45.869816947
1575396870 254.825404843
