1582113031 65.704143323
1582113214 50.564931368
1582113378 49.320821474
1582113545 51.642524579
1582113707 51.276939694
1582113884 51.20836757
1582114049 48.681413359
1582114212 49.237334486
1582114378 49.991244745
1582114540 52.480760834
1582114704 50.855187485
1582114867 50.206838159
1582115035 48.256984041
1582115197 52.749616599
1582115364 49.362134771
1582115525 51.302862522
1582115690 50.290543685
1582115852 50.443343861
1582116024 60.499337792
1582116241 60.324019363
1582116413 60.252716463
1582116589 53.380777967
1582118913 47.45446582
1582119073 49.370201034
1582119241 52.223456093
1582119410 48.399270251
1582119589 55.271494712
1582119758 50.374452956
1582119925 52.049686394
1582120099 52.519056339
1582120824 50.040498828
1582120987 54.787500378
1582121157 129.554101257
1582121399 49.992757432
1582125090 100.981098536
1582125303 49.088090529
1582125762 73.015052903
1582125951 50.105588956
1582126121 49.37181124
1582126280 50.951159365
1582126445 53.367013453
1582126612 47.900610122
1582126777 49.376426301
1582126939 49.358478538
1582127098 50.986010929
1582127265 53.851332814
1582127433 51.830369416
1582127598 51.401849434
1582127763 51.039950096
1582127924 49.394399376
1582128090 49.517385802
1582128250 47.602896296
1582128432 47.519652728
1582128592 50.935208405
1582128758 51.563473947
1582128924 47.721081233
1582129093 50.588835031
1582129254 48.500427076
1582129414 49.734947706
1582129578 50.414824618
