1580304814 1.784769421
1580304974 1.614670298
1580305135 1.712195407
1580305297 1.584346311
1580305478 1.852297077
1580305641 1.850884292
1580305802 1.831527328
1580305957 1.926524943
1580306115 1.82101023
1580306277 1.963648448
1580306384 2.330831844
1580306722 1.801665958
1580307035 1.923860522
1580307907 1.624903586
1580308218 1.848460755
1580308534 1.997527893
1580310736 1.608184098
1580311049 1.724097918
1580311358 1.954549372
1580311668 1.760245514
1580312043 1.795431657
1580312650 0.936591564
1580313220 1.713446866
1580314099 1.823355323
1580314739 1.693958805
1580315295 1.717732625
1580315859 1.625520058
1580316432 1.751912786
1580317129 2.92101542
1580317717 1.580574156
