1582026992 1.590269339
1582027150 1.535949649
1582027319 1.313144626
1582027509 1.542977683
1582027687 1.415264936
1582027896 1.543953626
1582028068 1.67527868
1582028234 1.563843828
1582028401 1.503127446
1582028571 1.451651029
1582028736 1.613466286
1582030528 1.951679007
1582030836 1.962697438
1582031478 1.92144596
1582031779 1.665450427
1582032149 1.819410166
1582032467 1.815270389
1582032770 1.747746063
1582033069 1.908616621
1582033364 1.755912782
1582033722 1.61092993
1582035140 1.694624977
1582036013 1.49587497
1582036616 2.002977581
1582037224 1.710356411
1582037822 1.962635938
1582038418 1.752270776
1582039005 1.87581729
1582041921 1.960990382
1582042673 1.983659087
1582044121 1.846628909
1582044708 1.779543843
1582045026 1.907807268
1582045327 1.75828961
1582045622 1.776364735
1582045936 1.664487727
1582046232 1.840988869
