1575289851 2.005631893
1575290374 1.96531954
1575290542 1.871695708
1575290718 1.836522402
1575290882 1.419922343
1575291202 2.051176636
1575291365 1.619826708
1575293198 1.628572155
1575293530 1.830823454
1575293871 1.888471205
1575294208 1.620072805
1575294551 1.447887011
1575294898 1.661521498
1575295300 1.783099208
1575295669 1.65045593
1575296880 1.885664392
1575297219 1.630056975
1575298049 1.693627935
1575298619 1.79431409
1575299192 1.839292835
1575299770 1.839963545
1575300378 1.504868309
1575300952 1.548533632
1575301749 1.759833437
1575302339 2.600683345
