1573741904 1.587457052
1573742022 1.879040938
1573743655 1.565525054
1573743756 1.712170773
1573743854 1.794717511
1573743954 1.492160762
1573744052 1.70047629
1573744148 1.455170556
1573744247 1.619245926
1573744344 1.623592934
1573744436 1.60132856
1573744531 1.7734588
1573744638 1.668612488
1573744736 1.671726493
1573744852 1.848752949
1573744988 1.739422921
1573745085 1.768256152
1573745269 1.778390039
1573745365 1.660955106
1573745468 1.505472045
1573745565 1.615960308
1573745667 1.742794996
1573745764 1.535961927
1573745868 1.676153271
1573745965 1.769217523
1573746062 1.80574192
1573746163 1.679946443
1573746261 1.70368009
1573746361 1.565716477
1573746462 1.452641401
1573746559 1.740358571
1573746654 1.87735317
1573748975 1.663738988
1573749177 6.467332402
1573749284 1.620301233
1573749382 1.740126387
1573749517 1.570179806
1573749616 2.202623475
1573749716 1.664023283
1573749815 1.704559752
1573749911 1.866632178
1573752611 1.785855262
1573752828 1.8366251
1573752986 1.655134969
1573753143 1.376433256
1573753298 1.78936887
1573753456 1.997518155
1573753612 1.654586289
1573753773 1.581795764
1573753928 1.576621116
1573754750 1.606463435
1573754910 1.748423629
1573755078 1.326997249
1573755241 1.330207321
1573755399 1.71434893
1573755553 1.45224847
1573755715 1.201217484
1573755872 1.463945238
1573756028 1.176359715
1573756190 1.577564579
