1582631398 6
1582631399 5
1582631400 3
1582631401 3
1582631402 2
1582631403 2
1582631404 4
1582631405 4
1582631406 4
1582631407 5
1582631408 4
1582631409 4
1582631410 4
1582631411 4
1582631412 4
1582631413 4
1582631414 4
1582631568 5
1582631569 5
1582631570 7
1582631571 6
1582631572 6
1582631573 6
1582631574 6
1582631575 5
1582631714 7
1582631715 7
1582631716 3
1582631717 3
1582631718 2
1582631719 2
1582631720 4
1582631721 4
1582631722 3
1582631723 4
1582631724 6
1582631725 4
1582631726 4
1582631727 4
1582631728 4
1582631729 4
1582631730 4
1582631731 4
1582631872 7
1582631873 5
1582631874 3
1582631875 2
1582631876 2
1582631877 2
1582631878 4
1582631879 4
1582631880 5
1582631881 5
1582631882 5
1582631883 5
1582631884 5
1582631885 5
1582631886 5
1582631887 5
1582632028 6
1582632029 6
1582632030 3
1582632031 3
1582632032 2
1582632033 2
1582632034 3
1582632035 3
1582632036 5
1582632037 5
1582632038 5
1582632039 6
1582632040 5
1582632041 5
1582632042 4
1582632043 4
1582632044 4
1582632045 4
1582632186 6
1582632187 6
1582632188 4
1582632189 4
1582632190 3
1582632191 3
1582632192 3
1582632193 4
1582632194 5
1582632195 5
1582632196 6
1582632197 6
1582632198 6
1582632199 6
1582632200 6
1582632201 5
1582632346 7
1582632347 5
1582632348 4
1582632349 2
1582632350 2
1582632351 2
1582632352 3
1582632353 3
1582632354 4
1582632355 4
1582632356 5
1582632357 5
1582632358 5
1582632359 5
1582632360 5
1582632361 4
1582632508 6
1582632509 7
1582632510 4
1582632511 2
1582632512 2
1582632513 2
1582632514 2
1582632515 3
1582632516 3
1582632517 4
1582632518 4
1582632519 3
1582632520 3
1582632521 3
1582632522 3
1582632523 3
1582632524 3
1582632668 8
1582632669 6
1582632670 3
1582632671 3
1582632672 3
1582632673 3
1582632674 3
1582632675 5
1582632676 4
1582632677 5
1582632678 6
1582632679 7
1582632680 7
1582632681 6
1582632682 6
1582632683 7
1582632684 6
1582632685 6
1582632829 8
1582632830 5
1582632831 4
1582632832 2
1582632833 2
1582632834 2
1582632835 2
1582632836 4
1582632837 4
1582632838 4
1582632839 4
1582632840 3
1582632841 3
1582632842 5
1582632843 3
1582632844 3
