1572361284 5
1572361285 5
1572361286 3
1572361287 3
1572361288 2
1572361289 2
1572361290 2
1572361291 2
1572361292 4
1572361293 4
1572361294 4
1572361295 6
1572361296 5
1572361297 6
1572361298 6
1572361299 5
1572361300 5
1572361301 5
1572361302 6
1572361481 5
1572361482 5
1572361483 3
1572361484 3
1572361485 2
1572361486 2
1572361487 2
1572361488 2
1572361489 4
1572361490 3
1572361491 4
1572361492 4
1572361493 4
1572361494 5
1572361495 5
1572361496 4
1572361497 4
1572361498 4
1572361499 4
1572361676 5
1572361677 6
1572361678 4
1572361679 4
1572361680 3
1572361681 2
1572361682 2
1572361683 2
1572361684 3
1572361685 4
1572361686 4
1572361687 4
1572361688 4
1572361689 5
1572361690 5
1572361691 5
1572361692 6
1572361693 6
1572361694 6
1572361871 5
1572361872 6
1572361873 4
1572361874 3
1572361875 3
1572361876 2
1572361877 2
1572361878 2
1572361879 4
1572361880 4
1572361881 4
1572361882 5
1572361883 3
1572361884 4
1572361885 4
1572361886 4
1572361887 4
1572361888 5
1572361889 4
1572362071 8
1572362072 4
1572362073 3
1572362074 3
1572362075 3
1572362076 2
1572362077 2
1572362078 3
1572362079 5
1572362080 4
1572362081 4
1572362082 4
1572362083 5
1572362084 5
1572362085 5
1572362086 5
1572362087 5
1572362088 5
1572362275 4
1572362276 3
1572362277 3
1572362278 3
1572362279 3
1572362280 3
1572362281 3
1572362461 7
1572362462 4
1572362463 4
1572362464 3
1572362465 2
1572362466 2
1572362467 2
1572362468 2
1572362469 4
1572362470 4
1572362471 5
1572362472 5
1572362473 5
1572362474 6
1572362475 6
1572362476 6
1572362477 6
1572362478 6
1572362656 5
1572362657 5
1572362658 5
1572362659 5
1572362660 6
1572362661 5
1572362662 4
1572362663 4
1572362664 2
1572362665 2
1572362666 2
1572362667 2
1572362668 4
1572362669 4
1572362670 4
1572362671 4
1572362672 3
1572362673 4
1572362674 3
1572362675 3
1572362676 3
1572362677 3
1572362865 4
1572362866 4
1572362867 4
1572362868 4
1572362869 3
1572362870 4
1572362871 4
1572362872 4
1572363051 7
1572363052 4
1572363053 4
1572363054 3
1572363055 2
1572363056 2
1572363057 2
1572363058 2
1572363059 3
1572363060 4
1572363061 4
1572363062 5
1572363063 5
1572363064 5
1572363065 5
1572363066 5
1572363067 5
1572363068 5
1572366926 9
1572366927 4
1572366928 3
1572366929 3
1572366930 2
1572366931 2
1572366932 4
1572366933 3
1572366934 3
1572366935 3
1572366936 4
1572366937 3
1572366938 3
1572366939 3
1572366940 3
1572366941 4
1572367094 6
1572367095 3
1572367096 3
1572367097 3
1572367098 2
1572367099 2
1572367100 2
1572367101 3
1572367102 4
1572367103 3
1572367104 3
1572367105 3
1572367106 3
1572367107 4
1572367108 3
1572367109 3
1572367264 5
1572367265 5
1572367266 3
1572367267 3
1572367268 2
1572367269 2
1572367270 2
1572367271 3
1572367272 4
1572367273 4
1572367274 4
1572367275 4
1572367276 5
1572367277 4
1572367278 6
1572367279 5
1572367280 5
1572367281 5
1572367282 5
1572367432 7
1572367433 5
1572367434 3
1572367435 2
1572367436 2
1572367437 2
1572367438 2
1572367439 3
1572367440 4
1572367441 3
1572367442 4
1572367443 5
1572367444 6
1572367445 6
1572367446 5
1572367447 4
1572367448 4
1572367614 7
1572367615 4
1572367616 4
1572367617 2
1572367618 2
1572367619 2
1572367620 2
1572367621 4
1572367622 4
1572367623 4
1572367624 4
1572367625 4
1572367626 4
1572367627 3
1572367628 4
1572367629 3
1572367630 3
1572367792 5
1572367793 4
1572367794 3
1572367795 3
1572367796 2
1572367797 2
1572367798 3
1572367799 4
1572367800 4
1572367801 3
1572367802 3
1572367803 4
1572367804 4
1572367805 4
1572367806 4
1572367807 4
1572367961 6
1572367962 3
1572367963 3
1572367964 3
1572367965 2
1572367966 2
1572367967 2
1572367968 3
1572367969 4
1572367970 4
1572367971 3
1572367972 3
1572367973 3
1572367974 4
1572367975 3
1572367976 3
1572368130 7
1572368131 3
1572368132 3
1572368133 2
1572368134 2
1572368135 2
1572368136 2
1572368137 3
1572368138 3
1572368139 3
1572368140 4
1572368141 4
1572368142 4
1572368143 4
1572368144 4
1572368145 4
1572368296 5
1572368297 4
1572368298 3
1572368299 2
1572368300 2
1572368301 2
1572368302 2
1572368303 4
1572368304 4
1572368305 4
1572368306 4
1572368307 4
1572368308 4
1572368309 4
1572368310 5
1572368311 5
1572368312 4
1572368461 6
1572368462 5
1572368463 4
1572368464 3
1572368465 2
1572368466 2
1572368467 2
1572368468 3
1572368469 4
1572368470 3
1572368471 5
1572368472 4
1572368473 6
1572368474 4
1572368475 5
1572368476 5
1572368477 5
