1570543115 8
1570543116 3
1570543117 3
1570543118 3
1570543119 3
1570543120 2
1570543121 2
1570543122 3
1570543123 4
1570543124 3
1570543125 4
1570543126 4
1570543127 4
1570543128 5
1570543129 5
1570543130 5
1570543131 5
1570543132 5
1570543477 6
1570543478 6
1570543479 3
1570543480 3
1570543481 3
1570543482 2
1570543483 2
1570543484 3
1570543485 4
1570543486 3
1570543487 3
1570543488 3
1570543489 4
1570543490 4
1570543491 4
1570543492 5
1570543493 5
1570543494 5
1570543696 4
1570543697 5
1570543698 5
1570543699 5
1570543700 5
1570543701 5
1570543702 5
1570543703 5
1570543704 5
1570544585 3
1570544586 4
1570544587 5
1570544588 6
1570544589 7
1570544590 7
1570544591 6
1570544592 6
1570544593 6
1570544594 6
1570544595 8
1570544596 8
1570544597 7
1570544598 7
1570544599 5
1570544600 6
1570544601 6
1570544602 5
1570544603 4
1570544604 6
1570544605 4
1570544606 3
1570544607 2
1570544608 2
1570544609 2
1570544610 2
1570544611 2
1570544612 4
1570544613 4
1570544614 3
1570544615 4
1570544616 3
1570544617 4
1570544618 5
1570544619 5
1570544620 5
1570544621 5
1570544873 3
1570544874 4
1570544875 3
1570544876 3
1570544877 3
1570544878 3
1570544879 3
1570544880 3
1570545045 2
1570545046 3
1570545047 4
1570545048 5
1570545049 6
1570545050 6
1570545051 6
1570545052 5
1570545053 4
1570545054 5
1570545055 7
1570545056 8
1570545057 7
1570545058 7
1570545059 5
1570545060 7
1570545061 7
1570545062 7
1570545063 5
1570545064 6
1570545065 4
1570545066 3
1570545067 3
1570545068 2
1570545069 2
1570545070 2
1570545071 4
1570545072 4
1570545073 3
1570545074 5
1570545075 4
1570545076 4
1570545077 4
1570545078 4
1570545079 4
1570545080 4
1570545081 4
1570545241 3
1570545242 3
1570545243 3
1570545244 3
1570545245 3
1570545246 3
1570545247 4
1570545248 3
1570545249 3
1570545250 3
1570545251 3
1570545252 3
1570545253 2
1570545254 2
1570545255 2
1570545256 5
1570545257 4
1570545258 5
1570545259 6
1570545260 6
1570545261 6
1570545262 5
1570545263 5
1570545264 6
1570545265 6
1570545266 8
1570545267 5
1570545268 7
1570545269 6
1570545270 6
1570545271 6
1570545272 4
1570545273 4
1570545274 5
1570545275 6
1570545276 5
1570545277 5
1570545278 6
1570545279 6
1570545280 5
1570545281 5
1570545282 4
1570545283 4
1570545284 3
1570545285 2
1570545286 2
1570545287 2
1570545288 3
1570545289 3
1570545290 4
1570545291 4
1570545292 3
1570545293 4
1570545294 4
1570545295 5
1570545296 5
1570545297 5
1570545298 5
