1569841843 3
1569841844 3
1569841845 3
1569841846 3
1569841847 3
1569841848 3
1569841849 3
1569841850 3
1569841851 3
1569841852 2
1569841853 2
1569841854 2
1569841855 2
1569841856 3
1569841857 4
1569841858 4
1569841859 6
1569841860 6
1569841861 6
1569841862 6
1569841863 7
1569841864 5
1569841865 5
1569841866 6
1569841867 7
1569841868 6
1569841869 7
1569841870 6
1569841871 5
1569841872 8
1569841873 5
1569841874 5
1569841875 4
1569841876 4
1569841877 3
1569841878 3
1569841879 2
1569841880 2
1569841881 2
1569841882 2
1569841883 2
1569841884 4
1569841885 4
1569842129 4
1569842130 4
1569842131 4
1569842132 4
1569842133 4
1569842134 4
1569842135 4
1569842136 3
1569842137 3
1569842138 3
1569842139 3
1569842140 2
1569842141 2
1569842142 2
1569842143 2
1569842144 2
1569842145 4
1569842146 3
1569842147 5
1569842148 6
1569842149 7
1569842150 6
1569842151 6
1569842152 4
1569842153 5
1569842154 3
1569842155 5
1569842156 4
1569842157 5
1569842158 6
1569842159 6
1569842160 5
1569842161 5
1569842162 6
1569842163 5
1569842164 7
1569842165 4
1569842166 4
1569842167 3
1569842168 2
1569842169 2
1569842170 2
1569842171 3
1569842172 3
1569842173 5
