1569849966 4
1569849967 3
1569849968 3
1569849969 2
1569849970 2
1569850171 3
1569850172 2
1569850173 2
1569850174 2
1569850701 3
1569850702 2
1569850703 2
1569850704 2
1569850984 2
1569850985 2
1569850986 2
1569850987 2
1569851190 3
1569851191 2
1569851192 2
1569851193 2
1569851194 2
1569851539 4
1569851540 3
1569851541 2
1569851542 2
1569851543 2
1569851746 3
1569851747 3
1569851748 2
1569851749 2
1569851750 2
1569851976 3
1569851977 2
1569851978 2
1569851979 2
1569851980 2
1569852205 3
1569852206 2
1569852207 2
1569852208 2
1569852209 2
1569852443 4
1569852444 3
1569852445 3
1569852446 2
1569852659 3
1569852660 3
1569852661 2
1569852662 2
1569852663 2
1569853051 2
1569853052 2
1569853053 2
1569853054 2
1569853055 2
1569853362 3
1569853363 2
1569853364 2
1569853365 2
1569853366 2
