1573207036 4
1573207037 4
1573207038 3
1573207039 3
1573207205 4
1573207206 4
1573207207 3
1573207208 2
1573207374 4
1573207375 3
1573207376 2
1573207377 2
1573207378 2
1573207540 4
1573207541 3
1573207542 3
1573207543 3
1573207710 2
1573207711 2
1573207712 2
1573207713 2
1573207878 2
1573207879 2
1573207880 2
1573207881 2
1573208045 4
1573208046 4
1573208047 3
1573208209 4
1573208210 4
1573208211 3
1573208212 2
1573208377 4
1573208378 2
1573208379 3
1573208380 2
1573208381 2
1573208543 4
1573208544 3
1573208545 3
1573208546 2
1573220279 3
1573220280 3
1573220281 3
1573220446 4
1573220447 3
1573220448 3
1573220449 3
1573220613 4
1573220614 5
1573220615 4
1573220616 2
1573220783 4
1573220784 3
1573220785 2
1573220786 2
1573220951 3
1573220952 3
1573220953 2
1573220954 2
1573221118 2
1573221119 2
1573221120 2
1573221121 2
1573221282 3
1573221283 2
1573221284 2
1573221285 2
1573221452 4
1573221453 4
1573221454 3
1573221455 2
1573221618 3
1573221619 3
1573221620 2
1573221621 3
1573221787 4
1573221788 3
1573221789 3
1573221790 2
1573221976 4
1573221977 3
1573221978 3
1573221979 2
1573222147 2
1573222148 2
1573222149 2
1573222150 2
1573222314 5
1573222315 4
1573222316 3
1573222317 3
1573222478 4
1573222479 4
1573222480 3
1573222481 2
1573222649 4
1573222650 3
1573222651 2
1573222652 2
