1572965389 4
1572965390 4
1572965391 3
1572965392 3
1572965393 2
1572965557 2
1572965558 2
1572965559 2
1572965560 2
1572965724 3
1572965725 2
1572965726 2
1572965727 3
1572965894 4
1572965895 4
1572965896 3
1572966065 4
1572966066 4
1572966067 2
1572966068 2
1572966231 4
1572966232 4
1572966233 3
1572966234 3
1572966402 3
1572966403 3
1572966404 2
1572966405 2
1572966406 2
1572966587 3
1572966588 2
1572966589 2
1572966590 2
1572966766 4
1572966767 3
1572966768 3
1572966769 2
1572966930 4
1572966931 4
1572966932 2
1572966933 2
