1572363604 2
1572363605 2
1572363606 2
1572363607 2
1572363608 3
1572363609 3
1572363610 2
1572363611 2
1572363612 2
1572363613 3
1572363614 3
1572363615 2
1572363616 2
1572363617 2
1572363618 2
1572363619 2
1572363620 3
1572363621 3
1572363622 3
1572363623 3
1572363624 3
1572363625 3
1572363626 4
1572363627 5
1572363628 5
1572363629 4
1572363630 5
1572363631 5
1572363632 4
1572363633 4
1572363634 3
1572363635 2
1572363636 2
1572363637 2
1572363638 3
1572363639 2
1572363640 2
1572363641 2
1572363642 3
1572363643 2
1572363644 2
1572363645 1
1572363646 1
1572363647 1
1572363648 1
1572363649 1
1572363650 2
1572363651 2
1572363652 2
1572363653 2
1572363654 2
1572363655 2
1572363656 2
1572363657 2
1572363658 2
1572363659 2
1572363660 2
1572363661 1
1572363662 1
1572363663 2
1572363664 2
1572363665 2
1572363666 2
1572363667 3
1572363668 3
1572363669 4
1572363670 4
1572363671 4
1572363672 5
1572363673 4
1572363674 4
1572363675 4
1572363676 6
1572363677 5
1572363678 5
1572363679 3
1572363680 3
1572363681 2
1572363682 2
1572363683 2
1572363684 2
1572363685 3
1572363686 3
1572363687 3
1572363688 4
1572363689 5
1572363690 5
1572363691 5
1572363692 5
1572363693 5
1572363694 4
1572363695 3
1572363934 2
1572363935 2
1572363936 2
1572363937 2
1572363938 3
1572363939 3
1572363940 2
1572363941 2
1572363942 2
1572363943 3
1572363944 2
1572363945 2
1572363946 2
1572363947 2
1572363948 2
1572363949 2
1572363950 3
1572363951 4
1572363952 3
1572363953 4
1572363954 4
1572363955 3
1572363956 4
1572363957 3
1572363958 3
1572363959 2
1572363960 2
1572363961 2
1572363962 2
1572363963 2
1572363964 3
1572363965 3
1572363966 3
1572363967 2
1572363968 2
1572363969 2
1572363970 2
1572363971 2
1572363972 2
1572363973 1
1572363974 1
1572363975 1
1572363976 1
1572363977 1
1572363978 2
1572363979 2
1572363980 2
1572363981 3
1572363982 2
1572363983 2
1572363984 2
1572363985 3
1572363986 3
1572363987 3
1572363988 3
1572363989 3
1572363990 2
1572363991 2
1572363992 3
1572363993 1
1572363994 2
1572363995 2
1572363996 2
1572363997 2
1572363998 4
1572363999 5
1572364000 5
1572364001 5
1572364002 4
1572364003 4
1572364004 6
1572364005 7
1572364006 5
1572364007 6
1572364008 5
1572364009 4
1572364010 3
1572364011 2
1572364012 2
1572364013 2
1572364014 2
1572364015 3
1572364016 3
1572364017 4
1572364018 4
1572364019 5
1572364020 5
1572364021 4
1572364022 4
1572364023 4
1572364024 4
1572364025 3
1572364275 2
1572364276 3
1572364277 2
1572364278 2
1572364279 2
1572364280 4
1572364281 3
1572364282 3
1572364283 3
1572364284 4
1572364285 3
1572364286 4
1572364287 5
1572364288 6
1572364289 4
1572364290 4
1572364291 4
1572364292 4
1572364293 3
1572364294 2
1572364295 3
1572364296 2
1572364297 2
1572364298 2
1572364299 2
1572364300 2
1572364301 3
1572364302 2
1572364303 2
1572364304 1
1572364305 1
1572364306 1
1572364307 1
1572364308 2
1572364309 2
1572364310 2
1572364311 2
1572364312 2
1572364313 2
1572364314 2
1572364315 2
1572364316 3
1572364317 3
1572364318 3
1572364319 3
1572364320 2
1572364321 2
1572364322 2
1572364323 2
1572364324 2
1572364325 2
1572364326 3
1572364327 3
1572364328 4
1572364329 4
1572364330 4
1572364331 6
1572364332 6
1572364333 5
1572364334 4
1572364335 4
1572364336 5
1572364337 6
1572364338 5
1572364339 4
1572364340 4
1572364341 4
1572364342 3
1572364343 3
1572364344 2
1572364345 2
1572364346 3
1572364347 4
1572364348 3
1572364349 3
1572364350 3
1572364351 3
1572364352 3
1572364353 3
1572364354 3
1572364355 3
1572364356 3
1572364594 2
1572364595 2
1572364596 2
1572364597 2
1572364598 3
1572364599 2
1572364600 2
1572364601 2
1572364602 2
1572364603 3
1572364604 2
1572364605 2
1572364606 2
1572364607 2
1572364608 2
1572364609 2
1572364610 4
1572364611 3
1572364612 3
1572364613 3
1572364614 3
1572364615 3
1572364616 4
1572364617 4
1572364618 3
1572364619 3
1572364620 4
1572364621 2
1572364622 2
1572364623 2
1572364624 2
1572364625 3
1572364626 3
1572364627 2
1572364628 2
1572364629 2
1572364630 2
1572364631 2
1572364632 2
1572364633 1
1572364634 1
1572364635 1
1572364636 1
1572364637 1
1572364638 2
1572364639 2
1572364640 2
1572364641 3
1572364642 2
1572364643 2
1572364644 3
1572364645 3
1572364646 3
1572364647 3
1572364648 3
1572364649 3
1572364650 3
1572364651 2
1572364652 3
1572364653 2
1572364654 2
1572364655 2
1572364656 3
1572364657 2
1572364658 2
1572364659 3
1572364660 5
1572364661 5
1572364662 6
1572364663 6
1572364664 5
1572364665 7
1572364666 6
1572364667 6
1572364668 6
1572364669 5
1572364670 4
1572364671 3
1572364672 3
1572364673 3
1572364674 4
1572364675 4
1572364676 4
1572364677 4
1572364678 4
1572364679 2
1572364680 3
1572364681 3
1572364682 4
1572364683 5
1572364684 5
1572364685 4
1572364686 4
1572364687 4
1572364688 4
1572364933 2
1572364934 2
1572364935 3
1572364936 3
1572364937 4
1572364938 3
1572364939 3
1572364940 3
1572364941 4
1572364942 3
1572364943 3
1572364944 3
1572364945 3
1572364946 2
1572364947 2
1572364948 2
1572364949 3
1572364950 3
1572364951 3
1572364952 3
1572364953 3
1572364954 4
1572364955 5
1572364956 5
1572364957 4
1572364958 3
1572364959 4
1572364960 2
1572364961 2
1572364962 2
1572364963 4
1572364964 3
1572364965 4
1572364966 2
1572364967 2
1572364968 2
1572364969 4
1572364970 4
1572364971 2
1572364972 3
1572364973 1
1572364974 1
1572364975 1
1572364976 1
1572364977 2
1572364978 2
1572364979 2
1572364980 2
1572364981 2
1572364982 2
1572364983 2
1572364984 1
1572364985 1
1572364986 1
1572364987 1
1572364988 1
1572364989 1
1572364990 1
1572364991 1
1572364992 1
1572364993 1
1572364994 1
1572364995 2
1572364996 3
1572364997 3
1572364998 4
1572364999 4
1572365000 5
1572365001 3
1572365002 3
1572365003 3
1572365004 5
1572365005 5
1572365006 4
1572365007 4
1572365008 3
1572365009 2
1572365010 2
1572365011 2
1572365012 2
1572365013 2
1572365014 3
1572365015 3
1572365016 3
1572365017 4
1572365018 4
1572365019 5
1572365020 4
1572365021 4
1572365022 4
1572365023 4
1572365269 2
1572365270 2
1572365271 2
1572365272 2
1572365273 3
1572365274 2
1572365275 2
1572365276 2
1572365277 3
1572365278 3
1572365279 3
1572365280 2
1572365281 2
1572365282 2
1572365283 2
1572365284 2
1572365285 4
1572365286 4
1572365287 3
1572365288 4
1572365289 5
1572365290 5
1572365291 5
1572365292 5
1572365293 4
1572365294 4
1572365295 5
1572365296 4
1572365297 4
1572365298 3
1572365299 2
1572365300 3
1572365301 3
1572365302 2
1572365303 2
1572365304 2
1572365305 2
1572365306 2
1572365307 1
1572365308 1
1572365309 1
1572365310 1
1572365311 1
1572365312 1
1572365313 2
1572365314 2
1572365315 2
1572365316 3
1572365317 4
1572365318 2
1572365319 2
1572365320 2
1572365321 2
1572365322 2
1572365323 2
1572365324 2
1572365325 2
1572365326 1
1572365327 2
1572365328 2
1572365329 2
1572365330 2
1572365331 3
1572365332 2
1572365333 4
1572365334 3
1572365335 5
1572365336 6
1572365337 5
1572365338 6
1572365339 6
1572365340 6
1572365341 6
1572365342 5
1572365343 4
1572365344 4
1572365345 3
1572365346 3
1572365347 2
1572365348 2
1572365349 3
1572365350 2
1572365351 3
1572365352 3
1572365353 4
1572365354 4
1572365355 4
1572365356 4
1572365357 5
1572365358 3
1572365359 4
1572365360 2
1572366020 2
1572366021 2
1572366022 2
1572366023 2
1572366024 3
1572366025 2
1572366026 2
1572366027 2
1572366028 2
1572366029 3
1572366030 3
1572366031 2
1572366032 2
1572366033 2
1572366034 2
1572366035 2
1572366036 4
1572366037 3
1572366038 4
1572366039 4
1572366040 3
1572366041 2
1572366042 3
1572366043 4
1572366044 4
1572366045 3
1572366046 3
1572366047 4
1572366048 2
1572366049 2
1572366050 4
1572366051 6
1572366052 4
1572366053 2
1572366054 3
1572366055 3
1572366056 3
1572366057 2
1572366058 3
1572366059 1
1572366060 1
1572366061 1
1572366062 1
1572366063 1
1572366064 2
1572366065 2
1572366066 2
1572366067 2
1572366068 3
1572366069 3
1572366070 3
1572366071 4
1572366072 3
1572366073 4
1572366074 4
1572366075 4
1572366076 4
1572366077 4
1572366078 3
1572366079 3
1572366080 3
1572366081 1
1572366082 2
1572366083 2
1572366084 2
1572366085 3
1572366086 4
1572366087 3
1572366088 4
1572366089 4
1572366090 5
1572366091 6
1572366092 6
1572366093 4
1572366094 4
1572366095 3
1572366096 3
1572366097 4
1572366098 3
1572366099 3
1572366100 4
1572366101 3
1572366102 3
1572366103 2
1572366104 2
1572366105 2
1572366106 2
1572366107 2
1572366108 2
1572366109 3
1572366110 3
1572366111 3
1572366112 3
1572366113 3
1572366114 3
1572366115 3
1572366116 5
1572366117 4
1572366118 4
1572366119 2
1572366361 2
1572366362 2
1572366363 2
1572366364 2
1572366365 3
1572366366 3
1572366367 2
1572366368 2
1572366369 3
1572366370 2
1572366371 2
1572366372 2
1572366373 2
1572366374 2
1572366375 2
1572366376 2
1572366377 4
1572366378 3
1572366379 3
1572366380 3
1572366381 3
1572366382 5
1572366383 4
1572366384 5
1572366385 4
1572366386 4
1572366387 4
1572366388 4
1572366389 4
1572366390 3
1572366391 4
1572366392 5
1572366393 4
1572366394 3
1572366395 2
1572366396 2
1572366397 2
1572366398 2
1572366399 2
1572366400 2
1572366401 1
1572366402 1
1572366403 1
1572366404 1
1572366405 2
1572366406 2
1572366407 2
1572366408 2
1572366409 2
1572366410 2
1572366411 3
1572366412 3
1572366413 2
1572366414 2
1572366415 2
1572366416 2
1572366417 2
1572366418 2
1572366419 1
1572366420 1
1572366421 1
1572366422 2
1572366423 3
1572366424 2
1572366425 3
1572366426 2
1572366427 4
1572366428 5
1572366429 4
1572366430 5
1572366431 5
1572366432 6
1572366433 5
1572366434 4
1572366435 5
1572366436 3
1572366437 2
1572366438 2
1572366439 2
1572366440 2
1572366441 2
1572366442 3
1572366443 3
1572366444 4
1572366445 4
1572366446 5
1572366447 5
1572366448 5
1572366449 5
1572366450 5
1572366451 5
1572366452 4
1572366695 2
1572366696 2
1572366697 2
1572366698 2
1572366699 3
1572366700 2
1572366701 2
1572366702 2
1572366703 3
1572366704 3
1572366705 3
1572366706 2
1572366707 2
1572366708 2
1572366709 2
1572366710 2
1572366711 3
1572366712 4
1572366713 3
1572366714 3
1572366715 3
1572366716 3
1572366717 4
1572366718 5
1572366719 5
1572366720 3
1572366721 4
1572366722 4
1572366723 4
1572366724 3
1572366725 4
1572366726 5
1572366727 3
1572366728 4
1572366729 3
1572366730 3
1572366731 4
1572366732 3
1572366733 3
1572366734 2
1572366735 3
1572366736 2
1572366737 2
1572366738 2
1572366739 3
1572366740 3
1572366741 4
1572366742 3
1572366743 3
1572366744 4
1572366745 5
1572366746 5
1572366747 5
1572366748 5
1572366749 5
1572366750 5
1572366751 3
1572366752 2
1572366753 3
1572366754 2
1572366755 3
1572366756 2
1572366757 2
1572366758 3
1572366759 3
1572366760 5
1572366761 6
1572366762 5
1572366763 5
1572366764 3
1572366765 4
1572366766 6
1572366767 4
1572366768 4
1572366769 3
1572366770 3
1572366771 3
1572366772 2
1572366773 2
1572366774 3
1572366775 3
1572366776 3
1572366777 4
1572366778 4
1572366779 5
1572366780 5
1572366781 5
1572366782 6
1572366783 5
1572366784 5
1572366785 4
1572369733 2
1572369734 2
1572369735 2
1572369736 2
1572369737 2
1572369738 3
1572369739 4
1572369740 3
1572369741 3
1572369742 3
1572369743 3
1572369744 3
1572369745 4
1572369746 3
1572369747 2
1572369748 4
1572369749 6
1572369750 5
1572369751 6
1572369752 5
1572369753 4
1572369754 4
1572369755 5
1572369756 4
1572369757 3
1572369758 4
1572369759 3
1572369760 3
1572369761 2
1572369762 2
1572369763 1
1572369764 1
1572369765 1
1572369766 1
1572369767 2
1572369768 2
1572369769 2
1572369770 2
1572369771 2
1572369772 2
1572369773 2
1572369774 2
1572369775 1
1572369776 1
1572369777 1
1572369778 1
1572369779 1
1572369780 1
1572369781 1
1572369782 1
1572369783 2
1572369784 2
1572369785 3
1572369786 3
1572369787 4
1572369788 4
1572369789 3
1572369790 3
1572369791 3
1572369792 3
1572369793 4
1572369794 5
1572369795 4
1572369796 4
1572369797 3
1572369798 3
1572369799 2
1572369800 2
1572369801 2
1572369802 2
1572369803 2
1572369804 3
1572369805 3
1572369806 4
1572369807 4
1572369808 4
1572369809 4
1572369810 5
1572369811 4
1572369812 3
1572369813 3
1572370053 2
1572370054 2
1572370055 2
1572370056 2
1572370057 3
1572370058 2
1572370059 2
1572370060 2
1572370061 2
1572370062 3
1572370063 3
1572370064 2
1572370065 2
1572370066 2
1572370067 2
1572370068 2
1572370069 3
1572370070 5
1572370071 4
1572370072 3
1572370073 3
1572370074 3
1572370075 3
1572370076 4
1572370077 4
1572370078 3
1572370079 4
1572370080 4
1572370081 4
1572370082 4
1572370083 5
1572370084 6
1572370085 3
1572370086 4
1572370087 3
1572370088 3
1572370089 4
1572370090 2
1572370091 2
1572370092 1
1572370093 1
1572370094 1
1572370095 1
1572370096 1
1572370097 2
1572370098 2
1572370099 2
1572370100 2
1572370101 2
1572370102 2
1572370103 3
1572370104 4
1572370105 4
1572370106 4
1572370107 4
1572370108 4
1572370109 4
1572370110 3
1572370111 4
1572370112 2
1572370113 3
1572370114 2
1572370115 2
1572370116 2
1572370117 3
1572370118 5
1572370119 5
1572370120 4
1572370121 5
1572370122 4
1572370123 4
1572370124 6
1572370125 5
1572370126 4
1572370127 4
1572370128 3
1572370129 3
1572370130 2
1572370131 2
1572370132 2
1572370133 3
1572370134 4
1572370135 3
1572370136 4
1572370137 4
1572370138 5
1572370139 5
1572370140 5
1572370141 4
1572370142 4
1572370143 3
1572370383 2
1572370384 2
1572370385 2
1572370386 2
1572370387 3
1572370388 3
1572370389 2
1572370390 2
1572370391 2
1572370392 2
1572370393 2
1572370394 2
1572370395 2
1572370396 2
1572370397 2
1572370398 2
1572370399 3
1572370400 4
1572370401 3
1572370402 3
1572370403 3
1572370404 3
1572370405 3
1572370406 4
1572370407 3
1572370408 4
1572370409 5
1572370410 4
1572370411 5
1572370412 5
1572370413 4
1572370414 5
1572370415 3
1572370416 3
1572370417 2
1572370418 3
1572370419 5
1572370420 3
1572370421 2
1572370422 2
1572370423 1
1572370424 1
1572370425 1
1572370426 1
1572370427 1
1572370428 2
1572370429 2
1572370430 2
1572370431 2
1572370432 2
1572370433 2
1572370434 3
1572370435 4
1572370436 4
1572370437 3
1572370438 2
1572370439 2
1572370440 2
1572370441 2
1572370442 3
1572370443 1
1572370444 2
1572370445 2
1572370446 2
1572370447 2
1572370448 3
1572370449 3
1572370450 5
1572370451 4
1572370452 4
1572370453 4
1572370454 5
1572370455 6
1572370456 6
1572370457 5
1572370458 5
1572370459 3
1572370460 2
1572370461 2
1572370462 2
1572370463 2
1572370464 2
1572370465 3
1572370466 3
1572370467 4
1572370468 4
1572370469 4
1572370470 5
1572370471 5
1572370472 5
1572370473 5
1572370474 5
1572370475 4
1572370716 2
1572370717 2
1572370718 2
1572370719 2
1572370720 3
1572370721 2
1572370722 2
1572370723 2
1572370724 3
1572370725 3
1572370726 2
1572370727 2
1572370728 2
1572370729 2
1572370730 2
1572370731 2
1572370732 3
1572370733 4
1572370734 3
1572370735 3
1572370736 3
1572370737 4
1572370738 4
1572370739 6
1572370740 5
1572370741 3
1572370742 5
1572370743 4
1572370744 4
1572370745 3
1572370746 5
1572370747 4
1572370748 4
1572370749 3
1572370750 3
1572370751 3
1572370752 3
1572370753 3
1572370754 2
1572370755 1
1572370756 1
1572370757 1
1572370758 1
1572370759 1
1572370760 2
1572370761 2
1572370762 3
1572370763 2
1572370764 2
1572370765 2
1572370766 3
1572370767 3
1572370768 3
1572370769 4
1572370770 4
1572370771 4
1572370772 3
1572370773 3
1572370774 3
1572370775 4
1572370776 2
1572370777 2
1572370778 2
1572370779 2
1572370780 3
1572370781 4
1572370782 3
1572370783 4
1572370784 3
1572370785 3
1572370786 5
1572370787 5
1572370788 4
1572370789 5
1572370790 4
1572370791 4
1572370792 2
1572370793 2
1572370794 2
1572370795 4
1572370796 3
1572370797 3
1572370798 4
1572370799 4
1572370800 5
1572370801 5
1572370802 4
1572370803 4
1572370804 4
1572370805 4
1572370806 3
1572371044 2
1572371045 2
1572371046 2
1572371047 2
1572371048 3
1572371049 3
1572371050 2
1572371051 2
1572371052 2
1572371053 3
1572371054 2
1572371055 2
1572371056 2
1572371057 2
1572371058 2
1572371059 2
1572371060 3
1572371061 4
1572371062 3
1572371063 4
1572371064 3
1572371065 3
1572371066 4
1572371067 6
1572371068 6
1572371069 7
1572371070 6
1572371071 5
1572371072 5
1572371073 4
1572371074 3
1572371075 6
1572371076 5
1572371077 4
1572371078 3
1572371079 3
1572371080 3
1572371081 3
1572371082 2
1572371083 1
1572371084 1
1572371085 1
1572371086 1
1572371087 1
1572371088 1
1572371089 2
1572371090 2
1572371091 3
1572371092 2
1572371093 2
1572371094 2
1572371095 3
1572371096 3
1572371097 3
1572371098 3
1572371099 3
1572371100 3
1572371101 2
1572371102 2
1572371103 2
1572371104 1
1572371105 1
1572371106 1
1572371107 2
1572371108 2
1572371109 4
1572371110 4
1572371111 4
1572371112 5
1572371113 4
1572371114 5
1572371115 6
1572371116 6
1572371117 5
1572371118 5
1572371119 4
1572371120 3
1572371121 2
1572371122 2
1572371123 2
1572371124 2
1572371125 2
1572371126 3
1572371127 3
1572371128 3
1572371129 4
1572371130 4
1572371131 5
1572371132 5
1572371133 4
1572371134 4
1572371135 3
1572371377 2
1572371378 2
1572371379 2
1572371380 2
1572371381 3
1572371382 2
1572371383 2
1572371384 2
1572371385 2
1572371386 3
1572371387 2
1572371388 2
1572371389 2
1572371390 2
1572371391 2
1572371392 2
1572371393 3
1572371394 3
1572371395 4
1572371396 3
1572371397 3
1572371398 4
1572371399 5
1572371400 7
1572371401 6
1572371402 3
1572371403 4
1572371404 5
1572371405 5
1572371406 4
1572371407 5
1572371408 6
1572371409 4
1572371410 3
1572371411 3
1572371412 2
1572371413 3
1572371414 3
1572371415 2
1572371416 1
1572371417 1
1572371418 1
1572371419 1
1572371420 1
1572371421 2
1572371422 2
1572371423 2
1572371424 2
1572371425 3
1572371426 3
1572371427 4
1572371428 4
1572371429 4
1572371430 4
1572371431 4
1572371432 4
1572371433 4
1572371434 3
1572371435 2
1572371436 2
1572371437 2
1572371438 1
1572371439 2
1572371440 3
1572371441 3
1572371442 4
1572371443 6
1572371444 5
1572371445 4
1572371446 2
1572371447 3
1572371448 5
1572371449 4
1572371450 4
1572371451 4
1572371452 4
1572371453 3
1572371454 2
1572371455 2
1572371456 3
1572371457 3
1572371458 3
1572371459 3
1572371460 3
1572371461 4
1572371462 4
1572371463 4
1572371464 4
1572371465 4
1572371466 4
1572371467 3
1572371706 2
1572371707 2
1572371708 2
1572371709 2
1572371710 3
1572371711 3
1572371712 2
1572371713 2
1572371714 2
1572371715 2
1572371716 2
1572371717 2
1572371718 2
1572371719 2
1572371720 2
1572371721 2
1572371722 4
1572371723 3
1572371724 4
1572371725 3
1572371726 3
1572371727 3
1572371728 3
1572371729 4
1572371730 3
1572371731 3
1572371732 4
1572371733 3
1572371734 4
1572371735 4
1572371736 5
1572371737 6
1572371738 6
1572371739 3
1572371740 2
1572371741 2
1572371742 2
1572371743 2
1572371744 2
1572371745 1
1572371746 1
1572371747 1
1572371748 1
1572371749 1
1572371750 2
1572371751 2
1572371752 2
1572371753 3
1572371754 2
1572371755 2
1572371756 2
1572371757 2
1572371758 2
1572371759 2
1572371760 1
1572371761 1
1572371762 1
1572371763 1
1572371764 2
1572371765 1
1572371766 2
1572371767 2
1572371768 3
1572371769 2
1572371770 3
1572371771 4
1572371772 3
1572371773 5
1572371774 4
1572371775 4
1572371776 5
1572371777 6
1572371778 6
1572371779 4
1572371780 5
1572371781 3
1572371782 2
1572371783 2
1572371784 2
1572371785 2
1572371786 2
1572371787 3
1572371788 3
1572371789 3
1572371790 4
1572371791 4
1572371792 5
1572371793 4
1572371794 4
1572371795 4
1572371796 4
1572371797 3
1572372037 2
1572372038 2
1572372039 2
1572372040 2
1572372041 3
1572372042 2
1572372043 2
1572372044 2
1572372045 2
1572372046 3
1572372047 3
1572372048 2
1572372049 2
1572372050 2
1572372051 2
1572372052 2
1572372053 3
1572372054 3
1572372055 3
1572372056 3
1572372057 3
1572372058 3
1572372059 3
1572372060 4
1572372061 4
1572372062 4
1572372063 3
1572372064 3
1572372065 3
1572372066 4
1572372067 4
1572372068 5
1572372069 2
1572372070 3
1572372071 2
1572372072 2
1572372073 4
1572372074 3
1572372075 2
1572372076 1
1572372077 2
1572372078 2
1572372079 2
1572372080 2
1572372081 3
1572372082 2
1572372083 2
1572372084 2
1572372085 2
1572372086 2
1572372087 3
1572372088 3
1572372089 3
1572372090 3
1572372091 4
1572372092 4
1572372093 3
1572372094 2
1572372095 2
1572372096 2
1572372097 2
1572372098 2
1572372099 3
1572372100 3
1572372101 4
1572372102 4
1572372103 4
1572372104 4
1572372105 5
1572372106 3
1572372107 3
1572372108 5
1572372109 4
1572372110 4
1572372111 4
1572372112 4
1572372113 3
1572372114 3
1572372115 3
1572372116 2
1572372117 3
1572372118 3
1572372119 3
1572372120 4
1572372121 4
1572372122 4
1572372123 3
1572372124 3
1572372125 3
1572372126 3
1572372127 2
1572372377 2
1572372378 2
1572372379 2
1572372380 2
1572372381 2
1572372382 3
1572372383 3
1572372384 3
1572372385 3
1572372386 3
1572372387 3
1572372388 5
1572372389 4
1572372390 3
1572372391 2
1572372392 4
1572372393 3
1572372394 3
1572372395 4
1572372396 5
1572372397 6
1572372398 5
1572372399 3
1572372400 3
1572372401 3
1572372402 3
1572372403 3
1572372404 2
1572372405 1
1572372406 1
1572372407 1
1572372408 1
1572372409 1
1572372410 2
1572372411 2
1572372412 2
1572372413 2
1572372414 2
1572372415 2
1572372416 3
1572372417 3
1572372418 2
1572372419 3
1572372420 3
1572372421 3
1572372422 3
1572372423 3
1572372424 3
1572372425 3
1572372426 2
1572372427 2
1572372428 2
1572372429 3
1572372430 4
1572372431 4
1572372432 5
1572372433 4
1572372434 4
1572372435 3
1572372436 5
1572372437 5
1572372438 4
1572372439 4
1572372440 5
1572372441 3
1572372442 2
1572372443 2
1572372444 2
1572372445 2
1572372446 3
1572372447 3
1572372448 3
1572372449 4
1572372450 4
1572372451 4
1572372452 4
1572372453 4
1572372454 5
1572372455 5
1572372456 5
1572372697 4
1572372698 4
1572372699 4
1572372700 4
1572372701 3
1572372702 4
1572372703 4
1572372704 3
1572372705 3
1572372706 3
1572372707 2
1572372708 3
1572372709 3
1572372710 2
1572372711 2
1572372712 2
1572372713 2
1572372714 2
1572372715 2
1572372716 3
1572372717 4
1572372718 3
1572372719 3
1572372720 3
1572372721 4
1572372722 3
1572372723 4
1572372724 4
1572372725 3
1572372726 5
1572372727 4
1572372728 3
1572372729 3
1572372730 4
1572372731 4
1572372732 3
1572372733 3
1572372734 3
1572372735 3
1572372736 3
1572372737 3
1572372738 2
1572372739 1
1572372740 1
1572372741 1
1572372742 1
1572372743 1
1572372744 2
1572372745 2
1572372746 3
1572372747 2
1572372748 2
1572372749 3
1572372750 2
1572372751 2
1572372752 2
1572372753 2
1572372754 2
1572372755 2
1572372756 1
1572372757 1
1572372758 2
1572372759 2
1572372760 1
1572372761 3
1572372762 3
1572372763 3
1572372764 4
1572372765 6
1572372766 4
1572372767 5
1572372768 4
1572372769 4
1572372770 6
1572372771 6
1572372772 4
1572372773 5
1572372774 3
1572372775 3
1572372776 2
1572372777 2
1572372778 2
1572372779 3
1572372780 3
1572372781 3
1572372782 3
1572372783 4
1572372784 4
1572372785 4
1572372786 4
1572372787 3
1572372788 3
1572372789 2
1572372790 2
