1572006613 2
1572006614 2
1572006615 2
1572006616 2
1572006617 2
1572006618 3
1572006619 3
1572006620 3
1572006621 3
1572006622 3
1572006623 2
1572006624 3
1572006625 2
1572006626 2
1572006627 2
1572006628 2
1572006629 2
1572006630 2
1572006631 2
1572006632 2
1572006633 3
1572006634 3
1572006635 3
1572006636 3
1572006637 4
1572006638 5
1572006639 5
1572006640 5
1572006641 6
1572006642 4
1572006643 4
1572006644 3
1572006645 3
1572006646 3
1572006647 2
1572006648 3
1572006649 2
1572006650 2
1572006651 3
1572006652 2
1572006653 2
1572006654 3
1572006655 3
1572006656 3
1572006657 2
1572006658 3
1572006659 2
1572006660 1
1572006661 1
1572006662 1
1572006663 1
1572006664 1
1572006665 2
1572006666 3
1572006667 2
1572006668 4
1572006669 3
1572006670 3
1572006671 3
1572006672 3
1572006673 4
1572006674 4
1572006675 4
1572006676 6
1572006677 5
1572006678 4
1572006679 2
1572006680 3
1572006681 4
1572006682 2
1572006683 3
1572006684 3
1572006685 5
1572006686 5
1572006687 4
1572006688 4
1572006689 5
1572006690 3
1572006691 3
1572006692 2
1572006693 2
1572006694 2
1572006695 2
1572006696 2
1572006697 2
1572006698 3
1572006699 3
1572006700 3
1572006701 3
1572006702 3
1572006703 4
1572007235 2
1572007236 2
1572007237 2
1572007238 2
1572007239 2
1572007240 2
1572007241 2
1572007242 4
1572007243 4
1572007244 3
1572007245 3
1572007246 3
1572007247 3
1572007248 3
1572007249 4
1572007250 4
1572007251 3
1572007252 3
1572007253 3
1572007254 3
1572007255 2
1572007256 3
1572007257 2
1572007258 2
1572007259 2
1572007260 3
1572007261 3
1572007262 2
1572007263 2
1572007264 2
1572007265 2
1572007266 2
1572007267 2
1572007268 2
1572007269 1
1572007270 1
1572007271 2
1572007272 1
1572007273 2
1572007274 2
1572007275 3
1572007276 3
1572007277 3
1572007278 4
1572007279 4
1572007280 4
1572007281 4
1572007282 2
1572007283 2
1572007284 2
1572007285 2
1572007286 2
1572007287 2
1572007288 2
1572007289 1
1572007290 1
1572007291 2
1572007292 2
1572007293 2
1572007294 2
1572007295 2
1572007296 2
1572007297 2
1572007298 3
1572007299 3
1572007300 4
1572007301 4
1572007302 5
1572007303 3
1572007304 3
1572007305 3
1572007306 5
1572007307 5
1572007308 4
1572007309 3
1572007310 4
1572007311 3
1572007312 3
1572007313 3
1572007314 2
1572007315 2
1572007316 2
1572007317 2
1572007318 3
1572007319 3
1572007320 3
1572007321 3
1572007322 3
1572007323 3
1572007324 3
1572007325 3
1572007326 3
1572007327 2
1572007328 2
1572007601 2
1572007602 3
1572007603 4
1572007604 2
1572007605 5
1572007606 5
1572007607 5
1572007608 5
1572007609 5
1572007610 4
1572007611 3
1572007612 3
1572007613 3
1572007614 3
1572007615 3
1572007616 2
1572007617 2
1572007618 2
1572007619 3
1572007620 3
1572007621 2
1572007622 2
1572007623 3
1572007624 3
1572007625 4
1572007626 4
1572007627 4
1572007628 4
1572007629 4
1572007630 3
1572007631 3
1572007632 3
1572007633 3
1572007634 3
1572007635 4
1572007636 3
1572007637 3
1572007638 4
1572007639 5
1572007640 5
1572007641 7
1572007642 7
1572007643 8
1572007644 8
1572007645 6
1572007646 4
1572007647 3
1572007648 3
1572007649 3
1572007650 3
1572007651 3
1572007652 3
1572007653 3
1572007654 2
1572007655 3
1572007656 2
1572007657 2
1572007658 2
1572007659 2
1572007660 3
1572007661 2
1572007662 3
1572007663 3
1572007664 3
1572007665 3
1572007666 3
1572007667 3
1572007668 2
1572007669 3
1572007670 3
1572007671 3
1572007672 4
1572007673 3
1572007674 4
1572007675 4
1572007676 4
1572007677 4
1572007678 4
1572007679 3
1572007680 3
1572007681 3
1572007682 3
1572007683 2
1572007684 2
1572007686 1
1572007687 1
1572007688 2
1572007689 3
1572007690 4
1572007691 3
1572007692 3
1572007693 5
1572007694 5
1572007695 5
1572007696 5
1572007697 4
1572007698 4
1572007699 4
1572007700 5
1572007701 6
1572007702 6
1572007703 5
1572007704 5
1572007705 3
1572007706 3
1572007707 3
1572007708 3
1572007709 2
1572007710 2
1572007711 3
1572007712 2
1572007713 3
1572007714 4
1572007715 4
1572007716 4
1572007717 4
1572007718 4
1572007719 4
1572007720 4
1572007721 5
1572007722 5
1572007723 4
1572008115 2
1572008116 2
1572008117 2
1572008118 2
1572008119 2
1572008120 3
1572008121 2
1572008122 2
1572008123 2
1572008124 2
1572008125 2
1572008126 3
1572008127 3
1572008128 2
1572008129 2
1572008130 2
1572008131 2
1572008132 2
1572008133 2
1572008134 3
1572008135 5
1572008136 3
1572008137 4
1572008138 3
1572008139 3
1572008140 4
1572008141 4
1572008142 5
1572008143 4
1572008144 3
1572008145 4
1572008146 4
1572008147 3
1572008148 2
1572008149 2
1572008150 2
1572008151 3
1572008152 3
1572008153 3
1572008154 3
1572008155 2
1572008156 2
1572008157 2
1572008158 2
1572008159 2
1572008160 2
1572008161 2
1572008162 1
1572008163 1
1572008164 1
1572008165 1
1572008166 1
1572008167 1
1572008168 2
1572008169 2
1572008170 3
1572008171 4
1572008172 4
1572008173 3
1572008174 3
1572008175 3
1572008176 4
1572008177 4
1572008178 4
1572008179 4
1572008180 4
1572008181 3
1572008182 3
1572008183 4
1572008184 4
1572008185 4
1572008186 4
1572008187 5
1572008188 5
1572008189 4
1572008190 4
1572008191 4
1572008192 2
1572008193 2
1572008194 2
1572008195 4
1572008196 4
1572008197 4
1572008198 5
1572008199 4
1572008200 4
1572008201 4
1572008202 4
1572008203 6
1572008204 6
1572008205 5
1572008206 5
1572008207 4
1572008208 3
1572008209 6
1572008210 5
1572008211 4
1572008212 4
1572008213 4
1572008214 4
1572008215 4
1572008216 4
1572008217 4
1572008218 3
1572008219 3
1572008220 3
1572008221 4
1572008222 4
1572008223 4
1572008224 5
1572008225 5
1572008226 5
1572008227 5
1572008228 6
1572008229 5
1572008230 5
1572008231 4
1572008232 4
1572008526 3
1572008527 3
1572008528 3
1572008529 3
1572008530 3
1572008531 4
1572008532 4
1572008533 3
1572008534 2
1572008535 2
1572008536 2
1572008537 2
1572008538 2
1572008539 2
1572008540 2
1572008541 2
1572008542 2
1572008543 2
1572008544 2
1572008545 2
1572008546 3
1572008547 4
1572008548 3
1572008549 3
1572008550 3
1572008551 3
1572008552 4
1572008553 6
1572008554 6
1572008555 5
1572008556 4
1572008557 5
1572008558 5
1572008559 5
1572008560 4
1572008561 5
1572008562 3
1572008563 2
1572008564 3
1572008565 2
1572008566 2
1572008567 2
1572008568 2
1572008569 2
1572008570 3
1572008571 2
1572008572 2
1572008573 2
1572008574 2
1572008575 1
1572008576 1
1572008577 2
1572008578 1
1572008579 2
1572008580 2
1572008581 3
1572008582 4
1572008583 3
1572008584 3
1572008585 3
1572008586 2
1572008587 1
1572008588 1
1572008589 1
1572008590 1
1572008591 1
1572008592 2
1572008593 2
1572008594 1
1572008595 1
1572008596 2
1572008597 2
1572008598 2
1572008599 3
1572008600 5
1572008601 3
1572008602 2
1572008603 3
1572008604 4
1572008605 4
1572008606 4
1572008607 6
1572008608 5
1572008609 4
1572008610 4
1572008611 5
1572008612 5
1572008613 4
1572008614 4
1572008615 4
1572008616 3
1572008617 3
1572008618 3
1572008619 2
1572008620 2
1572008621 2
1572008622 3
1572008623 2
1572008624 5
1572008625 5
1572008626 5
1572008627 5
1572008628 5
1572008629 5
1572008630 5
1572008631 5
1572008632 5
1572008633 5
1572008634 5
1572008919 2
1572008920 2
1572008921 2
1572008922 2
1572008923 2
1572008924 3
1572008925 3
1572008926 2
1572008927 2
1572008928 3
1572008929 2
1572008930 3
1572008931 3
1572008932 2
1572008933 2
1572008934 2
1572008935 2
1572008936 2
1572008937 2
1572008938 2
1572008939 3
1572008940 3
1572008941 4
1572008942 4
1572008943 4
1572008944 3
1572008945 5
1572008946 5
1572008947 5
1572008948 4
1572008949 4
1572008950 5
1572008951 5
1572008952 3
1572008953 2
1572008954 3
1572008955 3
1572008956 3
1572008957 3
1572008958 3
1572008959 2
1572008960 3
1572008961 2
1572008962 2
1572008963 2
1572008964 2
1572008965 2
1572008966 2
1572008967 2
1572008968 1
1572008969 1
1572008970 1
1572008971 1
1572008972 1
1572008973 1
1572008974 2
1572008975 2
1572008976 3
1572008977 3
1572008978 4
1572008979 3
1572008980 3
1572008981 2
1572008982 2
1572008983 2
1572008984 4
1572008985 4
1572008986 4
1572008987 4
1572008988 2
1572008989 2
1572008990 2
1572008991 2
1572008992 2
1572008993 1
1572008994 1
1572008995 3
1572008996 3
1572008997 3
1572008998 4
1572008999 5
1572009000 6
1572009001 3
1572009002 5
1572009003 4
1572009004 4
1572009005 4
1572009006 4
1572009007 6
1572009008 4
1572009009 4
1572009010 4
1572009011 3
1572009012 3
1572009013 3
1572009014 2
1572009015 2
1572009016 2
1572009017 2
1572009018 2
1572009019 3
1572009020 4
1572009021 4
1572009022 4
1572009023 4
1572009024 3
1572009025 3
1572009026 3
1572009027 3
1572009028 2
1572009312 2
1572009313 2
1572009314 2
1572009315 2
1572009316 2
1572009317 3
1572009318 3
1572009319 3
1572009320 3
1572009321 3
1572009322 3
1572009323 4
1572009324 4
1572009325 3
1572009326 3
1572009327 3
1572009328 2
1572009329 2
1572009330 2
1572009331 2
1572009332 3
1572009333 3
1572009334 3
1572009335 3
1572009336 3
1572009337 3
1572009338 4
1572009339 4
1572009340 5
1572009341 6
1572009342 4
1572009343 4
1572009344 4
1572009345 3
1572009346 3
1572009347 3
1572009348 3
1572009349 3
1572009350 3
1572009351 2
1572009352 3
1572009353 2
1572009354 2
1572009355 2
1572009356 2
1572009357 3
1572009358 2
1572009359 2
1572009360 1
1572009361 1
1572009362 2
1572009363 2
1572009364 2
1572009365 1
1572009366 2
1572009367 2
1572009368 2
1572009369 3
1572009370 3
1572009371 3
1572009372 4
1572009373 4
1572009374 4
1572009375 4
1572009376 4
1572009377 4
1572009378 3
1572009379 3
1572009380 3
1572009381 3
1572009382 3
1572009383 2
1572009384 3
1572009385 3
1572009386 3
1572009387 3
1572009388 3
1572009389 5
1572009390 5
1572009391 5
1572009392 5
1572009393 3
1572009394 2
1572009395 3
1572009396 5
1572009397 5
1572009398 4
1572009399 3
1572009400 3
1572009401 2
1572009402 2
1572009403 2
1572009404 2
1572009405 2
1572009406 2
1572009407 2
1572009408 3
1572009409 4
1572009410 4
1572009411 4
1572009412 4
1572009413 4
1572009414 4
1572009415 4
1572009416 3
1572009417 3
1572009418 2
1572009419 2
1572009702 2
1572009703 2
1572009704 3
1572009705 2
1572009706 2
1572009707 3
1572009708 3
1572009709 2
1572009710 2
1572009711 3
1572009712 2
1572009713 3
1572009714 2
1572009715 2
1572009716 2
1572009717 2
1572009718 2
1572009719 2
1572009720 2
1572009721 2
1572009722 3
1572009723 4
1572009724 3
1572009725 2
1572009726 3
1572009727 3
1572009728 4
1572009729 6
1572009730 5
1572009731 4
1572009732 4
1572009733 5
1572009734 4
1572009735 4
1572009736 3
1572009737 4
1572009738 3
1572009739 2
1572009740 3
1572009741 3
1572009742 2
1572009743 2
1572009744 2
1572009745 2
1572009746 2
1572009747 2
1572009748 2
1572009749 2
1572009750 1
1572009751 1
1572009752 1
1572009753 1
1572009754 1
1572009755 2
1572009756 2
1572009757 2
1572009758 2
1572009759 3
1572009760 2
1572009761 2
1572009762 2
1572009763 3
1572009764 3
1572009765 3
1572009766 3
1572009767 3
1572009768 2
1572009769 2
1572009770 2
1572009771 3
1572009772 2
1572009773 2
1572009774 2
1572009775 2
1572009776 2
1572009777 2
1572009778 3
1572009779 3
1572009780 3
1572009781 5
1572009782 4
1572009783 5
1572009784 4
1572009785 4
1572009786 3
1572009787 5
1572009788 5
1572009789 4
1572009790 6
1572009791 4
1572009792 3
1572009793 3
1572009794 2
1572009795 2
1572009796 2
1572009797 2
1572009798 2
1572009799 3
1572009800 3
1572009801 3
1572009802 3
1572009803 3
1572009804 3
1572009805 3
1572009806 3
1572009807 3
1572009808 3
1572009809 2
1572010093 2
1572010094 2
1572010095 2
1572010096 2
1572010097 2
1572010098 3
1572010099 3
1572010100 2
1572010101 2
1572010102 2
1572010103 2
1572010104 3
1572010105 3
1572010106 2
1572010107 2
1572010108 2
1572010109 2
1572010110 2
1572010111 2
1572010112 2
1572010113 3
1572010114 4
1572010115 4
1572010116 3
1572010117 3
1572010118 3
1572010119 3
1572010120 5
1572010121 6
1572010122 6
1572010123 5
1572010124 5
1572010125 5
1572010126 4
1572010127 4
1572010128 2
1572010129 3
1572010130 3
1572010131 3
1572010132 2
1572010133 3
1572010134 2
1572010135 2
1572010136 2
1572010137 2
1572010138 3
1572010139 3
1572010140 2
1572010141 1
1572010142 1
1572010143 1
1572010144 1
1572010145 1
1572010146 1
1572010147 2
1572010148 2
1572010149 2
1572010150 2
1572010151 3
1572010152 3
1572010153 3
1572010154 3
1572010155 3
1572010156 4
1572010157 4
1572010158 4
1572010159 4
1572010160 3
1572010161 3
1572010162 3
1572010163 2
1572010164 3
1572010165 2
1572010166 2
1572010167 2
1572010168 2
1572010169 2
1572010170 3
1572010171 4
1572010172 4
1572010173 4
1572010174 4
1572010175 3
1572010176 3
1572010177 4
1572010178 5
1572010179 4
1572010180 4
1572010181 5
1572010182 4
1572010183 4
1572010184 4
1572010185 3
1572010186 4
1572010187 4
1572010188 5
1572010189 6
1572010190 6
1572010191 6
1572010192 7
1572010193 7
1572010194 7
1572010195 7
1572010196 7
1572010197 6
1572010198 4
1572010199 4
1572010200 4
1572010503 2
1572010504 2
1572010505 2
1572010506 2
1572010507 2
1572010508 2
1572010509 3
1572010510 3
1572010511 4
1572010512 3
1572010513 3
1572010514 3
1572010515 3
1572010516 4
1572010517 5
1572010518 3
1572010519 3
1572010520 3
1572010521 3
1572010522 2
1572010523 2
1572010524 2
1572010525 2
1572010526 2
1572010527 3
1572010528 2
1572010529 3
1572010530 2
1572010531 2
1572010532 2
1572010533 3
1572010534 2
1572010535 2
1572010536 2
1572010537 2
1572010538 1
1572010539 1
1572010540 1
1572010541 1
1572010542 1
1572010543 2
1572010544 2
1572010545 2
1572010546 3
1572010547 3
1572010548 2
1572010549 2
1572010550 3
1572010551 2
1572010552 2
1572010553 1
1572010554 2
1572010555 3
1572010556 3
1572010557 3
1572010558 3
1572010559 3
1572010560 2
1572010561 1
1572010562 1
1572010563 2
1572010564 2
1572010565 3
1572010566 3
1572010567 3
1572010568 3
1572010569 4
1572010570 4
1572010571 3
1572010572 4
1572010573 4
1572010574 5
1572010575 4
1572010576 4
1572010577 6
1572010578 4
1572010579 3
1572010580 3
1572010581 2
1572010582 2
1572010583 2
1572010584 2
1572010585 2
1572010586 3
1572010587 3
1572010588 4
1572010589 4
1572010590 4
1572010591 3
1572010592 5
1572010593 5
1572010594 5
1572010595 5
1572010596 4
1572010880 2
1572010881 2
1572010882 2
1572010883 2
1572010884 2
1572010885 3
1572010886 2
1572010887 2
1572010888 2
1572010889 2
1572010890 2
1572010891 3
1572010892 3
1572010893 3
1572010894 2
1572010895 2
1572010896 2
1572010897 2
1572010898 2
1572010899 3
1572010900 3
1572010901 3
1572010902 3
1572010903 4
1572010904 3
1572010905 3
1572010906 5
1572010907 6
1572010908 5
1572010909 5
1572010910 4
1572010911 4
1572010912 4
1572010913 3
1572010914 3
1572010915 3
1572010916 2
1572010917 3
1572010918 2
1572010919 3
1572010920 2
1572010921 2
1572010922 2
1572010923 2
1572010924 2
1572010925 2
1572010926 2
1572010927 1
1572010928 1
1572010929 1
1572010930 1
1572010931 1
1572010932 1
1572010933 2
1572010934 2
1572010935 2
1572010936 2
1572010937 2
1572010938 2
1572010939 2
1572010940 2
1572010941 2
1572010942 3
1572010943 3
1572010944 4
1572010945 4
1572010946 4
1572010947 4
1572010948 3
1572010949 3
1572010950 3
1572010951 3
1572010952 2
1572010953 2
1572010954 2
1572010955 2
1572010956 3
1572010957 2
1572010958 3
1572010959 5
1572010960 4
1572010961 4
1572010962 2
1572010963 2
1572010964 3
1572010965 5
1572010966 4
1572010967 3
1572010968 4
1572010969 4
1572010970 3
1572010971 3
1572010972 3
1572010973 2
1572010974 2
1572010975 3
1572010976 3
1572010977 3
1572010978 4
1572010979 4
1572010980 5
1572010981 4
1572010982 4
1572010983 6
1572010984 5
1572010985 5
1572010986 5
1572010987 4
1572013443 3
1572013444 3
1572013445 3
1572013446 3
1572013447 3
1572013448 4
1572013449 4
1572013450 3
1572013451 3
1572013452 3
1572013453 3
1572013454 3
1572013455 4
1572013456 3
1572013457 3
1572013458 3
1572013459 3
1572013460 3
1572013461 3
1572013462 3
1572013463 3
1572013464 3
1572013465 4
1572013466 3
1572013467 3
1572013468 3
1572013469 3
1572013470 4
1572013471 4
1572013472 6
1572013473 5
1572013474 4
1572013475 4
1572013476 4
1572013477 5
1572013478 5
1572013479 3
1572013480 2
1572013481 2
1572013482 3
1572013483 3
1572013484 2
1572013485 2
1572013486 3
1572013487 3
1572013488 4
1572013489 4
1572013490 2
1572013491 2
1572013492 1
1572013493 1
1572013494 1
1572013495 1
1572013496 1
1572013497 2
1572013498 3
1572013499 3
1572013500 3
1572013501 3
1572013502 3
1572013503 3
1572013504 3
1572013505 3
1572013506 3
1572013507 3
1572013508 3
1572013509 2
1572013510 2
1572013511 2
1572013512 2
1572013513 2
1572013514 3
1572013515 3
1572013516 3
1572013517 2
1572013518 2
1572013519 3
1572013520 3
1572013521 3
1572013522 3
1572013523 4
1572013524 4
1572013525 3
1572013526 2
1572013527 4
1572013528 5
1572013529 4
1572013530 4
1572013531 5
1572013532 4
1572013533 4
1572013534 3
1572013535 2
1572013536 2
1572013537 2
1572013538 2
1572013539 3
1572013540 3
1572013541 4
1572013542 4
1572013543 5
1572013544 5
1572013545 5
1572013546 6
1572013547 4
1572013548 4
1572013549 4
1572013550 4
1572013837 4
1572013838 4
1572013839 4
1572013840 3
1572013841 3
1572013842 4
1572013843 4
1572013844 3
1572013845 3
1572013846 4
1572013847 3
1572013848 4
1572013849 3
1572013850 3
1572013851 2
1572013852 2
1572013853 2
1572013854 2
1572013855 2
1572013856 2
1572013857 4
1572013858 3
1572013859 4
1572013860 5
1572013861 5
1572013862 3
1572013863 4
1572013864 5
1572013865 5
1572013866 4
1572013867 4
1572013868 4
1572013869 4
1572013870 3
1572013871 3
1572013872 3
1572013873 2
1572013874 2
1572013875 3
1572013876 3
1572013877 2
1572013878 2
1572013879 2
1572013880 2
1572013881 2
1572013882 2
1572013883 2
1572013884 2
1572013885 1
1572013886 1
1572013887 1
1572013888 1
1572013889 1
1572013890 2
1572013891 2
1572013892 2
1572013893 2
1572013894 3
1572013895 2
1572013896 3
1572013897 3
1572013898 3
1572013899 3
1572013900 3
1572013901 2
1572013902 2
1572013903 2
1572013904 2
1572013905 2
1572013906 2
1572013907 2
1572013908 2
1572013909 2
1572013910 2
1572013911 2
1572013912 2
1572013913 3
1572013914 3
1572013915 3
1572013916 4
1572013917 4
1572013918 5
1572013919 4
1572013920 5
1572013921 6
1572013922 4
1572013923 4
1572013924 5
1572013925 3
1572013926 3
1572013927 3
1572013928 2
1572013929 2
1572013930 2
1572013931 2
1572013932 2
1572013933 4
1572013934 4
1572013935 5
1572013936 5
1572013937 5
1572013938 5
1572013939 5
1572013940 5
1572013941 4
1572013942 4
1572013943 3
1572014227 5
1572014228 4
1572014229 4
1572014230 3
1572014231 3
1572014232 4
1572014233 3
1572014234 3
1572014235 3
1572014236 2
1572014237 2
1572014238 3
1572014239 3
1572014240 2
1572014241 2
1572014242 2
1572014243 2
1572014244 2
1572014245 2
1572014246 2
1572014247 3
1572014248 4
1572014249 3
1572014250 4
1572014251 3
1572014252 3
1572014253 4
1572014254 3
1572014255 6
1572014256 5
1572014257 5
1572014258 4
1572014259 6
1572014260 5
1572014261 5
1572014262 5
1572014263 5
1572014264 6
1572014265 7
1572014266 5
1572014267 5
1572014268 4
1572014269 4
1572014270 3
1572014271 4
1572014272 3
1572014273 3
1572014274 3
1572014275 2
1572014276 2
1572014277 2
1572014278 2
1572014279 2
1572014280 2
1572014281 2
1572014282 2
1572014283 3
1572014284 3
1572014285 4
1572014286 3
1572014287 2
1572014288 2
1572014289 2
1572014290 2
1572014291 2
1572014292 2
1572014293 2
1572014294 2
1572014295 2
1572014296 1
1572014297 1
1572014298 1
1572014299 2
1572014300 2
1572014301 2
1572014302 2
1572014303 2
1572014304 3
1572014305 3
1572014306 3
1572014307 3
1572014308 4
1572014309 4
1572014310 4
1572014311 3
1572014312 5
1572014313 6
1572014314 4
1572014315 4
1572014316 4
1572014317 3
1572014318 3
1572014319 3
1572014320 3
1572014321 2
1572014322 2
1572014323 2
1572014324 3
1572014325 4
1572014326 4
1572014327 4
1572014328 4
1572014329 4
1572014330 4
1572014331 5
1572014332 4
1572014333 4
1572014334 3
1572014335 3
1572014631 2
1572014632 2
1572014633 2
1572014634 2
1572014635 2
1572014636 2
1572014637 3
1572014638 4
1572014639 3
1572014640 4
1572014641 2
1572014642 3
1572014643 2
1572014644 3
1572014645 4
1572014646 4
1572014647 4
1572014648 5
1572014649 5
1572014650 6
1572014651 5
1572014652 6
1572014653 6
1572014654 5
1572014655 7
1572014656 6
1572014657 7
1572014658 5
1572014659 5
1572014660 4
1572014661 4
1572014662 3
1572014663 3
1572014664 2
1572014665 2
1572014666 1
1572014667 1
1572014668 1
1572014669 1
1572014670 1
1572014671 3
1572014672 3
1572014673 3
1572014674 4
1572014675 4
1572014676 3
1572014677 3
1572014678 3
1572014679 4
1572014680 4
1572014681 4
1572014682 3
1572014683 3
1572014684 3
1572014685 3
1572014686 3
1572014687 2
1572014688 2
1572014689 2
1572014690 2
1572014691 2
1572014692 2
1572014693 3
1572014694 4
1572014695 5
1572014696 4
1572014697 5
1572014698 4
1572014699 4
1572014700 4
1572014701 6
1572014702 5
1572014703 4
1572014704 4
1572014705 5
1572014706 3
1572014707 3
1572014708 2
1572014709 2
1572014710 2
1572014711 2
1572014712 2
1572014713 3
1572014714 3
1572014715 3
1572014716 4
1572014717 4
1572014718 4
1572014719 4
1572014720 5
1572014721 3
1572014722 4
1572014723 4
1572014724 3
1572015021 4
1572015022 3
1572015023 3
1572015024 3
1572015025 3
1572015026 2
1572015027 3
1572015028 5
1572015029 4
1572015030 3
1572015031 5
1572015032 4
1572015033 4
1572015034 4
1572015035 6
1572015036 5
1572015037 5
1572015038 5
1572015039 5
1572015040 6
1572015041 4
1572015042 4
1572015043 5
1572015044 6
1572015045 7
1572015046 5
1572015047 6
1572015048 4
1572015049 4
1572015050 3
1572015051 3
1572015052 2
1572015053 2
1572015054 1
1572015055 1
1572015056 1
1572015057 1
1572015058 1
1572015059 1
1572015060 1
1572015061 2
1572015062 2
1572015063 3
1572015064 3
1572015065 4
1572015066 4
1572015067 4
1572015068 3
1572015069 3
1572015070 3
1572015071 3
1572015072 3
1572015073 3
1572015074 3
1572015075 2
1572015076 2
1572015077 3
1572015078 2
1572015079 2
1572015080 1
1572015081 2
1572015082 2
1572015083 2
1572015084 3
1572015085 4
1572015086 4
1572015087 5
1572015088 5
1572015089 4
1572015090 3
1572015091 4
1572015092 5
1572015093 5
1572015094 4
1572015095 4
1572015096 3
1572015097 3
1572015098 3
1572015099 3
1572015100 2
1572015101 2
1572015102 3
1572015103 2
1572015104 3
1572015105 3
1572015106 3
1572015107 3
1572015108 3
1572015109 3
1572015110 3
1572015111 3
1572015112 4
1572015113 2
1572015114 2
