1569853918 2
1569853919 2
1569853920 2
1569853921 3
1569853922 3
1569853923 3
1569853924 3
1569853925 3
1569853926 3
1569853927 3
1569853928 3
1569853929 3
1569853930 3
1569853931 2
1569854829 3
1569854830 4
1569854831 4
1569854832 4
1569854833 5
1569854834 4
1569854835 4
1569854836 4
1569854837 5
1569854838 5
1569854839 4
1569854840 4
1569854841 4
1569854842 4
1569854843 4
1569854844 3
1569854845 3
1569854846 3
1569854847 3
1569854848 2
1569854849 3
1569854850 3
1569854851 3
1569854852 3
1569854853 3
1569854854 3
1569854855 3
1569854856 4
1569854857 4
1569854858 3
1569854859 3
1569854860 3
1569854861 3
1569854862 2
1569854863 2
1569854864 2
1569854865 3
1569854866 3
1569854867 3
1569854868 3
1569854869 5
1569854870 5
1569854871 4
1569854872 4
1569854873 3
1569854874 2
1569854875 2
1569854876 1
1569854877 1
1569854878 1
1569854879 1
1569854880 2
1569854881 3
1569854882 4
1569854883 2
1569854884 3
1569854885 3
1569854886 4
1569854887 4
1569854888 4
1569854889 3
1569854890 3
1569854891 4
1569854892 3
1569854893 3
1569854894 2
1569854895 2
1569854896 4
1569854897 2
1569854898 5
1569854899 4
1569854900 5
1569854901 5
1569854902 6
1569854903 5
1569854904 4
1569854905 4
1569854906 4
1569854907 4
1569854908 2
1569854909 2
1569854910 2
1569854911 2
1569854912 2
1569854913 1
1569854914 1
1569854915 2
1569854916 2
1569854917 4
1569854918 3
1569854919 3
1569854920 4
1569854921 4
1569854922 4
1569854923 3
1569854924 4
1569854925 5
1569854926 5
1569854927 5
1569854928 5
1569854929 7
1569854930 7
1569854931 6
1569854932 4
1569854933 5
1569854934 3
1569854935 4
1569854936 3
1569854937 4
1569854938 7
1569854939 6
1569854940 5
1569854941 6
1569854942 3
1569854943 3
1569854944 2
1569854945 2
1569854946 2
1569854947 2
1569854948 2
1569854949 3
1569854950 3
1569854951 3
1569854952 3
1569854953 3
1569854954 3
1569854955 3
1569855390 2
1569855391 2
1569855392 2
1569855393 2
1569855394 3
1569855395 3
1569855396 2
1569855397 2
1569855398 2
1569855399 2
1569855400 3
1569855401 3
1569855402 3
1569855403 3
1569855404 2
1569855405 2
1569855406 2
1569855407 2
1569855408 2
1569855409 2
1569855410 3
1569855411 4
1569855412 3
1569855413 3
1569855414 3
1569855415 3
1569855416 3
1569855417 2
1569855418 3
1569855419 3
1569855420 3
1569855421 2
1569855422 1
1569855423 1
1569855424 1
1569855425 1
1569855426 1
1569855427 1
1569855428 1
1569855429 1
1569855430 2
1569855431 2
1569855432 2
1569855433 2
1569855434 2
1569855435 2
1569855436 3
1569855437 4
1569855438 3
1569855439 4
1569855440 4
1569855441 4
1569855442 4
1569855443 2
1569855444 2
1569855445 2
1569855446 2
1569855447 2
1569855448 2
1569855449 3
1569855450 3
1569855451 3
1569855452 3
1569855453 4
1569855454 5
1569855455 6
1569855456 5
1569855457 4
1569855458 4
1569855459 6
1569855460 6
1569855461 8
1569855462 7
1569855463 8
1569855464 7
1569855465 6
1569855466 5
1569855467 6
1569855468 5
1569855469 4
1569855470 3
1569855471 3
1569855472 3
1569855473 3
1569855474 3
1569855475 3
1569855476 3
1569855477 4
1569855478 4
1569855479 4
1569855480 4
1569855481 3
1569855482 4
1569855483 3
1569855484 5
1569855485 4
1569855486 5
1569855487 4
1569855488 3
1569855489 3
1569855490 3
1569855491 3
1569855492 3
1569855493 2
1569855494 2
1569855495 2
1569855496 3
1569855497 3
1569855498 3
1569855499 3
1569855500 3
1569855501 3
1569855502 3
1569855503 3
1569855504 3
1569855505 3
1569855506 2
1569855507 2
1569856528 2
