1572965341 5.03771616
1572965508 5.009218289
1572965676 4.752835717
1572965845 4.979451467
1572966182 4.961960353
1572966354 4.66648988
1572966711 4.797948627
1572966882 4.990581434
1572967106 4.907709988
1572967808 5.216221649
1572969112 5.099630662
1572969765 5.039994433
1572970425 5.183329243
1572971076 5.358702171
1572971739 4.961981481
1572972398 5.000597944
1572973111 5.005882894
1572973764 4.867164045
1572974413 4.972355574
1572975143 5.121880856
1572975470 4.863140601
1572975808 6.471528857
1572976170 4.963225818
1572976551 4.99539072
1572976881 4.991414256
1572977211 4.96421157
1572977574 5.129458639
1572977921 5.001514594
