1571751950 6.150211274
1571752145 6.092094851
1571752344 6.207048371
1571752548 6.411655295
1571752744 6.373069642
1571752940 6.316029564
1571753138 5.991951231
1571753335 6.291206948
1571753531 6.203159675
1571753728 6.134617489
1571754037 6.311202721
1571754433 6.244772408
1571754826 6.424886401
1571755229 6.083892437
1571755631 168.2201186
1571756463 6.261331654
1571756874 6.125886159
1571757320 8.844042292
1571757712 6.237559925
1571758112 6.077512667
1571758502 6.230263756
1571760086 6.106895518
1571760282 6.137567979
1571760484 6.236112988
1571760682 6.357556614
1571760881 6.277582326
1571761093 5.954177349
1571761292 6.100214601
1571761486 6.388198302
1571761682 6.020610428
1571761882 6.218290262
1571762114 6.415723979
1571762506 6.347270312
1571762905 6.086846136
1571763294 6.160112584
1571763685 6.100034187
1571764089 6.327724801
1571764502 6.007073299
1571764895 6.228315302
1571765283 6.176954369
1571765674 6.232934619
1571766251 6.311951769
1571767034 6.159765714
