1575112730 1.996375744
1575112764 10.611538908
1575112923 8.963288725
1575113089 8.778103336
1575113247 10.777207157
1575113406 9.168741957
1575113567 8.520613512
1575113724 9.211353501
1575113880 9.558087967
1575114038 9.78093727
1575114206 9.437087644
1575114362 22.819378883
1575114679 9.305730056
1575115298 10.262234037
1575115607 9.599899429
1575115922 9.349239102
1575116232 9.794511195
1575116543 11.663300286
1575117161 9.440315856
1575120134 10.44690964
1575120187 3.16393284
1575120745 9.435637285
1575121304 9.176451636
1575122306 69.599662426
1575122924 10.34860529
1575123481 9.691541988
1575124041 9.390354244
1575124596 8.556704854
1575125162 8.639965296
1575125730 9.712947839
1575127116 10.183463977
