1581935154 6.835028334
1581935318 9.023638123
1581935477 10.014867001
1581935642 8.584733872
1581935969 9.834238817
1581936143 10.488525612
1581936312 8.891453121
1581936475 9.11283535
1581936635 9.739325898
1581936808 12.47895707
1581937493 1.623957273
1581937788 9.256475395
1581938113 9.111611252
1581938445 10.23336352
1581938753 9.515232823
1581939717 9.117609786
1581942118 11.846046611
1581942801 9.418025324
1581944381 32.203513436
1581945315 383.835565987
1581946829 12.03139333
1581947728 33.467687137
