1571751942 3.22698159
1571752130 9.104811283
1571752328 10.494770965
1571752729 9.451185
1571752926 8.727100515
1571753517 9.783536624
1571753712 10.479917108
1571753909 122.579046429
1571754419 9.619273684
1571754809 11.951481158
1571755213 12.487671636
1571755614 12.257243854
1571756414 43.43472321
1571756842 27.098270393
1571757281 9.521555748
1571757697 10.372531322
1571758095 11.229260922
1571758485 10.974657311
1571760070 10.738431775
1571760268 9.463281131
1571760466 12.268295508
1571760666 10.568473594
1571760866 9.584237231
1571761065 21.919056771
1571761278 8.919402648
1571761471 9.539726968
1571761666 11.84768113
1571761865 11.976911406
1571762070 17.760945909
1571762100 8.320722896
1571762492 8.785780724
1571762888 13.097130898
1571763278 9.591627539
1571763669 9.707545264
1571764074 10.273933324
1571764488 9.276032015
1571764880 11.090869203
1571765269 9.359956782
1571765660 9.18997411
1571766049 196.851198842
1571767018 11.269658517
