1572361268 3
1572361269 3
1572361270 4
1572361271 4
1572361465 3
1572361466 3
1572361467 4
1572361468 5
1572361660 3
1572361661 4
1572361662 3
1572361663 5
1572361855 4
1572361856 5
1572361857 4
1572361858 6
1572362055 4
1572362056 3
1572362057 4
1572362248 3
1572362249 4
1572362250 3
1572362251 4
1572362444 2
1572362445 4
1572362446 3
1572362447 4
1572362640 3
1572362641 3
1572362642 4
1572362643 5
1572362839 4
1572362840 3
1572362841 4
1572363035 4
1572363036 3
1572363037 4
1572366912 2
1572366913 4
1572366914 3
1572366915 5
1572367080 3
1572367081 3
1572367082 4
1572367251 3
1572367252 3
1572367253 4
1572367419 4
1572367420 3
1572367421 5
1572367600 2
1572367601 4
1572367602 4
1572367779 4
1572367780 4
1572367781 5
1572367947 2
1572367948 4
1572367949 3
1572367950 4
1572368116 3
1572368117 3
1572368118 4
1572368282 2
1572368283 4
1572368284 4
1572368448 3
1572368449 3
1572368450 4
