1572870012 4
1572870013 3
1572870014 5
1572870183 3
1572870184 4
1572870185 3
1572870186 4
1572870187 3
1572870188 3
1572870189 3
1572870190 4
1572870191 4
1572870192 4
1572870193 4
1572870194 5
1572870195 3
1572870196 5
1572870197 4
1572870198 5
1572870199 5
1572870200 5
1572870201 5
1572870202 5
1572870203 5
1572870204 5
1572870205 3
1572870206 3
1572870207 3
1572870208 3
1572870209 3
1572870210 3
1572870211 3
1572870212 4
1572870213 5
1572870214 6
1572870215 4
1572870216 4
1572870217 2
1572870218 2
1572870219 2
1572870220 3
1572870221 4
1572870222 4
1572870223 5
1572870224 4
1572870225 5
1572870226 5
1572870227 5
1572870228 5
1572870229 4
1572870230 5
1572870231 5
1572870232 5
1572870233 6
1572870234 6
1572870412 3
1572870413 4
1572870414 5
1572870586 3
1572870587 3
1572870588 4
1572870589 3
1572870590 5
1572870591 5
1572870592 4
1572870593 4
1572870594 4
1572870595 4
1572870596 2
1572870597 3
1572870598 3
1572870599 2
1572870600 2
1572870601 2
1572870602 4
1572870603 4
1572870604 4
1572870605 4
1572870606 3
1572870607 3
1572870608 3
1572870609 3
1572870610 3
1572870611 3
1572870612 3
1572870613 3
1572870614 3
1572870615 4
1572870616 5
1572870617 5
1572870618 5
1572870619 5
1572870620 5
1572870621 5
1572870622 5
1572870623 5
1572870624 5
1572870625 5
1572870626 5
1572870627 5
1572870628 4
1572870629 6
1572870630 6
1572870631 5
1572870632 5
1572870633 3
1572870634 4
1572870635 4
1572870636 5
1572870637 6
1572870802 3
1572870803 5
1572870804 4
1572870805 4
1572870806 6
