1580304779 5
1580304780 5
1580304781 5
1580304782 4
1580304783 4
1580304784 4
1580304785 4
1580304786 4
1580304787 4
1580304788 3
1580304789 2
1580305258 5
1580305259 5
1580305260 5
1580305261 4
1580305262 4
1580305263 5
1580305264 4
1580305265 4
1580305266 5
1580305267 3
1580305268 1
1580305269 1
1580305614 2
1580305615 1
1580305766 5
1580305767 5
1580305768 5
1580305769 4
1580305770 4
1580305771 4
1580305772 4
1580305773 4
1580305774 4
1580305775 3
1580305776 2
1580305777 2
1580306078 5
1580306079 5
1580306080 5
1580306081 4
1580306082 4
1580306083 5
1580306084 6
1580306085 6
1580306086 6
1580306087 4
1580306088 2
1580306089 3
1580306239 6
1580306240 5
1580306241 5
1580306242 5
1580306243 5
1580306244 6
1580306245 5
1580306246 5
1580306247 5
1580306248 3
1580306249 1
1580306250 1
