1575289823 3
1575289824 1
1575289825 1
1575289980 4
1575289981 5
1575289982 4
1575289983 5
1575289984 4
1575289985 4
1575289986 4
1575289987 4
1575289988 4
1575289989 3
1575289990 2
1575289991 3
1575290148 4
1575290149 4
1575290150 4
1575290151 4
1575290152 4
1575290153 4
1575290154 4
1575290155 4
1575290156 4
1575290157 3
1575290158 1
1575290159 1
1575290335 5
1575290336 4
1575290337 5
1575290338 5
1575290339 5
1575290340 4
1575290341 5
1575290342 5
1575290343 5
1575290344 4
1575290345 1
1575290346 1
1575290347 1
1575290504 4
1575290505 4
1575290506 4
1575290507 4
1575290508 4
1575290509 5
1575290510 4
1575290511 4
1575290512 4
1575290513 3
1575290514 2
1575290515 2
1575290681 4
1575290682 4
1575290683 4
1575290684 4
1575290685 4
1575290686 5
1575290687 5
1575290688 5
1575290689 3
1575290690 2
1575290691 2
1575291003 4
1575291004 4
1575291005 4
1575291006 4
1575291007 4
1575291008 4
1575291009 4
1575291010 4
1575291011 4
1575291012 2
1575291013 1
1575291014 1
1575291165 4
1575291166 4
1575291167 5
1575291168 5
1575291169 5
1575291170 5
1575291171 5
1575291172 5
1575291173 6
1575291174 3
1575291175 1
1575291176 1
1575291327 4
1575291328 4
1575291329 4
1575291330 4
1575291331 4
1575291332 4
1575291333 5
1575291334 5
1575291335 5
1575291336 3
1575291337 2
