1572003534 2
1572003535 2
1572003536 1
1572003720 5
1572003721 5
1572003722 5
1572003723 6
1572003724 5
1572003725 5
1572003726 5
1572003727 5
1572003728 5
1572003729 4
1572003730 2
1572003731 2
1572003918 5
1572003919 5
1572003920 5
1572003921 5
1572003922 4
1572003923 6
1572003924 5
1572003925 5
1572003926 5
1572003927 3
1572003928 2
1572003929 1
1572004124 3
1572004125 2
1572004126 1
1572004320 2
1572004321 1
1572004322 1
1572004905 5
1572004906 5
1572004907 5
1572004908 5
1572004909 5
1572004910 5
1572004911 5
1572004912 5
1572004913 5
1572004914 5
1572004915 2
1572004916 2
1572004917 2
1572005104 5
1572005105 5
1572005106 5
1572005107 5
1572005108 5
1572005109 4
1572005110 5
1572005111 5
1572005112 5
1572005113 4
1572005114 3
1572005115 1
1572011305 6
1572011306 5
1572011307 5
1572011308 5
1572011309 5
1572011310 5
1572011311 5
1572011312 5
1572011313 5
1572011314 5
1572011315 3
1572011316 2
1572011317 2
1572011502 5
1572011503 5
1572011504 5
1572011505 5
1572011506 5
1572011507 5
1572011508 5
1572011509 5
1572011510 5
1572011511 4
1572011512 3
1572011513 2
1572011514 1
1572011906 1
1572011907 1
1572012092 6
1572012093 6
1572012094 5
1572012095 5
1572012096 6
1572012097 6
1572012098 5
1572012099 5
1572012100 5
1572012101 4
1572012102 2
1572012103 1
1572012299 2
1572012300 2
1572012494 3
1572012495 2
1572012678 4
1572012679 5
1572012680 5
1572012681 5
1572012682 5
1572012683 4
1572012684 4
1572012685 4
1572012686 4
1572012687 4
1572012688 3
1572012689 1
1572012873 4
1572012874 5
1572012875 4
1572012876 5
1572012877 6
1572012878 5
1572012879 5
1572012880 5
1572012881 4
1572012882 4
1572012883 2
1572012884 2
1572013077 3
1572013078 1
1572013079 1
