1572003341 4
1572003342 6
1572003343 7
1572003344 7
1572003345 6
1572003537 2
1572003538 3
1572003539 7
1572003540 7
1572003541 6
1572003542 7
1572003733 2
1572003734 4
1572003735 6
1572003736 7
1572003737 9
1572003931 3
1572003932 6
1572003933 6
1572003934 6
1572003935 10
1572004127 2
1572004128 3
1572004129 6
1572004130 8
1572004131 8
1572004323 2
1572004324 5
1572004325 6
1572004326 6
1572004327 8
1572004517 3
1572004518 3
1572004519 6
1572004520 5
1572004521 4
1572004522 8
1572004716 3
1572004717 4
1572004718 7
1572004719 5
1572004720 5
1572004919 3
1572004920 3
1572004921 6
1572004922 7
1572004923 5
1572004924 10
1572005117 3
1572005118 6
1572005119 6
1572005120 8
1572005121 7
1572011318 2
1572011319 3
1572011320 6
1572011321 6
1572011322 7
1572011515 3
1572011516 6
1572011517 7
1572011518 8
1572011519 12
1572011712 2
1572011713 2
1572011714 2
1572011715 2
1572011716 4
1572011717 8
1572011718 6
1572011719 5
1572011909 3
1572011910 6
1572011911 7
1572011912 6
1572011913 7
1572012105 4
1572012106 6
1572012107 7
1572012108 5
1572012109 8
1572012302 2
1572012303 4
1572012304 7
1572012305 5
1572012306 6
1572012497 3
1572012498 3
1572012499 6
1572012500 5
1572012501 6
1572012502 6
1572012691 3
1572012692 6
1572012693 5
1572012694 6
1572012695 8
1572012886 2
1572012887 6
1572012888 6
1572012889 5
1572012890 6
1572013080 2
1572013081 3
1572013082 6
1572013083 7
1572013084 6
1572013085 9
