1573752544 2
1573752545 3
1573752546 6
1573752547 8
1573752548 9
1573752804 4
1573752805 4
1573752806 4
1573752807 6
1573752808 6
1573752961 2
1573752962 6
1573752963 6
1573752964 7
1573752965 5
1573753121 2
1573753122 3
1573753123 6
1573753124 8
1573753125 11
1573753278 3
1573753279 6
1573753280 7
1573753281 7
1573753433 2
1573753434 3
1573753435 5
1573753436 4
1573753437 8
1573753591 2
1573753592 6
1573753593 5
1573753594 9
1573753744 3
1573753745 6
1573753746 8
1573753747 10
1573753906 3
1573753907 3
1573753908 6
1573753909 7
1573753910 5
1573753911 9
1573754726 3
1573754727 3
1573754728 6
1573754729 9
1573754886 2
1573754887 6
1573754888 8
1573754889 6
1573755047 2
1573755048 3
1573755049 3
1573755050 4
1573755051 5
1573755052 5
1573755053 8
1573755213 3
1573755214 6
1573755215 6
1573755216 6
1573755376 3
1573755377 6
1573755378 7
1573755379 9
1573755533 2
1573755534 6
1573755535 8
1573755536 9
1573755688 3
1573755689 7
1573755690 7
1573755691 8
1573755846 2
1573755847 6
1573755848 5
1573755849 3
1573755850 7
1573756004 3
1573756005 6
1573756006 9
1573756007 7
1573756161 3
1573756162 3
1573756163 3
1573756164 3
1573756165 4
1573756166 6
1573756167 5
1573756168 5
1573756169 7
