1573300433 2
1573300434 2
1573300435 2
1573300436 2
1573300437 2
1573300438 2
1573300439 2
1573300440 2
1573300441 2
1573300442 2
1573300443 2
1573300444 2
1573300445 2
1573300446 2
1573300447 2
1573300448 2
1573300449 2
1573300450 2
1573300451 2
1573300452 2
1573300453 2
1573300454 2
1573300455 2
1573300456 2
1573300457 2
1573300458 2
1573300459 2
1573300460 2
1573300461 2
1573300462 2
1573300463 2
1573300464 2
1573300465 2
1573300466 2
1573300467 2
1573300468 2
1573300469 2
1573300470 2
1573300471 2
1573300472 2
1573300473 2
1573300474 2
1573300475 2
1573300476 2
1573300477 2
1573300478 2
1573300479 2
1573300480 2
1573300481 2
1573300482 2
1573300483 2
1573300484 2
1573300485 2
1573300486 2
1573300487 2
1573300488 2
1573300489 2
1573300490 2
1573300491 2
1573300492 2
1573300493 2
1573300494 2
1573300495 2
1573300496 2
1573300497 2
1573300498 2
1573300499 2
1573300500 2
1573300501 2
1573300502 2
1573300503 2
1573300504 2
1573300505 2
1573300506 2
1573300507 2
1573300508 2
1573300509 2
1573300510 2
1573300511 2
1573300512 2
1573300513 2
1573300514 2
1573300515 2
1573300516 2
1573300517 2
1573300518 2
1573300519 2
1573300520 2
1573300521 2
1573300522 2
1573300523 2
1573300524 2
1573300525 2
1573300526 2
1573300527 2
1573300528 2
1573300529 2
1573300530 2
1573300531 2
1573300532 2
1573300533 2
1573300534 2
1573300535 2
1573300536 2
1573300537 2
1573300538 2
1573300539 2
1573300540 2
1573300541 2
1573300542 2
1573300543 2
1573300544 2
1573300545 2
1573300546 2
1573300547 2
1573300548 2
1573300549 2
1573300550 2
1573300551 2
1573300552 2
1573300553 2
1573300554 2
1573300555 2
1573300556 2
1573300557 2
1573300558 2
1573300559 2
1573300560 2
1573300561 2
1573300562 2
1573300563 2
1573300564 2
1573300565 2
1573300566 2
1573300567 2
1573300568 2
1573300569 2
1573300570 2
1573300571 2
1573300572 2
1573300573 2
1573300574 2
1573300575 2
1573300576 2
1573300577 2
1573300578 2
1573300579 2
1573300580 2
1573300581 2
1573300582 2
1573300583 2
1573300584 2
1573300585 2
1573300586 2
1573300587 2
1573300588 2
1573300589 2
1573300590 2
1573300591 2
1573300592 2
1573300593 2
1573300594 2
1573300595 2
1573300596 2
1573300597 2
1573300598 2
1573300599 2
1573300600 2
1573300601 2
1573300602 2
1573300603 2
1573300604 2
1573300605 2
1573300606 2
1573300607 2
1573300608 2
1573300609 2
1573300610 2
1573300611 2
1573300612 2
1573300613 2
1573300614 2
1573300615 2
1573300616 2
1573300617 2
1573300618 2
1573300619 2
1573300620 2
1573300621 2
1573300622 2
1573300623 2
1573300624 2
1573300625 2
1573300626 2
1573300627 2
1573300628 2
1573300629 2
1573300630 2
1573300631 2
1573300632 2
1573300633 2
1573300634 2
1573300635 2
1573300636 2
1573300637 2
1573300638 2
1573300639 2
1573300640 2
1573300641 2
1573300642 2
1573300643 2
1573300644 2
1573300645 2
1573300646 2
1573300647 2
1573300648 2
1573300649 2
1573300650 2
1573300651 2
1573300652 2
1573300653 2
1573300654 2
1573300655 2
1573300656 2
1573300657 2
1573300658 2
1573300659 2
1573300660 2
1573300661 2
1573300662 2
1573300663 2
1573300664 2
1573300665 2
1573300666 2
1573300667 2
1573300668 2
1573300669 2
1573300670 2
1573300671 2
1573300672 2
1573300673 2
1573300674 2
1573300675 2
1573300676 2
1573300677 2
1573300678 2
1573300679 2
1573300680 2
1573300681 2
1573300682 2
1573300683 2
1573300684 2
1573300685 2
1573300686 2
1573300687 2
1573300688 2
1573300689 2
1573300690 2
1573300691 2
1573300692 2
1573300693 2
1573300694 2
1573300695 2
1573300696 2
1573300697 2
1573300698 2
1573300699 2
1573300700 2
1573300701 2
1573300702 2
1573300703 2
1573300704 2
1573300705 2
1573300706 2
1573300707 2
1573300708 2
1573300709 2
1573300710 2
1573300711 2
1573300712 2
1573300713 2
1573300714 2
1573300715 2
1573300716 2
1573300717 2
1573300718 2
1573300719 2
1573300720 2
1573300721 2
1573300722 2
1573300723 2
1573300724 2
1573300725 2
1573300726 2
1573300727 2
1573300728 2
1573300729 2
1573300730 2
1573300731 2
1573300732 2
1573300733 2
1573300734 2
1573300735 2
1573300736 2
1573300737 2
1573300738 2
1573300739 2
1573300740 2
1573300741 2
1573300742 2
1573300743 1
1573300744 1
1573300745 1
1573300746 1
1573300747 1
1573300748 1
1573300749 1
1573300750 1
1573300751 1
1573300752 1
1573300753 1
1573300754 1
1573300755 1
1573300756 1
1573300757 1
1573300758 1
1573300759 1
1573300760 1
1573300761 1
1573300762 1
1573300763 1
1573300764 1
1573300765 1
1573300766 1
1573300767 1
1573300768 1
1573300769 1
1573300770 1
1573300771 1
1573300772 1
1573300773 1
1573300774 1
1573300775 1
1573300776 1
1573300777 1
1573300778 1
1573300779 1
1573300780 1
1573300781 1
1573300782 1
1573300783 1
1573300784 1
1573300785 1
1573300786 1
1573300787 1
1573300788 1
1573300789 1
1573300790 1
1573300791 1
1573300792 1
1573300793 1
1573300794 1
1573300795 1
1573300796 1
1573300797 1
1573300798 1
1573300799 1
1573300800 1
1573300801 1
1573300802 1
1573300803 1
1573300804 1
1573300805 1
1573300806 1
1573300807 1
1573300808 1
1573300809 1
1573300810 1
1573300811 1
1573300812 1
1573300813 1
1573300814 1
1573300815 1
1573300816 1
1573300817 1
1573300818 1
1573300819 1
1573300820 1
1573300821 1
1573300822 1
1573300823 1
1573300824 1
1573300825 1
1573300826 1
1573300827 1
1573300828 1
1573300829 1
1573300830 1
1573300831 1
1573300832 1
1573300833 1
1573300834 1
1573300835 1
1573300836 1
1573300837 1
1573300838 1
1573300839 1
1573300840 1
1573300841 1
1573300842 1
1573300843 1
1573300844 1
1573300845 1
1573300846 1
1573300847 1
1573300848 1
1573300849 1
1573300850 1
1573300851 1
1573300852 1
1573300853 1
1573300854 1
1573300855 1
1573300856 1
1573300857 1
1573300858 1
1573300859 1
1573300860 2
1573300861 2
1573300862 2
1573300863 2
1573300864 2
1573300865 2
1573300866 2
1573300867 3
1573300868 2
1573300869 3
1573300870 4
1573300871 3
1573300872 3
1573300873 3
1573300874 3
1573300875 2
1573300876 2
1573300877 2
1573300878 2
1573300879 2
1573300880 2
1573300881 2
1573300882 2
1573300883 2
1573300884 2
1573300885 2
1573300886 2
1573300887 2
1573300888 2
1573300889 2
1573300890 2
1573300891 2
1573300892 3
1573300893 2
1573300894 2
1573300895 2
1573300896 2
1573300897 2
1573300898 2
1573300899 2
1573300900 2
1573300901 2
1573300902 2
1573300903 2
1573300904 2
1573300905 2
1573300906 2
1573300907 2
1573300908 2
1573300909 2
1573300910 2
1573300911 2
1573300912 2
1573300913 2
1573300914 2
1573300915 2
1573300916 2
1573300917 2
1573300918 2
1573300919 2
1573300920 2
1573300921 2
1573300922 2
1573300923 2
1573300924 2
1573300925 2
1573300926 2
1573300927 2
1573300928 2
1573300929 2
1573300930 2
1573300931 2
1573300932 2
1573300933 2
1573300934 2
1573300935 2
1573300936 2
1573300937 2
1573300938 2
1573300939 2
1573300940 2
1573300941 2
1573300942 2
1573300943 2
1573300944 2
1573300945 3
1573300946 3
1573300947 2
1573300948 2
1573300949 2
1573300950 2
1573300951 2
1573300952 2
1573300953 2
1573300954 2
1573300955 2
1573300956 2
1573300957 2
1573300958 2
1573300959 2
1573300960 2
1573300961 2
1573300962 2
1573300963 2
1573300964 2
1573300965 2
1573300966 2
1573300967 2
1573300968 2
1573300969 2
1573300970 2
1573300971 2
1573300972 2
1573300973 2
1573300974 2
1573300975 2
1573300976 2
1573300977 2
1573300978 2
1573300979 2
1573300980 2
1573300981 2
1573300982 2
1573300983 2
1573300984 2
1573300985 2
1573300986 2
1573300987 2
1573300988 2
1573300989 2
1573300990 2
1573300991 2
1573300992 2
1573300993 2
1573300994 2
1573300995 2
1573300996 2
1573300997 2
1573300998 2
1573300999 2
1573301000 2
1573301001 2
1573301002 2
1573301003 2
1573301004 2
1573301005 2
1573301006 2
1573301007 2
1573301008 2
1573301009 2
1573301010 2
1573301011 2
1573301012 2
1573301013 2
1573301014 2
1573301015 2
1573301016 2
1573301017 2
1573301018 2
1573301019 2
1573301020 2
1573301021 2
1573301022 2
1573301023 2
1573301024 2
1573301025 2
1573301026 2
1573301027 2
1573301028 2
1573301029 2
1573301030 2
1573301031 2
1573301032 2
1573301033 2
1573301034 2
1573301035 2
1573301036 2
1573301037 2
1573301038 2
1573301039 2
1573301040 2
1573301041 2
1573301042 2
1573301043 2
1573301044 2
1573301045 2
1573301046 2
1573301047 2
1573301048 2
1573301049 2
1573301050 2
1573301051 2
1573301052 2
1573301053 2
1573301054 2
1573301055 2
1573301056 2
1573301057 2
1573301058 2
1573301059 2
1573301060 2
1573301061 2
1573301062 2
1573301063 3
1573301064 3
1573301065 2
1573301066 1
1573301067 2
1573301068 3
1573301069 3
1573301070 2
1573301071 2
1573301072 2
1573301073 2
1573301074 3
1573301235 4
1573301236 4
1573301237 4
1573301238 4
1573301239 4
1573301240 4
1573301241 4
1573301242 3
1573301243 2
1573301405 4
1573301406 4
1573301407 4
1573301408 4
1573301409 4
1573301410 4
1573301411 4
1573301412 2
1573301413 2
1573301586 4
1573301587 3
1573301588 3
1573301589 3
1573301590 3
1573301591 3
1573301592 3
1573301593 3
1573301594 2
1573301770 3
1573301771 3
1573301772 3
1573301773 3
1573301774 3
1573301775 3
1573301776 3
1573301777 3
1573301778 2
1573301779 2
1573301942 3
1573301943 3
1573301944 3
1573301945 3
1573301946 3
1573301947 3
1573301948 3
1573301949 2
1573301950 2
1573302293 4
1573302294 4
1573302295 4
1573302296 4
1573302297 4
1573302298 4
1573302299 2
1573302300 2
1573302461 4
1573302462 4
1573302463 4
1573302464 4
1573302465 4
1573302466 4
1573302467 4
1573302468 3
1573302469 3
1573302626 4
1573302627 3
1573302628 3
1573302629 3
1573302630 3
1573302631 3
1573302632 3
1573302633 3
1573302634 3
1573302635 3
1573303372 2
1573303373 2
1573303374 2
1573303375 2
1573303376 2
1573303377 2
1573303378 2
1573303427 2
1573303428 2
1573303429 2
1573303430 2
1573303431 2
1573303432 2
1573303433 2
1573303434 2
1573303435 2
1573303436 2
1573303437 2
1573303438 2
1573303439 2
1573303440 2
1573303441 2
1573303442 2
1573303443 2
1573303444 2
1573303445 2
1573303446 2
1573303447 2
1573303448 2
1573303449 2
1573303450 2
1573303451 2
1573303452 2
1573303453 2
1573303454 2
1573303455 2
1573303456 2
1573303457 2
1573303458 2
1573303459 2
1573303460 2
1573303461 2
1573303462 2
1573303463 2
1573303464 2
1573303465 2
1573303466 2
1573303467 2
1573303468 2
1573303469 2
1573303470 2
1573303471 2
1573303472 2
1573303473 2
1573303474 2
1573303475 2
1573303476 2
1573303477 2
1573303478 2
1573303748 2
1573303749 2
1573303750 2
1573303751 2
1573303752 2
1573303753 2
1573303754 2
1573303755 2
1573303756 2
1573303757 2
1573303758 2
1573303759 2
1573303760 2
1573303761 2
1573303762 2
1573303763 2
1573303764 2
1573303765 2
1573303766 2
1573303767 2
1573303768 2
1573303769 2
1573303770 2
1573303771 2
1573303772 2
1573303773 2
1573303774 2
1573303775 2
1573303776 2
1573303777 2
1573303778 2
1573303779 2
1573303780 2
1573303781 2
1573303782 2
1573303783 2
1573303784 2
1573303785 2
1573303944 4
1573303945 4
1573303946 4
1573303947 4
1573303948 4
1573303949 4
1573303950 3
1573303951 2
1573303952 2
1573304107 4
1573304108 4
1573304109 4
1573304110 4
1573304111 4
1573304112 4
1573304113 4
1573304114 4
1573304115 4
1573304116 3
1573304117 2
1573304268 3
1573304269 3
1573304270 3
1573304271 3
1573304272 3
1573304273 3
1573304274 3
1573304275 3
1573304276 2
1573304434 4
1573304435 3
1573304436 3
1573304437 3
1573304438 3
1573304439 3
1573304440 3
1573304441 3
1573304442 2
1573304597 4
1573304598 4
1573304599 4
1573304600 4
1573304601 4
1573304602 4
1573304603 4
1573304604 3
1573304605 4
1573304761 4
1573304762 4
1573304763 4
1573304764 4
1573304765 4
1573304766 4
1573304767 2
1573304768 2
1573304919 3
1573304920 3
1573304921 3
1573304922 3
1573304923 3
1573304924 3
1573304925 3
1573304926 4
1573304927 3
1573305079 5
1573305080 5
1573305081 4
1573305082 4
1573305083 4
1573305084 4
1573305085 4
1573305086 4
1573305087 2
1573305088 3
1573305242 4
1573305243 4
1573305244 4
1573305245 4
1573305246 4
1573305247 4
1573305248 4
1573305249 3
1573305250 2
1573306382 2
1573306383 2
1573306384 2
1573306385 2
1573306386 2
1573306387 2
1573306388 3
1573306716 4
1573306717 4
1573306718 4
1573306719 4
1573306720 4
1573306721 5
1573306722 3
1573306723 3
1573306724 2
1573306725 3
1573307040 4
1573307041 3
1573307042 3
1573307043 3
1573307044 3
1573307045 3
1573307046 3
1573307047 2
1573307048 2
1573307375 4
1573307376 4
1573307377 3
1573307378 3
1573307379 3
1573307380 3
1573307381 3
1573307382 3
1573307383 3
1573307384 3
1573308014 4
1573308015 4
1573308016 3
1573308017 3
1573308018 3
1573308019 3
1573308020 3
1573308021 2
1573308022 2
1573308023 3
1573308328 4
1573308329 3
1573308330 3
1573308331 3
1573308332 3
1573308333 3
1573308334 3
1573308335 3
1573308336 3
1573308337 3
1573308659 4
1573308660 4
1573308661 3
1573308662 3
1573308663 3
1573308664 3
1573308665 3
1573308666 3
1573308667 2
1573308668 3
1573308980 3
1573308981 3
1573308982 3
1573308983 3
1573308984 3
1573308985 4
1573308986 2
1573308987 2
1573308988 2
1573309302 4
1573309303 3
1573309304 3
1573309305 3
1573309306 3
1573309307 3
1573309308 3
1573309309 3
1573309310 3
1573309311 3
1573310153 2
1573310154 2
1573310155 3
1573310156 3
1573310157 3
1573310158 3
1573310159 2
1573310776 4
1573310777 3
1573310778 3
1573310779 3
1573310780 3
1573310781 3
1573310782 3
1573310783 3
1573310784 3
1573311392 4
1573311393 5
1573311394 4
1573311395 3
1573311396 3
1573311397 3
1573311398 2
1573311399 2
1573311400 2
1573311401 3
1573312707 4
1573312708 4
1573312709 3
1573312710 3
1573312711 3
1573312712 3
1573312713 3
1573312714 3
1573312715 3
1573312716 3
1573312717 3
1573313329 3
1573313330 3
1573313331 3
1573313332 3
1573313333 3
1573313334 3
1573313335 3
1573313336 3
1573313337 3
1573313338 2
1573313951 4
1573313952 4
1573313953 4
1573313954 4
1573313955 4
1573313956 4
1573313957 4
1573313958 1
1573313959 1
1573314578 4
1573314579 3
1573314580 3
1573314581 3
1573314582 3
1573314583 3
1573314584 3
1573314585 3
1573314586 3
1573314587 3
1573314588 3
