1574950689 3
1574950690 3
1574950691 3
1574950692 3
1574950693 3
1574950694 3
1574950695 3
1574950998 4
1574950999 4
1574951000 4
1574951001 4
1574951002 4
1574951003 4
1574951004 4
1574951005 3
1574951006 3
1574951007 2
1574951373 4
1574951374 3
1574951375 3
1574951376 3
1574951377 3
1574951378 3
1574951379 3
1574951380 3
1574951381 3
1574952055 4
1574952056 3
1574952057 3
1574952058 3
1574952059 3
1574952060 3
1574952061 3
1574952062 3
1574952063 2
1574952370 4
1574952371 4
1574952372 4
1574952373 4
1574952374 4
1574952375 4
1574952376 3
1574952377 2
1574952378 2
1574952774 4
1574952775 4
1574952776 3
1574952777 3
1574952778 3
1574952779 3
1574952780 4
1574952781 3
1574952782 3
1574953464 4
1574953465 4
1574953466 4
1574953467 4
1574953468 3
1574953469 3
1574953470 3
1574953471 3
1574953472 3
1574953473 3
1574953790 4
1574953791 3
1574953792 3
1574953793 3
1574953794 3
1574953795 3
1574953796 3
1574953797 3
1574953798 3
1574954116 4
1574954117 4
1574954118 4
1574954119 4
1574954120 4
1574954121 4
1574954122 4
1574954123 4
1574954124 4
1574954125 4
1574954126 3
1574954127 2
1574954281 3
1574954282 3
1574954283 3
1574954284 3
1574954285 3
1574954286 3
1574954287 3
1574954288 4
1574954289 4
1574954290 3
1574954620 4
1574954621 4
1574954622 4
1574954623 4
1574954624 4
1574954625 4
1574954626 4
1574954627 4
1574954628 3
1574954629 3
1574954630 3
1574954805 4
1574954806 3
1574954807 3
1574954808 3
1574954809 3
1574954810 3
1574954811 3
1574954812 4
1574954813 4
1574954814 4
1574954964 4
1574954965 4
1574954966 4
1574954967 3
1574954968 3
1574954969 3
1574954970 3
1574954971 2
1574954972 2
1574955380 3
1574955381 3
1574955382 3
1574955383 3
1574955384 3
1574955385 3
1574955386 4
1574955387 4
1574955388 3
1574955389 3
1574955540 4
1574955541 4
1574955542 4
1574955543 4
1574955544 4
1574955545 4
1574955546 4
1574955547 3
1574955548 3
1574955549 3
1574955702 4
1574955703 4
1574955704 4
1574955705 4
1574955706 4
1574955707 4
1574955708 3
1574955709 3
1574955710 3
1574955864 4
1574955865 4
1574955866 4
1574955867 4
1574955868 4
1574955869 4
1574955870 4
1574955871 4
1574955872 4
1574955873 4
1574955874 4
1574955875 4
1574955876 4
1574955877 4
1574955878 4
1574955879 4
1574955880 4
1574955881 4
1574955882 4
1574955883 4
1574955884 4
1574955885 4
1574955886 4
1574955887 4
1574955888 4
1574955889 4
1574955890 4
1574955891 4
1574955892 4
1574955893 4
1574955894 4
1574955895 4
1574955896 4
1574955897 4
1574955898 4
1574955899 4
1574955900 4
1574955901 4
1574955902 3
1574956526 4
1574956527 4
1574956528 4
1574956529 4
1574956530 4
1574956531 4
1574956532 4
1574956533 4
1574956534 2
1574956535 2
1574957196 4
1574957197 4
1574957198 4
1574957199 4
1574957200 4
1574957201 4
1574957202 4
1574957203 3
1574957204 3
1574957205 3
1574957790 4
1574957791 4
1574957792 4
1574957793 4
1574957794 5
1574957795 5
1574957796 5
1574957797 4
1574957798 2
1574957799 2
1574958373 4
1574958374 3
1574958375 3
1574958376 3
1574958377 4
1574958378 3
1574958379 3
1574958380 3
1574958381 3
1574958382 3
1574958967 4
1574958968 3
1574958969 3
1574958970 3
1574958971 3
1574958972 3
1574958973 3
1574958974 4
1574958975 4
1574958976 3
1574959575 4
1574959576 4
1574959577 4
1574959578 4
1574959579 3
1574959580 3
1574959581 3
1574959582 3
1574959583 3
1574959584 3
1574959585 2
1574960154 4
1574960155 4
1574960156 4
1574960157 4
1574960158 5
1574960159 5
1574960160 5
1574960161 4
1574960162 4
1574960163 3
1574960164 2
1574960740 4
1574960741 4
1574960742 4
1574960743 4
1574960744 4
1574960745 4
1574960746 4
1574960747 3
1574960748 3
1574961407 4
1574961408 4
1574961409 3
1574961410 3
1574961411 3
1574961412 3
1574961413 3
1574961414 3
1574961415 3
1574961416 4
