1572361072 3
1572361073 3
1572361074 3
1572361075 3
1572361076 3
1572361077 3
1572361078 3
1572361079 3
1572361080 3
1572361081 3
1572361082 3
1572361083 3
1572361084 3
1572361085 3
1572361086 3
1572361087 3
1572361088 3
1572361089 3
1572361090 3
1572361091 3
1572361092 3
1572361093 2
1572361094 3
1572361095 3
1572361096 3
1572361097 3
1572361098 3
1572361099 3
1572361100 3
1572361101 3
1572361102 3
1572361103 3
1572361104 3
1572361105 3
1572361106 3
1572361107 3
1572361108 3
1572361109 3
1572361110 4
1572361111 4
1572361112 3
1572361113 3
1572361114 4
1572361115 4
1572361116 4
1572361117 4
1572361118 4
1572361119 4
1572361120 4
1572361121 4
1572361122 4
1572361123 4
1572361124 4
1572361125 4
1572361126 4
1572361127 4
1572361128 4
1572361129 4
1572361130 4
1572361131 4
1572361132 4
1572361133 4
1572361134 5
1572361135 5
1572361136 4
1572361137 4
1572361138 4
1572361139 4
1572361140 4
1572361141 4
1572361142 4
1572361143 4
1572361144 4
1572361145 4
1572361146 5
1572361147 4
1572361148 4
1572361149 4
1572361150 4
1572361151 4
1572361152 4
1572361153 4
1572361154 4
1572361155 4
1572361156 4
1572361157 4
1572361158 4
1572361159 4
1572361160 4
1572361161 4
1572361162 4
1572361163 4
1572361164 4
1572361165 4
1572361166 4
1572361167 4
1572361168 4
1572361169 4
1572361170 4
1572361171 4
1572361172 4
1572361173 4
1572361174 4
1572361175 4
1572361176 4
1572361177 4
1572361178 4
1572361179 4
1572361180 4
1572361181 4
1572361182 4
1572361183 4
1572361184 4
1572361185 4
1572361186 4
1572361187 5
1572361188 4
1572361189 3
1572361190 3
1572361191 3
1572361192 3
1572361193 3
1572361194 3
1572361195 2
1572361196 2
1572361197 2
1572361198 2
1572361199 2
1572361388 4
1572361389 4
1572361390 3
1572361391 3
1572361392 3
1572361393 3
1572361394 3
1572361395 3
1572361396 3
1572361397 2
1572361584 4
1572361585 4
1572361586 4
1572361587 4
1572361588 4
1572361589 5
1572361590 3
1572361591 3
1572361592 3
1572361780 4
1572361781 4
1572361782 4
1572361783 4
1572361784 4
1572361785 4
1572361786 2
1572361787 2
1572361788 2
1572361976 4
1572361977 4
1572361978 4
1572361979 4
1572361980 4
1572361981 4
1572361982 4
1572361983 3
1572361984 2
1572361985 2
1572362172 4
1572362173 3
1572362174 3
1572362175 3
1572362176 3
1572362177 3
1572362178 3
1572362179 3
1572362180 3
1572362367 4
1572362368 3
1572362369 3
1572362370 3
1572362371 3
1572362372 3
1572362373 3
1572362374 3
1572362375 3
1572362376 2
1572362563 3
1572362564 3
1572362565 3
1572362566 3
1572362567 3
1572362568 3
1572362569 3
1572362570 3
1572362571 2
1572362572 2
1572362763 4
1572362764 3
1572362765 3
1572362766 3
1572362767 3
1572362768 3
1572362769 3
1572362770 3
1572363082 2
1572363083 2
1572363084 2
1572363085 2
1572363086 2
1572363087 2
1572363088 2
1572363373 2
1572363374 2
1572363375 2
1572363376 2
1572363377 2
1572363378 2
1572363379 2
1572363380 2
1572363381 2
1572363382 2
1572363383 3
1572363384 3
1572363385 3
1572363386 2
1572363387 2
1572363388 2
1572363389 2
1572363390 2
1572363391 2
1572363392 2
1572363393 2
1572363394 2
1572363395 2
1572363396 2
1572363397 2
1572363398 2
1572363399 2
1572363400 2
1572363401 2
1572363402 2
1572363403 2
1572363404 2
1572363405 3
1572363406 3
1572363407 3
1572363408 3
1572363409 3
1572363410 3
1572363411 2
1572363412 2
1572363413 2
1572363414 2
1572363415 2
1572363736 4
1572363737 4
1572363738 4
1572363739 4
1572363740 4
1572363741 4
1572363742 4
1572363743 3
1572363744 2
1572363745 2
1572364065 4
1572364066 4
1572364067 3
1572364068 3
1572364069 4
1572364070 4
1572364071 4
1572364072 3
1572364073 3
1572364074 2
1572364075 3
1572364397 4
1572364398 4
1572364399 4
1572364400 4
1572364401 4
1572364402 4
1572364403 4
1572364404 4
1572364405 4
1572364729 4
1572364730 4
1572364731 4
1572364732 5
1572364733 5
1572364734 5
1572364735 4
1572364736 2
1572364737 2
1572364738 2
1572365071 4
1572365072 3
1572365073 3
1572365074 3
1572365075 3
1572365076 3
1572365077 3
1572365078 2
1572365079 2
1572365401 4
1572365402 4
1572365403 4
1572365404 5
1572365405 5
1572365406 5
1572365407 5
1572365408 5
1572365409 3
1572365410 3
1572365411 2
1572365412 2
1572365413 2
1572365414 2
1572365415 2
1572365416 2
1572365417 2
1572365418 2
1572365419 2
1572365420 2
1572365421 2
1572365422 2
1572365423 2
1572365424 2
1572365425 2
1572365426 2
1572365427 2
1572365428 2
1572365429 2
1572365430 2
1572365431 2
1572365432 2
1572365433 2
1572365434 2
1572365435 2
1572365436 2
1572365437 2
1572365438 2
1572365439 2
1572365440 2
1572365441 2
1572365442 2
1572365443 2
1572365444 2
1572365445 2
1572365446 2
1572365447 2
1572365448 2
1572365449 3
1572365450 3
1572365451 3
1572365452 3
1572365453 3
1572365454 3
1572365455 3
1572365456 3
1572365457 2
1572365781 4
1572365782 4
1572365783 4
1572365784 3
1572365785 3
1572365786 2
1572365787 3
1572365788 4
1572365789 5
1572365790 5
1572365791 5
1572365792 5
1572365793 3
1572365794 1
1572365795 1
1572365796 1
1572365797 1
1572365798 1
1572365799 1
1572365800 1
1572365801 1
1572365802 1
1572365803 1
1572365804 1
1572365805 1
1572365806 1
1572365807 1
1572365808 1
1572365809 1
1572365810 3
1572365811 2
1572365812 2
1572365813 2
1572365814 3
1572365815 4
1572365816 4
1572365817 4
1572365818 4
1572365819 4
1572366160 4
1572366161 4
1572366162 4
1572366163 4
1572366164 4
1572366165 4
1572366166 4
1572366167 4
1572366168 3
1572366169 3
1572366493 4
1572366494 3
1572366495 3
1572366496 3
1572366497 3
1572366498 3
1572366499 3
1572366500 3
1572366501 5
1572366502 2
1572366503 2
1572366504 2
1572367016 4
1572367017 4
1572367018 3
1572367019 3
1572367020 3
1572367021 3
1572367022 3
1572367023 3
1572367184 3
1572367185 3
1572367186 3
1572367187 3
1572367188 3
1572367189 3
1572367190 4
1572367191 5
1572367192 2
1572367353 4
1572367354 3
1572367355 3
1572367356 3
1572367357 3
1572367358 3
1572367359 3
1572367360 4
1572367361 2
1572367706 4
1572367707 4
1572367708 4
1572367709 4
1572367710 4
1572367711 4
1572367712 4
1572367713 4
1572367714 2
1572367715 2
1572367882 4
1572367883 4
1572367884 4
1572367885 4
1572367886 4
1572367887 4
1572367888 4
1572367889 3
1572367890 3
1572367891 3
1572368050 4
1572368051 3
1572368052 3
1572368053 3
1572368054 3
1572368055 3
1572368056 3
1572368057 3
1572368058 3
1572368220 5
1572368221 4
1572368222 5
1572368223 4
1572368383 4
1572368384 4
1572368385 4
1572368386 5
1572368387 5
1572368388 4
1572368389 3
1572368390 3
1572368391 2
