1575289690 3
1575289691 3
1575289692 3
1575289693 3
1575289694 3
1575289695 3
1575289696 3
1575289856 3
1575289857 4
1575289858 4
1575289859 4
1575289860 4
1575289861 4
1575289862 4
1575289863 4
1575289864 3
1575289865 3
1575289866 2
1575290379 4
1575290380 4
1575290381 4
1575290382 3
1575290383 3
1575290384 3
1575290385 3
1575290386 3
1575290387 2
1575290723 4
1575290724 4
1575290725 4
1575290726 4
1575290727 4
1575290728 4
1575290729 4
1575290730 3
1575290731 3
1575290732 2
1575290886 3
1575290887 3
1575290888 3
1575290889 3
1575290890 3
1575290891 3
1575290892 3
1575290893 3
1575290894 3
1575290895 3
1575291015 3
1575291016 5
1575291017 5
1575291018 7
1575291019 8
1575291020 7
1575291021 6
1575291022 7
1575291023 7
1575291024 8
1575291025 9
1575291026 9
1575291027 6
1575291028 6
1575291029 5
1575291030 5
1575291031 7
1575291032 4
1575291033 3
1575291034 4
1575291035 2
1575291036 2
1575291037 2
1575291038 4
1575291039 4
1575291040 5
1575291041 4
1575291042 4
1575291043 4
1575291044 4
1575291045 4
1575291046 3
1575291047 3
1575291048 3
1575291049 3
1575291050 4
1575291051 3
1575291052 3
1575291053 3
1575291207 4
1575291208 3
1575291209 3
1575291210 3
1575291211 3
1575291212 3
1575291213 3
1575291214 3
1575291215 2
1575291216 2
1575292887 3
1575292888 3
1575292889 3
1575292890 3
1575292891 3
1575292892 2
1575292893 2
1575293535 4
1575293536 3
1575293537 3
1575293538 3
1575293539 3
1575293540 3
1575293541 3
1575293542 3
1575293543 3
1575293544 3
1575293545 3
1575293546 3
1575293547 3
1575293875 4
1575293876 4
1575293877 4
1575293878 4
1575293879 4
1575293880 4
1575293881 4
1575293882 4
1575293883 2
1575293884 2
1575294213 4
1575294214 3
1575294215 3
1575294216 3
1575294217 5
1575294218 3
1575294219 3
1575294220 3
1575294221 3
1575294222 3
1575295673 4
1575295674 3
1575295675 3
1575295676 3
1575295677 3
1575295678 3
1575295679 3
1575295680 3
1575295681 4
1575295682 4
1575296884 4
1575296885 4
1575296886 3
1575296887 3
1575296888 3
1575296889 3
1575296890 3
1575296891 3
1575296892 3
1575296893 3
1575297224 4
1575297225 4
1575297226 4
1575297227 5
1575297228 4
1575297229 4
1575297230 4
1575297231 4
1575297232 4
1575297233 4
1575297234 4
1575297235 4
1575297236 4
1575297237 4
1575297238 4
1575297239 4
1575297240 4
1575297241 4
1575297242 4
1575297243 4
1575297244 4
1575297245 4
1575297246 4
1575297247 4
1575297248 4
1575297249 4
1575297250 4
1575297251 4
1575297252 4
1575297253 4
1575297254 4
1575297255 4
1575297256 4
1575297257 4
1575297258 4
1575297259 3
1575297260 4
1575297261 4
1575297262 4
1575297263 4
1575297264 4
1575297265 4
1575297266 4
1575297267 4
1575297268 4
1575297269 4
1575297270 4
1575297271 4
1575297272 4
1575297273 3
1575297274 3
1575297275 3
1575297276 3
1575297277 2
1575297278 3
1575297279 2
1575297280 2
1575297281 3
1575297282 3
1575297283 2
1575297284 2
1575297285 2
1575297286 2
1575297287 2
1575297288 2
1575297289 2
1575297290 2
1575297291 2
1575297292 2
1575297293 2
1575297294 2
1575297295 2
1575297296 2
1575297297 2
1575297298 2
1575297299 2
1575297300 2
1575297301 2
1575297302 2
1575297303 2
1575297304 2
1575297305 2
1575297306 2
1575297307 2
1575297308 2
1575297309 2
1575297310 2
1575297311 2
1575297312 2
1575297313 2
1575297314 2
1575297315 2
1575297316 2
1575297317 2
1575297318 2
1575297319 2
1575297320 2
1575297321 2
1575297322 2
1575297323 2
1575297324 2
1575297325 2
1575297326 2
1575297327 2
1575297328 2
1575297329 2
1575297330 2
1575297331 2
1575297332 2
1575297333 2
1575297334 2
1575297335 2
1575297336 2
1575297337 2
1575297338 2
1575297339 2
1575297340 2
1575297341 2
1575297342 2
1575297343 2
1575297344 2
1575297345 2
1575297346 2
1575297347 2
1575297348 2
1575297349 2
1575297350 2
1575297351 2
1575297352 2
1575297353 2
1575297354 2
1575297355 2
1575297356 2
1575297357 2
1575297358 2
1575297359 2
1575297360 2
1575297361 2
1575297362 2
1575297363 3
1575297364 2
1575297365 2
1575297366 2
1575297367 2
1575297368 2
1575297369 2
1575297370 2
1575297371 2
1575297372 2
1575297373 2
1575297374 2
1575297375 2
1575297376 2
1575297377 2
1575297378 2
1575297379 2
1575297380 2
1575297381 3
1575297382 2
1575297383 2
1575297384 2
1575297385 2
1575297386 2
1575297387 2
1575297388 2
1575297389 2
1575297390 3
1575297391 2
1575297392 2
1575297393 2
1575297394 2
1575297395 2
1575297396 3
1575297397 2
1575297398 2
1575297399 2
1575297400 2
1575297401 2
1575297402 2
1575297403 2
1575297404 2
1575297405 2
1575297406 2
1575297407 2
1575297408 2
1575297409 3
1575297410 2
1575297411 2
1575297412 2
1575297413 3
1575297414 2
1575297415 2
1575297416 2
1575297417 2
1575297418 2
1575297419 2
1575297420 2
1575297421 2
1575297422 2
1575297423 2
1575297424 3
1575297425 2
1575297426 2
1575297427 2
1575297428 2
1575297429 2
1575297430 2
1575297431 2
1575297432 2
1575297433 2
1575297434 2
1575297435 3
1575297436 2
1575297437 2
1575297438 2
1575297439 2
1575297440 2
1575297441 2
1575297442 3
1575297443 2
1575297444 2
1575297445 3
1575297446 2
1575297447 2
1575297448 2
1575297449 2
1575297450 2
1575297451 2
1575297452 2
1575297453 2
1575297454 2
1575297455 3
1575297456 2
1575297457 2
1575297458 2
1575297459 2
1575297460 2
1575297461 2
1575297462 2
1575297463 2
1575297464 3
1575297465 2
1575297466 2
1575297467 2
1575297468 2
1575297469 2
1575297470 2
1575297471 2
1575297472 1
1575297473 1
1575297474 1
1575297475 2
1575297476 2
1575297477 2
1575297478 2
1575298053 4
1575298054 4
1575298055 4
1575298056 4
1575298057 3
1575298058 3
1575298059 3
1575298060 2
1575298061 2
1575298062 2
1575298063 3
1575298624 4
1575298625 3
1575298626 3
1575298627 3
1575298628 3
1575298629 3
1575298630 3
1575298631 3
1575298632 3
1575299775 3
1575299776 3
1575299777 3
1575299778 3
1575299779 3
1575299780 3
1575299781 3
1575299782 3
1575299783 3
1575300383 4
1575300384 4
1575300385 4
1575300386 3
1575300387 3
1575300388 3
1575300389 3
1575300390 3
1575300391 3
1575300957 4
1575300958 4
1575300959 4
1575300960 4
1575300961 4
1575300962 4
1575300963 4
1575300964 3
1575300965 3
1575300966 2
1575301754 4
1575301755 4
1575301756 5
1575301757 3
1575301758 3
1575301759 3
1575301760 3
1575301761 3
1575301762 3
1575301763 3
1575301764 3
