1569841857 0 
1569841858 0 
1569841859 0 
1569841860 0 
1569841861 0 
1569841862 0 
1569841863 0 
1569841864 0 
1569841865 0 
1569841866 0 
1569841867 0 
1569841868 0 
1569841869 0 
1569841870 0 
1569841871 0 
1569841872 0 
1569841873 0 
1569841874 0 
1569841875 0 
1569842145 0 
1569842146 0 
1569842147 0 
1569842148 2 
1569842149 3 
1569842150 2 
1569842151 2 
1569842152 0 
1569842153 1 
1569842154 0 
1569842155 1 
1569842156 0 
1569842157 1 
1569842158 2 
1569842159 2 
1569842160 1 
1569842161 1 
1569842162 2 
1569842163 1 
1569842164 3 