1573741839 2
1573741840 2
1573741841 2
1573743588 2
1573743589 2
1573743590 2
1573743690 1
1573743691 2
1573743692 2
1573743789 2
1573743790 2
1573743791 2
1573743887 2
1573743888 2
1573743889 2
1573743986 2
1573743987 2
1573743988 2
1573744083 2
1573744084 2
1573744085 2
1573744180 2
1573744181 2
1573744182 2
1573744374 2
1573744375 2
1573744376 2
1573744466 2
1573744467 2
1573744468 2
1573744671 2
1573744672 2
1573744673 2
1573744785 2
1573744786 2
1573744787 2
1573744882 2
1573744883 2
1573744884 2
1573745019 2
1573745020 2
1573745021 2
1573745117 2
1573745118 2
1573745119 2
1573745300 2
1573745301 2
1573745302 2
1573745397 2
1573745398 2
1573745399 2
1573745400 2
1573745401 2
1573745402 2
1573745403 2
1573745404 2
1573745405 2
1573745500 2
1573745501 2
1573745502 2
1573745600 2
1573745601 2
1573745602 2
1573745698 2
1573745699 2
1573745700 2
1573745801 2
1573745802 2
1573745803 2
1573745900 2
1573745901 2
1573745902 2
1573745995 2
1573745996 2
1573745997 2
1573746096 2
1573746097 2
1573746098 2
1573746194 2
1573746195 2
1573746196 2
1573746296 2
1573746297 2
1573746298 2
1573746396 2
1573746397 2
1573746398 2
1573746399 2
1573746494 2
1573746495 2
1573746496 2
1573746589 2
1573746590 2
1573746591 2
1573748910 2
1573748911 2
1573748912 2
1573749006 2
1573749007 2
1573749008 2
1573749107 2
1573749108 2
1573749109 2
1573749219 2
1573749220 2
1573749221 2
1573749312 2
1573749313 2
1573749314 2
1573749445 2
1573749446 2
1573749447 2
1573749551 2
1573749552 2
1573749553 2
1573749650 2
1573749651 2
1573749652 2
1573749748 2
1573749749 2
1573749750 2
1573749751 2
1573749752 2
1573749846 2
1573749847 2
1573749848 2
1573752442 2
1573752443 2
1573752444 2
1573752700 2
1573752701 2
1573752702 2
1573752859 2
1573752860 2
1573752861 2
1573753017 2
1573753018 2
1573753019 2
1573753175 2
1573753176 2
1573753177 2
1573753329 2
1573753330 2
1573753331 2
1573753488 2
1573753489 2
1573753490 2
1573753642 2
1573753643 2
1573753644 2
1573753804 2
1573753805 2
1573753806 2
1573754624 2
1573754625 2
1573754626 2
1573754783 2
1573754784 2
1573754785 2
1573754943 2
1573754944 2
1573754945 2
1573754946 2
1573755112 2
1573755113 2
1573755114 2
1573755271 2
1573755272 2
1573755273 2
1573755430 2
1573755431 2
1573755432 2
1573756060 2
1573756061 2
1573756062 2
