1574686737 2
1574686738 2
1574686739 2
1574687264 2
1574687265 2
1574687266 2
1574688239 2
1574688240 2
1574688241 2
1574689229 2
1574689230 2
1574690483 2
1574690484 2
1574690485 2
1574691177 2
1574691178 2
1574691179 2
1574692249 2
1574692250 2
1574692251 2
1574692252 2
1574693479 2
1574693480 2
1574693481 2
1574697974 2
1574697975 2
1574697976 2
1574698543 2
1574698544 2
1574698545 2
1574706799 2
1574706800 2
1574706801 2
1574707042 2
1574707043 2
1574707044 2
1574707045 2
1574708010 2
1574708011 2
1574708012 2
1574708504 2
1574708505 2
1574708506 2
1574708507 2
1574709088 2
1574709089 2
1574709090 2
1574710431 2
1574710432 2
1574710433 2
