1574707130 0 
1569850043 0 
1569850247 1 
1569850804 2 
1569850805 2 
1569851061 1 
1569851266 0 
1569851267 0 
1569851616 0 
1569851816 0 
1569851817 0 
1569851818 0 
1569851819 0 
1569851820 0 
1569851821 0 
1569851822 0 
1569851823 0 
1569851824 0 
1569851825 0 
1569851826 0 
1569851827 0 
1569851828 0 
1569851829 0 
1569852282 0 
1569852283 0 
1569852519 0 
1569852520 0 
1569853447 0 
1569853448 0 
1570543166 0 
1570543167 0 
1570543529 0 
1570543738 0 
1570543739 0 
1570544644 0 
1570544645 0 
1570544646 0 
1570544647 0 
1570544648 0 
1570544649 0 
1570544650 0 
1570544651 0 
1570544652 0 
1570544653 0 
1570544654 0 
1570544655 0 
1570544656 0 
1570544915 0 
1570545115 0 
1570545116 0 
1570545332 0 
1570545333 0 
1571323039 0 
1571325157 0 
1571325158 0 
1571325353 0 
1571325354 0 
1571325559 0 
1571325560 0 
1571325759 0 
1571325760 0 
1571325955 0 
1571325956 0 
1571326164 2 
1571326165 1 
1571326847 0 
1571326848 0 
1571327063 0 
1571327064 0 
1571327272 0 
1571395949 0 
1571396146 0 
1571396147 0 
1571396342 0 
1571396542 0 
1571396741 0 
1571396967 0 
1571397171 0 
1571397172 0 
1571397373 0 
1571397374 0 
1571397569 0 
1571397570 0 
1571397755 0 
1571397756 0 
1571397757 0 
1571397758 0 
1571397759 0 
1571397760 0 
1571397761 0 
1571397762 0 
1571397763 0 
1571397764 0 
1571397765 0 
1571397766 0 
1571397767 0 
1571405015 0 
1571405016 0 
1571405213 0 
1571405214 0 
1571405411 0 
1571405412 0 
1571405628 0 
1571405629 0 
1571405630 0 
1571405631 0 
1571405632 0 
1571405633 0 
1571405634 0 
1571405635 0 
1571405636 0 
1571405637 0 
1571405638 0 
1571405639 0 
1571405640 0 
1571405843 0 
1571405844 0 
1571409061 0 
1571409062 0 
1571409263 0 
1571409264 0 
1571409433 0 
1571409434 0 
1571409435 0 
1571409436 0 
1571409437 0 
1571409438 0 
1571409439 0 
1571409440 0 
1571409441 0 
1571409442 0 
1571409443 0 
1571409444 0 
1571409445 0 
1571409446 0 
1571409447 0 
1571409448 0 
1571409449 0 
1571409450 0 
1571409451 0 
1571409452 0 
1571409453 0 
1571409454 0 
1571409455 0 
1571409456 0 
1571409457 0 
1571409458 0 
1571409459 0 
1571409460 0 
1571409461 0 
1571409462 0 
1571409463 0 
1571409464 0 
1571409465 0 
1571409681 0 
1571409682 0 
1571409830 1 
1571409831 1 
1571409832 0 
1571409833 0 
1571409834 0 
1571409835 1 
1571409836 1 
1571409837 2 
1571409838 2 
1571409839 2 
1571409840 1 
1571409841 1 
1571409842 2 
1571409843 1 
1571409844 1 
1571409845 1 
1571409846 2 
1571409847 0 
1571409848 0 
1571409849 0 
1571409850 0 
1571409851 1 
1571409852 0 
1571409853 0 
1571409854 0 
1571409855 0 
1571409856 0 
1571409857 0 
1571409858 0 
1571409859 0 
1571409860 0 
1571409861 0 
1571409862 0 
1571409863 0 
1571409864 0 
1571409865 0 
1571409866 0 
1571409867 0 
1571409868 0 
1571409869 0 
1571409870 0 
1571409871 0 
1571409872 0 
1571409873 0 
1571409874 0 
1571409875 0 
1571409876 0 
1571409877 0 
1571409878 0 
1571409879 0 
1571409880 0 
1571409881 0 
1571664423 0 
1571664424 0 
1571664425 0 
1571664426 0 
1571664427 0 
1571664428 0 
1571664429 0 
1571664430 0 
1571664431 0 
1571664432 0 
1571664433 0 
1571664434 0 
1571664435 0 
1571664436 0 
1571664437 0 
1571664438 0 
1571664439 0 
1571664440 0 
1571664441 0 
1571664442 0 
1571664994 0 
1571664995 0 
1571665192 0 
1571665403 0 
1571665404 0 
1571665597 0 
1571665598 0 
1571665793 0 
1571665794 0 
1571668210 0 
1571668211 0 
1571668409 0 
1571668613 0 
1571668807 0 
1571668808 0 
1571669008 0 
1571669009 0 
1571752081 0 
1571752276 0 
1571752277 0 
1571752476 0 
1571752681 0 
1571752876 0 
1571753071 0 
1571753072 0 
1571753257 0 
1571753258 0 
1571753259 0 
1571753260 0 
1571753261 0 
1571753262 0 
1571753263 0 
1571753264 0 
1571753265 0 
1571753266 0 
1571753267 0 
1571753268 0 
1571753269 0 
1571753466 0 
1571753663 0 
1571753860 0 
1571753861 0 
1571760218 0 
1571760219 0 
1571760416 0 
1571760617 0 
1571760618 0 
1571760813 0 
1571760814 0 
1571761015 0 
1571761016 0 
1571761212 0 
1571761213 0 
1571761214 0 
1571761215 0 
1571761216 0 
1571761217 0 
1571761218 0 
1571761219 0 
1571761220 0 
1571761221 0 
1571761222 0 
1571761223 0 
1571761224 0 
1571761422 0 
1571761423 0 
1571761617 1 
1571761618 1 
1571761814 0 
1571762009 0 
1571762010 0 
1571762011 0 
1571762012 0 
1571762013 0 
1571762014 0 
1571762015 0 
1571762016 0 
1571762017 0 
1571762018 0 
1571762019 0 
1571762020 0 
1571762021 0 
1571762022 0 
1572003312 0 
1572003313 0 
1572003314 0 
1572003315 0 
1572003316 0 
1572003317 0 
1572003318 0 
1572003319 0 
1572003320 0 
1572003321 0 
1572003322 0 
1572003323 0 
1572003324 0 
1572003520 0 
1572003521 0 
1572003716 0 
1572003913 0 
1572003914 0 
1572004098 0 
1572004099 0 
1572004100 0 
1572004101 0 
1572004102 0 
1572004103 0 
1572004104 0 
1572004105 0 
1572004106 0 
1572004107 0 
1572004108 0 
1572004109 0 
1572004110 0 
1572004111 0 
1572004306 0 
1572004489 0 
1572004490 0 
1572004491 0 
1572004492 0 
1572004493 0 
1572004494 0 
1572004495 0 
1572004496 0 
1572004497 0 
1572004498 0 
1572004499 0 
1572004500 0 
1572004501 0 
1572004699 0 
1572004700 0 
1572004901 0 
1572004902 0 
1572005100 0 
1572011301 0 
1572011302 0 
1572011498 0 
1572011499 0 
1572011694 0 
1572011892 0 
1572012088 0 
1572012285 0 
1572012286 0 
1572012480 0 
1572012674 0 
1572012675 0 
1572012869 1 
1572013063 0 
1572013064 0 
1572265122 0 
1572265123 0 
1572265319 0 
1572265320 0 
1572265518 0 
1572265519 0 
1572265716 0 
1572265717 0 
1572265922 0 
1572266123 0 
1572266124 0 
1572266321 0 
1572266510 0 
1572266511 0 
1572266512 0 
1572266513 0 
1572266514 0 
1572266515 0 
1572266516 0 
1572266517 0 
1572266518 0 
1572266519 0 
1572266520 0 
1572266521 0 
1572266522 0 
1572266720 0 
1572266923 0 
1572274178 0 
1572274351 0 
1572274520 0 
1572274692 0 
1572274860 0 
1572275020 0 
1572275021 0 
1572275022 0 
1572275023 0 
1572275024 0 
1572275025 0 
1572275026 0 
1572275027 0 
1572275028 0 
1572275029 0 
1572275030 0 
1572275202 0 
1572275379 0 
1572275547 0 
1572275720 0 
1572275721 0 
1572361338 0 
1572361339 0 
1572361728 0 
1572361923 0 
1572362122 0 
1572362123 0 
1572362315 0 
1572362316 0 
1572362512 0 
1572362711 0 
1572362712 0 
1572362906 0 
1572362907 0 
1572363102 0 
1572363103 0 
1572366969 0 
1572367137 0 
1572367309 0 
1572367310 0 
1572367475 0 
1572367658 0 
1572367835 0 
1572368004 0 
1572368173 0 
1572368340 0 
1572368505 0 
1572532453 0 
1572532454 0 
1572532642 0 
1572532643 0 
1572532644 0 
1572532645 0 
1572532646 0 
1572532647 0 
1572532648 0 
1572532649 0 
1572532650 0 
1572532651 0 
1572532652 0 
1572532653 0 
1572532654 0 
1572532655 0 
1572532859 0 
1572532860 0 
1572544557 0 
1572544725 0 
1572544726 0 
1572544896 0 
1572544897 0 
1572545069 0 
1572545242 0 
1572545243 0 
1572870071 0 
1572870072 0 
1572870289 0 
1572870471 0 
1572870692 0 
1572870861 0 
1572965451 0 
1572965618 0 
1572965785 0 
1572965786 0 
1572965954 0 
1572966126 0 
1572966292 0 
1572966293 0 
1572966454 0 
1572966455 0 
1572966456 0 
1572966457 0 
1572966458 1 
1572966459 1 
1572966460 1 
1572966461 1 
1572966462 0 
1572966463 0 
1572966464 0 
1572966647 0 
1572966827 0 
1572966991 0 
1573207098 1 
1573207099 1 
1573207266 1 
1573207267 1 
1573207436 1 
1573207601 1 
1573207771 1 
1573207938 0 
1573208105 1 
1573208270 1 
1573208604 1 
1573220339 0 
1573220340 0 
1573220507 0 
1573220674 0 
1573220675 0 
1573220844 0 
1573221011 0 
1573221012 0 
1573221178 0 
1573221342 0 
1573221512 0 
1573221679 0 
1573221848 0 
1573222037 0 
1573222208 0 
1573222374 0 
1573222375 0 
1573222540 0 
1573222710 0 
1573301188 0 
1573301357 0 
1573301539 0 
1573301707 0 
1573301893 0 
1573302073 0 
1573302240 0 
1573302241 0 
1573302414 0 
1573302415 0 
1573302583 0 
1573302584 0 
1573302766 0 
1573303900 1 
1573303901 0 
1573304064 0 
1573304225 0 
1573304226 0 
1573304391 0 
1573304392 0 
1573304550 0 
1573304551 0 
1573304717 0 
1573304876 0 
1573305036 0 
1573305197 0 
1573305357 0 
1573752529 0 
1573752530 0 
1573752756 1 
1573752757 1 
1573752758 1 
1573752759 1 
1573752760 2 
1573752761 2 
1573752762 2 
1573752763 2 
1573752764 1 
1573752765 1 
1573752766 0 
1573752767 0 
1573752768 0 
1573752769 0 
1573752770 0 
1573752771 0 
1573752772 0 
1573752773 0 
1573752774 0 
1573752775 0 
1573752776 0 
1573752777 0 
1573752778 0 
1573752779 0 
1573752780 0 
1573752781 0 
1573752782 0 
1573752783 0 
1573752784 0 
1573752785 0 
1573752786 0 
1573752787 0 
1573752788 0 
1573752946 0 
1573752947 0 
1573753105 0 
1573753106 0 
1573753254 0 
1573753255 0 
1573753256 0 
1573753257 0 
1573753258 0 
1573753259 0 
1573753260 0 
1573753261 0 
1573753262 0 
1573753263 0 
1573753418 0 
1573753729 0 
1573753891 0 
1573754871 0 
1573755032 0 
1573755033 0 
1573755198 0 
1573755199 0 
1573755361 0 
1573755518 0 
1573755519 0 
1573755664 0 
1573755665 0 
1573755666 0 
1573755667 0 
1573755668 0 
1573755669 0 
1573755670 0 
1573755671 0 
1573755672 0 
1573755673 0 
1573755831 0 
1573755832 0 
1573755989 0 
1573755990 0 
1573756148 0 
1573756149 0 
1573831416 1 
1573831417 0 
1573831418 0 
1573831419 0 
1573831420 1 
1573831421 2 
1573831422 2 
1573831423 2 
1573831424 3 
1573831425 2 
1573831426 2 
1573831427 2 
1573831428 2 
1573831429 2 
1573831430 2 
1573831431 2 
1573831432 1 
1573831433 0 
1573831434 0 
1573831435 0 
1573831436 0 
1573831437 0 
1573831438 0 
1573831439 0 
1573831440 0 
1573831441 0 
1573831442 0 
1573831443 0 
1573831444 0 
1573831445 0 
1573831446 0 
1573831447 0 
1573831448 0 
1573831449 0 
1573831450 0 
1573831451 0 
1573831452 0 
1573831453 0 
1573831454 0 
1573831613 0 
1573831771 0 
1573831772 0 
1573831943 0 
1573832095 0 
1573832225 2 
1573832226 1 
1573832227 1 
1573832228 1 
1573832229 1 
1573832230 1 
1573832231 1 
1573832232 1 
1573832233 0 
1573832234 0 
1573832235 0 
1573832236 0 
1573832237 0 
1573832238 0 
1573832239 0 
1573832240 0 
1573832241 0 
1573832242 0 
1573832243 0 
1573832244 0 
1573832245 0 
1573832246 0 
1573832247 0 
1573832248 0 
1573832249 0 
1573832250 0 
1573832251 0 
1573832252 0 
1573832253 0 
1573832254 0 
1573832255 0 
1573832256 0 
1573832257 0 
1573832414 0 
1573832415 0 
1573832577 0 
1573832578 1 
1573832733 0 
1573832889 0 
1573833084 0 
1573833240 0 
1573833404 0 
1573833561 0 
1573833562 1 
1573833710 0 
1573833711 0 
1573833712 0 
1573833713 0 
1573833714 0 
1573833715 0 
1573833716 0 
1573833717 0 
1573833718 0 
1573833719 0 
1573901251 0 
1573901407 0 
1573901554 0 
1573901555 0 
1573901556 0 
1573901557 0 
1573901558 0 
1573901559 0 
1573901560 0 
1573901561 0 
1573901562 0 
1573901563 0 
1573901715 0 
1573901716 0 
1573901717 0 
1573901718 0 
1573901719 0 
1573901720 0 
1573901721 0 
1573901722 0 
1573901723 0 
1573901724 0 
1573901878 0 
1573902033 0 
1573902191 0 
1573902348 0 
1573902504 0 
1573902505 0 
1574685823 0 
1574686015 0 
1574686016 0 
1574686184 0 
1574686346 0 
1574686503 0 
1574686504 0 
1574686669 0 
1574686670 0 
1574686824 0 
1574686825 0 
1574686826 0 
1574686827 0 
1574686828 0 
1574686829 0 
1574686830 0 
1574686831 0 
1574686832 0 
1574686833 0 
1574686834 0 
1574687020 0 
1574687194 0 
1574687195 0 
1574687358 0 
1574687359 0 
1574689688 0 
1574689904 0 
1574690073 0 
1574690242 0 
1574690243 0 
1574690412 0 
1574690413 0 
1574690573 0 
1574690744 0 
1574690902 0 
1574690903 0 
1574691087 0 
1574691266 0 
1574706888 0 
1574707130 0 
1574707131 0 
1574954233 0 
1574954397 0 
1574954398 0 
1574954574 0 
1574954575 0 
1574954922 0 
1574954923 0 
1574955079 0 
1574955080 0 
1574955337 0 
1574955338 0 
1574955497 0 
1574955655 0 
1574955656 0 
1574955816 0 
1574955817 0 
1575026565 0 
1575026725 0 
1575026726 0 
1575026887 0 
1575027047 0 
1575027048 0 
1575027211 0 
1575027372 0 
1575027373 0 
1575027538 0 
1575027539 0 
1575027695 0 
1575027859 0 
1575027860 0 
1575028024 0 
1575112880 0 
1575113045 0 
1575113203 0 
1575113365 0 
1575113366 0 
1575113523 0 
1575113524 0 
1575113682 0 
1575113839 0 
1575113997 0 
1575114160 0 
1575114161 0 
1575114321 0 
1575114322 0 
1575289810 1 
1575289811 0 
1575289977 0 
1575290144 0 
1575290145 0 
1575290332 0 
1575290501 0 
1575290677 0 
1575290842 0 
1575290843 0 
1575290999 0 
1575291162 0 
1575291323 0 
1575384211 0 
1575384212 0 
1575384371 0 
1575384532 0 
1575384691 0 
1575384692 0 
1575384854 0 
1575385013 0 
1575385014 0 
1575385173 0 
1575385332 0 
1575385496 0 
1575385656 0 
1575556593 0 
1575556753 0 
1575556754 0 
1575556926 0 
1575557111 0 
1575557281 0 
1575557464 0 
1575557465 0 
1575557640 0 
1575557641 0 
1575557813 0 
1575558272 0 
1575558273 0 
1575558458 0 
1575558459 0 
1579184091 0 
1579184092 0 
1579184806 0 
1579184967 0 
1579185131 0 
1579185132 0 
1579185304 0 
1579185305 0 
1579185483 0 
1579185484 0 
1579185664 0 
1579185665 0 
1579185844 0 
1579186033 0 
1579186203 0 
1579186204 0 
1579351827 0 
1579351828 0 
1579351987 0 
1579351988 0 
1579352148 0 
1579352309 0 
1579352472 0 
1579352473 0 
1579352636 0 
1579352793 0 
1579352794 0 
1579352955 0 
1579352956 0 
1579353118 0 
1579353991 0 
1579522909 0 
1579523112 0 
1579523113 0 
1579523304 0 
1579523468 0 
1579523642 0 
1579523643 0 
1579523823 0 
1579524005 0 
1579524006 0 
1579524193 0 
1579524361 0 
1579524528 0 
1579524529 0 
1579537514 0 
1580215557 0 
1580215558 0 
1580215721 0 
1580215880 0 
1580216040 0 
1580216041 0 
1580216203 0 
1580216204 0 
1580216362 0 
1580216363 0 
1580216526 0 
1580216685 0 
1580216686 0 
1580216867 0 
1580304775 0 
1580304776 0 
1580304932 0 
1580305094 0 
1580305255 0 
1580305438 0 
1580305439 0 
1580305601 0 
1580305763 0 
1580305919 0 
1580305920 0 
1580306075 0 
1580306236 0 
1581935276 0 
1581935433 0 
1581935595 0 
1581935761 0 
1581935928 0 
1581936099 0 
1581936270 0 
1581936433 0 
1581936434 0 
1581936592 0 
1581936768 0 
1582026950 0 
1582027093 0 
1582027094 0 
1582027095 0 
1582027096 0 
1582027097 0 
1582027098 0 
1582027099 0 
1582027100 0 
1582027101 0 
1582027102 0 
1582027103 0 
1582027104 0 
1582027105 0 
1582027106 0 
1582027107 0 
1582027108 0 
1582027109 0 
1582027110 0 
1582027111 0 
1582027112 0 
1582027278 0 
1582027279 0 
1582027445 0 
1582027446 0 
1582027825 1 
1582027826 1 
1582027827 1 
1582027828 1 
1582027829 1 
1582027830 1 
1582027831 1 
1582027832 1 
1582027833 0 
1582027834 0 
1582027835 0 
1582027836 0 
1582027837 0 
1582027838 0 
1582027839 0 
1582027840 0 
1582027841 0 
1582027842 0 
1582027843 0 
1582027844 0 
1582027845 0 
1582027846 0 
1582027847 0 
1582027848 0 
1582027849 0 
1582027850 0 
1582027851 0 
1582027852 0 
1582027853 0 
1582027854 0 
1582027855 0 
1582027856 0 
1582027857 0 
1582028023 0 
1582028189 0 
1582028358 0 
1582028359 0 
1582028528 0 
1582028697 0 
1582113166 0 
1582113332 0 
1582113496 0 
1582113497 0 
1582113663 0 
1582113664 0 
1582113831 0 
1582114007 0 
1582114158 0 
1582114159 0 
1582114160 0 
1582114161 0 
1582114162 0 
1582114163 0 
1582114164 0 
1582114165 0 
1582114166 0 
1582114167 0 
1582114168 0 
1582114331 0 
1582114496 0 
1582114662 0 
1582114822 0 
1582114823 0 
1582114992 0 
1582115143 0 
1582115144 0 
1582115145 0 
1582115146 0 
1582115147 0 
1582115148 0 
1582115149 0 
1582115150 0 
1582115151 0 
1582115152 0 
1582115320 0 
1582115473 0 
1582115474 0 
1582115475 0 
1582115476 0 
1582115477 0 
1582115478 0 
1582115479 0 
1582115480 0 
1582115481 0 
1582115482 0 
1582115483 0 
1582115646 0 
1582115647 0 
1582115809 0 
1582115973 0 
1582116154 0 
1582116367 0 
1582116545 0 
1582116710 0 
1582119030 0 
1582119191 0 
1582119363 0 
1582119539 0 
1582119715 0 
1582119875 0 
1582120050 0 
1582120205 0 
1582120206 0 
1582120207 0 
1582120208 0 
1582120209 0 
1582120210 1 
1582120211 0 
1582120212 0 
1582120213 0 
1582120214 0 
1582120215 0 
1582120216 0 
1582120217 0 
1582120218 0 
1582120219 0 
1582120220 0 
1582120221 0 
1582120222 0 
1582120223 0 
1582120224 0 
1582120945 0 
1582121111 0 
1582121112 0 
1582121356 0 
1582121517 0 
1582125261 0 
1582125700 0 
1582125701 0 
1582126070 0 
1582126238 0 
1582126239 0 
1582126400 0 
1582126568 0 
1582126731 0 
1582126732 0 
1582126885 0 
1582126886 0 
1582126887 0 
1582126888 0 
1582126889 0 
1582126890 0 
1582126891 0 
1582126892 0 
1582126893 0 
1582126894 0 
1582126895 0 
1582127056 0 
1582127221 0 
1582127389 0 
1582127390 0 
1582127719 0 
1582127882 0 
1582127883 0 
1582128043 0 
1582128189 0 
1582128190 0 
1582128191 0 
1582128192 0 
1582128193 0 
1582128194 0 
1582128195 0 
1582128196 0 
1582128197 0 
1582128198 0 
1582128199 0 
1582128200 0 
1582128201 0 
1582128202 0 
1582128203 0 
1582128204 0 
1582128205 0 
1582128206 0 
1582128207 0 
1582128208 0 
1582128209 0 
1582128387 0 
1582128388 0 
1582128550 0 
1582128704 0 
1582128705 0 
1582128706 0 
1582128707 0 
1582128708 0 
1582128709 0 
1582128710 0 
1582128711 0 
1582128712 0 
1582128713 0 
1582129045 0 
1582129213 0 
1582129372 0 
1582129533 0 
1582129696 0 
1582185121 0 
1582185301 0 
1582186033 0 
1582186193 0 
1582186920 0 
1582186921 0 
1582186922 0 
1582186923 0 
1582186924 0 
1582186925 0 
1582186926 0 
1582186927 0 
1582186928 0 
1582186929 0 
1582187889 0 
1582188050 0 
1582188207 0 
1582188208 0 
1582188367 0 
1582188368 0 
1582193819 0 
1582193982 0 
1582193983 0 
1582194147 0 
1582194302 0 
1582194303 0 
1582194464 0 
1582194628 0 
1582194629 0 
1582194793 0 
1582194794 0 
1582194795 0 
1582194958 0 
1582195118 0 
1582195282 0 
1582195776 0 
1582195934 0 
1582195935 0 
1582196092 0 
1582196093 0 
1582196252 0 
1582196411 0 
1582196412 0 
1582196570 0 
1582196571 0 
1582196728 0 
1582196888 0 
1582196889 0 
1582197050 0 
1582197051 0 
1582197217 0 
1582197218 0 
1582197373 0 
1582197539 0 
1582197540 0 
1582197710 0 
1582197711 0 
1582197868 0 
1582198027 0 
1582198183 0 
1582198344 0 
1582198345 0 
1582198503 0 
1582198782 0 
1582199134 0 
1582199135 0 
1582631439 0 
1582631600 0 
1582631756 0 
1582631912 0 
1582631913 0 
1582632070 0 
1582632071 0 
1582632227 0 
1582632386 0 
1582632387 0 
1582632549 0 
1582632711 0 
1582632870 0 
1582884570 0 
1582884747 0 
1582884916 0 
1582885080 0 
1582885243 0 
1582885244 0 
1582885407 0 
1582885565 0 
1582885727 0 
1582885728 0 
1582885893 0 
1582886050 0 