1569849931 2
1569849932 2
1569849933 2
1569849934 2
1569850135 2
1569850136 2
1569850137 2
1569850138 2
1569850946 2
1569850947 2
1569850948 2
1569851155 2
1569851156 2
1569851157 2
1569851495 2
1569851496 3
1569851497 3
1569851498 2
1569851499 2
1569851500 2
1569851501 3
1569851502 2
1569851503 2
1569851504 2
1569851505 2
1569851506 2
1569851711 2
1569851712 2
1569851713 2
1569851941 2
1569851942 2
1569851943 2
1569852170 2
1569852171 2
1569852172 2
1569852408 2
1569852409 2
1569852410 2
1569852625 2
1569852626 2
1569852627 2
1569853016 2
1569853017 2
1569853018 2
1569853327 2
1569853328 2
1569853329 2
1569853568 2
1569853569 2
1569853570 2
1569854208 2
1569854209 2
1569854210 2
1569855167 2
1569855168 2
1569855169 2
1569855614 2
1569855615 2
1569855616 2
