1571751974 2
1571751975 2
1571751976 2
1571752168 2
1571752169 2
1571752170 2
1571752171 2
1571752368 2
1571752369 2
1571752370 2
1571752371 2
1571752572 2
1571752573 2
1571752574 2
1571752575 2
1571752768 2
1571752769 2
1571752770 2
1571753358 2
1571753359 2
1571753360 2
1571753556 2
1571753557 2
1571753558 2
1571753752 2
1571753753 2
1571753754 2
1571754060 2
1571754061 2
1571754062 2
1571754063 2
1571755253 2
1571755254 2
1571755255 2
1571755817 2
1571755818 2
1571755819 2
1571756486 2
1571756487 2
1571756488 2
1571757346 2
1571757347 2
1571757348 2
1571757349 2
1571757736 2
1571757737 2
1571757738 2
1571758135 2
1571758136 2
1571758137 2
1571758138 2
1571758525 2
1571758526 2
1571758527 2
1571758528 2
1571760109 2
1571760110 2
1571760111 2
1571760112 2
1571760306 2
1571760307 2
1571760308 2
1571760507 2
1571760508 2
1571760509 2
1571760510 2
1571761116 2
1571761117 2
1571761118 2
1571761316 2
1571761317 2
1571761318 2
1571761510 2
1571761511 2
1571761512 2
1571761513 2
1571761706 2
1571761707 2
1571761708 2
1571761906 2
1571761907 2
1571761908 2
1571762140 2
1571762141 2
1571762142 2
1571762143 2
1571762530 2
1571762531 2
1571762532 2
1571762929 2
1571762930 2
1571762931 2
1571763317 2
1571763318 2
1571763319 2
1571764114 1
1571764115 1
1571764116 1
1571764117 1
1571764918 2
1571764919 2
1571764920 2
1571764921 2
1571765306 2
1571765307 2
1571765308 2
1571765309 2
1571767057 2
1571767058 2
1571767059 2
1571767060 2
