1575561327 3
1575561328 3
1575561329 3
1575561330 3
1575561331 3
1575561332 3
1575561333 3
1575561334 3
1575561335 3
1575561336 3
1575561337 3
1575561338 3
1575561339 2
1575561340 2
1575561341 2
1575561342 2
1575561343 2
1575561344 2
1575561345 2
1575561346 2
1575561347 2
1575561348 2
1575561349 2
1575561350 2
1575561351 2
1575561352 2
1575561353 2
1575561354 2
1575561355 2
1575561356 2
1575561357 2
1575561358 2
1575561359 2
1575561360 2
1575561361 2
1575561362 2
1575561363 2
1575561364 2
1575561365 2
1575561366 2
1575561367 2
1575561368 2
1575561369 2
1575561370 2
1575561371 3
1575561372 4
1575561373 3
1575561374 3
1575561375 3
1575561376 3
1575561377 3
1575561378 3
1575561379 3
1575561380 3
1575561381 2
1575561382 4
1575561383 3
1575561384 2
1575561385 4
1575561386 4
1575561387 4
1575561388 4
1575561389 4
1575561390 4
1575561391 4
1575561392 4
1575561393 4
1575561394 4
1575561395 4
1575561396 4
1575561397 4
1575561398 4
1575561399 4
1575561400 4
1575561401 4
1575561402 4
1575561403 4
1575561404 4
1575561405 4
1575561406 4
1575561407 4
1575561408 4
1575561409 4
1575561410 4
1575561411 4
1575561412 4
1575561413 3
1575561414 3
1575561415 3
1575561416 5
1575561417 4
1575561418 5
1575561419 4
1575561420 3
1575561421 2
1575561422 2
1575561423 2
1575561424 2
1575561425 2
1575561426 2
1575561427 2
1575561428 2
1575561429 2
1575561430 2
1575561431 2
1575561432 2
1575561433 2
1575561434 2
1575561435 2
1575561436 2
1575561437 2
1575561438 2
1575561439 2
1575561440 2
1575561441 2
1575561442 2
1575561443 2
1575561444 2
1575561445 2
1575561446 2
1575561447 2
1575561448 2
1575561449 2
1575561450 2
1575561451 2
1575561452 2
1575561453 3
1575561665 2
1575561666 2
1575561667 2
1575561668 3
1575561669 3
1575561670 3
1575561671 3
1575561672 3
1575561673 3
1575561674 4
1575561675 5
1575561676 6
1575561677 4
1575561678 4
1575561679 4
1575561680 4
1575561681 3
1575561682 3
1575561683 2
1575561684 2
1575561685 2
1575561686 2
1575561687 2
1575561688 2
1575561689 2
1575561690 2
1575561691 2
1575561692 2
1575561693 2
1575561694 2
1575561695 2
1575561696 2
1575561697 2
1575561698 2
1575561699 2
1575561700 2
1575561701 2
1575561702 2
1575561703 2
1575561704 2
1575561705 2
1575561706 2
1575561707 2
1575561708 2
1575561709 2
1575561710 2
1575561711 2
1575561712 2
1575561713 3
1575561714 4
1575561715 4
1575561716 4
1575561717 4
1575561718 4
1575561719 3
1575561720 3
1575561721 3
1575561722 3
1575561723 3
1575561724 3
1575561725 3
1575561726 4
1575561727 3
1575561728 3
1575561729 3
1575561730 3
1575561731 3
1575561732 3
1575561733 3
1575561734 3
1575561735 3
1575561736 3
1575561737 3
1575561738 3
1575561739 3
1575561740 3
1575561741 3
1575561742 3
1575561743 3
1575561744 3
1575561745 3
1575561746 3
1575561747 3
1575561748 3
1575561749 3
1575561750 3
1575561751 3
1575561752 3
1575561753 3
1575561754 3
1575561755 3
1575561756 3
1575561757 3
1575561758 3
1575561759 3
1575561760 3
1575561761 3
1575561762 3
1575561763 3
1575561764 3
1575561765 4
1575561766 3
1575561767 3
1575561768 3
1575561769 3
1575561770 3
1575561771 3
1575561772 4
1575561773 4
1575561774 4
1575561775 4
1575561776 3
1575561777 3
1575561778 3
1575561779 2
1575561780 2
1575561781 2
1575561782 2
1575561783 2
1575561784 2
1575561785 2
1575561786 2
1575561787 2
1575561788 2
1575561789 2
1575561790 2
1575561791 2
1575561792 2
1575561793 2
1575561794 2
1575561795 2
1575561796 2
1575561797 2
1575561798 2
1575561799 2
1575561800 2
1575561801 2
1575561802 2
1575561803 2
1575561804 2
1575561805 2
1575561806 2
1575561807 2
1575561808 2
1575561809 4
1575561810 3
