1572873649 3
1572873650 2
1572873651 2
1572873652 3
1572873653 3
1572875374 2
1572875375 2
1572875376 3
1572875377 3
1572876232 2
1572876233 4
1572876234 2
1572876235 2
1572876236 3
1572876237 3
1572876238 3
1572876239 2
1572876240 2
1572876241 3
1572876242 3
1572876243 3
1572878109 2
1572878110 2
1572878111 3
1572878112 3
1572880413 2
1572880414 2
1572880415 3
1572880416 3
1572880417 3
1572880418 4
1572880419 4
1572880420 4
1572880421 4
1572880422 5
1572880423 5
1572880424 5
1572880425 4
1572880426 4
1572880427 3
1572880428 2
1572880429 2
1572880430 2
1572880431 2
1572880432 2
1572880433 2
1572880434 2
1572880435 2
1572880436 2
1572880437 2
1572880438 2
1572880439 2
1572880440 2
1572880441 2
1572880442 2
1572880443 2
1572880444 2
1572880445 2
1572880446 2
1572880447 2
1572880448 2
1572880449 2
1572880450 2
1572880451 2
1572880452 2
1572880453 2
1572880454 2
1572880455 2
1572880456 2
1572880457 2
1572880458 2
1572880459 2
1572880460 3
1572880461 4
1572880462 4
1572880463 4
1572880464 4
1572880465 4
1572880466 4
1572880467 4
1572880468 4
1572880469 4
1572880470 4
1572880471 4
1572880472 4
1572880473 4
1572880474 3
1572880475 2
1572880476 4
1572880477 4
1572880478 5
1572880479 4
1572880480 4
1572880481 3
1572880482 2
1572880483 2
1572880484 2
1572880485 2
1572880486 2
1572880487 2
1572880488 2
1572880489 2
1572880490 2
1572880491 2
1572880492 2
1572880493 2
1572880494 2
1572880495 2
1572880496 2
1572880497 2
1572880498 2
1572880499 2
1572880500 2
1572880501 2
1572880502 2
1572880503 2
1572880504 2
1572880505 2
1572880506 2
1572880507 2
1572880508 2
1572880509 2
1572880510 2
1572880511 2
1572880512 2
1572880513 2
1572880514 2
1572880515 2
1572880516 2
1572880517 3
1572881098 2
1572881099 2
1572881100 2
1572881101 3
1572881102 3
1572881103 3
1572881104 3
1572881105 3
1572881106 3
1572881107 3
1572881108 3
1572881109 4
1572881110 2
1572881111 2
1572881112 2
1572881113 2
1572881114 2
1572881115 2
1572881116 2
1572881117 2
1572881118 2
1572881119 2
1572881120 2
1572881121 2
1572881122 2
1572881123 2
1572881124 2
1572881125 2
1572881126 2
1572881127 2
1572881128 2
1572881129 2
1572881130 2
1572881131 2
1572881132 2
1572881133 2
1572881134 2
1572881135 2
1572881136 2
1572881137 2
1572881138 2
1572881139 2
1572881140 2
1572881141 2
1572881142 2
1572881143 2
1572881144 2
1572881145 3
1572881146 3
1572881147 4
1572881148 4
1572881149 4
1572881150 4
1572881151 4
1572881152 4
1572881153 4
1572881154 4
1572881155 4
1572881156 4
1572881157 4
1572881158 3
1572881159 3
1572881160 3
1572881161 4
1572881162 4
1572881163 4
1572881164 4
1572881165 4
1572881166 2
1572881167 2
1572881168 2
1572881169 2
1572881170 2
1572881171 2
1572881172 2
1572881173 2
1572881174 2
1572881175 2
1572881176 2
1572881177 2
1572881178 2
1572881179 2
1572881180 2
1572881181 2
1572881182 2
1572881183 2
1572881184 2
1572881185 2
1572881186 2
1572881187 2
1572881188 2
1572881189 2
1572881190 2
1572881191 2
1572881192 2
1572881193 2
1572881194 2
1572881195 2
1572881196 2
1572881197 2
1572881198 2
1572881199 2
1572881200 2
1572881201 2
1572881430 2
1572881431 2
1572881432 2
1572881433 3
1572881434 4
1572881435 4
1572881436 5
1572881437 5
1572881438 5
1572881439 6
1572881440 5
1572881441 5
1572881442 5
1572881443 4
1572881444 4
1572881445 2
1572881446 2
1572881447 2
1572881448 2
1572881449 2
1572881450 2
1572881451 2
1572881452 2
1572881453 2
1572881454 2
1572881455 2
1572881456 2
1572881457 2
1572881458 2
1572881459 2
1572881460 2
1572881461 2
1572881462 2
1572881463 2
1572881464 2
1572881465 2
1572881466 2
1572881467 2
1572881468 2
1572881469 2
1572881470 2
1572881471 2
1572881472 2
1572881473 2
1572881474 2
1572881475 2
1572881476 2
1572881477 3
1572881478 4
1572881479 4
1572881480 4
1572881481 4
1572881482 4
1572881483 3
1572881484 3
1572881485 3
1572881486 3
1572881487 3
1572881488 3
1572881489 3
1572881490 4
1572881491 4
1572881492 3
1572881493 3
1572881494 3
1572881495 3
1572881496 4
1572881497 4
1572881498 4
1572881499 4
1572881500 3
1572881501 3
1572881502 2
1572881503 2
1572881504 2
1572881505 2
1572881506 2
1572881507 2
1572881508 2
1572881509 2
1572881510 2
1572881511 2
1572881512 2
1572881513 2
1572881514 2
1572881515 2
1572881516 2
1572881517 2
1572881518 2
1572881519 2
1572881520 2
1572881521 2
1572881522 2
1572881523 2
1572881524 2
1572881525 2
1572881526 2
1572881527 2
1572881528 2
1572881529 2
1572881530 2
1572881531 2
1572881532 2
1572881533 2
1572881534 2
1572881535 2
1572881536 3
1572882095 2
1572882096 2
1572882097 4
1572882098 4
1572882099 3
1572882100 3
1572882101 3
1572882102 2
1572882103 3
1572882104 4
1572882105 3
1572882106 4
1572882107 3
1572882108 2
1572882109 2
1572882110 2
1572882111 2
1572882112 2
1572882113 2
1572882114 2
1572882115 2
1572882116 2
1572882117 2
1572882118 2
1572882119 2
1572882120 2
1572882121 2
1572882122 2
1572882123 2
1572882124 2
1572882125 2
1572882126 2
1572882127 2
1572882128 2
1572882129 2
1572882130 2
1572882131 2
1572882132 2
1572882133 2
1572882134 2
1572882135 2
1572882136 2
1572882137 2
1572882138 2
1572882139 2
1572882140 2
1572882141 2
1572882142 3
1572882143 4
1572882144 4
1572882145 4
1572882146 4
1572882147 4
1572882148 4
1572882149 4
1572882150 3
1572882151 3
1572882152 3
1572882153 3
1572882154 3
1572882155 3
1572882156 3
1572882157 2
1572882158 3
1572882159 4
1572882160 5
1572882161 4
1572882162 4
1572882163 3
1572882164 3
1572882165 3
1572882166 2
1572882167 2
1572882168 2
1572882169 2
1572882170 2
1572882171 2
1572882172 2
1572882173 2
1572882174 2
1572882175 2
1572882176 2
1572882177 2
1572882178 2
1572882179 2
1572882180 2
1572882181 2
1572882182 2
1572882183 2
1572882184 2
1572882185 2
1572882186 2
1572882187 2
1572882188 2
1572882189 2
1572882190 2
1572882191 2
1572882192 2
1572882193 2
1572882194 2
1572882195 2
1572882196 2
1572882197 2
1572882198 2
1572882199 2
1572882200 3
1572882480 3
1572882481 2
1572882482 3
1572882483 3
1572882484 3
1572882485 3
1572882486 4
1572882487 5
1572882488 6
1572882489 4
1572882490 5
1572882491 4
1572882492 3
1572882493 3
1572882494 2
1572882495 2
1572882496 2
1572882497 2
1572882498 2
1572882499 2
1572882500 2
1572882501 2
1572882502 2
1572882503 2
1572882504 2
1572882505 2
1572882506 2
1572882507 2
1572882508 2
1572882509 2
1572882510 2
1572882511 2
1572882512 3
1572882513 2
1572882514 2
1572882515 2
1572882516 2
1572882517 2
1572882518 2
1572882519 2
1572882520 2
1572882521 2
1572882522 2
1572882523 2
1572882524 2
1572882525 2
1572882526 2
1572882527 2
1572882528 2
1572882529 2
1572882530 2
1572882531 2
1572882532 2
1572882533 3
1572882534 4
1572882535 4
1572882536 4
1572882537 4
1572882538 4
1572882539 4
1572882540 4
1572882541 4
1572882542 4
1572882543 4
1572882544 4
1572882545 3
1572882546 3
1572882547 2
1572882548 3
1572882549 5
1572882550 4
1572882551 4
1572882552 4
1572882553 4
1572882554 3
1572882555 2
1572882556 2
1572882557 2
1572882558 2
1572882559 2
1572882560 2
1572882561 2
1572882562 2
1572882563 2
1572882564 2
1572882565 2
1572882566 2
1572882567 2
1572882568 2
1572882569 2
1572882570 2
1572882571 2
1572882572 2
1572882573 2
1572882574 2
1572882575 2
1572882576 2
1572882577 2
1572882578 2
1572882579 2
1572882580 2
1572882581 2
1572882582 2
1572882583 2
1572882584 2
1572882585 2
1572882586 2
1572882587 2
1572882588 2
1572882589 3
1572882815 2
1572882816 2
1572882817 2
1572882818 3
1572882819 3
1572882820 3
1572882821 3
1572882822 2
1572882823 3
1572882824 3
1572882825 3
1572882826 3
1572882827 3
1572882828 3
1572882829 2
1572882830 2
1572882831 2
1572882832 2
1572882833 2
1572882834 2
1572882835 2
1572882836 2
1572882837 2
1572882838 2
1572882839 2
1572882840 2
1572882841 2
1572882842 2
1572882843 2
1572882844 2
1572882845 2
1572882846 2
1572882847 2
1572882848 2
1572882849 2
1572882850 2
1572882851 2
1572882852 2
1572882853 2
1572882854 2
1572882855 2
1572882856 2
1572882857 2
1572882858 2
1572882859 2
1572882860 2
1572882861 2
1572882862 2
1572882863 2
1572882864 3
1572882865 4
1572882866 4
1572882867 4
1572882868 4
1572882869 4
1572882870 3
1572882871 3
1572882872 3
1572882873 3
1572882874 3
1572882875 3
1572882876 3
1572882877 3
1572882878 3
1572882879 3
1572882880 3
1572882881 4
1572882882 4
1572882883 4
1572882884 4
1572882885 4
1572882886 4
1572882887 4
1572882888 4
1572882889 4
1572882890 4
1572882891 4
1572882892 4
1572882893 4
1572882894 4
1572882895 4
1572882896 4
1572882897 4
1572882898 4
1572882899 4
1572882900 4
1572882901 4
1572882902 3
1572882903 3
1572882904 2
1572882905 2
1572882906 2
1572882907 2
1572882908 2
1572882909 2
1572882910 2
1572882911 2
1572882912 2
1572882913 2
1572882914 2
1572882915 2
1572882916 2
1572882917 2
1572882918 2
1572882919 2
1572882920 2
1572882921 2
1572882922 2
1572882923 2
1572882924 2
1572882925 2
1572882926 2
1572882927 2
1572882928 2
1572882929 2
1572882930 2
1572882931 2
1572882932 2
1572882933 2
1572882934 2
1572882935 2
1572882936 2
1572882937 2
1572882938 2
1572882939 3
