1579525647 2
1579525648 2
1579525649 2
1579525650 3
1579525651 4
1579525652 3
1579525653 3
1579525654 5
1579525655 5
1579525656 5
1579525657 5
1579525658 6
1579525659 5
1579525660 4
1579525661 3
1579525662 3
1579525663 2
1579525664 2
1579525665 2
1579525666 2
1579525667 2
1579525668 2
1579525669 2
1579525670 2
1579525671 2
1579525672 2
1579525673 2
1579525674 2
1579525675 2
1579525676 2
1579525677 2
1579525678 2
1579525679 2
1579525680 2
1579525681 2
1579525682 2
1579525683 2
1579525684 2
1579525685 2
1579525686 2
1579525687 2
1579525688 2
1579525689 2
1579525690 2
1579525691 3
1579525692 4
1579525693 4
1579525694 4
1579525695 4
1579525696 4
1579525697 3
1579525698 3
1579525699 3
1579525700 3
1579525701 3
1579525702 3
1579525703 3
1579525704 3
1579525705 3
1579525706 3
1579525707 4
1579525708 4
1579525709 4
1579525710 5
1579525711 4
1579525712 4
1579525713 2
1579525714 2
1579525715 2
1579525716 2
1579525717 2
1579525718 2
1579525719 2
1579525720 2
1579525721 2
1579525722 2
1579525723 2
1579525724 2
1579525725 2
1579525726 2
1579525727 2
1579525728 2
1579525729 2
1579525730 2
1579525731 2
1579525732 2
1579525733 2
1579525734 2
1579525735 2
1579525736 2
1579525737 2
1579525738 2
1579525739 2
1579525740 2
1579525741 2
1579525742 2
1579525743 2
1579525744 2
1579525745 2
1579525746 2
1579525747 2
1579525748 2
1579525749 2
1579525750 2
1579525751 2
1579525752 2
1579525753 2
1579525754 2
1579525755 2
1579525756 2
1579525757 2
1579525758 2
1579525759 3
1579528603 3
1579528604 2
1579528605 2
1579528606 3
1579528607 3
1579528608 3
1579528609 3
1579528610 3
1579528611 4
1579528612 4
1579528613 4
1579528614 5
1579528615 4
1579528616 3
1579528617 3
1579528618 2
1579528619 2
1579528620 2
1579528621 2
1579528622 2
1579528623 2
1579528624 2
1579528625 2
1579528626 2
1579528627 2
1579528628 2
1579528629 2
1579528630 2
1579528631 2
1579528632 2
1579528633 2
1579528634 2
1579528635 2
1579528636 2
1579528637 2
1579528638 2
1579528639 2
1579528640 2
1579528641 2
1579528642 2
1579528643 2
1579528644 2
1579528645 2
1579528646 2
1579528647 3
1579528648 4
1579528649 4
1579528650 4
1579528651 4
1579528652 4
1579528653 3
1579528654 3
1579528655 3
1579528656 3
1579528657 3
1579528658 3
1579528659 3
1579528660 3
1579528661 3
1579528662 3
1579528663 3
1579528664 4
1579528665 4
1579528666 4
1579528667 4
1579528668 3
1579528669 3
1579528670 2
1579528671 2
1579528672 2
1579528673 2
1579528674 2
1579528675 2
1579528676 2
1579528677 2
1579528678 2
1579528679 2
1579528680 2
1579528681 2
1579528682 2
1579528683 2
1579528684 2
1579528685 2
1579528686 2
1579528687 2
1579528688 2
1579528689 2
1579528690 2
1579528691 2
1579528692 2
1579528693 2
1579528694 2
1579528695 1
1579528696 2
1579528697 2
1579528698 2
1579528699 2
1579528700 2
1579528701 2
1579528702 2
1579528703 2
1579528704 2
1579528705 2
1579528706 2
1579528707 2
1579528708 2
1579528709 2
1579528710 2
1579528711 2
1579528712 2
1579528713 2
1579528714 2
1579528715 2
1579528716 2
1579528717 2
1579528718 2
1579528719 2
1579528720 2
1579528721 2
1579528722 2
1579528723 2
1579528724 2
1579528725 2
1579528726 2
1579528727 2
1579528728 2
1579528729 2
1579528730 2
1579528731 2
1579528732 2
1579528733 2
1579528734 2
1579528735 2
1579528736 2
1579528737 2
1579528738 3
1579528739 3
1579528740 4
