1569850022 2
1569850023 2
1569850024 2
1569850025 2
1569850026 2
1569850027 2
1569850028 2
1569850226 2
1569850227 2
1569850228 2
1569850229 2
1569850230 2
1569850231 2
1569850232 2
1569850756 2
1569850757 2
1569850758 2
1569850759 2
1569850760 2
1569850761 2
1569850762 2
1569850763 2
1569851039 2
1569851040 2
1569851041 2
1569851042 2
1569851043 2
1569851044 2
1569851045 2
1569851046 2
1569851245 2
1569851246 2
1569851247 2
1569851248 2
1569851249 2
1569851250 2
1569851251 2
1569851252 2
1569851595 2
1569851596 2
1569851597 2
1569851598 2
1569851599 2
1569851600 2
1569851601 2
1569851807 2
1569851808 2
1569851809 2
1569851810 2
1569851811 2
1569851812 2
1569851813 2
1569852036 2
1569852037 2
1569852038 2
1569852039 2
1569852040 2
1569852041 2
1569852042 2
1569852043 2
1569852261 2
1569852262 2
1569852263 2
1569852264 2
1569852265 2
1569852266 2
1569852267 2
1569852498 2
1569852499 2
1569852500 2
1569852501 2
1569852502 2
1569852503 2
1569852504 2
1569853108 2
1569853109 2
1569853110 2
1569853111 2
1569853112 2
1569853113 2
1569853114 2
1569853424 2
1569853425 2
1569853426 2
1569853427 2
1569853428 2
1569853429 2
1569853430 2
