1574711112 0 
1574711113 0 
1574711114 0 
1574711115 0 
1574711116 0 
1574711117 0 
1574711118 0 
1574711119 0 
1574711120 0 
1574711121 0 
1574711122 0 
1574711123 0 
1574711125 0 
1574711126 0 
1574711127 0 
1574711128 0 
1574711129 0 
1574711130 0 
1574711131 0 
1574711132 0 
1574711133 0 
1574711134 0 
1574711135 0 
1574711136 0 
1574711137 0 
1574711138 0 
1574711139 0 
1574711140 0 
1574711141 0 
1574711142 0 
1574711143 0 
1574711144 0 
1574711145 0 
1569853910 1 
1569853911 1 
1569853912 2 
1569853913 0 
1569853914 0 
1569853915 0 
1569853916 0 
1569855451 0 
1569855452 0 
1569855453 1 
1569855454 2 
1569855455 3 
1569855456 2 
1569855457 1 
1569855458 1 
1569855459 3 
1569855460 3 
1569855461 5 
1569855462 4 
1569855463 5 
1569855464 4 
1569855465 3 
1569855466 2 
1569855467 3 
1569855468 2 
1569855469 1 
1569855470 0 
1569855471 0 
1569855472 0 
1569855473 0 
1569855474 0 
1569855475 0 
1569855476 0 
1569855477 1 
1569855478 1 
1569855479 1 
1569855480 1 
1569855481 0 
1569855482 1 
1569855483 0 
1569855484 2 
1569855485 1 
1569855486 2 
1569855487 1 
1569855488 0 
1569855489 0 
1569855490 0 
1569855491 0 
1569856514 1 
1569856515 1 
1569856516 0 
1569856517 0 
1569856518 1 
1569856519 1 
1571328437 1 
1571328438 2 
1571328439 2 
1571328440 1 
1571328441 1 
1571328442 1 
1571328443 0 
1571328444 0 
1571330582 0 
1571330583 2 
1571330584 2 
1571330585 1 
1571330586 1 
1571330587 2 
1571330588 1 
1571330589 0 
1571330590 0 