1569850019 2
1569850020 2
1569850021 2
1569850022 2
1569850023 2
1569850024 2
1569850223 2
1569850224 2
1569850225 2
1569850226 2
1569850227 2
1569850228 2
1569850753 2
1569850754 2
1569850755 2
1569850756 2
1569850757 2
1569850758 2
1569851036 2
1569851037 2
1569851038 2
1569851039 2
1569851040 2
1569851041 2
1569851242 2
1569851243 2
1569851244 2
1569851245 2
1569851246 2
1569851247 2
1569851592 2
1569851593 2
1569851594 2
1569851595 2
1569851596 2
1569851597 2
1569851804 2
1569851805 2
1569851806 2
1569851807 2
1569851808 2
1569851809 2
1569852495 2
1569852496 2
1569852497 2
1569852498 2
1569852499 2
1569852500 2
1569853419 2
1569853420 2
1569853421 2
1569853422 2
1569853423 2
1569853424 2
1569853425 2
1569853426 2
