1571664423 2
1571664424 2
1571664425 2
1571664426 2
1571664427 2
1571664428 2
1571664971 2
1571664972 2
1571664973 2
1571664974 2
1571664975 2
1571664976 2
1571665168 2
1571665169 2
1571665170 2
1571665171 2
1571665172 2
1571665173 2
1571665379 2
1571665380 2
1571665381 2
1571665382 2
1571665383 2
1571665384 2
1571665573 2
1571665574 2
1571665575 2
1571665576 2
1571665577 2
1571665578 2
1571665769 2
1571665770 2
1571665771 2
1571665772 2
1571665773 2
1571665774 2
1571668186 2
1571668187 2
1571668188 2
1571668189 2
1571668190 2
1571668191 2
1571668385 2
1571668386 2
1571668387 2
1571668388 2
1571668389 2
1571668390 2
1571668589 2
1571668590 2
1571668591 2
1571668592 2
1571668593 2
1571668594 2
1571668783 2
1571668784 2
1571668785 2
1571668786 2
1571668787 2
1571668788 2
1571668985 2
1571668986 2
1571668987 2
1571668988 2
1571668989 2
1571668990 2
