1574708927 0 
1574708928 0 
1574708929 0 
1574708930 0 
1574708931 0 
1574708932 0 
1574708933 0 
1574708934 0 
1574708935 0 
1574708936 0 
1574708937 0 
1574708938 0 
1569854903 3 
1569854904 2 
1569854905 2 
1569854906 2 
1569854907 2 
1569854908 0 
1569854909 0 
1569854910 0 
1569854911 0 
1569854912 0 
1569854913 0 
1569854914 0 
1569854915 0 
1569854916 0 
1569854917 2 
1569854918 1 
1569854919 1 
1569854920 2 
1569854921 2 
1569854922 2 
1569854923 1 
1569854924 2 
1569854925 3 
1569854926 3 
1569854927 3 
1569854928 3 
1569854929 5 
1569854930 5 
1569854931 4 
1569854932 2 
1569854933 3 
1569854934 1 
1569854935 2 
1569854936 1 
1569854937 2 
1569854938 5 
1569854939 4 
1569854940 3 
1569854941 4 
1569854942 1 
1569854943 1 
1569854944 0 
1569854945 0 
1570447223 6 
1570447224 4 
1570447225 6 
1570447226 3 
1570447227 3 
1570447228 4 
1570447229 4 
1570447230 3 
1570447231 4 
1570447232 3 
1570447233 1 
1570447234 1 
1570447235 2 
1570447236 3 
1570447237 3 
1570447238 2 
1570447239 5 
1570447240 4 
1570447241 4 
1570447242 4 
1570447243 4 
1570447244 4 
1570447245 4 
1570447246 4 
1570447247 3 
1570447248 2 
1570447249 3 
1570447250 2 
1570447251 2 
1570447252 2 
1570447253 2 
1570447254 2 
1570447255 2 
1570447256 2 
1570447257 2 
1570447258 2 
1570447259 2 
1570447260 2 
1570447261 3 
1570447262 2 
1570447263 2 
1570447264 2 
1570447265 2 
1570447266 1 
1570447267 0 
1570447268 0 
1570447269 0 
1570447270 0 
1570447271 0 
1570447272 0 
1570447273 0 
1570447274 0 
1570447275 0 
1570447276 0 
1570447277 1 
1570447278 1 
1570447279 0 
1570447280 0 
1570447281 0 
1570447282 0 
1570447283 0 
1570447284 1 
1570447285 0 
1570447286 1 
1570447287 1 
1570447288 0 
1570447289 1 
1570447290 1 
1570447291 1 
1570447292 3 
1570447293 2 
1570447294 0 
1570447295 0 
1570447296 1 
1570447297 1 
1570447298 1 
1570447299 1 
1570447300 2 
1570447301 2 
1570447302 4 
1570447303 5 
1570447304 5 
1570447305 5 
1570447306 4 
1570447307 5 
1570447308 4 
1570447309 3 
1570447310 3 
1570447311 3 
1570447312 3 
1570447313 2 
1570447314 2 
1570447315 2 
1570447316 0 
1570447317 0 
1570447318 2 
1570447319 3 
1570447320 2 
1570447321 2 
1570447322 1 
1570447323 1 
1570447324 1 
1570447325 1 
1570447326 1 
1570447327 1 
1570447328 1 
1570447329 2 
1570447330 3 
1570447331 2 
1570447332 1 
1570447333 2 
1570447334 1 
1570447335 2 
1570447336 3 
1570447337 3 
1570447338 3 
1570447339 3 
1570447340 3 
1570447341 2 
1570447342 1 
1570449080 2 
1570449081 1 
1570449082 2 
1570449083 2 
1570449084 2 
1570449085 2 
1570449086 0 
1570449087 0 
1570449088 2 
1570449089 3 
1570449090 2 
1570449091 1 
1570449092 2 
1570449093 1 
1570449094 1 
1570449095 1 
1570449096 1 
1570449536 1 
1570449537 2 
1570449538 2 
1570449539 3 
1570449540 2 
1570449541 2 
1570449542 2 
1570449543 2 
1570449544 3 
1570449545 2 
1570449546 2 
1570449547 4 
1570449548 2 
1570449549 1 
1570449550 1 
1570449551 0 
1570449992 2 
1570449993 2 
1570449994 3 
1570449995 2 
1570449996 1 
1570449997 1 
1570449998 1 
1570449999 1 
1570450000 1 
1570450001 0 
1570450002 0 
1570450003 0 
1570450004 0 
1570450005 0 
1570450006 0 
1570450007 0 
1570450008 0 
1570450009 0 
1570450010 0 
1570450011 0 
1570450012 0 
1570450013 0 
1570450014 0 
1570450015 0 
1570450016 0 
1570450017 0 
1570450018 0 
1570450019 0 
1570450020 0 
1570450021 0 
1570450022 0 
1570450023 0 
1570450024 0 
1570450025 0 
1570450026 0 
1570450027 0 
1570450028 0 
1570450029 0 
1570450030 0 
1570450031 0 
1570450032 0 
1570450033 0 
1570450034 0 
1570450035 0 
1570450036 1 
1571323522 1 
1571323523 2 
1571323524 3 
1571323525 4 
1571323526 2 
1571323527 3 
1571323528 2 
1571323529 2 
1571323530 5 
1571323531 3 
1571323532 2 
1571323533 2 
1571323534 3 
1571323535 1 
1571323536 1 
1571323537 1 
1571323538 1 
1571323914 0 
1571323915 1 
1571323916 2 
1571323917 2 
1571323918 2 
1571323919 3 
1571323920 3 
1571323921 3 
1571323922 3 
1571323923 4 
1571323924 3 
1571323925 4 
1571323926 4 
1571323927 5 
1571323928 4 
1571323929 4 
1571323930 5 
1571323931 5 
1571323932 4 
1571323933 6 
1571323934 5 
1571323935 2 
1571323936 2 
1571323937 3 
1571323938 2 
1571323939 1 
1571323940 0 
1571323941 0 
1571324323 1 
1571324324 1 
1571324325 2 
1571324326 3 
1571324327 5 
1571324328 3 
1571324329 1 
1571324330 2 
1571324331 3 
1571324332 3 
1571324333 2 
1571324334 2 
1571324335 2 
1571324336 1 
1571324337 1 
1571324338 1 
1571324339 1 
1571324716 1 
1571324717 1 
1571324718 3 
1571324719 3 
1571324720 2 
1571324721 2 
1571324722 2 
1571324723 2 
1571324724 4 
1571324725 2 
1571324726 2 
1571324727 3 
1571324728 1 
1571324729 1 
1571324730 1 
1571324731 0 
1571324732 0 
1571327645 0 
1571327646 2 
1571327647 3 
1571327648 2 
1571327649 3 
1571327650 2 
1571327651 1 
1571327652 1 
1571327653 1 
1571327654 3 
1571327655 2 
1571327656 2 
1571327657 2 
1571327658 1 
1571327659 1 
1571327660 1 
1571327661 1 
1571328036 2 
1571328037 2 
1571328038 2 
1571328039 2 
1571328040 2 
1571328041 2 
1571328042 2 
1571328043 2 
1571328044 3 
1571328045 3 
1571328046 2 
1571328047 2 
1571328048 3 
1571328049 1 
1571328050 1 
1571328051 0 
1571328052 0 
1571329210 1 
1571329211 2 
1571329212 2 
1571329213 3 
1571329214 3 
1571329215 2 
1571329216 1 
1571329217 2 
1571329218 1 
1571329219 4 
1571329220 2 
1571329221 2 
1571329222 2 
1571329223 1 
1571329224 1 
1571329225 1 
1571329226 1 
1571329599 1 
1571329600 2 
1571329601 3 
1571329602 3 
1571329603 2 
1571329604 1 
1571329605 1 
1571329606 2 
1571329607 3 
1571329608 3 
1571329609 3 
1571329610 2 
1571329611 3 
1571329612 1 
1571329613 1 
1571329614 0 
1571329615 0 
1571398147 2 
1571398148 3 
1571398149 4 
1571398150 4 
1571398151 3 
1571398152 3 
1571398153 1 
1571398154 2 
1571398155 3 
1571398156 2 
1571398157 3 
1571398158 3 
1571398159 3 
1571398160 4 
1571398161 3 
1571398162 2 
1571398163 2 
1571398164 1 
1571398165 1 
1571398937 1 
1571398938 2 
1571398939 3 
1571398940 3 
1571398941 4 
1571398942 4 
1571398943 2 
1571398944 0 
1571398945 0 
1571398946 2 
1571398947 2 
1571398948 2 
1571398949 2 
1571398950 1 
1571398951 1 
1571398952 1 
1571398953 0 
1571398954 0 
1571400117 1 
1571400118 2 
1571400119 2 
1571400120 3 
1571400121 3 
1571400122 1 
1571400123 2 
1571400124 3 
1571400125 2 
1571400126 4 
1571400127 2 
1571400128 2 
1571400129 3 
1571400130 2 
1571400131 2 
1571400132 1 
1571400133 0 
1571401331 1 
1571401332 2 
1571401333 3 
1571401334 6 
1571401335 5 
1571401336 5 
1571401337 3 
1571401338 2 
1571401339 6 
1571401340 4 
1571401341 3 
1571401342 1 
1571401343 2 
1571401344 2 
1571401345 1 
1571401346 1 
1571401347 1 
1571407101 1 
1571407102 2 
1571407103 1 
1571407104 2 
1571407105 1 
1571407106 1 
1571407107 1 
1571407108 2 
1571407109 3 
1571407110 3 
1571407111 2 
1571407112 2 
1571407113 3 
1571407114 1 
1571407115 1 
1571407116 0 
1571407117 0 
1571407884 2 
1571407885 2 
1571407886 1 
1571407887 3 
1571407888 3 
1571407889 2 
1571407890 2 
1571407891 2 
1571407892 4 
1571407893 4 
1571407894 3 
1571407895 3 
1571407896 2 
1571407897 1 
1571407898 1 
1571407899 1 
1571407900 0 
1571408273 0 
1571408274 1 
1571408275 2 
1571408276 4 
1571408277 4 
1571408278 4 
1571408279 3 
1571408280 2 
1571408281 2 
1571408282 4 
1571408283 4 
1571408284 2 
1571408285 3 
1571408286 1 
1571408287 1 
1571408288 1 
1571408289 0 
1571408290 0 
1571408667 1 
1571408668 1 
1571408669 2 
1571408670 2 
1571408671 3 
1571408672 2 
1571408673 0 
1571408674 1 
1571408675 3 
1571408676 2 
1571408677 2 
1571408678 3 
1571408679 2 
1571408680 2 
1571408681 2 
1571408682 2 
1571408683 0 
1571666158 2 
1571666159 3 
1571666160 3 
1571666161 2 
1571666162 4 
1571666163 4 
1571666164 3 
1571666165 4 
1571666166 3 
1571666167 5 
1571666168 3 
1571666169 3 
1571666170 3 
1571666171 1 
1571666172 1 
1571666173 1 
1571666174 1 
1571666175 0 
1571666550 1 
1571666551 2 
1571666552 4 
1571666553 3 
1571666554 1 
1571666555 1 
1571666556 1 
1571666557 1 
1571666558 6 
1571666559 5 
1571666560 3 
1571666561 3 
1571666562 4 
1571666563 2 
1571666564 2 
1571666565 0 
1571666566 0 
1571667778 0 
1571667779 1 
1571667780 2 
1571667781 3 
1571667782 2 
1571667783 1 
1571667784 1 
1571667785 2 
1571667786 4 
1571667787 3 
1571667788 2 
1571667789 1 
1571667790 1 
1571667791 0 
1571667792 0 
1571667793 0 
1571667794 1 
1571669429 0 
1571669430 1 
1571669431 3 
1571669432 1 
1571669433 1 
1571669434 2 
1571669435 2 
1571669436 1 
1571669437 3 
1571669438 3 
1571669439 2 
1571669440 1 
1571669441 3 
1571669442 2 
1571669443 1 
1571669444 1 
1571669445 0 
1571669822 0 
1571669823 1 
1571669824 2 
1571669825 4 
1571669826 5 
1571669827 3 
1571669828 4 
1571669829 4 
1571669830 5 
1571669831 4 
1571669832 2 
1571669833 2 
1571669834 3 
1571669835 1 
1571669836 1 
1571669837 1 
1571669838 0 
1571754731 2 
1571754732 2 
1571754733 3 
1571754734 2 
1571754735 2 
1571754736 2 
1571754737 2 
1571754738 2 
1571754739 4 
1571754740 4 
1571754741 3 
1571754742 4 
1571754743 2 
1571754744 1 
1571754745 1 
1571754746 0 
1571754747 0 
1571755533 0 
1571755534 0 
1571755535 1 
1571755536 2 
1571755537 2 
1571755538 1 
1571755539 0 
1571755540 1 
1571755541 2 
1571755542 3 
1571755543 2 
1571755544 2 
1571755545 2 
1571755546 1 
1571755547 1 
1571755548 1 
1571755549 0 
1571755550 0 
1571756763 1 
1571756764 2 
1571756765 4 
1571756766 2 
1571756767 2 
1571756768 1 
1571756769 1 
1571756770 1 
1571756771 2 
1571756772 3 
1571756773 2 
1571756774 2 
1571756775 3 
1571756776 1 
1571756777 1 
1571756778 1 
1571756779 0 
1571757200 1 
1571757201 2 
1571757202 2 
1571757203 2 
1571757204 3 
1571757205 1 
1571757206 1 
1571757207 1 
1571757208 3 
1571757209 3 
1571757210 2 
1571757211 2 
1571757212 1 
1571757213 2 
1571757214 1 
1571757215 1 
1571757216 1 
1571757618 1 
1571757619 2 
1571757620 3 
1571757621 3 
1571757622 1 
1571757623 1 
1571757624 0 
1571757625 1 
1571757626 3 
1571757627 4 
1571757628 3 
1571757629 4 
1571757630 4 
1571757631 4 
1571757632 4 
1571757633 2 
1571757634 2 
1571758407 2 
1571758408 2 
1571758409 2 
1571758410 3 
1571758411 3 
1571758412 2 
1571758413 1 
1571758414 2 
1571758415 4 
1571758416 2 
1571758417 2 
1571758418 2 
1571758419 1 
1571758420 1 
1571758421 1 
1571758422 0 
1571758423 0 
1571762411 1 
1571762412 1 
1571762413 1 
1571762414 1 
1571762415 2 
1571762416 1 
1571762417 0 
1571762418 1 
1571762419 3 
1571762420 3 
1571762421 2 
1571762422 2 
1571762423 1 
1571762424 1 
1571762425 1 
1571762426 0 
1571762427 0 
1571762809 1 
1571762810 2 
1571762811 3 
1571762812 2 
1571762813 3 
1571762814 1 
1571762815 1 
1571762816 2 
1571762817 3 
1571762818 4 
1571762819 2 
1571762820 2 
1571762821 3 
1571762822 1 
1571762823 1 
1571762824 1 
1571762825 0 
1571763200 1 
1571763201 2 
1571763202 2 
1571763203 3 
1571763204 3 
1571763205 2 
1571763206 0 
1571763207 1 
1571763208 3 
1571763209 3 
1571763210 2 
1571763211 2 
1571763212 2 
1571763213 2 
1571763214 2 
1571763215 1 
1571763216 0 
1571763590 1 
1571763591 2 
1571763592 2 
1571763593 2 
1571763594 2 
1571763595 1 
1571763596 2 
1571763597 1 
1571763598 2 
1571763599 3 
1571763600 2 
1571763601 2 
1571763602 3 
1571763603 1 
1571763604 1 
1571763605 2 
1571763606 0 
1571763607 0 
1571763983 2 
1571763984 2 
1571763985 2 
1571763986 3 
1571763987 3 
1571763988 3 
1571763989 3 
1571763990 1 
1571763991 3 
1571763992 3 
1571763993 2 
1571763994 2 
1571763995 1 
1571763996 0 
1571763997 0 
1571763998 0 
1571763999 0 
1571764000 0 
1571764800 1 
1571764801 1 
1571764802 1 
1571764803 2 
1571764804 2 
1571764805 2 
1571764806 2 
1571764807 2 
1571764808 4 
1571764809 4 
1571764810 3 
1571764811 3 
1571764812 3 
1571764813 2 
1571764814 1 
1571764815 1 
1571764816 1 
1571765189 2 
1571765190 1 
1571765191 2 
1571765192 3 
1571765193 3 
1571765194 2 
1571765195 3 
1571765196 4 
1571765197 2 
1571765198 3 
1571765199 2 
1571765200 2 
1571765201 3 
1571765202 2 
1571765203 2 
1571765204 1 
1571765205 1 
1571765206 1 
1572006652 0 
1572006653 0 
1572006654 1 
1572006655 1 
1572006656 1 
1572006657 0 
1572006658 1 
1572006659 0 
1572006660 0 
1572006661 0 
1572006662 0 
1572006663 0 
1572006664 0 
1572006665 0 
1572006666 1 
1572006667 0 
1572006668 2 
1572006669 1 
1572006670 1 
1572006671 1 
1572006672 1 
1572006673 2 
1572006674 2 
1572006675 2 
1572006676 4 
1572006677 3 
1572006678 2 
1572006679 0 
1572006680 1 
1572006681 2 
1572006682 0 
1572006683 1 
1572006684 1 
1572006685 3 
1572006686 3 
1572006687 2 
1572006688 2 
1572006689 3 
1572006690 1 
1572006691 1 
1572006692 0 
1572006693 0 
1572008998 2 
1572008999 3 
1572009000 4 
1572009001 1 
1572009002 3 
1572009003 2 
1572009004 2 
1572009005 2 
1572009006 2 
1572009007 4 
1572009008 2 
1572009009 2 
1572009010 2 
1572009011 1 
1572009012 1 
1572009013 1 
1572009014 0 
1572009015 0 
1572009388 1 
1572009389 3 
1572009390 3 
1572009391 3 
1572009392 3 
1572009393 1 
1572009394 0 
1572009395 1 
1572009396 3 
1572009397 3 
1572009398 2 
1572009399 1 
1572009400 1 
1572009401 0 
1572009402 0 
1572009403 0 
1572009404 0 
1572009405 0 
1572009778 1 
1572009779 1 
1572009780 1 
1572009781 3 
1572009782 2 
1572009783 3 
1572009784 2 
1572009785 2 
1572009786 1 
1572009787 3 
1572009788 3 
1572009789 2 
1572009790 4 
1572009791 2 
1572009792 1 
1572009793 1 
1572009794 0 
1572009795 0 
1572010169 0 
1572010170 1 
1572010171 2 
1572010172 2 
1572010173 2 
1572010174 2 
1572010175 1 
1572010176 1 
1572010177 2 
1572010178 3 
1572010179 2 
1572010180 2 
1572010181 3 
1572010182 2 
1572010183 2 
1572010184 2 
1572010185 1 
1572010565 1 
1572010566 1 
1572010567 1 
1572010568 1 
1572010569 2 
1572010570 2 
1572010571 1 
1572010572 2 
1572010573 2 
1572010574 3 
1572010575 2 
1572010576 2 
1572010577 4 
1572010578 2 
1572010579 1 
1572010580 1 
1572010581 0 
1572010582 0 
1572010957 0 
1572010958 1 
1572010959 3 
1572010960 2 
1572010961 2 
1572010962 0 
1572010963 0 
1572010964 1 
1572010965 3 
1572010966 2 
1572010967 1 
1572010968 2 
1572010969 2 
1572010970 1 
1572010971 1 
1572010972 1 
1572010973 0 
1572013519 1 
1572013520 1 
1572013521 1 
1572013522 1 
1572013523 2 
1572013524 2 
1572013525 1 
1572013526 0 
1572013527 2 
1572013528 3 
1572013529 2 
1572013530 2 
1572013531 3 
1572013532 2 
1572013533 2 
1572013534 1 
1572013535 0 
1572013536 0 
1572013912 0 
1572013913 1 
1572013914 1 
1572013915 1 
1572013916 2 
1572013917 2 
1572013918 3 
1572013919 2 
1572013920 3 
1572013921 4 
1572013922 2 
1572013923 2 
1572013924 3 
1572013925 1 
1572013926 1 
1572013927 1 
1572013928 0 
1572013929 0 
1572014304 1 
1572014305 1 
1572014306 1 
1572014307 1 
1572014308 2 
1572014309 2 
1572014310 2 
1572014311 1 
1572014312 3 
1572014313 4 
1572014314 2 
1572014315 2 
1572014316 2 
1572014317 1 
1572014318 1 
1572014319 1 
1572014320 1 
1572014321 0 
1572014693 1 
1572014694 2 
1572014695 3 
1572014696 2 
1572014697 3 
1572014698 2 
1572014699 2 
1572014700 2 
1572014701 4 
1572014702 3 
1572014703 2 
1572014704 2 
1572014705 3 
1572014706 1 
1572014707 1 
1572014708 0 
1572014709 0 
1572263473 0 
1572263474 0 
1572263475 0 
1572263476 0 
1572263477 0 
1572263478 0 
1572263479 0 
1572263480 0 
1572263481 0 
1572263482 0 
1572263483 0 
1572263484 0 
1572263485 0 
1572263486 0 
1572263487 0 
1572263488 0 
1572263489 0 
1572263490 0 
1572263491 0 
1572263492 0 
1572263493 0 
1572263494 0 
1572263495 0 
1572263496 0 
1572263497 0 
1572263498 0 
1572263499 0 
1572263500 0 
1572263501 0 
1572263502 0 
1572263503 0 
1572263504 0 
1572263505 0 
1572263506 0 
1572263507 0 
1572263508 0 
1572263509 0 
1572263510 0 
1572263511 0 
1572263512 0 
1572263513 0 
1572263514 0 
1572263515 0 
1572263516 0 
1572263517 0 
1572263518 0 
1572263519 0 
1572263520 0 
1572263521 0 
1572263522 0 
1572263523 0 
1572263524 0 
1572263525 0 
1572263526 0 
1572263527 0 
1572263528 0 
1572263529 0 
1572263530 0 
1572263531 0 
1572263532 0 
1572263533 0 
1572263534 0 
1572263535 0 
1572263536 0 
1572263537 0 
1572263538 0 
1572263539 0 
1572263540 0 
1572263541 0 
1572263542 0 
1572263543 0 
1572263544 0 
1572263545 0 
1572263546 0 
1572263547 0 
1572263548 0 
1572263549 0 
1572263550 0 
1572263551 0 
1572263552 0 
1572263553 0 
1572263554 0 
1572263555 0 
1572263556 0 
1572263557 0 
1572263558 0 
1572263559 0 
1572263560 0 
1572263561 0 
1572263562 0 
1572263563 0 
1572263564 0 
1572263565 0 
1572263566 0 
1572263567 0 
1572263568 0 
1572263569 0 
1572263570 0 
1572263571 0 
1572263572 0 
1572263573 0 
1572263574 0 
1572263575 0 
1572263576 0 
1572263577 0 
1572263578 0 
1572263579 0 
1572263580 0 
1572263581 0 
1572263582 0 
1572263583 0 
1572263584 0 
1572263585 0 
1572263586 0 
1572263587 0 
1572263588 0 
1572263589 0 
1572263590 0 
1572263591 0 
1572263592 0 
1572263593 0 
1572263594 0 
1572263595 0 
1572263596 0 
1572263597 0 
1572263598 0 
1572263599 0 
1572263600 0 
1572263601 0 
1572263602 0 
1572263603 0 
1572263604 0 
1572263605 0 
1572263606 0 
1572263607 0 
1572263608 0 
1572263609 0 
1572263610 0 
1572263611 0 
1572263612 0 
1572263613 0 
1572263614 0 
1572263615 0 
1572263616 0 
1572263617 0 
1572263618 0 
1572263619 0 
1572263620 0 
1572263621 0 
1572263622 0 
1572263623 0 
1572263624 0 
1572263625 0 
1572263626 0 
1572263627 0 
1572263628 0 
1572263629 0 
1572263630 0 
1572263631 0 
1572263632 0 
1572263633 0 
1572263634 0 
1572263635 0 
1572263636 0 
1572263637 0 
1572263638 0 
1572263639 0 
1572263640 0 
1572263641 0 
1572263642 0 
1572263643 0 
1572263644 0 
1572263645 0 
1572263646 0 
1572263647 0 
1572263648 0 
1572263649 0 
1572263650 0 
1572263651 0 
1572263652 0 
1572263653 0 
1572263654 0 
1572263655 0 
1572263656 0 
1572263657 0 
1572263658 0 
1572263659 0 
1572263660 0 
1572263661 0 
1572263662 0 
1572263663 0 
1572263664 0 
1572263665 0 
1572263666 0 
1572263667 0 
1572263668 0 
1572263669 0 
1572263670 0 
1572263671 0 
1572263672 0 
1572263673 0 
1572263674 0 
1572263675 0 
1572263676 0 
1572263677 0 
1572263678 0 
1572263679 0 
1572263680 0 
1572263681 0 
1572263682 0 
1572263683 0 
1572263684 0 
1572263685 0 
1572263686 0 
1572263687 0 
1572263688 0 
1572263689 0 
1572263690 0 
1572263691 0 
1572263692 0 
1572263693 0 
1572263694 0 
1572263695 0 
1572263696 0 
1572263697 0 
1572263698 0 
1572263699 0 
1572263700 0 
1572263701 0 
1572263702 0 
1572263703 0 
1572263704 0 
1572263705 0 
1572263706 0 
1572263707 0 
1572263708 0 
1572263709 0 
1572263710 0 
1572263711 0 
1572263712 0 
1572263713 0 
1572263714 0 
1572263715 0 
1572263716 0 
1572263717 0 
1572263718 0 
1572263719 0 
1572263720 0 
1572263721 0 
1572263722 0 
1572263723 0 
1572263724 0 
1572263725 0 
1572263726 0 
1572263727 0 
1572263728 0 
1572263729 0 
1572263730 0 
1572263731 0 
1572263732 0 
1572263733 0 
1572263734 0 
1572263735 0 
1572263736 0 
1572263737 0 
1572263738 0 
1572263739 0 
1572263740 0 
1572263741 0 
1572263742 0 
1572263743 0 
1572263744 0 
1572263745 0 
1572263746 0 
1572263747 0 
1572263748 0 
1572263749 0 
1572263750 0 
1572263751 0 
1572263752 0 
1572263753 0 
1572263754 0 
1572263755 0 
1572263756 0 
1572263757 0 
1572263758 0 
1572263759 0 
1572263760 0 
1572263761 0 
1572263762 0 
1572263763 0 
1572263764 0 
1572263765 0 
1572263766 0 
1572263767 0 
1572263768 0 
1572263769 0 
1572263770 0 
1572263771 0 
1572263772 0 
1572263773 0 
1572263774 0 
1572263775 0 
1572263776 0 
1572263777 0 
1572263778 0 
1572263779 0 
1572263780 0 
1572263781 0 
1572263782 0 
1572263783 0 
1572263784 0 
1572263785 0 
1572263786 0 
1572263787 0 
1572263788 0 
1572263789 0 
1572263790 0 
1572263791 0 
1572263792 0 
1572263793 0 
1572263794 0 
1572263795 0 
1572263796 0 
1572263797 0 
1572263798 0 
1572263799 0 
1572263800 0 
1572263801 0 
1572263802 0 
1572263803 0 
1572263804 0 
1572263805 0 
1572263806 0 
1572263807 0 
1572263808 0 
1572263809 0 
1572263810 0 
1572263811 0 
1572263812 0 
1572263813 0 
1572263814 0 
1572263815 0 
1572263816 0 
1572263817 0 
1572263818 0 
1572263819 0 
1572263820 0 
1572263821 0 
1572263822 0 
1572263823 0 
1572263824 0 
1572263825 0 
1572263826 0 
1572263827 0 
1572263828 0 
1572263829 0 
1572263830 0 
1572263831 0 
1572263832 0 
1572263833 0 
1572263834 0 
1572263835 0 
1572263836 0 
1572263837 0 
1572263838 0 
1572263839 0 
1572263840 0 
1572263841 0 
1572263842 0 
1572263843 0 
1572263844 0 
1572263845 0 
1572263846 0 
1572263847 0 
1572263848 0 
1572263849 0 
1572263850 0 
1572263851 0 
1572263852 0 
1572263853 0 
1572263854 0 
1572263855 0 
1572263856 0 
1572263857 0 
1572263858 0 
1572263859 0 
1572263860 0 
1572263861 0 
1572263862 0 
1572263863 0 
1572263864 0 
1572263865 0 
1572263866 0 
1572263867 0 
1572263868 0 
1572263869 0 
1572263870 0 
1572263871 0 
1572263872 0 
1572263873 0 
1572263874 0 
1572263875 0 
1572263876 0 
1572263877 0 
1572263878 0 
1572263879 0 
1572263880 0 
1572263881 0 
1572263882 0 
1572263883 0 
1572263884 0 
1572263885 0 
1572263886 0 
1572263887 0 
1572263888 0 
1572263889 0 
1572263890 0 
1572263891 0 
1572263892 0 
1572263893 0 
1572263894 0 
1572263895 0 
1572263896 0 
1572263897 0 
1572263898 0 
1572263899 0 
1572263900 0 
1572263901 0 
1572263902 0 
1572263903 0 
1572263904 0 
1572263905 0 
1572263906 0 
1572263907 0 
1572263908 0 
1572263909 0 
1572263910 0 
1572263911 0 
1572263912 0 
1572263913 0 
1572263914 0 
1572263915 0 
1572263916 0 
1572263917 0 
1572263918 0 
1572263919 0 
1572263920 0 
1572263921 0 
1572263922 0 
1572263923 0 
1572263924 0 
1572263925 0 
1572263926 0 
1572263927 0 
1572263928 0 
1572263929 0 
1572263930 0 
1572263931 0 
1572263932 0 
1572263933 0 
1572263934 0 
1572263935 0 
1572263936 0 
1572263937 0 
1572263938 0 
1572263939 0 
1572263940 0 
1572263941 0 
1572263942 0 
1572263943 0 
1572263944 0 
1572263945 0 
1572263946 0 
1572263947 0 
1572263948 0 
1572263949 0 
1572263950 0 
1572263951 0 
1572263952 0 
1572263953 0 
1572263954 0 
1572263955 0 
1572263956 0 
1572263957 0 
1572263958 0 
1572263959 0 
1572263960 0 
1572263961 0 
1572263962 0 
1572263963 0 
1572263964 0 
1572263965 0 
1572263966 0 
1572263967 0 
1572263968 0 
1572263969 0 
1572263970 0 
1572263971 0 
1572263972 0 
1572263973 0 
1572263974 0 
1572263975 0 
1572263976 0 
1572263977 0 
1572263978 0 
1572263979 0 
1572263980 0 
1572263981 0 
1572263982 0 
1572263983 0 
1572263984 0 
1572263985 0 
1572263986 0 
1572263987 0 
1572263988 0 
1572263989 0 
1572263990 0 
1572263991 0 
1572264613 0 
1572264614 0 
1572264615 0 
1572264616 0 
1572264617 0 
1572264618 0 
1572264619 0 
1572264620 0 
1572264621 0 
1572264622 0 
1572264623 0 
1572264624 0 
1572264625 0 
1572264626 0 
1572264627 0 
1572264628 0 
1572264629 0 
1572264630 0 
1572264631 0 
1572264632 0 
1572264633 0 
1572264634 0 
1572264635 0 
1572264636 0 
1572264637 0 
1572264638 0 
1572264639 0 
1572264640 0 
1572264641 0 
1572264642 0 
1572264643 0 
1572264644 0 
1572264645 0 
1572264646 0 
1572264647 0 
1572264648 0 
1572264649 0 
1572264650 0 
1572264651 0 
1572264652 0 
1572264653 0 
1572264654 0 
1572264655 0 
1572264656 0 
1572264657 0 
1572264658 0 
1572264659 0 
1572264660 0 
1572264661 0 
1572264662 0 
1572264663 0 
1572264664 0 
1572264665 0 
1572264666 0 
1572264667 0 
1572264668 0 
1572264669 0 
1572264670 0 
1572264671 0 
1572264672 0 
1572264673 0 
1572264674 0 
1572264675 0 
1572264676 0 
1572264677 0 
1572264678 0 
1572264679 0 
1572264680 0 
1572264681 0 
1572264682 0 
1572264683 0 
1572264684 0 
1572264685 0 
1572264686 0 
1572264687 0 
1572264688 0 
1572264689 0 
1572264690 0 
1572264691 0 
1572264692 0 
1572264693 0 
1572264694 0 
1572264695 0 
1572264696 0 
1572264697 0 
1572264698 0 
1572264699 0 
1572264700 0 
1572264701 0 
1572264702 0 
1572264703 0 
1572264704 0 
1572264705 0 
1572264706 0 
1572264707 0 
1572264708 0 
1572264709 0 
1572264710 0 
1572264711 0 
1572264712 0 
1572264713 0 
1572264714 0 
1572264715 0 
1572264716 0 
1572264717 0 
1572264718 0 
1572264719 0 
1572264720 0 
1572264721 0 
1572264722 0 
1572264723 0 
1572264724 0 
1572264725 0 
1572264726 0 
1572264727 0 
1572264728 0 
1572264729 0 
1572264730 0 
1572264731 0 
1572264732 0 
1572264733 0 
1572264734 0 
1572264735 0 
1572264736 0 
1572264737 0 
1572264738 0 
1572264739 0 
1572264740 0 
1572264741 0 
1572264742 0 
1572264743 0 
1572264744 0 
1572264745 0 
1572264746 0 
1572264747 0 
1572264748 0 
1572264749 0 
1572264750 0 
1572264751 0 
1572264752 0 
1572264753 0 
1572264754 0 
1572264755 0 
1572264756 0 
1572264757 0 
1572264758 0 
1572264759 0 
1572264760 0 
1572264761 0 
1572264762 0 
1572264763 0 
1572264764 0 
1572264765 0 
1572264766 0 
1572264767 0 
1572264768 0 
1572264769 0 
1572264770 0 
1572264771 0 
1572264772 0 
1572264773 0 
1572264774 0 
1572264775 0 
1572264776 0 
1572264777 0 
1572264778 0 
1572264779 0 
1572264780 0 
1572264781 0 
1572264782 0 
1572264783 0 
1572264784 0 
1572264785 0 
1572264786 0 
1572264787 0 
1572264788 0 
1572264789 0 
1572264790 0 
1572264791 0 
1572264792 0 
1572264793 0 
1572264794 0 
1572264795 0 
1572264796 0 
1572264797 0 
1572264798 0 
1572264799 0 
1572264800 0 
1572264801 0 
1572264802 0 
1572264803 0 
1572264804 0 
1572264805 0 
1572264806 0 
1572264807 0 
1572264808 0 
1572264809 0 
1572264810 0 
1572264811 0 
1572264812 0 
1572264813 0 
1572264814 0 
1572264815 0 
1572264816 0 
1572264817 0 
1572264818 0 
1572264819 0 
1572264820 0 
1572264821 0 
1572264822 0 
1572264823 0 
1572264824 0 
1572264825 0 
1572264826 0 
1572264827 0 
1572264828 0 
1572264829 0 
1572264830 0 
1572264831 0 
1572264832 0 
1572264833 0 
1572264834 0 
1572264835 0 
1572264836 0 
1572264837 0 
1572264838 0 
1572264839 0 
1572264840 0 
1572264841 0 
1572264842 0 
1572264843 0 
1572264844 0 
1572264845 0 
1572264846 0 
1572264847 0 
1572264848 0 
1572264849 0 
1572264850 0 
1572264851 0 
1572264852 0 
1572264853 0 
1572264854 0 
1572264855 0 
1572264856 0 
1572264857 0 
1572264858 0 
1572264859 0 
1572264860 0 
1572264861 0 
1572264862 0 
1572264863 0 
1572264864 0 
1572264865 0 
1572264866 0 
1572264867 0 
1572264868 0 
1572264869 0 
1572264870 0 
1572264871 0 
1572264872 0 
1572264873 0 
1572264874 0 
1572264875 0 
1572264876 0 
1572264877 0 
1572264878 0 
1572264879 0 
1572264880 0 
1572264881 0 
1572264882 0 
1572264883 0 
1572264884 0 
1572264885 0 
1572264886 0 
1572264887 0 
1572264888 0 
1572264889 0 
1572264890 0 
1572264891 0 
1572264892 0 
1572264893 0 
1572264894 0 
1572264895 0 
1572264896 0 
1572264897 0 
1572264898 0 
1572264899 0 
1572264900 0 
1572264901 0 
1572264902 0 
1572264903 0 
1572264904 0 
1572264905 0 
1572264906 0 
1572264907 0 
1572264908 0 
1572264909 0 
1572264910 0 
1572264911 0 
1572264912 0 
1572264913 0 
1572264914 0 
1572264915 0 
1572264916 0 
1572264917 0 
1572264918 0 
1572264919 0 
1572264920 0 
1572264921 0 
1572264922 0 
1572264923 0 
1572264924 0 
1572264925 0 
1572264926 0 
1572264927 0 
1572264928 0 
1572264929 0 
1572264930 0 
1572264931 0 
1572264932 0 
1572264933 1 
1572264934 1 
1572264935 1 
1572264936 1 
1572264937 0 
1572264938 1 
1572264939 1 
1572264940 1 
1572264941 1 
1572264942 1 
1572264943 1 
1572264944 0 
1572264945 0 
1572264946 0 
1572264947 0 
1572264948 0 
1572264949 0 
1572264950 1 
1572264951 1 
1572264952 1 
1572264953 1 
1572264954 1 
1572264955 1 
1572264956 1 
1572264957 1 
1572264958 1 
1572264959 1 
1572264960 1 
1572264961 1 
1572264962 1 
1572264963 1 
1572264964 1 
1572264965 1 
1572264966 1 
1572264967 1 
1572264968 1 
1572264969 1 
1572264970 1 
1572264971 1 
1572264972 1 
1572264973 2 
1572264974 1 
1572264975 1 
1572264976 1 
1572264977 1 
1572264978 1 
1572264979 2 
1572264980 2 
1572264981 2 
1572264982 1 
1572264983 1 
1572264984 1 
1572264985 1 
1572264986 1 
1572264987 1 
1572264988 2 
1572264989 2 
1572264990 2 
1572264991 2 
1572264992 2 
1572264993 1 
1572264994 1 
1572264995 1 
1572264996 1 
1572264997 0 
1572264998 0 
1572264999 1 
1572265000 0 
1572265001 0 
1572265002 0 
1572265003 0 
1572265004 0 
1572265005 0 
1572265006 0 
1572265007 0 
1572265008 0 
1572265009 0 
1572265010 0 
1572265011 0 
1572265012 0 
1572265013 0 
1572265014 0 
1572265015 0 
1572265016 0 
1572265017 0 
1572265018 0 
1572265019 0 
1572265020 0 
1572265021 0 
1572265022 0 
1572265023 0 
1572265024 0 
1572265025 0 
1572265026 0 
1572265027 0 
1572265028 0 
1572265029 0 
1572265030 0 
1572265031 0 
1572265032 0 
1572265033 0 
1572265034 0 
1572265035 0 
1572265036 0 
1572265037 0 
1572265038 0 
1572265039 1 
1572265040 1 
1572265041 1 
1572265042 1 
1572265043 1 
1572265044 1 
1572265045 1 
1572265046 1 
1572265047 1 
1572265048 1 
1572265049 1 
1572265050 1 
1572265051 1 
1572265052 0 
1572265053 1 
1572265054 1 
1572265055 2 
1572265056 1 
1572265057 2 
1572265058 3 
1572265059 5 
1572265060 5 
1572265061 4 
1572265062 5 
1572265063 3 
1572265064 4 
1572265065 4 
1572265066 3 
1572265067 2 
1572265068 5 
1572265069 3 
1572265070 3 
1572265071 2 
1572265072 2 
1572265073 1 
1572265074 1 
1572265075 1 
1572265076 0 
1572265077 0 
1572265078 0 
1572265079 2 
1572265080 1 
1572265081 1 
1572265082 3 
1572265083 1 
1572265084 2 
1572265085 1 
1572265086 1 
1572265087 1 
1572265088 1 
1572265089 1 
1572265090 1 
1572265091 0 
1572265092 0 
1572265093 0 
1572265094 0 
1572265095 0 
1572265096 0 
1572265097 0 
1572265098 0 
1572265099 0 
1572265100 0 
1572265101 0 
1572265102 0 
1572265103 0 
1572265104 0 
1572265105 0 
1572265106 0 
1572265107 0 
1572265108 0 
1572265109 0 
1572265110 0 
1572265111 0 
1572265112 0 
1572265113 0 
1572265114 0 
1572265115 0 
1572265116 0 
1572265117 0 
1572265118 0 
1572265119 0 
1572265120 0 
1572265121 0 
1572265122 0 
1572265123 0 
1572265124 1 
1572265125 2 
1572265126 4 
1572265127 3 
1572265128 4 
1572265129 3 
1572265130 4 
1572265131 2 
1572265132 4 
1572265133 4 
1572265134 4 
1572265135 3 
1572265136 1 
1572265137 0 
1572265138 0 
1572265139 0 
1572265140 1 
1572265141 4 
1572265142 3 
1572265143 6 
1572265144 10 
1572265145 10 
1572265146 9 
1572265147 10 
1572265148 11 
1572265149 9 
1572265150 6 
1572265151 9 
1572265152 7 
1572265153 6 
1572265154 5 
1572265155 5 
1572265156 3 
1572265157 3 
1572265158 3 
1572265159 4 
1572265160 4 
1572265161 3 
1572265162 4 
1572265163 2 
1572265164 1 
1572265165 0 
1572265166 1 
1572265167 1 
1572265168 3 
1572265169 2 
1572265170 2 
1572265171 2 
1572265172 2 
1572265173 1 
1572265174 1 
1572265175 1 
1572265176 1 
1572265177 1 
1572265178 1 
1572265179 1 
1572265180 1 
1572265181 1 
1572265182 0 
1572265183 0 
1572265184 0 
1572265185 2 
1572265186 2 
1572265187 2 
1572265188 2 
1572265189 2 
1572265190 2 
1572265191 1 
1572265192 1 
1572265193 0 
1572265194 0 
1572265195 1 
1572265196 0 
1572265197 0 
1572265198 0 
1572265199 0 
1572265200 0 
1572265201 0 
1572265202 0 
1572265203 0 
1572265204 0 
1572265205 0 
1572265206 0 
1572265207 0 
1572265208 0 
1572265209 0 
1572265210 0 
1572265211 0 
1572265212 0 
1572265213 0 
1572265214 0 
1572265215 0 
1572265216 0 
1572265217 0 
1572265218 0 
1572265219 0 
1572265220 0 
1572265221 0 
1572265222 0 
1572265223 0 
1572265224 0 
1572265225 0 
1572265226 0 
1572265227 0 
1572265228 0 
1572265229 0 
1572265230 0 
1572265231 0 
1572265232 0 
1572265233 0 
1572265234 0 
1572265235 0 
1572265236 2 
1572265237 1 
1572265238 1 
1572265239 1 
1572265240 1 
1572265241 1 
1572265242 2 
1572265243 3 
1572265244 3 
1572265245 2 
1572265246 2 
1572265247 2 
1572265248 0 
1572265249 0 
1572265250 1 
1572265251 1 
1572265252 2 
1572265253 1 
1572265254 3 
1572265255 4 
1572265256 6 
1572265257 4 
1572265258 4 
1572265259 2 
1572265260 2 
1572265261 3 
1572265262 3 
1572265263 1 
1572265264 2 
1572265265 4 
1572265266 3 
1572265267 2 
1572265268 4 
1572265269 1 
1572265270 1 
1572265271 0 
1572265272 0 
1572265273 0 
1572265274 0 
1572265275 0 
1572265276 2 
1572265277 2 
1572265278 3 
1572265279 2 
1572265280 2 
1572265281 2 
1572265282 1 
1572265283 1 
1572265284 1 
1572265285 2 
1572265286 2 
1572265287 1 
1572265288 1 
1572265289 0 
1572265290 0 
1572265291 0 
1572265292 0 
1572265293 0 
1572265294 0 
1572265295 0 
1572265296 0 
1572265297 0 
1572265298 0 
1572265299 0 
1572265300 0 
1572265301 0 
1572265302 0 
1572265303 0 
1572265304 0 
1572265305 0 
1572265306 0 
1572265307 0 
1572265308 0 
1572265309 0 
1572265310 0 
1572265311 0 
1572265312 0 
1572265313 0 
1572265314 0 
1572265315 0 
1572265316 0 
1572265317 0 
1572265318 0 
1572265319 0 
1572265320 0 
1572265321 2 
1572265322 2 
1572265323 3 
1572265324 3 
1572265325 4 
1572265326 3 
1572265327 4 
1572265328 4 
1572265329 4 
1572265330 4 
1572265331 4 
1572265332 2 
1572265333 2 
1572265334 2 
1572265335 0 
1572265336 0 
1572265337 0 
1572265338 1 
1572265339 1 
1572265340 2 
1572265341 4 
1572265342 4 
1572265343 5 
1572265344 7 
1572265345 10 
1572265346 11 
1572265347 10 
1572265348 6 
1572265349 9 
1572265350 5 
1572265351 8 
1572265352 6 
1572265353 4 
1572265354 4 
1572265355 6 
1572265356 3 
1572265357 3 
1572265358 3 
1572265359 4 
1572265360 2 
1572265361 2 
1572265362 2 
1572265363 0 
1572265364 0 
1572265365 0 
1572265366 0 
1572265367 1 
1572265368 2 
1572265369 2 
1572265370 2 
1572265371 2 
1572265372 2 
1572265373 2 
1572265374 2 
1572265375 1 
1572265376 1 
1572265377 1 
1572265378 1 
1572265379 1 
1572265380 1 
1572265381 0 
1572265382 0 
1572265383 2 
1572265384 2 
1572265385 2 
1572265386 2 
1572265387 2 
1572265388 2 
1572265389 1 
1572265390 0 
1572265391 0 
1572265392 0 
1572265393 0 
1572265394 0 
1572265395 0 
1572265396 0 
1572265397 0 
1572265398 0 
1572265399 0 
1572265400 0 
1572265401 0 
1572265402 0 
1572265403 0 
1572265404 0 
1572265405 0 
1572265406 0 
1572265407 0 
1572265408 0 
1572265409 0 
1572265410 0 
1572265411 0 
1572265412 2 
1572265413 1 
1572265414 1 
1572265415 0 
1572265416 0 
1572265417 0 
1572265418 0 
1572265419 0 
1572265420 0 
1572265421 0 
1572265422 0 
1572265423 0 
1572265424 0 
1572265425 0 
1572265426 0 
1572265427 0 
1572265428 0 
1572265429 0 
1572265430 0 
1572265431 0 
1572265432 0 
1572265433 1 
1572265434 1 
1572265435 1 
1572265436 1 
1572265437 1 
1572265438 1 
1572265439 1 
1572265440 1 
1572265441 2 
1572265442 2 
1572265443 2 
1572265444 1 
1572265445 0 
1572265446 0 
1572265447 0 
1572265448 0 
1572265449 0 
1572265450 1 
1572265451 2 
1572265452 3 
1572265453 4 
1572265454 5 
1572265455 6 
1572265456 6 
1572265457 3 
1572265458 3 
1572265459 3 
1572265460 4 
1572265461 2 
1572265462 1 
1572265463 2 
1572265464 4 
1572265465 2 
1572265466 2 
1572265467 2 
1572265468 2 
1572265469 2 
1572265470 0 
1572265471 0 
1572265472 0 
1572265473 0 
1572265474 2 
1572265475 2 
1572265476 2 
1572265477 3 
1572265478 1 
1572265479 2 
1572265480 2 
1572265481 1 
1572265482 1 
1572265483 1 
1572265484 1 
1572265485 0 
1572265486 0 
1572265487 0 
1572265488 0 
1572265489 0 
1572265490 0 
1572265491 0 
1572265492 1 
1572265493 0 
1572265494 0 
1572265495 0 
1572265496 0 
1572265497 0 
1572265498 0 
1572265499 0 
1572265500 0 
1572265501 0 
1572265502 0 
1572265503 0 
1572265504 0 
1572265505 0 
1572265506 0 
1572265507 0 
1572265508 0 
1572265509 0 
1572265510 0 
1572265511 0 
1572265512 0 
1572265513 0 
1572265514 0 
1572265515 0 
1572265516 0 
1572265517 0 
1572265518 0 
1572265519 0 
1572265520 1 
1572265521 2 
1572265522 4 
1572265523 4 
1572265524 3 
1572265525 3 
1572265526 3 
1572265527 3 
1572265528 4 
1572265529 4 
1572265530 4 
1572265531 4 
1572265532 0 
1572265533 0 
1572265534 0 
1572265535 0 
1572265536 1 
1572265537 4 
1572265538 5 
1572265539 5 
1572265540 8 
1572265541 9 
1572265542 8 
1572265543 6 
1572265544 6 
1572265545 8 
1572265546 5 
1572265547 5 
1572265548 4 
1572265549 4 
1572265550 5 
1572265551 7 
1572265552 3 
1572265553 4 
1572265554 3 
1572265555 3 
1572265556 3 
1572265557 2 
1572265558 2 
1572265559 2 
1572265560 1 
1572265561 0 
1572265562 0 
1572265563 1 
1572265564 2 
1572265565 3 
1572265566 2 
1572265567 2 
1572265568 2 
1572265569 2 
1572265570 2 
1572265571 2 
1572265572 2 
1572265573 2 
1572265574 2 
1572265575 2 
1572265576 2 
1572265577 1 
1572265578 1 
1572265579 1 
1572265580 1 
1572265581 2 
1572265582 2 
1572265583 2 
1572265584 2 
1572265585 2 
1572265586 2 
1572265587 2 
1572265588 1 
1572265589 0 
1572265590 0 
1572265591 0 
1572265592 1 
1572265593 1 
1572265594 1 
1572265595 1 
1572265596 1 
1572265597 1 
1572265598 1 
1572265599 0 
1572265600 0 
1572265601 0 
1572265602 0 
1572265603 0 
1572265604 0 
1572265605 0 
1572265606 0 
1572265607 0 
1572265608 0 
1572265609 0 
1572265610 0 
1572265611 1 
1572265612 0 
1572265613 0 
1572265614 0 
1572265615 0 
1572265616 0 
1572265617 0 
1572265618 0 
1572265619 0 
1572265620 0 
1572265621 0 
1572265622 0 
1572265623 0 
1572265624 0 
1572265625 0 
1572265626 0 
1572265627 0 
1572265628 0 
1572265629 0 
1572265630 0 
1572265631 1 
1572265632 1 
1572265633 1 
1572265634 1 
1572265635 2 
1572265636 2 
1572265637 1 
1572265638 1 
1572265639 1 
1572265640 4 
1572265641 3 
1572265642 2 
1572265643 2 
1572265644 0 
1572265645 0 
1572265646 0 
1572265647 0 
1572265648 1 
1572265649 2 
1572265650 2 
1572265651 3 
1572265652 5 
1572265653 6 
1572265654 4 
1572265655 3 
1572265656 1 
1572265657 2 
1572265658 4 
1572265659 3 
1572265660 2 
1572265661 2 
1572265662 3 
1572265663 4 
1572265664 2 
1572265665 4 
1572265666 2 
1572265667 2 
1572265668 1 
1572265669 0 
1572265670 0 
1572265671 0 
1572265672 0 
1572265673 1 
1572265674 2 
1572265675 2 
1572265676 1 
1572265677 1 
1572265678 2 
1572265679 1 
1572265680 2 
1572265681 1 
1572265682 2 
1572265683 1 
1572265684 0 
1572265685 0 
1572265686 0 
1572265687 0 
1572265688 0 
1572265689 0 
1572265690 0 
1572265691 0 
1572265692 0 
1572265693 0 
1572265694 0 
1572265695 0 
1572265696 0 
1572265697 0 
1572265698 0 
1572265699 0 
1572265700 0 
1572265701 0 
1572265702 0 
1572265703 0 
1572265704 0 
1572265705 0 
1572265706 0 
1572265707 0 
1572265708 0 
1572265709 0 
1572265710 0 
1572265711 0 
1572265712 0 
1572265713 0 
1572265714 0 
1572265715 0 
1572265716 0 
1572265717 0 
1572265718 2 
1572265719 3 
1572265720 3 
1572265721 3 
1572265722 3 
1572265723 2 
1572265724 4 
1572265725 3 
1572265726 3 
1572265727 3 
1572265728 3 
1572265729 3 
1572265730 0 
1572265731 0 
1572265732 0 
1572265733 0 
1572265734 1 
1572265735 5 
1572265736 5 
1572265737 4 
1572265738 7 
1572265739 8 
1572265740 8 
1572265741 8 
1572265742 7 
1572265743 4 
1572265744 6 
1572265745 6 
1572265746 5 
1572265747 5 
1572265748 5 
1572265749 6 
1572265750 2 
1572265751 4 
1572265752 4 
1572265753 3 
1572265754 4 
1572265755 2 
1572265756 2 
1572265757 2 
1572265758 2 
1572265759 1 
1572265760 0 
1572265761 0 
1572265762 1 
1572265763 1 
1572265764 1 
1572265765 2 
1572265766 2 
1572265767 2 
1572265768 2 
1572265769 2 
1572265770 2 
1572265771 2 
1572265772 2 
1572265773 2 
1572265774 2 
1572265775 1 
1572265776 0 
1572265777 0 
1572265778 0 
1572265779 2 
1572265780 2 
1572265781 2 
1572265782 2 
1572265783 3 
1572265784 2 
1572265785 1 
1572265786 1 
1572265787 0 
1572265788 0 
1572265789 0 
1572265790 1 
1572265791 1 
1572265792 1 
1572265793 1 
1572265794 1 
1572265795 0 
1572265796 0 
1572265797 0 
1572265798 0 
1572265799 0 
1572265800 0 
1572265801 0 
1572265802 0 
1572265803 0 
1572265804 0 
1572265805 0 
1572265806 0 
1572265807 0 
1572265808 0 
1572265809 0 
1572265810 0 
1572265811 0 
1572265812 0 
1572265813 0 
1572265814 0 
1572265815 0 
1572265816 0 
1572265817 0 
1572265818 0 
1572265819 0 
1572265820 0 
1572265821 0 
1572265822 0 
1572265823 0 
1572265824 1 
1572265825 0 
1572265826 0 
1572265827 0 
1572265828 0 
1572265829 0 
1572265830 0 
1572265831 0 
1572265832 1 
1572265833 1 
1572265834 2 
1572265835 1 
1572265836 2 
1572265837 3 
1572265838 3 
1572265839 2 
1572265840 1 
1572265841 1 
1572265842 1 
1572265843 1 
1572265844 1 
1572265845 1 
1572265846 1 
1572265847 1 
1572265848 1 
1572265849 1 
1572265850 0 
1572265851 0 
1572265852 1 
1572265853 0 
1572265854 1 
1572265855 2 
1572265856 2 
1572265857 4 
1572265858 5 
1572265859 4 
1572265860 3 
1572265861 4 
1572265862 4 
1572265863 4 
1572265864 5 
1572265865 3 
1572265866 1 
1572265867 4 
1572265868 4 
1572265869 3 
1572265870 4 
1572265871 3 
1572265872 2 
1572265873 2 
1572265874 1 
1572265875 1 
1572265876 0 
1572265877 0 
1572265878 2 
1572265879 2 
1572265880 1 
1572265881 2 
1572265882 1 
1572265883 1 
1572265884 0 
1572265885 1 
1572265886 1 
1572265887 1 
1572265888 1 
1572265889 1 
1572265890 0 
1572265891 0 
1572265892 0 
1572265893 0 
1572265894 0 
1572265895 0 
1572265896 0 
1572265897 0 
1572265898 0 
1572265899 0 
1572265900 0 
1572265901 0 
1572265902 0 
1572265903 0 
1572265904 0 
1572265905 0 
1572265906 0 
1572265907 0 
1572265908 0 
1572265909 0 
1572265910 0 
1572265911 0 
1572265912 0 
1572265913 0 
1572265914 0 
1572265915 0 
1572265916 0 
1572265917 0 
1572265918 0 
1572265919 0 
1572265920 0 
1572265921 0 
1572265922 0 
1572265923 1 
1572265924 2 
1572265925 2 
1572265926 3 
1572265927 3 
1572265928 4 
1572265929 3 
1572265930 2 
1572265931 4 
1572265932 4 
1572265933 4 
1572265934 4 
1572265935 1 
1572265936 1 
1572265937 0 
1572265938 0 
1572265939 1 
1572265940 1 
1572265941 4 
1572265942 3 
1572265943 5 
1572265944 5 
1572265945 7 
1572265946 7 
1572265947 9 
1572265948 12 
1572265949 9 
1572265950 8 
1572265951 7 
1572265952 7 
1572265953 5 
1572265954 3 
1572265955 8 
1572265956 2 
1572265957 4 
1572265958 4 
1572265959 3 
1572265960 3 
1572265961 3 
1572265962 1 
1572265963 0 
1572265964 0 
1572265965 0 
1572265966 0 
1572265967 2 
1572265968 3 
1572265969 3 
1572265970 3 
1572265971 2 
1572265972 2 
1572265973 2 
1572265974 2 
1572265975 1 
1572265976 1 
1572265977 1 
1572265978 1 
1572265979 1 
1572265980 0 
1572265981 0 
1572265982 2 
1572265983 1 
1572265984 1 
1572265985 4 
1572265986 3 
1572265987 3 
1572265988 2 
1572265989 2 
1572265990 3 
1572265991 2 
1572265992 3 
1572265993 3 
1572265994 2 
1572265995 2 
1572265996 1 
1572265997 1 
1572265998 0 
1572265999 0 
1572266000 1 
1572266001 1 
1572266002 1 
1572266003 1 
1572266004 1 
1572266005 0 
1572266006 0 
1572266007 0 
1572266008 0 
1572266009 0 
1572266010 0 
1572266011 0 
1572266012 0 
1572266013 0 
1572266014 0 
1572266015 0 
1572266016 0 
1572266017 0 
1572266018 0 
1572266019 0 
1572266020 0 
1572266021 0 
1572266022 0 
1572266023 0 
1572266024 0 
1572266025 0 
1572266026 0 
1572266027 0 
1572266028 0 
1572266029 0 
1572266030 0 
1572266031 0 
1572266032 0 
1572266033 0 
1572266034 0 
1572266035 0 
1572266036 0 
1572266037 0 
1572266038 0 
1572266039 1 
1572266040 1 
1572266041 1 
1572266042 1 
1572266043 1 
1572266044 1 
1572266045 1 
1572266046 1 
1572266047 1 
1572266048 2 
1572266049 1 
1572266050 0 
1572266051 0 
1572266052 0 
1572266053 0 
1572266054 0 
1572266055 0 
1572266056 2 
1572266057 2 
1572266058 3 
1572266059 4 
1572266060 6 
1572266061 4 
1572266062 3 
1572266063 3 
1572266064 3 
1572266065 2 
1572266066 3 
1572266067 1 
1572266068 1 
1572266069 4 
1572266070 5 
1572266071 4 
1572266072 6 
1572266073 2 
1572266074 1 
1572266075 1 
1572266076 1 
1572266077 0 
1572266078 0 
1572266079 0 
1572266080 1 
1572266081 1 
1572266082 3 
1572266083 2 
1572266084 1 
1572266085 1 
1572266086 1 
1572266087 1 
1572266088 1 
1572266089 1 
1572266090 1 
1572266091 1 
1572266092 0 
1572266093 0 
1572266094 0 
1572266095 0 
1572266096 0 
1572266097 0 
1572266098 0 
1572266099 0 
1572266100 0 
1572266101 0 
1572266102 0 
1572266103 0 
1572266104 0 
1572266105 0 
1572266106 0 
1572266107 0 
1572266108 0 
1572266109 0 
1572266110 0 
1572266111 0 
1572266112 0 
1572266113 0 
1572266114 0 
1572266115 0 
1572266116 0 
1572266117 0 
1572266118 0 
1572266119 0 
1572266120 0 
1572266121 0 
1572266122 0 
1572266123 0 
1572266124 0 
1572266125 2 
1572266126 2 
1572266127 3 
1572266128 3 
1572266129 3 
1572266130 3 
1572266131 3 
1572266132 4 
1572266133 2 
1572266134 2 
1572266135 2 
1572266136 2 
1572266137 0 
1572266138 0 
1572266139 0 
1572266140 0 
1572266141 1 
1572266142 4 
1572266143 7 
1572266144 4 
1572266145 8 
1572266146 10 
1572266147 5 
1572266148 10 
1572266149 10 
1572266150 6 
1572266151 6 
1572266152 7 
1572266153 9 
1572266154 5 
1572266155 7 
1572266156 4 
1572266157 4 
1572266158 5 
1572266159 5 
1572266160 3 
1572266161 2 
1572266162 2 
1572266163 1 
1572266164 0 
1572266165 0 
1572266166 0 
1572266167 0 
1572266168 2 
1572266169 2 
1572266170 2 
1572266171 2 
1572266172 2 
1572266173 1 
1572266174 1 
1572266175 1 
1572266176 1 
1572266177 1 
1572266178 1 
1572266179 1 
1572266180 1 
1572266181 0 
1572266182 1 
1572266183 2 
1572266184 2 
1572266185 2 
1572266186 2 
1572266187 2 
1572266188 1 
1572266189 1 
1572266190 1 
1572266191 0 
1572266192 0 
1572266193 1 
1572266194 1 
1572266195 1 
1572266196 1 
1572266197 1 
1572266198 1 
1572266199 0 
1572266200 0 
1572266201 0 
1572266202 0 
1572266203 0 
1572266204 0 
1572266205 0 
1572266206 0 
1572266207 0 
1572266208 0 
1572266209 0 
1572266210 0 
1572266211 0 
1572266212 0 
1572266213 0 
1572266214 0 
1572266215 0 
1572266216 0 
1572266217 0 
1572266218 0 
1572266219 0 
1572266220 0 
1572266221 0 
1572266222 0 
1572266223 0 
1572266224 0 
1572266225 0 
1572266226 0 
1572266227 0 
1572266228 0 
1572266229 0 
1572266230 0 
1572266231 1 
1572266232 1 
1572266233 2 
1572266234 2 
1572266235 2 
1572266236 2 
1572266237 2 
1572266238 1 
1572266239 2 
1572266240 1 
1572266241 1 
1572266242 1 
1572266243 1 
1572266244 1 
1572266245 1 
1572266246 0 
1572266247 0 
1572266248 1 
1572266249 2 
1572266250 1 
1572266251 3 
1572266252 2 
1572266253 4 
1572266254 4 
1572266255 5 
1572266256 5 
1572266257 5 
1572266258 6 
1572266259 5 
1572266260 5 
1572266261 4 
1572266262 4 
1572266263 5 
1572266264 4 
1572266265 6 
1572266266 5 
1572266267 5 
1572266268 2 
1572266269 4 
1572266270 2 
1572266271 2 
1572266272 2 
1572266273 1 
1572266274 1 
1572266275 1 
1572266276 2 
1572266277 1 
1572266278 1 
1572266279 1 
1572266280 2 
1572266281 1 
1572266282 1 
1572266283 1 
1572266284 1 
1572266285 1 
1572266286 2 
1572266287 1 
1572266288 0 
1572266289 0 
1572266290 0 
1572266291 0 
1572266292 0 
1572266293 0 
1572266294 0 
1572266295 0 
1572266296 0 
1572266297 0 
1572266298 0 
1572266299 0 
1572266300 0 
1572266301 0 
1572266302 0 
1572266303 0 
1572266304 0 
1572266305 0 
1572266306 0 
1572266307 0 
1572266308 0 
1572266309 0 
1572266310 0 
1572266311 0 
1572266312 0 
1572266313 0 
1572266314 0 
1572266315 0 
1572266316 0 
1572266317 0 
1572266318 0 
1572266319 0 
1572266320 0 
1572266321 0 
1572266322 1 
1572266323 2 
1572266324 2 
1572266325 4 
1572266326 3 
1572266327 3 
1572266328 4 
1572266329 3 
1572266330 4 
1572266331 4 
1572266332 4 
1572266333 3 
1572266334 1 
1572266335 0 
1572266336 0 
1572266337 0 
1572266338 0 
1572266339 0 
1572266340 1 
1572266341 4 
1572266342 4 
1572266343 7 
1572266344 7 
1572266345 8 
1572266346 6 
1572266347 9 
1572266348 11 
1572266349 11 
1572266350 4 
1572266351 7 
1572266352 11 
1572266353 5 
1572266354 5 
1572266355 5 
1572266356 2 
1572266357 3 
1572266358 3 
1572266359 4 
1572266360 2 
1572266361 2 
1572266362 2 
1572266363 1 
1572266364 0 
1572266365 0 
1572266366 0 
1572266367 1 
1572266368 2 
1572266369 2 
1572266370 2 
1572266371 2 
1572266372 2 
1572266373 1 
1572266374 1 
1572266375 1 
1572266376 1 
1572266377 1 
1572266378 1 
1572266379 1 
1572266380 0 
1572266381 0 
1572266382 0 
1572266383 2 
1572266384 2 
1572266385 2 
1572266386 2 
1572266387 2 
1572266388 2 
1572266389 1 
1572266390 1 
1572266391 0 
1572266392 0 
1572266393 1 
1572266394 0 
1572266395 0 
1572266396 0 
1572266397 0 
1572266398 0 
1572266399 0 
1572266400 0 
1572266401 0 
1572266402 0 
1572266403 0 
1572266404 0 
1572266405 0 
1572266406 0 
1572266407 0 
1572266408 0 
1572266409 0 
1572266410 0 
1572266411 0 
1572266412 0 
1572266413 0 
1572266414 0 
1572266415 0 
1572266416 0 
1572266417 0 
1572266418 0 
1572266419 0 
1572266420 0 
1572266421 0 
1572266422 0 
1572266423 0 
1572266424 0 
1572266425 0 
1572266426 0 
1572266427 0 
1572266428 0 
1572266429 1 
1572266430 0 
1572266431 0 
1572266432 0 
1572266433 0 
1572266434 0 
1572266435 0 
1572266436 1 
1572266437 1 
1572266438 1 
1572266439 1 
1572266440 1 
1572266441 2 
1572266442 2 
1572266443 1 
1572266444 1 
1572266445 1 
1572266446 1 
1572266447 1 
1572266448 1 
1572266449 0 
1572266450 0 
1572266451 0 
1572266452 1 
1572266453 2 
1572266454 2 
1572266455 4 
1572266456 5 
1572266457 5 
1572266458 5 
1572266459 4 
1572266460 4 
1572266461 4 
1572266462 3 
1572266463 4 
1572266464 1 
1572266465 3 
1572266466 4 
1572266467 4 
1572266468 2 
1572266469 4 
1572266470 1 
1572266471 1 
1572266472 0 
1572266473 0 
1572266474 0 
1572266475 0 
1572266476 0 
1572266477 2 
1572266478 2 
1572266479 2 
1572266480 2 
1572266481 2 
1572266482 2 
1572266483 1 
1572266484 1 
1572266485 1 
1572266486 1 
1572266487 0 
1572266488 0 
1572266489 0 
1572266490 0 
1572266491 0 
1572266492 0 
1572266493 0 
1572266494 0 
1572266495 0 
1572266496 0 
1572266497 0 
1572266498 0 
1572266499 0 
1572266500 0 
1572266501 0 
1572266502 0 
1572266503 1 
1572266504 0 
1572266505 0 
1572266506 0 
1572266507 0 
1572266508 0 
1572266509 0 
1572266510 0 
1572266511 0 
1572266512 0 
1572266513 0 
1572266514 0 
1572266515 0 
1572266516 0 
1572266517 0 
1572266518 0 
1572266519 0 
1572266520 0 
1572266521 0 
1572266522 0 
1572266523 1 
1572266524 3 
1572266525 4 
1572266526 3 
1572266527 3 
1572266528 3 
1572266529 3 
1572266530 3 
1572266531 3 
1572266532 4 
1572266533 4 
1572266534 3 
1572266535 1 
1572266536 0 
1572266537 0 
1572266538 1 
1572266539 1 
1572266540 4 
1572266541 4 
1572266542 5 
1572266543 9 
1572266544 12 
1572266545 9 
1572266546 10 
1572266547 10 
1572266548 8 
1572266549 5 
1572266550 7 
1572266551 6 
1572266552 4 
1572266553 4 
1572266554 5 
1572266555 4 
1572266556 3 
1572266557 4 
1572266558 3 
1572266559 2 
1572266560 0 
1572266561 0 
1572266562 0 
1572266563 0 
1572266564 0 
1572266565 2 
1572266566 2 
1572266567 2 
1572266568 3 
1572266569 2 
1572266570 2 
1572266571 2 
1572266572 1 
1572266573 1 
1572266574 1 
1572266575 1 
1572266576 0 
1572266577 0 
1572266578 0 
1572266579 0 
1572266580 0 
1572266581 0 
1572266582 0 
1572266583 0 
1572266584 1 
1572266585 2 
1572266586 2 
1572266587 2 
1572266588 2 
1572266589 2 
1572266590 2 
1572266591 1 
1572266592 0 
1572266593 0 
1572266594 0 
1572266595 0 
1572266596 0 
1572266597 1 
1572266598 1 
1572266599 1 
1572266600 1 
1572266601 1 
1572266602 1 
1572266603 1 
1572266604 0 
1572266605 0 
1572266606 0 
1572266607 0 
1572266608 0 
1572266609 0 
1572266610 0 
1572266611 0 
1572266612 0 
1572266613 0 
1572266614 0 
1572266615 0 
1572266616 0 
1572266617 0 
1572266618 0 
1572266619 0 
1572266620 0 
1572266621 0 
1572266622 0 
1572266623 0 
1572266624 0 
1572266625 0 
1572266626 0 
1572266627 0 
1572266628 0 
1572266629 0 
1572266630 0 
1572266631 0 
1572266632 0 
1572266633 0 
1572266634 0 
1572266635 0 
1572266636 0 
1572266637 1 
1572266638 1 
1572266639 1 
1572266640 1 
1572266641 1 
1572266642 1 
1572266643 1 
1572266644 1 
1572266645 1 
1572266646 2 
1572266647 1 
1572266648 0 
1572266649 0 
1572266650 0 
1572266651 0 
1572266652 1 
1572266653 1 
1572266654 2 
1572266655 3 
1572266656 4 
1572266657 4 
1572266658 4 
1572266659 2 
1572266660 3 
1572266661 3 
1572266662 3 
1572266663 3 
1572266664 1 
1572266665 4 
1572266666 6 
1572266667 4 
1572266668 4 
1572266669 3 
1572266670 2 
1572266671 2 
1572266672 0 
1572266673 0 
1572266674 0 
1572266675 0 
1572266676 1 
1572266677 2 
1572266678 1 
1572266679 3 
1572266680 2 
1572266681 1 
1572266682 2 
1572266683 2 
1572266684 2 
1572266685 2 
1572266686 1 
1572266687 0 
1572266688 0 
1572266689 0 
1572266690 0 
1572266691 0 
1572266692 0 
1572266693 0 
1572266694 0 
1572266695 0 
1572266696 0 
1572266697 0 
1572266698 0 
1572266699 0 
1572266700 0 
1572266701 0 
1572266702 0 
1572266703 0 
1572266704 0 
1572266705 0 
1572266706 0 
1572266707 0 
1572266708 0 
1572266709 0 
1572266710 0 
1572266711 0 
1572266712 0 
1572266713 0 
1572266714 0 
1572266715 0 
1572266716 0 
1572266717 0 
1572266718 0 
1572266719 0 
1572266720 0 
1572266721 0 
1572266722 2 
1572266723 3 
1572266724 3 
1572266725 4 
1572266726 4 
1572266727 3 
1572266728 4 
1572266729 4 
1572266730 3 
1572266731 3 
1572266732 3 
1572266733 2 
1572266734 0 
1572266735 0 
1572266736 0 
1572266737 2 
1572266738 3 
1572266739 5 
1572266740 3 
1572266741 5 
1572266742 6 
1572266743 8 
1572266744 6 
1572266745 8 
1572266746 9 
1572266747 6 
1572266748 8 
1572266749 7 
1572266750 5 
1572266751 5 
1572266752 8 
1572266753 5 
1572266754 1 
1572266755 0 
1572266756 0 
1572266757 0 
1572266758 0 
1572266759 0 
1572266760 0 
1572266761 0 
1572266762 0 
1572266763 0 
1572266764 0 
1572266765 1 
1572266766 2 
1572266767 2 
1572266768 2 
1572266769 2 
1572266770 2 
1572266771 2 
1572266772 2 
1572266773 2 
1572266774 2 
1572266775 2 
1572266776 2 
1572266777 1 
1572266778 1 
1572266779 1 
1572266780 0 
1572266781 2 
1572266782 2 
1572266783 2 
1572266784 2 
1572266785 2 
1572266786 2 
1572266787 2 
1572266788 1 
1572266789 0 
1572266790 0 
1572266791 0 
1572266792 0 
1572266793 0 
1572266794 0 
1572266795 0 
1572266796 0 
1572266797 0 
1572266798 0 
1572266799 0 
1572266800 0 
1572266801 0 
1572266802 0 
1572266803 0 
1572266804 0 
1572266805 0 
1572266806 0 
1572266807 0 
1572266808 0 
1572266809 0 
1572266810 0 
1572266811 0 
1572266812 0 
1572266813 0 
1572266814 0 
1572266815 0 
1572266816 0 
1572266817 0 
1572266818 0 
1572266819 0 
1572266820 0 
1572266821 0 
1572266822 0 
1572266823 0 
1572266824 0 
1572266825 0 
1572266826 0 
1572266827 0 
1572266828 0 
1572266829 0 
1572266830 0 
1572266831 1 
1572266832 1 
1572266833 1 
1572266834 3 
1572266835 2 
1572266836 2 
1572266837 1 
1572266838 1 
1572266839 1 
1572266840 1 
1572266841 1 
1572266842 2 
1572266843 3 
1572266844 1 
1572266845 0 
1572266846 0 
1572266847 0 
1572266848 0 
1572266849 0 
1572266850 0 
1572266851 1 
1572266852 0 
1572266853 0 
1572266854 0 
1572266855 1 
1572266856 2 
1572266857 2 
1572266858 2 
1572266859 5 
1572266860 5 
1572266861 5 
1572266862 3 
1572266863 4 
1572266864 3 
1572266865 2 
1572266866 2 
1572266867 2 
1572266868 5 
1572266869 5 
1572266870 4 
1572266871 4 
1572266872 2 
1572266873 2 
1572266874 1 
1572266875 0 
1572266876 0 
1572266877 0 
1572266878 1 
1572266879 1 
1572266880 1 
1572266881 1 
1572266882 1 
1572266883 1 
1572266884 1 
1572266885 1 
1572266886 1 
1572266887 1 
1572266888 1 
1572266889 1 
1572266890 1 
1572266891 0 
1572266892 0 
1572266893 0 
1572266894 0 
1572266895 0 
1572266896 0 
1572266897 0 
1572266898 0 
1572266899 0 
1572266900 0 
1572266901 0 
1572266902 0 
1572266903 0 
1572266904 0 
1572266905 0 
1572266906 0 
1572266907 0 
1572266908 0 
1572266909 0 
1572266910 0 
1572266911 0 
1572266912 0 
1572266913 0 
1572266914 0 
1572266915 0 
1572266916 0 
1572266917 0 
1572266918 0 
1572266919 0 
1572266920 0 
1572266921 0 
1572266922 0 
1572266923 0 
1572266924 2 
1572266925 3 
1572266926 3 
1572266927 3 
1572266928 3 
1572266929 3 
1572266930 3 
1572266931 3 
1572266932 4 
1572266933 3 
1572266934 3 
1572266935 3 
1572266936 2 
1572266937 0 
1572266938 0 
1572266939 0 
1572266940 0 
1572266941 1 
1572266942 1 
1572266943 2 
1572266944 5 
1572266945 4 
1572266946 5 
1572266947 6 
1572266948 8 
1572266949 8 
1572266950 7 
1572266951 11 
1572266952 9 
1572266953 5 
1572266954 7 
1572266955 6 
1572266956 6 
1572266957 6 
1572266958 7 
1572266959 2 
1572266960 3 
1572266961 3 
1572266962 3 
1572266963 2 
1572266964 2 
1572266965 2 
1572266966 1 
1572266967 1 
1572266968 0 
1572266969 0 
1572266970 0 
1572266971 0 
1572266972 1 
1572266973 2 
1572266974 2 
1572266975 2 
1572266976 2 
1572266977 2 
1572266978 2 
1572266979 2 
1572266980 2 
1572266981 2 
1572266982 2 
1572266983 2 
1572266984 2 
1572266985 2 
1572266986 2 
1572266987 2 
1572266988 2 
1572266989 2 
1572266990 2 
1572266991 2 
1572266992 2 
1572266993 2 
1572266994 2 
1572266995 2 
1572266996 2 
1572266997 2 
1572266998 2 
1572266999 2 
1572267000 2 
1572267001 2 
1572267002 2 
1572267003 2 
1572267004 2 
1572267005 2 
1572267006 2 
1572267007 2 
1572267008 2 
1572267009 2 
1572267010 2 
1572267011 2 
1572267012 2 
1572267013 2 
1572267014 2 
1572267015 2 
1572267016 2 
1572267017 2 
1572267018 2 
1572267019 2 
1572267020 2 
1572267021 2 
1572267022 2 
1572267023 2 
1572267024 2 
1572267025 2 
1572267026 2 
1572267027 1 
1572267028 1 
1572267029 1 
1572267030 1 
1572267031 1 
1572267032 1 
1572267033 1 
1572267034 1 
1572267035 1 
1572267036 1 
1572267037 1 
1572267038 1 
1572267039 1 
1572267040 1 
1572267041 1 
1572267042 1 
1572267043 1 
1572267044 1 
1572267045 1 
1572267046 1 
1572267047 1 
1572267048 1 
1572267049 1 
1572267050 1 
1572267051 1 
1572267052 1 
1572267053 1 
1572267054 1 
1572267055 1 
1572267056 1 
1572267057 1 
1572267058 1 
1572267059 1 
1572267060 1 
1572267061 1 
1572267062 1 
1572267063 1 
1572267064 1 
1572267065 1 
1572267066 1 
1572267067 1 
1572267068 1 
1572267069 1 
1572267070 1 
1572267071 1 
1572267072 1 
1572267073 1 
1572267074 1 
1572267075 1 
1572267076 1 
1572267077 1 
1572267078 1 
1572267079 1 
1572267080 1 
1572267081 1 
1572267082 1 
1572267083 1 
1572267084 1 
1572267085 1 
1572267086 1 
1572267087 1 
1572267088 1 
1572267089 1 
1572267090 1 
1572267091 1 
1572267092 1 
1572267093 1 
1572267094 1 
1572267095 1 
1572267096 1 
1572267097 1 
1572267098 1 
1572267099 1 
1572267100 1 
1572267101 1 
1572267102 1 
1572267103 1 
1572267104 1 
1572267105 1 
1572267106 1 
1572267107 1 
1572267108 1 
1572267109 1 
1572267110 1 
1572267111 1 
1572267112 1 
1572267113 1 
1572267114 1 
1572267115 1 
1572267116 1 
1572267117 1 
1572267118 1 
1572267119 1 
1572267120 1 
1572267121 1 
1572267122 1 
1572267123 1 
1572267124 1 
1572267125 1 
1572267126 1 
1572267127 1 
1572267128 1 
1572267129 1 
1572267130 1 
1572267131 1 
1572267132 1 
1572267133 1 
1572267134 1 
1572267135 1 
1572267136 1 
1572267137 1 
1572267138 3 
1572267139 1 
1572267140 3 
1572267141 3 
1572267142 3 
1572267143 3 
1572267144 3 
1572267145 3 
1572267146 2 
1572267147 2 
1572267148 2 
1572267149 2 
1572267150 2 
1572267151 2 
1572267152 2 
1572267153 2 
1572267154 2 
1572267155 2 
1572267156 2 
1572267157 2 
1572267158 2 
1572267159 2 
1572267160 2 
1572267161 2 
1572267162 2 
1572267163 2 
1572267164 2 
1572267165 2 
1572267166 2 
1572267167 2 
1572267168 2 
1572267169 2 
1572267170 2 
1572267171 2 
1572267172 2 
1572267173 2 
1572267174 2 
1572267175 2 
1572267176 2 
1572267177 2 
1572267178 2 
1572267179 2 
1572267180 2 
1572267181 2 
1572267182 2 
1572267183 2 
1572267184 2 
1572267185 2 
1572267186 2 
1572267187 2 
1572267188 2 
1572267189 2 
1572267190 3 
1572267191 3 
1572267192 3 
1572267193 3 
1572267194 3 
1572267195 3 
1572267196 3 
1572267197 3 
1572267198 3 
1572267199 3 
1572267200 3 
1572267201 3 
1572267202 3 
1572267203 3 
1572267204 3 
1572267205 3 
1572267206 3 
1572267207 3 
1572267208 3 
1572267209 3 
1572267210 3 
1572267211 3 
1572267212 3 
1572267213 3 
1572267214 3 
1572267215 3 
1572267216 3 
1572267217 3 
1572267218 3 
1572267219 3 
1572267220 3 
1572267221 3 
1572267222 3 
1572267223 3 
1572267224 3 
1572267225 3 
1572267226 3 
1572267227 3 
1572267228 3 
1572267229 3 
1572267230 3 
1572267231 3 
1572267232 3 
1572267233 3 
1572267234 3 
1572267235 3 
1572267236 3 
1572267237 3 
1572267238 3 
1572267239 3 
1572267240 3 
1572267241 3 
1572267242 3 
1572267243 3 
1572267244 3 
1572267245 3 
1572267246 3 
1572267247 3 
1572267248 3 
1572267249 3 
1572267250 3 
1572267251 3 
1572267252 3 
1572267253 3 
1572267254 3 
1572267255 3 
1572267256 3 
1572267257 3 
1572267258 3 
1572267259 3 
1572267260 3 
1572267261 3 
1572267262 3 
1572267263 3 
1572267264 3 
1572267265 3 
1572267266 3 
1572267267 3 
1572267268 3 
1572267269 3 
1572267270 3 
1572267271 3 
1572267272 3 
1572267273 3 
1572267274 3 
1572267275 3 
1572267276 3 
1572267277 3 
1572267278 3 
1572267279 3 
1572267280 3 
1572267281 3 
1572267282 3 
1572267283 3 
1572267284 3 
1572267285 3 
1572267286 3 
1572267287 3 
1572267288 3 
1572267289 3 
1572267290 3 
1572267291 3 
1572267292 3 
1572267293 3 
1572267294 3 
1572267295 3 
1572267296 3 
1572267297 3 
1572267298 3 
1572267299 3 
1572267300 3 
1572267301 3 
1572267302 3 
1572267303 3 
1572267304 3 
1572267305 3 
1572267306 3 
1572267307 3 
1572267308 3 
1572267309 3 
1572267310 2 
1572267311 2 
1572267312 2 
1572267313 2 
1572267314 1 
1572267315 1 
1572267316 2 
1572267317 2 
1572267318 3 
1572267319 3 
1572267320 3 
1572267321 3 
1572267322 3 
1572267323 3 
1572267324 3 
1572267325 3 
1572267326 3 
1572267327 3 
1572267328 3 
1572267329 3 
1572267330 3 
1572267331 3 
1572267332 3 
1572267333 3 
1572267334 3 
1572267335 3 
1572267336 3 
1572267337 3 
1572267338 3 
1572267339 2 
1572267340 3 
1572267341 2 
1572267342 2 
1572267343 2 
1572267344 2 
1572267345 2 
1572267346 2 
1572267347 2 
1572267348 2 
1572267349 2 
1572267350 2 
1572267351 2 
1572267352 2 
1572267353 2 
1572267354 2 
1572267355 2 
1572267356 2 
1572267357 2 
1572267358 2 
1572267359 2 
1572267360 2 
1572267361 2 
1572267362 2 
1572267363 2 
1572267364 2 
1572267365 2 
1572267366 2 
1572267367 2 
1572267368 2 
1572267369 2 
1572267370 2 
1572267371 2 
1572267372 2 
1572267373 2 
1572267374 3 
1572267375 3 
1572267376 2 
1572267377 2 
1572267378 2 
1572267379 2 
1572267380 2 
1572267381 2 
1572267382 2 
1572267383 2 
1572267384 2 
1572267385 2 
1572267386 2 
1572267387 2 
1572267388 2 
1572267389 2 
1572267390 2 
1572267391 2 
1572267392 2 
1572267393 2 
1572267394 2 
1572267395 2 
1572267396 2 
1572267397 2 
1572267398 2 
1572267399 2 
1572267400 2 
1572267401 2 
1572267402 2 
1572267403 3 
1572267404 2 
1572267405 2 
1572267406 2 
1572267407 2 
1572267408 2 
1572267409 3 
1572267410 3 
1572267411 3 
1572267412 3 
1572267413 3 
1572267414 3 
1572267415 3 
1572267416 3 
1572267417 3 
1572267418 3 
1572267419 3 
1572267420 3 
1572267421 3 
1572267422 3 
1572267423 2 
1572267424 2 
1572267425 2 
1572267426 2 
1572267427 2 
1572267428 2 
1572267429 2 
1572267430 2 
1572267431 1 
1572267432 1 
1572267433 1 
1572267434 1 
1572267435 1 
1572267436 2 
1572267437 3 
1572267438 3 
1572267439 3 
1572267440 3 
1572267441 3 
1572267442 3 
1572267443 3 
1572267444 3 
1572267445 3 
1572267446 3 
1572267447 1 
1572267448 1 
1572267449 1 
1572267450 2 
1572267451 2 
1572267452 2 
1572267453 2 
1572267454 2 
1572267455 2 
1572267456 2 
1572267457 2 
1572267458 2 
1572267459 1 
1572267460 2 
1572267461 2 
1572267462 3 
1572267463 3 
1572267464 3 
1572267465 3 
1572267466 3 
1572267467 3 
1572267468 3 
1572267469 3 
1572267470 3 
1572267471 3 
1572267472 3 
1572267473 3 
1572267474 3 
1572267475 3 
1572267476 3 
1572267477 3 
1572267478 3 
1572267479 3 
1572267480 3 
1572267481 3 
1572267482 3 
1572267483 3 
1572267484 3 
1572267485 3 
1572267486 3 
1572267487 3 
1572267488 3 
1572267489 3 
1572267490 3 
1572267491 3 
1572267492 3 
1572267493 3 
1572267494 3 
1572267495 3 
1572267496 3 
1572267497 3 
1572267498 3 
1572267499 3 
1572267500 3 
1572267501 3 
1572267502 3 
1572267503 3 
1572267504 3 
1572267505 3 
1572267506 3 
1572267507 3 
1572267508 3 
1572267509 3 
1572267510 3 
1572267511 3 
1572267512 3 
1572267513 3 
1572267514 3 
1572267515 3 
1572267516 3 
1572267517 3 
1572267518 3 
1572267519 3 
1572267520 3 
1572267521 3 
1572267522 3 
1572267523 3 
1572267524 3 
1572267525 3 
1572267526 3 
1572267527 3 
1572267528 3 
1572267529 3 
1572267530 3 
1572267531 3 
1572267532 3 
1572267533 3 
1572267534 3 
1572267535 3 
1572267536 3 
1572267537 3 
1572267538 3 
1572267539 3 
1572267540 3 
1572267541 3 
1572267542 3 
1572267543 3 
1572267544 3 
1572267545 3 
1572267546 3 
1572267547 3 
1572267548 3 
1572267549 3 
1572267550 3 
1572267551 3 
1572267552 3 
1572267553 3 
1572267554 3 
1572267555 3 
1572267556 3 
1572267557 3 
1572267558 3 
1572267559 3 
1572267560 3 
1572267561 3 
1572267562 3 
1572267563 3 
1572267564 3 
1572267565 3 
1572267566 3 
1572267567 3 
1572267568 3 
1572267569 3 
1572267570 3 
1572267571 3 
1572267572 3 
1572267573 3 
1572267574 3 
1572267575 3 
1572267576 3 
1572267577 3 
1572267578 3 
1572267579 3 
1572267580 3 
1572267581 3 
1572267582 3 
1572267583 3 
1572267584 3 
1572267585 3 
1572267586 3 
1572267587 3 
1572267588 3 
1572267589 3 
1572267590 3 
1572267591 3 
1572267592 3 
1572267593 3 
1572267594 3 
1572267595 3 
1572267596 3 
1572267597 2 
1572267598 2 
1572267599 2 
1572267600 2 
1572267601 2 
1572267602 2 
1572267603 3 
1572267604 3 
1572267605 3 
1572267606 3 
1572267607 2 
1572267608 2 
1572267609 2 
1572267610 2 
1572267611 2 
1572267612 2 
1572267613 2 
1572267614 2 
1572267615 2 
1572267616 2 
1572267617 2 
1572267618 2 
1572267619 2 
1572267620 2 
1572267621 2 
1572267622 2 
1572267623 2 
1572267624 2 
1572267625 2 
1572267626 2 
1572267627 2 
1572267628 2 
1572267629 2 
1572267630 2 
1572267631 2 
1572267632 2 
1572267633 2 
1572267634 2 
1572267635 2 
1572267636 2 
1572267637 2 
1572267638 2 
1572267639 2 
1572267640 2 
1572267641 2 
1572267642 2 
1572267643 2 
1572267644 2 
1572267645 2 
1572267646 2 
1572267647 2 
1572267648 2 
1572267649 2 
1572267650 2 
1572267651 2 
1572267652 2 
1572267653 2 
1572267654 2 
1572267655 2 
1572267656 2 
1572267657 2 
1572267658 2 
1572267659 2 
1572267660 2 
1572267661 2 
1572267662 2 
1572267663 2 
1572267664 2 
1572267665 2 
1572267666 2 
1572267667 2 
1572267668 2 
1572267669 2 
1572267670 2 
1572267671 2 
1572267672 2 
1572267673 2 
1572267674 2 
1572267675 2 
1572267676 2 
1572267677 2 
1572267678 2 
1572267679 2 
1572267680 1 
1572267681 1 
1572267682 1 
1572267683 1 
1572267684 1 
1572267685 1 
1572267686 1 
1572267687 1 
1572267688 1 
1572267689 2 
1572267690 2 
1572267691 2 
1572267692 2 
1572267693 2 
1572267694 2 
1572267695 2 
1572267696 2 
1572267697 2 
1572267698 2 
1572267699 2 
1572267700 2 
1572267701 2 
1572267702 2 
1572267703 2 
1572267704 2 
1572267705 2 
1572267706 2 
1572267707 2 
1572267708 2 
1572267709 2 
1572267710 2 
1572267711 2 
1572267712 1 
1572267713 1 
1572267714 1 
1572267715 1 
1572267716 1 
1572267717 2 
1572267718 2 
1572267719 1 
1572267720 1 
1572267721 1 
1572267722 1 
1572267723 1 
1572267724 1 
1572267725 1 
1572267726 1 
1572267727 1 
1572267728 1 
1572267729 1 
1572267730 1 
1572267731 1 
1572267732 1 
1572267733 1 
1572267734 1 
1572267735 1 
1572267736 1 
1572267737 1 
1572267738 1 
1572267739 1 
1572267740 1 
1572267741 1 
1572267742 1 
1572267743 1 
1572267744 1 
1572267745 1 
1572267746 1 
1572267747 1 
1572267748 1 
1572267749 1 
1572267750 1 
1572267751 1 
1572267752 1 
1572267753 1 
1572267754 1 
1572267755 1 
1572267756 1 
1572267757 1 
1572267758 1 
1572267759 1 
1572267760 1 
1572267761 1 
1572267762 1 
1572267763 1 
1572267764 1 
1572267765 2 
1572267766 2 
1572267767 1 
1572267768 1 
1572267769 1 
1572267770 1 
1572267771 1 
1572267772 1 
1572267773 1 
1572267774 1 
1572267775 1 
1572267776 1 
1572267777 1 
1572267778 1 
1572267779 1 
1572267780 1 
1572267781 1 
1572267782 1 
1572267783 1 
1572267784 1 
1572267785 1 
1572267786 1 
1572267787 1 
1572267788 1 
1572267789 1 
1572267790 1 
1572267791 1 
1572267792 1 
1572267793 1 
1572267794 1 
1572267795 1 
1572267796 1 
1572267797 1 
1572267798 1 
1572267799 1 
1572267800 1 
1572267801 1 
1572267802 1 
1572267803 1 
1572267804 1 
1572267805 1 
1572267806 1 
1572267807 1 
1572267808 1 
1572267809 1 
1572267810 1 
1572267811 1 
1572267812 1 
1572267813 1 
1572267814 1 
1572267815 1 
1572267816 1 
1572267817 1 
1572267818 1 
1572267819 1 
1572267820 1 
1572267821 1 
1572267822 1 
1572267823 1 
1572267824 1 
1572267825 1 
1572267826 1 
1572267827 1 
1572267828 1 
1572267829 1 
1572267830 1 
1572267831 1 
1572267832 1 
1572267833 1 
1572267834 1 
1572267835 1 
1572267836 1 
1572267837 1 
1572267838 1 
1572267839 1 
1572267840 1 
1572267841 1 
1572267842 1 
1572267843 1 
1572267844 1 
1572267845 1 
1572267846 1 
1572267847 1 
1572267848 1 
1572267849 1 
1572267850 1 
1572267851 1 
1572267852 1 
1572267853 0 
1572267854 1 
1572267855 0 
1572267856 0 
1572267857 0 
1572267858 0 
1572267859 1 
1572267860 1 
1572267861 1 
1572267862 1 
1572267863 1 
1572267864 1 
1572267865 0 
1572267866 1 
1572268007 0 
1572268008 0 
1572268009 0 
1572268010 0 
1572268011 0 
1572268012 0 
1572268013 0 
1572268014 0 
1572268015 0 
1572268016 0 
1572268017 0 
1572268018 0 
1572268019 0 
1572268020 0 
1572268021 0 
1572268022 0 
1572268023 0 
1572268024 0 
1572268025 0 
1572268026 0 
1572268027 0 
1572268028 0 
1572268029 0 
1572268030 0 
1572268031 0 
1572268032 0 
1572268033 0 
1572268034 0 
1572268035 0 
1572268036 0 
1572268037 0 
1572268038 0 
1572268039 0 
1572268040 0 
1572268041 0 
1572268042 0 
1572268043 0 
1572268044 0 
1572268045 0 
1572268046 0 
1572268047 0 
1572268048 0 
1572268049 0 
1572268050 0 
1572268051 0 
1572268052 0 
1572268053 0 
1572268054 0 
1572268055 0 
1572268056 0 
1572268057 0 
1572268058 0 
1572268059 0 
1572268060 0 
1572268061 0 
1572268062 0 
1572268063 0 
1572268064 0 
1572268065 1 
1572268066 3 
1572268067 2 
1572268068 2 
1572268069 2 
1572268070 2 
1572268071 2 
1572268072 1 
1572268073 0 
1572268074 0 
1572268075 0 
1572268076 1 
1572268077 1 
1572268078 1 
1572268079 1 
1572268080 1 
1572268081 1 
1572268082 1 
1572268083 1 
1572268084 0 
1572268085 0 
1572268086 0 
1572268087 0 
1572268088 0 
1572268089 0 
1572268090 0 
1572268091 0 
1572268092 0 
1572268093 0 
1572268094 0 
1572268095 0 
1572268096 0 
1572268097 0 
1572268098 0 
1572268099 0 
1572268100 0 
1572268101 0 
1572268102 0 
1572268103 0 
1572268104 0 
1572268105 0 
1572268106 0 
1572268107 0 
1572268108 0 
1572268109 0 
1572268110 0 
1572268111 0 
1572268112 0 
1572268113 0 
1572268114 0 
1572268115 0 
1572268116 1 
1572268117 1 
1572268118 1 
1572268119 1 
1572268120 1 
1572268121 1 
1572268122 1 
1572268123 1 
1572268124 1 
1572268125 0 
1572268126 0 
1572268127 1 
1572268128 0 
1572268129 1 
1572268130 0 
1572268131 0 
1572268132 1 
1572268133 1 
1572268134 2 
1572268135 1 
1572268136 2 
1572268137 3 
1572268138 3 
1572268139 5 
1572268140 3 
1572268141 1 
1572268142 3 
1572268143 2 
1572268144 3 
1572269140 1 
1572269141 2 
1572269142 3 
1572269143 2 
1572269144 1 
1572269145 2 
1572269146 1 
1572269147 1 
1572269148 2 
1572269149 3 
1572269150 2 
1572269151 1 
1572269152 2 
1572269153 1 
1572269154 1 
1572269155 1 
1572269156 1 
1572269556 0 
1572269557 1 
1572269558 2 
1572269559 2 
1572269560 3 
1572269561 3 
1572269562 2 
1572269563 3 
1572269564 4 
1572269565 4 
1572269566 2 
1572269567 3 
1572269568 2 
1572269569 1 
1572269570 1 
1572269571 0 
1572269572 0 
1572269971 3 
1572269972 1 
1572269973 1 
1572269974 1 
1572269975 2 
1572269976 2 
1572269977 0 
1572269978 2 
1572269979 3 
1572269980 2 
1572269981 2 
1572269982 2 
1572269983 2 
1572269984 1 
1572269985 1 
1572269986 1 
1572269987 0 
1572270377 2 
1572270378 2 
1572270379 2 
1572270380 2 
1572270381 1 
1572270382 1 
1572270383 2 
1572270384 2 
1572270385 3 
1572270386 2 
1572270387 2 
1572270388 4 
1572270389 3 
1572270390 2 
1572270391 2 
1572270392 1 
1572270393 0 
1572270771 2 
1572270772 3 
1572270773 5 
1572270774 4 
1572270775 4 
1572270776 3 
1572270777 2 
1572270778 2 
1572270779 3 
1572270780 3 
1572270781 2 
1572270782 3 
1572270783 3 
1572270784 1 
1572270785 2 
1572270786 1 
1572270787 1 
1572271222 0 
1572271223 0 
1572271224 1 
1572271225 1 
1572271226 1 
1572271227 1 
1572271228 1 
1572271229 0 
1572271230 3 
1572271231 2 
1572271232 1 
1572271233 1 
1572271234 1 
1572271235 2 
1572271236 0 
1572271237 1 
1572271238 3 
1572271239 3 
1572271240 2 
1572271241 2 
1572271242 4 
1572271243 3 
1572271244 3 
1572271245 2 
1572271246 3 
1572271247 4 
1572271248 2 
1572271249 1 
1572271250 1 
1572271251 1 
1572271252 1 
1572271253 0 
1572271254 2 
1572271255 1 
1572271256 1 
1572271257 1 
1572271258 1 
1572271259 2 
1572271260 2 
1572271261 4 
1572271262 2 
1572271263 2 
1572271264 1 
1572271265 0 
1572271266 0 
1572271267 1 
1572271268 1 
1572271269 0 
1572271270 0 
1572271271 0 
1572271272 0 
1572271273 0 
1572271274 0 
1572271275 1 
1572271276 2 
1572271277 3 
1572271278 2 
1572271279 2 
1572271280 2 
1572271281 2 
1572271282 3 
1572271283 3 
1572271284 1 
1572271285 1 
1572271286 1 
1572271287 1 
1572271288 1 
1572271289 2 
1572271290 3 
1572271291 2 
1572271292 3 
1572271293 3 
1572271294 3 
1572271295 1 
1572271296 1 
1572271297 0 
1572272812 0 
1572272813 1 
1572272814 3 
1572272815 2 
1572272816 3 
1572272817 1 
1572272818 1 
1572272819 3 
1572272820 3 
1572272821 2 
1572272822 1 
1572272823 1 
1572272824 2 
1572272825 2 
1572272826 2 
1572272827 2 
1572273147 2 
1572273148 2 
1572273149 3 
1572273150 3 
1572273151 3 
1572273152 2 
1572273153 1 
1572273154 4 
1572273155 2 
1572273156 3 
1572273157 2 
1572273158 1 
1572273159 0 
1572273160 0 
1572276251 2 
1572276252 2 
1572276253 2 
1572276254 2 
1572276255 1 
1572276256 2 
1572276257 1 
1572276258 3 
1572276259 2 
1572276260 2 
1572276261 1 
1572276262 2 
1572276263 1 
1572276264 2 
1572277253 0 
1572277254 0 
1572277255 1 
1572277256 2 
1572277257 2 
1572277258 1 
1572277259 2 
1572277260 3 
1572277261 2 
1572277262 2 
1572277263 1 
1572277264 1 
1572277265 1 
1572277266 0 
1572277588 1 
1572277589 1 
1572277590 1 
1572277591 1 
1572277592 1 
1572277593 1 
1572277594 2 
1572277595 3 
1572277596 2 
1572277597 2 
1572277598 2 
1572277599 0 
1572277600 0 
1572277601 0 
1572278279 1 
1572278280 2 
1572278281 1 
1572278282 2 
1572278283 1 
1572278284 1 
1572278285 1 
1572278286 3 
1572278287 3 
1572278288 3 
1572278289 2 
1572278290 0 
1572278291 0 
1572278292 0 
1572278610 0 
1572278611 1 
1572278612 3 
1572278613 4 
1572278614 4 
1572278615 1 
1572278616 2 
1572278617 3 
1572278618 2 
1572278619 3 
1572278620 1 
1572278621 1 
1572278622 1 
1572278623 0 
1572363669 2 
1572363670 2 
1572363671 2 
1572363672 3 
1572363673 2 
1572363674 2 
1572363675 2 
1572363676 4 
1572363677 3 
1572363678 3 
1572363679 1 
1572363680 1 
1572363681 0 
1572363682 0 
1572364328 2 
1572364329 2 
1572364330 2 
1572364331 4 
1572364332 4 
1572364333 3 
1572364334 2 
1572364335 2 
1572364336 3 
1572364337 4 
1572364338 3 
1572364339 2 
1572364340 2 
1572364341 2 
1572364342 1 
1572364343 1 
1572365712 1 
1572365713 2 
1572365714 2 
1572365715 2 
1572365716 2 
1572365717 1 
1572365718 2 
1572365719 3 
1572365720 2 
1572365721 2 
1572365722 3 
1572365723 1 
1572365724 0 
1572365725 0 
1572365726 0 
1572366085 1 
1572366086 2 
1572366087 1 
1572366088 2 
1572366089 2 
1572366090 3 
1572366091 4 
1572366092 4 
1572366093 2 
1572366094 2 
1572366095 1 
1572366096 1 
1572366097 2 
1572366098 1 
1572366099 1 
1572366100 2 
1572366101 1 
1572366102 1 
1572366103 0 
1572366759 1 
1572366760 3 
1572366761 4 
1572366762 3 
1572366763 3 
1572366764 1 
1572366765 2 
1572366766 4 
1572366767 2 
1572366768 2 
1572366769 1 
1572366770 1 
1572366771 1 
1572366772 0 