1570543148 2
1570543149 2
1570543150 2
1570543151 2
1570543152 2
1570543153 2
1570543511 2
1570543512 2
1570543513 2
1570543514 2
1570543515 2
1570543720 2
1570543721 2
1570543722 2
1570543723 2
1570543724 2
1570544627 2
1570544628 2
1570544629 2
1570544630 2
1570544631 2
1570544632 2
1570544633 2
1570544634 2
1570544635 2
1570544636 2
1570544637 2
1570544638 2
1570544639 2
1570544640 2
1570544641 2
1570544642 2
1570544896 2
1570544897 2
1570544898 2
1570544899 2
1570544900 2
1570544901 2
1570545097 2
1570545098 2
1570545099 2
1570545100 2
1570545101 2
1570545102 2
1570545304 2
1570545305 2
1570545306 2
1570545307 2
1570545308 2
1570545309 2
1570545310 2
1570545311 2
1570545312 2
1570545313 2
1570545314 2
1570545315 2
1570545316 2
1570545317 2
1570545318 2
1570545319 2
