1571323042 4
1571323043 5
1571323044 5
1571323045 4
1571323046 4
1571323047 4
1571323048 4
1571323049 6
1571323050 4
1571323051 4
1571323052 4
1571323053 4
1571323054 3
1571323055 1
1571323056 1
1571323057 3
1571323058 6
1571323059 6
1571323060 7
1571323061 10
1571323062 10
1571323063 12
1571323064 10
1571323065 11
1571323066 13
1571323067 8
1571323068 10
1571323069 13
1571323070 8
1571323071 7
1571323072 8
1571323073 7
1571323074 5
1571323075 4
1571323076 6
1571323077 5
1571323078 5
1571323079 4
1571323080 3
1571323081 2
1571323082 2
1571325160 4
1571325161 6
1571325162 4
1571325163 4
1571325164 4
1571325165 4
1571325166 5
1571325167 5
1571325168 5
1571325169 5
1571325170 4
1571325171 2
1571325172 1
1571325173 1
1571325174 3
1571325175 3
1571325176 5
1571325177 7
1571325178 6
1571325179 10
1571325180 11
1571325181 9
1571325182 10
1571325183 9
1571325184 8
1571325185 5
1571325186 9
1571325187 9
1571325188 7
1571325189 7
1571325190 10
1571325191 4
1571325192 6
1571325193 6
1571325194 6
1571325195 6
1571325196 4
1571325197 2
1571325198 2
1571325199 1
1571325357 5
1571325358 5
1571325359 5
1571325360 5
1571325361 5
1571325362 6
1571325363 6
1571325364 6
1571325365 6
1571325366 6
1571325367 2
1571325368 2
1571325369 1
1571325370 2
1571325371 4
1571325372 6
1571325373 6
1571325374 6
1571325375 9
1571325376 10
1571325377 11
1571325378 10
1571325379 12
1571325380 11
1571325381 8
1571325382 8
1571325383 7
1571325384 5
1571325385 6
1571325386 9
1571325387 6
1571325388 6
1571325389 7
1571325390 8
1571325391 6
1571325392 8
1571325393 8
1571325394 8
1571325395 6
1571325396 4
1571325397 2
1571325398 1
1571325399 2
1571325562 4
1571325563 5
1571325564 5
1571325565 5
1571325566 6
1571325567 5
1571325568 4
1571325569 4
1571325570 5
1571325571 4
1571325572 4
1571325573 2
1571325574 2
1571325575 1
1571325576 3
1571325577 5
1571325578 7
1571325579 7
1571325580 8
1571325581 10
1571325582 14
1571325583 10
1571325584 10
1571325585 11
1571325586 7
1571325587 8
1571325588 8
1571325589 7
1571325590 8
1571325591 8
1571325592 7
1571325593 6
1571325594 6
1571325595 7
1571325596 5
1571325597 3
1571325598 3
1571325599 2
1571325600 1
1571325601 1
1571325762 4
1571325763 5
1571325764 5
1571325765 5
1571325766 5
1571325767 5
1571325768 5
1571325769 5
1571325770 5
1571325771 5
1571325772 4
1571325773 2
1571325774 2
1571325775 2
1571325776 3
1571325777 3
1571325778 6
1571325779 7
1571325780 9
1571325781 8
1571325782 13
1571325783 8
1571325784 9
1571325785 12
1571325786 7
1571325787 8
1571325788 10
1571325789 8
1571325790 5
1571325791 7
1571325792 6
1571325793 4
1571325794 6
1571325795 7
1571325796 7
1571325797 4
1571325798 4
1571325799 4
1571325800 4
1571325801 3
1571325802 2
1571325972 2
1571325973 3
1571325974 6
1571325975 7
1571325976 8
1571325977 8
1571325978 11
1571325979 8
1571325980 10
1571325981 13
1571325982 9
1571325983 8
1571325984 11
1571325985 10
1571325986 8
1571325987 8
1571325988 9
1571325989 6
1571325990 7
1571325991 6
1571325992 7
1571325993 7
1571325994 6
1571325995 6
1571325996 5
1571325997 4
1571325998 4
1571325999 2
1571326851 5
1571326852 5
1571326853 5
1571326854 5
1571326855 5
1571326856 5
1571326857 5
1571326858 5
1571326859 5
1571326860 5
1571326861 2
1571326862 2
1571326863 1
1571326864 2
1571326865 3
1571326866 7
1571326867 6
1571326868 5
1571326869 8
1571326870 9
1571326871 9
1571326872 10
1571326873 14
1571326874 11
1571326875 8
1571326876 8
1571326877 8
1571326878 9
1571326879 7
1571326880 9
1571326881 5
1571326882 7
1571326883 4
1571326884 8
1571326885 7
1571326886 6
1571326887 5
1571326888 6
1571326889 6
1571326890 6
1571326891 5
1571326892 5
1571326893 5
1571326894 5
1571326895 5
1571326896 5
1571326897 5
1571326898 4
1571326899 5
1571326900 4
1571326901 2
1571326902 2
1571327066 4
1571327067 5
1571327068 5
1571327069 5
1571327070 5
1571327071 6
1571327072 5
1571327073 5
1571327074 5
1571327075 5
1571327076 5
1571327077 2
1571327078 2
1571327079 2
1571327080 3
1571327081 3
1571327082 6
1571327083 5
1571327084 5
1571327085 8
1571327086 12
1571327087 9
1571327088 10
1571327089 11
1571327090 9
1571327091 7
1571327092 9
1571327093 9
1571327094 8
1571327095 6
1571327096 7
1571327097 5
1571327098 7
1571327099 8
1571327100 8
1571327101 7
1571327102 8
1571327103 8
1571327104 6
1571327105 6
1571327106 6
1571327107 5
1571327108 4
1571327109 4
1571327110 2
1571327275 4
1571327276 5
1571327277 5
1571327278 5
1571327279 5
1571327280 5
1571327281 5
1571327282 5
1571327283 5
1571327284 5
1571327285 4
1571327286 3
1571327287 2
1571327288 1
1571327289 2
1571327290 4
1571327291 7
1571327292 8
1571327293 7
1571327294 7
1571327295 7
1571327296 5
1571327297 8
1571327298 11
1571327299 9
1571327300 6
1571327301 9
1571327302 10
1571327303 9
1571327304 6
1571327305 7
1571327306 5
1571327307 8
1571327308 7
1571327309 8
1571327310 6
1571327311 5
1571327312 5
1571327313 3
1571327314 2
