1582637893 4
1582637894 4
1582637895 4
1582637896 3
1582637897 3
1582637898 3
1582637899 3
1582637900 3
1582637901 3
1582637902 2
1582637903 2
1582637904 2
1582637905 2
1582637906 3
1582637907 3
1582637908 3
1582637909 4
1582637910 3
1582637911 2
1582637912 2
1582637913 2
1582637914 2
1582637915 2
1582637916 2
1582637917 3
1582637918 2
1582637919 4
1582637920 4
1582637921 4
1582637922 4
1582637923 3
1582637924 2
1582637925 2
1582637926 2
1582637927 2
1582637928 2
1582637929 2
1582637930 2
1582637931 2
1582637932 3
1582637933 2
1582637934 3
1582637935 3
1582637936 3
1582637937 2
1582637938 2
1582637939 2
1582637940 2
1582637941 2
1582637942 2
1582637943 2
1582637944 2
1582637945 3
1582637946 2
1582637947 4
1582637948 4
1582637949 4
1582637950 5
1582637951 3
1582637952 2
1582637953 2
1582637954 2
1582637955 2
1582637956 2
1582637957 2
1582637958 2
1582637959 2
1582637960 2
1582637961 2
1582637962 3
1582637963 3
1582637964 2
1582637965 2
1582637966 2
1582637967 3
1582637968 3
1582637969 3
1582637970 2
1582637971 2
1582637972 2
1582637973 2
1582637974 2
1582637975 3
1582637976 2
1582637977 4
1582637978 4
1582637979 4
1582637980 4
1582637981 2
1582637982 2
1582637983 2
1582637984 2
1582637985 2
1582637986 2
1582637987 2
1582637988 2
1582637989 3
1582637990 3
1582637991 4
1582637992 3
1582637993 3
1582637994 2
1582637995 2
1582637996 2
1582637997 2
1582637998 2
1582637999 3
1582638000 3
1582638001 3
1582638002 4
1582638003 4
1582638004 4
1582638005 4
1582638006 4
1582638007 4
1582638008 4
1582638009 3
1582638010 3
1582638011 2
1582638012 2
1582638013 2
1582638014 2
1582638015 2
1582638016 2
1582638017 2
1582638018 2
1582638019 2
1582638020 2
1582638021 2
1582638022 2
1582638023 2
1582638024 2
1582638025 2
1582638026 3
1582638027 4
1582638028 4
1582638029 4
1582638030 4
1582638031 5
1582638032 5
1582638033 5
1582638034 5
1582638035 5
1582638036 5
1582638037 5
1582638038 5
1582638039 4
1582638040 3
1582638041 2
1582638042 2
1582638043 2
1582638044 2
1582638045 2
1582638046 2
1582638047 2
1582638048 2
1582638049 2
1582638050 2
1582638051 2
1582638052 2
1582638053 2
1582638054 2
1582638055 2
1582638056 2
1582638057 3
1582638058 5
1582638059 4
1582638060 4
1582638061 4
1582638062 4
1582638063 3
1582638064 3
1582638065 3
1582638066 3
1582638067 3
1582638068 2
1582638069 2
1582638070 2
1582638071 2
1582638072 2
1582638073 3
1582638074 3
1582638075 3
1582638076 2
1582638077 3
1582638078 2
1582638079 2
1582638080 2
1582638081 2
1582638082 2
1582638083 2
1582638084 2
1582638085 2
1582638086 3
1582638087 4
1582638088 4
1582638089 3
1582638090 3
1582638091 2
1582638092 2
1582638093 2
1582638094 2
1582638095 2
1582638096 2
1582638097 2
1582638098 2
1582638099 2
1582638100 3
1582638101 2
1582638102 2
1582638103 2
1582638104 3
1582638105 3
1582638106 2
1582638107 2
1582638108 2
1582638109 2
1582638110 2
1582638111 2
1582638112 2
1582638113 2
1582638114 2
1582638115 2
1582638116 3
1582638117 4
1582638118 4
1582638119 4
1582638120 3
1582638121 2
1582638122 2
1582638123 2
1582638124 3
1582638125 2
1582638126 2
1582638127 2
1582638128 2
1582638129 2
1582638130 3
1582638131 2
1582638132 3
1582638133 2
1582638134 2
1582638135 2
1582638136 2
1582638137 2
1582638138 2
1582638139 2
1582638140 2
1582638141 2
1582638142 2
1582638143 2
1582638144 3
1582638145 4
1582638146 4
1582638147 3
1582638148 3
1582638149 2
1582638150 2
1582638151 2
1582638152 2
1582638153 2
1582638154 2
1582638155 3
1582638156 2
1582638157 3
1582638158 2
1582638159 3
1582638160 3
1582638161 3
1582638162 2
1582638163 2
1582638164 2
1582638165 2
1582638166 2
1582638167 3
1582638168 3
1582638169 3
1582638170 4
1582638171 4
1582638172 4
1582638173 4
1582638451 4
1582638452 4
1582638453 4
1582638454 5
1582638455 3
1582638456 3
1582638457 3
1582638458 3
1582638459 3
1582638460 2
1582638461 2
1582638462 2
1582638463 2
1582638464 2
1582638465 3
1582638466 3
1582638467 3
1582638468 2
1582638469 2
1582638470 2
1582638471 2
1582638472 2
1582638473 2
1582638474 2
1582638475 2
1582638476 2
1582638477 4
1582638478 2
1582638479 4
1582638480 4
1582638481 4
1582638482 4
1582638483 2
1582638484 2
1582638485 2
1582638486 3
1582638487 2
1582638488 2
1582638489 2
1582638490 2
1582638491 2
1582638492 3
1582638493 3
1582638494 4
1582638495 3
1582638496 2
1582638497 2
1582638498 2
1582638499 2
1582638500 2
1582638501 2
1582638502 2
1582638503 2
1582638504 2
1582638505 2
1582638506 2
1582638507 4
1582638508 4
1582638509 4
1582638510 4
1582638511 2
1582638512 2
1582638513 2
1582638514 2
1582638515 2
1582638516 2
1582638517 2
1582638518 2
1582638519 2
1582638520 2
1582638521 2
1582638522 2
1582638523 4
1582638524 2
1582638525 3
1582638526 3
1582638527 3
1582638528 2
1582638529 2
1582638530 2
1582638531 2
1582638532 2
1582638533 2
1582638534 2
1582638535 2
1582638536 2
1582638537 4
1582638538 4
1582638539 4
1582638540 4
1582638541 2
1582638542 2
1582638543 2
1582638544 2
1582638545 2
1582638546 2
1582638547 2
1582638548 3
1582638549 3
1582638550 3
1582638551 3
1582638552 4
1582638553 4
1582638554 2
1582638555 2
1582638556 2
1582638557 2
1582638558 2
1582638559 2
1582638560 3
1582638561 3
1582638562 3
1582638563 4
1582638564 3
1582638565 2
1582638566 3
1582638567 4
1582638568 4
1582638569 4
1582638570 3
1582638571 3
1582638572 3
1582638573 2
1582638574 2
1582638575 2
1582638576 2
1582638577 2
1582638578 2
1582638579 2
1582638580 2
1582638581 2
1582638582 2
1582638583 2
1582638584 2
1582638585 2
1582638586 2
1582638587 2
1582638588 3
1582638589 4
1582638590 4
1582638591 4
1582638592 5
1582638593 5
1582638594 5
1582638595 5
1582638596 5
1582638597 5
1582638598 5
1582638599 5
1582638600 4
1582638601 4
1582638602 3
1582638603 2
1582638604 2
1582638605 2
1582638606 2
1582638607 2
1582638608 2
1582638609 2
1582638610 2
1582638611 2
1582638612 2
1582638613 2
1582638614 2
1582638615 3
1582638616 2
1582638617 2
1582638618 2
1582638619 3
1582638620 3
1582638621 5
1582638622 4
1582638623 4
1582638624 3
1582638625 3
1582638626 3
1582638627 3
1582638628 3
1582638629 3
1582638630 2
1582638631 2
1582638632 2
1582638633 2
1582638634 2
1582638635 2
1582638636 3
1582638637 3
1582638638 3
1582638639 3
1582638640 3
1582638641 2
1582638642 2
1582638643 2
1582638644 2
1582638645 2
1582638646 2
1582638647 2
1582638648 2
1582638649 5
1582638650 4
1582638651 4
1582638652 3
1582638653 3
1582638654 2
1582638655 2
1582638656 2
1582638657 2
1582638658 2
1582638659 2
1582638660 2
1582638661 2
1582638662 3
1582638663 2
1582638664 2
1582638665 2
1582638666 2
1582638667 2
1582638668 2
1582638669 2
1582638670 2
1582638671 2
1582638672 2
1582638673 2
1582638674 2
1582638675 2
1582638676 2
1582638677 2
1582638678 2
1582638679 5
1582638680 4
1582638681 4
1582638682 3
1582638683 2
1582638684 2
1582638685 2
1582638686 2
1582638687 2
1582638688 2
1582638689 2
1582638690 2
1582638691 2
1582638692 2
1582638693 2
1582638694 3
1582638695 2
1582638696 2
1582638697 3
1582638698 2
1582638699 2
1582638700 2
1582638701 2
1582638702 2
1582638703 2
1582638704 2
1582638705 2
1582638706 2
1582638707 5
1582638708 4
1582638709 4
1582638710 3
1582638711 3
1582638712 2
1582638713 2
1582638714 2
1582638715 2
1582638716 2
1582638717 2
1582638718 2
1582638719 2
1582638720 2
1582638721 2
1582638722 2
1582638723 3
1582638724 2
1582638725 2
1582638726 2
1582638727 2
1582638728 2
1582638729 3
1582638730 3
1582638731 3
1582638732 3
1582638733 4
1582638734 2
1582638735 4
1582638736 4
1582639526 6
1582639527 5
1582639528 5
1582639529 5
1582639530 3
1582639531 3
1582639532 3
1582639533 3
1582639534 3
1582639535 3
1582639536 2
1582639537 2
1582639538 2
1582639539 3
1582639540 3
1582639541 3
1582639542 3
1582639543 3
1582639544 3
1582639545 2
1582639546 2
1582639547 2
1582639548 2
1582639549 2
1582639550 2
1582639551 3
1582639552 2
1582639553 4
1582639554 4
1582639555 4
1582639556 3
1582639557 4
1582639558 2
1582639559 2
1582639560 2
1582639561 2
1582639562 2
1582639563 2
1582639564 2
1582639565 2
1582639566 3
1582639567 2
1582639568 3
1582639569 3
1582639570 3
1582639571 2
1582639572 2
1582639573 2
1582639574 2
1582639575 2
1582639576 2
1582639577 2
1582639578 2
1582639579 3
1582639580 2
1582639581 4
1582639582 4
1582639583 4
1582639584 3
1582639585 4
1582639586 2
1582639587 2
1582639588 2
1582639589 2
1582639590 2
1582639591 2
1582639592 2
1582639593 2
1582639594 2
1582639595 2
1582639596 3
1582639597 3
1582639598 2
1582639599 2
1582639600 2
1582639601 3
1582639602 3
1582639603 3
1582639604 2
1582639605 2
1582639606 2
1582639607 2
1582639608 2
1582639609 2
1582639610 2
1582639611 4
1582639612 4
1582639613 4
1582639614 3
1582639615 4
1582639616 2
1582639617 2
1582639618 2
1582639619 2
1582639620 2
1582639621 2
1582639622 2
1582639623 3
1582639624 2
1582639625 3
1582639626 3
1582639627 3
1582639628 3
1582639629 2
1582639630 2
1582639631 2
1582639632 2
1582639633 3
1582639634 3
1582639635 3
1582639636 3
1582639637 4
1582639638 3
1582639639 5
1582639640 4
1582639641 4
1582639642 4
1582639643 4
1582639644 3
1582639645 2
1582639646 2
1582639647 2
1582639648 2
1582639649 2
1582639650 2
1582639651 2
1582639652 2
1582639653 2
1582639654 2
1582639655 2
1582639656 2
1582639657 2
1582639658 2
1582639659 2
1582639660 2
1582639661 4
1582639662 4
1582639663 4
1582639664 5
1582639665 5
1582639666 5
1582639667 5
1582639668 5
1582639669 5
1582639670 5
1582639671 5
1582639672 5
1582639673 5
1582639674 5
1582639675 5
1582639676 5
1582639677 5
1582639678 5
1582639679 5
1582639680 5
1582639681 4
1582639682 5
1582639683 5
1582639684 5
1582639685 5
1582639686 5
1582639687 5
1582639688 5
1582639689 5
1582639690 5
1582639691 5
1582639692 5
1582639693 5
1582639694 5
1582639695 5
1582639696 5
1582639697 5
1582639698 5
1582639699 5
1582639700 5
1582639701 5
1582639702 5
1582639703 5
1582639704 5
1582639705 5
1582639706 5
1582639707 5
1582639708 5
1582639709 5
1582639710 5
1582639711 5
1582639712 5
1582639713 5
1582639714 5
1582639715 5
1582639716 5
1582639717 5
1582639718 5
1582639719 5
1582639720 5
1582639721 5
1582639722 5
1582639723 5
1582639724 5
1582639725 5
1582639726 5
1582639727 5
1582639728 5
1582639729 5
1582639730 5
1582639731 5
1582639732 4
1582639733 5
1582639734 4
1582639735 4
1582639736 4
1582639737 4
1582639738 4
1582639739 4
1582639740 4
1582639741 4
1582639742 4
1582639743 4
1582639744 4
1582639745 4
1582639746 4
1582639747 4
1582639748 4
1582639749 4
1582639750 4
1582639751 4
1582639752 5
1582639753 4
1582639754 4
1582639755 4
1582639756 4
1582639757 4
1582639758 4
1582639759 4
1582639760 5
1582639761 5
1582639762 5
1582639763 5
1582639764 5
1582639765 5
1582639766 5
1582639767 5
1582639768 5
1582639769 5
1582639770 5
1582639771 5
1582639772 5
1582639773 5
1582639774 5
1582639775 5
1582639776 5
1582639777 5
1582639778 5
1582639779 5
1582639780 5
1582639781 5
1582639782 5
1582639783 5
1582639784 5
1582639785 5
1582639786 5
1582639787 5
1582639788 5
1582639789 5
1582639790 5
1582639791 5
1582639792 5
1582639793 5
1582639794 5
1582639795 5
1582639796 5
1582639797 5
1582639798 5
1582639799 5
1582639800 5
1582639801 5
1582639802 5
1582639803 5
1582639804 5
1582639805 5
1582639806 5
1582639807 5
1582639808 5
1582639809 5
1582639810 5
1582639811 5
1582639812 5
1582639813 5
1582639814 5
1582639815 5
1582639816 5
1582639817 5
1582639818 5
1582639819 5
1582639820 5
1582639821 5
1582639822 5
1582639823 5
1582639824 5
1582639825 5
1582639826 5
1582639827 5
1582639828 5
1582639829 5
1582639830 5
1582639831 5
1582639832 5
1582639833 5
1582639834 5
1582639835 5
1582639836 5
1582639837 5
1582639838 5
1582639839 5
1582639840 5
1582639841 5
1582639842 5
1582639843 4
1582639844 5
1582639845 5
1582639846 5
1582639847 5
1582639848 5
1582639849 5
1582639850 5
1582639851 5
1582639852 5
1582639853 5
1582639854 5
1582639855 5
1582639856 5
1582639857 5
1582639858 5
1582639859 5
1582639860 5
1582639861 5
1582639862 5
1582639863 5
1582639864 5
1582639865 5
1582639866 5
1582639867 5
1582639868 5
1582639869 5
1582639870 5
1582639871 5
1582639872 5
1582639873 5
1582639874 5
1582639875 5
1582639876 5
1582639877 5
1582639878 5
1582639879 5
1582639880 5
1582639881 5
1582639882 5
1582639883 5
1582639884 5
1582639885 5
1582639886 5
1582639887 5
1582639888 5
1582639889 5
1582639890 5
1582639891 5
1582639892 5
1582639893 5
1582639894 5
1582639895 5
1582639896 5
1582639897 5
1582639898 5
1582639899 5
1582639900 5
1582639901 5
1582639902 5
1582639903 5
1582639904 5
1582639905 5
1582639906 5
1582639907 5
1582639908 5
1582639909 5
1582639910 5
1582639911 5
1582639912 5
1582639913 5
1582639914 5
1582639915 5
1582639916 5
1582639917 5
1582639918 5
1582639919 5
1582639920 5
1582639921 5
1582639922 5
1582639923 5
1582639924 5
1582639925 5
1582639926 5
1582639927 5
1582639928 5
1582639929 5
1582639930 5
1582639931 5
1582639932 5
1582639933 5
1582639934 5
1582639935 5
1582639936 5
1582639937 5
1582639938 5
1582639939 5
1582639940 5
1582639941 5
1582639942 5
1582639943 5
1582639944 5
1582639945 5
1582639946 5
1582639947 5
1582639948 5
1582639949 5
1582639950 5
1582639951 5
1582639952 5
1582639953 5
1582639954 5
1582639955 5
1582639956 5
1582639957 5
1582639958 5
1582639959 5
1582639960 5
1582639961 5
1582639962 5
1582639963 5
1582639964 5
1582639965 5
1582639966 5
1582639967 5
1582639968 5
1582639969 5
1582639970 5
1582639971 5
1582639972 5
1582639973 5
1582639974 5
1582639975 5
1582639976 5
1582639977 5
1582639978 5
1582639979 5
1582639980 5
1582639981 5
1582639982 5
1582639983 5
1582639984 5
1582639985 5
1582639986 5
1582639987 5
1582639988 5
1582639989 5
1582639990 5
1582639991 5
1582639992 5
1582639993 5
1582639994 5
1582639995 5
1582639996 5
1582639997 5
1582639998 5
1582639999 5
1582640000 5
1582640001 5
1582640002 5
1582640003 5
1582640004 5
1582640005 5
1582640006 5
1582640007 5
1582640008 5
1582640009 5
1582640010 5
1582640011 5
1582640012 5
1582640013 5
1582640014 5
1582640015 5
1582640016 5
1582640017 5
1582640018 5
1582640019 5
1582640020 5
1582640021 5
1582640022 5
1582640023 5
1582640024 5
1582640025 5
1582640026 5
1582640027 4
1582640028 5
1582640029 5
1582640030 5
1582640031 5
1582640032 5
1582640033 4
1582640034 4
1582640035 2
1582640036 2
1582640037 2
1582640038 2
1582640039 2
1582640040 2
1582640041 2
1582640042 2
1582640043 2
1582640044 2
1582640045 2
1582640046 2
1582640047 2
1582640048 2
1582640049 2
1582640050 2
1582640051 3
1582640052 3
1582640053 5
1582640054 4
1582640055 4
1582640056 3
1582640057 3
1582640058 3
1582640059 3
1582640060 3
1582640061 3
1582640062 3
1582640063 2
1582640064 3
1582640065 2
1582640066 2
1582640067 3
1582640068 3
1582640069 3
1582640070 2
1582640071 2
1582640072 2
1582640073 2
1582640074 2
1582640075 2
1582640076 2
1582640077 2
1582640078 2
1582640079 2
1582640080 2
1582640081 4
1582640082 4
1582640083 3
1582640084 3
1582640085 2
1582640086 2
1582640087 2
1582640088 2
1582640089 1
1582640090 2
1582640091 2
1582640092 2
1582640093 2
1582640094 2
1582640095 2
1582640096 2
1582640097 3
1582640098 2
1582640099 2
1582640100 2
1582640101 2
1582640102 3
1582640103 2
1582640104 2
1582640105 2
1582640106 2
1582640107 2
1582640108 2
1582640109 2
1582640110 2
1582640111 2
1582640112 2
1582640113 2
1582640114 5
1582640115 4
1582640116 4
1582640117 3
1582640118 3
1582640119 2
1582640120 2
1582640121 2
1582640122 2
1582640123 2
1582640124 2
1582640125 2
1582640126 2
1582640127 2
1582640128 3
1582640129 2
1582640130 3
1582640131 2
1582640132 2
1582640133 2
1582640134 2
1582640135 2
1582640136 2
1582640137 2
1582640138 2
1582640139 2
1582640140 2
1582640141 2
1582640142 3
1582640143 4
1582640144 4
1582640145 4
1582640146 3
1582640147 2
1582640148 2
1582640149 2
1582640150 2
1582640151 2
1582640152 2
1582640153 3
1582640154 2
1582640155 3
1582640156 2
1582640157 3
1582640158 3
1582640159 2
1582640160 2
1582640161 2
1582640162 2
1582640163 2
1582640164 2
1582640165 3
1582640166 3
1582640167 3
1582640168 4
1582640169 4
1582640170 4
1582640171 5
1582640704 4
1582640705 4
1582640706 4
1582640707 4
1582640708 3
1582640709 3
1582640710 3
1582640711 3
1582640712 3
1582640713 2
1582640714 2
1582640715 2
1582640716 2
1582640717 3
1582640718 3
1582640719 3
1582640720 2
1582640721 2
1582640722 3
1582640723 2
1582640724 3
1582640725 2
1582640726 2
1582640727 2
1582640728 2
1582640729 3
1582640730 2
1582640731 4
1582640732 4
1582640733 4
1582640734 3
1582640735 3
1582640736 2
1582640737 2
1582640738 2
1582640739 2
1582640740 2
1582640741 2
1582640742 2
1582640743 2
1582640744 3
1582640745 2
1582640746 2
1582640747 4
1582640748 3
1582640749 2
1582640750 2
1582640751 2
1582640752 2
1582640753 2
1582640754 2
1582640755 2
1582640756 2
1582640757 3
1582640758 2
1582640759 4
1582640760 4
1582640761 4
1582640762 3
1582640763 3
1582640764 3
1582640765 2
1582640766 2
1582640767 2
1582640768 2
1582640769 2
1582640770 2
1582640771 2
1582640772 2
1582640773 2
1582640774 3
1582640775 2
1582640776 2
1582640777 2
1582640778 2
1582640779 2
1582640780 3
1582640781 2
1582640782 3
1582640783 2
1582640784 2
1582640785 3
1582640786 2
1582640787 2
1582640788 2
1582640789 3
1582640790 1
1582640791 2
1582640792 3
1582640793 3
1582640794 3
1582640795 4
1582640796 4
1582640797 2
1582640798 2
1582640799 3
1582640800 2
1582640801 2
1582640802 3
1582640803 2
1582640804 2
1582640805 2
1582640806 3
1582640807 4
1582640808 2
1582640809 2
1582640810 2
1582640811 3
1582640812 2
1582640813 3
1582640814 3
1582640815 3
1582640816 3
1582640817 4
1582640818 4
1582640819 4
1582640820 4
1582640821 4
1582640822 4
1582640823 4
1582640824 3
1582640825 2
1582640826 2
1582640827 2
1582640828 2
1582640829 2
1582640830 2
1582640831 2
1582640832 2
1582640833 2
1582640834 2
1582640835 2
1582640836 2
1582640837 2
1582640838 2
1582640839 2
1582640840 2
1582640841 4
1582640842 5
1582640843 4
1582640844 4
1582640845 5
1582640846 5
1582640847 5
1582640848 5
1582640849 5
1582640850 4
1582640851 5
1582640852 5
1582640853 5
1582640854 4
1582640855 4
1582640856 2
1582640857 2
1582640858 2
1582640859 2
1582640860 2
1582640861 2
1582640862 2
1582640863 2
1582640864 2
1582640865 2
1582640866 2
1582640867 2
1582640868 2
1582640869 2
1582640870 2
1582640871 3
1582640872 3
1582640873 5
1582640874 4
1582640875 4
1582640876 4
1582640877 4
1582640878 3
1582640879 3
1582640880 3
1582640881 4
1582640882 3
1582640883 3
1582640884 2
1582640885 2
1582640886 2
1582640887 2
1582640888 3
1582640889 3
1582640890 2
1582640891 3
1582640892 2
1582640893 2
1582640894 2
1582640895 2
1582640896 2
1582640897 2
1582640898 2
1582640899 2
1582640900 3
1582640901 3
1582640902 4
1582640903 4
1582640904 3
1582640905 2
1582640906 2
1582640907 2
1582640908 2
1582640909 1
1582640910 2
1582640911 2
1582640912 2
1582640913 2
1582640914 2
1582640915 3
1582640916 3
1582640917 1
1582640918 1
1582640919 1
1582640920 2
1582640921 2
1582640922 2
1582640923 2
1582640924 2
1582640925 2
1582640926 2
1582640927 2
1582640928 2
1582640929 2
1582640930 2
1582640931 2
1582640932 3
1582640933 4
1582640934 4
1582640935 4
1582640936 3
1582640937 2
1582640938 2
1582640939 2
1582640940 2
1582640941 2
1582640942 2
1582640943 2
1582640944 2
1582640945 2
1582640946 3
1582640947 2
1582640948 3
1582640949 2
1582640950 2
1582640951 2
1582640952 2
1582640953 2
1582640954 2
1582640955 2
1582640956 2
1582640957 2
1582640958 2
1582640959 2
1582640960 2
1582640961 4
1582640962 4
1582640963 4
1582640964 3
1582640965 2
1582640966 2
1582640967 2
1582640968 2
1582640969 2
1582640970 2
1582640971 3
1582640972 2
1582640973 4
1582640974 3
1582640975 4
1582640976 3
1582640977 2
1582640978 2
1582640979 2
1582640980 2
1582640981 2
1582640982 2
1582640983 3
1582640984 3
1582640985 3
1582640986 4
1582640987 4
1582640988 4
1582640989 5
1582641264 4
1582641265 4
1582641266 5
1582641267 3
1582641268 3
1582641269 3
1582641270 3
1582641271 2
1582641272 2
1582641273 2
1582641274 2
1582641275 2
1582641276 2
1582641277 3
1582641278 3
1582641279 2
1582641280 2
1582641281 2
1582641282 3
1582641283 3
1582641284 2
1582641285 2
1582641286 2
1582641287 2
1582641288 3
1582641289 2
1582641290 4
1582641291 4
1582641292 4
1582641293 4
1582641294 2
1582641295 2
1582641296 2
1582641297 2
1582641298 2
1582641299 2
1582641300 2
1582641301 2
1582641302 2
1582641303 2
1582641304 2
1582641305 3
1582641306 4
1582641307 2
1582641308 2
1582641309 2
1582641310 2
1582641311 2
1582641312 2
1582641313 2
1582641314 2
1582641315 2
1582641316 2
1582641317 3
1582641318 2
1582641319 4
1582641320 4
1582641321 5
1582641322 2
1582641323 2
1582641324 2
1582641325 2
1582641326 2
1582641327 2
1582641328 2
1582641329 2
1582641330 2
1582641331 2
1582641332 2
1582641333 2
1582641334 4
1582641335 2
1582641336 2
1582641337 2
1582641338 4
1582641339 2
1582641340 2
1582641341 2
1582641342 2
1582641343 2
1582641344 2
1582641345 2
1582641346 2
1582641347 3
1582641348 2
1582641349 4
1582641350 4
1582641351 4
1582641352 4
1582641353 2
1582641354 2
1582641355 2
1582641356 2
1582641357 2
1582641358 2
1582641359 2
1582641360 3
1582641361 4
1582641362 4
1582641363 5
1582641364 4
1582641365 2
1582641366 2
1582641367 2
1582641368 2
1582641369 2
1582641370 2
1582641371 3
1582641372 3
1582641373 3
1582641374 3
1582641375 4
1582641376 3
1582641377 4
1582641378 4
1582641379 4
1582641380 3
1582641381 3
1582641382 3
1582641383 2
1582641384 2
1582641385 2
1582641386 2
1582641387 2
1582641388 2
1582641389 2
1582641390 2
1582641391 2
1582641392 2
1582641393 2
1582641394 2
1582641395 2
1582641396 2
1582641397 2
1582641398 3
1582641399 4
1582641400 4
1582641401 4
1582641402 5
1582641403 5
1582641404 5
1582641405 5
1582641406 5
1582641407 5
1582641408 5
1582641409 5
1582641410 4
1582641411 4
1582641412 3
1582641413 2
1582641414 2
1582641415 2
1582641416 2
1582641417 2
1582641418 2
1582641419 2
1582641420 2
1582641421 2
1582641422 2
1582641423 2
1582641424 2
1582641425 2
1582641426 2
1582641427 2
1582641428 2
1582641429 3
1582641430 3
1582641431 4
1582641432 4
1582641433 4
1582641434 3
1582641435 3
1582641436 3
1582641437 3
1582641438 3
1582641439 3
1582641440 2
1582641441 2
1582641442 2
1582641443 2
1582641444 2
1582641445 3
1582641446 3
1582641447 3
1582641448 3
1582641449 3
1582641450 4
1582641451 3
1582641452 3
1582641453 3
1582641454 2
1582641455 2
1582641456 2
1582641457 3
1582641458 3
1582641459 4
1582641460 4
1582641461 3
1582641462 3
1582641463 2
1582641464 2
1582641465 2
1582641466 2
1582641467 1
1582641468 3
1582641469 2
1582641470 2
1582641471 2
1582641472 2
1582641473 3
1582641474 1
1582641475 1
1582641476 1
1582641477 1
1582641478 1
1582641479 1
1582641480 1
1582641481 1
1582641482 1
1582641483 1
1582641484 1
1582641485 1
1582641486 1
1582641487 1
1582641488 1
1582641489 1
1582641490 1
1582641491 2
1582641492 3
1582641493 4
1582641494 3
1582641495 4
1582641496 4
1582641497 3
1582641498 2
1582641499 2
1582641500 2
1582641501 2
1582641502 2
1582641503 2
1582641504 2
1582641505 2
1582641506 2
1582641507 2
1582641508 2
1582641509 2
1582641510 3
1582641511 3
1582641512 2
1582641513 2
1582641514 2
1582641515 2
1582641516 2
1582641517 2
1582641518 2
1582641519 2
1582641520 3
1582641521 4
1582641522 4
1582641523 3
1582641524 3
1582641525 2
1582641526 2
1582641527 2
1582641528 2
1582641529 3
1582641530 3
1582641531 2
1582641532 3
1582641533 3
1582641534 3
1582641535 3
1582641536 2
1582641537 2
1582641538 2
1582641539 2
1582641540 2
1582641541 2
1582641542 3
1582641543 3
1582641544 3
1582641545 3
1582641546 4
1582641547 3
1582641548 4
1582641834 4
1582641835 4
1582641836 5
1582641837 3
1582641838 3
1582641839 3
1582641840 3
1582641841 3
1582641842 2
1582641843 2
1582641844 2
1582641845 2
1582641846 2
1582641847 3
1582641848 3
1582641849 3
1582641850 2
1582641851 4
1582641852 4
1582641853 2
1582641854 2
1582641855 2
1582641856 2
1582641857 2
1582641858 2
1582641859 4
1582641860 2
1582641861 4
1582641862 4
1582641863 4
1582641864 4
1582641865 2
1582641866 2
1582641867 2
1582641868 2
1582641869 2
1582641870 2
1582641871 2
1582641872 3
1582641873 2
1582641874 3
1582641875 2
1582641876 3
1582641877 3
1582641878 2
1582641879 2
1582641880 2
1582641881 2
1582641882 2
1582641883 2
1582641884 2
1582641885 2
1582641886 2
1582641887 3
1582641888 2
1582641889 4
1582641890 4
1582641891 4
1582641892 5
1582641893 2
1582641894 2
1582641895 2
1582641896 2
1582641897 2
1582641898 2
1582641899 2
1582641900 2
1582641901 2
1582641902 2
1582641903 1
1582641904 2
1582641905 2
1582641906 3
1582641907 2
1582641908 2
1582641909 2
1582641910 2
1582641911 2
1582641912 2
1582641913 2
1582641914 2
1582641915 2
1582641916 2
1582641917 2
1582641918 2
1582641919 2
1582641920 2
1582641921 3
1582641922 4
1582641923 4
1582641924 4
1582641925 4
1582641926 2
1582641927 2
1582641928 2
1582641929 2
1582641930 2
1582641931 2
1582641932 3
1582641933 2
1582641934 2
1582641935 3
1582641936 4
1582641937 4
1582641938 3
1582641939 2
1582641940 2
1582641941 2
1582641942 2
1582641943 3
1582641944 3
1582641945 3
1582641946 3
1582641947 4
1582641948 3
1582641949 3
1582641950 4
1582641951 4
1582641952 4
1582641953 5
1582641954 3
1582641955 2
1582641956 2
1582641957 2
1582641958 2
1582641959 2
1582641960 2
1582641961 2
1582641962 2
1582641963 2
1582641964 2
1582641965 2
1582641966 2
1582641967 2
1582641968 2
1582641969 2
1582641970 2
1582641971 4
1582641972 4
1582641973 4
1582641974 4
1582641975 5
1582641976 5
1582641977 5
1582641978 5
1582641979 6
1582641980 4
1582641981 4
1582641982 4
1582641983 4
1582641984 4
1582641985 4
1582641986 4
1582641987 2
1582641988 2
1582641989 2
1582641990 2
1582641991 2
1582641992 2
1582641993 2
1582641994 2
1582641995 2
1582641996 2
1582641997 2
1582641998 2
1582641999 2
1582642000 2
1582642001 2
1582642002 2
1582642003 3
1582642004 3
1582642005 5
1582642006 4
1582642007 4
1582642008 4
1582642009 3
1582642010 3
1582642011 3
1582642012 4
1582642013 3
1582642014 3
1582642015 2
1582642016 2
1582642017 2
1582642018 2
1582642019 2
1582642020 3
1582642021 3
1582642022 3
1582642023 2
1582642024 2
1582642025 2
1582642026 2
1582642027 2
1582642028 2
1582642029 2
1582642030 2
1582642031 2
1582642032 2
1582642033 5
1582642034 4
1582642035 4
1582642036 3
1582642037 3
1582642038 2
1582642039 2
1582642040 2
1582642041 2
1582642042 2
1582642043 2
1582642044 2
1582642045 2
1582642046 2
1582642047 4
1582642048 2
1582642049 2
1582642050 2
1582642051 3
1582642052 3
1582642053 2
1582642054 2
1582642055 2
1582642056 2
1582642057 2
1582642058 2
1582642059 2
1582642060 2
1582642061 2
1582642062 3
1582642063 3
1582642064 4
1582642065 4
1582642066 4
1582642067 2
1582642068 2
1582642069 2
1582642070 2
1582642071 2
1582642072 2
1582642073 2
1582642074 2
1582642075 2
1582642076 2
1582642077 3
1582642078 2
1582642079 4
1582642080 3
1582642081 4
1582642082 3
1582642083 2
1582642084 2
1582642085 2
1582642086 2
1582642087 2
1582642088 2
1582642089 2
1582642090 2
1582642091 3
1582642092 4
1582642093 4
1582642094 3
1582642095 3
1582642096 2
1582642097 2
1582642098 2
1582642099 2
1582642100 2
1582642101 2
1582642102 3
1582642103 2
1582642104 3
1582642105 2
1582642106 2
1582642107 2
1582642108 2
1582642109 2
1582642110 2
1582642111 2
1582642112 2
1582642113 2
1582642114 3
1582642115 3
1582642116 3
1582642117 4
1582642118 4
1582642119 4
1582642120 4
1582642402 5
1582642403 6
1582642404 5
1582642405 4
1582642406 3
1582642407 3
1582642408 3
1582642409 3
1582642410 2
1582642411 3
1582642412 2
1582642413 2
1582642414 2
1582642415 3
1582642416 3
1582642417 3
1582642418 3
1582642419 2
1582642420 2
1582642421 2
1582642422 2
1582642423 2
1582642424 2
1582642425 2
1582642426 2
1582642427 4
1582642428 2
1582642429 4
1582642430 4
1582642431 5
1582642432 3
1582642433 3
1582642434 2
1582642435 2
1582642436 2
1582642437 2
1582642438 2
1582642439 2
1582642440 2
1582642441 2
1582642442 3
1582642443 2
1582642444 2
1582642445 2
1582642446 2
1582642447 2
1582642448 2
1582642449 3
1582642450 2
1582642451 2
1582642452 2
1582642453 2
1582642454 2
1582642455 3
1582642456 2
1582642457 4
1582642458 4
1582642459 4
1582642460 4
1582642461 3
1582642462 2
1582642463 2
1582642464 2
1582642465 2
1582642466 2
1582642467 2
1582642468 2
1582642469 2
1582642470 2
1582642471 2
1582642472 2
1582642473 4
1582642474 2
1582642475 2
1582642476 2
1582642477 2
1582642478 2
1582642479 2
1582642480 2
1582642481 2
1582642482 2
1582642483 2
1582642484 2
1582642485 2
1582642486 3
1582642487 2
1582642488 4
1582642489 4
1582642490 4
1582642491 3
1582642492 2
1582642493 2
1582642494 2
1582642495 2
1582642496 2
1582642497 2
1582642498 2
1582642499 3
1582642500 4
1582642501 2
1582642502 2
1582642503 3
1582642504 2
1582642505 2
1582642506 2
1582642507 2
1582642508 2
1582642509 2
1582642510 3
1582642511 3
1582642512 3
1582642513 3
1582642514 4
1582642515 3
1582642516 4
1582642517 4
1582642518 4
1582642519 5
1582642520 3
1582642521 3
1582642522 2
1582642523 2
1582642524 2
1582642525 2
1582642526 2
1582642527 2
1582642528 2
1582642529 2
1582642530 2
1582642531 2
1582642532 2
1582642533 2
1582642534 2
1582642535 2
1582642536 2
1582642537 2
1582642538 4
1582642539 4
1582642540 4
1582642541 4
1582642542 5
1582642543 5
1582642544 5
1582642545 5
1582642546 5
1582642547 5
1582642548 5
1582642549 4
1582642550 3
1582642551 3
1582642552 3
1582642553 2
1582642554 2
1582642555 1
1582642556 2
1582642557 3
1582642558 2
1582642559 2
1582642560 2
1582642561 2
1582642562 2
1582642563 2
1582642564 2
1582642565 2
1582642566 2
1582642567 2
1582642568 2
1582642569 2
1582642570 3
1582642571 3
1582642572 5
1582642573 4
1582642574 4
1582642575 4
1582642576 4
1582642577 3
1582642578 3
1582642579 3
1582642580 3
1582642581 3
1582642582 2
1582642583 2
1582642584 2
1582642585 2
1582642586 2
1582642587 3
1582642588 3
1582642589 3
1582642590 3
1582642591 3
1582642592 3
1582642593 2
1582642594 2
1582642595 2
1582642596 2
1582642597 2
1582642598 2
1582642599 2
1582642600 3
1582642601 4
1582642602 4
1582642603 3
1582642604 2
1582642605 2
1582642606 2
1582642607 2
1582642608 2
1582642609 2
1582642610 2
1582642611 2
1582642612 2
1582642613 3
1582642614 2
1582642615 2
1582642616 2
1582642617 2
1582642618 2
1582642619 2
1582642620 2
1582642621 2
1582642622 2
1582642623 2
1582642624 2
1582642625 2
1582642626 2
1582642627 2
1582642628 2
1582642629 2
1582642630 4
1582642631 4
1582642632 4
1582642633 4
1582642634 4
1582642635 3
1582642636 3
1582642637 2
1582642638 2
1582642639 2
1582642640 2
1582642641 2
1582642642 2
1582642643 2
1582642644 3
1582642645 2
1582642646 3
1582642647 2
1582642648 4
1582642649 4
1582642650 4
1582642651 3
1582642652 2
1582642653 2
1582642654 2
1582642655 2
1582642656 2
1582642657 2
1582642658 3
1582642659 4
1582642660 4
1582642661 4
1582642662 3
1582642663 2
1582642664 2
1582642665 2
1582642666 2
1582642667 2
1582642668 3
1582642669 3
1582642670 3
1582642671 3
1582642672 2
1582642673 3
1582642674 4
1582642675 3
1582642676 2
1582642677 2
1582642678 2
1582642679 2
1582642680 2
1582642681 3
1582642682 3
1582642683 3
1582642684 3
1582642685 4
1582642686 3
1582642687 4
1582642976 4
1582642977 4
1582642978 3
1582642979 5
1582642980 3
1582642981 3
1582642982 3
1582642983 3
1582642984 2
1582642985 2
1582642986 2
1582642987 2
1582642988 2
1582642989 3
1582642990 3
1582642991 3
1582642992 2
1582642993 4
1582642994 2
1582642995 2
1582642996 2
1582642997 2
1582642998 2
1582642999 2
1582643000 2
1582643001 3
1582643002 2
1582643003 4
1582643004 4
1582643005 4
1582643006 4
1582643007 3
1582643008 2
1582643009 2
1582643010 2
1582643011 2
1582643012 2
1582643013 2
1582643014 2
1582643015 3
1582643016 2
1582643017 3
1582643018 2
1582643019 3
1582643020 2
1582643021 2
1582643022 2
1582643023 2
1582643024 2
1582643025 2
1582643026 2
1582643027 2
1582643028 2
1582643029 2
1582643030 3
1582643031 2
1582643032 4
1582643033 4
1582643034 4
1582643035 4
1582643036 3
1582643037 2
1582643038 2
1582643039 2
1582643040 2
1582643041 2
1582643042 2
1582643043 2
1582643044 2
1582643045 2
1582643046 2
1582643047 3
1582643048 2
1582643049 2
1582643050 3
1582643051 3
1582643052 3
1582643053 3
1582643054 2
1582643055 2
1582643056 2
1582643057 2
1582643058 2
1582643059 2
1582643060 3
1582643061 2
1582643062 4
1582643063 4
1582643064 4
1582643065 4
1582643066 3
1582643067 2
1582643068 2
1582643069 2
1582643070 2
1582643071 2
1582643072 2
1582643073 2
1582643074 2
1582643075 2
1582643076 2
1582643077 4
1582643078 3
1582643079 2
1582643080 2
1582643081 2
1582643082 2
1582643083 2
1582643084 3
1582643085 3
1582643086 3
1582643087 3
1582643088 4
1582643089 3
1582643090 3
1582643091 4
1582643092 4
1582643093 4
1582643094 3
1582643095 3
1582643096 3
1582643097 2
1582643098 2
1582643099 2
1582643100 2
1582643101 2
1582643102 2
1582643103 2
1582643104 2
1582643105 2
1582643106 2
1582643107 2
1582643108 2
1582643109 2
1582643110 2
1582643111 2
1582643112 4
1582643113 4
1582643114 4
1582643115 5
1582643116 5
1582643117 5
1582643118 5
1582643119 5
1582643120 6
1582643121 5
1582643122 5
1582643123 5
1582643124 5
1582643125 4
1582643126 2
1582643127 2
1582643128 2
1582643129 2
1582643130 3
1582643131 2
1582643132 2
1582643133 2
1582643134 2
1582643135 2
1582643136 2
1582643137 2
1582643138 2
1582643139 2
1582643140 2
1582643141 2
1582643142 2
1582643143 3
1582643144 3
1582643145 5
1582643146 4
1582643147 4
1582643148 2
1582643149 3
1582643150 3
1582643151 2
1582643152 2
1582643153 2
1582643154 2
1582643155 2
1582643156 2
1582643157 2
1582643158 2
1582643159 2
1582643160 3
1582643161 3
1582643162 2
1582643163 2
1582643164 2
1582643165 2
1582643166 2
1582643167 2
1582643168 2
1582643169 2
1582643170 2
1582643171 2
1582643172 2
1582643173 2
1582643174 3
1582643175 4
1582643176 4
1582643177 3
1582643178 2
1582643179 2
1582643180 2
1582643181 2
1582643182 2
1582643183 2
1582643184 2
1582643185 2
1582643186 2
1582643187 3
1582643188 2
1582643189 2
1582643190 2
1582643191 2
1582643192 2
1582643193 2
1582643194 2
1582643195 2
1582643196 2
1582643197 2
1582643198 2
1582643199 2
1582643200 2
1582643201 2
1582643202 2
1582643203 2
1582643204 3
1582643205 4
1582643206 4
1582643207 3
1582643208 2
1582643209 2
1582643210 2
1582643211 2
1582643212 2
1582643213 2
1582643214 2
1582643215 2
1582643216 2
1582643217 2
1582643218 3
1582643219 2
1582643220 2
1582643221 2
1582643222 2
1582643223 2
1582643224 2
1582643225 2
1582643226 2
1582643227 2
1582643228 2
1582643229 2
1582643230 2
1582643231 2
1582643232 2
1582643233 5
1582643234 4
1582643235 4
1582643236 3
1582643237 2
1582643238 2
1582643239 2
1582643240 2
1582643241 2
1582643242 3
1582643243 2
1582643244 2
1582643245 2
1582643246 2
1582643247 2
1582643248 2
1582643249 2
1582643250 2
1582643251 2
1582643252 2
1582643253 3
1582643254 2
1582643255 2
1582643256 3
1582643257 3
1582643258 2
1582643259 3
1582643260 2
1582643261 3
1582643262 4
1582643579 5
1582643580 4
1582643581 4
1582643582 4
1582643583 3
1582643584 3
1582643585 3
1582643586 3
1582643587 3
1582643588 2
1582643589 2
1582643590 2
1582643591 2
1582643592 3
1582643593 3
1582643594 3
1582643595 3
1582643596 2
1582643597 3
1582643598 3
1582643599 2
1582643600 2
1582643601 2
1582643602 2
1582643603 2
1582643604 3
1582643605 2
1582643606 4
1582643607 4
1582643608 4
1582643609 3
1582643610 3
1582643611 2
1582643612 2
1582643613 2
1582643614 2
1582643615 2
1582643616 2
1582643617 2
1582643618 2
1582643619 3
1582643620 2
1582643621 2
1582643622 4
1582643623 3
1582643624 2
1582643625 2
1582643626 2
1582643627 2
1582643628 2
1582643629 2
1582643630 2
1582643631 2
1582643632 3
1582643633 2
1582643634 4
1582643635 4
1582643636 4
1582643637 3
1582643638 3
1582643639 2
1582643640 2
1582643641 2
1582643642 2
1582643643 2
1582643644 2
1582643645 2
1582643646 2
1582643647 2
1582643648 2
1582643649 3
1582643650 2
1582643651 2
1582643652 2
1582643653 2
1582643654 2
1582643655 2
1582643656 3
1582643657 2
1582643658 2
1582643659 2
1582643660 2
1582643661 2
1582643662 4
1582643663 2
1582643664 4
1582643665 4
1582643666 4
1582643667 3
1582643668 3
1582643669 2
1582643670 2
1582643671 2
1582643672 2
1582643673 2
1582643674 3
1582643675 2
1582643676 3
1582643677 2
1582643678 3
1582643679 3
1582643680 3
1582643681 2
1582643682 2
1582643683 2
1582643684 2
1582643685 3
1582643686 3
1582643687 3
1582643688 3
1582643689 4
1582643690 3
1582643691 4
1582643692 4
1582643693 4
1582643694 4
1582643695 4
1582643696 3
1582643697 2
1582643698 2
1582643699 2
1582643700 2
1582643701 2
1582643702 2
1582643703 2
1582643704 2
1582643705 2
1582643706 2
1582643707 2
1582643708 2
1582643709 2
1582643710 2
1582643711 2
1582643712 2
1582643713 4
1582643714 5
1582643715 4
1582643716 4
1582643717 5
1582643718 5
1582643719 5
1582643720 5
1582643721 5
1582643722 4
1582643723 4
1582643724 4
1582643725 4
1582643726 4
1582643727 3
1582643728 2
1582643729 2
1582643730 2
1582643731 2
1582643732 2
1582643733 2
1582643734 2
1582643735 2
1582643736 2
1582643737 2
1582643738 2
1582643739 2
1582643740 2
1582643741 2
1582643742 2
1582643743 3
1582643744 3
1582643745 5
1582643746 4
1582643747 4
1582643748 4
1582643749 4
1582643750 4
1582643751 3
1582643752 3
1582643753 3
1582643754 3
1582643755 2
1582643756 2
1582643757 2
1582643758 2
1582643759 3
1582643760 3
1582643761 3
1582643762 2
1582643763 2
1582643764 2
1582643765 2
1582643766 2
1582643767 2
1582643768 2
1582643769 2
1582643770 2
1582643771 2
1582643772 2
1582643773 4
1582643774 4
1582643775 4
1582643776 2
1582643777 2
1582643778 2
1582643779 2
1582643780 2
1582643781 3
1582643782 2
1582643783 2
1582643784 2
1582643785 2
1582643786 4
1582643787 2
1582643788 2
1582643789 2
1582643790 3
1582643791 2
1582643792 2
1582643793 2
1582643794 2
1582643795 2
1582643796 2
1582643797 2
1582643798 2
1582643799 2
1582643800 2
1582643801 3
1582643802 3
1582643803 4
1582643804 5
1582643805 5
1582643806 4
1582643807 3
1582643808 3
1582643809 2
1582643810 2
1582643811 2
1582643812 2
1582643813 2
1582643814 2
1582643815 2
1582643816 3
1582643817 2
1582643818 3
1582643819 2
1582643820 2
1582643821 2
1582643822 2
1582643823 2
1582643824 2
1582643825 2
1582643826 2
1582643827 2
1582643828 2
1582643829 2
1582643830 2
1582643831 4
1582643832 4
1582643833 4
1582643834 3
1582643835 2
1582643836 2
1582643837 2
1582643838 2
1582643839 2
1582643840 2
1582643841 2
1582643842 3
1582643843 3
1582643844 2
1582643845 2
1582643846 3
1582643847 3
1582643848 2
1582643849 2
1582643850 2
1582643851 2
1582643852 2
1582643853 3
1582643854 3
1582643855 3
1582643856 3
1582643857 4
1582643858 3
1582643859 5
1582644135 6
1582644136 6
1582644137 5
1582644138 6
1582644139 3
1582644140 3
1582644141 3
1582644142 3
1582644143 2
1582644144 2
1582644145 2
1582644146 2
1582644147 2
1582644148 3
1582644149 3
1582644150 3
1582644151 3
1582644152 4
1582644153 2
1582644154 2
1582644155 2
1582644156 2
1582644157 2
1582644158 2
1582644159 2
1582644160 4
1582644161 2
1582644162 4
1582644163 4
1582644164 4
1582644165 4
1582644166 2
1582644167 2
1582644168 2
1582644169 3
1582644170 2
1582644171 2
1582644172 2
1582644173 3
1582644174 2
1582644175 3
1582644176 2
1582644177 2
1582644178 2
1582644179 2
1582644180 2
1582644181 2
1582644182 2
1582644183 2
1582644184 2
1582644185 2
1582644186 2
1582644187 2
1582644188 3
1582644189 2
1582644190 4
1582644191 4
1582644192 4
1582644193 4
1582644194 2
1582644195 2
1582644196 2
1582644197 2
1582644198 2
1582644199 2
1582644200 2
1582644201 2
1582644202 2
1582644203 2
1582644204 2
1582644205 3
1582644206 2
1582644207 2
1582644208 3
1582644209 3
1582644210 2
1582644211 2
1582644212 2
1582644213 2
1582644214 2
1582644215 2
1582644216 2
1582644217 2
1582644218 3
1582644219 2
1582644220 4
1582644221 5
1582644222 6
1582644223 6
1582644224 4
1582644225 3
1582644226 2
1582644227 2
1582644228 2
1582644229 2
1582644230 2
1582644231 3
1582644232 3
1582644233 3
1582644234 4
1582644235 4
1582644236 2
1582644237 2
1582644238 2
1582644239 2
1582644240 2
1582644241 2
1582644242 3
1582644243 3
1582644244 3
1582644245 4
1582644246 4
1582644247 3
1582644248 4
1582644249 4
1582644250 4
1582644251 3
1582644252 3
1582644253 3
1582644254 2
1582644255 2
1582644256 2
1582644257 2
1582644258 2
1582644259 2
1582644260 2
1582644261 2
1582644262 2
1582644263 2
1582644264 2
1582644265 2
1582644266 2
1582644267 2
1582644268 2
1582644269 3
1582644270 4
1582644271 4
1582644272 4
1582644273 5
1582644274 5
1582644275 5
1582644276 5
1582644277 6
1582644278 6
1582644279 6
1582644280 5
1582644281 5
1582644282 4
1582644283 3
1582644284 2
1582644285 2
1582644286 3
1582644287 2
1582644288 2
1582644289 2
1582644290 2
1582644291 2
1582644292 2
1582644293 2
1582644294 2
1582644295 2
1582644296 2
1582644297 2
1582644298 2
1582644299 2
1582644300 3
1582644301 3
1582644302 5
1582644303 4
1582644304 4
1582644305 3
1582644306 3
1582644307 3
1582644308 3
1582644309 3
1582644310 3
1582644311 2
1582644312 2
1582644313 2
1582644314 2
1582644315 2
1582644316 2
1582644317 3
1582644318 3
1582644319 3
1582644320 2
1582644321 3
1582644322 3
1582644323 3
1582644324 2
1582644325 2
1582644326 2
1582644327 2
1582644328 2
1582644329 3
1582644330 3
1582644331 4
1582644332 4
1582644333 4
1582644334 3
1582644335 2
1582644336 2
1582644337 2
1582644338 2
1582644339 2
1582644340 2
1582644341 2
1582644342 2
1582644343 2
1582644344 3
1582644345 2
1582644346 2
1582644347 2
1582644348 2
1582644349 2
1582644350 2
1582644351 2
1582644352 2
1582644353 2
1582644354 2
1582644355 2
1582644356 2
1582644357 2
1582644358 2
1582644359 2
1582644360 2
1582644361 5
1582644362 4
1582644363 4
1582644364 3
1582644365 3
1582644366 2
1582644367 2
1582644368 2
1582644369 2
1582644370 2
1582644371 2
1582644372 2
1582644373 2
1582644374 2
1582644375 2
1582644376 2
1582644377 3
1582644378 2
1582644379 3
1582644380 3
1582644381 2
1582644382 2
1582644383 2
1582644384 2
1582644385 2
1582644386 2
1582644387 2
1582644388 2
1582644389 2
1582644390 5
1582644391 4
1582644392 4
1582644393 3
1582644394 3
1582644395 2
1582644396 2
1582644397 2
1582644398 2
1582644399 2
1582644400 2
1582644401 3
1582644402 3
1582644403 3
1582644404 3
1582644405 3
1582644406 4
1582644407 2
1582644408 2
1582644409 2
1582644410 2
1582644411 2
1582644412 3
1582644413 3
1582644414 3
1582644415 2
1582644416 3
1582644417 2
1582644418 4
1582644419 4
