1582193258 2
1582193259 2
1582193260 2
1582193261 2
1582193262 2
1582193263 2
1582193264 3
1582193265 3
1582193266 3
1582193267 4
1582193268 4
1582193269 3
1582193270 4
1582193271 3
1582193272 2
1582193273 2
1582193274 1
1582193275 1
1582193276 1
1582193277 3
1582193278 3
1582193279 2
1582193280 2
1582193281 1
1582193282 2
1582193283 2
1582193284 2
1582193285 2
1582193286 1
1582193287 1
1582193288 1
1582193289 1
1582193290 2
1582193291 2
1582193292 2
1582193293 2
1582193294 2
1582193295 1
1582193296 2
1582193297 1
1582193298 2
1582193299 3
1582193300 2
1582193301 2
1582193302 3
1582193303 5
1582193304 4
1582193305 5
1582193306 6
1582193307 4
1582193308 5
1582193309 5
1582193310 5
1582193311 4
1582193312 4
1582193313 4
1582193314 5
1582193315 4
1582193316 4
1582193317 3
1582193318 2
