1569849895 63.569442775
1569850101 61.590703782
1569850322 163.413299812
1569850625 66.960002505
1569850859 116.24119095
1569851117 65.356413877
1569851454 76.634494048
1569851668 69.464504188
1569851882 86.230858357
1569852134 62.643630781
1569852339 94.621171643
1569852571 80.045052223
1569852961 81.760303017
1569853216 137.746316544
1569853510 84.729278389
1569854015 222.949703238
1569855566 74.504794728
1570447996 61.713615063
1570449192 64.52845302
1570543580 63.76511822
1571322893 58.880695934
1571323605 61.548272311
1571324796 278.515975724
1571325209 61.937280992
1571325613 61.843746276
1571326913 64.70872946
1571327726 62.56816601
1571328510 61.485415422
1571328899 63.807858333
1571396198 61.954592702
1571397424 62.756866215
1571397819 83.744804139
1571398629 61.625331487
1571399803 68.05991159
1571400623 460.719486461
1571401412 62.886997823
1571407182 62.400716028
1571408749 200.443937201
1571409119 61.909538065
1571664307 57.837962905
1571666631 62.230781966
1571667414 109.457327708
1571667861 268.303454505
1571668267 61.636834313
1571668460 72.4429751
1571669510 65.260361783
1571752133 62.451024862
1571752330 65.047384428
1571752535 64.28973384
1571752929 61.684760079
1571753124 63.184482267
1571753321 261.480997204
1571753715 769.272636933
1571756851 73.770912846
1571758097 64.912116125
1571758488 64.037516
1571760269 62.599651219
1571760468 68.372297725
1571760668 64.372244362
1571761474 63.29245123
1571762102 64.218301809
1571763281 62.741253457
