1582631342 2
1582631343 2
1582631344 2
1582631345 2
1582631346 2
1582631503 2
1582631504 2
1582631505 2
1582631506 2
1582631659 2
1582631660 2
1582631661 2
1582631662 2
1582631817 2
1582631818 2
1582631819 2
1582631820 2
1582631973 2
1582631974 2
1582631975 2
1582631976 2
1582632131 2
1582632132 2
1582632133 2
1582632134 2
1582632289 2
1582632290 2
1582632291 2
1582632292 2
1582632293 2
1582632453 2
1582632454 2
1582632455 2
1582632456 2
1582632610 2
1582632611 2
1582632612 2
1582632613 2
1582632773 2
1582632774 2
1582632775 2
1582632776 2
1582632777 2
1582634869 2
1582634870 2
1582634871 2
1582634872 2
1582635152 2
1582635153 2
1582635154 2
1582635155 2
1582635435 2
1582635436 2
1582635437 2
1582635438 2
1582635719 2
1582635720 2
1582635721 2
1582635722 2
1582635723 2
1582636004 2
1582636005 2
1582636006 2
1582636007 2
1582636008 2
1582636291 2
1582636292 2
1582636293 2
1582636294 2
1582636295 2
1582636580 1
1582636581 1
1582636582 1
1582636583 1
1582636584 2
1582636585 2
1582636874 2
1582636875 2
1582636876 2
1582636877 2
1582637173 2
1582637174 2
1582637175 2
1582637176 2
1582637177 2
1582637469 2
1582637470 2
1582637471 2
1582637472 2
1582637473 2
1582637766 2
1582637767 2
1582637768 2
1582637769 2
1582638325 2
1582638326 2
1582638327 2
1582638328 2
1582638329 2
1582638902 2
1582638903 2
1582638904 2
1582638905 2
1582638906 2
1582640581 2
1582640582 2
1582640583 2
1582640584 2
1582641139 2
1582641140 2
1582641141 2
1582641142 2
1582642275 2
1582642276 2
1582642277 2
1582642278 2
1582642279 2
1582642850 2
1582642851 2
1582642852 2
1582642853 2
1582642854 2
1582643453 3
1582643454 2
1582643455 2
1582643456 2
1582643457 2
1582644010 2
1582644011 2
1582644012 2
1582644013 2
