1582113064 2
1582113065 2
1582113066 2
1582113067 2
1582113234 2
1582113235 2
1582113236 2
1582113237 2
1582113396 2
1582113397 2
1582113398 2
1582113399 2
1582113400 2
1582113564 2
1582113565 2
1582113566 2
1582113567 2
1582113568 2
1582113725 2
1582113726 3
1582113727 2
1582113728 2
1582113729 2
1582113904 2
1582113905 2
1582113906 2
1582113907 2
1582114067 2
1582114068 2
1582114069 2
1582114070 2
1582114230 2
1582114231 2
1582114232 2
1582114233 2
1582114398 2
1582114399 2
1582114400 2
1582114401 2
1582114559 2
1582114560 2
1582114561 2
1582114562 2
1582114725 2
1582114726 2
1582114727 2
1582114728 2
1582114885 2
1582114886 2
1582114887 2
1582114888 2
1582115053 2
1582115054 2
1582115055 2
1582115056 2
1582115211 4
1582115212 4
1582115213 4
1582115214 3
1582115215 3
1582115216 3
1582115217 2
1582115218 2
1582115219 2
1582115220 2
1582115221 2
1582115222 2
1582115381 3
1582115382 2
1582115383 2
1582115384 2
1582115544 3
1582115545 2
1582115546 2
1582115547 2
1582115548 2
1582115708 2
1582115709 2
1582115710 2
1582115711 2
1582115871 2
1582115872 2
1582115873 2
1582115874 2
1582115875 2
1582116442 2
1582116443 2
1582116444 2
1582116445 2
1582116608 2
1582116609 2
1582116610 2
1582116611 2
1582116612 2
1582118929 2
1582118930 2
1582118931 2
1582118932 2
1582119092 2
1582119093 2
1582119094 2
1582119095 2
1582119260 2
1582119261 2
1582119262 2
1582119263 2
1582119428 2
1582119429 2
1582119430 2
1582119431 2
1582119432 2
1582119610 2
1582119611 2
1582119612 2
1582119613 2
1582119614 2
1582119776 2
1582119777 2
1582119778 2
1582119779 2
1582119944 2
1582119945 2
1582119946 2
1582119947 2
1582119948 2
1582120118 2
1582120119 2
1582120120 2
1582120121 2
1582120122 2
1582120301 2
1582120302 2
1582120303 2
1582120304 2
1582120305 2
1582120604 2
1582120605 3
1582120606 2
1582120607 2
1582120842 2
1582120843 2
1582120844 2
1582120845 2
1582121009 2
1582121010 2
1582121011 2
1582121012 2
1582121013 2
1582121176 2
1582121177 2
1582121178 2
1582121179 2
1582121180 2
1582121417 2
1582121418 2
1582121419 2
1582121420 2
1582125160 3
1582125161 2
1582125162 2
1582125163 2
1582125321 2
1582125322 2
1582125323 2
1582125324 2
1582125803 2
1582125804 2
1582125805 2
1582125806 2
1582125970 2
1582125971 2
1582125972 2
1582125973 2
1582126139 2
1582126140 2
1582126141 2
1582126142 2
1582126143 2
1582126300 2
1582126301 2
1582126302 2
1582126303 2
1582126465 2
1582126466 2
1582126467 2
1582126468 2
1582126629 2
1582126630 2
1582126631 2
1582126632 2
1582126633 2
1582126796 2
1582126797 2
1582126798 2
1582126799 2
1582126957 2
1582126958 2
1582126959 2
1582126960 2
1582127116 2
1582127117 2
1582127118 2
1582127119 2
1582127120 2
1582127283 2
1582127284 2
1582127285 2
1582127286 2
1582127453 2
1582127454 2
1582127455 2
1582127456 2
1582127457 2
1582127616 2
1582127617 2
1582127618 2
1582127619 2
1582127781 2
1582127782 2
1582127783 2
1582127784 2
1582127941 2
1582127942 2
1582127943 2
1582127944 2
1582128109 2
1582128110 2
1582128111 2
1582128112 2
1582128268 2
1582128269 2
1582128270 2
1582128271 2
1582128450 2
1582128451 2
1582128452 2
1582128453 2
1582128611 2
1582128612 2
1582128613 2
1582128614 2
1582128778 2
1582128779 2
1582128780 2
1582128781 2
1582128782 2
1582128941 2
1582128942 2
1582128943 2
1582128944 2
1582128945 2
1582129112 2
1582129113 2
1582129114 2
1582129115 2
1582129116 2
1582129272 3
1582129273 2
1582129274 2
1582129275 2
1582129276 3
1582129433 2
1582129434 2
1582129435 2
1582129436 2
1582129597 2
1582129598 2
1582129599 2
1582129600 2
