1582113127 3.552699722
1582113295 3.291148024
1582113457 3.331337143
1582115281 3.280958879
1582115443 3.499477525
1582115607 3.227985694
1582115770 3.408895116
1582115934 3.291468034
1582116331 3.256951183
1582116507 3.332596674
1582116672 3.33814589
1582118991 3.627210467
1582119154 3.363855765
1582119839 3.05114435
1582120906 3.416409326
1582121073 3.157568082
1582121317 3.364447559
1582125222 3.200178896
1582125381 3.358123983
1582125865 3.343269899
1582127516 3.117231582
1582128673 3.330359181
1582128840 3.043728737
1582129001 3.210805847
1582129174 3.515530445
1582129333 3.291206742
1582129658 3.281313979
