1582185081 3
1582185082 2
1582185083 2
1582185084 5
1582185085 3
1582185086 3
1582185262 3
1582185263 2
1582185264 2
1582185265 3
1582185266 4
1582185996 2
1582185997 2
1582185998 3
1582185999 3
1582186000 3
1582186156 2
1582186157 2
1582186158 3
1582186159 3
1582186160 5
1582186889 2
1582186890 2
1582186891 3
1582186892 4
1582186893 4
1582187852 4
1582187853 2
1582187854 3
1582187855 4
1582187856 4
1582187857 4
1582188011 4
1582188012 2
1582188013 4
1582188014 3
1582188015 4
1582188170 3
1582188171 2
1582188172 4
1582188173 4
1582188174 3
1582188175 4
1582188330 2
1582188331 2
1582188332 2
1582188333 5
1582188334 4
1582188335 5
1582193782 3
1582193783 2
1582193784 2
1582193785 4
1582193786 4
1582193946 3
1582193947 2
1582193948 3
1582193949 4
1582193950 4
1582194110 2
1582194111 2
1582194112 2
1582194113 4
1582194114 3
1582194427 2
1582194428 2
1582194429 3
1582194430 3
1582194431 3
1582194592 2
1582194593 2
1582194594 3
1582194595 3
1582194596 3
1582194752 2
1582194753 3
1582194754 5
1582194755 3
1582194756 4
1582194921 2
1582194922 2
1582194923 3
1582194924 4
1582194925 4
1582195081 4
1582195082 2
1582195083 2
1582195084 4
1582195085 3
1582195086 3
1582195737 2
1582195738 2
1582195739 4
1582195740 5
1582195741 4
1582195897 2
1582195898 2
1582195899 3
1582195900 3
1582195901 4
1582196054 3
1582196055 2
1582196056 2
1582196057 3
1582196058 4
1582196059 3
1582196215 2
1582196216 2
1582196217 2
1582196218 3
1582196219 4
1582196220 4
1582196374 3
1582196375 2
1582196376 2
1582196377 3
1582196378 4
1582196533 2
1582196534 2
1582196535 2
1582196536 4
1582196537 4
1582196538 4
1582196691 3
1582196692 2
1582196693 2
1582196694 3
1582196695 4
1582196696 4
1582197014 2
1582197015 2
1582197016 3
1582197017 4
1582197018 3
1582197179 2
1582197180 2
1582197181 3
1582197182 4
1582197183 3
1582197337 2
1582197338 2
1582197339 3
1582197340 4
1582197502 3
1582197503 3
1582197504 2
1582197505 3
1582197506 3
1582197507 3
1582197673 3
1582197674 2
1582197675 3
1582197676 3
1582197677 3
1582197831 2
1582197832 2
1582197833 3
1582197834 4
1582197835 4
1582197989 3
1582197990 2
1582197991 4
1582197992 4
1582197993 3
1582198145 2
1582198146 2
1582198147 3
1582198148 5
1582198149 3
1582198150 4
1582198307 2
1582198308 2
1582198309 2
1582198310 4
1582198311 5
1582198464 2
1582198465 2
1582198466 3
1582198467 3
1582198468 3
1582198746 2
1582198747 2
1582198748 3
1582198749 4
1582198750 4
1582199095 2
1582199096 2
1582199097 3
1582199098 4
1582199099 4
1582199100 5
