1574707107 0 
1574707108 0 
1574707109 0 
1569850010 1 
1569850011 0 
1569850012 0 
1569850013 0 
1569850014 0 
1569850214 1 
1569850215 0 
1569850216 0 
1569850217 0 
1569850218 0 
1569850745 0 
1569850746 0 
1569850747 0 
1569850748 0 
1569850749 0 
1569851027 1 
1569851028 0 
1569851029 0 
1569851030 0 
1569851031 0 
1569851032 1 
1569851233 1 
1569851234 0 
1569851235 0 
1569851236 0 
1569851237 0 
1569851238 0 
1569851583 2 
1569851584 1 
1569851585 1 
1569851586 0 
1569851587 0 
1569851795 0 
1569851796 0 
1569851797 0 
1569851798 0 
1569851799 0 
1569851800 0 
1569852019 0 
1569852020 0 
1569852021 0 
1569852022 0 
1569852023 0 
1569852024 0 
1569852248 2 
1569852249 1 
1569852250 1 
1569852251 0 
1569852252 0 
1569852253 0 
1569852486 1 
1569852487 0 
1569852488 0 
1569852489 0 
1569852490 0 
1569852491 0 
1569853095 2 
1569853096 0 
1569853097 0 
1569853098 0 
1569853099 0 
1569853100 0 
1569853408 1 
1569853409 0 
1569853410 0 
1569853411 0 
1569853412 0 
1569853413 0 
1569853414 0 