1574710994 0 
1574710995 0 
1574710996 0 
1574710997 0 
1574710998 0 
1574710999 0 
1569854737 0 
1569854738 0 
1569854739 0 
1569854740 0 
1569854741 0 
1569854742 0 
1569854743 0 
1569854744 0 
1569856346 0 
1569856347 0 
1569856348 0 
1569856349 0 
1569856350 0 
1569856351 0 
1569856352 0 
1569856353 0 
1571330398 0 
1571330399 0 
1571330400 0 
1571330401 0 
1571330402 0 
1571330403 0 
1571330404 0 
1571330405 0 
1571766755 0 
1571766756 0 
1571766757 0 
1571766758 0 
1571766759 0 
1571766760 0 
1571766761 1 
1571766762 0 
1571767538 0 
1571767539 0 
1571767540 0 
1571767541 0 
1571767542 0 
1571767543 0 
1571767544 1 
1571767545 0 
1572537620 0 
1572537621 0 
1572537622 0 
1572537623 0 
1572537624 0 
1572537625 0 
1572537626 1 
1572538273 0 
1572538274 0 
1572538275 0 
1572538276 0 
1572538277 0 
1572538278 1 
1572538279 0 
1572538933 0 
1572538934 0 
1572538935 0 
1572538936 0 
1572538937 0 
1572538938 0 
1572538939 1 
1572539586 0 
1572539587 0 
1572539588 0 
1572539589 0 
1572539590 0 
1572539591 0 
1572540234 0 
1572540235 0 
1572540236 0 
1572540237 0 
1572540238 0 
1572540239 1 
1572540240 0 
1572541138 0 
1572541139 0 
1572541140 0 
1572541141 0 
1572541142 0 
1572541143 0 
1572541792 0 
1572541793 0 
1572541794 0 
1572541795 0 
1572541796 0 
1572541797 0 
1572542441 0 
1572542442 0 
1572542443 0 
1572542444 0 
1572542445 1 
1572542446 0 
1572543088 0 
1572543089 0 
1572543090 0 
1572543091 0 
1572543092 1 
1572543093 0 
1572543758 0 
1572543759 0 
1572543760 0 
1572543761 0 
1572543762 0 
1572543763 1 
1572543764 0 
1572871506 0 
1572871507 0 
1572871508 0 
1572871509 0 
1572871510 0 
1572871511 1 
1572871512 0 
1572872158 0 
1572872159 0 
1572872160 0 
1572872161 0 
1572872162 1 
1572872163 0 
1572872837 0 
1572872838 0 
1572872839 0 
1572872840 0 
1572872841 0 
1572872842 1 
1572872843 0 
1572873487 0 
1572873488 0 
1572873489 0 
1572873490 0 
1572873491 0 
1572873492 0 
1572874145 0 
1572874146 0 
1572874147 0 
1572874148 0 
1572874149 0 
1572874150 0 
1572875210 0 
1572875211 1 
1572875212 0 
1572875213 0 
1572875214 0 
1572875215 0 
1572876064 0 
1572876065 0 
1572876066 0 
1572876067 0 
1572876068 1 
1572876069 0 
1572877290 0 
1572877291 0 
1572877292 0 
1572877293 0 
1572877294 0 
1572877295 0 
1572877945 0 
1572877946 0 
1572877947 0 
1572877948 0 
1572877949 0 
1572877950 0 
1572879184 0 
1572879185 0 
1572879186 0 
1572879187 0 
1572879188 0 
1572879189 1 
1572879190 0 
1572967574 0 
1572967575 0 
1572967576 0 
1572967577 1 
1572967578 0 
1572967579 1 
1572967580 1 
1572968233 0 
1572968234 0 
1572968235 0 
1572968236 0 
1572968237 0 
1572968238 1 
1572969532 0 
1572969533 0 
1572969534 0 
1572969535 0 
1572969536 0 
1572969537 1 
1572969538 0 
1572970194 0 
1572970195 0 
1572970196 0 
1572970197 0 
1572970198 1 
1572970199 0 
1572970844 0 
1572970845 0 
1572970846 0 
1572970847 0 
1572970848 0 
1572970849 0 
1572971506 0 
1572971507 0 
1572971508 0 
1572971509 0 
1572971510 0 
1572971511 1 
1572971512 0 
1572972167 0 
1572972168 0 
1572972169 0 
1572972170 0 
1572972171 0 
1572972172 0 
1572972173 0 
1572972816 0 
1572972817 0 
1572972818 0 
1572972819 0 
1572972820 0 
1572972821 1 
1572972822 0 
1572973533 0 
1572973534 0 
1572973535 0 
1572973536 0 
1572973537 1 
1572973538 0 
1572974182 0 
1572974183 0 
1572974184 0 
1572974185 0 
1572974186 0 
1572974187 0 
1572974839 0 
1572974840 0 
1572974841 0 
1572974842 0 
1572974843 0 
1572974844 1 
1572974845 0 
1573209116 0 
1573209117 0 
1573209118 0 
1573209119 0 
1573209120 0 
1573209121 0 
1573209122 0 
1573209787 0 
1573209788 0 
1573209789 0 
1573209790 0 
1573209791 0 
1573209792 0 
1573210447 0 
1573210448 0 
1573210449 0 
1573210450 0 
1573210451 0 
1573210452 1 
1573210453 0 
1573211115 0 
1573211116 0 
1573211117 0 
1573211118 0 
1573211119 0 
1573211120 1 
1573211121 0 
1573211775 0 
1573211776 0 
1573211777 0 
1573211778 0 
1573211779 0 
1573211780 0 
1573212422 0 
1573212423 0 
1573212424 0 
1573212425 0 
1573212426 0 
1573212427 0 
1573213075 0 
1573213076 0 
1573213077 0 
1573213078 0 
1573213079 0 
1573213080 1 
1573213081 0 
1573213724 0 
1573213725 0 
1573213726 0 
1573213727 0 
1573213728 0 
1573213729 1 
1573213730 0 
1573214398 0 
1573214399 0 
1573214400 0 
1573214401 0 
1573214402 1 
1573214403 0 
1573215055 0 
1573215056 0 
1573215057 0 
1573215058 0 
1573215059 1 
1573215060 0 
1573310564 0 
1573310565 0 
1573310566 0 
1573310567 0 
1573310568 1 
1573310569 0 
1573311183 0 
1573311184 0 
1573311185 0 
1573311186 0 
1573311187 0 
1573311188 0 
1573311794 0 
1573311795 0 
1573311796 0 
1573311797 0 
1573311798 0 
1573311799 0 
1573312500 0 
1573312501 0 
1573312502 0 
1573312503 0 
1573312504 0 
1573312505 1 
1573312506 0 
1573313116 0 
1573313117 0 
1573313118 0 
1573313119 0 
1573313120 0 
1573313121 1 
1573313122 0 
1573313742 0 
1573313743 0 
1573313744 0 
1573313745 0 
1573313746 0 
1573313747 0 
1573314371 0 
1573314372 0 
1573314373 0 
1573314374 0 
1573314375 1 
1573314376 0 
1573314984 0 
1573314985 0 
1573314986 0 
1573314987 0 
1573314988 1 
1573314989 0 
1574696592 0 
1574696593 0 
1574696594 0 
1574696595 0 
1574696596 1 
1574696597 0 
1574710994 0 
1574710995 0 
1574710996 0 
1574710997 0 
1574710998 0 
1574710999 0 
1574956343 0 
1574956344 0 
1574956345 0 
1574956346 0 
1574956347 0 
1574956348 0 
1574959371 0 
1574959372 0 
1574959373 0 
1574959374 0 
1574959375 0 
1574959376 0 
1574959971 0 
1574959972 0 
1574959973 0 
1574959974 0 
1574959975 1 
1574959976 0 
1574960548 0 
1574960549 0 
1574960550 0 
1574960551 0 
1574960552 1 
1574960553 0 
1574961159 0 
1574961160 0 
1574961161 0 
1574961162 0 
1574961163 1 
1574961164 0 
1574961795 0 
1574961796 0 
1574961797 0 
1574961798 0 
1574961799 0 
1575033271 0 
1575033272 0 
1575033273 0 
1575033274 0 
1575033275 0 
1575033276 0 
1575033277 1 
1575034429 0 
1575034430 0 
1575034431 0 
1575034432 0 
1575034433 2 
1575034434 2 
1575035566 0 
1575035567 0 
1575035568 0 
1575035569 0 
1575035570 1 
1575035571 0 
1575036604 1 
1575036605 0 
1575036606 0 
1575036607 0 
1575036608 1 
1575036609 0 
1575037724 0 
1575037725 0 
1575037726 0 
1575037727 0 
1575037728 0 
1575037729 0 
1575038727 0 
1575038728 0 
1575038729 0 
1575038730 0 
1575038731 0 
1575038732 0 
1575039298 0 
1575039299 0 
1575039300 0 
1575039301 0 
1575039302 1 
1575039303 0 
1575120559 0 
1575120560 0 
1575120561 0 
1575120562 0 
1575120563 0 
1575120564 1 
1575121124 0 
1575121125 0 
1575121126 0 
1575121127 0 
1575121128 1 
1575121129 0 
1575122118 0 
1575122119 0 
1575122120 0 
1575122121 0 
1575122122 1 
1575122123 0 
1575122744 0 
1575122745 0 
1575122746 0 
1575122747 0 
1575122748 0 
1575122749 0 
1575123302 0 
1575123303 0 
1575123304 0 
1575123305 0 
1575123306 0 
1575123307 0 
1575123308 1 
1575123860 0 
1575123861 0 
1575123862 0 
1575123863 0 
1575123864 0 
1575123865 0 
1575124417 0 
1575124418 0 
1575124419 0 
1575124420 0 
1575124421 1 
1575124422 0 
1575124984 0 
1575124985 0 
1575124986 0 
1575124987 0 
1575124988 0 
1575297865 0 
1575297866 0 
1575297867 0 
1575297868 0 
1575297869 1 
1575297870 0 
1575299588 0 
1575299589 0 
1575299590 0 
1575299591 0 
1575299592 0 
1575391479 0 
1575391480 0 
1575391481 0 
1575391482 0 
1575391483 0 
1575391484 1 
1575394616 0 
1575394617 0 
1575394618 0 
1575394619 0 
1575394620 1 
1575394621 0 
1575563275 0 
1575563276 0 
1575563277 0 
1575563278 0 
1575563279 1 
1575563280 0 
1575563924 0 
1575563925 0 
1575563926 0 
1575563927 0 
1575563928 0 
1575564521 0 
1575564522 0 
1575564523 0 
1575564524 0 
1575564525 1 
1575564526 0 
1575566841 0 
1575566842 0 
1575566843 0 
1575566844 0 
1575566845 0 
1575566846 0 
1575566847 1 
1575568169 0 
1575568170 0 
1575568171 0 
1575568172 0 
1575568173 0 
1575568174 1 
1575568753 0 
1575568754 0 
1575568755 0 
1575568756 0 
1575568757 1 
1575568758 0 
1579191198 0 
1579191199 0 
1579191200 0 
1579191201 0 
1579191202 0 
1579191203 1 
1579191811 0 
1579191812 0 
1579191813 0 
1579191814 0 
1579191815 0 
1579191816 1 
1579192378 0 
1579192379 0 
1579192380 0 
1579192381 0 
1579192382 0 
1579192383 1 
1579192963 0 
1579192964 0 
1579192965 0 
1579192966 1 
1579192967 0 
1579193548 0 
1579193549 0 
1579193550 0 
1579193551 0 
1579193552 1 
1579193553 0 
1579194112 0 
1579194113 0 
1579194114 0 
1579194115 0 
1579194116 1 
1579194117 0 
1579195836 0 
1579195837 0 
1579195838 0 
1579195839 0 
1579195840 0 
1579359604 0 
1579359605 0 
1579359606 0 
1579359607 0 
1579359608 0 
1579360741 0 
1579360742 0 
1579360743 0 
1579360744 0 
1579360745 1 
1579360746 0 
1579361297 0 
1579361298 0 
1579361299 0 
1579361300 0 
1579361301 0 
1579361302 1 
1579361853 0 
1579361854 0 
1579361855 0 
1579361856 0 
1579361857 0 
1579362407 0 
1579362408 0 
1579362409 0 
1579362410 0 
1579362411 0 
1579530648 0 
1579530649 0 
1579530650 0 
1579530651 0 
1579530652 0 
1579530653 0 
1579531221 0 
1579531222 0 
1579531223 0 
1579531224 0 
1579531225 0 
1579531226 1 
1579532969 0 
1579532970 0 
1579532971 0 
1579532972 0 
1579532973 0 
1579532974 1 
1579534230 0 
1579534231 0 
1579534232 0 
1579534233 0 
1579534234 1 
1579534235 0 
1579536605 0 
1579536606 0 
1579536607 0 
1579536608 0 
1579536609 0 
1579536610 1 
1579537180 0 
1579537181 0 
1579537182 0 
1579537183 0 
1579537184 0 
1580223907 0 
1580223908 0 
1580223909 0 
1580223910 0 
1580223911 1 
1580223912 0 
1580225022 0 
1580225023 0 
1580225024 0 
1580225025 0 
1580225026 1 
1580225027 0 
1580226144 0 
1580226145 0 
1580226146 0 
1580226147 0 
1580226148 0 
1580226149 0 
1580227896 0 
1580227897 0 
1580227898 0 
1580227899 0 
1580227900 0 
1580314563 0 
1580314564 0 
1580314565 0 
1580314566 0 
1580314567 1 
1580314568 0 
1580316952 0 
1580316953 0 
1580316954 0 
1580316955 0 
1580316956 1 
1580316957 0 
1580317537 0 
1580317538 0 
1580317539 0 
1580317540 0 
1580317541 1 
1580317542 0 
1581942604 0 
1581942605 0 
1581942606 0 
1581942607 0 
1581942608 0 
1581944181 0 
1581944182 0 
1581944183 0 
1581944184 0 
1581944185 0 
1581944186 1 
1581945128 0 
1581945129 0 
1581945130 0 
1581945131 0 
1581945132 0 
1581945133 1 
1581946077 0 
1581946078 0 
1581946079 0 
1581946080 0 
1581946081 1 
1581946082 0 
1581946646 0 
1581946647 0 
1581946648 0 
1581946649 0 
1581946650 0 
1581947541 0 
1581947542 0 
1581947543 0 
1581947544 0 
1581947545 0 
1581947546 1 
1581948134 0 
1581948135 0 
1581948136 0 
1581948137 0 
1581948138 1 
1581948139 0 
1581949242 1 
1581949243 1 
1581949244 1 
1581949245 0 
1581949246 1 
1581949247 0 
1582034946 0 
1582034947 0 
1582034948 0 
1582034949 0 
1582034950 0 
1582034951 1 
1582034952 0 
1582035821 0 
1582035822 0 
1582035823 0 
1582035824 1 
1582035825 0 
1582036425 0 
1582036426 0 
1582036427 0 
1582036428 0 
1582036429 0 
1582036430 0 
1582037035 0 
1582037036 0 
1582037037 0 
1582037038 0 
1582037039 1 
1582037040 0 
1582037636 0 
1582037637 0 
1582037638 0 
1582037639 0 
1582037640 1 
1582037641 0 
1582038227 0 
1582038228 0 
1582038229 0 
1582038230 0 
1582038231 0 
1582038232 0 
1582038819 0 
1582038820 0 
1582038821 0 
1582038822 0 
1582038823 1 
1582038824 0 
1582041729 0 
1582041730 0 
1582041731 0 
1582041732 0 
1582041733 1 
1582041734 0 
1582042482 0 
1582042483 0 
1582042484 0 
1582042485 0 
1582042486 0 
1582042487 0 
1582044523 0 
1582044524 0 
1582044525 0 
1582044526 0 
1582044527 0 
1582044528 0 
1582638126 0 
1582638127 0 
1582638128 0 
1582638129 0 
1582638130 1 
1582638131 0 
1582638689 0 
1582638690 0 
1582638691 0 
1582638692 0 
1582638693 0 
1582638694 1 
1582640124 0 
1582640125 0 
1582640126 0 
1582640127 0 
1582640128 1 
1582640129 0 
1582640942 0 
1582640943 0 
1582640944 0 
1582640945 0 
1582640946 1 
1582640947 0 
1582641502 0 
1582641503 0 
1582641504 0 
1582641505 0 
1582641506 0 
1582641507 0 
1582642073 0 
1582642074 0 
1582642075 0 
1582642076 0 
1582642077 1 
1582642078 0 
1582642640 0 
1582642641 0 
1582642642 0 
1582642643 0 
1582642644 1 
1582642645 0 
1582643214 0 
1582643215 0 
1582643216 0 
1582643217 0 
1582643218 1 
1582643219 0 
1582643812 0 
1582643813 0 
1582643814 0 
1582643815 0 
1582643816 1 
1582643817 0 
1582644371 0 
1582644372 0 
1582644373 0 
1582644374 0 
1582644375 0 
1582644376 0 
1582644377 1 
1582898981 0 
1582898982 0 
1582898983 0 
1582898984 0 
1582898985 1 
1582898986 0 
1582899544 0 
1582899545 0 
1582899546 0 
1582899547 0 
1582899548 1 
1582899549 0 
1582900111 0 
1582900112 0 
1582900113 0 
1582900114 0 
1582900115 1 
1582900116 0 
1582902416 0 
1582902417 0 
1582902418 0 
1582902419 0 
1582902420 0 
1582902976 0 
1582902977 0 
1582902978 0 
1582902979 0 
1582902980 0 
1582903580 0 
1582903581 0 
1582903582 0 
1582903583 0 
1582903584 0 
1582903585 0 