1581935279 5
1581935280 5
1581935281 6
1581935282 5
1581935283 6
1581935284 5
1581935285 6
1581935286 6
1581935287 6
1581935288 2
1581935289 2
1581935290 1
1581935291 1
1581935292 3
1581935293 6
1581935294 8
1581935295 9
1581935296 11
1581935297 10
1581935298 12
1581935299 10
1581935300 10
1581935301 9
1581935302 10
1581935303 8
1581935304 5
1581935305 4
1581935306 4
1581935307 6
1581935308 5
1581935309 4
1581935310 3
1581935311 2
1581935437 6
1581935438 5
1581935439 5
1581935440 6
1581935441 5
1581935442 5
1581935443 5
1581935444 5
1581935445 5
1581935446 2
1581935447 3
1581935448 1
1581935449 4
1581935450 6
1581935451 7
1581935452 7
1581935453 9
1581935454 8
1581935455 12
1581935456 10
1581935457 7
1581935458 9
1581935459 10
1581935460 9
1581935461 7
1581935462 7
1581935463 7
1581935464 8
1581935465 8
1581935466 7
1581935467 6
1581935468 4
1581935469 2
1581935470 1
1581935471 1
1581935599 6
1581935600 5
1581935601 6
1581935602 6
1581935603 5
1581935604 6
1581935605 5
1581935606 5
1581935607 5
1581935608 2
1581935609 2
1581935610 1
1581935611 3
1581935612 3
1581935613 4
1581935614 5
1581935615 6
1581935616 7
1581935617 10
1581935618 10
1581935619 11
1581935620 9
1581935621 9
1581935622 8
1581935623 7
1581935624 9
1581935625 7
1581935626 6
1581935627 6
1581935628 7
1581935629 8
1581935630 6
1581935631 6
1581935632 6
1581935633 4
1581935634 3
1581935635 2
1581935772 6
1581935773 2
1581935774 2
1581935775 1
1581935776 1
1581935777 3
1581935778 6
1581935779 8
1581935780 9
1581935781 12
1581935782 12
1581935783 11
1581935784 13
1581935785 9
1581935786 10
1581935787 9
1581935788 9
1581935789 6
1581935790 7
1581935791 8
1581935792 9
1581935793 9
1581935794 7
1581935795 6
1581935796 4
1581935797 4
1581935798 2
1581935799 1
1581935932 6
1581935933 5
1581935934 5
1581935935 5
1581935936 5
1581935937 5
1581935938 5
1581935939 5
1581935940 5
1581935941 2
1581935942 1
1581935943 1
1581935944 3
1581935945 6
1581935946 8
1581935947 9
1581935948 9
1581935949 9
1581935950 11
1581935951 9
1581935952 10
1581935953 10
1581935954 9
1581935955 11
1581935956 8
1581935957 8
1581935958 8
1581935959 10
1581935960 6
1581935961 3
1581935962 2
1581935963 1
1581936115 2
1581936116 7
1581936117 7
1581936118 7
1581936119 10
1581936120 11
1581936121 10
1581936122 11
1581936123 8
1581936124 8
1581936125 10
1581936126 10
1581936127 8
1581936128 8
1581936129 8
1581936130 9
1581936131 8
1581936132 7
1581936133 5
1581936134 3
1581936135 2
1581936136 1
1581936274 6
1581936275 5
1581936276 6
1581936277 5
1581936278 4
1581936279 5
1581936280 5
1581936281 5
1581936282 5
1581936283 2
1581936284 2
1581936285 1
1581936286 3
1581936287 7
1581936288 7
1581936289 9
1581936290 14
1581936291 10
1581936292 12
1581936293 14
1581936294 10
1581936295 9
1581936296 9
1581936297 12
1581936298 8
1581936299 8
1581936300 8
1581936301 9
1581936302 6
1581936303 3
1581936304 2
1581936305 1
1581936306 1
1581936448 1
1581936449 3
1581936450 6
1581936451 5
1581936452 7
1581936453 11
1581936454 10
1581936455 14
1581936456 10
1581936457 12
1581936458 10
1581936459 9
1581936460 9
1581936461 7
1581936462 8
1581936463 8
1581936464 9
1581936465 8
1581936466 6
1581936467 3
1581936468 2
1581936469 1
1581936595 5
1581936596 5
1581936597 5
1581936598 5
1581936599 6
1581936600 5
1581936601 6
1581936602 6
1581936603 6
1581936604 2
1581936605 2
1581936606 1
1581936607 3
1581936608 6
1581936609 8
1581936610 11
1581936611 13
1581936612 10
1581936613 10
1581936614 8
1581936615 9
1581936616 11
1581936617 9
1581936618 11
1581936619 7
1581936620 7
1581936621 7
1581936622 7
1581936623 9
1581936624 7
1581936625 8
1581936626 5
1581936627 3
1581936628 2
1581936629 1
1581936783 2
1581936784 4
1581936785 7
1581936786 6
1581936787 9
1581936788 12
1581936789 7
1581936790 12
1581936791 11
1581936792 13
1581936793 10
1581936794 8
1581936795 9
1581936796 7
1581936797 7
1581936798 8
1581936799 6
1581936800 4
1581936801 3
1581936802 2
