1572265126 6
1572265127 5
1572265128 6
1572265129 5
1572265130 6
1572265131 4
1572265132 6
1572265133 6
1572265134 6
1572265135 5
1572265136 3
1572265137 2
1572265138 1
1572265139 1
1572265140 3
1572265141 6
1572265142 5
1572265143 8
1572265144 12
1572265145 12
1572265146 11
1572265147 12
1572265148 13
1572265149 11
1572265150 8
1572265151 11
1572265152 9
1572265153 8
1572265154 7
1572265155 7
1572265156 5
1572265157 5
1572265158 5
1572265159 6
1572265160 6
1572265161 5
1572265162 6
1572265163 4
1572265164 3
1572265165 2
1572265323 5
1572265324 5
1572265325 6
1572265326 5
1572265327 6
1572265328 6
1572265329 6
1572265330 6
1572265331 6
1572265332 4
1572265333 4
1572265334 4
1572265335 1
1572265336 1
1572265337 1
1572265338 3
1572265339 3
1572265340 4
1572265341 6
1572265342 6
1572265343 7
1572265344 9
1572265345 12
1572265346 13
1572265347 12
1572265348 8
1572265349 11
1572265350 7
1572265351 10
1572265352 8
1572265353 6
1572265354 6
1572265355 8
1572265356 5
1572265357 5
1572265358 5
1572265359 6
1572265360 4
1572265361 4
1572265362 4
1572265363 2
1572265364 1
1572265365 1
1572265522 6
1572265523 6
1572265524 5
1572265525 5
1572265526 5
1572265527 5
1572265528 6
1572265529 6
1572265530 6
1572265531 6
1572265532 2
1572265533 1
1572265534 1
1572265535 2
1572265536 3
1572265537 6
1572265538 7
1572265539 7
1572265540 10
1572265541 11
1572265542 10
1572265543 8
1572265544 8
1572265545 10
1572265546 7
1572265547 7
1572265548 6
1572265549 6
1572265550 7
1572265551 9
1572265552 5
1572265553 6
1572265554 5
1572265555 5
1572265556 5
1572265557 4
1572265558 4
1572265559 4
1572265560 3
1572265561 2
1572265562 2
1572265733 2
1572265734 3
1572265735 7
1572265736 7
1572265737 6
1572265738 9
1572265739 10
1572265740 10
1572265741 10
1572265742 9
1572265743 6
1572265744 8
1572265745 8
1572265746 7
1572265747 7
1572265748 7
1572265749 8
1572265750 4
1572265751 6
1572265752 6
1572265753 5
1572265754 6
1572265755 4
1572265756 4
1572265757 4
1572265758 4
1572265759 3
1572265760 2
1572265761 2
1572265938 1
1572265939 3
1572265940 3
1572265941 6
1572265942 5
1572265943 7
1572265944 7
1572265945 9
1572265946 9
1572265947 11
1572265948 14
1572265949 11
1572265950 10
1572265951 9
1572265952 9
1572265953 7
1572265954 5
1572265955 10
1572265956 4
1572265957 6
1572265958 6
1572265959 5
1572265960 5
1572265961 5
1572265962 3
1572265963 2
1572265964 1
1572266127 5
1572266128 5
1572266129 5
1572266130 5
1572266131 5
1572266132 6
1572266133 4
1572266134 4
1572266135 4
1572266136 4
1572266137 2
1572266138 2
1572266139 1
1572266140 2
1572266141 3
1572266142 6
1572266143 9
1572266144 6
1572266145 10
1572266146 12
1572266147 7
1572266148 12
1572266149 12
1572266150 8
1572266151 8
1572266152 9
1572266153 11
1572266154 7
1572266155 9
1572266156 6
1572266157 6
1572266158 7
1572266159 7
1572266160 5
1572266161 4
1572266162 4
1572266163 3
1572266164 1
1572266165 1
1572266337 1
1572266338 2
1572266339 2
1572266340 3
1572266341 6
1572266342 6
1572266343 9
1572266344 9
1572266345 10
1572266346 8
1572266347 11
1572266348 13
1572266349 13
1572266350 6
1572266351 9
1572266352 13
1572266353 7
1572266354 7
1572266355 7
1572266356 4
1572266357 5
1572266358 5
1572266359 6
1572266360 4
1572266361 4
1572266362 4
1572266363 3
1572266364 2
1572266538 3
1572266539 3
1572266540 6
1572266541 6
1572266542 7
1572266543 11
1572266544 14
1572266545 11
1572266546 12
1572266547 12
1572266548 10
1572266549 7
1572266550 9
1572266551 8
1572266552 6
1572266553 6
1572266554 7
1572266555 6
1572266556 5
1572266557 6
1572266558 5
1572266559 4
1572266560 2
1572266561 1
1572266562 1
1572266563 1
1572266736 1
1572266737 4
1572266738 5
1572266739 7
1572266740 5
1572266741 7
1572266742 8
1572266743 10
1572266744 8
1572266745 10
1572266746 11
1572266747 8
1572266748 10
1572266749 9
1572266750 7
1572266751 7
1572266752 10
1572266753 7
1572266754 3
1572266755 2
1572266756 2
1572266757 2
1572266758 1
1572266759 1
1572266760 1
1572266761 1
1572266762 1
1572266763 1
1572266927 5
1572266928 5
1572266929 5
1572266930 5
1572266931 5
1572266932 6
1572266933 5
1572266934 5
1572266935 5
1572266936 4
1572266937 2
1572266938 2
1572266939 1
1572266940 2
1572266941 3
1572266942 3
1572266943 4
1572266944 7
1572266945 6
1572266946 7
1572266947 8
1572266948 10
1572266949 10
1572266950 9
1572266951 13
1572266952 11
1572266953 7
1572266954 9
1572266955 8
1572266956 8
1572266957 8
1572266958 9
1572266959 4
1572266960 5
1572266961 5
1572266962 5
1572266963 4
1572266964 4
1572266965 4
1572266966 3
1572266967 3
1572266968 2
1572266969 1
1572266970 1
1572274193 3
1572274194 6
1572274195 6
1572274196 8
1572274197 4
1572274198 9
1572274199 9
1572274200 13
1572274201 10
1572274202 11
1572274203 10
1572274204 11
1572274205 12
1572274206 9
1572274207 7
1572274208 5
1572274209 4
1572274210 3
1572274211 4
1572274212 3
1572274213 4
1572274214 2
1572274215 1
1572274216 1
1572274355 5
1572274356 6
1572274357 6
1572274358 6
1572274359 6
1572274360 5
1572274361 5
1572274362 5
1572274363 4
1572274364 2
1572274365 1
1572274366 3
1572274367 5
1572274368 7
1572274369 9
1572274370 9
1572274371 11
1572274372 9
1572274373 10
1572274374 10
1572274375 8
1572274376 6
1572274377 5
1572274378 6
1572274379 7
1572274380 3
1572274381 4
1572274382 5
1572274383 4
1572274384 4
1572274385 4
1572274386 3
1572274387 4
1572274388 3
1572274389 4
1572274390 4
1572274391 2
1572274392 2
1572274534 1
1572274535 2
1572274536 5
1572274537 6
1572274538 5
1572274539 5
1572274540 11
1572274541 9
1572274542 12
1572274543 8
1572274544 10
1572274545 10
1572274546 8
1572274547 7
1572274548 7
1572274549 5
1572274550 5
1572274551 6
1572274552 6
1572274553 4
1572274554 3
1572274555 4
1572274556 2
1572274557 1
1572274707 2
1572274708 3
1572274709 7
1572274710 6
1572274711 8
1572274712 10
1572274713 8
1572274714 10
1572274715 9
1572274716 8
1572274717 9
1572274718 7
1572274719 7
1572274720 8
1572274721 3
1572274722 4
1572274723 5
1572274724 5
1572274725 5
1572274726 5
1572274727 4
1572274728 4
1572274729 3
1572274730 2
1572274875 2
1572274876 3
1572274877 4
1572274878 7
1572274879 6
1572274880 6
1572274881 10
1572274882 8
1572274883 9
1572274884 9
1572274885 6
1572274886 9
1572274887 7
1572274888 6
1572274889 7
1572274890 5
1572274891 5
1572274892 7
1572274893 7
1572274894 7
1572274895 8
1572274896 5
1572274897 3
1572274898 2
1572274899 1
1572275044 1
1572275045 4
1572275046 6
1572275047 7
1572275048 10
1572275049 11
1572275050 12
1572275051 12
1572275052 12
1572275053 9
1572275054 10
1572275055 7
1572275056 7
1572275057 8
1572275058 6
1572275059 6
1572275060 6
1572275061 8
1572275062 6
1572275063 6
1572275064 5
1572275065 5
1572275066 3
1572275067 2
1572275068 1
1572275069 1
1572275205 5
1572275206 5
1572275207 5
1572275208 6
1572275209 5
1572275210 5
1572275211 6
1572275212 6
1572275213 6
1572275214 3
1572275215 2
1572275216 2
1572275217 3
1572275218 7
1572275219 7
1572275220 8
1572275221 9
1572275222 11
1572275223 8
1572275224 10
1572275225 7
1572275226 8
1572275227 6
1572275228 7
1572275229 6
1572275230 5
1572275231 4
1572275232 4
1572275233 6
1572275234 6
1572275235 6
1572275236 6
1572275237 6
1572275238 5
1572275239 4
1572275240 4
1572275241 4
1572275242 4
1572275243 3
1572275244 1
1572275382 5
1572275383 5
1572275384 6
1572275385 5
1572275386 5
1572275387 5
1572275388 4
1572275389 4
1572275390 5
1572275391 3
1572275392 3
1572275393 3
1572275394 4
1572275395 4
1572275396 6
1572275397 6
1572275398 9
1572275399 11
1572275400 8
1572275401 11
1572275402 7
1572275403 8
1572275404 7
1572275405 7
1572275406 8
1572275407 8
1572275408 4
1572275409 5
1572275410 6
1572275411 5
1572275412 5
1572275413 3
1572275414 3
1572275415 1
1572275550 5
1572275551 5
1572275552 5
1572275553 5
1572275554 5
1572275555 5
1572275556 5
1572275557 5
1572275558 5
1572275559 3
1572275560 2
1572275561 1
1572275562 3
1572275563 6
1572275564 5
1572275565 7
1572275566 11
1572275567 11
1572275568 11
1572275569 12
1572275570 7
1572275571 8
1572275572 10
1572275573 9
1572275574 7
1572275575 7
1572275576 6
1572275577 5
1572275578 6
1572275579 6
1572275580 6
1572275581 4
1572275582 4
1572275583 3
1572275584 2
1572275735 2
1572275736 3
1572275737 6
1572275738 9
1572275739 8
1572275740 13
1572275741 9
1572275742 11
1572275743 10
1572275744 7
1572275745 10
1572275746 6
1572275747 7
1572275748 8
1572275749 5
1572275750 6
1572275751 6
1572275752 8
1572275753 5
1572275754 5
1572275755 3
1572275756 2
1572275757 1
