1571752097 1
1571752098 3
1571752099 6
1571752100 7
1571752101 6
1571752102 6
1571752103 10
1571752104 8
1571752105 8
1571752106 9
1571752107 12
1571752108 7
1571752109 9
1571752110 9
1571752111 9
1571752112 7
1571752113 7
1571752114 6
1571752115 4
1571752116 4
1571752117 6
1571752118 5
1571752119 4
1571752120 4
1571752121 3
1571752122 2
1571752123 1
1571752124 1
1571752293 1
1571752294 4
1571752295 6
1571752296 6
1571752297 5
1571752298 7
1571752299 10
1571752300 13
1571752301 11
1571752302 10
1571752303 10
1571752304 7
1571752305 9
1571752306 7
1571752307 8
1571752308 6
1571752309 9
1571752310 11
1571752311 6
1571752312 6
1571752313 7
1571752314 6
1571752315 5
1571752316 6
1571752317 4
1571752318 3
1571752319 2
1571752320 2
1571752321 1
1571752697 1
1571752698 3
1571752699 6
1571752700 6
1571752701 7
1571752702 10
1571752703 8
1571752704 8
1571752705 8
1571752706 9
1571752707 12
1571752708 7
1571752709 7
1571752710 6
1571752711 10
1571752712 6
1571752713 6
1571752714 4
1571752715 4
1571752716 5
1571752717 4
1571752718 3
1571752719 4
1571752720 2
1571752721 1
1571752722 1
1571752723 1
1571752894 3
1571752895 3
1571752896 6
1571752897 6
1571752898 5
1571752899 9
1571752900 8
1571752901 7
1571752902 10
1571752903 11
1571752904 8
1571752905 7
1571752906 6
1571752907 10
1571752908 6
1571752909 5
1571752910 4
1571752911 3
1571752912 5
1571752913 3
1571752914 5
1571752915 4
1571752916 4
1571752917 4
1571752918 3
1571752919 2
1571753088 2
1571753089 3
1571753090 6
1571753091 7
1571753092 5
1571753093 8
1571753094 9
1571753095 8
1571753096 7
1571753097 8
1571753098 7
1571753099 7
1571753100 7
1571753101 9
1571753102 6
1571753103 6
1571753104 8
1571753105 5
1571753106 6
1571753107 7
1571753108 6
1571753109 7
1571753110 7
1571753111 5
1571753112 4
1571753113 3
1571753114 2
1571753115 1
1571753285 2
1571753286 3
1571753287 6
1571753288 5
1571753289 5
1571753290 6
1571753291 9
1571753292 10
1571753293 8
1571753294 6
1571753295 13
1571753296 9
1571753297 10
1571753298 10
1571753299 10
1571753300 8
1571753301 8
1571753302 3
1571753303 4
1571753304 3
1571753305 3
1571753306 5
1571753307 4
1571753308 5
1571753309 5
1571753310 3
1571753311 2
1571753312 2
1571753482 2
1571753483 3
1571753484 7
1571753485 6
1571753486 6
1571753487 5
1571753488 8
1571753489 11
1571753490 9
1571753491 7
1571753492 7
1571753493 6
1571753494 8
1571753495 8
1571753496 7
1571753497 6
1571753498 8
1571753499 9
1571753500 7
1571753501 7
1571753502 8
1571753503 6
1571753504 7
1571753505 6
1571753506 5
1571753507 2
1571753508 2
1571753509 1
1571753510 1
1571753680 1
1571753681 3
1571753682 6
1571753683 6
1571753684 6
1571753685 8
1571753686 9
1571753687 9
1571753688 8
1571753689 11
1571753690 8
1571753691 5
1571753692 8
1571753693 8
1571753694 8
1571753695 6
1571753696 5
1571753697 3
1571753698 5
1571753699 5
1571753700 4
1571753701 3
1571753702 2
1571753703 1
1571753704 1
1571753705 1
1571753877 2
1571753878 3
1571753879 6
1571753880 6
1571753881 5
1571753882 8
1571753883 12
1571753884 7
1571753885 8
1571753886 10
1571753887 9
1571753888 5
1571753889 8
1571753890 11
1571753891 7
1571753892 6
1571753893 5
1571753894 1
1571753895 2
1571753896 3
1571753897 7
1571753898 4
1571753899 4
1571753900 3
1571753901 2
1571753902 2
1571760235 2
1571760236 4
1571760237 6
1571760238 7
1571760239 5
1571760240 7
1571760241 8
1571760242 8
1571760243 6
1571760244 9
1571760245 8
1571760246 6
1571760247 8
1571760248 10
1571760249 8
1571760250 8
1571760251 8
1571760252 4
1571760253 3
1571760254 4
1571760255 6
1571760256 5
1571760257 3
1571760258 3
1571760259 2
1571760260 1
1571760261 1
1571760433 3
1571760434 5
1571760435 7
1571760436 5
1571760437 6
1571760438 8
1571760439 9
1571760440 7
1571760441 7
1571760442 8
1571760443 5
1571760444 7
1571760445 6
1571760446 8
1571760447 7
1571760448 8
1571760449 7
1571760450 2
1571760451 3
1571760452 3
1571760453 2
1571760454 3
1571760455 3
1571760456 3
1571760457 2
1571760458 2
1571760459 2
1571760634 2
1571760635 3
1571760636 6
1571760637 5
1571760638 5
1571760639 8
1571760640 10
1571760641 6
1571760642 8
1571760643 9
1571760644 10
1571760645 5
1571760646 7
1571760647 10
1571760648 7
1571760649 7
1571760650 6
1571760651 3
1571760652 5
1571760653 4
1571760654 6
1571760655 4
1571760656 4
1571760657 3
1571760658 3
1571760659 2
1571760817 5
1571760818 5
1571760819 4
1571760820 4
1571760821 4
1571760822 4
1571760823 4
1571760824 4
1571760825 4
1571760826 4
1571760827 4
1571760828 2
1571760829 1
1571760830 1
1571760831 2
1571760832 2
1571760833 2
1571760834 2
1571760835 3
1571760836 6
1571760837 6
1571760838 5
1571760839 6
1571760840 9
1571760841 11
1571760842 8
1571760843 10
1571760844 9
1571760845 6
1571760846 9
1571760847 7
1571760848 7
1571760849 7
1571760850 8
1571760851 4
1571760852 6
1571760853 5
1571760854 6
1571760855 4
1571760856 4
1571760857 3
1571760858 2
1571760859 2
1571760860 1
1571761032 1
1571761033 3
1571761034 5
1571761035 6
1571761036 7
1571761037 10
1571761038 9
1571761039 10
1571761040 11
1571761041 10
1571761042 8
1571761043 10
1571761044 7
1571761045 8
1571761046 10
1571761047 8
1571761048 8
1571761049 11
1571761050 4
1571761051 5
1571761052 6
1571761053 6
1571761054 6
1571761055 3
1571761056 2
1571761057 2
1571761058 1
1571761240 1
1571761241 3
1571761242 6
1571761243 6
1571761244 6
1571761245 6
1571761246 9
1571761247 13
1571761248 9
1571761249 11
1571761250 9
1571761251 8
1571761252 9
1571761253 8
1571761254 6
1571761255 6
1571761256 6
1571761257 5
1571761258 3
1571761259 4
1571761260 5
1571761261 4
1571761262 5
1571761263 5
1571761264 5
1571761265 4
1571761266 3
1571761267 3
1571761268 3
1571761269 2
1571761270 1
1571761271 1
1571761439 1
1571761440 3
1571761441 5
1571761442 5
1571761443 7
1571761444 10
1571761445 14
1571761446 12
1571761447 13
1571761448 13
1571761449 11
1571761450 6
1571761451 10
1571761452 10
1571761453 8
1571761454 8
1571761455 9
1571761456 6
1571761457 9
1571761458 8
1571761459 9
1571761460 8
1571761461 5
1571761462 3
1571761463 3
1571761464 1
1571761634 2
1571761635 3
1571761636 6
1571761637 6
1571761638 6
1571761639 8
1571761640 11
1571761641 6
1571761642 5
1571761643 8
1571761644 8
1571761645 5
1571761646 8
1571761647 8
1571761648 7
1571761649 7
1571761650 9
1571761651 5
1571761652 6
1571761653 4
1571761654 5
1571761655 3
1571761656 4
1571761657 3
1571761658 3
1571761659 3
1571761830 1
1571761831 3
1571761832 3
1571761833 6
1571761834 5
1571761835 5
1571761836 7
1571761837 10
1571761838 6
1571761839 6
1571761840 12
1571761841 8
1571761842 8
1571761843 8
1571761844 10
1571761845 6
1571761846 6
1571761847 4
1571761848 4
1571761849 5
1571761850 5
1571761851 5
1571761852 5
1571761853 4
1571761854 3
1571761855 3
1571761856 2
1571762038 2
1571762039 3
1571762040 6
1571762041 7
1571762042 6
1571762043 8
1571762044 8
1571762045 7
1571762046 8
1571762047 9
1571762048 9
1571762049 6
1571762050 9
1571762051 9
1571762052 10
1571762053 10
1571762054 8
1571762055 5
1571762056 7
1571762057 7
1571762058 8
1571762059 6
1571762060 5
1571762061 3
1571762062 2
1571762063 1
1571762064 1
