1582030332 6.193801537
1582030638 6.718293214
1582031290 6.450989927
1582031586 6.848736866
1582031883 6.100655387
1582032269 6.233460658
1582032577 6.728137119
1582032877 7.936125969
1582033175 6.267040597
1582033527 6.264198988
1582033853 6.239959547
1582035514 6.393301688
1582036121 6.2261524
1582036726 5.622807676
1582037332 6.636061846
1582037930 6.13229352
1582038527 6.190354094
1582041419 6.282089542
1582042030 6.119405759
1582043615 6.208515176
1582044229 6.074642354
1582044830 6.234194428
1582045133 6.161017339
1582045433 5.838056189
1582045742 6.449991327
1582046040 5.956644442
