1571323072 8
1571323073 7
1571323074 5
1571323075 4
1571323076 6
1571325190 10
1571325191 4
1571325192 6
1571325193 6
1571325386 9
1571325387 6
1571325388 6
1571325389 7
1571325390 8
1571325591 8
1571325592 7
1571325593 6
1571325594 6
1571325595 7
1571325792 6
1571325793 4
1571325794 6
1571325795 7
1571325988 9
1571325989 6
1571325990 7
1571325991 6
1571325992 7
1571326880 9
1571326881 5
1571326882 7
1571326883 4
1571326884 8
1571326885 7
1571326886 6
1571327096 7
1571327097 5
1571327098 7
1571327099 8
1571327100 8
1571327305 7
1571327306 5
1571327307 8
1571327308 7
