1572003212 2
1572003213 2
1572003214 2
1572003215 2
1572003216 2
1572003406 2
1572003407 2
1572003408 2
1572003409 2
1572003410 2
1572003604 2
1572003605 2
1572003606 2
1572003607 2
1572003608 2
1572003802 2
1572003803 2
1572003804 2
1572003805 2
1572003806 2
1572003986 2
1572003987 2
1572003988 2
1572003989 2
1572003990 2
1572003991 2
1572003992 2
1572003993 2
1572003994 2
1572003995 2
1572003996 2
1572003997 2
1572003998 2
1572003999 2
1572004000 2
1572004001 2
1572004002 2
1572004193 2
1572004194 2
1572004195 2
1572004196 2
1572004197 2
1572004388 2
1572004389 2
1572004390 2
1572004391 2
1572004588 2
1572004589 2
1572004590 2
1572004591 2
1572004789 2
1572004790 2
1572004791 2
1572004792 2
1572004793 2
1572004988 2
1572004989 2
1572004990 2
1572004991 2
1572004992 2
1572006279 2
1572006280 2
1572006281 2
1572006282 2
1572006283 2
1572007017 2
1572007018 2
1572007019 2
1572007020 2
1572007410 2
1572007411 2
1572007412 2
1572007413 2
1572007414 2
1572007904 2
1572007905 2
1572007906 2
1572007907 2
1572007908 2
1572008314 2
1572008315 2
1572008316 2
1572008317 2
1572008318 2
1572008717 2
1572008718 2
1572008719 2
1572008720 2
1572008721 2
1572009112 2
1572009113 2
1572009114 2
1572009115 2
1572009501 2
1572009502 2
1572009503 2
1572009504 2
1572009892 2
1572009893 2
1572009894 2
1572009895 2
1572009896 2
1572010287 2
1572010288 2
1572010289 2
1572010290 2
1572010291 2
1572010678 2
1572010679 2
1572010680 2
1572010681 2
1572010682 2
1572011190 2
1572011191 2
1572011192 2
1572011193 2
1572011386 2
1572011387 2
1572011388 2
1572011389 2
1572011390 2
1572011580 2
1572011581 2
1572011582 2
1572011583 2
1572011584 2
1572011779 2
1572011780 2
1572011781 2
1572011782 2
1572011783 2
1572011976 2
1572011977 2
1572011978 2
1572011979 2
1572012173 2
1572012174 2
1572012175 2
1572012176 2
1572012177 2
1572012368 2
1572012369 2
1572012370 2
1572012371 2
1572012372 2
1572012562 2
1572012563 2
1572012564 2
1572012565 2
1572012566 2
1572012757 2
1572012758 2
1572012759 2
1572012760 2
1572012761 2
1572012950 2
1572012951 2
1572012952 2
1572012953 2
1572012954 2
1572013240 2
1572013241 2
1572013242 2
1572013243 2
1572013633 2
1572013634 2
1572013635 2
1572013636 2
1572013637 2
1572014026 2
1572014027 2
1572014028 2
1572014029 2
1572014417 2
1572014418 2
1572014419 2
1572014420 2
1572014806 2
1572014807 2
1572014808 2
1572014809 2
1572014810 2
