1579522814 2
1579522815 2
1579522816 2
1579523024 2
1579523025 2
1579523026 2
1579523214 2
1579523215 2
1579523216 2
1579523379 2
1579523380 2
1579523381 2
1579523382 2
1579523552 2
1579523553 2
1579523554 2
1579523733 2
1579523734 2
1579523735 2
1579523736 2
1579523914 2
1579523915 2
1579523916 2
1579523917 2
1579524102 2
1579524103 2
1579524104 2
1579524271 2
1579524272 2
1579524273 2
1579524274 2
1579524439 2
1579524440 2
1579524441 2
1579524442 2
1579524672 2
1579524673 2
1579524674 2
1579524995 2
1579524996 2
1579524997 2
1579525346 2
1579525347 2
1579525348 2
1579525349 2
1579525723 2
1579525724 2
1579525725 2
1579526048 2
1579526049 2
1579526050 2
1579528359 2
1579528360 2
1579528361 2
1579528680 2
1579528681 2
1579528682 2
1579529102 2
1579529103 2
1579529104 2
1579529481 2
1579529482 2
1579529483 2
1579529484 2
1579529819 2
1579529820 2
1579529821 2
1579530219 2
1579530220 2
1579530221 2
1579530857 2
1579530858 2
1579530859 2
1579531908 2
1579531909 2
1579531910 2
1579532611 2
1579532612 2
1579532613 2
1579533244 2
1579533245 2
1579533246 2
1579533247 2
1579533838 2
1579533839 2
1579533840 2
1579533841 2
1579534481 2
1579534482 2
1579534483 2
1579535154 2
1579535155 2
1579535156 2
1579535157 2
1579535741 2
1579535742 2
1579535743 2
1579535744 2
1579536821 2
1579536822 2
1579536823 2
1579536824 2
1579537406 2
1579537407 2
1579537408 2
1579537409 2
