1571395835 2
1571395836 2
1571395837 2
1571395838 2
1571395839 2
1571396031 2
1571396032 2
1571396033 2
1571396034 2
1571396035 2
1571396228 2
1571396229 2
1571396230 2
1571396231 2
1571396232 2
1571396427 2
1571396428 2
1571396429 2
1571396430 2
1571396625 2
1571396626 2
1571396627 2
1571396628 2
1571396824 2
1571396825 2
1571396826 2
1571396827 2
1571396828 2
1571397054 2
1571397055 2
1571397056 2
1571397057 2
1571397258 2
1571397259 2
1571397260 2
1571397261 2
1571397456 2
1571397457 2
1571397458 2
1571397459 2
1571397653 2
1571397654 2
1571397655 2
1571397656 2
1571397657 2
1571397871 2
1571397872 2
1571397873 2
1571397874 2
1571397875 2
1571398264 2
1571398265 2
1571398266 2
1571398267 2
1571398268 2
1571398659 2
1571398660 2
1571398661 2
1571398662 2
1571398663 2
1571399050 2
1571399051 2
1571399052 2
1571399053 2
1571399442 2
1571399443 2
1571399444 2
1571399445 2
1571399838 2
1571399839 2
1571399840 2
1571399841 2
1571400231 2
1571400232 2
1571400233 2
1571400234 2
1571400653 2
1571400654 2
1571400655 2
1571400656 2
1571401051 2
1571401052 2
1571401053 2
1571401054 2
1571401055 2
1571401444 2
1571401445 2
1571401446 2
1571401447 2
1571404900 2
1571404901 2
1571404902 2
1571404903 2
1571404904 2
1571405100 2
1571405101 2
1571405102 2
1571405103 2
1571405104 2
1571405297 2
1571405298 2
1571405299 2
1571405300 2
1571405497 2
1571405498 2
1571405499 2
1571405500 2
1571405501 2
1571405729 2
1571405730 2
1571405731 2
1571405732 2
1571405733 2
1571406824 2
1571406825 2
1571406826 2
1571406827 2
1571406828 2
1571407214 2
1571407215 2
1571407216 2
1571407217 2
1571407608 2
1571407609 2
1571407610 2
1571407611 2
1571407996 2
1571407997 2
1571407998 2
1571407999 2
1571408388 2
1571408389 2
1571408390 2
1571408391 2
1571408392 2
1571408919 2
1571408920 2
1571408921 2
1571408922 2
1571409150 2
1571409151 2
1571409152 2
1571409153 2
1571409351 2
1571409352 2
1571409353 2
1571409354 2
1571409355 2
1571409550 2
1571409551 2
1571409552 2
1571409553 2
1571409766 2
1571409767 2
1571409768 2
1571409769 2
