1582185028 2
1582185029 2
1582185030 2
1582185031 2
1582185208 2
1582185209 2
1582185210 2
1582185211 2
1582185945 2
1582185946 2
1582185947 2
1582185948 2
1582186105 2
1582186106 2
1582186107 2
1582186264 2
1582186265 2
1582186266 2
1582186267 2
1582186838 2
1582186839 2
1582186840 2
1582187802 2
1582187803 2
1582187804 2
1582187959 2
1582187960 2
1582187961 2
1582188119 2
1582188120 2
1582188121 2
1582188280 2
1582188281 2
1582188282 2
1582188283 2
1582188735 2
1582188736 2
1582188737 2
1582189452 2
1582189453 2
1582189454 2
1582190751 3
1582190752 2
1582190753 2
1582190754 2
1582190755 2
1582190756 2
1582190757 2
1582190758 2
1582190759 2
1582190760 2
1582190761 2
1582190762 2
1582191049 2
1582191050 2
1582191051 2
1582191052 2
1582191341 2
1582191342 2
1582191343 2
1582191637 2
1582191638 2
1582191639 2
1582191640 2
1582191932 2
1582191933 2
1582191934 2
1582191935 2
1582192223 2
1582192224 2
1582192225 2
1582192520 2
1582192521 2
1582192522 2
1582192523 2
1582192809 2
1582192810 2
1582192811 2
1582193097 2
1582193098 2
1582193099 2
1582193100 2
1582193730 2
1582193731 2
1582193732 2
1582193893 2
1582193894 2
1582193895 2
1582194058 2
1582194059 2
1582194060 2
1582194213 2
1582194214 2
1582194215 2
1582194216 2
1582194375 2
1582194376 2
1582194377 2
1582194378 2
1582194540 2
1582194541 2
1582194542 2
1582194696 2
1582194697 2
1582194698 2
1582194699 2
1582194870 2
1582194871 2
1582194872 2
1582194873 2
1582195030 2
1582195031 2
1582195032 2
1582195033 2
1582195190 2
1582195191 2
1582195192 2
1582195193 2
1582195194 2
1582195686 2
1582195687 2
1582195688 2
1582195846 2
1582195847 2
1582195848 2
1582195849 2
1582196003 2
1582196004 2
1582196005 2
1582196006 2
1582196164 2
1582196165 2
1582196166 2
1582196167 2
1582196323 2
1582196324 2
1582196325 2
1582196483 2
1582196484 2
1582196485 2
1582196641 2
1582196642 2
1582196643 2
1582196799 2
1582196800 2
1582196801 2
1582196961 2
1582196962 2
1582196963 2
1582196964 2
1582197128 2
1582197129 2
1582197130 2
1582197285 2
1582197286 2
1582197287 2
1582197445 2
1582197446 2
1582197447 2
1582197448 2
1582197449 2
1582197450 2
1582197451 2
1582197452 2
1582197453 2
1582197621 2
1582197622 2
1582197623 2
1582197624 2
1582197780 2
1582197781 2
1582197782 2
1582197938 2
1582197939 2
1582197940 2
1582197941 2
1582198095 2
1582198096 2
1582198097 2
1582198257 2
1582198258 2
1582198259 2
1582198260 2
1582198414 2
1582198415 2
1582198416 2
1582198695 2
1582198696 2
1582198697 2
1582198698 2
1582199044 2
1582199045 2
1582199046 2
