1582113159 4.950611679
1582113325 4.505818295
1582113490 4.649151362
1582113657 4.105414637
1582113824 4.899004134
1582113999 5.155547577
1582114161 4.660241921
1582114324 4.910852129
1582114489 4.296015415
1582114654 5.258639055
1582114816 4.297511431
1582114984 5.255865155
1582115145 4.678262436
1582115313 4.833796698
1582115476 5.109816961
1582115639 4.728104424
1582115802 4.440124542
1582115966 5.143649403
1582116146 5.243124921
1582116361 4.183500895
1582116538 4.544279292
1582116702 4.824663205
1582119023 4.701182523
1582119184 4.24432059
1582119356 5.018374595
1582119532 4.980470918
1582119707 5.1489206
1582119869 4.229263991
1582120043 5.13596419
1582120218 4.341193204
1582120938 4.186290843
1582121105 4.34372927
1582121348 5.277320961
1582121510 4.531155406
1582125253 4.968260978
1582125695 3.463336081
1582125897 4.681075778
1582126063 4.298228441
1582126232 4.604607124
1582126393 4.461125024
1582126561 4.945411843
1582126724 5.101437182
1582126888 4.934357212
1582127049 4.088534614
1582127213 5.04880435
1582127382 5.011329547
1582127548 5.044060383
1582127711 5.11189145
1582127875 5.032704845
1582128035 5.064006925
1582128202 4.409844581
1582128381 3.625984891
1582128543 5.032117733
1582128706 4.464873994
1582129038 4.283774057
1582129206 4.443666777
1582129364 4.820088068
1582129526 5.038141329
1582129689 4.322924645
