1579524811 4
1579524812 4
1579524813 5
1579524814 5
1579524815 4
1579524816 5
1579524817 4
1579524818 4
1579524819 5
1579524820 5
1579524821 6
1579524822 3
1579525157 3
1579525158 4
1579525159 4
1579525160 5
1579525161 4
1579525162 5
1579525163 5
1579525164 3
1579525165 3
1579525166 3
1579525167 3
1579525542 4
1579525543 4
1579525544 5
1579525545 4
1579525546 4
1579525547 4
1579525548 4
1579525549 6
1579525550 4
1579525551 3
1579525552 3
1579525553 4
1579525866 4
1579525867 4
1579525868 4
1579525869 5
1579525870 4
1579525871 4
1579525872 4
1579525873 3
1579525874 3
1579525875 5
1579525876 5
1579525877 4
1579526194 4
1579526195 4
1579526196 5
1579526197 5
1579526198 4
1579526199 4
1579526200 5
1579526201 3
1579526202 3
1579526203 3
1579526204 3
1579528489 4
1579528490 4
1579528491 5
1579528492 4
1579528493 4
1579528494 4
1579528495 4
1579528496 5
1579528497 3
1579528498 3
1579528499 3
1579528500 3
1579528914 4
1579528915 4
1579528916 5
1579528917 4
1579528918 5
1579528919 3
1579528920 3
1579528921 4
1579528922 6
1579528923 5
1579528924 6
1579528925 5
1579528926 5
1579528927 4
1579528928 4
1579528929 4
1579528930 4
1579528931 4
1579529297 6
1579529298 4
1579529299 5
1579529300 4
1579529301 4
1579529302 4
1579529303 5
1579529304 3
1579529305 3
1579529306 4
1579529307 5
1579529308 3
1579529309 3
1579529639 5
1579529640 5
1579529641 5
1579529642 6
1579529643 5
1579529644 5
1579529645 6
1579529646 4
1579529647 4
1579529648 3
1579529649 3
1579529948 4
1579529949 4
1579529950 5
1579529951 4
1579529952 4
1579529953 5
1579529954 5
1579529955 4
1579529956 4
1579529957 5
1579529958 4
1579530696 3
1579530697 5
1579530698 5
1579530699 3
1579531269 3
1579531270 3
1579531271 5
1579531272 5
1579531273 3
1579532325 3
1579532326 4
1579532327 5
1579532328 5
1579532329 3
1579533017 3
1579533018 4
1579533019 6
1579533020 5
1579533021 4
1579533678 3
1579533679 4
1579533680 6
1579533681 4
1579534279 3
1579534280 4
1579534281 5
1579534282 6
1579534965 3
1579534966 4
1579534967 6
1579534968 5
1579535580 3
1579535581 3
1579535582 3
1579535583 5
1579535584 6
1579536653 5
1579536654 6
1579536655 7
1579536656 4
1579536657 3
1579537228 3
1579537229 5
1579537230 5
1579537231 3
