1574950845 5
1574950846 5
1574950847 6
1574950848 5
1574950849 5
1574950850 5
1574950851 6
1574950852 6
1574950853 6
1574950854 6
1574950855 5
1574950856 3
1574951219 5
1574951220 5
1574951221 6
1574951222 5
1574951223 5
1574951224 6
1574951225 5
1574951226 6
1574951227 6
1574951228 6
1574951229 5
1574951230 4
1574951574 5
1574951575 6
1574951576 5
1574951577 5
1574951578 5
1574951579 5
1574951580 5
1574951581 6
1574951582 6
1574951583 6
1574951584 6
1574951585 3
1574951900 5
1574951901 5
1574951902 6
1574951903 6
1574951904 6
1574951905 5
1574951906 7
1574951907 6
1574951908 6
1574951909 5
1574951910 4
1574952215 5
1574952216 6
1574952217 5
1574952218 5
1574952219 5
1574952220 5
1574952221 5
1574952222 6
1574952223 5
1574952224 5
1574952225 5
1574952226 5
1574952227 3
1574952612 5
1574952613 5
1574952614 6
1574952615 5
1574952616 6
1574952617 6
1574952618 6
1574952619 6
1574952620 5
1574952621 5
1574952622 5
1574952623 5
1574952624 4
1574952941 5
1574952942 5
1574952943 5
1574952944 5
1574952945 5
1574952946 5
1574952947 5
1574952948 6
1574952949 6
1574952950 6
1574952951 5
1574952952 4
1574953308 5
1574953309 5
1574953310 5
1574953311 5
1574953312 6
1574953313 6
1574953314 5
1574953315 5
1574953316 5
1574953317 6
1574953318 5
1574953319 4
1574953619 5
1574953620 6
1574953621 5
1574953622 5
1574953623 5
1574953624 5
1574953625 5
1574953626 6
1574953627 5
1574953628 4
1574953629 2
1574953956 5
1574953957 5
1574953958 6
1574953959 5
1574953960 5
1574953961 6
1574953962 6
1574953963 6
1574953964 6
1574953965 6
1574953966 5
1574956391 4
1574956392 5
1574956393 5
1574956394 4
1574956395 4
1574957054 5
1574957055 5
1574957056 5
1574957057 5
1574957058 6
1574957656 4
1574957657 6
1574957658 7
1574957659 4
1574958238 4
1574958239 5
1574958240 6
1574958241 4
1574958831 3
1574958832 5
1574958833 7
1574958834 5
1574958835 3
1574959441 4
1574959442 4
1574959443 6
1574959444 5
1574959445 5
1574960020 4
1574960021 5
1574960022 5
1574960023 5
1574960597 4
1574960598 5
1574960599 6
1574960600 4
1574961207 4
1574961208 5
1574961209 6
1574961210 5
1574961211 4
1574961842 4
1574961843 6
1574961844 6
1574961845 6
1574961846 5
