1580217940 5
1580217941 4
1580217942 5
1580217943 5
1580217944 4
1580217945 4
1580217946 5
1580217947 4
1580217948 4
1580217949 5
1580217950 5
1580217951 4
1580218269 5
1580218270 5
1580218271 6
1580218272 5
1580218273 5
1580218274 4
1580218275 5
1580218276 5
1580218277 6
1580218278 5
1580218279 4
1580218594 5
1580218595 5
1580218596 5
1580218597 6
1580218598 5
1580218599 5
1580218600 5
1580218601 5
1580218602 5
1580218603 5
1580218604 5
1580218605 4
1580218606 3
1580218920 7
1580218921 6
1580218922 7
1580218923 6
1580218924 6
1580218925 6
1580218926 6
1580218927 6
1580218928 4
1580218929 4
1580218930 5
1580218931 5
1580219295 4
1580219296 4
1580219297 5
1580219298 6
1580219299 5
1580219300 5
1580219301 5
1580219302 5
1580219303 5
1580219304 6
1580219305 5
1580219306 4
1580219639 5
1580219640 5
1580219641 6
1580219642 7
1580219643 6
1580219644 7
1580219645 7
1580219646 6
1580219647 4
1580219648 4
1580219649 4
1580219650 4
1580219651 3
1580222356 5
1580222357 5
1580222358 6
1580222359 5
1580222360 5
1580222361 6
1580222362 7
1580222363 6
1580222364 6
1580222365 6
1580222366 7
1580222367 6
1580222368 5
1580222670 4
1580222671 4
1580222672 5
1580222673 4
1580222674 5
1580222675 5
1580222676 6
1580222677 6
1580222678 6
1580222679 6
1580222680 5
1580222981 5
1580222982 5
1580222983 6
1580222984 5
1580222985 5
1580222986 4
1580222987 5
1580222988 4
1580222989 4
1580222990 5
1580222991 6
1580222992 3
1580223287 5
1580223288 5
1580223289 5
1580223290 6
1580223291 5
1580223292 6
1580223293 5
1580223294 6
1580223295 3
1580223296 3
1580223297 3
1580223298 3
1580223956 4
1580223957 5
1580223958 7
1580223959 5
1580224513 4
1580224514 4
1580224515 5
1580224516 4
1580224517 3
1580225070 5
1580225071 5
1580225072 6
1580225073 4
1580225074 3
1580225634 4
1580225635 5
1580225636 6
1580225637 6
1580225638 4
1580226192 3
1580226193 3
1580226194 4
1580226195 4
1580226196 3
1580226779 3
1580226780 3
1580226781 5
1580226782 4
1580226783 4
1580227346 3
1580227347 3
1580227348 4
1580227349 4
1580227350 2
1580227945 4
1580227946 4
1580227947 5
1580227948 5
1580228524 4
1580228525 4
1580228526 4
1580228527 5
1580228528 4
1580229084 4
1580229085 5
1580229086 4
1580229087 5
1580229088 4
