1573306562 5
1573306563 6
1573306564 5
1573306565 5
1573306566 5
1573306567 5
1573306568 6
1573306569 5
1573306570 4
1573306571 5
1573306572 2
1573306878 5
1573306879 5
1573306880 5
1573306881 5
1573306882 5
1573306883 5
1573306884 5
1573306885 5
1573306886 5
1573306887 3
1573306888 5
1573306889 3
1573307216 5
1573307217 6
1573307218 5
1573307219 5
1573307220 5
1573307221 5
1573307222 5
1573307223 6
1573307224 5
1573307225 6
1573307226 5
1573307227 5
1573307538 5
1573307539 6
1573307540 5
1573307541 5
1573307542 5
1573307543 5
1573307544 5
1573307545 5
1573307546 4
1573307547 5
1573307548 2
1573307853 5
1573307854 5
1573307855 6
1573307856 5
1573307857 5
1573307858 5
1573307859 6
1573307860 4
1573307861 3
1573307862 4
1573307863 3
1573308173 5
1573308174 6
1573308175 5
1573308176 5
1573308177 5
1573308178 5
1573308179 4
1573308180 4
1573308181 5
1573308182 5
1573308183 5
1573308184 3
1573308501 5
1573308502 5
1573308503 6
1573308504 5
1573308505 5
1573308506 5
1573308507 6
1573308508 6
1573308509 7
1573308510 6
1573308511 6
1573308820 5
1573308821 6
1573308822 5
1573308823 5
1573308824 5
1573308825 5
1573308826 5
1573308827 5
1573308828 4
1573308829 4
1573308830 3
1573309141 5
1573309142 5
1573309143 5
1573309144 5
1573309145 5
1573309146 5
1573309147 5
1573309148 6
1573309149 5
1573309150 5
1573309151 5
1573309152 4
1573309473 5
1573309474 6
1573309475 5
1573309476 5
1573309477 5
1573309478 5
1573309479 5
1573309480 4
1573309481 3
1573309482 5
1573309483 4
1573310614 4
1573310615 4
1573310616 4
1573310617 5
1573310618 6
1573310619 5
1573310620 5
1573310621 5
1573310622 6
1573310623 5
1573310624 5
1573311234 5
1573311235 4
1573311236 4
1573311237 4
1573311238 4
1573311239 4
1573311240 4
1573311241 6
1573311242 4
1573311845 4
1573311846 4
1573311847 4
1573311848 4
1573311849 4
1573311850 4
1573311851 4
1573311852 5
1573311853 6
1573312550 4
1573312551 4
1573312552 4
1573312553 4
1573312554 4
1573312555 4
1573312556 5
1573312557 5
1573312558 5
1573312559 4
1573313169 4
1573313170 4
1573313171 4
1573313172 4
1573313173 4
1573313174 4
1573313175 4
1573313176 5
1573313177 5
1573313178 4
1573313792 4
1573313793 4
1573313794 4
1573313795 4
1573313796 4
1573313797 4
1573313798 4
1573313799 5
1573313800 6
1573313801 3
1573314420 4
1573314421 4
1573314422 4
1573314423 4
1573314424 4
1573314425 4
1573314426 4
1573314427 6
1573314428 6
1573314429 4
1573315034 4
1573315035 4
1573315036 4
1573315037 4
1573315038 4
1573315039 4
1573315040 4
1573315041 4
1573315042 4
1573315043 5
1573315044 5
1573315045 4
