1574688200 4.519568188
1574688517 4.651357016
1574689345 5.510564575
1574692212 4.650970058
1574692530 3.405190939
1574693441 4.613468876
1574693760 4.649079925
1574694090 4.924007151
1574694836 4.583632241
1574694950 6.037075725
1574695389 4.706317157
1574695732 4.603416194
1574696040 4.749430013
1574696767 4.509450458
1574697343 4.472550248
1574697936 4.484886325
1574698506 4.4864394
1574699094 4.492451381
1574706722 4.767273019
1574707356 4.848988618
1574708322 4.730309715
1574708445 4.776299672
1574708620 4.649963952
1574708978 4.509866519
1574709190 5.240413117
1574709931 4.771993352
1574710534 4.654064345
1574711186 4.725541689
