1572869994 3.717876891
1572870162 3.764466396
1572870383 3.839475024
1572870568 3.904854658
1572870785 3.783023775
1572871124 3.745770611
1572871775 3.795865181
1572872423 3.74419777
1572873104 3.926856966
1572873754 3.730789941
1572874816 3.798643
1572875676 3.867621378
1572876901 3.888954619
1572877556 3.951681897
1572878782 3.833414078
1572879895 3.832881415
1572880177 4.23526495
1572880513 3.697724088
1572880852 6.483840261
1572881198 3.715822756
1572881533 3.672994066
1572881865 3.803973752
1572882196 3.796460479
1572882586 3.787627807
1572882936 3.823007642
1572883276 3.855476545
