1572265035 4.389222762
1572265232 4.385606084
1572265430 4.360477804
1572265628 4.387012554
1572266036 4.502682759
1572266229 4.270226039
1572266432 4.660510574
1572266632 4.335667251
1572266830 4.860423839
1572268112 4.222747885
1572268883 4.310722648
1572269296 6.297762471
1572269714 5.487557298
1572270120 4.220242428
1572270517 4.346971736
1572270910 4.268042527
1572272266 3.751204462
1572272597 3.957514315
1572272932 3.70748177
1572273267 3.757559792
1572273611 3.803083318
1572274103 3.71618015
1572274276 3.403456348
1572274448 4.585838517
1572274612 3.743569516
1572274785 3.826109834
1572274955 3.656096243
1572275123 3.83746747
1572275302 3.933274083
1572275471 3.761015273
1572275646 3.711641577
1572276035 3.796346639
1572276368 5.465664255
1572276706 3.767701867
1572277037 3.838504527
1572277367 3.5928259
1572277714 3.829663792
1572278062 3.812245681
1572278395 3.999685483
