1571395816 6.372107304
1571396012 6.550535177
1571396209 6.646074109
1571396408 6.642964457
1571396606 6.884097583
1571396805 7.083012487
1571397034 6.580645791
1571397239 6.467924361
1571397436 7.0232307
1571397634 6.555374832
1571397852 6.518445983
1571398245 6.336978728
1571398640 6.535645848
1571399031 6.44890634
1571399422 6.448246836
1571399819 6.536070399
1571400212 6.477406191
1571400634 6.467133068
1571401032 6.631900799
1571401425 6.601659715
1571404882 6.451897629
1571405081 6.653052954
1571405278 6.840491705
1571405477 7.342454074
1571405710 6.464240596
1571406805 6.571788708
1571407195 6.524784911
1571407588 6.572187278
1571407977 6.564070808
1571408369 6.723387033
1571408900 6.508417491
1571409131 6.478869741
1571409332 6.691451823
1571409531 6.574494429
1571409747 6.41117096
