1579184059 4
1579184060 3
1579184061 3
1579184062 3
1579184063 3
1579184064 3
1579184065 3
1579184066 3
1579184067 3
1579184068 2
1579184069 2
1579184070 2
1579184071 2
1579184072 2
1579184775 4
1579184776 3
1579184777 3
1579184778 3
1579184779 3
1579184780 4
1579184781 5
1579184782 3
1579184783 3
1579184784 3
1579184785 2
1579184786 2
1579184936 3
1579184937 4
1579184938 3
1579184939 4
1579184940 4
1579184941 4
1579184942 4
1579184943 2
1579184944 2
1579184945 2
1579184946 3
1579184947 2
1579184948 2
1579185097 3
1579185098 3
1579185099 3
1579185100 3
1579185101 3
1579185102 4
1579185103 3
1579185104 3
1579185105 3
1579185106 3
1579185107 3
1579185108 2
1579185109 2
1579185110 2
1579185111 2
1579185112 2
1579185265 6
1579185266 5
1579185267 4
1579185268 3
1579185269 2
1579185270 4
1579185271 4
1579185272 4
1579185273 5
1579185274 6
1579185275 5
1579185276 5
1579185277 3
1579185278 3
1579185279 3
1579185280 2
1579185281 2
1579185282 2
1579185283 2
1579185284 2
1579185285 2
1579185460 2
1579185461 2
1579185462 2
1579185463 2
1579185464 2
1579185633 4
1579185634 3
1579185635 4
1579185636 4
1579185637 4
1579185638 3
1579185639 3
1579185640 3
1579185641 2
1579185642 2
1579185643 2
1579185644 2
1579185645 2
1579185805 3
1579185806 3
1579185807 2
1579185808 2
1579185809 3
1579185810 3
1579185811 4
1579185812 4
1579185813 3
1579185814 3
1579185815 3
1579185816 3
1579185817 4
1579185818 3
1579185819 4
1579185820 3
1579185821 2
1579185822 2
1579185823 2
1579185824 3
1579185825 2
1579186172 3
1579186173 3
1579186174 3
1579186175 4
1579186176 3
1579186177 3
1579186178 3
1579186179 3
1579186180 2
1579186181 2
1579186182 2
1579186183 2
1579186184 2
1579186185 2
