1573207073 3
1573207074 3
1573207075 2
1573207076 2
1573207077 2
1573207224 4
1573207225 3
1573207226 2
1573207227 2
1573207228 2
1573207229 2
1573207230 3
1573207231 4
1573207232 5
1573207233 3
1573207234 3
1573207235 3
1573207236 4
1573207237 4
1573207238 4
1573207239 3
1573207240 2
1573207241 2
1573207242 2
1573207243 2
1573207244 2
1573207245 2
1573207393 5
1573207394 4
1573207395 3
1573207396 2
1573207397 2
1573207398 2
1573207399 4
1573207400 4
1573207401 4
1573207402 4
1573207403 4
1573207404 4
1573207405 3
1573207406 3
1573207407 3
1573207408 5
1573207409 2
1573207410 2
1573207411 2
1573207412 2
1573207413 2
1573207414 2
1573207415 2
1573207559 4
1573207560 3
1573207561 2
1573207562 2
1573207563 2
1573207564 4
1573207565 4
1573207566 3
1573207567 4
1573207568 3
1573207569 4
1573207570 3
1573207571 3
1573207572 3
1573207573 4
1573207574 2
1573207575 2
1573207576 2
1573207577 2
1573207578 3
1573207579 2
1573207580 2
1573207729 4
1573207730 3
1573207731 2
1573207732 2
1573207733 3
1573207734 4
1573207735 3
1573207736 3
1573207737 3
1573207738 3
1573207739 4
1573207740 3
1573207741 3
1573207742 3
1573207743 3
1573207744 3
1573207745 2
1573207746 2
1573207747 2
1573207748 2
1573207749 2
1573207750 2
1573207896 3
1573207897 3
1573207898 3
1573207899 2
1573207900 2
1573207901 4
1573207902 5
1573207903 4
1573207904 4
1573207905 4
1573207906 5
1573207907 5
1573207908 5
1573207909 5
1573207910 5
1573207911 5
1573207912 5
1573207913 4
1573207914 2
1573207915 2
1573207916 2
1573207917 2
1573208063 5
1573208064 4
1573208065 3
1573208066 2
1573208067 2
1573208068 3
1573208069 3
1573208070 4
1573208071 5
1573208072 5
1573208073 4
1573208074 4
1573208075 4
1573208076 4
1573208077 4
1573208078 5
1573208079 4
1573208080 3
1573208081 2
1573208082 2
1573208083 2
1573208084 2
1573208228 3
1573208229 3
1573208230 2
1573208231 2
1573208232 2
1573208233 2
1573208234 4
1573208235 3
1573208236 4
1573208237 3
1573208238 3
1573208239 3
1573208240 3
1573208241 3
1573208242 3
1573208243 3
1573208244 2
1573208245 2
1573208246 2
1573208247 2
1573208248 2
1573208249 2
1573208396 3
1573208397 3
1573208398 2
1573208399 2
1573208400 2
1573208401 2
1573208402 4
1573208403 4
1573208404 3
1573208405 4
1573208406 4
1573208407 4
1573208408 3
1573208409 4
1573208410 4
1573208411 4
1573208412 2
1573208413 2
1573208414 2
1573208415 2
1573208416 2
1573208417 2
1573208418 2
1573208562 4
1573208563 3
1573208564 2
1573208565 2
1573208566 2
1573208567 3
1573208568 3
1573208569 4
1573208570 4
1573208571 4
1573208572 3
1573208573 4
1573208574 3
1573208575 3
1573208576 3
1573208577 3
1573208578 2
1573208579 2
1573208580 2
1573208581 2
1573208582 2
1573208583 2
1573220297 4
1573220298 3
1573220299 3
1573220300 2
1573220301 3
1573220302 5
1573220303 6
1573220304 6
1573220305 7
1573220306 7
1573220307 8
1573220308 7
1573220309 8
1573220310 8
1573220311 7
1573220312 6
1573220313 5
1573220314 3
1573220315 2
1573220316 2
1573220317 2
1573220318 2
1573220482 3
1573220483 2
1573220484 2
1573220485 2
1573220486 2
1573220649 2
1573220650 2
1573220651 2
1573220652 3
1573220653 2
1573220802 4
1573220803 2
1573220804 2
1573220805 2
1573220806 2
1573220807 3
1573220808 4
1573220809 4
1573220810 4
1573220811 4
1573220812 4
1573220813 4
1573220814 3
1573220815 3
1573220816 4
1573220817 2
1573220818 2
1573220819 2
1573220820 2
1573220821 2
1573220822 2
1573220969 4
1573220970 3
1573220971 2
1573220972 2
1573220973 2
1573220974 2
1573220975 3
1573220976 3
1573220977 3
1573220978 4
1573220979 4
1573220980 3
1573220981 3
1573220982 3
1573220983 3
1573220984 3
1573220985 2
1573220986 2
1573220987 2
1573220988 2
1573220989 2
1573220990 2
1573221136 4
1573221137 4
1573221138 2
1573221139 2
1573221140 2
1573221141 3
1573221142 3
1573221143 4
1573221144 3
1573221145 4
1573221146 3
1573221147 3
1573221148 3
1573221149 3
1573221150 3
1573221151 3
1573221152 3
1573221153 2
1573221154 2
1573221155 2
1573221156 2
1573221157 2
1573221300 4
1573221301 3
1573221302 3
1573221303 2
1573221304 2
1573221305 3
1573221306 5
1573221307 3
1573221308 4
1573221309 3
1573221310 3
1573221311 3
1573221312 3
1573221313 3
1573221314 3
1573221315 3
1573221316 3
1573221317 2
1573221318 2
1573221319 2
1573221320 2
1573221321 2
1573221470 4
1573221471 4
1573221472 3
1573221473 2
1573221474 2
1573221475 2
1573221476 3
1573221477 3
1573221478 3
1573221479 3
1573221480 4
1573221481 3
1573221482 4
1573221483 4
1573221484 4
1573221485 4
1573221486 3
1573221487 2
1573221488 2
1573221489 2
1573221490 2
1573221491 2
1573221654 2
1573221655 2
1573221656 2
1573221657 2
1573221658 2
1573221806 4
1573221807 3
1573221808 2
1573221809 2
1573221810 2
1573221811 3
1573221812 4
1573221813 4
1573221814 4
1573221815 4
1573221816 4
1573221817 3
1573221818 3
1573221819 3
1573221820 3
1573221821 2
1573221822 2
1573221823 2
1573221824 2
1573221825 3
1573221826 2
1573221827 2
1573221995 4
1573221996 3
1573221997 2
1573221998 2
1573221999 2
1573222000 3
1573222001 3
1573222002 5
1573222003 4
1573222004 3
1573222005 3
1573222006 3
1573222007 3
1573222008 3
1573222009 3
1573222010 3
1573222011 2
1573222012 2
1573222013 3
1573222014 2
1573222015 2
1573222016 2
1573222182 4
1573222183 2
1573222184 2
1573222185 2
1573222186 2
1573222187 2
1573222332 5
1573222333 4
1573222334 3
1573222335 3
1573222336 2
1573222337 2
1573222338 4
1573222339 4
1573222340 4
1573222341 3
1573222342 3
1573222343 3
1573222344 3
1573222345 4
1573222346 4
1573222347 4
1573222348 3
1573222349 2
1573222350 2
1573222351 2
1573222352 2
1573222353 2
1573222498 4
1573222499 3
1573222500 2
1573222501 2
1573222502 2
1573222503 2
1573222504 4
1573222505 4
1573222506 4
1573222507 4
1573222508 3
1573222509 4
1573222510 3
1573222511 3
1573222512 3
1573222513 3
1573222514 2
1573222515 2
1573222516 2
1573222517 2
1573222518 2
1573222519 2
1573222668 3
1573222669 3
1573222670 2
1573222671 2
1573222672 2
1573222673 4
1573222674 3
1573222675 4
1573222676 4
1573222677 3
1573222678 3
1573222679 3
1573222680 3
1573222681 3
1573222682 3
1573222683 2
1573222684 2
1573222685 2
1573222686 2
1573222687 3
1573222688 2
1573222689 2
