1575386081 5.671456571
1575386395 5.568425298
1575386705 5.627249392
1575387109 5.660899392
1575387417 5.805814529
1575387729 5.720372846
1575388037 5.560459945
1575388344 5.488713736
1575388653 5.573799774
1575390518 5.645193834
1575391089 5.674566213
1575391651 5.655059085
1575392463 5.613314648
1575393079 5.544490888
1575393662 5.67025468
1575394227 5.572490076
1575394789 5.839688827
1575395352 5.680740086
1575395919 6.820952784
1575397811 20.31750669
1575398092 21.000430381
1575398337 14.967795788
