1575384588 4
1575384589 4
1575384590 3
1575384591 3
1575384592 2
1575384593 3
1575384594 2
1575384595 2
1575384596 2
1575384597 2
1575384598 2
1575384599 2
1575384600 2
1575384601 2
1575384753 4
1575384754 4
1575384755 4
1575384756 2
1575384757 2
1575384758 2
1575384759 2
1575384760 2
1575384761 2
1575384762 2
1575384763 2
1575384764 2
1575384765 2
1575384766 2
1575385069 4
1575385070 4
1575385071 3
1575385072 2
1575385073 2
1575385074 2
1575385075 2
1575385076 2
1575385077 2
1575385078 2
1575385079 2
1575385080 2
1575385081 2
1575385082 2
1575385231 5
1575385232 4
1575385233 4
1575385234 4
1575385235 3
1575385236 2
1575385237 2
1575385238 2
1575385239 2
1575385240 2
1575385241 2
1575385242 2
1575385243 2
1575385391 5
1575385392 4
1575385393 3
1575385394 3
1575385395 2
1575385396 2
1575385397 2
1575385398 2
1575385399 2
1575385400 2
1575385401 2
1575385402 2
1575385403 2
1575386116 2
1575386117 2
1575386118 2
1575386119 2
1575388069 2
1575388070 2
1575388071 2
1575388072 2
1575388073 2
1575389977 4
1575389978 3
1575389979 3
1575389980 2
1575389981 2
1575389982 3
1575389983 2
1575389984 2
1575389985 2
1575389986 2
1575389987 2
1575389988 2
1575389989 2
1575391121 2
1575391122 2
1575391123 2
1575391124 2
1575391125 2
1575397577 2
1575397578 2
1575397579 2
1575397580 2
1575397581 2
1575397582 2
1575397583 2
1575397584 2
1575397585 2
1575397586 2
1575397587 2
1575397938 2
1575397939 2
1575397940 2
1575397941 2
1575397942 2
1575397943 2
1575397944 2
1575397945 2
1575397946 2
1575397947 2
1575397948 2
1575398184 2
1575398185 2
1575398186 2
1575398187 2
1575398188 2
1575398189 2
1575398190 2
1575398191 2
1575398192 2
1575398193 2
1575398194 2
1575398195 2
1575398196 2
1575398403 2
1575398404 2
1575398405 2
1575398406 2
1575398407 2
1575398408 2
1575398409 2
1575398410 2
1575398411 2
1575398412 2
1575398413 2
1575398414 2
1575398415 2
1575398416 2
1575398417 2
1575398418 2
