1580304683 2
1580304684 2
1580304685 2
1580304686 2
1580304831 4
1580304832 3
1580304833 3
1580304834 2
1580304835 2
1580304836 3
1580304837 2
1580304838 2
1580304839 2
1580304840 2
1580304841 2
1580304842 2
1580304843 2
1580304992 4
1580304993 4
1580304994 3
1580304995 2
1580304996 2
1580304997 2
1580304998 2
1580304999 2
1580305000 2
1580305001 2
1580305002 2
1580305003 2
1580305004 2
1580305005 2
1580305324 2
1580305325 2
1580305326 2
1580305327 2
1580305328 2
1580305329 2
1580305330 2
1580305331 2
1580305332 2
1580305333 2
1580305334 2
1580305335 2
1580305336 2
1580305337 2
1580305338 2
1580305339 2
1580305340 2
1580305341 2
1580305342 2
1580305343 2
1580305344 2
1580305345 2
1580305346 2
1580305347 2
1580305348 2
1580305349 2
1580305497 4
1580305498 3
1580305499 4
1580305500 2
1580305501 2
1580305502 2
1580305503 2
1580305504 2
1580305505 2
1580305506 2
1580305507 2
1580305508 2
1580305509 2
1580305659 4
1580305660 4
1580305661 4
1580305662 2
1580305663 2
1580305664 2
1580305665 3
1580305666 2
1580305667 2
1580305668 2
1580305669 2
1580305670 2
1580305671 2
1580305672 2
1580305818 5
1580305819 4
1580305820 3
1580305821 4
1580305822 2
1580305823 2
1580305824 3
1580305825 2
1580305826 2
1580305827 2
1580305828 2
1580305829 2
1580305830 2
1580305831 2
1580305983 2
1580305984 2
1580305985 2
1580305986 2
1580305987 2
1580306133 3
1580306134 2
1580306135 2
1580306136 2
1580306137 2
1580306138 2
1580306139 2
1580306140 2
1580306141 2
1580306142 2
1580306143 2
1580306144 2
1580306145 2
1580307624 2
1580307625 2
1580307626 2
1580307627 2
1580308245 2
1580308246 2
1580308247 2
1580308248 2
1580308249 2
1580310440 4
1580310441 3
1580310442 3
1580310443 2
1580310444 2
1580310445 2
1580310446 2
1580310447 2
1580310448 2
1580310449 2
1580310450 2
1580310451 2
1580310452 2
1580310753 4
1580310754 4
1580310755 3
1580310756 3
1580310757 2
1580310758 2
1580310759 2
1580310760 2
1580310761 2
1580310762 2
1580310763 2
1580310764 2
1580310765 2
1580310766 2
1580311385 2
1580311386 2
1580311387 2
1580311388 2
1580311389 2
1580311687 4
1580311688 4
1580311689 3
1580311690 2
1580311691 2
1580311692 2
1580311693 2
1580311694 2
1580311695 2
1580311696 2
1580311697 2
1580311698 2
1580311699 2
1580311700 2
1580311701 2
1580311702 2
1580311703 2
1580311704 2
1580311705 2
1580311706 2
1580311707 2
1580311708 2
1580311709 2
1580311710 2
1580311711 2
1580311712 2
1580311713 2
1580311714 2
1580311715 2
1580311716 2
1580311717 2
1580311718 2
1580311719 2
1580311720 2
1580311721 2
1580311722 2
1580311723 2
1580311724 2
1580311725 2
1580311726 2
1580311727 2
1580311728 2
1580311729 2
1580311730 2
1580311731 2
1580311732 2
1580311733 2
1580311734 2
1580311735 2
1580311736 2
1580311737 2
1580311738 2
1580311739 2
1580311740 2
1580311741 2
1580311742 2
1580311743 2
1580311744 2
1580311745 2
1580311746 2
1580311747 2
1580311748 2
1580311749 2
1580311750 2
1580311751 2
1580311752 2
1580311753 2
1580311754 2
1580311755 2
1580311756 2
1580311757 2
1580311758 2
1580311759 2
1580311760 2
1580311761 2
1580311762 2
1580314766 2
1580314767 2
1580314768 2
1580314769 2
1580314770 2
1580314771 2
1580316589 2
1580316590 2
1580316591 2
1580316592 2
1580317161 2
1580317162 2
1580317163 2
1580317164 2
1580317165 2
