1572003206 2
1572003207 2
1572003208 2
1572003209 2
1572003210 2
1572003211 2
1572003400 2
1572003401 2
1572003402 2
1572003403 2
1572003404 2
1572003405 2
1572003599 2
1572003600 2
1572003601 2
1572003602 2
1572003603 2
1572003604 2
1572003796 2
1572003797 2
1572003798 2
1572003799 2
1572003800 2
1572003801 2
1572003802 2
1572003992 2
1572003993 2
1572003994 2
1572003995 2
1572003996 2
1572003997 2
1572004582 2
1572004583 2
1572004584 2
1572004585 3
1572004586 2
1572004587 2
1572004784 2
1572004785 2
1572004786 2
1572004787 2
1572004788 2
1572004789 2
1572004982 2
1572004983 2
1572004984 2
1572004985 2
1572004986 2
1572004987 2
1572004988 2
1572006273 2
1572006274 2
1572006275 2
1572006276 2
1572006277 2
1572006278 2
1572007011 2
1572007012 2
1572007013 2
1572007014 2
1572007015 2
1572007016 2
1572008308 2
1572008309 2
1572008310 2
1572008311 2
1572008312 2
1572008313 2
1572008711 2
1572008712 2
1572008713 2
1572008714 2
1572008715 2
1572008716 2
1572008717 2
1572009106 2
1572009107 2
1572009108 2
1572009109 2
1572009110 2
1572009111 2
1572009495 2
1572009496 2
1572009497 2
1572009498 2
1572009499 2
1572009500 2
1572009887 2
1572009888 2
1572009889 2
1572009890 2
1572009891 2
1572009892 2
1572010282 2
1572010283 2
1572010284 2
1572010285 2
1572010286 2
1572010287 2
1572010660 4
1572010661 4
1572010662 3
1572010663 3
1572010664 2
1572010665 2
1572010666 2
1572010667 2
1572010668 2
1572010669 2
1572010670 2
1572010671 2
1572010672 2
1572010673 2
1572010674 2
1572010675 2
1572010676 2
1572010677 2
1572010678 2
1572011184 2
1572011185 2
1572011186 2
1572011187 2
1572011188 2
1572011189 2
1572011380 2
1572011381 2
1572011382 2
1572011383 2
1572011384 2
1572011385 2
1572011574 2
1572011575 2
1572011576 2
1572011577 2
1572011578 2
1572011579 2
1572011580 2
1572011774 2
1572011775 2
1572011776 2
1572011777 2
1572011778 2
1572011779 2
1572011970 2
1572011971 2
1572011972 2
1572011973 2
1572011974 2
1572011975 2
1572012168 2
1572012169 2
1572012170 2
1572012171 2
1572012172 2
1572012173 2
1572012362 2
1572012363 2
1572012364 2
1572012365 2
1572012366 2
1572012367 2
1572012556 2
1572012557 2
1572012558 2
1572012559 2
1572012560 2
1572012561 2
1572012562 2
1572012751 2
1572012752 2
1572012753 2
1572012754 2
1572012755 2
1572012756 2
1572013234 2
1572013235 2
1572013236 2
1572013237 2
1572013238 2
1572013239 2
1572013627 2
1572013628 2
1572013629 2
1572013630 2
1572013631 2
1572013632 2
1572014020 2
1572014021 2
1572014022 2
1572014023 2
1572014024 2
1572014025 2
1572014411 2
1572014412 2
1572014413 2
1572014414 2
1572014415 2
1572014416 2
