1573741875 1.760519535
1573741992 1.586299947
1573743625 1.748280086
1573743726 1.674580472
1573743825 1.615373428
1573743923 1.741806799
1573744022 1.736493347
1573744119 1.580534389
1573744216 1.835150907
1573744315 1.946598135
1573744406 1.716211063
1573744502 1.959115556
1573744609 1.703569363
1573744707 1.779260074
1573744820 1.70069128
1573744918 1.626192869
1573745056 1.665179823
1573745240 1.965552574
1573745336 1.875527275
1573745438 1.851517419
1573745535 1.80447959
1573745636 1.622171947
1573745735 1.65315574
1573745838 1.669287409
1573745936 1.652408132
1573746032 1.546191526
1573746133 1.745606179
1573746231 1.751752618
1573746331 1.71203611
1573746432 1.725419802
1573746529 1.579155485
1573746625 1.376720363
1573748945 1.615968677
1573749042 1.538791718
1573749144 1.760877116
1573749254 1.618417839
1573749352 1.536678133
1573749487 1.720101998
1573749586 1.627883146
1573749686 1.700369638
1573749785 1.782463166
1573749881 1.827555408
