1575114581 3
1575114582 3
1575114583 4
1575114584 4
1575114585 4
1575114586 6
1575114587 6
1575114888 2
1575114889 3
1575114890 4
1575114891 4
1575114892 4
1575114893 4
1575114894 5
1575114895 4
1575115198 7
1575115199 5
1575115200 6
1575115201 5
1575115202 5
1575115203 5
1575115204 5
1575115205 8
1575115507 3
1575115508 3
1575115509 3
1575115510 4
1575115511 5
1575115512 4
1575115513 4
1575115514 6
1575115821 4
1575115822 3
1575115823 3
1575115824 4
1575115825 3
1575115826 4
1575115827 5
1575115828 4
1575116133 4
1575116134 3
1575116135 4
1575116136 4
1575116137 4
1575116138 4
1575116139 6
1575116443 4
1575116444 2
1575116445 3
1575116446 4
1575116447 4
1575116448 3
1575116449 4
1575116450 6
1575116753 4
1575116754 2
1575116755 3
1575116756 4
1575116757 5
1575116758 6
1575116759 5
1575117062 4
1575117063 2
1575117064 2
1575117065 3
1575117066 3
1575117067 4
1575117068 5
1575117069 3
1575117370 4
1575117371 2
1575117372 2
1575117373 3
1575117374 3
1575117375 3
1575117376 5
1575117377 5
1575120652 5
1575120653 2
1575120654 3
1575120655 3
1575120656 3
1575120657 4
1575120658 3
1575120659 3
1575121216 5
1575121217 3
1575121218 2
1575121219 3
1575121220 4
1575121221 3
1575121222 3
1575121223 4
1575122210 3
1575122211 3
1575122212 3
1575122213 3
1575122214 3
1575122215 3
1575122216 5
1575122217 4
1575122837 2
1575122838 2
1575122839 3
1575122840 3
1575122841 3
1575122842 3
1575122843 5
1575122844 5
1575123395 2
1575123396 2
1575123397 2
1575123398 3
1575123399 3
1575123400 3
1575123401 5
1575123954 3
1575123955 3
1575123956 4
1575123957 3
1575123958 3
1575123959 4
1575123960 4
1575124509 5
1575124510 2
1575124511 2
1575124512 3
1575124513 3
1575124514 4
1575124515 4
1575125076 3
1575125077 2
1575125078 3
1575125079 3
1575125080 2
1575125081 3
1575125082 4
1575125641 4
1575125642 2
1575125643 3
1575125644 3
1575125645 3
1575125646 3
1575125647 5
1575126207 4
1575126208 3
1575126209 3
1575126210 3
1575126211 4
1575126212 3
1575126213 4
