1574706992 0 
1574706993 0 
1574706994 0 
1574706995 0 
1574706996 0 
1574706997 0 
1574706998 0 
1574706999 0 
1574707000 0 
1574707001 0 
1574707002 0 
1574707003 0 
1574707004 0 
1574707005 0 
1574707006 0 
1574707007 0 
1574707008 0 
1574707009 0 
1574707010 0 
1574707011 0 
1574707012 0 
1574707013 0 
1574707014 0 
1574707015 0 
1574707016 0 
1574707017 0 
1574707018 0 
1574707019 0 
1574707020 0 
1574707021 0 
1574707022 0 
1574707023 0 
1574707024 0 
1574708658 0 
1574708659 0 
1574708660 0 
1574708661 0 
1574708662 0 
1574708663 0 
1574708664 0 
1574708665 0 
1574708666 0 
1574708667 0 
1574708668 0 
1574708669 0 
1574708670 0 
1574708671 0 
1574708672 0 
1574708673 0 
1574708674 0 
1574708675 0 
1574708676 0 
1574708677 0 
1574708678 0 
1574708679 0 
1574708680 0 
1574708681 0 
1574708682 0 
1574708683 0 
1574708684 0 
1574708685 0 
1574708686 0 
1574708687 0 