1581936937 4
1581936938 2
1581936939 2
1581936940 2
1581936941 2
1581937251 3
1581937252 2
1581937253 2
1581937254 2
1581937596 4
1581937597 2
1581937598 2
1581937599 2
1581937912 3
1581937913 3
1581937914 3
1581937915 3
1581937916 3
1581937917 3
1581937918 2
1581937919 3
1581937920 2
1581938237 4
1581938238 3
1581938239 2
1581938240 2
1581938557 4
1581938558 3
1581938559 3
1581938560 3
1581938561 3
1581938562 2
1581938563 3
1581938864 3
1581938865 3
1581938866 2
1581938867 2
1581939205 3
1581939206 2
1581939207 2
1581939208 2
1581939528 3
1581939529 2
1581939530 2
1581939531 2
1581939829 3
1581939830 2
1581939831 2
1581939832 2
1581942323 3
1581942324 2
1581942325 2
1581942326 2
1581942913 3
1581942914 3
1581942915 2
1581942916 2
1581943532 3
1581943533 3
1581943534 3
1581943535 2
1581944510 3
1581944511 2
1581944512 2
1581944513 2
1581945795 3
1581945796 2
1581945797 2
1581945798 2
1581946342 2
1581946343 2
1581946344 2
1581946345 1
1581946346 1
1581946347 2
1581946348 2
1581946349 2
1581946350 5
1581946351 2
1581946352 3
1581946353 2
1581946354 2
1581946355 2
1581946356 2
1581946357 2
1581946358 2
1581946359 2
1581946360 2
1581946361 3
1581946362 3
1581946363 4
1581946364 3
1581946365 3
1581946366 3
1581946367 4
1581946368 3
1581946369 3
1581946370 3
1581946371 2
1581946372 2
1581946938 3
1581946939 2
1581946940 2
1581946941 2
1581947858 4
1581947859 3
1581947860 2
1581947861 2
1581948944 4
1581948945 3
1581948946 2
1581948947 2
1581948948 2
