1571397987 3
1571397988 2
1571397989 2
1571397990 2
1571397991 2
1571398383 3
1571398384 3
1571398385 3
1571398386 2
1571398387 2
1571398776 5
1571398777 3
1571398778 2
1571398779 2
1571398780 2
1571399167 3
1571399168 3
1571399169 3
1571399170 3
1571399171 2
1571399557 3
1571399558 3
1571399559 2
1571399560 2
1571399561 2
1571399562 2
1571399955 3
1571399956 3
1571399957 3
1571399958 2
1571399959 2
1571400348 4
1571400349 4
1571400350 2
1571400351 2
1571400352 2
1571400353 2
1571400775 3
1571400776 3
1571400777 2
1571400778 2
1571400779 2
1571401167 3
1571401168 3
1571401169 2
1571401170 2
1571401171 2
1571401172 2
1571401559 3
1571401560 3
1571401561 2
1571401562 2
1571401563 2
1571401564 2
1571406941 3
1571406942 2
1571406943 2
1571406944 2
1571406945 2
1571407330 4
1571407331 4
1571407332 3
1571407333 2
1571407334 2
1571407335 3
1571407723 4
1571407724 4
1571407725 2
1571407726 2
1571407727 2
1571407728 2
1571408064 3
1571408065 3
1571408066 3
1571408067 2
1571408068 2
1571408069 3
1571408070 1
1571408071 1
1571408072 2
1571408073 3
1571408074 3
1571408075 3
1571408076 3
1571408077 2
1571408078 2
1571408079 2
1571408080 1
1571408081 1
1571408082 1
1571408083 1
1571408084 1
1571408085 2
1571408086 2
1571408087 3
1571408088 3
1571408089 2
1571408090 2
1571408091 2
1571408092 2
1571408093 2
1571408094 3
1571408095 2
1571408096 3
1571408097 3
1571408098 3
1571408099 3
1571408100 4
1571408101 4
1571408102 4
1571408103 4
1571408104 5
1571408105 5
1571408106 5
1571408107 4
1571408108 4
1571408109 4
1571408110 3
1571408111 3
1571408112 3
1571408113 3
1571408114 2
1571408115 2
1571408116 2
1571408506 4
1571408507 3
1571408508 2
1571408509 2
1571408510 2
