1572967237 4
1572967238 3
1572967239 2
1572967240 1
1572967241 1
1572967242 2
1572967243 2
1572967244 3
1572967245 4
1572967246 2
1572967247 2
1572967248 2
1572967249 2
1572967250 2
1572967251 2
1572967252 2
1572967253 2
1572967254 4
1572967255 3
1572967256 3
1572967257 3
1572967258 4
1572967259 4
1572967260 4
1572967261 6
1572967262 7
1572967263 8
1572967264 7
1572967265 5
1572967266 3
1572967267 3
1572967268 3
1572967269 3
1572967270 2
1572967271 2
1572967272 2
1572967927 3
1572967928 3
1572967929 3
1572967930 2
1572967931 2
1572969229 3
1572969230 3
1572969231 2
1572969232 2
1572969861 2
1572969862 2
1572969863 2
1572969864 1
1572969865 1
1572969866 1
1572969867 1
1572969868 1
1572969869 2
1572969870 2
1572969871 2
1572969872 2
1572969873 2
1572969874 2
1572969875 2
1572969876 2
1572969877 2
1572969878 3
1572969879 5
1572969880 5
1572969881 5
1572969882 5
1572969883 5
1572969884 6
1572969885 6
1572969886 5
1572969887 5
1572969888 4
1572969889 4
1572969890 3
1572969891 3
1572969892 3
1572969893 2
1572969894 2
1572970539 3
1572970540 3
1572970541 3
1572970542 2
1572970543 3
1572971190 4
1572971191 3
1572971192 3
1572971193 2
1572971194 2
1572971852 3
1572971853 3
1572971854 3
1572971855 2
1572971856 2
1572972513 3
1572972514 3
1572972515 4
1572972516 2
1572972517 3
1572973226 4
1572973227 3
1572973228 2
1572973229 2
1572973230 2
1572973879 4
1572973880 2
1572973881 2
1572973882 2
1572974530 4
1572974531 3
1572974532 2
1572974533 2
1572974534 2
1572975253 4
1572975254 4
1572975255 2
1572975256 2
1572975257 2
1572975585 3
1572975586 3
1572975587 2
1572975588 2
1572975952 4
1572975953 2
1572975954 2
1572975955 2
1572976334 3
1572976335 3
1572976336 2
1572976337 2
1572976665 4
1572976666 4
1572976667 2
1572976668 2
1572976669 2
1572976994 4
1572976995 4
1572976996 3
1572976997 2
1572976998 2
1572977326 3
1572977327 2
1572977328 2
1572977329 2
1572977687 3
1572977688 3
1572977689 2
1572977690 2
1572977691 2
1572978035 3
1572978036 3
1572978037 3
1572978038 2
1572978039 3
