1582025716 2
1582025717 3
1582025718 2
1582025719 3
1582025720 3
1582025721 3
1582025722 3
1582025723 3
1582025724 3
1582025725 3
1582025726 3
1582025727 3
1582025728 3
1582025729 3
1582025730 3
1582025731 3
1582025732 3
1582025733 3
1582025734 3
1582025735 3
1582025736 3
1582025737 2
1582025738 3
1582025739 3
1582025740 2
1582025741 3
1582025742 3
1582025743 3
1582025744 3
1582025745 3
1582025746 3
1582025747 3
1582025748 3
1582025749 3
1582025750 3
1582025751 3
1582025752 3
1582025753 2
1582025754 3
1582025755 3
1582025756 2
1582025757 3
1582025758 3
1582025759 3
1582025760 3
1582025761 3
1582025762 3
1582025763 3
1582025764 3
1582025765 3
1582025766 3
1582025767 3
1582025768 3
1582025769 2
1582025770 3
1582025771 3
1582025772 3
1582025773 2
1582025774 3
1582025775 3
1582025776 2
1582025777 3
1582025778 3
1582025779 3
1582025780 3
1582025781 2
1582025782 3
1582025783 3
1582025784 3
1582025785 2
1582025786 3
1582025787 3
1582025788 2
1582025789 3
1582025790 3
1582025791 3
1582025792 3
1582025793 3
1582025794 3
1582025795 3
1582025796 3
1582025797 3
1582025798 3
1582025799 2
1582025800 3
1582025801 3
1582025802 2
1582025803 3
1582025804 3
1582025805 3
1582025806 3
1582025807 3
1582025808 3
1582025809 3
1582025810 3
1582025811 3
1582025812 3
1582025813 3
1582025814 3
1582025815 3
1582025816 3
1582025817 3
1582025818 3
1582025819 3
1582025820 3
1582025821 3
1582025822 3
1582025823 3
1582025824 3
1582025825 2
1582025826 3
1582025827 3
1582025828 3
1582025829 3
1582025830 3
1582025831 3
1582025832 3
1582025833 3
1582025834 3
1582025835 3
1582025836 3
1582025837 3
1582025838 3
1582025839 3
1582025840 3
1582025841 2
1582025842 3
1582025843 2
1582025844 3
1582025845 3
1582025846 3
1582025847 3
1582025848 3
1582025849 3
1582025850 3
1582025851 2
1582025852 3
1582025853 2
1582025854 3
1582025855 3
1582025856 3
1582025857 3
1582025858 3
1582025859 3
1582025860 3
1582025861 3
1582025862 3
1582025863 3
1582025864 2
1582025865 3
1582025866 3
1582025867 2
1582025868 3
1582025869 2
1582025870 3
1582025871 3
1582025872 3
1582025873 3
1582025874 3
1582025875 3
1582025876 3
1582025877 3
1582025878 3
1582025879 3
1582025880 3
1582025881 3
1582025882 3
1582025883 3
1582025884 3
1582025885 3
1582025886 2
1582025887 3
1582025888 3
1582025889 3
1582025890 3
1582025891 3
1582025892 3
1582025893 3
1582025894 3
1582025895 3
1582025896 3
1582025897 3
1582025898 3
1582025899 3
1582025900 3
1582025901 3
1582025902 3
1582025903 3
1582025904 3
1582025905 3
1582025906 3
1582025907 3
1582025908 3
1582025909 3
1582025910 2
1582025911 3
1582025912 3
1582025913 3
1582025914 3
1582025915 3
1582025916 3
1582025917 3
1582025918 3
1582025919 3
1582025920 3
1582025921 3
1582025922 3
1582025923 2
1582025924 3
1582025925 2
1582025926 3
1582025927 3
1582025928 3
1582025929 3
1582025930 3
1582025931 3
1582025932 4
1582025933 2
1582025934 3
1582025935 3
1582025936 3
1582025937 3
1582025938 3
1582025939 3
1582025940 3
1582025941 3
1582025942 2
1582025943 2
1582025944 3
1582025945 3
1582025946 3
1582025947 3
1582025948 3
1582025949 3
1582025950 3
1582025951 3
1582025952 3
1582025953 3
1582025954 3
1582025955 3
1582025956 3
1582025957 2
1582025958 3
1582025959 3
1582025960 3
1582025961 3
1582025962 3
1582025963 3
1582025964 3
1582025965 3
1582025966 3
1582025967 2
1582025968 3
1582025969 3
1582025970 3
1582025971 3
1582025972 2
1582025973 3
1582025974 3
1582025975 3
1582025976 3
1582025977 3
1582025978 3
1582025979 3
1582025980 3
1582025981 3
1582025982 3
1582025983 3
1582025984 3
1582025985 3
1582025986 3
1582025987 3
1582025988 3
1582025989 3
1582025990 3
1582025991 2
1582025992 3
1582025993 3
1582025994 3
1582025995 3
1582025996 2
1582025997 3
1582025998 3
1582025999 3
1582026000 3
1582026001 2
1582026002 3
1582026003 3
1582026004 3
1582026005 3
1582026006 3
1582026007 2
1582026008 3
1582026009 3
1582026010 3
1582026011 3
1582026012 3
1582026013 3
1582026014 3
1582026015 3
1582026016 3
1582026017 3
1582026018 3
1582026019 3
1582026020 3
1582026021 3
1582026022 3
1582026023 3
1582026024 3
1582026025 3
1582026026 3
1582026027 3
1582026028 3
1582026029 3
1582026030 3
1582026031 3
1582026032 3
1582026033 3
1582026034 3
1582026035 3
1582026036 3
1582026037 3
1582026038 3
1582026039 3
1582026040 3
1582026041 3
1582026042 3
1582026043 3
1582026044 3
1582026045 3
1582026046 3
1582026047 3
1582026048 3
1582026049 2
1582026050 3
1582026051 3
1582026052 2
1582026053 3
1582026054 3
1582026055 3
1582026056 3
1582026057 3
1582026058 3
1582026059 3
1582026060 3
1582026061 3
1582026062 3
1582026063 3
1582026064 3
1582026065 2
1582026066 3
1582026067 2
1582026068 3
1582026069 3
1582026070 3
1582026071 2
1582026072 2
1582026073 3
1582026074 3
1582026075 3
1582026076 3
1582026077 3
1582026078 3
1582026079 3
1582026080 3
1582026081 3
1582026082 3
1582026083 3
1582026084 3
1582026085 3
1582026086 3
1582026087 3
1582026088 3
1582026089 2
1582026090 2
1582026091 3
1582026092 3
1582026093 2
1582026094 3
1582026095 3
1582026096 3
1582026097 3
1582026098 3
1582026099 3
1582026100 3
1582026101 4
1582026102 4
1582026103 4
1582026104 4
1582026105 4
1582026106 4
1582026107 4
1582026108 4
1582026109 4
1582026110 4
1582026111 3
1582026112 3
1582026113 3
1582026114 3
1582026115 3
1582026116 4
1582026117 3
1582026118 3
1582026119 3
1582026120 3
1582026121 3
1582026122 3
1582026123 3
1582026124 3
1582026125 3
1582026126 3
1582026127 3
1582026128 3
1582026129 3
1582026130 3
1582026131 3
1582026132 3
1582026133 3
1582026134 3
1582026135 3
1582026136 3
1582026137 3
1582026138 3
1582026139 3
1582026140 3
1582026141 3
1582026142 3
1582026143 3
1582026144 3
1582026145 3
1582026146 3
1582026147 2
1582026148 1
1582026149 1
1582026150 1
1582026151 1
1582026152 1
1582026153 1
1582026154 1
1582026155 1
1582026156 1
1582026157 1
1582026158 1
1582026159 1
1582026160 1
1582026161 1
1582026162 2
1582026163 1
1582026164 1
1582026165 1
1582026166 1
1582026167 1
1582026168 1
1582026169 1
1582026170 1
1582026171 1
1582026172 1
1582026173 1
1582026174 1
1582026175 2
1582026176 1
1582026177 1
1582026178 1
1582026179 1
1582026180 1
1582026181 1
1582026182 1
1582026183 1
1582026184 1
1582026185 1
1582026186 1
1582026187 1
1582026188 1
1582026189 1
1582026190 1
1582026191 1
1582026192 1
1582026193 1
1582026194 1
1582026195 1
1582026196 1
1582026197 1
1582026198 1
1582026199 1
1582026200 1
1582026201 1
1582026202 1
1582026203 1
1582026204 1
1582026205 1
1582026206 1
1582026207 1
1582026208 1
1582026209 1
1582026210 1
1582026211 1
1582026212 1
1582026213 1
1582026214 1
1582026215 1
1582026216 1
1582026217 1
1582026218 1
1582026219 1
1582026220 1
1582026221 1
1582026222 1
1582026223 1
1582026224 1
1582026225 1
1582026226 1
1582026227 1
1582026228 1
1582026229 1
1582026230 1
1582026231 1
1582026232 1
1582026233 1
1582026234 1
1582026235 1
1582026236 1
1582026237 1
1582026238 1
1582026239 1
1582026240 1
1582026241 1
1582026242 1
1582026243 1
1582026244 1
1582026245 1
1582026246 1
1582026247 1
1582026248 1
1582026249 1
1582026250 1
1582026251 1
1582026252 1
1582026253 1
1582026254 1
1582026255 1
1582026256 1
1582026257 1
1582026258 1
1582026259 1
1582026260 1
1582026261 1
1582026262 1
1582026263 1
1582026264 1
1582026265 1
1582026266 1
1582026267 1
1582026268 1
1582026269 1
1582026270 1
1582026271 1
1582026272 1
1582026273 1
1582026274 1
1582026275 1
1582026276 1
1582026277 1
1582026278 1
1582026279 1
1582026280 1
1582026281 1
1582026282 1
1582026283 1
1582026284 1
1582026285 1
1582026286 1
1582026287 1
1582026288 1
1582026289 1
1582026290 1
1582026719 3
1582026720 3
1582026721 3
1582026722 2
1582026723 3
1582026724 3
1582026725 3
1582026726 3
1582026727 3
1582026728 3
1582026729 3
1582026730 3
1582026731 2
1582026732 1
1582026733 2
1582026734 2
1582026735 2
1582026736 2
1582026737 2
1582026738 2
1582026739 2
1582026740 3
1582026741 1
1582026742 1
1582026743 1
1582026744 1
1582026745 1
1582026746 1
1582026747 2
1582026748 1
1582026749 1
1582026750 1
1582026751 1
1582026752 1
1582026753 1
1582026754 1
1582026755 1
1582026756 1
1582026757 1
1582026758 1
1582026759 1
1582026760 1
1582026761 1
1582026762 1
1582026763 1
1582026764 3
1582026765 3
1582026766 2
1582026767 2
1582026768 3
1582026769 2
1582026770 2
1582026771 2
1582026772 2
1582026773 2
1582026774 2
1582026775 2
1582026776 3
1582026777 2
1582026778 4
1582026779 4
1582026780 3
1582026781 3
1582026782 3
1582026783 2
1582026784 2
1582026785 2
1582026786 3
1582026787 3
1582026788 3
1582026789 3
1582026790 3
1582026791 3
1582026792 3
1582026793 3
1582026794 3
1582026795 3
1582026796 4
1582026797 3
1582026798 4
1582026799 3
1582026800 3
1582026801 3
1582026802 3
1582026803 3
1582026804 3
1582026805 3
1582026806 3
1582026807 3
1582026808 3
1582026809 3
1582026810 3
1582026811 3
1582026812 3
1582026813 3
1582026814 3
1582026815 3
1582026816 3
1582026817 3
1582026818 3
1582026819 3
1582026820 3
1582026821 3
1582026822 3
1582026823 3
1582026824 3
1582026825 3
1582026826 3
1582026827 3
1582026828 3
1582026829 3
1582026830 3
1582026831 3
1582026832 4
1582026833 3
1582026834 3
1582026835 3
1582026836 3
1582026837 3
1582026838 3
1582026839 3
1582026840 3
1582026841 2
1582026842 2
1582026843 3
1582026844 4
