1573900997 2
1573900998 2
1573900999 2
1573901000 2
1573901154 2
1573901155 2
1573901156 2
1573901157 2
1573901310 2
1573901311 2
1573901312 2
1573901313 2
1573901314 2
1573901466 2
1573901467 2
1573901468 2
1573901469 2
1573901627 2
1573901628 2
1573901629 2
1573901630 2
1573901781 2
1573901782 2
1573901783 2
1573901784 2
1573901936 2
1573901937 2
1573901938 2
1573901939 2
1573902094 2
1573902095 2
1573902096 2
1573902097 2
1573902251 2
1573902252 2
1573902253 2
1573902254 2
1573902407 2
1573902408 3
1573902409 2
1573902410 2
1573902600 2
1573902601 2
1573902602 2
1573902603 2
1573902908 2
1573902909 2
1573902910 2
1573902911 2
1573903218 2
1573903219 2
1573903220 2
1573903221 2
1573903530 2
1573903531 2
1573903532 2
1573903533 2
1573903840 2
1573903841 2
1573903842 2
1573903843 2
1573904149 2
1573904150 2
1573904151 2
1573904152 2
1573904460 1
1573904461 1
1573904462 1
1573904463 1
1573904464 1
1573904465 1
1573904466 1
