1573741827 2
1573741828 2
1573741829 2
1573741830 2
1573741947 2
1573741948 2
1573741949 2
1573741950 2
1573743578 2
1573743579 2
1573743580 2
1573743581 2
1573743582 2
1573743677 2
1573743678 2
1573743679 2
1573743680 2
1573743779 2
1573743780 2
1573743781 2
1573743782 2
1573743877 2
1573743878 2
1573743879 2
1573743880 2
1573743977 2
1573743978 2
1573743979 2
1573743980 2
1573744074 2
1573744075 2
1573744076 2
1573744077 2
1573744171 2
1573744172 2
1573744173 2
1573744174 2
1573744269 2
1573744270 2
1573744271 2
1573744272 2
1573744365 2
1573744366 2
1573744367 2
1573744368 2
1573744457 2
1573744458 2
1573744459 2
1573744568 2
1573744569 2
1573744570 2
1573744571 2
1573744661 2
1573744662 2
1573744663 2
1573744664 2
1573744759 2
1573744760 2
1573744761 2
1573744762 2
1573744873 2
1573744874 3
1573744875 2
1573744876 2
1573745009 2
1573745010 2
1573745011 2
1573745012 2
1573745013 2
1573745107 2
1573745108 2
1573745109 2
1573745110 2
1573745291 2
1573745292 2
1573745293 2
1573745294 2
1573745388 2
1573745389 2
1573745390 2
1573745391 2
1573745491 2
1573745492 3
1573745493 2
1573745494 2
1573745590 2
1573745591 2
1573745592 2
1573745593 2
1573745594 2
1573745689 2
1573745690 2
1573745691 2
1573745692 2
1573745792 2
1573745793 2
1573745794 2
1573745795 2
1573745891 2
1573745892 2
1573745893 2
1573745894 2
1573745986 2
1573745987 2
1573745988 2
1573745989 2
1573746087 2
1573746088 2
1573746089 2
1573746090 2
1573746185 3
1573746186 2
1573746187 2
1573746188 2
1573746286 2
1573746287 2
1573746288 2
1573746289 2
1573746387 2
1573746388 2
1573746389 2
1573746390 2
1573746484 3
1573746485 2
1573746486 2
1573746487 2
1573746488 2
1573746580 2
1573746581 2
1573746582 2
1573746583 2
1573748900 2
1573748901 2
1573748902 3
1573748903 2
1573748997 2
1573748998 2
1573748999 2
1573749000 2
1573749097 2
1573749098 2
1573749099 2
1573749100 2
1573749101 2
1573749209 2
1573749210 2
1573749211 2
1573749212 2
1573749303 2
1573749304 3
1573749305 2
1573749306 2
1573749436 3
1573749437 2
1573749438 2
1573749439 2
1573749541 2
1573749542 2
1573749543 2
1573749544 2
1573749640 2
1573749641 2
1573749642 1
1573749643 2
1573749739 2
1573749740 2
1573749741 2
1573749742 2
1573749836 2
1573749837 2
1573749838 2
1573749839 2
1573752432 2
1573752433 2
1573752434 2
1573752435 2
1573752690 2
1573752691 2
1573752692 2
1573752693 2
1573752849 2
1573752850 2
1573752851 2
1573752852 2
1573752853 2
1573753007 2
1573753008 2
1573753009 2
1573753010 2
1573753165 2
1573753166 2
1573753167 2
1573753168 2
1573753319 2
1573753320 2
1573753321 2
1573753322 2
1573753479 2
1573753480 2
1573753481 2
1573753482 2
1573753632 2
1573753633 2
1573753634 2
1573753635 2
1573753794 2
1573753795 2
1573753796 2
1573753797 2
1573754614 2
1573754615 2
1573754616 2
1573754617 2
1573754773 2
1573754774 2
1573754775 2
1573754776 2
1573754932 2
1573754933 2
1573754934 2
1573754935 1
1573755103 2
1573755104 2
1573755105 2
1573755106 2
1573755261 2
1573755262 2
1573755263 2
1573755264 2
1573755421 2
1573755422 2
1573755423 2
1573755424 2
1573755577 2
1573755578 2
1573755579 2
1573755580 2
1573755735 2
1573755736 2
1573755737 2
1573755738 2
1573755893 2
1573755894 3
1573755895 2
1573755896 2
1573756050 2
1573756051 2
1573756052 2
1573756053 2
