1573206986 4
1573206987 4
1573207155 4
1573207156 4
1573207323 4
1573207324 4
1573207325 4
1573207490 4
1573207491 4
1573207492 4
1573207646 4
1573207647 4
1573207648 4
1573207649 4
1573207650 4
1573207651 4
1573207652 4
1573207653 4
1573207654 4
1573207655 3
1573207656 3
1573207657 2
1573207658 3
1573207659 3
1573207660 5
1573207661 4
1573207662 4
1573207828 4
1573207829 5
1573207994 4
1573207995 5
1573207996 4
1573208159 4
1573208160 4
1573208161 4
1573208326 4
1573208327 4
1573208328 4
1573208493 4
1573208494 4
1573208495 4
1573208698 4
1573208699 4
1573208700 4
1573209349 4
1573209350 4
1573210015 4
1573210016 4
1573210667 4
1573210668 4
1573210669 4
1573210670 4
1573210671 4
1573210672 4
1573210673 4
1573210674 4
1573210675 4
1573210676 4
1573210677 3
1573210678 3
1573210679 3
1573210680 4
1573210681 4
1573210682 4
1573211347 4
1573211348 4
1573211349 4
1573212003 4
1573212004 4
1573212652 4
1573212653 4
1573213305 5
1573213306 4
1573213973 4
1573213974 4
1573214618 4
1573214619 3
1573214620 3
1573214621 3
1573214622 3
1573214623 3
1573214624 3
1573214625 3
1573214626 3
1573214627 3
1573214628 3
1573214629 3
1573214630 4
1573214631 4
1573214632 5
1573218166 4
1573218167 4
1573218494 4
1573218495 4
1573218885 4
1573218886 4
1573218887 4
1573220229 4
1573220230 4
1573220396 4
1573220397 5
1573220563 4
1573220564 4
1573220565 4
1573220732 4
1573220733 4
1573220734 4
1573220900 4
1573220901 4
1573221068 4
1573221069 4
1573221401 5
1573221402 4
1573221567 4
1573221568 4
1573221569 4
1573221737 4
1573221738 4
1573221926 5
1573221927 4
1573222097 4
1573222098 4
1573222099 5
1573222263 4
1573222264 4
1573222265 4
1573222428 4
1573222429 4
1573222430 3
1573222597 4
1573222598 4
