1579183987 4
1579183988 4
1579184425 4
1579184426 5
1579184427 5
1579184428 5
1579184697 4
1579184698 4
1579184699 4
1579184864 5
1579185026 5
1579185188 5
1579185189 4
1579185363 4
1579185364 4
1579185552 4
1579185553 4
1579185733 6
1579185734 5
1579185911 4
1579185912 4
1579186100 4
1579186101 4
1579186283 4
1579186284 4
1579186285 4
1579186286 4
1579186287 4
1579186288 4
1579186289 4
1579186290 4
1579186291 4
1579186292 4
1579186293 4
1579186294 4
1579186295 4
1579186296 4
1579186297 4
1579186298 4
1579186610 4
1579186611 4
1579186612 4
1579187659 4
1579187660 5
1579187956 4
1579187957 4
1579187958 4
1579187959 4
1579187960 4
1579187961 4
1579187962 3
1579187963 2
1579187964 2
1579187965 3
1579187966 4
1579187967 4
1579187968 4
1579188300 4
1579188394 4
1579188395 4
1579188396 4
1579188397 4
1579188398 4
1579188399 4
1579188400 4
1579188401 4
1579188402 4
1579188403 4
1579188404 4
1579188405 4
1579188406 4
1579188407 4
1579188408 4
1579188409 4
1579188410 4
1579188411 4
1579188412 4
1579188413 4
1579188414 4
1579188415 4
1579188416 3
1579188417 3
1579188418 3
1579188419 3
1579188420 2
1579188421 2
1579188422 3
1579188423 3
1579188424 4
1579188425 4
1579188956 5
1579189280 4
1579189281 4
1579189607 4
1579189608 4
1579189609 4
1579189610 4
1579189611 4
1579189612 3
1579189613 3
1579189614 3
1579189615 3
1579189616 2
1579189617 3
1579189618 2
1579189619 2
1579189620 2
1579189621 2
1579189622 2
1579189623 2
1579189624 2
1579189625 3
1579189626 2
1579189627 3
1579189628 3
1579189629 4
1579189630 4
1579189944 4
1579189945 4
1579190271 4
1579190272 4
1579190273 4
1579190274 4
1579190275 4
1579190276 4
1579190277 4
1579190278 4
1579190279 3
1579190280 3
1579190281 3
1579190282 4
1579190283 4
1579190284 4
1579190825 3
1579190826 5
1579191382 4
1579191383 3
1579191384 3
1579191385 3
1579191386 3
1579191387 3
1579191388 3
1579191389 4
1579191390 3
1579191391 3
1579191392 3
1579191393 3
1579191394 3
1579191395 3
1579191396 3
1579191397 3
1579191398 3
1579191399 3
1579191400 3
1579191401 3
1579191402 3
1579191403 3
1579191404 3
1579191405 3
1579191406 3
1579191407 3
1579191408 3
1579191409 3
1579191410 3
1579191411 3
1579191412 3
1579191413 3
1579191414 3
1579191415 3
1579191416 3
1579191417 3
1579191418 3
1579191419 3
1579191420 3
1579191421 3
1579191422 3
1579191423 3
1579191424 3
1579191425 3
1579191426 3
1579191427 3
1579191428 3
1579191429 3
1579191430 3
1579191431 3
1579191432 3
1579191433 3
1579191434 3
1579191435 3
1579191436 3
1579191437 3
1579191438 3
1579191439 3
1579191440 4
1579191441 4
1579191442 4
1579191996 4
1579191997 4
1579191998 4
1579191999 4
1579192000 4
1579192001 4
1579192002 3
1579192003 3
1579192004 3
1579192005 4
1579192006 4
1579192007 4
1579192560 4
1579192561 4
1579192562 4
1579192563 4
1579192564 4
1579192565 5
1579192566 4
1579192567 3
1579192568 2
1579192569 3
1579192570 4
1579192571 4
1579192572 4
1579193153 4
1579193154 4
1579193741 4
1579193742 4
1579194306 5
1579194307 4
1579194876 5
1579194877 4
1579195440 4
1579195441 4
1579196029 3
1579196030 4
1579196031 4
