1573209200 2
1573209201 2
1573209202 2
1573209203 3
1573209204 2
1573209205 2
1573209206 2
1573209871 2
1573209872 2
1573209873 2
1573209874 3
1573209875 3
1573209876 3
1573210531 2
1573210532 2
1573210533 2
1573210534 3
1573210535 2
1573210536 2
1573211201 2
1573211202 2
1573211203 2
1573211204 3
1573211205 2
1573211206 3
1573211207 3
1573211859 2
1573211860 2
1573211861 2
1573211862 3
1573211863 2
1573211864 2
1573212507 2
1573212508 2
1573212509 2
1573212510 3
1573212511 3
1573212512 2
1573212513 2
1573213159 2
1573213160 2
1573213161 2
1573213162 3
1573213163 3
1573213164 3
1573213809 2
1573213810 2
1573213811 2
1573213812 3
1573213813 3
1573213814 2
1573214482 2
1573214483 2
1573214484 2
1573214485 3
1573214486 3
1573214487 2
1573215139 3
1573215140 3
1573215141 2
1573215142 2
1573215143 3
1573215144 2
1573215145 2
1573218353 2
1573218354 2
1573218355 2
1573218356 3
1573218357 3
1573218358 2
1573218684 2
1573218685 2
1573218686 2
1573218687 2
1573218688 3
1573218689 2
1573218690 2
