1571666084 3
1571666085 3
1571666086 3
1571666087 3
1571666088 4
1571666089 3
1571666090 3
1571666091 3
1571666865 3
1571666866 3
1571666867 3
1571666868 3
1571666869 4
1571666870 3
1571666871 3
1571666872 3
1571667258 3
1571667259 3
1571667260 3
1571667261 3
1571667262 4
1571667263 4
1571667264 4
1571667265 3
1571667701 2
1571667702 2
1571667703 2
1571667704 2
1571667705 3
1571667706 3
1571667707 2
1571667708 2
1571667709 2
1571669352 2
1571669353 2
1571669354 2
1571669355 2
1571669356 3
1571669357 3
1571669358 2
1571669359 2
1571669360 2
1571669748 2
1571669749 2
1571669750 2
1571669751 2
1571669752 3
1571669753 3
1571669754 2
