1575028277 2
1575028278 2
1575028279 2
1575028280 3
1575028281 2
1575028586 2
1575028587 2
1575028588 2
1575028589 3
1575028590 2
1575028591 2
1575028897 2
1575028898 2
1575028899 2
1575028900 3
1575028901 2
1575029234 2
1575029235 2
1575029236 2
1575029237 3
1575029238 2
1575029545 2
1575029546 2
1575029547 2
1575029548 2
1575029549 2
1575029854 2
1575029855 2
1575029856 2
1575029857 2
1575029858 2
1575029859 2
1575030168 2
1575030169 2
1575030170 2
1575030171 2
1575030172 2
1575030482 2
1575030483 2
1575030484 2
1575030485 3
1575030486 2
1575030487 3
1575030801 3
1575030802 3
1575030803 3
1575030804 4
1575030805 3
1575031128 2
1575031129 2
1575031130 2
1575031131 2
1575031132 2
1575033344 2
1575033345 2
1575033346 2
1575033347 3
1575033348 3
1575033349 2
1575033912 4
1575033913 3
1575033914 3
1575033915 4
1575033916 4
1575033917 3
1575034502 3
1575034503 2
1575034504 2
1575034505 2
1575034506 3
1575035076 4
1575035077 3
1575035078 3
1575035079 3
1575035080 2
1575035081 2
1575035639 2
1575035640 2
1575035641 2
1575035642 2
1575035643 3
1575036676 2
1575036677 2
1575036678 2
1575036679 3
1575036680 2
1575037237 3
1575037238 3
1575037239 3
1575037240 3
1575037241 4
1575037242 4
1575037796 2
1575037797 2
1575037798 2
1575037799 3
1575037800 2
1575038799 2
1575038800 2
1575038801 2
1575038802 3
1575038803 2
1575039371 5
1575039372 5
1575039373 5
1575039374 5
1575039375 3
