1571323445 2
1571323446 2
1571323447 2
1571323448 2
1571323449 3
1571323450 3
1571323451 2
1571323452 2
1571323838 3
1571323839 3
1571323840 3
1571323841 3
1571323842 4
1571323843 4
1571323844 3
1571323845 2
1571324241 2
1571324242 2
1571324243 2
1571324244 2
1571324245 3
1571324246 2
1571324247 2
1571324248 2
1571324640 2
1571324641 2
1571324642 2
1571324643 2
1571324644 3
1571324645 3
1571324646 3
1571324647 2
1571327570 2
1571327571 2
1571327572 2
1571327573 2
1571327574 3
1571327575 3
1571327576 2
1571327577 2
1571327961 3
1571327962 2
1571327963 2
1571327964 2
1571327965 3
1571327966 3
1571327967 3
1571327968 3
1571328352 2
1571328353 2
1571328354 2
1571328355 2
1571328356 3
1571328357 3
1571328358 2
1571328359 2
1571328743 2
1571328744 2
1571328745 2
1571328746 2
1571328747 3
1571328748 3
1571328749 3
1571328750 2
1571329134 2
1571329135 2
1571329136 2
1571329137 2
1571329138 3
1571329139 3
1571329140 2
1571329141 2
1571329525 2
1571329526 2
1571329527 2
1571329528 2
1571329529 3
1571329530 3
1571329531 2
1571329532 2
1571330499 2
1571330500 2
1571330501 2
1571330502 2
1571330503 3
1571330504 3
1571330505 3
1571330506 2
