1582634988 2
1582634989 2
1582634990 2
1582634991 4
1582634992 5
1582635270 2
1582635271 2
1582635272 2
1582635273 2
1582635274 4
1582635555 2
1582635556 2
1582635557 2
1582635558 3
1582635559 4
1582635839 2
1582635840 2
1582635841 2
1582635842 3
1582635843 5
1582636127 2
1582636128 2
1582636129 2
1582636130 3
1582636131 5
1582636413 4
1582636414 2
1582636415 2
1582636416 4
1582636417 5
1582636705 3
1582636706 2
1582636707 2
1582636708 3
1582636709 5
1582636991 2
1582636992 2
1582636993 2
1582636994 3
1582636995 5
1582637297 2
1582637298 2
1582637299 2
1582637300 2
1582637301 3
1582637302 4
1582637592 3
1582637593 2
1582637594 2
1582637595 3
1582637596 5
1582637886 3
1582637887 2
1582637888 2
1582637889 3
1582637890 4
1582638445 3
1582638446 2
1582638447 2
1582638448 2
1582638449 5
1582639520 3
1582639521 2
1582639522 2
1582639523 3
1582639524 4
1582640698 4
1582640699 3
1582640700 2
1582640701 3
1582641257 2
1582641258 2
1582641259 2
1582641260 2
1582641261 5
1582641827 2
1582641828 2
1582641829 2
1582641830 3
1582641831 4
1582642396 4
1582642397 3
1582642398 3
1582642399 6
1582642970 4
1582642971 3
1582642972 3
1582642973 4
1582643573 2
1582643574 2
1582643575 2
1582643576 3
1582643577 6
1582644129 2
1582644130 2
1582644131 2
1582644132 3
