1582898727 4
1582898728 3
1582898729 2
1582898730 4
1582898731 5
1582899299 4
1582899300 4
1582899301 4
1582899302 4
1582899303 7
1582899867 4
1582899868 3
1582899869 3
1582899870 2
1582899871 5
1582900431 3
1582900432 3
1582900433 2
1582900434 3
1582902089 3
1582902090 3
1582902091 2
1582902092 4
1582902734 4
1582902735 3
1582902736 3
1582902737 2
1582902738 3
1582903312 3
1582903313 3
1582903314 2
1582903315 2
1582903316 3
1582903317 5
1582903318 5
1582903319 5
1582903320 5
1582903321 5
1582903322 5
1582903323 5
1582903324 5
1582903325 6
1582903326 6
1582903327 6
1582903328 6
1582903329 6
1582903330 6
1582903331 6
1582903332 6
1582903333 6
1582903334 6
1582903335 5
