1580306573 3
1580306574 2
1580306575 3
1580306576 3
1580306577 4
1580306874 4
1580306875 3
1580306876 3
1580306877 3
1580306878 4
1580307275 4
1580307276 4
1580307277 4
1580307278 4
1580307751 4
1580307752 4
1580307753 3
1580307754 3
1580307755 4
1580308065 3
1580308066 4
1580308067 3
1580308068 5
1580308069 5
1580308378 4
1580308379 4
1580308380 3
1580308381 4
1580308382 5
1580310580 3
1580310581 3
1580310582 3
1580310583 4
1580310897 4
1580310898 3
1580310899 3
1580310900 4
1580310901 5
1580311206 3
1580311207 3
1580311208 3
1580311209 4
1580311516 3
1580311517 3
1580311518 3
1580311519 4
1580311890 3
1580311891 3
1580311892 2
1580311893 4
1580311894 5
1580312223 6
1580312224 4
1580312225 3
1580312226 3
1580312227 4
1580312804 4
1580312805 3
1580312806 3
1580312807 3
1580313359 5
1580313360 5
1580313361 5
1580313362 5
1580313363 6
1580314324 3
1580314325 3
1580314326 4
1580314881 3
1580314882 3
1580314883 3
1580314884 3
1580315437 3
1580315438 3
1580315439 2
1580315440 3
1580316000 4
1580316001 4
1580316002 2
1580316003 3
1580316004 5
1580316702 4
1580316703 3
1580316704 3
1580316705 3
1580317289 3
1580317290 3
1580317291 2
1580317292 2
1580317293 5
