1582113146 2
1582113147 2
1582113148 2
1582113149 2
1582113150 2
1582113151 2
1582113152 2
1582113153 2
1582113154 2
1582113155 2
1582113314 2
1582113315 2
1582113316 2
1582113317 2
1582113318 2
1582113319 2
1582113320 2
1582113321 2
1582113322 2
1582113478 2
1582113479 2
1582113480 2
1582113481 2
1582113482 2
1582113483 2
1582113484 2
1582113485 2
1582113486 2
1582113645 2
1582113646 2
1582113647 2
1582113648 2
1582113649 2
1582113650 2
1582113651 2
1582113652 2
1582113653 2
1582113811 2
1582113812 2
1582113813 2
1582113814 2
1582113815 2
1582113816 2
1582113817 2
1582113818 2
1582113819 2
1582113820 2
1582113986 2
1582113987 2
1582113988 2
1582113989 2
1582113990 2
1582113991 2
1582113992 2
1582113993 2
1582113994 2
1582113995 2
1582114148 2
1582114149 2
1582114150 2
1582114151 2
1582114152 2
1582114153 2
1582114154 2
1582114155 2
1582114156 2
1582114157 2
1582114310 2
1582114311 2
1582114312 2
1582114313 2
1582114314 2
1582114315 2
1582114316 2
1582114317 2
1582114318 2
1582114319 2
1582114320 2
1582114477 2
1582114478 2
1582114479 3
1582114480 2
1582114481 2
1582114482 2
1582114483 2
1582114484 2
1582114485 2
1582114486 2
1582114641 2
1582114642 2
1582114643 2
1582114644 2
1582114645 2
1582114646 2
1582114647 2
1582114648 2
1582114649 2
1582114650 2
1582114804 2
1582114805 2
1582114806 2
1582114807 2
1582114808 2
1582114809 2
1582114810 2
1582114811 2
1582114812 2
1582114813 2
1582114970 2
1582114971 2
1582114972 2
1582114973 2
1582114974 2
1582114975 2
1582114976 2
1582114977 2
1582114978 2
1582114979 2
1582114980 2
1582115132 2
1582115133 2
1582115134 2
1582115135 2
1582115136 2
1582115137 2
1582115138 2
1582115139 2
1582115140 2
1582115141 2
1582115299 2
1582115300 2
1582115301 2
1582115302 2
1582115303 2
1582115304 2
1582115305 2
1582115306 2
1582115307 2
1582115308 2
1582115309 2
1582115462 2
1582115463 2
1582115464 2
1582115465 2
1582115466 2
1582115467 2
1582115468 2
1582115469 2
1582115470 2
1582115471 2
1582115472 2
1582115626 2
1582115627 2
1582115628 2
1582115629 2
1582115630 2
1582115631 2
1582115632 2
1582115633 2
1582115634 2
1582115635 2
1582115789 2
1582115790 2
1582115791 2
1582115792 2
1582115793 2
1582115794 2
1582115795 2
1582115796 2
1582115797 2
1582115798 2
1582115799 2
1582115953 2
1582115954 3
1582115955 2
1582115956 2
1582115957 2
1582115958 2
1582115959 2
1582115960 2
1582115961 2
1582116134 2
1582116135 2
1582116136 2
1582116137 2
1582116138 2
1582116139 2
1582116140 2
1582116141 2
1582116142 2
1582116350 2
1582116351 2
1582116352 2
1582116353 2
1582116354 2
1582116355 2
1582116356 2
1582116357 2
1582116358 2
1582116526 2
1582116527 2
1582116528 2
1582116529 2
1582116530 2
1582116531 2
1582116532 2
1582116533 2
1582116534 2
1582116691 2
1582116692 2
1582116693 2
1582116694 2
1582116695 2
1582116696 2
1582116697 2
1582116698 2
1582116699 2
1582119010 2
1582119011 2
1582119012 2
1582119013 2
1582119014 2
1582119015 2
1582119016 2
1582119017 2
1582119018 2
1582119019 2
1582119173 2
1582119174 2
1582119175 2
1582119176 2
1582119177 2
1582119178 2
1582119179 2
1582119180 2
1582119181 2
1582119343 2
1582119344 2
1582119345 2
1582119346 2
1582119347 2
1582119348 2
1582119349 2
1582119350 2
1582119351 2
1582119352 2
1582119519 2
1582119520 2
1582119521 2
1582119522 2
1582119523 2
1582119524 2
1582119525 2
1582119526 2
1582119527 2
1582119695 2
1582119696 2
1582119697 2
1582119698 2
1582119699 2
1582119700 2
1582119701 2
1582119702 2
1582119703 2
1582119858 2
1582119859 2
1582119860 2
1582119861 2
1582119862 2
1582119863 2
1582119864 2
1582119865 2
1582119866 2
1582120029 2
1582120030 2
1582120031 2
1582120032 2
1582120033 2
1582120034 3
1582120035 2
1582120036 2
1582120037 2
1582120038 2
1582120039 2
1582120204 2
1582120205 2
1582120206 2
1582120207 2
1582120208 2
1582120209 2
1582120210 3
1582120211 2
1582120212 2
1582120213 2
1582120214 2
1582120926 2
1582120927 2
1582120928 2
1582120929 2
1582120930 2
1582120931 2
1582120932 2
1582120933 2
1582120934 2
1582120935 2
1582121092 2
1582121093 3
1582121094 2
1582121095 2
1582121096 2
1582121097 2
1582121098 2
1582121099 2
1582121100 2
1582121101 2
1582121336 2
1582121337 2
1582121338 2
1582121339 2
1582121340 2
1582121341 2
1582121342 2
1582121343 2
1582121344 2
1582121498 2
1582121499 2
1582121500 3
1582121501 2
1582121502 2
1582121503 2
1582121504 2
1582121505 2
1582121506 2
1582121507 2
1582125241 2
1582125242 2
1582125243 2
1582125244 2
1582125245 2
1582125246 2
1582125247 2
1582125248 2
1582125249 2
1582125681 2
1582125682 2
1582125683 2
1582125684 2
1582125685 2
1582125686 2
1582125687 2
1582125688 2
1582125689 2
1582125885 2
1582125886 2
1582125887 2
1582125888 2
1582125889 2
1582125890 2
1582125891 2
1582125892 2
1582125893 2
1582126051 2
1582126052 2
1582126053 2
1582126054 2
1582126055 2
1582126056 2
1582126057 2
1582126058 2
1582126059 2
1582126060 2
1582126219 2
1582126220 2
1582126221 2
1582126222 2
1582126223 2
1582126224 2
1582126225 2
1582126226 2
1582126227 2
1582126228 2
1582126381 2
1582126382 2
1582126383 2
1582126384 2
1582126385 2
1582126386 2
1582126387 2
1582126388 2
1582126389 2
1582126390 2
1582126549 2
1582126550 2
1582126551 2
1582126552 2
1582126553 2
1582126554 2
1582126555 2
1582126556 2
1582126557 2
1582126710 2
1582126711 2
1582126712 2
1582126713 2
1582126714 2
1582126715 2
1582126716 2
1582126717 2
1582126718 2
1582126719 2
1582126720 2
1582126875 2
1582126876 2
1582126877 2
1582126878 2
1582126879 2
1582126880 2
1582126881 2
1582126882 2
1582126883 2
1582126884 2
1582127038 2
1582127039 2
1582127040 2
1582127041 2
1582127042 2
1582127043 2
1582127044 2
1582127045 2
1582127046 2
1582127200 2
1582127201 2
1582127202 2
1582127203 2
1582127204 2
1582127205 2
1582127206 2
1582127207 2
1582127208 2
1582127209 2
1582127368 2
1582127369 2
1582127370 2
1582127371 2
1582127372 2
1582127373 2
1582127374 2
1582127375 2
1582127376 2
1582127377 2
1582127378 2
1582127535 2
1582127536 2
1582127537 2
1582127538 2
1582127539 2
1582127540 2
1582127541 2
1582127542 2
1582127543 2
1582127544 2
1582127698 2
1582127699 2
1582127700 2
1582127701 2
1582127702 2
1582127703 2
1582127704 2
1582127705 2
1582127706 2
1582127707 2
1582127862 2
1582127863 2
1582127864 2
1582127865 2
1582127866 2
1582127867 2
1582127868 2
1582127869 2
1582127870 2
1582127871 2
1582128022 2
1582128023 2
1582128024 2
1582128025 2
1582128026 2
1582128027 2
1582128028 2
1582128029 2
1582128030 2
1582128031 2
1582128189 2
1582128190 2
1582128191 2
1582128192 2
1582128193 2
1582128194 2
1582128195 2
1582128196 2
1582128197 2
1582128198 2
1582128368 2
1582128369 2
1582128370 2
1582128371 2
1582128372 2
1582128373 2
1582128374 2
1582128375 2
1582128376 2
1582128530 2
1582128531 2
1582128532 2
1582128533 2
1582128534 2
1582128535 2
1582128536 2
1582128537 2
1582128538 2
1582128539 2
1582128693 2
1582128694 2
1582128695 2
1582128696 2
1582128697 2
1582128698 2
1582128699 2
1582128700 2
1582128701 2
1582128702 2
1582128859 2
1582128860 2
1582128861 2
1582128862 2
1582128863 2
1582128864 2
1582128865 2
1582128866 2
1582128867 2
1582129026 2
1582129027 2
1582129028 2
1582129029 2
1582129030 2
1582129031 2
1582129032 2
1582129033 2
1582129034 2
1582129193 2
1582129194 2
1582129195 2
1582129196 2
1582129197 2
1582129198 2
1582129199 2
1582129200 2
1582129201 2
1582129202 2
1582129352 2
1582129353 2
1582129354 2
1582129355 2
1582129356 2
1582129357 2
1582129358 2
1582129359 2
1582129360 2
1582129361 2
1582129512 2
1582129513 2
1582129514 2
1582129515 2
1582129516 2
1582129517 2
1582129518 2
1582129519 2
1582129520 2
1582129521 2
1582129522 2
1582129677 2
1582129678 2
1582129679 2
1582129680 2
1582129681 2
1582129682 2
1582129683 2
1582129684 2
1582129685 2
1582129686 2
