1572361311 2
1572361312 2
1572361313 2
1572361314 2
1572361315 2
1572361316 2
1572361317 2
1572361318 2
1572361319 2
1572361320 2
1572361321 2
1572361322 2
1572361508 2
1572361509 2
1572361510 2
1572361511 2
1572361512 2
1572361513 2
1572361514 2
1572361515 2
1572361516 2
1572361517 2
1572361518 2
1572361519 2
1572361520 2
1572361703 2
1572361704 2
1572361705 2
1572361706 2
1572361707 2
1572361708 2
1572361709 2
1572361710 2
1572361711 2
1572361712 2
1572361713 2
1572361714 2
1572361715 2
1572361898 2
1572361899 2
1572361900 2
1572361901 2
1572361902 2
1572361903 2
1572361904 2
1572361905 2
1572361906 2
1572361907 2
1572361908 2
1572361909 2
1572362097 2
1572362098 2
1572362099 2
1572362100 2
1572362101 2
1572362102 2
1572362103 2
1572362104 2
1572362105 2
1572362106 2
1572362107 2
1572362108 2
1572362109 2
1572362291 2
1572362292 2
1572362293 2
1572362294 2
1572362295 2
1572362296 2
1572362297 2
1572362298 2
1572362299 2
1572362300 2
1572362301 2
1572362302 2
1572362487 2
1572362488 2
1572362489 2
1572362490 2
1572362491 2
1572362492 2
1572362493 2
1572362494 2
1572362495 2
1572362496 2
1572362497 2
1572362498 2
1572362499 2
1572362687 2
1572362688 2
1572362689 2
1572362690 2
1572362691 2
1572362692 2
1572362693 2
1572362694 2
1572362695 2
1572362696 2
1572362697 2
1572362698 2
1572362881 2
1572362882 2
1572362883 2
1572362884 2
1572362885 2
1572362886 2
1572362887 2
1572362888 2
1572362889 2
1572362890 2
1572362891 2
1572362892 2
1572362893 2
1572363077 2
1572363078 2
1572363079 2
1572363080 2
1572363081 2
1572363082 2
1572363083 2
1572363084 2
1572363085 2
1572363086 2
1572363087 2
1572363088 2
1572363089 2
1572366949 2
1572366950 2
1572366951 2
1572366952 2
1572366953 2
1572366954 2
1572366955 2
1572366956 2
1572366957 2
1572366958 2
1572367117 2
1572367118 2
1572367119 2
1572367120 2
1572367121 2
1572367122 2
1572367123 2
1572367124 2
1572367125 2
1572367126 2
1572367289 2
1572367290 2
1572367291 2
1572367292 2
1572367293 2
1572367294 2
1572367295 2
1572367296 2
1572367297 2
1572367298 2
1572367455 2
1572367456 2
1572367457 2
1572367458 2
1572367459 2
1572367460 2
1572367461 2
1572367462 2
1572367463 2
1572367464 2
1572367638 2
1572367639 2
1572367640 2
1572367641 2
1572367642 2
1572367643 2
1572367644 2
1572367645 2
1572367646 2
1572367647 2
1572367815 2
1572367816 2
1572367817 2
1572367818 2
1572367819 2
1572367820 2
1572367821 2
1572367822 2
1572367823 2
1572367824 2
1572367984 2
1572367985 2
1572367986 2
1572367987 2
1572367988 2
1572367989 2
1572367990 2
1572367991 2
1572367992 2
1572367993 2
1572368153 2
1572368154 2
1572368155 2
1572368156 2
1572368157 2
1572368158 2
1572368159 2
1572368160 2
1572368161 2
1572368162 2
1572368320 2
1572368321 2
1572368322 2
1572368323 2
1572368324 2
1572368325 2
1572368326 2
1572368327 2
1572368328 2
1572368329 2
1572368485 2
1572368486 2
1572368487 2
1572368488 2
1572368489 2
1572368490 2
1572368491 2
1572368492 2
1572368493 2
1572368494 2
