1579354121 3
1579354122 3
1579354123 2
1579354124 3
1579354125 3
1579354126 3
1579354127 3
1579354128 2
1579354129 2
1579354130 3
1579354131 2
1579354132 2
1579354133 2
1579354134 2
1579354135 2
1579354136 2
1579354137 3
1579354138 3
1579354139 2
1579354140 2
1579354416 4
1579354417 3
1579354418 3
1579354419 3
1579354420 4
1579354421 4
1579354422 4
1579354423 5
1579354424 2
1579354425 3
1579354426 3
1579354427 3
1579354428 3
1579354429 2
1579354430 2
1579354431 1
1579354432 2
1579354433 2
1579354434 2
1579354435 2
1579354436 3
1579354437 3
1579354438 2
1579354439 2
1579354440 3
1579354441 2
1579354442 3
1579354443 3
1579354444 2
1579354445 3
1579354737 6
1579354738 6
1579354739 4
1579354740 5
1579354741 3
1579354742 3
1579354743 2
1579354744 2
1579354745 1
1579354746 1
1579354747 2
1579354748 2
1579354749 1
1579354750 2
1579354751 2
1579354752 2
1579354753 1
1579354754 1
1579354755 2
1579354756 2
1579354757 2
1579355047 4
1579355048 3
1579355049 2
1579355050 2
1579355051 3
1579355052 2
1579355053 2
1579355054 2
1579355055 2
1579355056 2
1579355057 2
1579355058 2
1579355059 2
1579355060 2
1579355061 2
1579355062 2
1579355063 3
1579355064 3
1579355065 3
1579355354 3
1579355355 4
1579355356 3
1579355357 3
1579355358 3
1579355359 3
1579355360 2
1579355361 2
1579355362 2
1579355363 2
1579355364 3
1579355365 2
1579355366 2
1579355367 2
1579355368 2
1579355369 2
1579355370 2
1579355371 3
1579355372 3
1579355373 2
1579355374 3
1579355664 3
1579355665 4
1579355666 2
1579355667 2
1579355668 2
1579355669 2
1579355670 1
1579355671 2
1579355672 2
1579355673 3
1579355674 3
1579355675 3
1579355676 3
1579355677 3
1579355678 3
1579355679 3
1579355680 2
1579355681 3
1579355682 3
1579355683 3
1579355974 4
1579355975 2
1579355976 2
1579355977 2
1579355978 3
1579355979 2
1579355980 2
1579355981 2
1579355982 3
1579355983 2
1579355984 2
1579355985 2
1579355986 2
1579355987 2
1579355988 2
1579355989 2
1579355990 3
1579355991 3
1579355992 3
1579356279 4
1579356280 3
1579356281 3
1579356282 2
1579356283 2
1579356284 1
1579356285 2
1579356286 2
1579356287 1
1579356288 2
1579356289 2
1579356290 1
1579356291 1
1579356292 1
1579356293 1
1579356294 1
1579356295 2
1579356296 2
1579356297 2
1579356298 3
1579356585 3
1579356586 3
1579356587 4
1579356588 2
1579356589 2
1579356590 2
1579356591 1
1579356592 1
1579356593 2
1579356594 3
1579356595 3
1579356596 3
1579356597 3
1579356598 3
1579356599 3
1579356600 2
1579356601 3
1579356602 3
1579356603 3
1579356604 4
1579356891 3
1579356892 4
1579356893 2
1579356894 3
1579356895 2
1579356896 1
1579356897 2
1579356898 2
1579356899 2
1579356900 3
1579356901 2
1579356902 2
1579356903 2
1579356904 1
1579356905 1
1579356906 1
1579356907 2
1579356908 2
1579356909 2
1579356910 3
