1575385854 6
1575385855 5
1575385856 3
1575385857 2
1575385858 2
1575385859 2
1575385860 2
1575385861 2
1575385862 2
1575385863 2
1575385864 3
1575385865 3
1575385866 3
1575385867 3
1575385868 3
1575385869 2
1575385870 3
1575385871 3
1575385872 3
1575385873 4
1575386156 2
1575386157 3
1575386158 3
1575386159 4
1575386160 4
1575386161 5
1575386162 3
1575386163 2
1575386164 3
1575386165 4
1575386166 4
1575386167 3
1575386168 2
1575386169 2
1575386170 2
1575386171 2
1575386172 2
1575386173 2
1575386174 1
1575386175 2
1575386176 3
1575386177 3
1575386178 4
1575386179 4
1575386180 3
1575386181 3
1575386182 4
1575386183 3
1575386184 3
1575386467 3
1575386468 3
1575386469 3
1575386470 3
1575386471 4
1575386472 5
1575386473 3
1575386474 4
1575386475 3
1575386476 3
1575386477 4
1575386478 4
1575386479 2
1575386480 2
1575386481 2
1575386482 2
1575386483 2
1575386484 2
1575386485 2
1575386486 2
1575386487 1
1575386488 2
1575386489 2
1575386490 1
1575386491 1
1575386492 1
1575386493 2
1575386494 2
1575386495 2
1575386496 3
1575386882 4
1575386883 4
1575386884 3
1575386885 4
1575386886 4
1575386887 3
1575386888 2
1575386889 2
1575386890 2
1575386891 2
1575386892 3
1575386893 2
1575386894 2
1575386895 2
1575386896 2
1575386897 2
1575386898 2
1575386899 3
1575386900 3
1575386901 3
1575387180 2
1575387181 4
1575387182 3
1575387183 3
1575387184 4
1575387185 4
1575387186 3
1575387187 3
1575387188 4
1575387189 3
1575387190 3
1575387191 3
1575387192 2
1575387193 2
1575387194 2
1575387195 2
1575387196 1
1575387197 2
1575387198 2
1575387199 2
1575387200 2
1575387201 2
1575387202 2
1575387203 2
1575387204 2
1575387205 2
1575387206 3
1575387207 3
1575387208 3
1575387209 4
1575387501 5
1575387502 4
1575387503 4
1575387504 3
1575387505 2
1575387506 2
1575387507 2
1575387508 2
1575387509 2
1575387510 3
1575387511 4
1575387512 5
1575387513 3
1575387514 2
1575387515 2
1575387516 2
1575387517 3
1575387518 3
1575387519 5
1575387810 4
1575387811 3
1575387812 3
1575387813 3
1575387814 4
1575387815 3
1575387816 2
1575387817 2
1575387818 2
1575387819 2
1575387820 3
1575387821 3
1575387822 1
1575387823 1
1575387824 1
1575387825 1
1575387826 1
1575387827 2
1575387828 2
1575387829 2
1575388109 3
1575388110 3
1575388111 3
1575388112 4
1575388113 4
1575388114 6
1575388115 3
1575388116 3
1575388117 3
1575388118 3
1575388119 4
1575388120 2
1575388121 2
1575388122 2
1575388123 2
1575388124 1
1575388125 1
1575388128 1
1575388129 1
1575388130 1
1575388131 1
1575388132 1
1575388133 1
1575388134 2
1575388135 2
1575388136 2
1575388137 3
1575388427 5
1575388428 4
1575388429 3
1575388430 3
1575388431 4
1575388432 3
1575388433 3
1575388434 2
1575388435 2
1575388436 2
1575388437 1
1575388438 1
1575388439 1
1575388440 1
1575388441 1
1575388442 1
1575388443 2
1575388444 2
1575388445 2
1575388732 5
1575388733 5
1575388734 4
1575388735 3
1575388736 3
1575388737 4
1575388738 4
1575388739 3
1575388740 3
1575388741 3
1575388742 2
1575388743 1
1575388744 1
1575388745 1
1575388746 2
1575388747 2
1575388748 3
1575388749 2
1575388750 2
1575388751 4
