1582033968 5
1582033969 4
1582033970 4
1582033971 3
1582033972 3
1582035585 4
1582035586 3
1582035587 2
1582035588 2
1582035589 2
1582035590 2
1582036192 3
1582036193 2
1582036194 2
1582036195 2
1582036196 2
1582036783 3
1582036784 2
1582036785 2
1582036786 2
1582036787 2
1582036788 2
1582036789 2
1582036790 2
1582036791 3
1582036792 3
1582036793 3
1582036794 3
1582036795 3
1582036796 2
1582036797 2
1582036798 2
1582036799 2
1582036800 2
1582036801 2
1582037401 2
1582037402 2
1582037403 2
1582037404 2
1582037405 2
1582037997 2
1582037998 2
1582037999 2
1582038000 2
1582038001 2
1582038595 2
1582038596 2
1582038597 2
1582038598 2
1582038599 2
1582041487 2
1582041488 2
1582041489 2
1582041490 2
1582041491 2
1582041492 2
1582042097 2
1582042098 2
1582042099 2
1582042100 2
1582042101 2
1582043686 2
1582043687 2
1582043688 3
1582043689 2
1582043690 2
1582043691 2
1582044299 3
1582044300 2
1582044301 2
1582044302 2
1582044303 2
