1579530355 3
1579530356 2
1579530357 2
1579530358 2
1579530359 2
1579531003 3
1579531004 3
1579531005 2
1579531006 2
1579531007 2
1579532043 2
1579532044 2
1579532045 2
1579532046 2
1579532047 3
1579532745 3
1579532746 2
1579532747 2
1579532748 2
1579532749 3
1579533410 2
1579533411 2
1579533412 2
1579533413 2
1579533414 2
1579533415 2
1579533416 2
1579533417 2
1579533418 2
1579534014 3
1579534015 3
1579534016 3
1579534017 2
1579534018 2
1579534674 4
1579534675 2
1579534676 2
1579534677 2
1579534678 2
1579535311 2
1579535312 2
1579535313 2
1579535314 2
1579535315 2
1579535907 5
1579535908 3
1579535909 3
1579535910 4
1579535911 2
1579536964 2
1579536965 2
1579536966 2
1579536967 2
1579536968 2
