1579190979 2
1579190980 2
1579190981 2
1579190982 2
1579190983 2
1579191592 3
1579191593 3
1579191594 3
1579191595 2
1579191596 2
1579192157 2
1579192158 2
1579192159 2
1579192160 2
1579192161 2
1579192738 2
1579192739 2
1579192740 2
1579192741 2
1579192742 2
1579193302 2
1579193303 2
1579193304 2
1579193305 2
1579193306 2
1579193893 4
1579193894 2
1579193895 2
1579193896 2
1579193897 2
1579194461 4
1579194462 3
1579194463 3
1579194464 2
1579195027 2
1579195028 2
1579195029 2
1579195030 2
1579195031 2
1579195617 2
1579195618 2
1579195619 2
1579195620 2
1579195621 2
1579196181 2
1579196182 2
1579196183 3
1579196184 2
1579196185 2
