1575297515 2
1575297516 2
1575297517 3
1575297518 4
1575297519 4
1575297520 4
1575297521 4
1575297522 3
1575297523 2
1575297524 2
1575297525 3
1575297526 3
1575297527 3
1575297528 4
1575297529 4
1575297530 4
1575297531 4
1575297532 5
1575297533 4
1575297534 4
1575297535 4
1575297536 3
1575297537 2
1575297538 3
1575297539 3
1575297540 2
1575297541 1
1575297542 1
1575297543 1
1575297544 2
1575297545 2
1575297546 2
1575297547 2
1575297548 2
1575297549 3
1575297550 3
1575297551 2
1575297552 1
1575297553 1
1575297554 1
1575297555 1
1575297556 3
1575297557 2
1575297558 2
1575297559 3
1575297560 3
1575297561 3
1575297562 4
1575297563 3
1575297564 3
1575297565 3
1575297566 2
1575297567 3
1575297568 4
1575297569 5
1575297570 6
1575297571 6
1575297572 4
1575297573 6
1575297574 5
1575297575 4
1575297576 4
1575297577 4
1575297578 5
1575297579 5
1575297580 4
1575297581 3
1575297582 2
1575297583 2
