1574685802 4.772446863
1574685995 4.490866396
1574686163 4.647935949
1574686325 4.61375201
1574686483 4.48266297
1574686649 4.564948869
1574686813 4.516629417
1574687001 4.128647338
1574687174 4.687261219
1574687338 4.428263333
1574689667 4.40324919
1574689883 4.765610729
1574690053 4.131851809
1574690222 4.355651195
1574690392 4.520942752
1574690551 4.956317818
1574690723 4.570051178
1574690882 4.389692104
1574691067 4.551769487
1574691246 4.403529493
1574706867 4.722314306
1574707110 4.343026668
