1571322905 3
1571322906 3
1571323227 3
1571323228 3
1571323620 4
1571323621 2
1571323622 2
1571324022 3
1571324023 2
1571324422 3
1571324423 2
1571325027 3
1571325028 3
1571325029 2
1571325225 2
1571325226 2
1571325424 3
1571325425 2
1571325628 3
1571325629 3
1571325630 2
1571325827 3
1571325828 3
1571326027 3
1571326028 2
1571326718 4
1571326719 2
1571326720 2
1571326931 4
1571326932 4
1571327138 3
1571327139 3
1571327352 3
1571327353 3
1571327743 2
1571327744 2
1571328134 3
1571328135 3
1571328524 4
1571328525 2
1571328526 2
1571328915 3
1571328916 3
1571328917 2
1571329308 2
1571329309 2
1571329900 3
1571329901 3
