1574710787 0 
1569854424 0 
1569854425 0 
1569855837 0 
1569855838 0 
1571330127 0 
1571330128 0 
1571766482 0 
1571766483 0 
1571766484 0 
1571767265 0 
1571767266 0 
1572537393 0 
1572538050 0 
1572538710 0 
1572539363 0 
1572540009 0 
1572540010 0 
1572540915 0 
1572540916 0 
1572541569 0 
1572541570 0 
1572542217 0 
1572542218 0 
1572542865 0 
1572543530 0 
1572871283 0 
1572871284 0 
1572871934 0 
1572872611 0 
1572872612 0 
1572873264 0 
1572873265 0 
1572873917 0 
1572874979 0 
1572875840 0 
1572875841 0 
1572877065 0 
1572877066 0 
1572877715 0 
1572877716 0 
1572878943 0 
1572878944 0 
1572967350 0 
1572967351 0 
1572968007 0 
1572968008 0 
1572969309 1 
1572969310 0 
1572969970 0 
1572969971 0 
1572970620 0 
1572970621 0 
1572971270 0 
1572971933 0 
1572972593 0 
1572973306 1 
1572973307 0 
1572973959 0 
1572974610 0 
1572974611 0 
1573208892 0 
1573208893 0 
1573209547 0 
1573209548 0 
1573210222 0 
1573210223 0 
1573210891 0 
1573210892 0 
1573211548 0 
1573211549 0 
1573212197 0 
1573212198 0 
1573212849 0 
1573213500 0 
1573213501 0 
1573214171 2 
1573214172 0 
1573214826 0 
1573214827 0 
1573310351 0 
1573310973 0 
1573311588 0 
1573312292 0 
1573312293 0 
1573312902 0 
1573313529 0 
1573313530 0 
1573314161 0 
1573314776 0 
1573314777 0 
1574696385 0 
1574696386 0 
1574696966 0 
1574696967 0 
1574697556 0 
1574697557 0 
1574698131 0 
1574698716 0 
1574698717 0 
1574709501 0 
1574710787 0 
1574956139 0 
1574956140 0 
1574956712 0 
1574956713 0 
1574956714 0 
1574956715 0 
1574956716 0 
1574956717 0 
1574956718 0 
1574956719 0 
1574956720 0 
1574956721 0 
1574956722 0 
1574956723 0 
1574956724 0 
1574956725 0 
1574956726 0 
1574956727 0 
1574956728 0 
1574956729 0 
1574956730 0 
1574956731 0 
1574956732 0 
1574956733 0 
1574956734 0 
1574956735 0 
1574956736 0 
1574956737 0 
1574956738 0 
1574956739 0 
1574956740 0 
1574956741 0 
1574956742 0 
1574956743 0 
1574956744 0 
1574956745 0 
1574956746 0 
1574956747 0 
1574956748 0 
1574956749 0 
1574956750 0 
1574956751 0 
1574956752 0 
1574956753 0 
1574956754 0 
1574956755 0 
1574956756 0 
1574956757 0 
1574956758 0 
1574956759 0 
1574956760 0 
1574956761 0 
1574956762 0 
1574957403 0 
1574957980 0 
1574957981 0 
1574958572 0 
1574958573 0 
1574959162 0 
1574959764 1 
1574959765 0 
1574960343 0 
1574960955 0 
1574961591 0 
1574961592 0 
1575033063 0 
1575033064 0 
1575033631 0 
1575033632 0 
1575034222 1 
1575034223 0 
1575034789 0 
1575034790 0 
1575035360 0 
1575035361 0 
1575036383 0 
1575036960 0 
1575036961 0 
1575037518 0 
1575037519 0 
1575038521 0 
1575038522 0 
1575039090 0 
1575120353 1 
1575120354 0 
1575120917 1 
1575120918 0 
1575121478 0 
1575121479 0 
1575122541 0 
1575123657 0 
1575123658 0 
1575124213 0 
1575124780 1 
1575124781 0 
1575125337 0 
1575125338 0 
1575125906 0 
1575125907 0 
1575297653 0 
1575297654 0 
1575298232 0 
1575298233 0 
1575299378 0 
1575299379 0 
1575299951 0 
1575300570 0 
1575300571 0 
1575301141 0 
1575301142 0 
1575301952 0 
1575301953 0 
1575390138 0 
1575390139 0 
1575390706 0 
1575391274 0 
1575391839 0 
1575391840 0 
1575393284 0 
1575393285 0 
1575393845 0 
1575394411 0 
1575394412 0 
1575394974 0 
1575394975 0 
1575395537 0 
1575395538 0 
1575562373 0 
1575563070 0 
1575563071 0 
1575563718 0 
1575563719 0 
1575564314 0 
1575564315 0 
1575564898 0 
1575565464 0 
1575566032 0 
1575566033 0 
1575566618 0 
1575567937 0 
1575567938 0 
1575568544 0 
1579190991 0 
1579190992 0 
1579191604 0 
1579191605 0 
1579192169 0 
1579192170 0 
1579192750 0 
1579192751 0 
1579193314 0 
1579193315 0 
1579193905 0 
1579193906 0 
1579194472 0 
1579194473 0 
1579195039 0 
1579195629 0 
1579195630 0 
1579196192 0 
1579196193 0 
1579359399 0 
1579359973 0 
1579360536 0 
1579361093 0 
1579361648 0 
1579361649 0 
1579362758 0 
1579362759 0 
1579363324 0 
1579364450 0 
1579530367 0 
1579531015 0 
1579532056 0 
1579532757 0 
1579533426 0 
1579534026 0 
1579534027 0 
1579534712 0 
1579534713 0 
1579535919 0 
1579536975 0 
1579536976 0 
1580223700 0 
1580223701 0 
1580224260 0 
1580224261 0 
1580224815 0 
1580224816 0 
1580225379 0 
1580225380 0 
1580225940 0 
1580226523 0 
1580227091 0 
1580227689 0 
1580228270 0 
1580228271 0 
1580228829 0 
1580228830 0 
1580312260 0 
1580312261 0 
1580313395 0 
1580313396 0 
1580314359 0 
1580314916 0 
1580314917 0 
1580315474 0 
1580316036 0 
1580316037 0 
1580316738 0 
1580316739 0 
1580317325 0 
1580317326 0 
1581942395 0 
1581942396 0 
1581943600 0 
1581944888 0 
1581944889 0 
1581945865 0 
1581945866 0 
1581946439 0 
1581946440 0 
1581947007 0 
1581947928 0 
1581947929 0 
1581949020 0 
1581949021 0 
1582033980 0 
1582035598 0 
1582035599 0 
1582036204 0 
1582036205 0 
1582036809 1 
1582037413 2 
1582037414 0 
1582038009 1 
1582038010 0 
1582038607 0 
1582041501 0 
1582041502 0 
1582042109 1 
1582042110 0 
1582043700 0 
1582044311 0 
1582044312 0 
1582637922 0 
1582637923 0 
1582638482 0 
1582639556 0 
1582639557 0 
1582640734 0 
1582640735 0 
1582641293 0 
1582641294 0 
1582641864 0 
1582642432 0 
1582642433 0 
1582643006 0 
1582643007 0 
1582643609 0 
1582643610 0 
1582644165 0 
1582898764 0 
1582899335 0 
1582899336 0 
1582899904 0 
1582900467 0 
1582902124 0 
1582902125 0 
1582902771 0 
1582903368 0 