1582185073 4.652638841
1582185254 4.696635027
1582185988 4.31193212
1582186148 4.272213431
1582186881 4.279610978
1582187844 4.478784645
1582188003 4.338336102
1582188162 4.627788103
1582188322 4.307200116
1582193774 4.284440968
1582193937 4.357508387
1582194101 4.644418231
1582194257 4.394938752
1582194419 4.280176803
1582194584 4.276796918
1582194744 4.381018549
1582194913 4.387985221
1582195073 4.314872716
1582195234 7.263429574
1582195729 4.364805058
1582195889 4.265323618
1582196046 4.243890423
1582196207 4.266709038
1582196366 4.333106296
1582196525 4.227427353
1582196683 4.258811705
1582196843 4.271775672
1582197005 4.494460559
1582197171 4.332914766
1582197328 4.517665642
1582197494 4.597773026
1582197666 4.307615207
1582197823 4.237169596
1582197981 4.372158858
1582198137 4.39577085
1582198299 4.251930484
1582198456 4.234612976
1582198738 4.259169008
1582199086 4.277061737
