1573207050 4.919424925
1573207218 4.9938243
1573207387 4.746714667
1573207553 4.732687773
1573207723 4.563780483
1573207890 4.536797304
1573208057 4.728136007
1573208222 4.693458323
1573208390 4.818386188
1573208556 4.611320999
1573220291 4.456791369
1573220459 4.682911545
1573220626 4.811470142
1573220795 4.926619177
1573220963 4.528422229
1573221130 4.60443036
1573221295 4.560612972
1573221464 4.696839918
1573221631 5.01423234
1573221800 4.787182727
1573221989 4.510622434
1573222160 4.705107325
1573222326 4.672611819
1573222492 4.823338254
1573222662 4.567543908
