1571754104 3
1571754105 4
1571754106 4
1571754107 7
1571754108 3
1571754109 3
1571754110 3
1571754111 2
1571754112 4
1571754501 3
1571754502 4
1571754503 4
1571754504 4
1571754505 5
1571754506 4
1571754507 3
1571754508 4
1571754509 6
1571754894 3
1571754895 4
1571754896 5
1571754897 6
1571754898 4
1571754899 2
1571754900 3
1571754901 4
1571754902 4
1571754903 4
1571754904 4
1571754905 4
1571754906 4
1571755299 3
1571755300 4
1571755301 4
1571755302 5
1571755303 4
1571755304 2
1571755305 3
1571755306 3
1571755307 4
1571756529 3
1571756530 3
1571756531 4
1571756532 5
1571756533 5
1571756534 3
1571756535 2
1571756536 3
1571756537 3
1571757390 3
1571757391 4
1571757392 4
1571757393 5
1571757394 5
1571757395 2
1571757396 3
1571757397 3
1571757398 4
1571757779 3
1571757780 4
1571757781 4
1571757782 5
1571757783 4
1571757784 4
1571757785 5
1571757786 5
1571757787 7
1571757788 6
1571758179 3
1571758180 4
1571758181 4
1571758182 4
1571758183 5
1571758184 4
1571758185 5
1571758186 3
1571758187 4
1571758568 3
1571758569 3
1571758570 4
1571758571 4
1571758572 6
1571758573 4
1571758574 3
1571758575 4
1571758576 2
1571758577 3
1571762183 3
1571762184 3
1571762185 4
1571762186 4
1571762187 5
1571762188 5
1571762189 4
1571762190 3
1571762191 2
1571762192 4
1571762579 3
1571762580 4
1571762581 4
1571762582 5
1571762583 5
1571762584 4
1571762585 4
1571762586 2
1571762587 4
1571762972 3
1571762973 3
1571762974 4
1571762975 4
1571762976 4
1571762977 3
1571762978 4
1571762979 4
1571762980 2
1571763360 3
1571763361 3
1571763362 4
1571763363 5
1571763364 5
1571763365 4
1571763366 3
1571763367 3
1571763368 3
1571763752 3
1571763753 4
1571763754 4
1571763755 4
1571763756 3
1571763757 3
1571763758 4
1571763759 3
1571763760 4
1571764160 3
1571764161 4
1571764162 5
1571764163 7
1571764164 6
1571764165 3
1571764166 4
1571764167 4
1571764168 5
1571764569 3
1571764570 5
1571764571 4
1571764572 4
1571764573 6
1571764574 5
1571764575 4
1571764576 3
1571764577 3
1571764962 3
1571764963 4
1571764964 4
1571764965 5
1571764966 5
1571764967 3
1571764968 3
1571764969 2
1571764970 4
1571765350 3
1571765351 4
1571765352 4
1571765353 6
1571765354 3
1571765355 3
1571765356 3
1571765357 2
1571765358 4
1571765742 3
1571765743 4
1571765744 4
1571765745 6
1571765746 5
1571765747 3
1571765748 3
1571765749 2
1571765750 4
1571766318 3
1571766319 3
1571766320 4
1571766321 5
1571766322 6
1571766323 5
1571766324 4
1571766325 4
1571766326 4
1571767101 3
1571767102 5
1571767103 5
1571767104 6
1571767105 7
1571767106 2
1571767107 3
1571767108 3
1571767109 5
