1575558608 3
1575558609 4
1575558610 5
1575558611 3
1575558612 3
1575558613 3
1575559557 4
1575559558 5
1575559559 6
1575559560 3
1575559561 2
1575559562 3
1575559563 4
1575559932 3
1575559933 4
1575559934 4
1575559935 5
1575559936 5
1575559937 3
1575559938 3
1575559939 4
1575561124 3
1575561125 5
1575561126 5
1575561127 5
1575561128 6
1575561129 6
1575561130 5
1575561131 3
1575561132 5
1575561133 5
1575561470 4
1575561471 5
1575561472 4
1575561473 4
1575561474 6
1575561475 5
1575561476 5
1575562239 3
1575562240 4
1575562241 5
1575562242 5
1575562243 5
1575562244 3
1575562245 5
1575562947 3
1575562948 5
1575562949 5
1575562950 4
1575562951 5
1575562952 5
1575562953 5
1575564199 3
1575564200 4
1575564201 4
1575564202 3
1575564203 5
1575564204 3
1575564205 5
1575565348 3
1575565349 4
1575565350 4
1575565351 5
1575565352 4
1575565353 3
1575565354 5
1575567817 3
1575567818 4
1575567819 5
1575567820 4
1575567821 4
1575567822 3
1575567823 5
1575568428 3
1575568429 4
1575568430 5
1575568431 5
1575568432 3
1575568433 4
1575568434 4
