1571395814 4
1571395815 4
1571395816 4
1571396011 4
1571396012 5
1571396208 5
1571396209 4
1571396406 5
1571396407 5
1571396408 5
1571396604 4
1571396605 4
1571396606 4
1571396803 4
1571396804 4
1571396805 3
1571397033 4
1571397034 4
1571397035 4
1571397237 4
1571397238 5
1571397239 4
1571397435 5
1571397436 4
1571397437 4
1571397633 5
1571397634 4
1571397851 4
1571397852 4
1571397853 4
1571398241 4
1571398242 4
1571398243 4
1571398244 3
1571398245 4
1571398638 4
1571398639 4
1571398640 4
1571399029 4
1571399030 4
1571399031 4
1571399421 4
1571399422 4
1571399423 4
1571399816 4
1571399817 4
1571399818 4
1571399819 3
1571400210 4
1571400211 4
1571400212 4
1571400632 4
1571400633 4
1571400634 5
1571401031 4
1571401032 4
1571401423 4
1571401424 4
1571401425 5
1571404880 4
1571404881 5
1571404882 4
1571405080 5
1571405081 4
1571405276 5
1571405277 4
1571405278 4
1571405476 4
1571405477 4
1571405478 4
1571405709 4
1571405710 4
1571406803 4
1571406804 4
1571406805 4
1571407193 4
1571407194 4
1571407195 4
1571407587 4
1571407588 4
1571407589 4
1571407975 4
1571407976 5
1571407977 4
1571408367 4
1571408368 4
1571408369 4
1571408898 4
1571408899 4
1571408900 5
1571409129 4
1571409130 5
1571409131 4
1571409330 5
1571409331 4
1571409332 4
1571409529 5
1571409530 4
1571409531 4
1571409745 4
1571409746 4
1571409747 3
