1571751948 4
1571751949 4
1571751950 4
1571752143 4
1571752144 4
1571752145 4
1571752342 4
1571752343 4
1571752344 4
1571752546 4
1571752547 3
1571752548 4
1571752742 4
1571752743 4
1571752744 4
1571752938 4
1571752939 4
1571752940 4
1571753136 4
1571753137 4
1571753138 4
1571753333 4
1571753334 4
1571753335 4
1571753529 4
1571753530 4
1571753531 4
1571753726 4
1571753727 4
1571753728 4
1571754035 4
1571754036 4
1571754431 4
1571754432 4
1571754433 4
1571754825 4
1571754826 4
1571755228 4
1571755229 4
1571755629 3
1571755630 3
1571755631 4
1571756461 4
1571756462 4
1571756463 4
1571756872 5
1571756873 4
1571756874 4
1571757302 3
1571757303 4
1571757304 4
1571757305 4
1571757306 4
1571757307 4
1571757308 4
1571757309 3
1571757310 4
1571757311 4
1571757312 3
1571757313 4
1571757314 4
1571757315 4
1571757316 4
1571757317 4
1571757318 4
1571757319 4
1571757320 4
1571757321 4
1571757710 4
1571757711 4
1571757712 4
1571758110 4
1571758111 4
1571758500 4
1571758501 4
1571758502 4
1571760084 4
1571760085 4
1571760086 4
1571760280 4
1571760281 4
1571760282 4
1571760482 4
1571760483 4
1571760484 4
1571760680 4
1571760681 4
1571760682 4
1571760879 4
1571760880 4
1571760881 4
1571761091 4
1571761092 4
1571761093 4
1571761290 4
1571761291 4
1571761292 4
1571761484 4
1571761485 4
1571761486 4
1571761680 4
1571761681 4
1571761682 4
1571761880 4
1571761881 4
1571761882 4
1571762112 5
1571762113 5
1571762114 5
1571762504 4
1571762505 4
1571762506 4
1571762903 4
1571762904 4
1571762905 4
1571763291 4
1571763292 4
1571763293 4
1571763683 4
1571763684 4
1571763685 4
1571764087 4
1571764088 4
1571764089 4
1571764500 4
1571764501 4
1571764502 4
1571764893 4
1571764894 4
1571764895 4
1571765281 4
1571765282 4
1571765283 4
1571765672 4
1571765673 4
1571765674 4
1571766249 4
1571766250 4
1571766251 4
1571767032 4
1571767033 4
1571767034 4
