1573306450 3
1573306451 3
1573306452 3
1573306453 3
1573306454 3
1573306455 3
1573306456 2
1573306457 2
1573306458 2
1573306459 2
1573306460 2
1573306461 3
1573306462 2
1573306463 3
1573306464 4
1573306465 3
1573306466 3
1573306467 4
1573306468 4
1573306469 5
1573306470 4
1573306471 2
1573306472 3
1573306473 4
1573306474 4
1573306475 4
1573306476 2
1573306477 3
1573306478 3
1573306479 3
1573306480 1
1573306481 1
1573306482 1
1573306483 1
1573306766 3
1573306767 3
1573306768 3
1573306769 3
1573306770 3
1573306771 3
1573306772 4
1573306773 4
1573306774 4
1573306775 4
1573306776 4
1573306777 3
1573306778 3
1573306779 2
1573306780 3
1573306781 4
1573306782 3
1573306783 3
1573306784 5
1573306785 6
1573306786 4
1573306787 3
1573306788 3
1573306789 3
1573306790 4
1573306791 3
1573306792 3
1573306793 3
1573306794 2
1573306795 2
1573306796 2
1573306797 2
1573306798 2
1573307097 3
1573307098 3
1573307099 4
1573307100 4
1573307101 5
1573307102 4
1573307103 4
1573307104 4
1573307105 4
1573307106 4
1573307107 4
1573307108 2
1573307109 2
1573307110 2
1573307111 2
1573307112 3
1573307113 4
1573307114 3
1573307115 4
1573307116 2
1573307117 2
1573307118 3
1573307119 3
1573307120 4
1573307121 4
1573307122 6
1573307123 5
1573307124 3
1573307125 3
1573307126 3
1573307127 4
1573307128 3
1573307129 3
1573307130 3
1573307131 2
1573307132 2
1573307133 1
1573307134 2
1573307135 2
1573307136 2
1573307425 3
1573307426 3
1573307427 3
1573307428 3
1573307429 3
1573307430 3
1573307431 4
1573307432 4
1573307433 4
1573307434 4
1573307435 3
1573307436 3
1573307437 2
1573307438 3
1573307439 4
1573307440 3
1573307441 3
1573307442 4
1573307443 4
1573307444 5
1573307445 4
1573307446 3
1573307447 3
1573307448 4
1573307449 4
1573307450 3
1573307451 3
1573307452 3
1573307453 3
1573307454 2
1573307455 1
1573307456 1
1573307457 1
1573307742 3
1573307743 3
1573307744 3
1573307745 3
1573307746 3
1573307747 3
1573307748 4
1573307749 3
1573307750 3
1573307751 3
1573307752 3
1573307753 4
1573307754 2
1573307755 3
1573307756 4
1573307757 3
1573307758 3
1573307759 4
1573307760 4
1573307761 5
1573307762 4
1573307763 3
1573307764 2
1573307765 4
1573307766 3
1573307767 3
1573307768 3
1573307769 4
1573307770 3
1573307771 2
1573307772 3
1573307773 2
1573307774 2
1573308063 3
1573308064 3
1573308065 3
1573308066 3
1573308067 3
1573308068 3
1573308069 3
1573308070 3
1573308071 4
1573308072 4
1573308073 4
1573308074 3
1573308075 3
1573308076 3
1573308077 3
1573308078 3
1573308079 3
1573308080 4
1573308081 4
1573308082 5
1573308083 4
1573308084 5
1573308085 3
1573308086 4
1573308087 3
1573308088 3
1573308089 3
1573308090 3
1573308091 3
1573308092 1
1573308093 2
1573308094 2
1573308095 2
1573308377 3
1573308378 3
1573308379 3
1573308380 3
1573308381 3
1573308382 3
1573308383 2
1573308384 2
1573308385 2
1573308386 2
1573308387 2
1573308388 2
1573308389 3
1573308390 3
1573308391 3
1573308392 3
1573308393 4
1573308394 4
1573308395 8
1573308396 3
1573308397 4
1573308398 3
1573308399 4
1573308400 5
1573308401 5
1573308402 6
1573308403 6
1573308404 4
1573308405 4
1573308406 4
1573308407 5
1573308408 5
1573308409 5
1573308410 5
1573308411 5
1573308412 5
1573308413 5
1573308414 5
1573308415 4
1573308416 4
1573308417 4
1573308418 5
1573308419 5
1573308420 5
1573308421 5
1573308422 4
1573308423 3
1573308424 3
1573308708 3
1573308709 3
1573308710 3
1573308711 3
1573308712 3
1573308713 3
1573308714 3
1573308715 3
1573308716 3
1573308717 3
1573308718 3
1573308719 3
1573308720 2
1573308721 2
1573308722 3
1573308723 3
1573308724 3
1573308725 4
1573308726 4
1573308727 6
1573308728 5
1573308729 3
1573308730 2
1573308731 3
1573308732 3
1573308733 3
1573308734 3
1573308735 3
1573308736 3
1573308737 2
1573308738 1
1573308739 1
1573308740 1
1573308741 1
1573309028 3
1573309029 3
1573309030 3
1573309031 3
1573309032 3
1573309033 3
1573309034 4
1573309035 4
1573309036 4
1573309037 4
1573309038 4
1573309039 3
1573309040 3
1573309041 3
1573309042 3
1573309043 3
1573309044 3
1573309045 4
1573309046 4
1573309047 5
1573309048 3
1573309049 4
1573309050 3
1573309051 3
1573309052 4
1573309053 3
1573309054 3
1573309055 2
1573309056 3
1573309057 3
1573309058 3
1573309059 1
1573309060 1
1573309061 1
1573309359 3
1573309360 3
1573309361 3
1573309362 3
1573309363 3
1573309364 4
1573309365 4
1573309366 3
1573309367 4
1573309368 4
1573309369 3
1573309370 5
1573309371 3
1573309372 3
1573309373 3
1573309374 3
1573309375 3
1573309376 4
1573309377 5
1573309378 4
1573309379 3
1573309380 3
1573309381 4
1573309382 4
1573309383 3
1573309384 3
1573309385 3
1573309386 3
1573309387 3
1573309388 4
1573309389 3
1573309390 2
1573309391 2
1573309392 2
