1579524694 3
1579524695 3
1579524696 3
1579524697 3
1579524698 3
1579524699 4
1579524700 3
1579524701 4
1579524702 4
1579524703 4
1579524704 3
1579524705 3
1579524706 3
1579524707 2
1579524708 2
1579524709 3
1579524710 3
1579524711 3
1579524712 3
1579524713 3
1579524714 2
1579524715 3
1579524716 5
1579524717 5
1579524718 5
1579524719 3
1579524720 3
1579524721 3
1579524722 2
1579524723 2
1579524724 2
1579524725 2
1579524726 3
1579525039 3
1579525040 3
1579525041 3
1579525042 3
1579525043 3
1579525044 3
1579525045 3
1579525046 3
1579525047 4
1579525048 3
1579525049 2
1579525050 2
1579525051 2
1579525052 2
1579525053 4
1579525054 4
1579525055 3
1579525056 4
1579525057 3
1579525058 3
1579525059 3
1579525060 3
1579525061 4
1579525062 6
1579525063 7
1579525064 5
1579525065 4
1579525066 2
1579525067 2
1579525068 2
1579525069 1
1579525070 1
1579525369 3
1579525370 3
1579525371 3
1579525372 3
1579525373 3
1579525374 3
1579525375 4
1579525376 4
1579525377 4
1579525378 4
1579525379 4
1579525380 3
1579525381 3
1579525382 2
1579525383 2
1579525384 3
1579525385 3
1579525386 3
1579525387 3
1579525388 4
1579525389 2
1579525390 4
1579525391 5
1579525392 5
1579525393 6
1579525394 4
1579525395 5
1579525396 4
1579525397 4
1579525398 4
1579525399 3
1579525400 3
1579525401 2
1579525760 3
1579525761 3
1579525762 3
1579525763 3
1579525764 3
1579525765 3
1579525766 3
1579525767 3
1579525768 3
1579525769 3
1579525770 2
1579525771 2
1579525772 2
1579525773 2
1579525774 3
1579525775 3
1579525776 3
1579525777 3
1579525778 4
1579525779 3
1579525780 3
1579525781 4
1579525782 3
1579525783 3
1579525784 2
1579525785 2
1579525786 2
1579525787 2
1579525788 2
1579525789 3
1579526085 3
1579526086 3
1579526087 3
1579526088 3
1579526089 3
1579526090 3
1579526091 3
1579526092 4
1579526093 4
1579526094 4
1579526095 3
1579526096 4
1579526097 2
1579526098 2
1579526099 3
1579526100 3
1579526101 3
1579526102 3
1579526103 3
1579526104 3
1579526105 3
1579526106 5
1579526107 5
1579526108 4
1579526109 4
1579526110 3
1579526111 2
1579526112 2
1579526113 1
1579526114 1
1579526115 1
1579526116 1
1579528381 3
1579528382 3
1579528383 4
1579528384 3
1579528385 3
1579528386 3
1579528387 3
1579528388 3
1579528389 3
1579528390 3
1579528391 3
1579528392 2
1579528393 2
1579528394 2
1579528395 3
1579528396 3
1579528397 3
1579528398 3
1579528399 5
1579528400 3
1579528401 2
1579528402 2
1579528403 6
1579528404 8
1579528405 7
1579528406 5
1579528407 3
1579528408 4
1579528409 3
1579528410 2
1579528411 2
1579528412 2
1579528741 4
1579528742 3
1579528743 3
1579528744 3
1579528745 3
1579528746 3
1579528747 3
1579528748 3
1579528749 3
1579528750 3
1579528751 3
1579528752 3
1579528753 2
1579528754 2
1579528755 2
1579528756 3
1579528757 3
1579528758 3
1579528759 3
1579528760 4
1579528761 2
1579528762 3
1579528763 3
1579528764 4
1579528765 5
1579528766 4
1579528767 3
1579528768 3
1579528769 2
1579528770 1
1579528771 1
1579528772 1
1579529185 3
1579529186 3
1579529187 3
1579529188 3
1579529189 3
1579529190 4
1579529191 4
1579529192 5
1579529193 4
1579529194 4
1579529195 3
1579529196 2
1579529197 2
1579529198 2
1579529199 3
1579529200 3
1579529201 3
1579529202 3
1579529203 3
1579529204 3
1579529205 4
1579529206 2
1579529207 4
1579529208 4
1579529209 5
1579529210 4
1579529211 2
1579529212 2
1579529213 3
1579529214 2
1579529215 2
1579529216 1
1579529529 3
1579529530 3
1579529531 4
1579529532 4
1579529533 3
1579529534 4
1579529535 4
1579529536 4
1579529537 4
1579529538 5
1579529539 2
1579529540 3
1579529541 2
1579529542 2
1579529543 4
1579529544 4
1579529545 3
1579529546 3
1579529547 3
1579529548 3
1579529549 2
1579529550 3
1579529551 3
1579529552 4
1579529553 3
1579529554 3
1579529555 2
1579529556 2
1579529557 1
1579529558 1
1579529559 1
1579529560 1
1579529841 3
1579529842 3
1579529843 3
1579529844 3
1579529845 3
1579529846 3
1579529847 2
1579529848 2
1579529849 2
1579529850 2
1579529851 2
1579529852 2
1579529853 3
1579529854 2
1579529855 3
1579529856 3
1579529857 3
1579529858 3
1579529859 3
1579529860 3
1579529861 2
1579529862 3
1579529863 4
1579529864 4
1579529865 4
1579529866 3
1579529867 3
1579529868 3
1579529869 3
1579529870 2
1579529871 2
1579529872 2
