1579530547 4
1579530548 4
1579530549 5
1579530550 5
1579530551 5
1579530552 5
1579530553 5
1579530554 5
1579530555 4
1579530556 3
1579530557 3
1579530558 4
1579530559 4
1579531122 4
1579531123 4
1579531124 5
1579531125 5
1579531126 5
1579531127 5
1579531128 5
1579531129 4
1579531130 4
1579531131 4
1579532163 4
1579532164 4
1579532165 5
1579532166 5
1579532167 5
1579532168 5
1579532169 4
1579532170 4
1579532171 4
1579532172 4
1579532868 4
1579532869 4
1579532870 5
1579532871 5
1579532872 5
1579532873 5
1579532874 4
1579532875 4
1579532876 4
1579532877 4
1579533532 4
1579533533 4
1579533534 4
1579533535 4
1579533536 4
1579533537 4
1579533538 4
1579533539 4
1579533540 4
1579533541 4
1579534133 4
1579534134 4
1579534135 4
1579534136 4
1579534137 4
1579534138 4
1579534139 4
1579534140 4
1579534141 4
1579534142 4
1579534818 4
1579534819 4
1579534820 5
1579534821 5
1579534822 5
1579534823 5
1579534824 5
1579534825 4
1579534826 4
1579534827 4
1579534828 4
1579536504 4
1579536505 5
1579536506 5
1579536507 5
1579536508 5
1579536509 5
1579536510 4
1579536511 4
1579536512 4
1579536513 4
1579536514 4
1579536515 4
1579536516 4
1579537082 4
1579537083 4
1579537084 5
1579537085 5
1579537086 5
1579537087 5
1579537088 4
1579537089 4
1579537090 4
1579537091 4
