1573209213 2
1573209214 2
1573209215 4
1573209216 5
1573209217 4
1573209218 5
1573209219 5
1573209884 2
1573209885 2
1573209886 3
1573209887 4
1573209888 3
1573209889 4
1573209890 3
1573210544 2
1573210545 2
1573210546 3
1573210547 5
1573210548 4
1573210549 7
1573210550 6
1573211215 3
1573211216 2
1573211217 3
1573211218 4
1573211219 3
1573211220 3
1573211872 2
1573211873 2
1573211874 3
1573211875 4
1573211876 3
1573211877 3
1573211878 3
1573212520 2
1573212521 2
1573212522 3
1573212523 3
1573212524 3
1573212525 3
1573212526 4
1573213172 2
1573213173 2
1573213174 3
1573213175 3
1573213176 3
1573213177 3
1573213178 3
1573213822 2
1573213823 2
1573213824 3
1573213825 4
1573213826 3
1573213827 4
1573213828 5
1573214495 2
1573214496 2
1573214497 3
1573214498 3
1573214499 3
1573214500 4
1573215153 2
1573215154 2
1573215155 4
1573215156 4
1573215157 3
1573215158 3
1573218367 2
1573218368 3
1573218369 3
1573218370 2
1573218371 3
1573218372 3
1573218698 2
1573218699 2
1573218700 2
1573218701 3
1573218702 4
1573218703 5
1573218704 5
