1574950888 2
1574950889 2
1574950890 4
1574950891 3
1574950892 3
1574950893 4
1574951262 2
1574951263 2
1574951264 2
1574951265 3
1574951266 4
1574951267 5
1574951618 2
1574951619 2
1574951620 4
1574951621 4
1574951622 4
1574951623 4
1574951944 2
1574951945 2
1574951946 3
1574951947 5
1574951948 4
1574952260 2
1574952261 2
1574952262 3
1574952263 4
1574952264 5
1574952265 4
1574952656 2
1574952657 2
1574952658 3
1574952659 4
1574952660 4
1574952661 4
1574952984 2
1574952985 2
1574952986 4
1574952987 5
1574952988 4
1574952989 3
1574953351 2
1574953352 2
1574953353 3
1574953354 4
1574953355 5
1574953356 5
1574953661 2
1574953662 2
1574953663 3
1574953664 3
1574953665 4
1574953666 4
1574953998 2
1574953999 2
1574954000 3
1574954001 3
1574954002 4
1574954003 4
1574956427 2
1574956428 3
1574956429 3
1574956430 4
1574956431 4
1574957090 2
1574957091 3
1574957092 3
1574957093 4
1574957094 5
1574957691 2
1574957692 2
1574957693 4
1574957694 3
1574957695 4
1574957696 4
1574958274 2
1574958275 2
1574958276 4
1574958277 3
1574958278 5
1574958279 5
1574958868 2
1574958869 2
1574958870 3
1574958871 4
1574958872 4
1574958873 4
1574959478 2
1574959479 2
1574959480 3
1574959481 3
1574959482 3
1574959483 4
1574960055 2
1574960056 2
1574960057 3
1574960058 3
1574960059 3
1574960060 3
1574960632 2
1574960633 2
1574960634 3
1574960635 3
1574960636 3
1574960637 4
1574961242 2
1574961243 2
1574961244 3
1574961245 3
1574961246 3
1574961247 5
1574961878 2
1574961879 2
1574961880 3
1574961881 3
1574961882 4
1574961883 4
