1572269082 2
1572269083 3
1572269084 2
1572269085 4
1572269086 3
1572269087 3
1572269088 3
1572269089 4
1572269497 2
1572269498 2
1572269499 3
1572269500 3
1572269501 3
1572269502 3
1572269503 3
1572269504 3
1572269911 2
1572269912 2
1572269913 3
1572269914 6
1572269915 3
1572269916 3
1572269917 3
1572269918 3
1572270317 2
1572270318 2
1572270319 3
1572270320 4
1572270321 4
1572270322 3
1572270323 3
1572270324 3
1572270713 2
1572270714 2
1572270715 3
1572270716 4
1572270717 2
1572270718 3
1572270719 3
1572271198 2
1572271199 2
1572271200 3
1572271201 3
1572271202 3
1572271203 3
1572271204 3
1572271205 5
1572272432 2
1572272433 2
1572272434 3
1572272435 3
1572272436 3
1572272437 3
1572272438 3
1572272763 2
1572272764 3
1572272765 3
1572272766 3
1572272767 4
1572272768 3
1572273097 2
1572273098 2
1572273099 3
1572273100 3
1572273101 3
1572273102 3
1572273103 3
1572273444 2
1572273445 2
1572273446 3
1572273447 5
1572273448 3
1572273449 3
1572273450 3
1572273777 2
1572273778 3
1572273779 3
1572273780 3
1572273781 3
1572273782 3
1572276201 2
1572276202 2
1572276203 3
1572276204 3
1572276205 3
1572276206 3
1572276207 3
1572276538 2
1572276539 2
1572276540 4
1572276541 4
1572276542 4
1572276543 4
1572276872 2
1572276873 2
1572276874 3
1572276875 3
1572276876 3
1572276877 3
1572277203 2
1572277204 2
1572277205 4
1572277206 5
1572277207 4
1572277208 4
1572277897 2
1572277898 2
1572277899 4
1572277900 3
1572277901 3
1572277902 3
1572278229 2
1572278230 3
1572278231 3
1572278232 3
1572278233 3
1572278234 3
1572278560 2
1572278561 2
1572278562 3
1572278563 4
1572278564 3
1572278565 3
1572278566 4
