1582886287 2
1582886288 3
1582886289 4
1582886290 4
1582886291 3
1582886575 3
1582886576 2
1582886577 3
1582886578 4
1582886579 4
1582886580 4
1582886871 2
1582886872 3
1582886873 3
1582886874 4
1582886875 4
1582887160 2
1582887161 2
1582887162 3
1582887163 4
1582887164 4
1582887165 4
1582887449 2
1582887450 2
1582887451 3
1582887452 5
1582887453 3
1582887454 4
1582887742 2
1582887743 2
1582887744 4
1582887745 5
1582887746 5
1582887747 4
1582888025 2
1582888026 2
1582888027 3
1582888028 3
1582888029 4
1582888030 3
1582888312 2
1582888313 2
1582888314 3
1582888315 4
1582888316 4
1582888602 2
1582888603 3
1582888604 4
1582888605 3
1582888606 4
1582888962 2
1582888963 2
1582888964 5
1582888965 5
1582888966 4
1582888967 3
