1575293077 2
1575293078 2
1575293079 2
1575293080 3
1575293081 3
1575293082 3
1575293083 2
1575293084 2
1575293085 2
1575293086 3
1575293087 2
1575293088 2
1575293089 2
1575293090 2
1575293091 2
1575293092 3
1575293093 3
1575293094 4
1575293095 4
1575293424 2
1575293425 2
1575293426 4
1575293427 4
1575293428 4
1575293429 3
1575293763 2
1575293764 2
1575293765 3
1575293766 3
1575293767 3
1575293768 3
1575294102 3
1575294103 3
1575294104 5
1575294105 5
1575294106 4
1575294107 5
1575294444 2
1575294445 2
1575294446 2
1575294447 3
1575294448 3
1575294449 3
1575294450 5
1575294790 2
1575294791 2
1575294792 4
1575294793 5
1575294794 5
1575294795 5
1575295158 2
1575295159 2
1575295160 3
1575295161 4
1575295162 5
1575295163 5
1575295548 2
1575295549 2
1575295550 4
1575295551 5
1575295552 5
1575295553 4
1575295554 3
1575295555 4
1575296775 2
1575296776 3
1575296777 3
1575296778 4
1575296779 4
1575297110 2
1575297111 2
1575297112 4
1575297113 4
1575297114 5
1575297115 5
1575297949 2
1575297950 2
1575297951 3
1575297952 3
1575297953 5
1575297954 4
1575298523 2
1575298524 2
1575298525 4
1575298526 3
1575298527 4
1575298528 3
1575299093 2
1575299094 2
1575299095 3
1575299096 4
1575299097 4
1575299098 4
1575299673 2
1575299674 3
1575299675 3
1575299676 4
1575299677 4
1575300243 2
1575300244 2
1575300245 3
1575300246 4
1575300247 4
1575300248 4
1575300860 2
1575300861 2
1575300862 4
1575300863 4
1575300864 4
1575300865 4
1575301634 2
1575301635 2
1575301636 3
1575301637 4
1575301638 3
1575301639 5
1575302242 2
1575302243 3
1575302244 4
1575302245 4
1575302246 3
1575302247 3
