1574711181 0 
1574711182 0 
1574711183 0 
1574708972 0 
1574708973 0 
1574708974 0 
1569853960 0 
1569853961 0 
1569853962 0 
1569853963 0 
1569855535 0 
1569855536 0 
1569855537 0 
1569855538 0 
1570447381 0 
1570447382 0 
1570447383 0 
1570447384 0 
1570449168 0 
1570449169 0 
1570449170 0 
1570449171 0 
1570449594 0 
1570449595 0 
1570449596 0 
1570449597 0 
1571323581 0 
1571323582 0 
1571323583 0 
1571323584 0 
1571323984 0 
1571323985 0 
1571323986 0 
1571324381 0 
1571324382 0 
1571324383 0 
1571324384 0 
1571324774 0 
1571324775 0 
1571324776 0 
1571324777 0 
1571327704 0 
1571327705 0 
1571327706 0 
1571327707 0 
1571328095 0 
1571328096 0 
1571328097 0 
1571328098 0 
1571328486 0 
1571328487 0 
1571328488 0 
1571328489 0 
1571328877 0 
1571328878 0 
1571328879 0 
1571328880 0 
1571329270 0 
1571329271 0 
1571329272 0 
1571329658 0 
1571329659 0 
1571329660 0 
1571329661 0 
1571330636 0 
1571330637 0 
1571330638 0 
1571330639 0 