1574685785 2
1574685786 2
1574685787 3
1574685788 3
1574685975 2
1574685976 2
1574685977 3
1574685978 4
1574686147 2
1574686148 2
1574686149 2
1574686150 3
1574686307 3
1574686308 2
1574686309 3
1574686310 3
1574686467 2
1574686468 2
1574686469 3
1574686633 2
1574686634 2
1574686635 3
1574686796 2
1574686797 2
1574686798 3
1574686799 3
1574686982 2
1574686983 2
1574686984 3
1574686985 4
1574687157 3
1574687158 3
1574687159 4
1574687160 4
1574687161 4
1574687322 2
1574687323 3
1574687324 4
1574689651 2
1574689652 2
1574689653 4
1574689867 2
1574689868 2
1574689869 3
1574690036 2
1574690037 2
1574690038 2
1574690039 4
1574690205 2
1574690206 2
1574690207 5
1574690208 4
1574690375 2
1574690376 2
1574690377 2
1574690378 4
1574690535 2
1574690536 2
1574690537 4
1574690706 2
1574690707 2
1574690708 3
1574690709 4
1574690866 2
1574690867 2
1574690868 4
1574691050 2
1574691051 2
1574691052 3
1574691053 4
1574691229 3
1574691230 2
1574691231 4
1574691232 4
1574706852 2
1574706853 2
1574706854 4
1574707094 2
1574707095 2
1574707096 4
