1579190984 2
1579190985 2
1579190986 2
1579190987 2
1579191597 2
1579191598 2
1579191599 3
1579191600 2
1579192162 2
1579192163 2
1579192164 3
1579192165 2
1579192743 2
1579192744 2
1579192745 3
1579192746 2
1579193307 2
1579193308 2
1579193309 3
1579193310 2
1579193898 2
1579193899 2
1579193900 3
1579193901 2
1579194465 2
1579194466 2
1579194467 3
1579194468 2
1579195032 2
1579195033 2
1579195034 3
1579195035 2
1579195622 2
1579195623 2
1579195624 3
1579195625 2
1579196186 2
1579196187 3
1579196188 2
