1574710841 0 
1574710842 0 
1569854500 0 
1569854501 0 
1569854502 0 
1569855926 0 
1569855927 0 
1569855928 0 
1571330197 0 
1571330198 0 
1571330199 0 
1571766554 0 
1571766555 0 
1571767336 0 
1571767337 0 
1571767338 0 
1572537452 1 
1572537453 0 
1572538108 0 
1572538109 0 
1572538768 0 
1572538769 0 
1572539421 0 
1572539422 0 
1572540068 0 
1572540069 0 
1572540973 0 
1572540974 0 
1572541627 0 
1572541628 0 
1572542275 0 
1572542276 0 
1572542277 0 
1572542923 0 
1572542924 0 
1572543588 0 
1572543589 0 