1575562613 2
1575562614 2
1575562615 2
1575562616 3
1575562617 2
1575562618 2
1575562619 2
1575562620 2
1575562621 2
1575562622 2
1575562623 2
1575562624 2
1575562625 2
1575562626 3
1575562627 2
1575562628 2
1575562629 2
1575562630 2
1575562631 3
1575562632 3
1575562633 2
1575562634 2
1575562635 2
1575562636 2
1575562637 2
1575562638 2
1575562639 3
1575562640 3
1575562641 3
1575562642 3
1575562643 3
1575562644 3
1575562645 3
1575562646 3
1575562647 3
1575562648 3
1575562649 3
1575562650 3
1575562651 3
1575562652 3
1575562653 3
1575562654 3
1575562655 3
1575562656 3
1575562657 3
1575562658 3
1575562659 3
1575562660 3
1575562661 3
1575562662 3
1575562663 3
1575562664 3
1575562665 3
1575562666 3
1575562667 3
1575562668 3
1575562669 3
1575562670 3
1575562671 3
1575562672 3
1575562673 3
1575562674 3
1575562675 3
1575562676 3
1575562677 3
1575562678 3
1575562679 3
1575562680 3
1575562681 3
1575562682 3
1575562683 3
1575562684 3
1575562685 3
1575562686 3
1575562687 3
1575562688 3
1575562689 3
1575562690 3
1575562691 3
1575562692 4
1575562693 4
1575562694 4
1575562695 4
1575562696 4
1575562697 4
1575562698 4
1575562699 4
1575562700 4
1575562701 4
1575562702 4
1575562703 3
1575562704 3
1575562705 3
1575565132 4
1575565133 2
1575565134 2
1575565135 2
1575565136 2
1575565137 2
1575565138 2
1575565139 2
1575565140 2
1575565141 2
1575565142 2
1575565143 2
1575565144 3
1575565145 3
1575565146 3
1575565147 3
1575565148 4
1575566276 2
1575566277 2
1575566278 2
1575566279 2
1575566280 2
1575566281 2
1575566282 2
1575566283 3
1575566284 3
1575566285 3
1575566286 4
1575566287 4
1575568197 2
1575568198 4
1575568199 2
1575568200 2
1575568201 2
1575568202 2
1575568203 2
1575568204 2
1575568205 2
1575568206 2
1575568207 2
1575568208 2
1575568209 2
1575568210 3
1575568211 3
1575568212 3
1575568213 4
1575568788 2
1575568789 2
1575568790 2
1575568791 2
1575568792 2
1575568793 2
1575568794 3
1575568795 3
1575568796 3
1575568797 4
