1581942638 3
1581942639 2
1581942640 2
1581942641 2
1581942642 2
1581942643 2
1581942644 2
1581942645 3
1581942646 3
1581942647 3
1581942648 4
1581942956 3
1581944210 3
1581944211 2
1581944212 3
1581944213 2
1581944214 3
1581944215 3
1581944216 3
1581944217 2
1581944218 2
1581944219 2
1581944220 2
1581944221 2
1581944222 3
1581944223 3
1581944224 3
1581944225 4
1581945156 3
1581945157 3
1581945158 2
1581945159 3
1581945160 2
1581945161 3
1581945162 3
1581945163 2
1581945164 2
1581945165 2
1581945166 2
1581945167 2
1581945168 2
1581945169 3
1581945170 3
1581945171 3
1581945172 4
1581946112 2
1581946113 2
1581946114 2
1581946115 2
1581946116 2
1581946117 2
1581946118 3
1581946119 3
1581946120 3
1581946121 3
1581946122 4
1581946681 3
1581946682 2
1581946683 2
1581946684 2
1581946685 2
1581946686 2
1581946687 3
1581946688 3
1581946689 3
1581946690 4
1581947575 4
1581947576 2
1581947577 2
1581947578 2
1581947579 2
1581947580 2
1581947581 3
1581947582 3
1581947583 3
1581947584 3
1581947585 4
1581948162 2
1581948163 3
1581948164 2
1581948165 3
1581948166 2
1581948167 2
1581948168 3
1581948169 2
1581948170 2
1581948171 2
1581948172 2
1581948173 2
1581948174 2
1581948175 3
1581948176 3
1581948177 3
1581948178 4
1581949290 3
1581949291 3
1581949292 3
