1573741876 4.384391161
1573743627 3.967584288
1573743728 3.834916684
1573743826 4.489247473
1573743925 5.035192407
1573744025 4.112002777
1573744120 4.566876422
1573744218 4.231445555
1573744316 4.351590192
1573744407 4.534570241
1573744504 4.323253646
1573744611 3.381128122
1573744708 4.536764188
1573744822 4.064590615
1573744921 3.855093441
1573745057 4.445613958
1573745242 4.181695855
1573745338 4.008831475
1573745440 4.254681837
1573745537 4.573209032
1573745737 4.35229989
1573745840 4.387070125
1573745937 4.373525657
1573746034 4.493772899
1573746333 3.92433605
1573746434 4.745375801
1573746531 4.698209878
1573746627 4.10417203
1573748947 4.357334124
1573749043 4.37635337
1573749256 4.343415314
1573749354 4.355942189
1573749588 4.780164734
1573749688 4.420282545
1573749787 4.332465061
