1574954187 5
1574954188 4
1574954189 4
1574954190 6
1574954191 6
1574954352 5
1574954353 4
1574954354 4
1574954355 6
1574954356 7
1574954528 5
1574954529 7
1574954530 5
1574954531 5
1574954532 7
1574954533 7
1574954692 5
1574954693 5
1574954694 5
1574954695 6
1574954696 7
1574954875 4
1574954876 5
1574954877 4
1574954878 6
1574954879 7
1574955032 5
1574955033 6
1574955034 5
1574955035 5
1574955036 6
1574955037 5
1574955291 5
1574955292 5
1574955293 4
1574955294 5
1574955295 7
1574955451 5
1574955452 5
1574955453 4
1574955454 6
1574955455 7
1574955609 4
1574955610 6
1574955611 4
1574955612 5
1574955613 6
1574955614 6
1574955770 6
1574955771 4
1574955772 5
1574955773 6
1574955774 6
1574955775 7
