1573901047 5
1573901048 4
1573901049 4
1573901050 6
1573901051 6
1573901205 4
1573901206 6
1573901207 4
1573901208 5
1573901209 6
1573901210 6
1573901361 4
1573901362 5
1573901363 5
1573901364 5
1573901365 6
1573901366 5
1573901518 4
1573901519 5
1573901520 5
1573901521 6
1573901522 5
1573901678 5
1573901679 5
1573901680 5
1573901681 6
1573901682 6
1573901832 4
1573901833 7
1573901834 3
1573901835 5
1573901836 6
1573901987 4
1573901988 6
1573901989 3
1573901990 5
1573901991 6
1573901992 4
1573902145 5
1573902146 5
1573902147 5
1573902148 6
1573902149 6
1573902303 5
1573902304 5
1573902305 4
1573902306 7
1573902307 6
1573902458 4
1573902459 5
1573902460 5
1573902461 5
1573902462 6
1573902463 6
