1573207049 4
1573207050 6
1573207051 3
1573207052 6
1573207053 7
1573207054 7
1573207216 5
1573207217 5
1573207218 5
1573207219 4
1573207220 7
1573207221 6
1573207222 6
1573207386 5
1573207387 6
1573207388 4
1573207389 5
1573207390 6
1573207391 5
1573207551 4
1573207552 6
1573207553 4
1573207554 3
1573207555 7
1573207556 6
1573207721 4
1573207722 5
1573207723 5
1573207724 5
1573207725 6
1573207726 5
1573207889 4
1573207890 4
1573207891 4
1573207892 4
1573207893 6
1573207894 6
1573208056 4
1573208057 5
1573208058 4
1573208059 5
1573208060 7
1573208061 6
1573208221 4
1573208222 5
1573208223 4
1573208224 5
1573208225 6
1573208226 4
1573208389 4
1573208390 5
1573208391 3
1573208392 5
1573208393 6
1573208394 4
1573208555 6
1573208556 4
1573208557 3
1573208558 5
1573208559 7
1573208560 7
1573220290 6
1573220291 5
1573220292 4
1573220293 6
1573220294 5
1573220295 5
1573220457 5
1573220458 5
1573220459 5
1573220460 3
1573220461 8
1573220462 6
1573220625 5
1573220626 6
1573220627 3
1573220628 5
1573220629 6
1573220630 5
1573220794 5
1573220795 5
1573220796 5
1573220797 5
1573220798 6
1573220799 6
1573220962 5
1573220963 6
1573220964 5
1573220965 5
1573220966 6
1573220967 4
1573221129 5
1573221130 4
1573221131 4
1573221132 5
1573221133 7
1573221134 6
1573221293 4
1573221294 5
1573221295 4
1573221296 3
1573221297 6
1573221298 5
1573221463 4
1573221464 6
1573221465 4
1573221466 5
1573221467 6
1573221468 6
1573221629 4
1573221630 5
1573221631 5
1573221632 3
1573221633 6
1573221634 6
1573221798 4
1573221799 5
1573221800 4
1573221801 3
1573221802 7
1573221803 6
1573221988 5
1573221989 5
1573221990 5
1573221991 5
1573221992 7
1573222158 5
1573222159 5
1573222160 4
1573222161 4
1573222162 7
1573222163 6
1573222325 5
1573222326 6
1573222327 4
1573222328 5
1573222329 7
1573222330 7
1573222490 5
1573222491 5
1573222492 5
1573222493 4
1573222494 6
1573222495 6
1573222496 6
1573222660 5
1573222661 6
1573222662 4
1573222663 3
1573222664 7
1573222665 5
