1574710839 0 
1574710840 0 
1569854497 0 
1569854498 0 
1569854499 0 
1569855923 0 
1569855924 0 
1569855925 1 
1571330194 0 
1571330195 0 
1571330196 0 
1571766550 0 
1571766551 0 
1571766552 0 
1571766553 0 
1571767332 0 
1571767333 0 
1571767334 0 
1571767335 0 
1572537449 0 
1572537450 0 
1572537451 0 
1572538105 0 
1572538106 0 
1572538107 0 
1572538765 0 
1572538766 0 
1572538767 0 
1572539418 0 
1572539419 0 
1572539420 0 
1572540065 0 
1572540066 0 
1572540067 0 
1572540970 0 
1572540971 0 
1572540972 0 
1572541624 0 
1572541625 0 
1572541626 0 
1572542273 0 
1572542274 0 
1572542920 0 
1572542921 0 
1572542922 0 
1572543585 0 
1572543586 0 
1572543587 0 
1572871339 0 
1572871340 0 
1572871341 0 
1572871989 0 
1572871990 0 
1572871991 0 
1572872666 0 
1572872667 0 
1572872668 0 
1572873319 0 
1572873320 0 
1572873321 0 
1572873973 0 
1572873974 0 
1572875034 0 
1572875035 1 
1572875036 1 
1572875896 0 
1572875897 1 
1572877121 0 
1572877122 0 
1572877123 0 
1572877770 0 
1572877771 0 
1572877772 1 
1572878999 0 
1572879000 1 
1572879001 1 
1572967406 0 
1572967407 0 
1572967408 1 
1572968062 0 
1572968063 0 
1572968064 0 
1572969365 0 
1572969366 0 
1572970025 0 
1572970026 0 
1572970027 0 
1572970676 0 
1572970677 0 
1572971328 0 
1572971329 0 
1572971991 0 
1572971992 0 
1572971993 0 
1572972649 0 
1572972650 0 
1572973365 0 
1572973366 0 
1572973367 0 
1572974014 0 
1572974015 0 
1572974016 0 
1572974666 0 
1572974667 0 
1573208949 0 
1573208950 0 
1573208951 0 
1573209604 0 
1573209605 0 
1573209606 0 
1573210279 0 
1573210280 0 
1573210947 0 
1573210948 0 
1573210949 0 
1573211606 0 
1573211607 0 
1573212254 0 
1573212255 0 
1573212256 0 
1573212904 0 
1573212905 0 
1573212906 0 
1573213556 0 
1573213557 0 
1573214228 0 
1573214229 0 
1573214230 0 
1573214883 0 
1573214884 0 
1573214885 0 
1573310403 0 
1573310404 0 
1573310405 0 
1573311025 0 
1573311026 0 
1573311639 0 
1573311640 0 
1573311641 0 
1573312343 0 
1573312344 0 
1573312345 0 
1573312953 0 
1573312954 0 
1573312955 0 
1573313581 0 
1573313582 0 
1573313583 0 
1573314214 0 
1573314215 0 
1573314827 0 
1573314828 0 
1573314829 0 
1574696437 0 
1574696438 0 
1574697018 0 
1574697019 0 
1574697608 0 
1574697609 0 
1574698182 0 
1574698183 0 
1574698767 0 
1574698768 0 
1574709552 0 
1574709553 0 
1574710839 0 
1574710840 0 
1574956190 0 
1574956191 0 
1574956851 0 
1574956852 0 
1574957453 0 
1574957454 0 
1574957455 0 
1574958031 0 
1574958032 0 
1574958033 0 
1574958624 0 
1574958625 0 
1574959213 0 
1574959214 0 
1574959816 0 
1574959817 0 
1574959818 0 
1574960394 0 
1574960395 0 
1574960396 0 
1574961005 0 
1574961006 0 
1574961641 0 
1574961642 0 
1574961643 0 
1575033115 0 
1575033116 0 
1575033117 0 
1575033683 0 
1575033684 0 
1575033685 0 
1575034274 0 
1575034275 0 
1575034276 0 
1575034840 0 
1575034841 0 
1575035411 0 
1575035412 0 
1575035413 0 
1575036435 0 
1575036436 0 
1575037012 0 
1575037013 0 
1575037570 0 
1575037571 0 
1575037572 0 
1575038572 0 
1575038573 0 
1575039141 0 
1575039142 0 
1575039143 0 
1575120405 0 
1575120406 0 
1575120407 0 
1575120968 0 
1575120969 0 
1575120970 0 
1575121528 0 
1575121529 0 
1575121530 0 
1575122591 0 
1575122592 0 
1575122593 0 
1575123148 0 
1575123149 0 
1575123150 0 
1575123707 0 
1575123708 0 
1575123709 0 
1575124264 0 
1575124265 0 
1575124831 0 
1575124832 0 
1575124833 0 
1575125389 0 
1575125390 0 
1575125391 0 
1575125957 0 
1575125958 0 
1575125959 0 
1575297705 0 
1575297706 0 
1575297707 0 
1575297708 0 
1575298283 0 
1575298284 0 
1575298285 0 
1575298852 0 
1575298853 0 
1575299430 0 
1575299431 0 
1575300002 0 
1575300003 0 
1575300622 0 
1575300623 0 
1575301192 0 
1575301193 0 
1575302003 0 
1575302004 0 
1575390191 0 
1575390192 0 
1575390758 0 
1575390759 0 
1575391325 0 
1575391326 0 
1575391327 0 
1575391890 0 
1575391891 0 
1575391892 0 
1575392699 0 
1575392700 0 
1575392701 0 
1575393336 0 
1575393337 0 
1575393895 0 
1575393896 0 
1575393897 0 
1575394462 0 
1575394463 0 
1575395025 0 
1575395026 0 
1575395588 0 
1575395589 0 
1575562423 0 
1575562424 0 
1575563121 0 
1575563122 0 
1575563769 0 
1575563770 0 
1575563771 0 
1575564365 0 
1575564366 0 
1575564948 0 
1575564949 0 
1575564950 0 
1575565514 0 
1575565515 0 
1575566083 0 
1575566084 0 
1575566085 0 
1575566669 0 
1575566670 0 
1575567989 0 
1575567990 0 
1575568594 0 
1575568595 0 
1575568596 0 
1579191042 0 
1579191043 0 
1579191044 0 
1579191656 0 
1579191657 0 
1579192220 0 
1579192221 0 
1579192222 0 
1579192801 0 
1579192802 0 
1579192803 0 
1579193364 0 
1579193365 0 
1579193366 0 
1579193956 0 
1579193957 0 
1579193958 0 
1579194524 0 
1579194525 0 
1579194526 0 
1579195090 0 
1579195091 0 
1579195681 0 
1579195682 0 
1579196243 0 
1579196244 0 
1579359449 0 
1579359450 0 
1579359451 0 
1579360026 0 
1579360027 0 
1579360586 0 
1579360587 0 
1579360588 0 
1579361143 0 
1579361144 0 
1579361145 0 
1579361698 0 
1579361699 0 
1579361700 0 
1579362253 0 
1579362254 0 
1579362808 0 
1579362809 0 
1579362810 0 
1579363375 0 
1579363376 0 
1579363942 0 
1579363943 0 
1579364492 0 
1579364493 0 
1579364494 0 
1579364495 0 
1579364496 0 
1579364497 0 
1579364498 0 
1579364499 0 
1579364500 0 
1579364501 0 
1579364502 0 