1574707094 0 
1574707095 0 
1574707096 0 
1574707097 0 
1574707098 0 
1574707099 0 
1570543687 2 
1570543688 1 
1570543689 1 
1570543690 1 
1570543691 2 
1570543692 2 
1570543693 2 
1570543694 1 
1570543695 2 
1571396098 1 
1571396099 0 
1571396100 0 
1571396101 2 
1571396102 2 
1572011452 1 
1572011453 0 
1572011454 2 
1572011455 1 
1572011456 2 
1572274480 1 
1572274481 1 
1572274482 3 
1572274483 4 
1572274484 3 
1572274485 3 
1572545030 0 
1572545031 0 
1572545032 1 
1572545033 1 
1572545034 1 
1572545203 0 
1572545204 0 
1572545205 0 
1572545206 2 
1572545207 1 
1572965579 0 
1572965580 0 
1572965581 1 
1572965582 1 
1572965583 1 
1572966087 0 
1572966088 0 
1572966089 1 
1572966090 2 
1572966091 1 
1572966952 0 
1572966953 1 
1572966954 1 
1572966955 2 
1573207059 0 
1573207060 0 
1573207061 1 
1573207062 1 
1573207063 2 
1573301854 0 
1573301855 0 
1573301856 1 
1573301857 2 
1573301858 2 
1573302200 0 
1573302201 0 
1573302202 0 
1573302203 2 
1573302204 2 
1573302726 0 
1573302727 1 
1573302728 2 
1573302729 2 
1573304187 1 
1573304188 0 
1573304189 0 
1573304190 2 
1573304191 1 
1573304354 0 
1573304355 0 
1573304356 0 
1573304357 2 
1573304358 2 
1573304513 0 
1573304514 0 
1573304515 1 
1573304516 2 
1573304517 1 
1573304679 0 
1573304680 0 
1573304681 0 
1573304682 2 
1573304683 2 
1573304838 1 
1573304839 0 
1573304840 0 
1573304841 1 
1573304842 2 
1573304999 0 
1573305000 0 
1573305001 1 
1573305002 2 
1573305161 0 
1573305162 0 
1573305163 2 
1573305164 2 
1573305165 2 
1573305320 0 
1573305321 0 
1573305322 2 
1573305323 2 
1573305324 1 
1573752492 0 
1573752493 0 
1573752494 1 
1573752495 2 
1573752496 2 
1573752750 1 
1573752751 0 
1573752752 0 
1573752753 2 
1573752754 1 
1573752755 1 
1573752910 0 
1573752911 0 
1573752912 1 
1573752913 1 
1573752914 2 
1573753068 0 
1573753069 0 
1573753070 0 
1573753071 2 
1573753072 2 
1573753226 0 
1573753227 0 
1573753228 1 
1573753229 1 
1573753230 1 
1573753381 0 
1573753382 0 
1573753383 1 
1573753384 3 
1573753385 2 
1573753539 0 
1573753540 0 
1573753541 0 
1573753542 1 
1573753543 2 
1573753693 0 
1573753694 0 
1573753695 1 
1573753696 1 
1573753854 0 
1573753855 0 
1573753856 1 
1573753857 1 
1573753858 2 
1573754674 0 
1573754675 0 
1573754676 1 
1573754677 1 
1573754678 2 
1573754834 0 
1573754835 0 
1573754836 0 
1573754837 2 
1573754838 2 
1573754996 0 
1573754997 0 
1573754998 1 
1573754999 1 
1573755162 0 
1573755163 0 
1573755164 3 
1573755165 1 
1573755166 1 
1573755325 0 
1573755326 1 
1573755327 1 
1573755328 1 
1573755329 1 
1573755637 0 
1573755638 0 
1573755639 1 
1573755640 1 
1573755641 2 
1573755795 0 
1573755796 0 
1573755797 1 
1573755798 2 
1573755799 2 
1573755953 0 
1573755954 0 
1573755955 0 
1573755956 2 
1573755957 1 
1573831906 0 
1573831907 0 
1573831908 0 
1573831909 0 
1573831910 0 
1573832059 0 
1573832060 0 
1573832061 1 
1573832062 1 
1573832220 0 
1573832221 0 
1573832222 0 
1573832223 1 
1573832224 1 
1573832541 0 
1573832542 0 
1573832543 1 
1573832544 0 
1573832545 0 
1573832696 0 
1573832697 0 
1573832698 0 
1573832699 0 
1573832700 0 
1573832701 0 
1573833048 0 
1573833049 0 
1573833050 0 
1573833051 0 
1573833204 0 
1573833205 0 
1573833206 0 
1573833207 0 
1573833368 0 
1573833369 0 
1573833370 0 
1573833371 0 
1573833372 0 
1573833525 0 
1573833526 0 
1573833527 1 
1573833528 1 
1573833682 0 
1573833683 0 
1573833684 0 
1573833685 0 
1573833686 0 
1573901056 0 
1573901057 0 
1573901058 2 
1573901059 2 
1573901060 3 
1573901214 1 
1573901215 0 
1573901216 0 
1573901217 1 
1573901218 1 
1573901371 0 
1573901372 0 
1573901373 1 
1573901374 1 
1573901375 2 
1573901527 0 
1573901528 0 
1573901529 1 
1573901530 1 
1573901687 0 
1573901688 0 
1573901689 1 
1573901690 1 
1573901691 2 
1573901841 0 
1573901842 0 
1573901843 0 
1573901844 1 
1573901845 1 
1573901997 0 
1573901998 0 
1573901999 1 
1573902000 2 
1573902001 2 
1573902154 0 
1573902155 0 
1573902156 2 
1573902157 3 
1573902158 3 
1573902312 0 
1573902313 0 
1573902314 1 
1573902315 1 
1573902316 1 
1574685785 0 
1574685786 0 
1574685787 0 
1574685788 0 
1574685789 0 
1574685790 0 
1574685975 0 
1574685976 0 
1574685977 1 
1574685978 2 
1574685979 1 
1574686147 0 
1574686148 0 
1574686149 0 
1574686150 1 
1574686151 1 
1574686307 0 
1574686308 0 
1574686309 0 
1574686310 0 
1574686311 0 
1574686312 0 
1574686467 0 
1574686468 0 
1574686469 1 
1574686470 2 
1574686471 1 
1574686633 0 
1574686634 0 
1574686635 1 
1574686636 1 
1574686637 2 
1574686796 0 
1574686797 0 
1574686798 0 
1574686799 0 
1574686800 1 
1574686801 0 
1574686982 0 
1574686983 0 
1574686984 1 
1574686985 2 
1574686986 1 
1574686987 1 
1574687321 0 
1574687322 0 
1574687323 0 
1574687324 0 
1574687325 0 
1574687326 0 
1574689650 0 
1574689651 0 
1574689652 0 
1574689653 0 
1574689654 0 
1574689655 0 
1574689656 0 
1574689867 0 
1574689868 0 
1574689869 0 
1574689870 0 
1574689871 0 
1574690036 0 
1574690037 0 
1574690038 0 
1574690039 2 
1574690040 2 
1574690205 0 
1574690206 0 
1574690207 1 
1574690208 0 
1574690209 0 
1574690375 0 
1574690376 0 
1574690377 0 
1574690378 0 
1574690379 0 
1574690380 0 
1574690534 0 
1574690535 0 
1574690536 0 
1574690537 2 
1574690538 2 
1574690539 1 
1574690706 0 
1574690707 0 
1574690708 0 
1574690709 1 
1574690710 0 
1574690711 0 
1574690865 0 
1574690866 0 
1574690867 0 
1574690868 0 
1574690869 0 
1574691229 0 
1574691230 0 
1574691231 1 
1574691232 1 
1574691233 0 
1574691234 0 
1574706852 0 
1574706853 0 
1574706854 2 
1574706855 2 
1574706856 1 
1574707094 0 
1574707095 0 
1574707096 0 
1574707097 0 
1574707098 0 
1574707099 0 
1574954196 0 
1574954197 0 
1574954198 0 
1574954199 2 
1574954200 2 
1574954361 0 
1574954362 0 
1574954363 1 
1574954364 3 
1574954365 2 
1574954537 0 
1574954538 0 
1574954539 0 
1574954540 1 
1574954541 1 
1574954542 1 
1574954701 0 
1574954702 0 
1574954703 0 
1574954704 2 
1574954705 2 
1574954884 0 
1574954885 0 
1574954886 2 
1574954887 3 
1574954888 3 
1574955042 0 
1574955043 0 
1574955044 1 
1574955045 1 
1574955046 1 
1574955300 0 
1574955301 0 
1574955302 0 
1574955303 2 
1574955304 2 
1574955305 1 
1574955460 2 
1574955461 1 
1574955462 0 
1574955463 2 
1574955464 2 
1574955618 0 
1574955619 0 
1574955620 0 
1574955621 1 
1574955622 1 
1574955623 1 
1574955780 0 
1574955781 0 
1574955782 1 
1574955783 2 
1574955784 1 
1575026527 0 
1575026528 0 
1575026529 0 
1575026530 1 
1575026531 0 
1575026532 0 
1575026689 0 
1575026690 0 
1575026691 0 
1575026692 0 
1575026693 0 
1575026851 0 
1575026852 0 
1575026853 1 
1575026854 1 
1575027010 0 
1575027011 0 
1575027012 0 
1575027013 2 
1575027014 1 
1575027174 0 
1575027175 0 
1575027176 0 
1575027177 2 
1575027178 1 
1575027335 0 
1575027336 0 
1575027337 0 
1575027338 1 
1575027339 2 
1575027340 2 
1575027502 0 
1575027503 0 
1575027504 0 
1575027505 0 
1575027659 0 
1575027660 0 
1575027661 2 
1575027662 2 
1575027823 0 
1575027824 0 
1575027825 1 
1575027826 2 
1575027827 2 
1575027987 0 
1575027988 0 
1575027989 0 
1575027990 1 
1575027991 1 
1575112843 1 
1575112844 1 
1575112845 1 
1575112846 1 
1575112847 1 
1575113004 0 
1575113005 0 
1575113006 0 
1575113007 1 
1575113008 2 
1575113166 0 
1575113167 0 
1575113168 1 
1575113169 2 
1575113170 1 
1575113327 1 
1575113328 1 
1575113329 1 
1575113330 1 
1575113331 1 
1575113332 2 
1575113486 1 
1575113487 1 
1575113488 0 
1575113489 2 
1575113490 2 
1575113491 2 
1575113644 2 
1575113645 1 
1575113646 0 
1575113647 2 
1575113648 2 
1575113649 1 
1575113650 2 
1575113803 0 
1575113804 0 
1575113805 0 
1575113806 0 
1575113960 1 
1575113961 0 
1575113962 0 
1575113963 1 
1575113964 1 
1575114124 0 
1575114125 0 
1575114126 1 
1575114127 1 
1575114128 1 
1575114285 0 
1575114286 0 
1575114287 1 
1575114288 1 
1575114289 2 
1575289773 0 
1575289774 0 
1575289775 0 
1575289776 1 
1575289777 0 
1575289940 1 
1575289941 1 
1575289942 0 
1575289943 2 
1575289944 2 
1575290107 1 
1575290108 0 
1575290109 0 
1575290110 3 
1575290111 1 
1575290112 1 
1575290289 0 
1575290290 0 
1575290291 0 
1575290292 0 
1575290461 0 
1575290462 0 
1575290463 1 
1575290464 2 
1575290465 1 
1575290636 1 
1575290637 0 
1575290638 0 
1575290639 1 
1575290640 1 
1575290641 1 
1575290642 2 
1575290806 0 
1575290807 0 
1575290808 0 
1575290809 0 
1575290962 2 
1575290963 0 
1575290964 1 
1575290965 1 
1575290966 2 
1575291125 0 
1575291126 0 
1575291127 1 
1575291128 1 
1575291286 0 
1575291287 0 
1575291288 0 
1575291289 0 
1575291290 0 
1575384175 0 
1575384176 0 
1575384177 0 
1575384178 1 
1575384179 0 
1575384334 1 
1575384335 0 
1575384336 0 
1575384337 2 
1575384338 1 
1575384339 1 
1575384495 1 
1575384496 0 
1575384497 1 
1575384498 1 
1575384499 1 
1575384817 1 
1575384818 1 
1575384819 0 
1575384820 2 
1575384821 1 
1575384974 2 
1575384975 0 
1575384976 2 
1575384977 2 
1575384978 2 
1575384979 1 
1575385136 0 
1575385137 0 
1575385138 0 
1575385139 0 
1575385140 0 
1575385295 1 
1575385296 0 
1575385297 1 
1575385298 0 
1575385299 2 
1575385300 1 
1575385455 1 
1575385456 1 
1575385457 1 
1575385458 1 
1575385459 2 
1575385619 0 
1575385620 0 
1575385621 0 
1575385622 0 
1575385623 0 
1575556556 0 
1575556557 0 
1575556558 0 
1575556559 0 
1575556560 0 
1575556717 0 
1575556718 0 
1575556719 1 
1575556720 2 
1575556721 2 
1575556883 0 
1575556884 0 
1575556885 0 
1575556886 0 
1575556887 0 
1575556888 0 
1575556889 0 
1575556890 0 
1575556891 0 
1575556892 1 
1575556893 1 
1575557074 0 
1575557075 0 
1575557076 0 
1575557077 0 
1575557078 0 
1575557244 0 
1575557245 0 
1575557246 1 
1575557247 2 
1575557248 2 
1575557428 0 
1575557429 0 
1575557430 1 
1575557431 2 
1575557601 0 
1575557602 0 
1575557603 0 
1575557604 0 
1575557605 0 
1575557606 0 
1575557776 0 
1575557777 0 
1575557778 1 
1575557779 2 
1575557780 2 
1575558234 0 
1575558235 1 
1575558236 0 
1575558237 0 
1575558238 1 
1575558422 0 
1575558423 0 
1575558424 1 
1575558425 2 
1575558426 2 
1579184053 1 
1579184054 0 
1579184055 0 
1579184056 2 
1579184057 1 
1579184058 1 
1579184769 0 
1579184770 0 
1579184771 1 
1579184772 2 
1579184773 1 
1579184774 2 
1579184930 0 
1579184931 0 
1579184932 0 
1579184933 2 
1579184934 2 
1579184935 1 
1579185093 0 
1579185094 0 
1579185095 2 
1579185096 2 
1579185444 2 
1579185445 0 
1579185446 2 
1579185447 2 
1579185448 1 
1579185449 2 
1579185628 1 
1579185629 0 
1579185630 1 
1579185631 2 
1579185632 1 
1579185994 0 
1579185995 0 
1579185996 1 
1579185997 1 
1579185998 1 
1579186167 0 
1579186168 0 
1579186169 1 
1579186170 1 
1579186171 3 
1579351783 1 
1579351784 0 
1579351785 1 
1579351786 1 
1579351787 2 
1579351788 1 
1579351951 0 
1579351952 0 
1579351953 2 
1579351954 2 
1579351955 2 
1579352111 1 
1579352112 0 
1579352113 1 
1579352114 2 
1579352115 1 
1579352116 2 
1579352273 0 
1579352274 0 
1579352275 0 
1579352276 0 
1579352277 0 
1579352435 2 
1579352436 0 
1579352437 2 
1579352438 2 
1579352439 1 
1579352440 1 
1579352599 1 
1579352600 1 
1579352601 0 
1579352602 2 
1579352603 2 
1579352757 0 
1579352758 0 
1579352759 1 
1579352760 0 
1579352761 0 
1579352918 0 
1579352919 0 
1579352920 0 
1579352921 2 
1579352922 2 
1579353081 1 
1579353082 0 
1579353083 2 
1579353084 2 
1579353085 2 
1579522872 0 
1579522873 0 
1579522874 0 
1579522875 0 
1579522876 0 
1579522877 0 
1579523076 0 
1579523077 0 
1579523078 1 
1579523079 2 
1579523080 1 
1579523266 2 
1579523267 0 
1579523268 0 
1579523269 1 
1579523270 1 
1579523271 1 
1579523431 0 
1579523432 0 
1579523433 0 
1579523434 1 
1579523435 0 
1579523436 0 
1579523605 1 
1579523606 0 
1579523607 1 
1579523608 1 
1579523609 2 
1579523610 2 
1579523786 0 
1579523787 0 
1579523788 1 
1579523789 2 
1579523790 2 
1579523791 2 
1579523968 0 
1579523969 0 
1579523970 0 
1579523971 2 
1579523972 0 
1579523973 0 
1579524156 0 
1579524157 0 
1579524158 0 
1579524159 2 
1579524160 2 
1579524322 0 
1579524323 0 
1579524324 1 
1579524325 1 
1579524326 2 
1579524491 0 
1579524492 0 
1579524493 0 
1579524494 1 
1579524495 3 
1579537477 0 
1579537478 0 
1579537479 1 
1579537480 1 
1579537481 2 
1579537482 4 
1580215325 1 
1580215326 1 
1580215327 0 
1580215328 1 
1580215329 1 
1580215684 0 
1580215685 0 
1580215686 1 
1580215687 1 
1580215688 1 
1580215842 1 
1580215843 0 
1580215844 1 
1580215845 1 
1580215846 2 
1580216003 1 
1580216004 0 
1580216005 0 
1580216006 1 
1580216007 1 
1580216166 0 
1580216167 0 
1580216168 1 
1580216169 1 
1580216170 1 
1580216326 1 
1580216327 0 
1580216328 1 
1580216329 1 
1580216330 2 
1580216488 0 
1580216489 0 
1580216490 1 
1580216491 1 
1580216492 1 
1580216493 3 
1580216646 0 
1580216647 0 
1580216648 0 
1580216649 1 
1580216650 1 
1580304739 0 
1580304740 0 
1580304741 1 
1580304742 3 
1580304743 2 
1580304895 0 
1580304896 0 
1580304897 1 
1580304898 2 
1580304899 1 
1580304900 2 
1580305057 0 
1580305058 0 
1580305059 1 
1580305060 1 
1580305061 2 
1580305062 2 
1580305218 0 
1580305219 0 
1580305220 1 
1580305221 1 
1580305222 2 
1580305401 0 
1580305402 0 
1580305403 0 
1580305404 2 
1580305405 2 
1580305406 2 
1580305561 2 
1580305562 0 
1580305563 2 
1580305564 2 
1580305565 3 
1580305566 5 
1580305726 0 
1580305727 0 
1580305728 1 
1580305729 3 
1580305730 1 
1580305731 2 
1580305883 0 
1580305884 0 
1580305885 1 
1580305886 1 
1580305887 2 
1580306038 0 
1580306039 0 
1580306040 1 
1580306041 1 
1580306042 1 
1580306198 1 
1580306199 0 
1580306200 0 
1580306201 2 
1580306202 1 
1580306203 2 
1581935239 0 
1581935240 0 
1581935241 1 
1581935242 2 
1581935243 3 
1581935396 1 
1581935397 0 
1581935398 1 
1581935399 1 
1581935400 2 
1581935401 2 
1581935558 0 
1581935559 0 
1581935560 1 
1581935561 2 
1581935562 3 
1581935723 0 
1581935724 0 
1581935725 1 
1581935726 2 
1581935727 2 
1581935728 2 
1581935890 1 
1581935891 0 
1581935892 1 
1581935893 1 
1581935894 2 
1581935895 2 
1581936062 0 
1581936063 0 
1581936064 1 
1581936065 2 
1581936066 2 
1581936067 2 
1581936233 1 
1581936234 0 
1581936235 1 
1581936236 1 
1581936237 2 
1581936238 2 
1581936396 1 
1581936397 0 
1581936398 1 
1581936399 1 
1581936400 2 
1581936401 3 
1581936555 1 
1581936556 0 
1581936557 1 
1581936558 2 
1581936559 1 
1581936731 0 
1581936732 1 
1581936733 1 
1581936734 2 
1581936735 2 
1582026912 0 
1582026913 0 
1582026914 3 
1582026915 2 
1582026916 3 
1582027074 1 
1582027075 0 
1582027076 0 
1582027077 3 
1582027078 2 
1582027079 1 
1582027238 0 
1582027239 0 
1582027240 0 
1582027241 2 
1582027242 1 
1582027243 1 
1582027407 0 
1582027408 0 
1582027409 1 
1582027410 1 
1582027411 1 
1582027819 0 
1582027820 0 
1582027821 1 
1582027822 1 
1582027823 1 
1582027824 1 
1582028152 0 
1582028153 0 
1582028154 0 
1582028155 2 
1582028156 2 
1582028157 2 
1582028319 0 
1582028320 0 
1582028321 0 
1582028322 1 
1582028323 2 
1582028487 0 
1582028488 0 
1582028489 0 
1582028490 1 
1582028491 2 
1582113128 0 
1582113129 1 
1582113130 3 
1582113131 4 
1582113132 5 
1582113295 0 
1582113296 0 
1582113297 0 
1582113298 1 
1582113299 1 
1582113300 1 
1582113458 0 
1582113459 0 
1582113460 1 
1582113461 2 
1582113462 2 
1582113627 0 
1582113628 0 
1582113629 0 
1582113630 1 
1582113631 1 
1582113792 0 
1582113793 0 
1582113794 0 
1582113795 2 
1582113796 3 
1582113967 0 
1582113968 0 
1582113969 1 
1582113970 1 
1582113971 1 
1582114129 0 
1582114130 0 
1582114131 0 
1582114132 2 
1582114133 2 
1582114460 0 
1582114461 0 
1582114462 2 
1582114463 2 
1582114464 1 
1582114952 0 
1582114953 0 
1582114954 1 
1582114955 1 
1582114956 3 
1582115114 0 
1582115115 0 
1582115116 1 
1582115117 1 
1582115281 0 
1582115282 0 
1582115283 1 
1582115284 1 
1582115285 1 
1582115444 0 
1582115445 0 
1582115446 1 
1582115447 3 
1582115448 3 
1582115608 0 
1582115609 0 
1582115610 3 
1582115611 2 
1582115612 1 
1582115770 1 
1582115771 0 
1582115772 0 
1582115773 3 
1582115774 1 
1582115775 1 
1582115934 0 
1582115935 0 
1582115936 1 
1582115937 1 
1582115938 2 
1582116116 0 
1582116117 0 
1582116118 1 
1582116119 1 
1582116120 2 
1582116331 1 
1582116332 0 
1582116333 1 
1582116334 2 
1582116335 1 
1582116507 0 
1582116508 0 
1582116509 0 
1582116510 1 
1582116511 2 
1582116673 0 
1582116674 0 
1582116675 1 
1582116676 2 
1582116677 1 
1582118991 1 
1582118992 0 
1582118993 1 
1582118994 1 
1582118995 1 
1582119154 1 
1582119155 0 
1582119156 1 
1582119157 1 
1582119158 1 
1582119159 2 
1582119325 0 
1582119326 0 
1582119327 1 
1582119328 1 
1582119329 1 
1582119500 0 
1582119501 0 
1582119502 0 
1582119503 2 
1582119504 2 
1582119676 0 
1582119677 0 
1582119678 0 
1582119679 1 
1582119680 1 
1582119839 0 
1582119840 0 
1582119841 1 
1582119842 2 
1582119843 2 
1582120182 0 
1582120183 1 
1582120184 2 
1582120185 3 
1582120186 2 
1582120187 1 
1582120188 2 
1582120189 3 
1582120906 0 
1582120907 0 
1582120908 1 
1582120909 1 
1582120910 3 
1582121073 0 
1582121074 0 
1582121075 0 
1582121076 0 
1582121077 0 
1582121078 0 
1582121317 0 
1582121318 0 
1582121319 0 
1582121320 2 
1582121321 1 
1582125222 0 
1582125223 1 
1582125224 0 
1582125225 2 
1582125226 2 
1582125227 1 
1582125382 0 
1582125383 0 
1582125384 2 
1582125385 1 
1582125386 1 
1582125866 0 
1582125867 0 
1582125868 1 
1582125869 2 
1582125870 2 
1582126033 0 
1582126034 0 
1582126035 1 
1582126036 2 
1582126037 2 
1582126202 0 
1582126203 0 
1582126204 2 
1582126205 2 
1582126363 0 
1582126364 0 
1582126365 2 
1582126366 2 
1582126367 1 
1582126529 1 
1582126530 0 
1582126531 0 
1582126532 2 
1582126533 2 
1582126691 0 
1582126692 0 
1582126693 0 
1582126694 2 
1582126695 2 
1582126857 0 
1582126858 0 
1582126859 0 
1582126860 2 
1582126861 2 
1582127181 0 
1582127182 0 
1582127183 0 
1582127184 1 
1582127185 2 
1582127186 2 
1582127349 0 
1582127350 0 
1582127351 0 
1582127352 2 
1582127353 2 
1582127516 0 
1582127517 0 
1582127518 0 
1582127519 1 
1582127520 1 
1582127680 0 
1582127681 0 
1582127682 1 
1582127683 1 
1582127684 2 
1582127844 0 
1582127845 0 
1582127846 1 
1582127847 1 
1582128004 0 
1582128005 0 
1582128006 1 
1582128007 2 
1582128008 2 
1582128170 0 
1582128171 0 
1582128172 0 
1582128173 1 
1582128174 2 
1582128175 1 
1582128350 0 
1582128351 0 
1582128352 1 
1582128353 2 
1582128354 1 
1582128511 1 
1582128512 1 
1582128513 3 
1582128514 3 
1582128515 2 
1582128673 1 
1582128674 0 
1582128675 0 
1582128676 1 
1582128677 2 
1582128678 1 
1582128840 0 
1582128841 0 
1582128842 1 
1582128843 1 
1582128844 1 
1582129002 0 
1582129003 0 
1582129004 1 
1582129005 1 
1582129006 3 
1582129174 1 
1582129175 0 
1582129176 0 
1582129177 1 
1582129178 2 
1582129179 1 
1582129333 0 
1582129334 0 
1582129335 0 
1582129336 2 
1582129337 3 
1582129338 1 
1582129494 0 
1582129495 0 
1582129496 2 
1582129497 2 
1582129498 1 
1582129658 1 
1582129659 0 
1582129660 0 
1582129661 3 
1582129662 1 
1582129663 1 
1582185081 1 
1582185082 0 
1582185083 0 
1582185084 3 
1582185085 1 
1582185086 1 
1582185262 1 
1582185263 0 
1582185264 0 
1582185265 1 
1582185266 2 
1582185996 0 
1582185997 0 
1582185998 1 
1582185999 1 
1582186000 1 
1582186156 0 
1582186157 0 
1582186158 1 
1582186159 1 
1582186160 3 
1582186889 0 
1582186890 0 
1582186891 1 
1582186892 2 
1582186893 2 
1582187852 2 
1582187853 0 
1582187854 1 
1582187855 2 
1582187856 2 
1582187857 2 
1582188011 2 
1582188012 0 
1582188013 2 
1582188014 1 
1582188015 2 
1582188170 1 
1582188171 0 
1582188172 2 
1582188173 2 
1582188174 1 
1582188175 2 
1582188330 0 
1582188331 0 
1582188332 0 
1582188333 3 
1582188334 2 
1582188335 3 
1582193782 1 
1582193783 0 
1582193784 0 
1582193785 2 
1582193786 2 
1582193946 1 
1582193947 0 
1582193948 1 
1582193949 2 
1582193950 2 
1582194110 0 
1582194111 0 
1582194112 0 
1582194113 2 
1582194114 1 
1582194427 0 
1582194428 0 
1582194429 1 
1582194430 1 
1582194431 1 
1582194592 0 
1582194593 0 
1582194594 1 
1582194595 1 
1582194596 1 
1582194752 0 
1582194753 1 
1582194754 3 
1582194755 1 
1582194756 2 
1582194921 0 
1582194922 0 
1582194923 1 
1582194924 2 
1582194925 2 
1582195081 2 
1582195082 0 
1582195083 0 
1582195084 2 
1582195085 1 
1582195086 1 
1582195737 0 
1582195738 0 
1582195739 2 
1582195740 3 
1582195741 2 
1582195897 0 
1582195898 0 
1582195899 1 
1582195900 1 
1582195901 2 
1582196054 1 
1582196055 0 
1582196056 0 
1582196057 1 
1582196058 2 
1582196059 1 
1582196215 0 
1582196216 0 
1582196217 0 
1582196218 1 
1582196219 2 
1582196220 2 
1582196374 1 
1582196375 0 
1582196376 0 
1582196377 1 
1582196378 2 
1582196533 0 
1582196534 0 
1582196535 0 
1582196536 2 
1582196537 2 
1582196538 2 
1582196691 1 
1582196692 0 
1582196693 0 
1582196694 1 
1582196695 2 
1582196696 2 
1582197014 0 
1582197015 0 
1582197016 1 
1582197017 2 
1582197018 1 
1582197179 0 
1582197180 0 
1582197181 1 
1582197182 2 
1582197183 1 
1582197337 0 
1582197338 0 
1582197339 1 
1582197340 2 
1582197502 1 
1582197503 1 
1582197504 0 
1582197505 1 
1582197506 1 
1582197507 1 
1582197673 1 
1582197674 0 
1582197675 1 
1582197676 1 
1582197677 1 
1582197831 0 
1582197832 0 
1582197833 1 
1582197834 2 
1582197835 2 
1582197989 1 
1582197990 0 
1582197991 2 
1582197992 2 
1582197993 1 
1582198145 0 
1582198146 0 
1582198147 1 
1582198148 3 
1582198149 1 
1582198150 2 
1582198307 0 
1582198308 0 
1582198309 0 
1582198310 2 
1582198311 3 
1582198464 0 
1582198465 0 
1582198466 1 
1582198467 1 
1582198468 1 
1582198746 0 
1582198747 0 
1582198748 1 
1582198749 2 
1582198750 2 
1582199095 0 
1582199096 0 
1582199097 1 
1582199098 2 
1582199099 2 
1582199100 3 
1582631402 0 
1582631403 0 
1582631404 2 
1582631405 2 
1582631406 2 
1582631718 0 
1582631719 0 
1582631720 2 
1582631721 2 
1582631722 1 
1582631723 2 
1582631876 0 
1582631877 0 
1582631878 2 
1582631879 2 
1582631880 3 
1582632032 0 
1582632033 0 
1582632034 1 
1582632035 1 
1582632036 3 
1582632037 3 
1582632190 1 
1582632191 1 
1582632192 1 
1582632193 2 
1582632194 3 
1582632350 0 
1582632351 0 
1582632352 1 
1582632353 1 
1582632354 2 
1582632512 0 
1582632513 0 
1582632514 0 
1582632515 1 
1582632516 1 
1582632833 0 
1582632834 0 
1582632835 0 
1582632836 2 
1582632837 2 
1582884532 0 
1582884533 0 
1582884534 2 
1582884535 2 
1582884879 0 
1582884880 0 
1582884881 1 
1582884882 1 
1582884883 2 
1582885043 0 
1582885044 0 
1582885045 0 
1582885046 2 
1582885047 2 
1582885207 0 
1582885208 0 
1582885209 0 
1582885210 2 
1582885211 1 
1582885368 0 
1582885369 0 
1582885370 0 
1582885371 2 
1582885372 2 
1582885529 0 
1582885530 1 
1582885531 1 
1582885532 2 
1582885533 2 
1582885691 0 
1582885692 0 
1582885693 2 
1582885694 1 
1582885855 0 
1582885856 0 
1582885857 0 
1582885858 2 
1582885859 2 
1582886012 0 
1582886013 0 
1582886014 0 
1582886015 2 
1582886016 2 