1572363725 2
1572363726 2
1572363727 2
1572363728 2
1572363729 2
1572363730 3
1572363731 5
1572364055 2
1572364056 2
1572364057 2
1572364058 2
1572364059 2
1572364060 3
1572364387 2
1572364388 2
1572364389 2
1572364390 2
1572364391 3
1572364392 4
1572364719 2
1572364720 2
1572364721 2
1572364722 2
1572364723 3
1572364724 3
1572365061 2
1572365062 2
1572365063 2
1572365064 2
1572365065 3
1572365066 4
1572365391 2
1572365392 2
1572365393 2
1572365394 2
1572365395 3
1572365396 3
1572365769 2
1572365770 2
1572365771 2
1572365772 2
1572365773 2
1572365774 3
1572366150 2
1572366151 2
1572366152 2
1572366153 2
1572366154 3
1572366155 4
1572366483 2
1572366484 2
1572366485 2
1572366486 2
1572366487 3
1572366488 4
1572366816 2
1572366817 2
1572366818 2
1572366819 2
1572366820 3
1572366821 4
1572369844 2
1572369845 2
1572369846 2
1572369847 2
1572369848 2
1572369849 3
1572370174 2
1572370175 2
1572370176 2
1572370177 2
1572370178 3
1572370179 3
1572370505 2
1572370506 2
1572370507 2
1572370508 2
1572370509 2
1572370510 3
1572370836 2
1572370837 2
1572370838 2
1572370839 2
1572370840 2
1572370841 3
1572371166 2
1572371167 2
1572371168 2
1572371169 2
1572371170 2
1572371171 3
1572371497 2
1572371498 2
1572371499 2
1572371500 2
1572371501 2
1572371502 3
1572371828 2
1572371829 2
1572371830 2
1572371831 2
1572371832 2
1572371833 3
1572372158 2
1572372159 2
1572372160 2
1572372161 2
1572372162 3
1572372163 4
1572372487 2
1572372488 2
1572372489 2
1572372490 2
1572372491 3
1572372492 3
1572372820 2
1572372821 2
1572372822 2
1572372823 2
1572372824 2
1572372825 3
