1574950763 2
1574950764 3
1574950765 3
1574950766 3
1574950767 5
1574950768 5
1574950769 4
1574951083 3
1574951084 2
1574951085 2
1574951086 2
1574951087 1
1574951088 1
1574951471 2
1574951472 2
1574951473 1
1574951474 1
1574951475 1
1574951814 2
1574951815 2
1574951816 2
1574951817 2
1574951818 1
1574952134 3
1574952135 3
1574952136 2
1574952137 3
1574952138 2
1574952139 2
1574952446 2
1574952447 2
1574952448 3
1574952449 3
1574952450 2
1574952451 1
1574952861 3
1574952862 3
1574952863 2
1574952864 2
1574952865 2
1574952866 1
1574953229 2
1574953230 2
1574953231 2
1574953232 2
1574953233 1
1574953234 1
1574953235 1
1574953539 4
1574953540 3
1574953541 3
1574953542 2
1574953543 3
1574953544 3
1574953868 4
1574953869 4
1574953870 5
1574953871 3
1574953872 3
1574953873 2
