1571754117 2
1571754118 2
1571754119 2
1571754120 2
1571754121 1
1571754122 1
1571754514 2
1571754515 2
1571754516 2
1571754517 1
1571754518 1
1571754519 1
1571754520 1
1571754911 3
1571754912 3
1571754913 3
1571754914 3
1571754915 3
1571754916 2
1571754917 2
1571755312 2
1571755313 2
1571755314 1
1571755315 1
1571755316 1
1571755317 1
1571756543 3
1571756544 3
1571756545 2
1571756546 1
1571756547 1
1571756548 1
1571756923 3
1571756924 3
1571756925 3
1571756926 3
1571756927 3
1571756928 3
1571756929 3
1571756930 3
1571756931 4
1571756932 4
1571756933 3
1571756934 3
1571756935 3
1571756936 2
1571756937 3
1571756938 2
1571756939 3
1571756940 3
1571756941 3
1571756942 4
1571756943 4
1571756944 5
1571756945 3
1571756946 4
1571756947 5
1571756948 5
1571756949 7
1571756950 5
1571756951 6
1571756952 5
1571756953 6
1571756954 5
1571756955 7
1571756956 7
1571756957 6
1571756958 6
1571756959 6
1571756960 7
1571756961 7
1571756962 7
1571756963 7
1571756964 6
1571756965 5
1571756966 4
1571756967 4
1571756968 4
1571756969 3
1571756970 2
1571756971 2
1571756972 2
1571756973 2
1571756974 2
1571757403 2
1571757404 2
1571757405 1
1571757406 1
1571757407 1
1571757408 1
1571758192 4
1571758193 3
1571758194 2
1571758195 1
1571758196 1
1571758197 1
1571758198 1
1571758582 2
1571758583 2
1571758584 2
1571758585 1
1571758586 1
1571758587 1
1571762197 3
1571762198 3
1571762199 2
1571762200 1
1571762201 1
1571762202 1
1571762593 3
1571762594 3
1571762595 2
1571762596 1
1571762597 1
1571762598 1
1571762986 2
1571762987 2
1571762988 1
1571762989 1
1571762990 1
1571762991 1
1571763374 2
1571763375 2
1571763376 1
1571763377 1
1571763378 1
1571763379 1
1571763765 3
1571763766 2
1571763767 2
1571763768 1
1571763769 2
1571763770 2
1571763771 1
1571764173 3
1571764174 4
1571764175 4
1571764176 3
1571764177 2
1571764178 2
1571764179 2
1571764583 3
1571764584 3
1571764585 4
1571764586 3
1571764587 2
1571764588 2
1571764589 2
1571764975 2
1571764976 2
1571764977 1
1571764978 1
1571764979 1
1571764980 1
1571765363 2
1571765364 2
1571765365 2
1571765366 2
1571765367 1
1571765368 1
1571765369 1
1571765755 2
1571765756 2
1571765757 1
1571765758 1
1571765759 1
1571765760 1
1571765761 1
1571766332 2
1571766333 2
1571766334 2
1571766335 2
1571766336 1
1571766337 1
