1572268919 2
1572268920 2
1572268921 2
1572268922 2
1572268923 2
1572268924 2
1572268925 2
1572269337 4
1572269338 4
1572269339 3
1572269340 2
1572269341 4
1572269342 4
1572269343 3
1572269751 5
1572269752 3
1572269753 4
1572269754 3
1572269755 3
1572269756 2
1572269757 3
1572270159 4
1572270160 4
1572270161 3
1572270162 3
1572270163 3
1572270164 3
1572270556 5
1572270557 3
1572270558 4
1572270559 4
1572270560 4
1572272298 3
1572272299 2
1572272300 2
1572272301 1
1572272302 2
1572272303 2
1572272629 3
1572272630 3
1572272631 1
1572272632 1
1572272633 1
1572272634 2
1572272964 2
1572272965 2
1572272966 1
1572272967 2
1572272968 2
1572272969 2
1572273302 5
1572273303 5
1572273304 4
1572273305 3
1572273306 2
1572273307 2
1572273643 4
1572273644 5
1572273645 3
1572273646 3
1572273647 2
1572273648 1
1572276067 3
1572276068 2
1572276069 1
1572276070 2
1572276071 3
1572276072 4
1572276403 3
1572276404 3
1572276405 2
1572276406 1
1572276407 1
1572276408 1
1572276738 2
1572276739 2
1572276740 1
1572276741 1
1572276742 1
1572276743 1
1572277069 3
1572277070 3
1572277071 3
1572277072 3
1572277073 3
1572277074 3
1572277401 2
1572277402 2
1572277403 1
1572277404 1
1572277405 1
1572277406 1
1572277763 3
1572277764 3
1572277765 3
1572277766 2
1572277767 1
1572277768 2
1572277769 2
1572278094 2
1572278095 2
1572278096 2
1572278097 1
1572278098 2
1572278099 2
1572278100 2
1572278427 4
1572278428 4
1572278429 4
1572278430 3
1572278431 3
1572278432 2
