1575112782 3.962228287
1575112943 4.069832105
1575113105 3.798882908
1575113265 4.228121685
1575113423 4.148303546
1575113583 4.209747772
1575113740 4.339999378
1575113897 4.287913296
1575114056 3.850394263
1575114223 4.301222106
1575114392 4.176291568
1575114695 4.30358824
1575115006 4.20860227
1575115316 4.119410152
1575115624 4.05157127
1575115939 4.168054431
1575116250 4.312216375
1575116562 3.996718229
1575116869 4.203827558
1575117177 3.99917636
1575120198 4.234914873
1575120762 3.939194498
1575121321 4.052478254
1575122383 3.925781581
1575122942 4.057529323
1575123498 4.042979665
1575124058 4.125875065
1575124612 4.143209629
1575125178 4.168892294
1575125747 4.27255905
