1575289710 4.234738063
1575289873 4.037004562
1575290043 4.051052839
1575290226 4.001101524
1575290394 4.048423104
1575290569 4.551498614
1575290743 3.970975005
1575290902 4.256178439
1575291063 3.799656213
1575291223 4.215616909
1575292900 3.909695981
1575293219 4.162819577
1575293555 4.038152125
1575293892 4.034250328
1575294230 4.092781766
1575294573 4.761151525
1575294919 4.216838109
1575295326 4.218537998
1575295689 4.159689545
1575296900 4.192164466
1575297486 4.06240519
1575298070 3.962860959
1575298640 4.151368253
1575299213 4.198234052
1575299790 4.144844271
1575300415 4.321883044
1575300973 4.013151143
1575301771 4.209614903
