1579522803 4.175962996
1579523013 4.146757744
1579523200 3.952179168
1579523369 4.252159068
1579523541 4.181778389
1579523722 4.673987862
1579523904 3.921429862
1579524091 4.093583193
1579524261 3.927032542
1579524429 4.308293225
1579524662 3.949786491
1579524984 4.163035016
1579525336 4.054614393
1579525713 4.109186503
1579526037 4.1048758
1579526363 4.002570516
1579528349 3.976145426
1579528669 4.143855986
1579529092 4.379885848
1579529471 4.240098345
1579529808 4.298733198
1579530208 4.095323362
1579530847 4.187807685
1579531897 4.190591186
1579532600 4.083484771
1579533234 4.064209982
1579533828 4.238919414
1579534471 4.214478853
1579535144 4.087790851
1579535731 4.172546639
1579536811 4.155810021
1579537396 4.101025395
