1573827943 4.183689328
1573828255 4.04428348
1573828566 4.001002689
1573828871 4.140963679
1573829176 4.040644676
1573829482 4.132502708
1573829863 4.051537631
1573830349 3.9683774
1573830657 3.919476582
1573830965 3.880282663
1573831357 4.019975493
1573831514 4.051313821
1573831673 3.956562205
1573831846 4.011156476
1573831998 3.927779297
1573832157 4.136551149
1573832313 4.073134223
1573832480 3.947694374
1573832635 3.933859248
1573832790 3.987791832
1573832973 4.188730808
1573833144 3.838534062
1573833307 3.811883091
1573833463 3.982670361
1573833621 4.082982012
