1575386054 3.341634191
1575386367 3.399267862
1575386678 3.591408122
1575387082 3.363192526
1575387390 3.466339471
1575387701 3.293717186
1575388317 3.391062028
1575388625 3.496098397
1575388930 3.699685157
1575390491 3.407457425
1575391062 3.421623033
1575391624 3.028960171
1575392436 3.356580681
1575393051 3.493616428
1575393635 3.35657911
1575394199 3.356016336
1575394763 1.632953232
1575395325 3.246785818
1575395890 3.442217334
1575397161 8.407432474
1575397439 10.365840248
1575397657 84.919787952
