1574956325 2
1574956326 2
1574956327 2
1574956328 2
1574956987 2
1574956988 2
1574956989 2
1574956990 2
1574957588 2
1574957589 2
1574957590 2
1574957591 2
1574958170 2
1574958171 2
1574958172 2
1574958173 2
1574958764 2
1574958765 2
1574958766 2
1574958767 2
1574959352 2
1574959353 2
1574959354 2
1574959355 2
1574959952 2
1574959953 2
1574959954 2
1574959955 2
1574960530 2
1574960531 2
1574960532 2
1574961140 2
1574961141 2
1574961142 2
1574961143 2
1574961776 2
1574961777 2
1574961778 2
1574961779 2
