1575033253 2
1575033254 2
1575033255 2
1575033256 2
1575033820 2
1575033821 2
1575033822 2
1575033823 2
1575034410 2
1575034411 2
1575034412 2
1575034413 2
1575034986 2
1575034987 2
1575034988 2
1575034989 2
1575035548 2
1575035549 2
1575035550 2
1575036585 2
1575036586 2
1575036587 2
1575036588 2
1575037147 2
1575037148 2
1575037149 2
1575037150 2
1575037706 2
1575037707 2
1575037708 2
1575037709 2
1575038709 2
1575038710 2
1575038711 2
1575038712 2
1575039279 2
1575039280 2
1575039281 2
1575039282 2
