1582034922 3
1582034923 3
1582034924 3
1582034925 3
1582035799 2
1582035800 2
1582035801 2
1582035802 2
1582036406 2
1582036407 2
1582036408 2
1582036409 2
1582037015 2
1582037016 2
1582037017 2
1582037018 2
1582037616 2
1582037617 2
1582037618 2
1582037619 2
1582038208 2
1582038209 2
1582038210 2
1582038211 2
1582038801 2
1582038802 2
1582038803 2
1582038804 2
1582041709 2
1582041710 2
1582041711 2
1582041712 2
1582042463 2
1582042464 2
1582042465 2
1582042466 2
1582043912 2
1582043913 2
1582043914 2
1582043915 2
1582044504 2
1582044505 2
1582044506 2
1582044507 2
