1582185172 3
1582185173 2
1582185174 4
1582185175 3
1582185377 2
1582185378 1
1582185379 2
1582185380 3
1582186071 3
1582186072 2
1582186073 4
1582186074 3
1582186226 2
1582186227 4
1582186228 3
1582186965 1
1582186966 1
1582186967 3
1582186968 3
1582187925 2
1582187926 2
1582187927 3
1582187928 4
1582188085 1
1582188086 1
1582188087 2
1582188088 3
1582188246 1
1582188247 2
1582188248 3
1582188403 2
1582188404 3
1582188405 3
1582193857 3
1582193858 1
1582193859 2
1582193860 3
1582194019 1
1582194020 1
1582194021 2
1582194022 3
1582194180 1
1582194181 1
1582194182 3
1582194342 1
1582194343 1
1582194344 3
1582194345 4
1582194504 2
1582194505 2
1582194506 4
1582194507 3
1582194666 1
1582194667 1
1582194668 4
1582194669 3
1582194833 2
1582194834 2
1582194835 3
1582194995 1
1582194996 1
1582194997 3
1582194998 3
1582195155 3
1582195156 2
1582195157 4
1582195158 3
1582195316 2
1582195317 1
1582195318 2
1582195319 3
1582195812 4
1582195813 3
1582195814 4
1582195815 4
1582195970 2
1582195971 1
1582195972 4
1582195973 3
1582196131 2
1582196132 1
1582196133 2
1582196134 3
1582196289 3
1582196290 2
1582196291 2
1582196292 3
1582196449 2
1582196450 1
1582196451 2
1582196452 2
1582196608 1
1582196609 1
1582196610 3
1582196765 2
1582196766 2
1582196767 3
1582196925 4
1582196926 2
1582196927 3
1582196928 3
1582197094 1
1582197095 1
1582197096 2
1582197097 4
1582197251 2
1582197252 2
1582197253 3
1582197254 4
1582197411 1
1582197412 1
1582197413 2
1582197414 3
1582197587 1
1582197588 1
1582197589 3
1582197590 3
1582197745 1
1582197746 1
1582197747 3
1582197905 2
1582197906 3
1582197907 3
1582198062 2
1582198063 1
1582198064 3
1582198065 3
1582198223 2
1582198224 1
1582198225 3
1582198226 4
1582198378 2
1582198379 1
1582198380 2
1582198381 3
1582198661 2
1582198662 1
1582198663 2
1582198664 3
1582199010 2
1582199011 2
1582199012 3
1582199013 3
1582199173 4
1582199174 3
1582199175 3
1582199176 3
