1573301087 6.578046268
1573301258 4.980445096
1573301426 6.309652031
1573301607 6.598912672
1573301791 6.452794202
1573301963 6.451570479
1573302138 6.559136003
1573302313 6.475956647
1573302481 6.467746766
1573302648 6.482195694
1573303797 6.110894071
1573303965 6.093507226
1573304129 6.066937515
1573304292 6.040514166
1573304453 6.311856256
1573304621 6.257598626
1573304780 6.356039983
1573304939 6.364377879
1573305103 6.064587996
1573305263 6.075473073
1573306400 6.055623124
1573306736 7.25880952
1573307060 6.439192422
1573307396 5.975547724
1573307713 6.197524693
1573308035 4.783131296
1573308348 5.883334423
1573308679 7.036662035
1573309000 6.021510516
1573309330 6.07468957
1573310171 6.063394598
1573310796 6.395121479
1573311412 5.872877867
1573312029 5.849494387
1573312728 6.099551887
1573313349 6.242005033
1573313970 6.089577963
1573314599 6.444654896
