1571323587 2
1571323588 2
1571323589 2
1571323984 2
1571323985 2
1571323986 2
1571323987 2
1571323988 2
1571323989 2
1571323990 2
1571323991 3
1571323992 2
1571324388 2
1571324389 2
1571324390 2
1571324780 2
1571324781 2
1571324782 2
1571324783 2
1571327710 2
1571327711 2
1571327712 2
1571327713 2
1571328101 2
1571328102 2
1571328103 2
1571328104 2
1571328492 2
1571328493 2
1571328494 2
1571328495 2
1571328883 2
1571328884 2
1571328885 2
1571328886 2
1571329276 2
1571329277 2
1571329278 2
1571329664 2
1571329665 2
1571329666 2
