1579186133 2
1579186549 3
1579186550 2
1579186551 2
1579186552 3
1579186553 3
1579186554 3
1579186555 3
1579186556 3
1579186557 4
1579186558 4
1579186559 3
1579186560 3
1579186561 3
1579186898 2
1579186899 3
1579186900 3
1579186901 3
1579186902 3
1579186903 4
1579186904 5
1579186905 4
1579186906 4
1579186907 4
1579186908 4
1579186909 3
1579187852 4
1579187853 3
1579187854 4
1579187855 4
1579187856 2
1579187857 2
1579187858 2
1579187859 2
1579187860 2
1579187861 2
1579187862 2
1579187863 2
1579187864 2
1579187865 3
1579187866 4
1579187867 2
1579187868 2
1579187869 2
1579187870 2
1579187871 2
1579187872 2
1579187873 2
1579187874 2
1579187875 3
1579187876 4
1579187877 4
1579187878 4
1579187879 4
1579187880 4
1579187881 4
1579187882 4
1579187883 4
1579187884 5
1579187885 5
1579187886 4
1579187887 2
1579187888 3
1579187889 4
1579187890 3
1579187891 2
1579187892 3
1579187893 4
1579187894 6
1579187895 7
1579187896 7
1579187897 6
1579187898 4
1579187899 4
1579187900 5
1579187901 5
1579187902 4
1579187903 3
1579187904 3
1579187905 3
1579187906 2
1579187907 2
1579187908 3
1579187909 2
1579187910 3
1579187911 4
1579187912 4
1579187913 3
1579187914 3
1579187915 3
1579187916 3
1579187917 3
1579187918 3
1579187919 2
1579188185 3
1579188186 4
1579188187 2
1579188188 3
1579188189 3
1579188190 3
1579188191 2
1579188192 2
1579188193 2
1579188194 2
1579188195 2
1579188196 3
1579188197 2
1579188198 3
1579188199 4
1579188200 3
1579188201 2
1579188202 2
1579188203 2
1579188204 1
1579188205 1
1579188206 1
1579188207 2
1579188208 2
1579188209 2
1579188210 1
1579188211 2
1579188212 1
1579188213 2
1579188214 2
1579188215 2
1579188216 1
1579188217 2
1579188218 2
1579188219 2
1579188220 3
1579188221 4
1579188222 4
1579188223 3
1579188224 5
1579188225 4
1579188226 4
1579188227 5
1579188228 5
1579188229 4
1579188230 3
1579188231 4
1579188232 4
1579188233 5
1579188234 4
1579188235 4
1579188236 3
1579188237 3
1579188238 2
1579188239 2
1579188240 2
1579188241 2
1579188242 3
1579188243 3
1579188244 3
1579188245 4
1579188246 5
1579188247 5
1579188248 4
1579188249 4
1579188250 4
1579188251 4
1579188690 2
1579188691 2
1579188692 2
1579188693 2
1579188694 3
1579188695 3
1579188696 3
1579188697 3
1579188698 3
1579188699 3
1579188700 3
1579188701 2
1579188702 3
1579188703 3
1579188704 2
1579189165 5
1579189166 4
1579189167 3
1579189168 5
1579189169 5
1579189170 5
1579189171 4
1579189172 4
1579189173 4
1579189174 3
1579189175 3
1579189176 3
1579189177 2
1579189178 2
1579189179 3
1579189180 3
1579189181 4
1579189182 3
1579189183 3
1579189184 2
1579189185 1
1579189186 1
1579189187 1
1579189188 2
1579189189 2
1579189190 1
1579189191 2
1579189192 2
1579189193 2
1579189194 1
1579189195 1
1579189196 2
1579189197 2
1579189198 1
1579189199 2
1579189200 3
1579189201 4
1579189202 4
1579189203 5
1579189204 5
1579189205 3
1579189206 3
1579189207 3
1579189208 4
1579189209 5
1579189210 4
1579189211 4
1579189212 4
1579189213 5
1579189214 4
1579189215 4
1579189216 3
1579189217 3
1579189218 3
1579189219 3
1579189220 2
1579189221 2
1579189222 2
1579189223 3
1579189224 3
1579189225 3
1579189226 3
1579189227 3
1579189228 3
1579189229 4
1579189230 3
1579189231 2
1579189232 1
1579189558 2
1579189559 2
1579189560 3
1579189561 3
1579189562 3
1579189563 3
1579189564 2
1579189565 3
1579189566 3
1579189567 4
1579189568 3
1579189569 3
1579189570 3
1579189814 2
1579189815 2
1579189816 2
1579189817 2
1579189818 2
1579189819 4
1579189820 2
1579189821 3
1579189822 3
1579189823 3
1579189824 4
1579189825 4
1579189826 3
1579189827 3
1579189828 5
1579189829 4
1579189830 4
1579189831 4
1579189832 4
1579189833 3
1579189834 2
1579189835 2
1579189836 2
1579189837 2
1579189838 4
1579189839 2
1579189840 3
1579189841 3
1579189842 3
1579189843 3
1579189844 2
1579189845 1
1579189846 1
1579189847 1
1579189848 1
1579189849 2
1579189850 2
1579189851 2
1579189852 2
1579189853 1
1579189854 1
1579189855 1
1579189856 1
1579189857 1
1579189858 1
1579189859 1
1579189860 1
1579189861 1
1579189862 3
1579189863 2
1579189864 2
1579189865 3
1579189866 3
1579189867 3
1579189868 3
1579189869 4
1579189870 5
1579189871 3
1579189872 3
1579189873 4
1579189874 4
1579189875 5
1579189876 4
1579189877 4
1579189878 5
1579189879 3
1579189880 3
1579189881 2
1579189882 2
1579189883 3
1579189884 3
1579189885 4
1579189886 3
1579189887 3
1579189888 3
1579189889 2
1579189890 3
1579189891 3
1579189892 3
1579189893 4
1579189894 6
1579189895 2
1579190222 2
1579190223 2
1579190224 2
1579190225 3
1579190226 3
1579190227 3
1579190228 4
1579190229 4
1579190230 4
1579190231 4
1579190232 3
1579190233 3
1579190234 3
1579190501 4
1579190502 3
1579190503 3
1579190504 4
1579190505 3
1579190506 3
1579190507 5
1579190508 4
1579190509 4
1579190510 4
1579190511 7
1579190512 6
1579190513 4
1579190514 4
1579190515 5
1579190516 4
1579190517 4
1579190518 3
1579190519 3
1579190520 2
1579190521 1
1579190522 1
1579190523 1
1579190524 2
1579191338 2
1579191339 2
1579191340 2
1579191341 3
1579191342 3
1579191343 3
1579191344 3
1579191951 2
1579191952 2
1579191953 2
1579191954 3
1579191955 3
1579191956 3
1579191957 3
1579191958 3
1579192468 6
1579192469 5
1579192470 5
1579192471 5
1579192472 3
1579192473 3
1579192474 4
1579192475 4
1579192476 2
1579192477 3
1579192478 4
1579192479 3
1579192480 3
1579192481 4
1579192482 6
1579192483 5
1579192484 3
1579192485 3
1579192486 3
1579192487 3
1579192488 2
1579192489 2
1579192490 2
1579192491 2
1579192492 1
1579192493 1
1579192495 1
1579192496 1
1579192497 1
1579192498 2
1579192499 2
1579192500 3
1579192501 4
1579192502 5
1579192503 4
1579192504 3
1579192505 4
1579192506 5
1579192507 4
1579192508 3
1579192509 3
1579192510 4
1579192511 4
1579192512 4
1579192513 3
1579192514 3
1579192515 3
1579192516 2
1579192517 2
1579192518 2
1579192519 3
1579192520 4
1579192521 4
1579192522 3
1579192523 2
1579193099 2
1579193100 2
1579193101 3
1579193102 3
1579193103 3
1579193104 4
1579193105 2
1579193686 2
1579193687 3
1579193688 2
1579193689 3
1579193690 3
1579193691 4
1579193692 3
1579194203 4
1579194204 4
1579194205 5
1579194206 4
1579194207 3
1579194208 4
1579194209 3
1579194210 2
1579194211 2
1579194212 4
1579194213 4
1579194214 2
1579194215 3
1579194216 3
1579194217 4
1579194218 3
1579194219 3
1579194220 2
1579194221 2
1579194222 2
1579194223 1
1579194224 1
1579194225 2
1579194226 2
1579194227 2
1579194228 1
1579194229 1
1579194230 1
1579194231 1
1579194233 1
1579194234 1
1579194235 2
1579194236 2
1579194237 2
1579194238 3
1579194239 3
1579194240 4
1579194241 3
1579194242 3
1579194243 4
1579194244 5
1579194245 4
1579194246 4
1579194247 3
1579194248 3
1579194249 2
1579194250 2
1579194251 2
1579194252 4
1579194253 3
1579194254 3
1579194255 3
1579194256 4
1579194257 4
1579194762 2
1579194763 2
1579194764 2
1579194765 2
1579194766 2
1579194767 3
1579194768 4
1579194769 4
1579194770 5
1579194771 4
1579194772 3
1579194773 5
1579194774 4
1579194775 3
1579194776 3
1579194777 4
1579194778 2
1579194779 2
1579194780 4
1579194781 5
1579194782 2
1579194783 3
1579194784 4
1579194785 6
1579194786 5
1579194787 3
1579194788 3
1579194789 2
1579194790 2
1579194791 2
1579194792 2
1579194793 3
1579194794 3
1579194795 2
1579194796 3
1579194797 2
1579194798 2
1579194799 1
1579194801 2
1579194802 3
1579194803 3
1579194804 3
1579194805 3
1579194806 3
1579194807 5
1579194808 3
1579194809 4
1579194810 3
1579194811 3
1579194812 4
1579194813 4
1579194814 4
1579194815 4
1579194816 3
1579194817 3
1579194818 2
1579194819 2
1579194820 2
1579194821 2
1579194822 3
1579194823 3
1579194824 4
1579194825 4
1579194826 3
1579195385 2
1579195386 2
1579195387 2
1579195388 3
1579195389 5
1579195390 5
1579195391 5
1579195392 3
1579195975 2
1579195976 2
1579195977 3
1579195978 3
1579195979 3
1579195980 3
1579195981 2
1579196536 2
1579196537 2
1579196538 3
1579196539 3
1579196540 3
1579196541 5
1579196542 4
