1575562525 3
1575562526 3
1575562527 3
1575562528 3
1575562529 3
1575562530 3
1575562531 3
1575562532 3
1575562533 3
1575562534 3
1575562535 3
1575562536 4
1575562537 4
1575562538 4
1575562539 3
1575563222 3
1575563223 3
1575563224 2
1575563871 3
1575563872 3
1575563873 2
1575564468 3
1575564469 3
1575564470 3
1575565050 3
1575565051 3
1575565052 2
1575565615 3
1575565616 3
1575565617 3
1575566190 3
1575566191 3
1575566192 3
1575566771 3
1575566772 3
1575566773 2
1575568116 3
1575568117 3
1575568118 3
1575568701 3
1575568702 3
1575568703 3
