1581937002 3
1581937003 2
1581937004 2
1581937316 2
1581937317 2
1581937318 2
1581937661 2
1581937662 2
1581937663 2
1581937982 3
1581937983 1
1581937984 2
1581938301 2
1581938302 2
1581938303 2
1581938628 2
1581938629 3
1581938929 2
1581938930 2
1581938931 2
1581939270 3
1581939271 3
1581939272 4
1581939596 3
1581939597 2
1581939598 2
1581939896 2
1581939897 2
1581939898 2
1581944251 2
1581944252 2
1581944253 2
1581945197 1
1581945198 2
1581945199 2
1581946147 1
1581946148 2
1581946149 3
1581946716 2
1581946717 2
1581946718 2
1581947610 2
1581947611 1
1581947612 2
1581948203 1
1581948204 2
1581948205 2
1581949319 2
1581949320 1
1581949321 2
1581949322 2
