1573306590 2
1573306591 1
1573306592 2
1573306911 4
1573306912 3
1573306913 3
1573307246 2
1573307247 2
1573307248 2
1573307249 2
1573307567 2
1573307568 2
1573307569 2
1573307881 4
1573307882 2
1573307883 3
1573308202 2
1573308203 1
1573308204 2
1573308530 3
1573308531 3
1573308532 3
1573308851 4
1573308852 3
1573308853 2
1573308854 3
1573309172 1
1573309173 2
1573309174 2
1573309501 2
1573309502 2
1573309503 3
1573309504 2
1573310643 3
1573310644 2
1573310645 3
1573311261 3
1573311262 2
1573311263 2
1573311872 2
1573311873 2
1573311874 3
1573312577 2
1573312578 2
1573312579 1
1573312580 2
1573313197 3
1573313198 1
1573313199 2
1573313819 2
1573313820 2
1573313821 3
1573314447 2
1573314448 1
1573314449 1
1573314450 2
1573315064 3
1573315065 1
1573315066 2
