1573741887 2
1573741888 2
1573741889 2
1573743738 2
1573743739 2
1573743740 2
1573743741 2
1573743837 2
1573743838 2
1573743839 2
1573743937 2
1573743938 2
1573743939 2
1573744035 2
1573744036 2
1573744037 2
1573744131 2
1573744132 2
1573744133 2
1573744229 2
1573744230 2
1573744231 2
1573744232 2
1573744327 2
1573744328 2
1573744329 2
1573744418 2
1573744419 2
1573744420 2
1573744421 2
1573744514 2
1573744515 2
1573744516 2
1573744621 2
1573744622 2
1573744623 2
1573744719 2
1573744720 2
1573744721 2
1573744722 2
1573744835 1
1573744836 1
1573744837 1
1573744925 2
1573744926 2
1573744927 2
1573744928 2
1573744929 1
1573744930 1
1573744931 1
1573744932 1
1573744933 1
1573744934 1
1573744935 2
1573744936 2
1573744937 2
1573744938 1
1573744939 1
1573744940 1
1573744941 2
1573744942 2
1573744943 2
1573744944 2
1573744945 2
1573744946 2
1573744947 2
1573744948 1
1573744949 2
1573744950 2
1573744951 2
1573744952 1
1573744953 1
1573744954 1
1573744955 1
1573744956 2
1573744957 2
1573744958 1
1573744959 2
1573744960 2
1573744961 2
1573744962 2
1573744963 2
1573744964 2
1573744965 2
1573744966 2
1573744967 2
1573744968 2
1573744969 2
1573744970 2
1573744971 2
1573744972 2
1573744973 2
1573745068 2
1573745069 2
1573745070 2
1573745071 2
1573745252 2
1573745253 2
1573745254 2
1573745451 2
1573745452 2
1573745453 2
1573745548 2
1573745549 2
1573745550 2
1573745748 2
1573745749 2
1573745750 2
1573745851 2
1573745852 2
1573745853 2
1573745948 2
1573745949 2
1573745950 2
1573746045 2
1573746046 2
1573746047 2
1573746244 2
1573746245 2
1573746246 2
1573746338 2
1573746339 2
1573746340 2
1573746341 2
1573746342 2
1573746343 2
1573746344 2
1573746345 2
1573746346 2
1573746445 2
1573746446 2
1573746447 2
1573746542 2
1573746543 2
1573746544 2
1573746637 2
1573746638 2
1573746639 2
1573746640 2
1573748958 2
1573748959 2
1573748960 2
1573749054 2
1573749055 2
1573749056 2
1573749267 2
1573749268 2
1573749269 2
1573749365 2
1573749366 2
1573749367 2
1573749500 2
1573749501 2
1573749502 2
1573749599 2
1573749600 2
1573749601 2
1573749798 2
1573749799 2
1573749800 2
