1572967770 2
1572967771 2
1572967772 2
1572967773 2
1572968755 2
1572968756 2
1572968757 2
1572968758 2
1572968759 2
1572969729 2
1572969730 2
1572969731 2
1572969732 2
1572970388 2
1572970389 2
1572970390 2
1572970391 2
1572971040 3
1572971041 2
1572971042 2
1572971043 2
1572971700 2
1572971701 2
1572971702 2
1572971703 2
1572972362 2
1572972363 2
1572972364 2
1572973073 2
1572973074 2
1572973075 2
1572973076 2
1572973727 2
1572973728 2
1572973729 2
1572973730 2
1572974377 2
1572974378 2
1572974379 2
1572974380 2
1572975432 2
1572975433 2
1572975434 2
1572975435 2
1572975763 2
1572975764 2
1572975765 2
1572975766 2
1572976134 2
1572976135 2
1572976136 2
1572976137 2
1572976513 2
1572976514 2
1572976515 2
1572976516 2
1572976844 2
1572976845 2
1572976846 2
1572977175 2
1572977176 2
1572977177 2
1572977178 2
1572977537 2
1572977538 2
1572977539 2
1572977540 2
1572977866 2
1572977867 2
1572977868 2
1572977869 2
1572978255 2
1572978256 2
1572978257 2
1572978258 2
