1579186576 2
1579186577 2
1579186578 2
1579186579 2
1579186925 2
1579186926 2
1579186927 2
1579187934 2
1579187935 2
1579187936 2
1579188267 2
1579188268 2
1579188269 2
1579188372 2
1579188373 2
1579188374 2
1579189248 2
1579189249 2
1579189250 2
1579189585 2
1579189586 2
1579189587 2
1579189588 2
1579189910 2
1579189911 2
1579189912 2
1579190249 2
1579190250 2
1579190251 2
1579190252 2
1579191360 2
1579191361 2
1579191362 2
1579191973 2
1579191974 2
1579191975 2
1579191976 2
1579192538 2
1579192539 2
1579192540 2
1579193708 2
1579193709 2
1579193710 2
1579194272 2
1579194273 2
1579194274 2
1579194275 2
1579194841 2
1579194842 2
1579194843 2
1579194844 2
1579195407 2
1579195408 2
1579195409 2
1579195996 2
1579195997 2
1579195998 2
1579196557 2
1579196558 2
1579196559 2
1579196560 2
