1572532319 2.617333661
1572532521 2.519329101
1572532726 2.5368667
1572533514 1.997247672
1572533852 2.092768221
1572534206 2.089604318
1572534553 2.119343023
1572534884 2.263104857
1572535233 2.053720718
1572535564 2.191965148
1572535899 1.969329185
1572536230 2.090891579
1572536594 2.150150745
1572537197 2.13987535
1572537851 2.094619301
1572538504 2.101580001
1572539160 2.22022117
1572539813 2.138544858
1572540720 2.036185845
1572541372 2.250726977
1572542022 2.256603511
1572542669 2.155617559
1572543314 2.21536597
1572544445 2.053458269
1572544783 2.101106131
1572544957 2.166586596
1572545131 2.087271733
