1579183986 2.145225132
1579184424 4.806062537
1579184696 2.295130941
1579184863 2.143534152
1579185025 1.913859798
1579185187 2.208311493
1579185362 1.810359183
1579185551 1.911275142
1579185732 1.885841351
1579185910 2.004807436
1579186099 1.830552476
1579186282 15.428421535
1579186609 2.191306061
1579187658 1.818175014
1579187966 1.878572418
1579188299 2.38559771
1579188423 1.710408077
1579188955 2.051352529
1579189628 2.128387906
1579189943 2.087428648
1579190282 2.06206002
1579190824 2.216812402
1579191440 1.96275557
1579192005 2.036335252
1579192570 1.83058092
1579193152 2.017640857
1579193740 1.746454416
1579194306 2.041061268
1579194875 1.91645941
1579195439 1.964468198
1579196028 2.059452321
