1574950727 2.951423279
1574951049 3.080993576
1574951437 3.247274214
1574951780 2.998583364
1574952099 3.192554876
1574952411 3.329948498
1574952826 3.302932468
1574953195 3.055023885
1574953505 3.162365636
1574953830 3.035309655
1574954159 3.020333138
1574954322 3.288983848
1574954498 3.036125036
1574954662 3.025069252
1574954847 3.076155108
1574955004 3.193226752
1574955263 3.164064775
1574955421 3.009430844
1574955581 3.14184879
1574955742 3.022661526
1574955999 3.200024748
1574956569 589.134316591
1574957236 38.774139787
1574957847 3.389135748
1574958439 3.217919541
1574959028 3.071327091
1574959632 3.324736831
1574960209 3.24407507
1574960822 3.165523677
1574961461 3.204860459
