1575556518 2.996397945
1575556679 3.214865385
1575556843 3.104100806
1575557023 3.2456791
1575557206 3.290100166
1575557390 3.153630215
1575557564 3.204176286
1575557738 3.335292136
1575558196 3.328673982
1575558385 3.25247078
1575558582 3.284165412
1575558894 3.137243352
1575559222 3.208739903
1575559532 3.315400589
1575559908 3.203454192
1575560236 3.199225872
1575560566 3.190340691
1575561098 3.325613173
1575561446 3.163182952
1575561802 3.249030825
1575562222 3.218213493
1575562930 3.217797673
1575563567 3.061708358
1575564181 3.229297545
1575564764 3.041311226
1575565331 3.203324051
1575565893 3.111092801
1575566486 3.147677114
1575567800 3.13271681
1575568411 3.111949954
