1574707146 0 
1574707147 0 
1574707148 0 
1574707149 0 
1569850060 0 
1569850061 0 
1569850062 0 
1569850063 2 
1569850064 2 
1569850065 1 
1569850821 0 
1569850822 0 
1569850823 0 
1569850824 0 
1569850825 1 
1569850826 1 
1569850827 2 
1569851079 0 
1569851080 0 
1569851081 0 
1569851082 2 
1569851083 2 
1569851084 1 
1569851283 0 
1569851284 0 
1569851285 0 
1569851286 1 
1569851287 1 
1569851288 2 
1569851633 0 
1569851634 0 
1569851635 0 
1569851636 0 
1569851637 0 
1569851638 0 
1569851846 0 
1569851847 0 
1569851848 0 
1569851849 0 
1569851850 0 
1569851851 0 
1569852075 0 
1569852076 0 
1569852077 0 
1569852078 0 
1569852079 0 
1569852300 0 
1569852301 0 
1569852302 0 
1569852303 0 
1569852304 0 
1569852536 0 
1569852537 0 
1569852538 0 
1569852539 0 
1569852540 0 
1569852541 0 
1569853175 0 
1569853176 0 
1569853177 0 
1569853178 0 
1569853179 0 
1569853180 0 
1569853181 0 
1569853464 0 
1569853465 0 
1569853466 0 
1569853467 0 
1569853468 0 
1569853469 0 
1569853470 0 
1570543184 0 
1570543185 0 
1570543186 0 
1570543187 0 
1570543188 0 
1570543189 0 
1570543190 0 
1570543546 0 
1570543547 0 
1570543548 0 
1570543549 0 
1570543550 0 
1570543756 0 
1570543757 0 
1570543758 0 
1570543759 0 
1570543760 0 
1570543761 0 
1570544673 0 
1570544674 0 
1570544675 0 
1570544676 0 
1570544677 0 
1570544678 0 
1570544932 0 
1570544933 0 
1570544934 0 
1570544935 0 
1570544936 0 
1570545133 0 
1570545134 0 
1570545135 0 
1570545136 0 
1570545137 0 
1570545349 0 
1570545350 0 
1570545351 0 
1570545352 0 
1570545353 0 
1570545354 0 
1571323057 0 
1571323058 0 
1571323059 0 
1571323060 0 
1571323061 0 
1571323062 0 
1571325174 0 
1571325175 0 
1571325176 2 
1571325177 4 
1571325178 3 
1571325179 7 
1571325371 1 
1571325372 3 
1571325373 3 
1571325374 3 
1571325375 6 
1571325576 0 
1571325577 2 
1571325578 4 
1571325579 4 
1571325580 5 
1571325581 7 
1571325776 0 
1571325777 0 
1571325778 3 
1571325779 4 
1571325780 6 
1571325781 5 
1571325972 0 
1571325973 0 
1571325974 3 
1571325975 4 
1571325976 5 
1571325977 5 
1571326864 0 
1571326865 0 
1571326866 4 
1571326867 3 
1571326868 2 
1571326869 5 
1571327080 0 
1571327081 0 
1571327082 3 
1571327083 2 
1571327084 2 
1571327085 5 
1571327289 0 
1571327290 1 
1571327291 4 
1571327292 5 
1571327293 4 
1571327294 4 
1571395966 0 
1571395967 0 
1571395968 0 
1571395969 0 
1571395970 0 
1571396150 0 
1571396151 0 
1571396152 0 
1571396153 0 
1571396154 0 
1571396155 0 
1571396156 0 
1571396157 0 
1571396158 0 
1571396159 0 
1571396160 0 
1571396161 0 
1571396162 0 
1571396163 0 
1571396164 0 
1571396165 0 
1571396166 0 
1571396167 0 
1571396168 0 
1571396361 0 
1571396362 0 
1571396363 0 
1571396364 0 
1571396365 0 
1571396366 0 
1571396559 0 
1571396560 0 
1571396561 0 
1571396562 0 
1571396563 0 
1571396564 0 
1571396759 0 
1571396760 0 
1571396761 0 
1571396762 0 
1571396763 0 
1571396984 0 
1571396985 0 
1571396986 0 
1571396987 0 
1571396988 0 
1571397175 0 
1571397176 0 
1571397177 0 
1571397178 0 
1571397179 0 
1571397180 0 
1571397181 0 
1571397182 0 
1571397183 0 
1571397184 0 
1571397185 0 
1571397186 0 
1571397187 0 
1571397188 0 
1571397189 0 
1571397190 0 
1571397191 0 
1571397192 0 
1571397193 0 
1571397194 0 
1571397390 0 
1571397391 0 
1571397392 0 
1571397393 0 
1571397394 0 
1571397395 0 
1571397587 0 
1571397588 0 
1571397589 0 
1571397590 0 
1571397591 0 
1571397771 0 
1571397772 0 
1571397773 0 
1571397774 0 
1571397775 0 
1571397776 0 
1571397777 0 
1571397778 0 
1571397779 0 
1571397780 0 
1571397781 0 
1571397782 0 
1571397783 0 
1571397784 0 
1571397785 0 
1571397786 0 
1571397787 0 
1571397788 0 
1571397789 0 
1571405032 0 
1571405033 0 
1571405034 0 
1571405035 0 
1571405036 0 
1571405037 0 
1571405231 0 
1571405232 0 
1571405233 0 
1571405234 0 
1571405235 0 
1571405428 0 
1571405429 0 
1571405430 0 
1571405431 0 
1571405432 0 
1571405433 0 
1571405661 0 
1571405662 0 
1571405663 0 
1571405664 0 
1571405665 0 
1571405666 1 
1571405861 0 
1571405862 0 
1571405863 0 
1571405864 0 
1571405865 0 
1571409078 0 
1571409079 0 
1571409080 3 
1571409081 2 
1571409082 4 
1571409083 5 
1571409281 0 
1571409282 3 
1571409283 5 
1571409284 4 
1571409285 5 
1571409482 0 
1571409483 1 
1571409484 5 
1571409485 2 
1571409486 6 
1571409699 0 
1571409700 3 
1571409701 3 
1571409702 4 
1571409703 6 
1571409897 1 
1571409898 0 
1571409899 4 
1571409900 4 
1571409901 6 
1571409902 8 
1571665011 0 
1571665012 0 
1571665013 0 
1571665014 0 
1571665015 0 
1571665016 0 
1571665226 0 
1571665227 0 
1571665228 0 
1571665229 0 
1571665230 0 
1571665231 0 
1571665421 0 
1571665422 0 
1571665423 0 
1571665424 0 
1571665425 0 
1571665615 0 
1571665616 0 
1571665617 0 
1571665618 0 
1571665619 0 
1571665810 0 
1571665811 0 
1571665812 0 
1571665813 0 
1571665814 0 
1571665815 0 
1571668227 0 
1571668228 0 
1571668229 3 
1571668230 2 
1571668231 3 
1571668232 5 
1571668426 0 
1571668427 0 
1571668428 3 
1571668429 3 
1571668430 3 
1571668431 4 
1571668630 0 
1571668631 0 
1571668632 3 
1571668633 5 
1571668634 4 
1571668635 4 
1571668825 0 
1571668826 3 
1571668827 2 
1571668828 5 
1571668829 7 
1571669025 0 
1571669026 0 
1571669027 3 
1571669028 4 
1571669029 7 
1571669030 5 
1571752098 0 
1571752099 0 
1571752100 0 
1571752101 0 
1571752102 0 
1571752294 0 
1571752295 0 
1571752296 0 
1571752297 0 
1571752298 0 
1571752493 0 
1571752494 0 
1571752495 0 
1571752496 0 
1571752497 0 
1571752498 0 
1571752698 0 
1571752699 0 
1571752700 0 
1571752701 0 
1571752702 0 
1571752894 0 
1571752895 0 
1571752896 0 
1571752897 0 
1571752898 0 
1571752899 0 
1571753088 0 
1571753089 0 
1571753090 0 
1571753091 0 
1571753092 0 
1571753093 0 
1571753286 0 
1571753287 0 
1571753288 0 
1571753289 0 
1571753290 0 
1571753483 0 
1571753484 0 
1571753485 0 
1571753486 0 
1571753487 0 
1571753681 0 
1571753682 0 
1571753683 0 
1571753684 0 
1571753685 0 
1571753878 0 
1571753879 0 
1571753880 0 
1571753881 0 
1571753882 0 
1571760235 0 
1571760236 0 
1571760237 0 
1571760238 0 
1571760239 0 
1571760240 0 
1571760433 0 
1571760434 0 
1571760435 0 
1571760436 0 
1571760437 0 
1571760635 0 
1571760636 0 
1571760637 0 
1571760638 0 
1571760639 0 
1571760832 0 
1571760833 0 
1571760834 0 
1571760835 0 
1571760836 0 
1571760837 0 
1571760838 0 
1571760839 0 
1571761033 0 
1571761034 0 
1571761035 0 
1571761036 0 
1571761037 0 
1571761038 0 
1571761241 0 
1571761242 0 
1571761243 0 
1571761244 0 
1571761245 0 
1571761440 0 
1571761441 0 
1571761442 0 
1571761443 0 
1571761444 0 
1571761635 0 
1571761636 0 
1571761637 0 
1571761638 0 
1571761639 0 
1571761831 0 
1571761832 0 
1571761833 0 
1571761834 0 
1571761835 0 
1571761836 0 
1571762039 0 
1571762040 0 
1571762041 0 
1571762042 0 
1571762043 0 
1572003341 0 
1572003342 0 
1572003343 0 
1572003344 0 
1572003345 0 
1572003537 0 
1572003538 0 
1572003539 0 
1572003540 0 
1572003541 0 
1572003542 0 
1572003733 0 
1572003734 0 
1572003735 0 
1572003736 0 
1572003737 0 
1572003738 0 
1572003931 0 
1572003932 0 
1572003933 0 
1572003934 0 
1572003935 0 
1572004127 0 
1572004128 0 
1572004129 0 
1572004130 0 
1572004131 0 
1572004132 0 
1572004323 0 
1572004324 0 
1572004325 0 
1572004326 0 
1572004327 0 
1572004328 0 
1572004517 0 
1572004518 0 
1572004519 0 
1572004520 0 
1572004521 0 
1572004522 0 
1572004716 0 
1572004717 0 
1572004718 0 
1572004719 0 
1572004720 0 
1572004721 0 
1572004919 0 
1572004920 0 
1572004921 0 
1572004922 0 
1572004923 0 
1572004924 0 
1572005117 0 
1572005118 0 
1572005119 0 
1572005120 0 
1572005121 0 
1572011318 0 
1572011319 0 
1572011320 0 
1572011321 0 
1572011322 0 
1572011323 0 
1572011515 0 
1572011516 0 
1572011517 0 
1572011518 0 
1572011519 2 
1572011712 0 
1572011713 0 
1572011714 0 
1572011715 0 
1572011716 0 
1572011717 0 
1572011718 0 
1572011719 0 
1572011720 0 
1572011909 0 
1572011910 0 
1572011911 0 
1572011912 0 
1572011913 0 
1572012105 0 
1572012106 0 
1572012107 0 
1572012108 0 
1572012109 0 
1572012302 0 
1572012303 0 
1572012304 0 
1572012305 0 
1572012306 0 
1572012497 0 
1572012498 0 
1572012499 0 
1572012500 0 
1572012501 0 
1572012502 0 
1572012691 0 
1572012692 0 
1572012693 0 
1572012694 0 
1572012695 0 
1572012886 0 
1572012887 0 
1572012888 0 
1572012889 0 
1572012890 0 
1572012891 0 
1572013080 0 
1572013081 0 
1572013082 0 
1572013083 0 
1572013084 0 
1572013085 0 
1572265140 0 
1572265141 0 
1572265142 0 
1572265143 0 
1572265144 2 
1572265338 0 
1572265339 0 
1572265340 0 
1572265341 0 
1572265342 0 
1572265343 0 
1572265344 0 
1572265535 0 
1572265536 0 
1572265537 0 
1572265538 0 
1572265539 0 
1572265540 0 
1572265733 0 
1572265734 0 
1572265735 0 
1572265736 0 
1572265737 0 
1572265738 0 
1572265939 0 
1572265940 0 
1572265941 0 
1572265942 0 
1572265943 0 
1572265944 0 
1572266140 0 
1572266141 0 
1572266142 0 
1572266143 0 
1572266144 0 
1572266145 0 
1572266338 0 
1572266339 0 
1572266340 0 
1572266341 0 
1572266342 0 
1572266343 0 
1572266344 0 
1572266539 0 
1572266540 0 
1572266541 0 
1572266542 0 
1572266543 1 
1572266737 0 
1572266738 0 
1572266739 0 
1572266740 0 
1572266741 0 
1572266941 0 
1572266942 0 
1572266943 0 
1572266944 0 
1572266945 0 
1572266946 0 
1572266947 0 
1572274193 0 
1572274194 3 
1572274195 3 
1572274196 5 
1572274197 1 
1572274366 0 
1572274367 2 
1572274368 4 
1572274369 6 
1572274370 6 
1572274535 0 
1572274536 2 
1572274537 3 
1572274538 2 
1572274707 0 
1572274708 0 
1572274709 4 
1572274710 3 
1572274711 5 
1572274876 0 
1572274877 1 
1572274878 4 
1572274879 3 
1572274880 3 
1572275045 1 
1572275046 3 
1572275047 4 
1572275048 7 
1572275217 0 
1572275218 4 
1572275219 4 
1572275220 5 
1572275394 1 
1572275395 1 
1572275396 3 
1572275397 3 
1572275398 6 
1572275562 0 
1572275563 3 
1572275564 2 
1572275565 4 
1572275566 8 
1572275736 0 
1572275737 3 
1572275738 6 
1572275739 5 
1572361355 0 
1572361356 0 
1572361357 0 
1572361358 0 
1572361359 0 
1572361360 0 
1572361551 0 
1572361552 0 
1572361553 0 
1572361554 0 
1572361555 0 
1572361745 0 
1572361746 0 
1572361747 0 
1572361748 0 
1572361749 0 
1572361940 0 
1572361941 0 
1572361942 0 
1572361943 0 
1572361944 0 
1572362139 0 
1572362140 0 
1572362141 0 
1572362142 0 
1572362143 0 
1572362144 0 
1572362333 0 
1572362334 0 
1572362335 0 
1572362336 0 
1572362337 0 
1572362338 0 
1572362529 0 
1572362530 0 
1572362531 0 
1572362532 0 
1572362533 0 
1572362534 0 
1572362729 0 
1572362730 0 
1572362731 0 
1572362732 0 
1572362733 0 
1572362924 0 
1572362925 0 
1572362926 0 
1572362927 0 
1572362928 0 
1572363119 0 
1572363120 0 
1572363121 0 
1572363122 0 
1572363123 0 
1572363124 0 
1572366985 0 
1572366986 0 
1572366987 0 
1572366988 0 
1572367153 0 
1572367154 0 
1572367155 0 
1572367156 0 
1572367157 0 
1572367325 0 
1572367326 0 
1572367327 0 
1572367328 0 
1572367491 0 
1572367492 0 
1572367493 0 
1572367494 0 
1572367673 0 
1572367674 0 
1572367675 0 
1572367676 0 
1572367677 0 
1572367851 0 
1572367852 0 
1572367853 0 
1572367854 0 
1572368019 0 
1572368020 0 
1572368021 0 
1572368022 0 
1572368023 0 
1572368188 0 
1572368189 0 
1572368190 0 
1572368191 0 
1572368192 0 
1572368355 0 
1572368356 0 
1572368357 0 
1572368358 0 
1572368520 0 
1572368521 0 
1572368522 0 
1572368523 0 
1572532470 0 
1572532471 0 
1572532472 0 
1572532473 0 
1572532474 0 
1572532475 0 
1572532671 0 
1572532672 0 
1572532673 0 
1572532674 0 
1572532675 0 
1572532876 0 
1572532877 0 
1572532878 0 
1572532879 0 
1572532880 0 
1572544572 0 
1572544573 3 
1572544574 2 
1572544575 5 
1572544576 7 
1572544741 0 
1572544742 3 
1572544743 6 
1572544744 6 
1572544912 0 
1572544913 3 
1572544914 4 
1572544915 5 
1572545085 0 
1572545086 4 
1572545087 6 
1572545088 7 
1572545257 0 
1572545258 0 
1572545259 3 
1572545260 6 
1572545261 7 
1572870087 0 
1572870088 0 
1572870089 0 
1572870090 0 
1572870304 0 
1572870305 0 
1572870306 0 
1572870307 0 
1572870308 0 
1572870487 0 
1572870488 0 
1572870489 0 
1572870490 0 
1572870707 0 
1572870708 0 
1572870709 0 
1572870710 0 
1572870711 1 
1572870876 0 
1572870877 0 
1572870878 0 
1572870879 0 
1572965468 0 
1572965469 0 
1572965470 0 
1572965471 0 
1572965472 0 
1572965634 0 
1572965635 0 
1572965636 0 
1572965637 0 
1572965801 0 
1572965802 0 
1572965803 0 
1572965804 0 
1572965805 0 
1572965970 0 
1572965971 0 
1572965972 0 
1572965973 0 
1572966142 0 
1572966143 0 
1572966144 0 
1572966145 1 
1572966308 0 
1572966309 0 
1572966310 0 
1572966311 0 
1572966312 0 
1572966479 0 
1572966480 0 
1572966481 0 
1572966482 0 
1572966483 0 
1572966662 0 
1572966663 0 
1572966664 0 
1572966665 0 
1572966666 0 
1572966842 0 
1572966843 0 
1572966844 0 
1572966845 0 
1572966846 0 
1572967006 0 
1572967007 0 
1572967008 0 
1572967009 0 
1572967010 0 
1573207114 0 
1573207115 0 
1573207116 0 
1573207117 0 
1573207282 0 
1573207283 0 
1573207284 0 
1573207285 0 
1573207451 0 
1573207452 0 
1573207453 0 
1573207454 0 
1573207455 0 
1573207616 0 
1573207617 0 
1573207618 0 
1573207619 0 
1573207786 0 
1573207787 0 
1573207788 0 
1573207789 0 
1573207790 0 
1573207953 0 
1573207954 0 
1573207955 0 
1573207956 0 
1573207957 0 
1573208120 0 
1573208121 0 
1573208122 0 
1573208123 0 
1573208124 0 
1573208286 0 
1573208287 0 
1573208288 0 
1573208289 0 
1573208454 0 
1573208455 0 
1573208456 0 
1573208457 0 
1573208458 0 
1573208619 0 
1573208620 0 
1573208621 0 
1573208622 0 
1573208623 0 
1573220355 0 
1573220356 0 
1573220357 0 
1573220358 0 
1573220359 0 
1573220522 0 
1573220523 0 
1573220524 0 
1573220525 0 
1573220526 0 
1573220690 0 
1573220691 0 
1573220692 0 
1573220693 0 
1573220859 0 
1573220860 0 
1573220861 0 
1573220862 0 
1573220863 0 
1573221027 0 
1573221028 0 
1573221029 0 
1573221030 0 
1573221193 0 
1573221194 0 
1573221195 0 
1573221196 0 
1573221197 0 
1573221358 0 
1573221359 0 
1573221360 0 
1573221361 0 
1573221528 0 
1573221529 0 
1573221530 0 
1573221531 0 
1573221695 0 
1573221696 0 
1573221697 0 
1573221698 0 
1573221864 0 
1573221865 0 
1573221866 0 
1573221867 0 
1573221868 0 
1573222052 0 
1573222053 0 
1573222054 0 
1573222055 0 
1573222056 0 
1573222223 0 
1573222224 0 
1573222225 0 
1573222226 0 
1573222390 0 
1573222391 0 
1573222392 0 
1573222393 0 
1573222725 0 
1573222726 0 
1573222727 0 
1573222728 0 
1573222729 0 
1573301203 0 
1573301204 0 
1573301205 0 
1573301206 0 
1573301207 0 
1573301372 0 
1573301373 0 
1573301374 0 
1573301375 0 
1573301554 0 
1573301555 0 
1573301556 0 
1573301557 0 
1573301558 0 
1573301722 0 
1573301723 0 
1573301724 0 
1573301725 0 
1573301726 0 
1573301909 0 
1573301910 0 
1573301911 0 
1573301912 0 
1573301913 0 
1573302088 0 
1573302089 0 
1573302090 0 
1573302091 0 
1573302092 0 
1573302256 0 
1573302257 0 
1573302258 0 
1573302259 0 
1573302430 0 
1573302431 0 
1573302432 0 
1573302433 0 
1573302599 0 
1573302600 0 
1573302601 0 
1573302602 0 
1573302782 0 
1573302783 0 
1573302784 0 
1573302785 0 
1573303915 0 
1573303916 0 
1573303917 0 
1573303918 0 
1573304079 0 
1573304080 0 
1573304081 0 
1573304082 0 
1573304240 0 
1573304241 0 
1573304242 0 
1573304243 0 
1573304244 0 
1573304407 0 
1573304408 0 
1573304409 0 
1573304410 0 
1573304565 0 
1573304566 0 
1573304567 0 
1573304568 0 
1573304732 0 
1573304733 0 
1573304734 0 
1573304735 0 
1573304891 0 
1573304892 0 
1573304893 0 
1573304894 0 
1573305051 0 
1573305052 0 
1573305053 0 
1573305054 0 
1573305055 1 
1573305212 0 
1573305213 1 
1573305214 4 
1573305215 4 
1573305372 0 
1573305373 1 
1573305374 3 
1573305375 1 
1573752544 0 
1573752545 0 
1573752546 0 
1573752547 0 
1573752548 0 
1573752804 0 
1573752805 0 
1573752806 0 
1573752807 0 
1573752808 0 
1573752809 0 
1573752961 0 
1573752962 0 
1573752963 0 
1573752964 0 
1573752965 0 
1573753121 0 
1573753122 0 
1573753123 0 
1573753124 0 
1573753125 1 
1573753278 0 
1573753279 0 
1573753280 0 
1573753281 0 
1573753433 0 
1573753434 0 
1573753435 0 
1573753436 0 
1573753437 0 
1573753438 0 
1573753591 0 
1573753592 1 
1573753593 0 
1573753594 4 
1573753744 0 
1573753745 1 
1573753746 3 
1573753747 7 
1573753906 0 
1573753907 0 
1573753908 3 
1573753909 4 
1573753910 2 
1573753911 6 
1573754726 0 
1573754727 0 
1573754728 3 
1573754729 6 
1573754730 7 
1573754886 0 
1573754887 3 
1573754888 5 
1573754889 3 
1573755047 0 
1573755048 0 
1573755049 0 
1573755050 1 
1573755051 2 
1573755052 2 
1573755053 5 
1573755213 0 
1573755214 3 
1573755215 3 
1573755216 3 
1573755217 3 
1573755376 0 
1573755377 1 
1573755378 2 
1573755379 4 
1573755533 0 
1573755534 0 
1573755535 0 
1573755536 0 
1573755688 0 
1573755689 0 
1573755690 0 
1573755691 0 
1573755846 0 
1573755847 0 
1573755848 0 
1573755849 0 
1573755850 0 
1573756004 0 
1573756005 0 
1573756006 0 
1573756007 0 
1573756161 0 
1573756162 0 
1573756163 0 
1573756164 0 
1573756165 0 
1573756166 0 
1573756167 0 
1573756168 0 
1573831469 0 
1573831470 0 
1573831471 0 
1573831472 0 
1573831627 0 
1573831628 0 
1573831629 0 
1573831630 0 
1573831786 0 
1573831787 0 
1573831788 0 
1573831789 0 
1573831958 0 
1573831959 0 
1573831960 0 
1573831961 0 
1573832110 0 
1573832111 0 
1573832112 0 
1573832113 0 
1573832272 0 
1573832273 0 
1573832274 0 
1573832275 0 
1573832276 0 
1573832430 0 
1573832431 0 
1573832432 0 
1573832433 0 
1573832592 0 
1573832593 0 
1573832594 0 
1573832595 0 
1573832748 0 
1573832749 0 
1573832750 0 
1573832751 0 
1573832904 0 
1573832905 0 
1573832906 0 
1573832907 0 
1573833099 0 
1573833100 0 
1573833101 0 
1573833102 0 
1573833255 0 
1573833256 0 
1573833257 0 
1573833258 0 
1573833419 0 
1573833420 0 
1573833421 0 
1573833422 0 
1573833576 0 
1573833577 0 
1573833578 0 
1573833579 0 
1573833580 0 
1573833734 0 
1573833735 0 
1573833736 0 
1573833737 0 
1573901108 0 
1573901109 0 
1573901110 0 
1573901111 0 
1573901266 0 
1573901267 0 
1573901268 0 
1573901269 0 
1573901270 0 
1573901422 0 
1573901423 0 
1573901424 0 
1573901425 0 
1573901580 0 
1573901581 0 
1573901582 0 
1573901583 0 
1573901584 0 
1573901585 0 
1573901586 0 
1573901738 0 
1573901739 0 
1573901740 0 
1573901741 0 
1573901742 0 
1573901894 0 
1573901895 0 
1573901896 0 
1573901897 0 
1573902048 0 
1573902049 0 
1573902050 0 
1573902051 0 
1573902206 0 
1573902207 0 
1573902208 0 
1573902209 0 
1573902210 0 
1573902363 0 
1573902364 0 
1573902365 0 
1573902366 0 
1573902519 0 
1573902520 0 
1573902521 0 
1573902522 0 
1574685839 0 
1574685840 0 
1574685841 0 
1574685842 0 
1574686038 0 
1574686039 0 
1574686040 0 
1574686041 0 
1574686042 0 
1574686199 0 
1574686200 0 
1574686201 0 
1574686202 0 
1574686362 0 
1574686363 0 
1574686364 0 
1574686365 0 
1574686366 0 
1574686367 0 
1574686519 0 
1574686520 0 
1574686521 0 
1574686522 0 
1574686523 0 
1574686684 0 
1574686685 0 
1574686686 0 
1574686687 0 
1574686688 0 
1574686850 0 
1574686851 0 
1574686852 0 
1574686853 0 
1574687036 0 
1574687037 0 
1574687038 0 
1574687039 0 
1574687211 0 
1574687212 0 
1574687213 0 
1574687214 0 
1574687215 0 
1574687374 0 
1574687375 0 
1574687376 0 
1574687377 0 
1574689703 0 
1574689704 0 
1574689705 0 
1574689706 0 
1574689921 0 
1574689922 0 
1574689923 0 
1574689924 0 
1574690089 0 
1574690090 0 
1574690091 0 
1574690092 0 
1574690093 0 
1574690094 0 
1574690258 0 
1574690259 0 
1574690260 0 
1574690261 0 
1574690262 0 
1574690263 0 
1574690429 0 
1574690430 0 
1574690431 0 
1574690432 0 
1574690588 0 
1574690589 0 
1574690590 0 
1574690591 0 
1574690592 0 
1574690760 0 
1574690761 0 
1574690762 0 
1574690763 0 
1574690918 0 
1574690919 0 
1574690920 0 
1574690921 0 
1574690922 0 
1574691104 0 
1574691105 0 
1574691106 0 
1574691107 0 
1574691108 0 
1574691109 0 
1574691283 0 
1574691284 0 
1574691285 0 
1574691286 0 
1574691287 0 
1574706904 0 
1574706905 1 
1574706906 2 
1574706907 3 
1574706908 4 
1574707146 0 
1574707147 0 
1574707148 0 
1574707149 0 
1574954250 0 
1574954251 0 
1574954252 0 
1574954253 0 
1574954254 0 
1574954414 0 
1574954415 0 
1574954416 0 
1574954417 0 
1574954591 0 
1574954592 0 
1574954593 0 
1574954594 0 
1574954595 0 
1574954754 0 
1574954755 0 
1574954756 0 
1574954757 0 
1574954758 0 
1574954939 0 
1574954940 0 
1574954941 0 
1574954942 0 
1574955096 0 
1574955097 0 
1574955098 0 
1574955099 0 
1574955100 0 
1574955353 0 
1574955354 0 
1574955355 0 
1574955356 0 
1574955357 0 
1574955513 0 
1574955514 0 
1574955515 0 
1574955516 0 
1574955517 0 
1574955672 0 
1574955673 0 
1574955674 0 
1574955675 0 
1574955833 0 
1574955834 0 
1574955835 0 
1574955836 0 
1575026581 0 
1575026582 0 
1575026583 0 
1575026584 0 
1575026741 0 
1575026742 0 
1575026743 0 
1575026744 0 
1575026902 0 
1575026903 0 
1575026904 0 
1575026905 0 
1575027063 0 
1575027064 0 
1575027065 0 
1575027066 0 
1575027067 0 
1575027227 0 
1575027228 0 
1575027229 0 
1575027230 0 
1575027231 0 
1575027391 0 
1575027392 0 
1575027393 0 
1575027394 0 
1575027554 0 
1575027555 0 
1575027556 0 
1575027557 0 
1575027712 0 
1575027713 0 
1575027714 0 
1575027715 0 
1575027716 0 
1575027876 0 
1575027877 0 
1575027878 0 
1575027879 0 
1575027880 0 
1575027881 0 
1575028040 0 
1575028041 0 
1575028042 0 
1575028043 0 
1575112896 0 
1575112897 0 
1575112898 0 
1575112899 0 
1575112900 0 
1575113061 0 
1575113062 0 
1575113063 0 
1575113064 0 
1575113065 0 
1575113218 0 
1575113219 0 
1575113220 0 
1575113221 0 
1575113381 0 
1575113382 0 
1575113383 0 
1575113384 0 
1575113385 0 
1575113539 0 
1575113540 0 
1575113541 0 
1575113542 0 
1575113698 0 
1575113699 0 
1575113700 0 
1575113701 0 
1575113702 0 
1575113855 0 
1575113856 0 
1575113857 0 
1575113858 0 
1575113859 0 
1575114013 0 
1575114014 0 
1575114015 0 
1575114016 0 
1575114176 0 
1575114177 0 
1575114178 0 
1575114179 0 
1575114337 0 
1575114338 0 
1575114339 0 
1575114340 0 
1575289827 0 
1575289828 0 
1575289829 0 
1575289830 0 
1575289831 0 
1575289832 0 
1575289992 0 
1575289993 0 
1575289994 0 
1575289995 0 
1575289996 0 
1575290160 0 
1575290161 0 
1575290162 0 
1575290163 0 
1575290164 0 
1575290349 0 
1575290350 0 
1575290351 0 
1575290352 0 
1575290517 0 
1575290518 0 
1575290519 0 
1575290520 0 
1575290693 0 
1575290694 0 
1575290695 0 
1575290696 0 
1575290860 0 
1575290861 0 
1575290862 0 
1575290863 0 
1575291015 0 
1575291016 0 
1575291017 0 
1575291018 0 
1575291178 0 
1575291179 0 
1575291180 0 
1575291181 0 
1575291339 0 
1575291340 0 
1575291341 0 
1575291342 0 
1575384226 0 
1575384227 0 
1575384228 0 
1575384229 0 
1575384230 0 
1575384388 0 
1575384389 0 
1575384390 0 
1575384391 0 
1575384392 0 
1575384547 0 
1575384548 0 
1575384549 0 
1575384550 0 
1575384709 0 
1575384710 0 
1575384711 0 
1575384712 0 
1575384713 0 
1575384870 0 
1575384871 0 
1575384872 0 
1575384873 0 
1575385017 0 
1575385018 0 
1575385019 0 
1575385020 0 
1575385021 0 
1575385022 0 
1575385023 0 
1575385024 0 
1575385025 0 
1575385026 0 
1575385027 0 
1575385028 0 
1575385029 0 
1575385030 0 
1575385031 0 
1575385032 0 
1575385033 0 
1575385188 0 
1575385189 0 
1575385190 0 
1575385191 0 
1575385192 0 
1575385348 0 
1575385349 0 
1575385350 0 
1575385351 0 
1575385512 0 
1575385513 0 
1575385514 0 
1575385515 0 
1575385671 0 
1575385672 0 
1575385673 0 
1575385674 0 
1575385675 0 
1575556608 0 
1575556609 0 
1575556610 0 
1575556611 0 
1575556769 0 
1575556770 0 
1575556771 0 
1575556772 0 
1575556773 0 
1575556944 0 
1575556945 0 
1575556946 0 
1575556947 0 
1575557127 0 
1575557128 0 
1575557129 0 
1575557130 0 
1575557298 0 
1575557299 0 
1575557300 0 
1575557301 0 
1575557302 0 
1575557481 0 
1575557482 0 
1575557483 0 
1575557484 0 
1575557656 0 
1575557657 0 
1575557658 0 
1575557659 0 
1575557829 0 
1575557830 0 
1575557831 0 
1575557832 0 
1575558289 0 
1575558290 0 
1575558291 0 
1575558292 0 
1575558474 0 
1575558475 0 
1575558476 0 
1575558477 0 
1579184107 0 
1579184108 3 
1579184109 4 
1579184110 7 
1579184822 0 
1579184823 0 
1579184824 0 
1579184825 0 
1579184985 0 
1579184986 0 
1579184987 0 
1579184988 0 
1579185147 0 
1579185148 0 
1579185149 0 
1579185150 0 
1579185151 0 
1579185321 0 
1579185322 0 
1579185323 0 
1579185324 0 
1579185325 0 
1579185326 0 
1579185327 0 
1579185498 0 
1579185499 0 
1579185500 0 
1579185501 0 
1579185502 0 
1579185680 0 
1579185681 0 
1579185682 0 
1579185683 0 
1579185863 0 
1579185864 0 
1579185865 0 
1579185866 0 
1579185867 0 
1579185868 0 
1579186048 0 
1579186049 0 
1579186050 0 
1579186051 0 
1579186052 0 
1579186219 0 
1579186220 0 
1579186221 0 
1579186222 0 
1579351844 0 
1579351845 0 
1579351846 0 
1579351847 0 
1579352004 0 
1579352005 0 
1579352006 0 
1579352007 0 
1579352164 0 
1579352165 0 
1579352166 0 
1579352167 0 
1579352168 0 
1579352325 0 
1579352326 0 
1579352327 0 
1579352328 0 
1579352329 0 
1579352488 0 
1579352489 0 
1579352490 0 
1579352491 0 
1579352652 0 
1579352653 0 
1579352654 0 
1579352655 0 
1579352656 0 
1579352809 0 
1579352810 0 
1579352811 0 
1579352812 1 
1579352972 0 
1579352973 0 
1579352974 0 
1579352975 0 
1579352976 0 
1579353134 0 
1579353135 0 
1579353136 0 
1579353137 0 
1579354001 0 
1579354002 0 
1579354003 0 
1579354004 0 
1579354005 1 
1579522925 0 
1579522926 0 
1579522927 0 
1579522928 0 
1579523128 0 
1579523129 0 
1579523130 0 
1579523131 0 
1579523319 0 
1579523320 0 
1579523321 0 
1579523322 0 
1579523323 0 
1579523483 0 
1579523484 0 
1579523485 0 
1579523486 0 
1579523658 0 
1579523659 0 
1579523660 0 
1579523661 0 
1579523840 0 
1579523841 0 
1579523842 0 
1579523843 0 
1579524021 0 
1579524022 0 
1579524023 0 
1579524024 0 
1579524208 0 
1579524209 0 
1579524210 0 
1579524211 0 
1579524212 0 
1579524213 0 
1579524378 0 
1579524379 0 
1579524380 0 
1579524381 0 
1579524382 0 
1579524544 0 
1579524545 0 
1579524546 0 
1579524547 0 
1579524548 0 
1579537530 0 
1579537531 0 
1579537532 0 
1579537533 0 
1580215403 0 
1580215404 0 
1580215405 0 
1580215406 0 
1580215407 0 
1580215408 0 
1580215574 0 
1580215575 0 
1580215576 0 
1580215577 0 
1580215736 0 
1580215737 0 
1580215738 0 
1580215739 0 
1580215896 0 
1580215897 0 
1580215898 0 
1580215899 0 
1580216056 0 
1580216057 0 
1580216058 0 
1580216059 0 
1580216219 0 
1580216220 0 
1580216221 0 
1580216222 0 
1580216378 0 
1580216379 0 
1580216380 0 
1580216381 0 
1580216382 0 
1580216542 0 
1580216543 0 
1580216544 0 
1580216545 0 
1580216546 0 
1580216702 0 
1580216703 0 
1580216704 0 
1580216705 0 
1580216706 0 
1580216883 0 
1580216884 0 
1580216885 0 
1580216886 0 
1580216887 0 
1580304791 0 
1580304792 0 
1580304793 0 
1580304794 0 
1580305110 0 
1580305111 0 
1580305112 0 
1580305113 0 
1580305114 0 
1580305271 0 
1580305272 0 
1580305273 0 
1580305274 0 
1580305454 0 
1580305455 0 
1580305456 0 
1580305457 0 
1580305617 0 
1580305618 0 
1580305619 0 
1580305620 0 
1580305621 0 
1580305778 0 
1580305779 0 
1580305780 0 
1580305781 0 
1580305935 0 
1580305936 0 
1580305937 0 
1580305938 0 
1580305939 0 
1580306091 0 
1580306092 0 
1580306093 0 
1580306094 0 
1580306252 0 
1580306253 0 
1580306254 0 
1580306255 0 
1580306256 0 
1581935292 0 
1581935293 0 
1581935294 0 
1581935295 0 
1581935449 0 
1581935450 0 
1581935451 0 
1581935452 0 
1581935611 0 
1581935612 0 
1581935613 0 
1581935614 0 
1581935615 0 
1581935616 0 
1581935777 0 
1581935778 0 
1581935779 0 
1581935780 0 
1581935944 0 
1581935945 0 
1581935946 0 
1581935947 0 
1581936115 0 
1581936116 0 
1581936117 0 
1581936118 0 
1581936286 0 
1581936287 0 
1581936288 0 
1581936289 0 
1581936449 0 
1581936450 0 
1581936451 0 
1581936452 0 
1581936607 0 
1581936608 0 
1581936609 0 
1581936610 1 
1581936784 0 
1581936785 0 
1581936786 0 
1581936787 0 
1582026966 0 
1582026967 0 
1582026968 0 
1582026969 0 
1582027127 0 
1582027128 0 
1582027129 0 
1582027130 0 
1582027294 0 
1582027295 0 
1582027296 0 
1582027297 0 
1582027461 0 
1582027462 0 
1582027463 0 
1582027464 0 
1582027465 0 
1582027872 0 
1582027873 0 
1582027874 0 
1582027875 0 
1582027876 0 
1582028039 0 
1582028040 0 
1582028041 0 
1582028042 0 
1582028205 0 
1582028206 0 
1582028207 0 
1582028208 0 
1582028209 0 
1582028374 0 
1582028375 0 
1582028376 0 
1582028377 0 
1582028378 0 
1582028379 0 
1582028380 0 
1582028544 0 
1582028545 0 
1582028546 0 
1582028547 0 
1582028712 0 
1582028713 0 
1582028714 0 
1582028715 0 
1582028716 0 
1582113187 0 
1582113188 0 
1582113189 0 
1582113190 0 
1582113348 0 
1582113349 0 
1582113350 0 
1582113351 0 
1582113352 0 
1582113353 1 
1582113514 0 
1582113515 0 
1582113516 0 
1582113517 0 
1582113518 0 
1582113519 0 
1582113667 0 
1582113668 0 
1582113669 0 
1582113670 0 
1582113671 0 
1582113672 0 
1582113673 0 
1582113674 0 
1582113675 0 
1582113676 0 
1582113677 0 
1582113678 0 
1582113679 0 
1582113680 0 
1582113681 0 
1582113682 0 
1582113683 0 
1582113684 0 
1582113685 0 
1582113686 0 
1582114022 0 
1582114023 0 
1582114024 0 
1582114025 0 
1582114026 0 
1582114184 0 
1582114185 0 
1582114186 0 
1582114187 0 
1582114188 0 
1582114189 0 
1582114347 0 
1582114348 0 
1582114349 0 
1582114350 0 
1582114512 0 
1582114513 0 
1582114514 0 
1582114515 0 
1582114516 0 
1582114677 0 
1582114678 0 
1582114679 0 
1582114680 0 
1582114681 0 
1582114838 0 
1582114839 0 
1582114840 0 
1582114841 0 
1582114842 0 
1582114843 0 
1582115008 0 
1582115009 0 
1582115010 0 
1582115011 0 
1582115168 0 
1582115169 0 
1582115170 0 
1582115171 0 
1582115172 1 
1582115336 0 
1582115337 0 
1582115338 0 
1582115339 0 
1582115340 0 
1582115498 0 
1582115499 0 
1582115500 0 
1582115501 0 
1582115502 0 
1582115662 0 
1582115663 0 
1582115664 0 
1582115665 0 
1582115825 0 
1582115826 0 
1582115827 0 
1582115828 0 
1582115988 0 
1582115989 0 
1582115990 0 
1582115991 0 
1582115992 0 
1582116169 0 
1582116170 0 
1582116171 0 
1582116172 0 
1582116383 0 
1582116384 0 
1582116385 0 
1582116561 0 
1582116562 0 
1582116563 0 
1582116564 0 
1582116725 0 
1582116726 0 
1582116727 0 
1582116728 0 
1582116729 0 
1582119046 0 
1582119047 0 
1582119048 0 
1582119049 0 
1582119207 0 
1582119208 0 
1582119209 0 
1582119210 0 
1582119211 0 
1582119212 0 
1582119380 0 
1582119381 0 
1582119382 0 
1582119383 0 
1582119384 0 
1582119385 0 
1582119555 0 
1582119556 0 
1582119557 0 
1582119558 0 
1582119559 0 
1582119560 0 
1582119730 0 
1582119731 0 
1582119732 0 
1582119733 0 
1582119891 0 
1582119892 0 
1582119893 0 
1582119894 0 
1582120068 0 
1582120069 0 
1582120070 0 
1582120071 0 
1582120072 0 
1582120073 0 
1582120240 0 
1582120241 0 
1582120242 0 
1582120243 0 
1582120244 0 
1582120960 0 
1582120961 0 
1582120962 0 
1582120963 0 
1582121127 0 
1582121128 0 
1582121129 0 
1582121130 0 
1582121371 0 
1582121372 1 
1582121373 3 
1582121374 0 
1582121375 1 
1582125061 0 
1582125062 0 
1582125063 0 
1582125064 0 
1582125065 0 
1582125276 0 
1582125277 0 
1582125278 0 
1582125279 0 
1582125726 0 
1582125727 0 
1582125728 0 
1582125729 0 
1582125907 0 
1582125908 0 
1582125909 0 
1582125910 0 
1582125911 0 
1582125912 0 
1582125913 0 
1582125914 0 
1582125915 0 
1582125916 0 
1582125917 0 
1582125918 0 
1582125919 0 
1582125920 0 
1582125921 0 
1582125922 0 
1582125923 0 
1582125924 0 
1582126085 0 
1582126086 0 
1582126087 0 
1582126088 0 
1582126089 0 
1582126253 0 
1582126254 0 
1582126255 0 
1582126256 0 
1582126257 0 
1582126416 0 
1582126417 0 
1582126418 0 
1582126419 0 
1582126420 0 
1582126421 0 
1582126584 0 
1582126585 0 
1582126586 0 
1582126587 0 
1582126747 0 
1582126748 0 
1582126749 0 
1582126750 0 
1582126751 0 
1582126752 0 
1582126910 0 
1582126911 0 
1582126912 0 
1582126913 0 
1582127071 0 
1582127072 0 
1582127073 0 
1582127074 0 
1582127236 0 
1582127237 0 
1582127238 0 
1582127239 0 
1582127405 0 
1582127406 0 
1582127407 0 
1582127408 0 
1582127409 0 
1582127571 0 
1582127572 0 
1582127573 0 
1582127574 0 
1582127734 0 
1582127735 0 
1582127736 0 
1582127737 0 
1582127897 0 
1582127898 0 
1582127899 0 
1582127900 0 
1582127901 0 
1582128058 0 
1582128059 0 
1582128060 0 
1582128061 0 
1582128224 0 
1582128225 0 
1582128226 0 
1582128227 0 
1582128228 0 
1582128403 0 
1582128404 0 
1582128405 0 
1582128406 0 
1582128565 0 
1582128566 0 
1582128567 0 
1582128568 0 
1582128569 0 
1582128729 0 
1582128730 0 
1582128731 0 
1582128732 0 
1582128733 0 
1582128894 0 
1582128895 0 
1582128896 0 
1582128897 0 
1582128898 0 
1582129061 0 
1582129062 0 
1582129063 0 
1582129064 0 
1582129228 0 
1582129229 0 
1582129230 0 
1582129231 0 
1582129387 0 
1582129388 0 
1582129389 0 
1582129390 0 
1582129548 0 
1582129549 0 
1582129550 0 
1582129551 0 
1582129552 0 
1582129711 0 
1582129712 0 
1582129713 0 
1582129714 0 
1582185137 0 
1582185138 0 
1582185139 0 
1582185140 0 
1582185317 0 
1582185318 0 
1582185319 0 
1582185320 0 
1582185321 0 
1582185322 0 
1582186049 0 
1582186050 3 
1582186051 3 
1582186052 3 
1582186208 0 
1582186209 3 
1582186210 5 
1582186211 7 
1582186944 0 
1582186945 3 
1582186946 4 
1582186947 6 
1582187905 1 
1582187906 3 
1582187907 5 
1582187908 6 
1582188066 0 
1582188067 0 
1582188068 0 
1582188069 0 
1582188224 0 
1582188225 0 
1582188226 0 
1582188384 0 
1582188385 1 
1582188386 4 
1582188387 6 
1582188388 5 
1582193835 0 
1582193836 0 
1582193837 0 
1582193998 0 
1582193999 0 
1582194000 0 
1582194001 0 
1582194162 0 
1582194163 0 
1582194164 0 
1582194165 0 
1582194319 0 
1582194320 0 
1582194321 0 
1582194322 0 
1582194480 0 
1582194481 0 
1582194482 0 
1582194483 0 
1582194644 0 
1582194645 0 
1582194646 0 
1582194647 0 
1582194810 0 
1582194811 0 
1582194812 0 
1582194813 0 
1582194973 0 
1582194974 0 
1582194975 0 
1582194976 0 
1582195134 0 
1582195135 0 
1582195136 0 
1582195137 0 
1582195297 0 
1582195298 0 
1582195299 0 
1582195300 0 
1582195301 0 
1582195792 0 
1582195793 0 
1582195794 0 
1582195795 0 
1582195950 0 
1582195951 0 
1582195952 0 
1582195953 0 
1582195954 0 
1582196108 0 
1582196109 0 
1582196110 0 
1582196111 0 
1582196267 0 
1582196268 0 
1582196269 0 
1582196270 0 
1582196271 1 
1582196427 0 
1582196428 0 
1582196429 0 
1582196430 0 
1582196586 0 
1582196587 0 
1582196588 0 
1582196589 0 
1582196744 0 
1582196745 0 
1582196746 0 
1582196747 0 
1582196904 0 
1582196905 0 
1582196906 0 
1582196907 0 
1582197066 0 
1582197067 0 
1582197068 0 
1582197069 0 
1582197233 0 
1582197234 0 
1582197235 0 
1582197236 0 
1582197237 0 
1582197388 0 
1582197389 0 
1582197390 0 
1582197391 0 
1582197565 0 
1582197566 0 
1582197567 0 
1582197568 0 
1582197726 0 
1582197727 0 
1582197728 0 
1582197729 0 
1582197883 0 
1582197884 0 
1582197885 0 
1582197886 0 
1582198042 0 
1582198043 0 
1582198044 0 
1582198045 0 
1582198198 0 
1582198199 0 
1582198200 0 
1582198201 0 
1582198202 1 
1582198360 0 
1582198361 0 
1582198362 0 
1582198363 0 
1582198519 0 
1582198520 0 
1582198521 0 
1582198798 0 
1582198799 0 
1582198800 0 
1582198801 2 
1582199151 0 
1582199152 0 
1582199153 0 
1582199154 0 
1582631615 0 
1582631616 0 
1582631617 0 
1582631618 0 
1582631772 0 
1582631773 0 
1582631774 0 
1582631775 0 
1582631928 0 
1582631929 0 
1582631930 0 
1582631931 0 
1582631932 0 
1582632086 0 
1582632087 0 
1582632088 0 
1582632089 0 
1582632243 0 
1582632244 0 
1582632245 0 
1582632246 0 
1582632402 0 
1582632403 0 
1582632404 0 
1582632405 0 
1582632566 0 
1582632567 0 
1582632568 0 
1582632569 0 
1582632726 0 
1582632727 0 
1582632728 0 
1582632729 0 
1582632886 0 
1582632887 0 
1582632888 0 
1582632889 0 
1582884585 0 
1582884586 0 
1582884587 0 
1582884588 0 
1582884589 0 
1582884763 0 
1582884764 0 
1582884765 0 
1582884766 0 
1582884931 0 
1582884932 0 
1582884933 0 
1582884934 0 
1582885095 0 
1582885096 0 
1582885097 0 
1582885098 0 
1582885260 0 
1582885261 0 
1582885262 0 
1582885263 0 
1582885422 0 
1582885423 0 
1582885424 0 
1582885425 0 
1582885581 0 
1582885582 0 
1582885583 0 
1582885584 0 
1582885743 0 
1582885744 0 
1582885745 0 
1582885746 0 
1582885908 0 
1582885909 0 
1582885910 0 
1582885911 0 
1582886066 0 
1582886067 0 
1582886068 0 
1582886069 0 