1575556549 5
1575556550 7
1575556551 7
1575556552 6
1575556709 5
1575556710 8
1575556711 6
1575556712 5
1575556713 7
1575556875 6
1575556876 6
1575556877 7
1575556878 7
1575556879 6
1575557060 7
1575557061 6
1575557062 6
1575557063 6
1575557064 6
1575557065 6
1575557066 6
1575557067 6
1575557068 6
1575557069 5
1575557070 6
1575557236 5
1575557237 6
1575557238 7
1575557239 6
1575557240 6
1575557421 7
1575557422 8
1575557423 6
1575557424 8
1575557594 4
1575557595 6
1575557596 7
1575557597 6
1575557598 7
1575557768 6
1575557769 7
1575557770 8
1575557771 6
1575557772 7
1575558226 5
1575558227 6
1575558228 7
1575558229 6
1575558230 7
1575558415 6
1575558416 7
1575558417 5
1575558418 7
