1579184046 3
1579184047 6
1579184048 6
1579184049 7
1579184762 3
1579184763 6
1579184764 6
1579184765 5
1579184923 5
1579184924 6
1579184925 6
1579184926 6
1579185085 3
1579185086 5
1579185087 6
1579185088 7
1579185089 7
1579185260 4
1579185261 6
1579185262 6
1579185263 6
1579185437 3
1579185438 6
1579185439 6
1579185440 7
1579185620 4
1579185621 5
1579185622 6
1579185623 6
1579185624 8
1579185794 4
1579185795 5
1579185796 4
1579185797 5
1579185798 5
1579185799 5
1579185800 4
1579185801 4
1579185802 4
1579185803 4
1579185987 3
1579185988 6
1579185989 4
1579185990 6
1579186159 4
1579186160 5
1579186161 6
1579186162 7
1579186163 8
