1579359581 2
1579359582 2
1579359583 2
1579359584 2
1579360158 2
1579360159 2
1579360160 2
1579360161 2
1579360718 2
1579360719 2
1579360720 2
1579360721 2
1579361274 2
1579361275 2
1579361276 2
1579361277 2
1579361830 2
1579361831 2
1579361832 2
1579361833 2
1579362384 2
1579362385 2
1579362386 2
1579362387 2
1579362941 2
1579362942 2
1579362943 2
1579362944 2
1579363507 2
1579363508 2
1579363509 2
1579363510 2
1579364074 2
1579364075 2
1579364076 2
1579364077 2
1579364633 2
1579364634 2
1579364635 2
1579364636 2
