1572871482 2
1572871483 2
1572871484 2
1572871485 2
1572871486 2
1572872133 2
1572872134 2
1572872135 2
1572872136 2
1572872137 2
1572872811 2
1572872812 2
1572872813 2
1572872814 2
1572872815 2
1572873463 3
1572873464 2
1572873465 2
1572873466 2
1572874120 2
1572874121 3
1572874122 2
1572874123 2
1572874124 2
1572875185 2
1572875186 2
1572875187 2
1572875188 2
1572875189 2
1572876039 2
1572876040 2
1572876041 2
1572876042 2
1572877266 2
1572877267 2
1572877268 2
1572877269 2
1572877921 2
1572877922 2
1572877923 2
1572877924 2
1572879160 2
1572879161 2
1572879162 2
1572879163 2
