1574710604 0 
1574707025 0 
1574707026 0 
1569849903 0 
1569849904 0 
1569850108 0 
1569850109 0 
1569850918 0 
1569850919 0 
1569851126 0 
1569851127 0 
1569851128 0 
1569851462 0 
1569851463 0 
1569851683 0 
1569851684 0 
1569851908 0 
1569851909 1 
1569851910 0 
1569851911 0 
1569851912 0 
1569851913 0 
1569852141 0 
1569852142 1 
1569852143 1 
1569852380 0 
1569852381 1 
1569852596 0 
1569852597 1 
1569852598 1 
1569853299 0 
1569853300 1 
1569853538 0 
1569853539 1 
1569854179 0 
1569854180 0 
1569854181 0 
1569855137 0 
1569855138 0 
1569855139 0 
1569855583 1 