1579351731 3.276072231
1579351898 3.46528907
1579352059 3.281870556
1579352220 3.24363942
1579352382 3.336306174
1579352547 3.319842402
1579352704 3.286522215
1579352866 3.263095489
1579353029 3.3764149
1579353191 3.351139942
1579354073 3.319434548
1579354380 3.25253076
1579354691 3.459464166
1579355002 3.338595775
1579355309 3.420606516
1579355619 3.554646838
1579355928 3.847618403
1579356233 3.316900195
1579356540 3.588674692
1579356845 3.750171625
1579359253 3.29293385
1579359825 3.263635046
1579360389 3.114739334
1579360947 3.322078901
1579361503 3.374304998
1579362057 3.208300444
1579362612 3.375751353
1579363173 3.385289743
1579363742 3.174464357
1579364302 3.407445004
