1582034980 0.948911902
1582035852 1.014277591
1582036457 1.02480284
1582037667 1.112852426
1582037993 0.0
1582037993 0.0
1582037993 0.0
1582037993 0.0
1582037993 0.0
1582038591 0.0
1582038591 0.0
1582038591 0.0
1582038591 0.0
1582038591 0.0
1582038850 0.812455749
1582041483 0.0
1582041484 0.0
1582041484 0.0
1582041763 0.980908788
1582042093 0.0
1582042093 0.0
1582042093 0.0
1582042093 0.0
1582042093 0.0
1582042093 0.0
1582042093 0.0
1582042093 0.0
1582042093 0.0
1582042093 0.0
1582043965 0.962314597
