1575030840 1
1575030841 2
1575030842 3
1575030843 4
1575030844 3
1575030845 3
1575030846 4
1575030847 3
1575030848 5
1575030849 4
1575030850 4
1575030851 3
1575030852 3
1575030853 3
1575030854 3
1575030855 3
1575030856 3
1575030857 3
1575030858 3
1575030859 3
1575030860 4
1575030861 4
1575030862 4
1575030863 4
1575030864 4
1575030865 3
1575030866 3
1575030867 3
1575030868 3
1575030869 3
1575030870 3
1575030871 4
1575030872 4
1575030873 4
1575030874 3
1575030875 2
1575030876 2
1575030877 5
1575030878 4
1575030879 5
1575030880 3
1575030881 3
1575030882 3
1575030883 5
1575030884 4
1575030885 5
1575030886 3
1575030887 3
1575030888 3
1575030889 2
1575030890 2
1575030891 2
1575030892 3
1575030893 5
1575030894 5
1575030895 5
1575030896 4
1575030897 4
1575030898 4
1575030899 5
1575030900 4
1575030901 3
1575030902 2
1575030903 2
1575030904 2
1575030905 2
1575030906 2
1575030907 2
1575030908 2
1575030909 2
1575030910 2
1575030911 2
1575030912 2
1575030913 2
1575030914 2
1575030915 2
1575030916 2
1575030917 2
1575030918 2
1575030919 2
1575030920 2
1575030921 2
1575030922 2
1575030923 2
1575030924 2
1575030925 2
1575030926 2
1575030927 2
1575030928 2
1575030929 2
1575030930 2
1575030931 2
1575030932 2
1575030933 3
1575030934 4
1575030935 5
1575030936 4
1575030937 4
1575030938 4
1575030939 4
1575030940 4
1575030941 4
1575030942 4
1575030943 4
1575030944 4
1575030945 4
1575030946 4
1575030947 4
1575030948 5
1575030949 3
1575030950 3
1575030951 5
1575030952 5
1575030953 5
1575030954 5
1575030955 5
1575030956 5
1575030957 3
1575030958 2
1575030959 2
1575030960 2
1575030961 2
1575030962 2
1575030963 2
1575030964 2
1575030965 2
1575030966 2
1575030967 2
1575030968 2
1575030969 2
1575030970 2
1575030971 2
1575030972 2
1575030973 2
1575030974 2
1575030975 2
1575030976 2
1575030977 2
1575030978 2
1575030979 2
1575030980 2
1575030981 2
1575030982 2
1575030983 2
1575030984 2
1575030985 2
1575030986 2
1575030987 2
1575030988 3
1575030989 3
1575030990 3
1575030991 3
1575030992 3
1575030993 3
1575030994 3
1575030995 3
1575030996 3
1575030997 3
1575030998 4
1575030999 3
1575031000 2
