1582889081 3.643733412
1582889084 0.0
1582889084 0.0
1582889084 0.0
1582889084 0.0
1582889084 0.0
1582889084 0.0
1582889084 0.0
1582889084 0.0
1582889084 0.0
1582889085 0.0
1582889085 0.0
1582889085 0.0
1582889085 0.0
1582889085 0.0
1582889085 0.0
1582889085 0.0
1582889085 0.0
1582889085 0.0
1582889085 0.0
1582889085 0.0
1582889085 0.0
1582889085 0.0
1582889085 0.0
1582889085 0.0
1582889085 0.0
1582889085 0.0
1582889085 0.0
1582889085 0.0
1582889085 0.0
1582889085 0.0
1582889085 0.0
1582889085 0.0
1582889085 0.0
1582889085 0.0
1582889085 0.0
1582889085 0.0
1582889085 0.0
1582889085 0.0
1582889085 0.0
1582889085 0.0
1582889085 0.0
