1582026869 4.224109324
1582027031 4.030385357
1582027192 4.942728924
1582027362 4.442653693
1582027774 4.288405148
1582027938 4.01366683
1582028107 3.884457658
1582028273 4.699450236
1582028441 4.837323599
1582028610 4.783970971
1582030264 4.089890137
1582030568 5.026863078
1582031224 4.105010215
1582031518 4.058775423
1582031817 4.206242705
1582032509 4.486982715
1582032809 4.594725757
1582033110 4.016839533
1582033459 4.68754043
1582033786 4.234169416
1582035447 3.926332833
1582036052 4.635264143
1582036657 4.936319372
1582037264 4.863949438
1582037864 4.029119107
1582038458 4.865704349
1582041351 3.97484548
1582041961 3.938062931
1582043546 4.581587238
1582044160 4.7741473
1582044763 4.780191556
1582045067 4.09750327
1582045367 3.963370365
1582045674 4.652274192
1582045975 4.205968833
