1580215280 4.277791149
1580215472 4.284662739
1580215640 4.16495007
1580215799 4.324534922
1580215960 4.290245949
1580216122 4.229228111
1580216282 4.481149984
1580216443 4.067587857
1580216603 4.284505928
1580216784 4.369015491
1580217816 4.134240052
1580218144 3.975683589
1580218459 4.507253491
1580218794 4.107918592
1580219146 4.300590053
1580219506 3.948358909
1580222234 3.931714686
1580222549 4.136494969
1580222863 4.156169248
1580223167 4.127994035
1580223555 4.110309898
1580224122 4.305341643
1580224680 4.101344025
1580225238 4.375959841
1580225803 4.176698547
1580226381 4.176586757
1580226950 4.307559071
1580227547 4.175818826
1580228132 4.090230876
1580228691 4.238360396
