1572967430 2
1572967431 2
1572967432 2
1572967433 2
1572967434 2
1572967435 3
1572968087 2
1572968088 2
1572968089 2
1572968090 2
1572968091 3
1572969389 2
1572969390 2
1572969391 2
1572969392 2
1572969393 2
1572970050 2
1572970051 2
1572970052 2
1572970053 2
1572970054 2
1572970700 2
1572970701 2
1572970702 2
1572970703 2
1572970704 2
1572971352 2
1572971353 2
1572971354 2
1572971355 2
1572971356 2
1572971357 3
1572972015 2
1572972016 2
1572972017 2
1572972018 2
1572972019 2
1572972673 2
1572972674 2
1572972675 2
1572972676 2
1572972677 2
1572973389 2
1572973390 2
1572973391 2
1572973392 2
1572973393 2
1572974039 2
1572974040 2
1572974041 2
1572974042 2
1572974043 2
1572974690 2
1572974691 2
1572974692 2
1572974693 2
1572974694 2
