1572003227 7.986856234
1572003421 7.938403769
1572003619 7.927861714
1572003817 7.931795878
1572004013 7.912063885
1572004208 8.124660935
1572004403 8.040594163
1572004602 8.035909066
1572004804 7.9806893
1572005003 8.044019653
1572006294 8.089788317
1572007032 8.067094702
1572007426 8.069633333
1572007919 7.979206102
1572008329 8.040966705
1572008732 7.951477805
1572009126 8.143299624
1572009515 7.9942383
1572009907 8.020151462
1572010302 8.549046672
1572010694 8.042926701
1572011204 8.034299359
1572011401 7.984588134
1572011595 8.110703341
1572011794 7.909461938
1572011991 7.992453965
1572012188 8.043833085
1572012383 8.028526662
1572012577 8.014503201
1572012772 8.043657105
1572012965 8.161342509
1572013255 8.230950464
1572013648 8.673654071
1572014041 8.061514323
1572014431 8.056005216
1572014821 8.2238159
