1582113085 6.827947137
1582113253 6.270383575
1582113416 5.862343097
1582113585 6.380392207
1582113747 6.665300204
1582113924 6.322237934
1582114087 5.635991027
1582114249 6.108037742
1582114417 6.347641023
1582114580 6.725259875
1582114745 5.681551504
1582114906 6.469719418
1582115072 6.290959467
1582115238 6.476739565
1582115401 6.228166617
1582115565 6.503539714
1582115729 6.163659407
1582115892 5.616775934
1582116073 6.591447257
1582116290 6.431038019
1582116462 6.304088818
1582116629 8.214851354
1582118950 5.822735338
1582119111 6.292257941
1582119281 6.599324412
1582119448 5.704756206
1582119632 6.999951346
1582119796 6.424390238
1582119966 6.344993602
1582120139 6.799891673
1582120322 6.474211092
1582120625 6.851203963
1582120863 6.487425392
1582121030 6.665750178
1582121275 6.640438685
1582121437 6.391488407
1582125181 5.636509429
1582125340 6.619210756
1582125824 5.661273449
1582125990 6.459543896
1582126159 6.246889447
1582126320 5.649855053
1582126486 6.943167982
1582126649 5.919090881
1582126815 6.37633806
1582126977 5.882551826
1582127137 6.610951076
1582127304 6.614331739
1582127474 6.425354316
1582127637 6.81612926
1582127802 6.612471803
1582127962 6.607266322
1582128128 6.470751561
1582128287 5.588697517
1582128469 5.582080375
1582128632 5.795383576
1582128799 5.597002657
1582128961 5.706529008
1582129133 6.02801421
1582129292 5.74435361
1582129452 6.098542179
1582129617 6.293186431
