1579184013 5.699256129
1579184728 5.948156325
1579184890 6.051890507
1579185051 5.793638916
1579185227 5.806483753
1579185402 5.903970749
1579185585 5.829178699
1579185759 5.832737068
1579185953 5.943740288
1579186125 5.760907998
1579186323 6.018144548
1579186637 34.839676708
1579187685 5.856577898
1579188011 6.074378967
1579188462 5.719119417
1579188993 6.075755801
1579189307 23.604937681
1579189655 5.848545676
1579189991 5.804262
1579190325 7.096635294
1579190851 5.929148529
1579191467 5.985035875
1579192032 5.964597445
1579192610 5.986357285
1579193179 5.84140085
1579193767 5.984409342
1579194332 5.975607633
1579194902 6.036668375
1579195466 6.071264769
1579196056 5.859406953
