1572265025 8.027331651
1572265222 7.906244815
1572265420 8.080030393
1572265618 8.023561979
1572265815 8.896630395
1572266026 8.142916546
1572266219 8.039752437
1572266420 9.310109633
1572266622 8.000020704
1572266818 9.574906643
1572268102 8.09333436
1572268873 8.155347476
1572269286 7.995170569
1572269694 6.588825507
1572270110 8.100384698
1572270507 8.19885059
1572270900 8.235452652
1572272258 6.517951106
1572272589 6.432303655
1572272924 6.482642905
1572273258 6.919536659
1572273603 6.398181141
1572274095 6.490533828
1572274263 10.120157596
1572274438 6.632329877
1572274604 6.443963225
1572274777 6.464349738
1572274947 6.552089832
1572275115 6.437277927
1572275294 6.397648997
1572275463 6.452059049
1572275638 6.464278332
1572276027 6.460635833
1572276360 6.463494167
1572276698 6.251962114
1572277029 6.439782803
1572277359 6.531388065
1572277706 6.461027346
1572278054 6.408739968
1572278387 6.509163816
