1582185086 7.386400288
1582185266 7.687968024
1582186000 7.447626884
1582186160 7.332977355
1582186893 7.579813647
1582187857 7.349740882
1582188015 7.096468947
1582188175 7.448536174
1582188335 7.449978591
1582193786 7.399277225
1582193950 7.379209566
1582194114 7.344637983
1582194270 7.416655624
1582194431 7.337378312
1582194596 7.292514785
1582194756 9.06097753
1582194925 7.018407516
1582195086 7.080594684
1582195249 7.490983542
1582195741 9.51619725
1582195901 7.628827904
1582196059 8.364155183
1582196220 6.79466801
1582196379 7.178601651
1582196538 7.238331987
1582196696 7.105701622
1582196856 7.364354472
1582197018 7.795003059
1582197183 8.968167659
1582197341 7.434953662
1582197507 7.015224037
1582197677 7.781632877
1582197835 7.203621915
1582197994 7.412828349
1582198150 7.368543818
1582198312 7.660284758
1582198468 8.996742412
1582198750 7.272192728
1582199100 8.351971605
