1573207091 4.834596155
1573207259 4.861956351
1573207428 4.887796342
1573207593 4.919379934
1573207764 4.842893476
1573207931 5.016834199
1573208098 4.943213843
1573208263 4.946135584
1573208431 4.875108226
1573208597 4.67010281
1573220332 4.947542739
1573220500 4.818305983
1573220667 4.82683723
1573220836 4.996932417
1573221004 4.905799316
1573221171 4.864265361
1573221335 4.849763494
1573221505 4.975646732
1573221672 4.937430637
1573221841 4.810729477
1573222030 4.912698631
1573222200 4.838361515
1573222367 4.700964079
1573222533 4.967840898
1573222703 4.779403619
