1582113159 5.259505456
1582113326 4.375985435
1582113490 4.652832649
1582113657 4.203989168
1582113824 5.028470399
1582113999 4.951757679
1582114161 4.536701391
1582114324 4.910852129
1582114490 4.217099248
1582114655 4.968022586
1582114816 4.21190005
1582114984 5.266820274
1582115145 4.729852646
1582115312 5.043467739
1582115476 4.944306177
1582115639 4.861172355
1582115802 4.173402152
1582115966 5.143649403
1582116146 5.067591141
1582116361 4.091184311
1582116539 4.541407613
1582116703 4.64295383
1582119023 4.882867671
1582119185 3.996039422
1582119356 5.07920109
1582119531 5.073092239
1582119707 4.966342371
1582119869 4.246819816
1582120043 5.074989601
1582120218 4.250220217
1582120939 4.058266206
1582121105 4.347349282
1582121348 4.824954312
1582121511 4.441262264
1582125254 4.731408105
1582125695 3.676173001
1582125897 4.513149682
1582126063 4.300732452
1582126232 4.382031686
1582126393 4.448687483
1582126561 4.945411843
1582126724 4.985057872
1582126888 4.554987977
1582127050 4.043857814
1582127213 5.023636992
1582127382 5.119005109
1582127548 4.661382319
1582127711 5.210350848
1582127875 4.903264621
1582128036 4.944516231
1582128202 4.618187079
1582128380 4.899784612
1582128543 4.988876163
1582128706 4.610428156
1582128871 4.595484388
1582129038 4.401184258
1582129206 4.755318454
1582129365 4.610834776
1582129526 5.038141329
1582129690 3.968875923
