1575386088 4
1575386089 4
1575386090 4
1575386091 4
1575386092 4
1575386093 4
1575386094 4
1575386095 4
1575386096 4
1575386097 4
1575386098 4
1575386099 4
1575386100 3
1575386101 2
1575386102 2
1575386103 3
1575386104 4
1575386105 4
1575386106 4
1575386107 4
1575386108 3
1575386109 2
1575386110 2
1575386712 4
1575386713 4
1575386714 4
1575386715 4
1575386716 3
1575386717 3
1575386718 3
1575386719 3
1575386720 3
1575386721 3
1575386722 3
1575386723 3
1575386724 3
1575386725 3
1575386726 3
1575386727 3
1575386728 3
1575386729 3
1575386730 3
1575386731 3
1575386732 3
1575386733 3
1575386734 3
1575386735 3
1575386736 3
1575386737 3
1575386738 3
1575386739 3
1575386740 3
1575386741 3
1575386742 3
1575386743 3
1575386744 3
1575386745 3
1575386746 3
1575386747 3
1575386748 3
1575386749 3
1575386750 3
1575386751 3
1575386752 3
1575386753 3
1575386754 3
1575386755 3
1575386756 3
1575386757 3
1575386758 3
1575386759 3
1575386760 3
1575386761 3
1575386762 3
1575386763 3
1575386764 3
1575386765 3
1575386766 3
1575386767 3
1575386768 3
1575386769 3
1575386770 3
1575386771 3
1575386772 3
1575386773 3
1575386774 3
1575386775 3
1575386776 3
1575386777 3
1575386778 3
1575386779 3
1575386780 3
1575386781 3
1575386782 3
1575386783 3
1575386784 3
1575386785 3
1575386786 3
1575386787 3
1575386788 3
1575386789 3
1575386790 3
1575386791 3
1575386792 3
1575386793 3
1575386794 3
1575386795 3
1575386796 3
1575386797 3
1575386798 3
1575386799 3
1575386800 3
1575386801 3
1575386802 3
1575386803 3
1575386804 3
1575386805 3
1575386806 3
1575386807 3
1575386808 3
1575386809 3
1575386810 3
1575386811 3
1575386812 3
1575386813 3
1575386814 3
1575386815 2
1575386816 3
1575386817 3
1575386818 3
1575386819 3
1575386820 4
1575386821 4
1575386822 4
1575386823 4
1575386824 3
1575386825 3
1575386826 2
1575387424 4
1575387425 4
1575387426 4
1575387427 4
1575387428 4
1575387429 3
1575387430 3
1575387431 3
1575387432 3
1575387433 3
1575387434 3
1575387435 3
1575387436 3
1575387437 3
1575387438 3
1575387439 4
1575387440 4
1575387441 3
1575387442 3
1575387443 2
1575387444 2
1575387445 2
1575388659 4
1575388660 5
1575388661 3
1575388662 3
1575388663 3
1575388664 3
1575388665 3
1575388666 3
1575388667 3
1575388668 3
1575388669 4
1575388670 4
1575388671 4
1575388672 4
1575388673 4
1575388674 4
1575388675 4
1575388676 3
1575388677 2
1575388678 2
1575390525 4
1575390526 4
1575390527 4
1575390528 4
1575390529 4
1575390530 4
1575390531 4
1575390532 4
1575390533 4
1575390534 4
1575390535 4
1575390536 4
1575390537 4
1575390538 4
1575390539 3
1575390540 3
1575390541 3
1575390542 4
1575390543 4
1575390544 4
1575390545 4
1575390546 4
1575390547 2
1575390548 2
1575390549 2
1575391658 4
1575391659 4
1575391660 4
1575391661 4
1575391662 4
1575391663 3
1575391664 4
1575391665 3
1575391666 3
1575391667 3
1575391668 3
1575391669 3
1575391670 3
1575391671 3
1575391672 3
1575391673 4
1575391674 4
1575391675 4
1575391676 4
1575391677 3
1575391678 3
1575391679 2
1575396996 5
1575396997 6
1575396998 6
1575396999 6
1575397000 6
1575397001 6
1575397002 6
1575397003 4
1575397004 4
1575397005 4
1575397006 4
1575397007 4
1575397008 4
1575397009 4
1575397010 4
1575397011 4
1575397012 4
1575397013 4
1575397014 4
1575397015 4
1575397016 4
1575397017 4
1575397018 4
1575397019 4
1575397020 4
1575397021 4
1575397022 4
1575397023 4
1575397024 4
1575397025 4
1575397026 4
1575397027 4
1575397028 4
1575397029 4
1575397030 4
1575397031 3
1575397032 3
1575397033 2
1575397234 1
1575397235 1
1575397236 2
1575397237 2
1575397238 2
1575397239 2
1575397240 1
1575397241 1
1575397242 1
1575397243 2
1575397244 1
1575397245 1
1575397246 1
1575397247 1
1575397248 1
1575397249 2
1575397250 2
1575397251 1
1575397252 1
1575397253 1
1575397254 1
1575397255 1
1575397256 2
1575397257 2
1575397258 2
1575397259 2
1575397260 3
1575397261 3
1575397262 3
1575397263 3
1575397264 3
1575397265 4
1575397266 4
1575397267 4
1575397268 4
1575397269 5
1575397270 4
1575397271 4
1575397272 4
1575397273 4
1575397274 4
1575397275 4
1575397276 4
1575397277 4
1575397278 4
1575397279 6
1575397280 6
1575397281 6
1575397282 6
1575397283 5
1575397284 4
1575397285 5
1575397286 5
1575397287 5
1575397288 5
1575397289 5
1575397290 5
1575397291 5
1575397292 5
1575397293 4
1575397294 6
1575397295 4
1575397296 4
1575397297 4
1575397298 4
1575397299 4
1575397300 4
1575397301 4
1575397302 4
1575397303 4
1575397304 4
1575397305 4
1575397306 4
1575397307 4
1575397308 4
1575397309 4
1575397310 4
1575397311 4
1575397312 4
1575397313 3
1575397314 2
1575397315 2
1575397316 2
1575397317 2
1575397318 2
1575397319 2
1575397320 2
1575397321 2
1575397322 2
1575397832 4
1575397833 4
1575397834 4
1575397835 4
1575397836 4
1575397837 4
1575397838 4
1575397839 4
1575397840 4
1575397841 4
1575397842 4
1575397843 4
1575397844 4
1575397845 4
1575397846 4
1575397847 4
1575397848 4
1575397849 4
1575397850 4
1575397851 4
1575397852 3
1575397853 3
1575397854 3
1575397855 3
1575397856 3
1575397857 3
1575397858 4
1575397859 4
1575397860 4
1575397861 3
1575397862 4
1575397863 4
1575397864 4
1575397865 4
1575397866 4
1575397867 4
1575397868 4
1575397869 4
1575397870 4
1575397871 4
1575397872 4
1575397873 4
1575397874 4
1575397875 4
1575397876 4
1575397877 4
1575397878 4
1575397879 4
1575397880 4
1575397881 4
1575397882 4
1575397883 4
1575397884 4
1575397885 4
1575397886 4
1575397887 4
1575397888 4
1575397889 4
1575397890 4
1575397891 4
1575397892 4
1575397893 4
1575397894 4
1575397895 4
1575397896 4
1575397897 4
1575397898 4
1575397899 4
1575397900 4
1575397901 4
1575397902 4
1575397903 4
1575397904 4
1575397905 4
1575397906 4
1575397907 4
1575397908 4
1575397909 4
1575397910 4
1575397911 4
1575397912 4
1575397913 4
1575397914 4
1575397915 4
1575397916 3
1575397917 3
1575397918 3
1575397919 3
1575397920 2
1575397921 2
1575397922 2
1575398114 4
1575398115 4
1575398116 4
1575398117 4
1575398118 4
1575398119 4
1575398120 4
1575398121 4
1575398122 4
1575398123 4
1575398124 6
1575398125 5
1575398126 5
1575398127 5
1575398128 5
1575398129 5
1575398130 5
1575398131 5
1575398132 5
1575398133 5
1575398134 5
1575398135 5
1575398136 5
1575398137 5
1575398138 5
1575398139 5
1575398140 5
1575398141 5
1575398142 5
1575398143 5
1575398144 5
1575398145 5
1575398146 5
1575398147 5
1575398148 5
1575398149 5
1575398150 5
1575398151 5
1575398152 5
1575398153 5
1575398154 5
1575398155 5
1575398156 5
1575398157 5
1575398158 5
1575398159 4
1575398160 4
1575398161 3
1575398162 2
1575398163 2
1575398164 2
1575398165 2
1575398166 2
1575398167 2
1575398168 2
1575398169 2
1575398170 2
1575398171 2
1575398353 4
1575398354 4
1575398355 4
1575398356 4
1575398357 4
1575398358 4
1575398359 4
1575398360 4
1575398361 4
1575398362 4
1575398363 4
1575398364 4
1575398365 4
1575398366 4
1575398367 4
1575398368 4
1575398369 4
1575398370 4
1575398371 4
1575398372 4
1575398373 4
1575398374 4
1575398375 4
1575398376 4
1575398377 4
1575398378 4
1575398379 4
1575398380 4
1575398381 4
1575398382 3
1575398383 2
1575398384 2
1575398385 2
1575398386 2
1575398387 2
