1580215762 4
1580215763 4
1580215764 4
1580215765 4
1580215766 3
1580215767 3
1580215768 3
1580215769 3
1580215770 3
1580215771 3
1580215772 3
1580215773 3
1580215774 3
1580215775 4
1580215776 5
1580215777 4
1580215778 4
1580215779 3
1580215780 3
1580215781 2
1580215921 4
1580215922 4
1580215923 4
1580215924 4
1580215925 4
1580215926 4
1580215927 4
1580215928 4
1580215929 4
1580215930 4
1580215931 4
1580215932 3
1580215933 3
1580215934 2
1580215935 3
1580215936 4
1580215937 4
1580215938 4
1580215939 4
1580215940 4
1580215941 2
1580216404 4
1580216405 4
1580216406 4
1580216407 4
1580216408 4
1580216409 3
1580216410 3
1580216411 3
1580216412 3
1580216413 3
1580216414 3
1580216415 3
1580216416 3
1580216417 3
1580216418 4
1580216419 4
1580216420 4
1580216421 4
1580216422 4
1580216423 3
1580216424 3
1580216425 2
1580216729 5
1580216730 5
1580216731 5
1580216732 5
1580216733 5
1580216734 4
1580216735 4
1580216736 4
1580216737 4
1580216738 4
1580216739 4
1580216740 4
1580216741 4
1580216742 3
1580216743 4
1580216744 5
1580216745 5
1580216746 5
1580216747 5
1580216748 3
1580216749 3
1580216750 3
1580216751 3
1580216752 3
1580216753 3
1580216754 3
1580216755 3
1580216756 3
1580216757 3
1580216758 3
1580216759 3
1580216760 3
1580216761 3
1580216762 3
1580216763 3
1580216764 3
1580216765 3
1580216766 2
1580218755 4
1580218756 4
1580218757 4
1580218758 4
1580218759 4
1580218760 4
1580218761 4
1580218762 4
1580218763 4
1580218764 4
1580218765 4
1580218766 3
1580218767 3
1580218768 3
1580218769 4
1580218770 4
1580218771 4
1580218772 5
1580218773 5
1580218774 4
1580218775 3
1580219105 4
1580219106 4
1580219107 4
1580219108 4
1580219109 4
1580219110 3
1580219111 3
1580219112 3
1580219113 3
1580219114 3
1580219115 3
1580219116 3
1580219117 3
1580219118 3
1580219119 3
1580219120 3
1580219121 3
1580219122 4
1580219123 4
1580219124 4
1580219125 4
1580219126 3
1580219127 3
1580219128 2
1580219467 4
1580219468 4
1580219469 4
1580219470 4
1580219471 4
1580219472 4
1580219473 4
1580219474 4
1580219475 4
1580219476 4
1580219477 4
1580219478 3
1580219479 3
1580219480 3
1580219481 4
1580219482 4
1580219483 6
1580219484 5
1580219485 5
1580219486 4
1580219487 3
1580219488 3
1580222498 1
1580222499 2
1580222500 2
1580222501 1
1580222502 1
1580222503 1
1580222504 1
1580222505 1
1580222506 1
1580222507 1
1580222508 2
1580222509 4
1580222510 5
1580222511 4
1580222512 4
1580222513 4
1580222514 4
1580222515 4
1580222516 3
1580222517 3
1580222518 3
1580222519 3
1580222520 4
1580222521 4
1580222522 3
1580222523 3
1580222524 4
1580222525 5
1580222526 6
1580222527 5
1580222528 5
1580222529 4
1580222530 3
1580222531 2
1580222811 1
1580222812 2
1580222813 1
1580222814 1
1580222815 1
1580222816 1
1580222817 1
1580222818 1
1580222819 1
1580222820 1
1580222821 2
1580222822 3
1580222823 4
1580222824 4
1580222825 4
1580222826 4
1580222827 4
1580222828 5
1580222829 4
1580222830 4
1580222831 4
1580222832 4
1580222833 4
1580222834 4
1580222835 3
1580222836 3
1580222837 3
1580222838 3
1580222839 4
1580222840 5
1580222841 4
1580222842 4
1580222843 3
1580222844 3
1580222845 2
1580224642 4
1580224643 4
1580224644 4
1580224645 4
1580224646 4
1580224647 4
1580224648 4
1580224649 4
1580224650 4
1580224651 4
1580224652 3
1580224653 3
1580224654 2
1580224655 3
1580224656 4
1580224657 4
1580224658 4
1580224659 4
1580224660 3
1580224661 2
1580224662 2
1580225199 4
1580225200 4
1580225201 4
1580225202 4
1580225203 4
1580225204 4
1580225205 3
1580225206 3
1580225207 3
1580225208 3
1580225209 3
1580225210 4
1580225211 3
1580225212 4
1580225213 3
1580225214 4
1580225215 5
1580225216 4
1580225217 4
1580225218 3
1580225219 3
1580225220 2
1580227508 4
1580227509 4
1580227510 4
1580227511 4
1580227512 4
1580227513 4
1580227514 4
1580227515 4
1580227516 4
1580227517 4
1580227518 4
1580227519 3
1580227520 3
1580227521 3
1580227522 3
1580227523 4
1580227524 4
1580227525 4
1580227526 4
1580227527 4
1580227528 2
1580227529 2
