1580305136 4
1580305137 4
1580305138 4
1580305139 4
1580305140 3
1580305141 3
1580305142 3
1580305143 3
1580305144 3
1580305145 3
1580305146 3
1580305147 3
1580305148 3
1580305149 4
1580305150 4
1580305151 4
1580305152 4
1580305153 3
1580305154 3
1580305155 3
1580306257 11
1580306258 7
1580306259 8
1580306260 8
1580306261 6
1580306262 9
1580306263 7
1580306264 4
1580306265 6
1580306266 4
1580306267 4
1580306268 5
1580306269 4
1580306270 4
1580306271 4
1580306272 4
1580306273 3
1580306274 2
1580306275 1
1580306276 2
1580306277 3
1580306278 4
1580306279 4
1580306280 4
1580306281 4
1580306282 4
1580306283 4
1580306284 4
1580306285 4
1580306286 4
1580306287 4
1580306288 4
1580306289 4
1580306290 4
1580306291 4
1580306292 4
1580306293 4
1580306294 4
1580306295 4
1580306296 4
1580306297 4
1580306298 4
1580306299 4
1580306300 4
1580306301 4
1580306302 4
1580306303 4
1580306304 4
1580306305 4
1580306306 4
1580306307 4
1580306308 4
1580306309 4
1580306310 4
1580306311 4
1580306312 4
1580306313 4
1580306314 4
1580306315 4
1580306316 4
1580306317 4
1580306318 4
1580306319 4
1580306320 4
1580306321 4
1580306322 4
1580306323 4
1580306324 4
1580306325 4
1580306326 4
1580306327 4
1580306328 4
1580306329 4
1580306330 5
1580306331 4
1580306332 4
1580306333 3
1580306334 3
1580306335 3
1580306336 3
1580306337 3
1580306338 3
1580306339 3
1580306340 3
1580306341 3
1580306342 3
1580306343 3
1580306344 3
1580306345 3
1580306346 4
1580306347 4
1580306348 4
1580306349 4
1580306350 5
1580306351 4
1580306352 4
1580306353 4
1580306354 4
1580306355 4
1580306356 4
1580306357 3
1580306358 3
1580306359 3
1580306360 3
1580306361 3
1580306362 2
1580306363 2
1580306364 2
1580312044 4
1580312045 4
1580312046 4
1580312047 4
1580312048 4
1580312049 4
1580312050 4
1580312051 4
1580312052 4
1580312053 4
1580312054 4
1580312055 4
1580312056 4
1580312057 4
1580312058 4
1580312059 4
1580312060 4
1580312061 4
1580312062 4
1580312063 4
1580312064 4
1580312065 4
1580312066 4
1580312067 4
1580312068 4
1580312069 4
1580312070 4
1580312071 4
1580312072 4
1580312073 4
1580312074 4
1580312075 4
1580312076 4
1580312077 4
1580312078 4
1580312079 4
1580312080 4
1580312081 4
1580312082 4
1580312083 4
1580312084 4
1580312085 4
1580312086 4
1580312087 3
1580312088 4
1580312089 3
1580312090 4
1580312091 5
1580312092 5
1580312093 5
1580312094 5
1580312095 4
1580312096 2
1580312097 2
1580312651 2
1580312652 1
1580312653 1
1580312654 1
1580312655 1
1580312656 1
1580312657 1
1580312658 1
1580312659 1
1580312660 1
1580312661 1
1580312662 1
1580312663 1
1580312664 1
1580312665 1
1580312666 1
1580312667 1
1580312668 1
1580312669 2
1580312670 2
1580312671 2
1580312672 2
1580312673 2
1580312674 2
1580312675 2
1580312676 2
1580312677 5
1580312678 4
1580312679 4
1580312680 4
1580312681 4
1580312682 2
1580312683 2
1580313221 4
1580313222 4
1580313223 4
1580313224 4
1580313225 4
1580313226 4
1580313227 4
1580313228 4
1580313229 4
1580313230 4
1580313231 2
1580313232 2
1580313233 2
1580313234 4
1580313235 4
1580313236 5
1580313237 4
1580313238 4
1580313239 3
1580313240 2
