1579184133 4
1579184134 4
1579184135 4
1579184136 4
1579184137 4
1579184138 4
1579184139 4
1579184140 4
1579184141 4
1579184142 4
1579184143 4
1579184144 4
1579184145 3
1579184146 3
1579184147 4
1579184148 4
1579184149 4
1579184150 4
1579184151 4
1579184152 5
1579184153 4
1579184154 4
1579184155 4
1579184156 5
1579184157 5
1579184158 5
1579184159 5
1579184160 5
1579184161 5
1579184162 5
1579184163 5
1579184164 5
1579184165 5
1579184166 5
1579184167 5
1579184168 5
1579184169 5
1579184170 5
1579184171 5
1579184172 5
1579184173 5
1579184174 5
1579184175 5
1579184176 5
1579184177 5
1579184178 5
1579184179 5
1579184180 5
1579184181 5
1579184182 5
1579184183 5
1579184184 5
1579184185 5
1579184186 5
1579184187 5
1579184188 5
1579184189 5
1579184190 5
1579184191 5
1579184192 5
1579184193 5
1579184194 5
1579184195 5
1579184196 5
1579184197 5
1579184198 5
1579184199 5
1579184200 5
1579184201 5
1579184202 5
1579184203 5
1579184204 5
1579184205 5
1579184206 5
1579184207 5
1579184208 5
1579184209 5
1579184210 5
1579184211 5
1579184212 5
1579184213 5
1579184214 5
1579184215 5
1579184216 5
1579184217 5
1579184218 5
1579184219 5
1579184220 5
1579184221 5
1579184222 5
1579184223 5
1579184224 5
1579184225 5
1579184226 5
1579184227 5
1579184228 4
1579184229 4
1579184230 5
1579184231 5
1579184232 4
1579184233 4
1579184234 4
1579184235 4
1579184236 4
1579184237 4
1579184238 4
1579184239 4
1579184240 4
1579184241 4
1579184242 4
1579184243 4
1579184244 4
1579184245 4
1579184246 4
1579184247 4
1579184248 4
1579184249 4
1579184250 4
1579184251 4
1579184252 4
1579184253 4
1579184254 4
1579184255 4
1579184256 4
1579184257 4
1579184258 4
1579184259 4
1579184260 4
1579184261 4
1579184262 4
1579184263 4
1579184264 4
1579184265 4
1579184266 4
1579184267 4
1579184268 4
1579184269 4
1579184270 4
1579184271 4
1579184272 4
1579184273 4
1579184274 4
1579184275 4
1579184276 4
1579184277 4
1579184278 4
1579184279 4
1579184280 5
1579184281 5
1579184282 5
1579184283 5
1579184284 5
1579184285 5
1579184286 4
1579184287 4
1579184288 4
1579184289 4
1579184290 4
1579184291 4
1579184292 4
1579184293 4
1579184294 4
1579184295 4
1579184296 4
1579184297 4
1579184298 4
1579184299 4
1579184300 4
1579184301 4
1579184302 4
1579184303 4
1579184304 4
1579184305 4
1579184306 4
1579184307 4
1579184308 4
1579184309 4
1579184310 4
1579184311 4
1579184312 4
1579184313 4
1579184314 4
1579184315 4
1579184316 4
1579184317 4
1579184318 4
1579184319 4
1579184320 4
1579184321 4
1579184322 4
1579184323 4
1579184324 4
1579184325 4
1579184326 4
1579184327 4
1579184328 4
1579184329 4
1579184330 4
1579184331 4
1579184332 4
1579184333 4
1579184334 4
1579184335 4
1579184336 4
1579184337 4
1579184338 4
1579184339 4
1579184340 4
1579184341 4
1579184342 4
1579184343 4
1579184344 4
1579184345 4
1579184346 4
1579184347 4
1579184348 4
1579184349 4
1579184350 4
1579184351 4
1579184352 4
1579184353 4
1579184354 4
1579184355 4
1579184356 4
1579184357 4
1579184358 4
1579184359 4
1579184360 4
1579184361 4
1579184362 4
1579184363 4
1579184364 4
1579184365 4
1579184366 4
1579184367 4
1579184368 4
1579184369 4
1579184370 4
1579184371 4
1579184372 4
1579184373 4
1579184374 4
1579184375 4
1579184376 4
1579184377 4
1579184378 4
1579184379 4
1579184380 4
1579184381 4
1579184382 4
1579184383 4
1579184384 4
1579184385 4
1579184386 4
1579184387 4
1579184388 4
1579184389 4
1579184390 4
1579184391 4
1579184392 4
1579184393 4
1579184394 5
1579184395 4
1579184396 4
1579184397 4
1579184398 4
1579184399 4
1579184400 4
1579184401 4
1579184402 4
1579184403 4
1579184404 4
1579184405 4
1579184406 4
1579184407 4
1579184408 4
1579184409 4
1579184410 4
1579184411 4
1579184412 4
1579184413 4
1579184414 4
1579184415 4
1579184416 4
1579184417 4
1579184418 4
1579184419 4
1579184420 4
1579184421 4
1579184422 4
1579184423 4
1579184424 4
1579184425 4
1579184426 5
1579184427 5
1579184428 5
1579184429 5
1579184430 5
1579184431 3
1579184432 2
1579184989 10
1579184990 10
1579184991 15
1579184992 13
1579184993 14
1579184994 9
1579184995 10
1579184996 7
1579184997 6
1579184998 6
1579184999 6
1579185000 7
1579185001 7
1579185002 5
1579185003 5
1579185004 4
1579185005 2
1579185006 1
1579185007 1
1579185008 3
1579185009 3
1579185010 4
1579185011 4
1579185012 4
1579185013 4
1579185014 4
1579185015 3
1579185016 3
1579185017 3
1579185018 3
1579185019 3
1579185020 3
1579185021 4
1579185022 3
1579185023 3
1579185024 4
1579185025 5
1579185026 5
1579185027 4
1579185028 3
1579185029 3
1579185030 3
1579185348 5
1579185349 4
1579185350 4
1579185351 4
1579185352 4
1579185353 3
1579185354 3
1579185355 3
1579185356 3
1579185357 3
1579185358 3
1579185359 4
1579185360 3
1579185361 3
1579185362 4
1579185363 4
1579185364 4
1579185365 4
1579185366 3
1579185367 3
1579185368 3
1579185369 2
1579185370 2
1579185371 2
1579185372 2
1579185373 2
1579185374 2
1579185375 2
1579185376 2
1579185377 2
1579185378 2
1579185379 2
1579185380 2
1579185703 4
1579185704 4
1579185705 4
1579185706 4
1579185707 4
1579185708 3
1579185709 3
1579185710 3
1579185711 3
1579185712 3
1579185713 3
1579185714 3
1579185715 3
1579185716 3
1579185717 3
1579185718 3
1579185719 3
1579185720 4
1579185721 4
1579185722 4
1579185723 5
1579185724 4
1579185725 4
1579185726 4
1579185727 4
1579185728 4
1579185729 4
1579185730 4
1579185731 4
1579185732 5
1579185733 6
1579185734 5
1579185735 5
1579185736 4
1579185737 4
1579185738 2
1579185887 4
1579185888 4
1579185889 4
1579185890 4
1579185891 4
1579185892 4
1579185893 4
1579185894 4
1579185895 4
1579185896 4
1579185897 3
1579185898 3
1579185899 3
1579185900 4
1579185901 4
1579185902 4
1579185903 4
1579185904 4
1579185905 4
1579185906 4
1579185907 4
1579185908 4
1579185909 4
1579185910 4
1579185911 4
1579185912 4
1579185913 4
1579185914 4
1579185915 3
1579185916 2
1579186073 5
1579186074 4
1579186075 4
1579186076 4
1579186077 4
1579186078 3
1579186079 3
1579186080 3
1579186081 3
1579186082 3
1579186083 3
1579186084 3
1579186085 3
1579186086 2
1579186087 3
1579186088 4
1579186089 4
1579186090 4
1579186091 4
1579186092 4
1579186093 4
1579186094 4
1579186095 4
1579186096 4
1579186097 3
1579186098 4
1579186099 4
1579186100 4
1579186101 4
1579186102 4
1579186103 4
1579186104 4
1579186943 4
1579186944 4
1579186945 4
1579186946 4
1579186947 4
1579186948 4
1579186949 4
1579186950 4
1579186951 4
1579186952 4
1579186953 4
1579186954 4
1579186955 3
1579186956 3
1579186957 3
1579186958 3
1579186959 3
1579186960 3
1579186961 3
1579186962 3
1579186963 2
1579186964 2
1579186965 2
1579186966 2
1579186967 3
1579186968 2
1579186969 2
1579186970 2
1579186971 2
1579186972 2
1579186973 2
1579186974 2
1579186975 2
1579186976 2
1579186977 2
1579186978 2
1579186979 2
1579186980 2
1579186981 2
1579186982 2
1579186983 2
1579186984 2
1579186985 2
1579186986 2
1579186987 2
1579186988 2
1579186989 2
1579186990 2
1579186991 2
1579186992 2
1579186993 2
1579186994 2
1579186995 2
1579186996 2
1579186997 2
1579186998 2
1579186999 2
1579187000 2
1579187001 2
1579187002 2
1579187003 2
1579187004 2
1579187005 2
1579187006 2
1579187007 2
1579187008 2
1579187009 2
1579187010 2
1579187011 2
1579187012 2
1579187013 2
1579187014 2
1579187015 2
1579187016 2
1579187017 2
1579187018 2
1579187019 2
1579187020 2
1579187021 2
1579187022 2
1579187023 2
1579187024 2
1579187025 2
1579187026 2
1579187027 2
1579187028 2
1579187029 2
1579187030 2
1579187031 2
1579187032 2
1579187033 2
1579187034 2
1579187035 2
1579187036 2
1579187037 2
1579187038 2
1579187039 2
1579187040 2
1579187041 2
1579187042 2
1579187043 2
1579187044 2
1579187045 2
1579187046 2
1579187047 2
1579187048 2
1579187049 2
1579187050 2
1579187051 2
1579187052 2
1579187053 2
1579187054 2
1579187055 2
1579187056 2
1579187057 2
1579187058 2
1579187059 2
1579187060 2
1579187061 2
1579187062 2
1579187063 2
1579187064 2
1579187065 2
1579187066 2
1579187067 2
1579187068 2
1579187069 2
1579187070 2
1579187071 2
1579187072 2
1579187073 2
1579187074 2
1579187075 2
1579187076 2
1579187077 2
1579187078 2
1579187079 2
1579187080 2
1579187081 2
1579187082 2
1579187083 2
1579187084 2
1579187085 2
1579187086 2
1579187087 2
1579187088 2
1579187089 2
1579187090 2
1579187091 2
1579187092 2
1579187093 2
1579187094 2
1579187095 2
1579187096 2
1579187097 2
1579187098 2
1579187099 2
1579187100 2
1579187101 2
1579187102 2
1579187103 2
1579187104 2
1579187105 2
1579187106 2
1579187107 2
1579187108 2
1579187109 2
1579187110 2
1579187111 2
1579187112 2
1579187113 2
1579187114 2
1579187115 2
1579187116 2
1579187117 2
1579187118 2
1579187119 2
1579187120 2
1579187121 2
1579187122 2
1579187123 2
1579187124 2
1579187125 2
1579187126 2
1579187127 2
1579187128 2
1579187129 2
1579187130 2
1579187131 2
1579187132 2
1579187133 2
1579187134 2
1579187135 2
1579187136 2
1579187137 2
1579187138 2
1579187139 2
1579187140 2
1579187141 2
1579187142 2
1579187143 2
1579187144 2
1579187145 2
1579187146 2
1579187147 2
1579187148 2
1579187149 2
1579187150 2
1579187151 2
1579187152 2
1579187153 2
1579187154 2
1579187155 2
1579187156 2
1579187157 2
1579187158 2
1579187159 2
1579187160 2
1579187161 2
1579187162 2
1579187163 2
1579187164 2
1579187165 2
1579187166 2
1579187167 2
1579187168 2
1579187169 2
1579187170 2
1579187171 2
1579187172 2
1579187173 2
1579187174 2
1579187175 2
1579187176 2
1579187177 2
1579187178 2
1579187179 2
1579187180 2
1579187181 2
1579187182 2
1579187183 2
1579187184 2
1579187185 2
1579187186 2
1579187187 2
1579187188 2
1579187189 2
1579187190 2
1579187191 2
1579187192 2
1579187193 2
1579187194 2
1579187195 2
1579187196 2
1579187197 2
1579187198 2
1579187199 2
1579187200 2
1579187201 2
1579187202 2
1579187203 2
1579187204 2
1579187205 2
1579187206 2
1579187207 2
1579187208 2
1579187209 2
1579187210 2
1579187211 2
1579187212 2
1579187213 2
1579187214 2
1579187215 2
1579187216 2
1579187217 2
1579187218 2
1579187219 2
1579187220 2
1579187221 2
1579187222 2
1579187223 2
1579187224 2
1579187225 2
1579187226 2
1579187227 2
1579187228 2
1579187229 2
1579187230 2
1579187231 2
1579187232 2
1579187233 2
1579187234 2
1579187235 2
1579187236 2
1579187237 2
1579187238 2
1579187239 2
1579187240 2
1579187241 2
1579187242 2
1579187243 2
1579187244 2
1579187245 2
1579187246 2
1579187247 2
1579187248 2
1579187249 2
1579187250 2
1579187251 2
1579187252 2
1579187253 2
1579187254 2
1579187255 2
1579187256 2
1579187257 2
1579187258 2
1579187259 2
1579187260 2
1579187261 2
1579187262 2
1579187263 2
1579187264 2
1579187265 2
1579187266 2
1579187267 2
1579187268 2
1579187269 2
1579187270 2
1579187271 2
1579187272 2
1579187273 2
1579187274 2
1579187275 2
1579187276 2
1579187277 2
1579187278 2
1579187279 2
1579187280 2
1579187281 2
1579187282 2
1579187283 2
1579187284 2
1579187285 2
1579187286 2
1579187287 2
1579187288 2
1579187289 2
1579187290 2
1579187291 2
1579187292 2
1579187293 2
1579187294 2
1579187295 2
1579187296 2
1579187297 2
1579187298 2
1579187299 2
1579187300 2
1579187301 2
1579187302 2
1579187303 2
1579187304 2
1579187305 2
1579187306 2
1579187307 2
1579187308 3
1579187309 3
1579187310 3
1579187311 3
1579187312 3
1579187313 3
1579187314 3
1579187315 3
1579187316 3
1579187317 3
1579187318 3
1579187319 3
1579187320 3
1579187321 3
1579187322 3
1579187323 3
1579187324 3
1579187325 3
1579187326 3
1579187327 3
1579187328 3
1579187329 3
1579187330 3
1579187331 3
1579187332 3
1579187333 3
1579187334 3
1579187335 3
1579187336 3
1579187337 3
1579187338 3
1579187339 3
1579187340 3
1579187341 3
1579187342 3
1579187343 3
1579187344 3
1579187345 3
1579187346 3
1579187347 3
1579187348 3
1579187349 3
1579187350 3
1579187351 3
1579187352 3
1579187353 3
1579187354 3
1579187355 3
1579187356 3
1579187357 3
1579187358 3
1579187359 3
1579187360 3
1579187361 3
1579187362 3
1579187363 3
1579187364 3
1579187365 3
1579187366 3
1579187367 3
1579187368 3
1579187369 3
1579187370 3
1579187371 3
1579187372 3
1579187373 3
1579187374 3
1579187375 3
1579187376 3
1579187377 3
1579187378 3
1579187379 3
1579187380 3
1579187381 3
1579187382 3
1579187383 3
1579187384 3
1579187385 3
1579187386 3
1579187387 3
1579187388 3
1579187389 3
1579187390 3
1579187391 3
1579187392 3
1579187393 3
1579187394 3
1579187395 3
1579187396 3
1579187397 3
1579187398 3
1579187399 3
1579187400 3
1579187401 3
1579187402 3
1579187403 3
1579187404 3
1579187405 3
1579187406 3
1579187407 3
1579187408 3
1579187409 3
1579187410 3
1579187411 3
1579187412 3
1579187413 3
1579187414 3
1579187415 3
1579187416 3
1579187417 3
1579187418 3
1579187419 3
1579187420 3
1579187421 3
1579187422 3
1579187423 3
1579187424 3
1579187425 3
1579187426 3
1579187427 3
1579187428 3
1579187429 3
1579187430 3
1579187431 3
1579187432 3
1579187433 3
1579187434 3
1579187435 3
1579187436 3
1579187437 3
1579187438 3
1579187439 3
1579187440 3
1579187441 3
1579187442 3
1579187443 3
1579187444 3
1579187445 3
1579187446 3
1579187447 3
1579187448 3
1579187449 3
1579187450 3
1579187451 3
1579187452 3
1579187453 3
1579187454 3
1579187455 3
1579187456 3
1579187457 3
1579187458 3
1579187459 3
1579187460 3
1579187461 3
1579187462 3
1579187463 3
1579187464 3
1579187465 3
1579187466 3
1579187467 3
1579187468 3
1579187469 3
1579187470 3
1579187471 3
1579187472 3
1579187473 3
1579187474 3
1579187475 3
1579187476 3
1579187477 3
1579187478 3
1579187479 3
1579187480 3
1579187481 3
1579187482 3
1579187483 3
1579187484 3
1579187485 3
1579187486 3
1579187487 3
1579187488 3
1579187489 3
1579187490 3
1579187491 3
1579187492 3
1579187493 3
1579187494 3
1579187495 3
1579187496 3
1579187497 3
1579187498 3
1579187499 3
1579187500 3
1579187501 3
1579187502 3
1579187503 3
1579187504 3
1579187505 3
1579187506 3
1579187507 3
1579187508 3
1579187509 3
1579187510 3
1579187511 3
1579187512 3
1579187513 3
1579187514 3
1579187515 3
1579187516 3
1579187517 3
1579187518 3
1579187519 3
1579187520 3
1579187521 3
1579187522 3
1579187523 3
1579187524 3
1579187525 3
1579187526 3
1579187527 3
1579187528 3
1579187529 3
1579187530 3
1579187531 3
1579187532 3
1579187533 3
1579187534 3
1579187535 3
1579187536 3
1579187537 3
1579187538 3
1579187539 3
1579187540 3
1579187541 3
1579187542 3
1579187543 3
1579187544 3
1579187545 3
1579187546 3
1579187547 3
1579187548 3
1579187549 3
1579187550 3
1579187551 3
1579187552 3
1579187553 3
1579187554 3
1579187555 3
1579187556 3
1579187557 3
1579187558 3
1579187559 3
1579187560 3
1579187561 3
1579187562 3
1579187563 3
1579187564 3
1579187565 3
1579187566 3
1579187567 3
1579187568 3
1579187569 3
1579187570 3
1579187571 3
1579187572 3
1579187573 3
1579187574 3
1579187575 3
1579187576 3
1579187577 3
1579187578 3
1579187579 3
1579187580 3
1579187581 3
1579187582 3
1579187583 3
1579187584 3
1579187585 3
1579187586 3
1579187587 3
1579187588 3
1579187589 3
1579187590 3
1579187591 3
1579187592 3
1579187593 3
1579187594 3
1579187595 3
1579187596 3
1579187597 3
1579187598 3
1579187599 3
1579187600 3
1579187601 3
1579187602 3
1579187603 3
1579187604 3
1579187605 3
1579187606 3
1579187607 3
1579187608 3
1579187609 3
1579187610 3
1579187611 3
1579187612 3
1579187613 3
1579187614 3
1579187615 3
1579187616 3
1579187617 3
1579187618 3
1579187619 3
1579187620 3
1579187621 3
1579187622 3
1579187623 3
1579187624 3
1579187625 3
1579187626 3
1579187627 3
1579187628 3
1579187629 3
1579187630 3
1579187631 3
1579187632 3
1579187633 3
1579187634 3
1579187635 3
1579187636 3
1579187637 3
1579187638 3
1579187639 3
1579187640 3
1579187641 4
1579187642 2
1579187643 2
1579187644 2
1579187645 2
1579187646 2
1579187647 2
1579187648 2
1579187649 2
1579187650 2
1579187651 2
1579187652 2
1579187653 2
1579187654 3
1579187655 3
1579187656 2
1579187657 2
1579187658 5
1579187659 4
1579187660 5
1579187661 5
1579187662 4
1579187663 2
1579187664 2
1579188285 4
1579188286 4
1579188287 4
1579188288 4
1579188289 4
1579188290 3
1579188291 3
1579188292 3
1579188293 3
1579188294 3
1579188295 3
1579188296 3
1579188297 3
1579188298 4
1579188299 4
1579188300 4
1579188301 4
1579188302 4
1579188303 3
1579188304 3
1579188305 2
1579189928 4
1579189929 4
1579189930 4
1579189931 4
1579189932 4
1579189933 4
1579189934 3
1579189935 3
1579189936 3
1579189937 3
1579189938 3
1579189939 3
1579189940 3
1579189941 3
1579189942 3
1579189943 3
1579189944 4
1579189945 4
1579189946 4
1579189947 4
1579189948 3
1579189949 3
1579189950 2
1579191992 4
1579191993 4
1579191994 4
1579191995 4
1579191996 4
1579191997 4
1579191998 4
1579191999 4
1579192000 4
1579192001 4
1579192002 3
1579192003 3
1579192004 3
1579192005 4
1579192006 4
1579192007 4
1579192008 4
1579192009 3
1579192010 3
1579192011 3
