1582183754 3
1582183755 3
1582183756 3
1582183757 3
1582183758 3
1582183759 3
1582183760 3
1582183761 3
1582183762 3
1582183763 3
1582183764 3
1582183765 3
1582183766 3
1582183767 3
1582183768 4
1582183769 3
1582183770 3
1582183771 3
1582183772 3
1582183773 3
1582183774 3
1582183775 3
1582183776 3
1582183777 3
1582183778 3
1582183779 2
1582183780 2
1582183781 3
1582183782 4
1582183783 4
1582183784 4
1582183785 3
1582183786 3
1582183787 3
1582183788 3
1582183789 3
1582183790 3
1582183791 3
1582183792 3
1582183793 3
1582183794 3
1582183795 2
1582183796 3
1582183797 3
1582183798 3
1582183799 3
1582183800 3
1582183801 3
1582183802 3
1582183803 3
1582183804 3
1582183805 3
1582183806 3
1582183807 3
1582183808 2
1582183809 3
1582183810 3
1582183811 3
1582183812 3
1582183813 3
1582183814 3
1582183815 3
1582183816 3
1582183817 3
1582183818 3
1582183819 3
1582183820 3
1582183821 3
1582183822 3
1582183823 2
1582183824 3
1582183825 3
1582183826 3
1582183827 3
1582183828 3
1582183829 3
1582183830 3
1582183831 3
1582183832 3
1582183833 3
1582183834 3
1582183835 3
1582183836 3
1582183837 3
1582183838 3
1582183839 3
1582183840 3
1582183841 3
1582183842 3
1582183843 3
1582183844 3
1582183845 3
1582183846 3
1582183847 3
1582183848 3
1582183849 3
1582183850 3
1582183851 3
1582183852 3
1582183853 3
1582183854 3
1582183855 3
1582183856 3
1582183857 3
1582183858 3
1582183859 3
1582183860 3
1582183861 3
1582183862 3
1582183863 3
1582183864 3
1582183865 2
1582183866 3
1582183867 3
1582183868 3
1582183869 3
1582183870 3
1582183871 3
1582183872 3
1582183873 3
1582183874 3
1582183875 3
1582183876 3
1582183877 3
1582183878 3
1582183879 3
1582183880 3
1582183881 3
1582183882 2
1582183883 2
1582183884 3
1582183885 3
1582183886 3
1582183887 3
1582183888 3
1582183889 3
1582183890 3
1582183891 3
1582183892 3
1582183893 3
1582183894 3
1582183895 3
1582183896 3
1582183897 3
1582183898 3
1582183899 3
1582183900 3
1582183901 3
1582183902 3
1582183903 3
1582183904 3
1582183905 3
1582183906 3
1582183907 3
1582183908 3
1582183909 3
1582183910 3
1582183911 3
1582183912 3
1582183913 3
1582183914 3
1582183915 3
1582183916 3
1582183917 3
1582183918 3
1582183919 3
1582183920 3
1582183921 3
1582183922 3
1582183923 3
1582183924 3
1582183925 3
1582183926 3
1582183927 3
1582183928 3
1582183929 3
1582183930 3
1582183931 3
1582183932 3
1582183933 3
1582183934 3
1582183935 3
1582183936 3
1582183937 3
1582183938 3
1582183939 3
1582183940 3
1582183941 3
1582183942 3
1582183943 3
1582183944 3
1582183945 3
1582183946 3
1582183947 3
1582183948 3
1582183949 3
1582183950 3
1582183951 3
1582183952 3
1582183953 3
1582183954 3
1582183955 3
1582183956 3
1582183957 3
1582183958 3
1582183959 3
1582183960 3
1582183961 3
1582183962 3
1582183963 3
1582183964 3
1582183965 3
1582183966 3
1582183967 3
1582183968 3
1582183969 3
1582183970 4
1582183971 3
1582183972 3
1582183973 3
1582183974 3
1582183975 3
1582183976 3
1582183977 3
1582183978 3
1582183979 3
1582183980 3
1582183981 3
1582183982 3
1582183983 3
1582183984 3
1582183985 3
1582183986 3
1582183987 3
1582183988 3
1582183989 3
1582183990 3
1582183991 3
1582183992 3
1582183993 3
1582183994 3
1582183995 3
1582183996 3
1582183997 3
1582183998 3
1582183999 3
1582184000 3
1582184001 3
1582184002 3
1582184003 3
1582184004 3
1582184005 3
1582184006 3
1582184007 3
1582184008 3
1582184009 3
1582184010 3
1582184011 4
1582184012 4
1582184013 3
1582184014 3
1582184015 3
1582184016 3
1582184017 3
1582184018 3
1582184019 3
1582184020 3
1582184021 3
1582184022 3
1582184023 3
1582184024 3
1582184025 3
1582184026 3
1582184027 3
1582184028 3
1582184029 3
1582184030 3
1582184031 3
1582184032 3
1582184033 3
1582184034 3
1582184035 3
1582184036 3
1582184037 3
1582184038 3
1582184039 3
1582184040 3
1582184041 3
1582184042 3
1582184043 3
1582184044 3
1582184045 3
1582184046 3
1582184047 3
1582184048 3
1582184049 3
1582184050 3
1582184051 3
1582184052 3
1582184053 3
1582184054 3
1582184055 3
1582184056 3
1582184057 3
1582184058 3
1582184059 3
1582184060 3
1582184061 3
1582184062 3
1582184063 3
1582184064 3
1582184065 3
1582184066 3
1582184067 3
1582184068 3
1582184069 3
1582184070 3
1582184071 3
1582184072 3
1582184073 3
1582184074 3
1582184075 3
1582184076 3
1582184077 3
1582184078 3
1582184079 3
1582184080 3
1582184081 3
1582184082 3
1582184083 3
1582184084 3
1582184085 3
1582184086 3
1582184087 3
1582184088 3
1582184089 3
1582184090 3
1582184091 3
1582184092 3
1582184093 3
1582184094 3
1582184095 3
1582184096 3
1582184097 3
1582184098 3
1582184099 3
1582184100 3
1582184101 3
1582184102 3
1582184103 3
1582184104 3
1582184105 3
1582184106 3
1582184107 3
1582184108 3
1582184109 3
1582184110 3
1582184111 3
1582184112 3
1582184113 3
1582184114 3
1582184115 3
1582184116 3
1582184117 3
1582184118 3
1582184119 3
1582184120 3
1582184121 3
1582184122 3
1582184172 3
1582184173 3
1582184174 3
1582184175 3
1582184176 3
1582184177 3
1582184178 3
1582184179 3
1582184180 3
1582184181 3
1582184182 3
1582184183 3
1582184184 3
1582184185 3
1582184186 3
1582184187 3
1582184188 3
1582184189 3
1582184190 3
1582184191 3
1582184192 3
1582184193 3
1582184194 3
1582184195 3
1582184196 3
1582184197 3
1582184198 3
1582184199 3
1582184200 3
1582184201 3
1582184202 3
1582184203 3
1582184204 3
1582184205 3
1582184206 3
1582184207 3
1582184208 3
1582184209 3
1582184210 3
1582184211 3
1582184212 3
1582184213 3
1582184214 3
1582184215 3
1582184216 3
1582184217 3
1582184218 3
1582184219 3
1582184220 3
1582184221 3
1582184222 3
1582184223 3
1582184224 3
1582184225 3
1582184226 3
1582184227 3
1582184228 3
1582184229 3
1582184230 3
1582184231 3
1582184232 3
1582184233 3
1582184234 3
1582184235 3
1582184236 3
1582184237 3
1582184238 3
1582184239 3
1582184240 3
1582184241 3
1582184242 3
1582184243 3
1582184244 3
1582184245 3
1582184246 3
1582184247 3
1582184248 3
1582184249 3
1582184250 3
1582184251 3
1582184252 3
1582184253 3
1582184254 3
1582184255 3
1582184256 3
1582184257 3
1582184258 3
1582184259 3
1582184260 3
1582184261 3
1582184262 3
1582184263 3
1582184264 3
1582184265 3
1582184266 3
1582184267 3
1582184268 3
1582184269 3
1582184270 3
1582184271 3
1582184272 3
1582184273 3
1582184274 3
1582184275 3
1582184276 3
1582184277 3
1582184278 3
1582184279 3
1582184280 3
1582184281 3
1582184282 3
1582184283 3
1582184284 3
1582184285 3
1582184286 3
1582184287 3
1582184288 3
1582184289 3
1582184290 3
1582184291 3
1582184292 3
1582184293 3
1582184294 3
1582184295 3
1582184296 3
1582184297 3
1582184298 3
1582184299 3
1582184300 3
1582184301 3
1582184302 3
1582184303 3
1582184304 3
1582184305 3
1582184306 3
1582184307 3
1582184308 3
1582184309 3
1582184310 3
1582184311 3
1582184312 3
1582184313 3
1582184314 3
1582184315 3
1582184316 3
1582184317 3
1582184318 3
1582184319 3
1582184320 3
1582184321 3
1582184322 3
1582184323 3
1582184324 3
1582184325 3
1582184326 3
1582184327 3
1582184328 3
1582184329 3
1582184330 3
1582184331 3
1582184332 3
1582184333 3
1582184334 3
1582184335 3
1582184418 4
1582184419 4
1582184420 4
1582184421 3
1582184422 3
1582184423 4
1582184424 4
1582184425 4
1582184426 4
1582184427 4
1582184715 2
1582184716 2
1582184717 2
1582184718 2
1582184719 2
1582184720 2
1582184721 4
1582184722 5
1582184723 3
1582184724 3
1582184725 2
1582184726 2
1582184727 2
1582184728 2
1582184729 2
1582184730 2
1582184731 2
1582184732 2
1582184733 2
1582184734 3
1582184735 3
1582184736 3
1582184737 2
1582184738 3
1582184739 3
1582184740 3
1582184741 3
1582184742 3
1582184743 3
1582184744 3
1582184746 3
1582184747 4
1582184748 4
1582184749 3
1582184750 3
1582184751 4
1582184752 4
1582184753 4
1582184754 4
1582184755 4
1582184756 4
1582184757 4
1582184758 3
1582184759 4
1582184760 4
1582184761 3
1582184762 4
1582184763 3
1582184764 4
1582184765 4
1582184766 4
1582184767 4
1582184768 4
1582184769 4
1582184770 4
1582184771 4
1582184772 3
1582184773 3
1582184774 3
1582184775 3
1582184776 4
1582184777 4
1582184778 3
1582184779 4
1582184780 3
1582184781 4
1582184782 4
1582184783 4
1582184784 3
1582184785 3
1582184786 3
1582184787 4
1582184788 4
1582184789 3
1582184790 4
1582184791 4
1582184792 4
1582184793 4
1582184794 4
1582184795 4
1582184796 4
1582184797 4
1582184798 4
1582184799 3
1582184800 3
1582184801 3
1582184802 4
1582184803 4
1582184804 3
1582184805 4
1582184806 4
1582184807 4
1582184808 3
1582184809 4
1582184810 4
1582184811 4
1582184812 3
1582184813 4
1582184814 3
1582184815 3
1582184816 4
1582184817 4
1582184818 3
1582184819 3
1582184820 4
1582184821 4
1582184822 4
1582184823 3
1582184824 3
1582184825 4
1582184826 4
1582184827 4
1582184828 4
1582184829 4
1582184830 4
1582184831 3
1582184832 4
1582184833 4
1582184834 3
1582184835 4
1582184836 3
1582184837 4
1582184838 4
1582184839 4
1582184840 2
1582184841 3
1582184842 3
1582184843 2
1582184844 2
1582184845 3
1582184846 3
1582184847 3
1582184848 3
1582184849 4
1582184850 3
1582184851 3
1582184852 3
1582184853 3
1582184854 3
1582184855 3
1582184856 3
1582184857 3
1582184858 3
1582184859 3
1582184860 3
1582184861 3
1582184862 3
1582184863 3
1582184864 3
1582184865 3
1582184866 3
1582184867 3
1582184868 3
1582184869 3
1582184870 3
1582184871 3
1582184872 3
1582184873 3
1582184874 3
1582184875 3
1582184876 3
1582184877 3
1582184878 3
1582184879 3
1582184880 3
1582184881 3
1582184882 3
1582184883 3
1582184884 3
1582184885 3
1582184886 3
1582184887 3
1582184888 3
1582184889 3
1582184890 3
1582184891 3
1582184892 3
1582184893 3
1582184894 3
1582184895 3
1582184896 3
1582184897 3
1582184898 3
1582184899 3
1582184900 3
1582184901 3
1582184902 3
1582184903 3
1582184904 3
1582184905 3
1582184906 3
1582184907 3
1582184908 3
1582184909 3
1582184910 3
1582184911 4
1582184912 4
1582184913 4
1582184914 3
1582184915 4
1582184916 3
1582184917 3
1582184918 3
1582184919 3
1582184920 3
1582184921 3
1582184922 3
1582184923 3
1582184924 3
1582184925 3
1582184926 3
1582184927 4
1582184928 4
1582184929 4
1582184930 4
1582184931 4
1582184932 4
1582184933 4
1582184934 4
1582184935 4
1582184936 4
1582184937 4
1582184938 4
1582184939 4
1582184940 4
1582184941 4
1582184942 4
1582184943 4
1582184944 4
1582184945 4
1582184946 4
1582184947 4
1582184948 4
1582184949 4
1582184950 4
1582184951 4
1582184952 4
1582184953 4
1582184954 4
1582184955 4
1582184956 4
1582184957 5
1582184958 5
1582184959 5
1582184960 5
1582184961 5
1582184962 5
1582184963 5
1582184964 5
1582184965 5
1582184966 5
1582184967 5
1582184968 5
1582184969 5
1582184970 5
1582184971 5
1582184972 5
1582184973 5
1582184974 5
1582184975 5
1582184976 5
1582184977 5
1582184978 5
1582184979 5
1582184980 5
1582184981 5
1582184982 5
1582184983 5
1582184984 5
1582184985 5
1582184986 5
1582184987 5
1582184988 5
1582184989 5
1582184990 5
1582184991 5
1582184992 5
1582184993 5
1582184994 5
1582184995 5
1582184996 5
1582184997 5
1582184998 4
1582184999 4
1582185000 4
1582185001 4
1582185002 4
1582185003 4
1582185004 4
1582185005 4
1582185006 4
1582185007 4
1582185008 4
1582185009 5
1582185010 6
1582185011 6
1582185012 4
1582185013 4
1582185014 3
1582185015 3
1582185016 2
1582185381 4
1582185382 4
1582185383 4
1582185384 4
1582185385 4
1582185386 4
1582185387 4
1582185388 5
1582185389 3
1582185390 3
1582185391 3
1582185392 3
1582185393 3
1582185394 3
1582185395 3
1582185396 3
1582185397 3
1582185398 3
1582185399 3
1582185400 3
1582185401 3
1582185402 3
1582185403 3
1582185404 3
1582185405 3
1582185406 3
1582185407 3
1582185408 3
1582185409 3
1582185410 3
1582185411 3
1582185412 3
1582185413 3
1582185900 2
1582185901 2
1582185902 2
1582185903 2
1582185904 2
1582185905 2
1582185906 2
1582185907 2
1582185908 2
1582185909 2
1582185910 2
1582185911 2
1582185912 2
1582185913 2
1582185914 2
1582185915 2
1582185916 2
1582185917 2
1582185918 2
1582185919 2
1582185920 2
1582185921 2
1582185922 2
1582185923 2
1582185924 2
1582185925 3
1582185926 2
1582185927 2
1582185928 3
1582185929 4
1582185930 4
1582185931 4
1582185932 4
1582185933 4
1582185934 2
1582185935 2
1582186067 6
1582186068 7
1582186069 6
1582186070 5
1582186071 3
1582186072 2
1582186073 4
1582186074 3
1582186075 4
1582186076 4
1582186077 4
1582186078 4
1582186079 4
1582186080 4
1582186081 5
1582186082 3
1582186083 3
1582186084 3
1582186085 3
1582186086 3
1582186087 2
1582186088 2
1582186089 4
1582186090 4
1582186091 4
1582186092 4
1582186093 4
1582186094 2
1582186095 2
1582186229 4
1582186230 4
1582186231 4
1582186232 4
1582186233 4
1582186234 4
1582186235 4
1582186236 3
1582186237 3
1582186238 3
1582186239 3
1582186240 3
1582186241 3
1582186242 3
1582186243 3
1582186244 3
1582186245 3
1582186246 3
1582186247 2
1582186248 3
1582186249 4
1582186250 4
1582186251 4
1582186252 4
1582186253 3
1582186254 2
1582186255 2
1582188089 4
1582188090 4
1582188091 4
1582188092 4
1582188093 4
1582188094 4
1582188095 3
1582188096 3
1582188097 3
1582188098 3
1582188099 3
1582188100 3
1582188101 3
1582188102 2
1582188103 4
1582188104 5
1582188105 4
1582188106 4
1582188107 4
1582188108 2
1582188109 2
1582188406 4
1582188407 4
1582188408 4
1582188409 4
1582188410 3
1582188411 3
1582188412 3
1582188413 3
1582188414 3
1582188415 3
1582188416 3
1582188417 3
1582188418 3
1582188419 3
1582188420 3
1582188421 3
1582188422 3
1582188423 3
1582188424 3
1582188425 3
1582188426 3
1582188427 3
1582188428 3
1582188429 3
1582188430 3
1582188431 3
1582188432 3
1582188433 3
1582188434 3
1582188435 3
1582188436 3
1582188437 3
1582188438 3
1582188439 3
1582188440 3
1582188441 3
1582188442 3
1582188443 3
1582188444 3
1582188445 3
1582188446 3
1582188447 3
1582188448 3
1582188449 3
1582188450 3
1582188451 3
1582188452 3
1582188453 3
1582188454 3
1582188455 3
1582188456 3
1582188457 3
1582188458 3
1582188459 3
1582188460 3
1582188461 3
1582188462 3
1582188463 3
1582188464 3
1582188465 3
1582188466 3
1582188467 3
1582188468 3
1582188469 3
1582188470 3
1582188471 3
1582188472 3
1582188473 3
1582188474 3
1582188475 3
1582188476 3
1582188477 3
1582188478 3
1582188479 3
1582188480 3
1582188481 3
1582188482 3
1582188483 3
1582188484 3
1582188485 3
1582188486 3
1582188487 3
1582188488 3
1582188489 3
1582188490 3
1582188491 3
1582188492 3
1582188493 3
1582188494 3
1582188495 3
1582188496 3
1582188497 3
1582188498 3
1582188499 3
1582188500 3
1582188501 3
1582188502 3
1582188503 3
1582188504 3
1582188505 3
1582188506 3
1582188507 3
1582188508 3
1582188509 3
1582188510 3
1582188511 3
1582188512 3
1582188513 3
1582188514 3
1582188515 3
1582188516 3
1582188517 3
1582188518 3
1582188519 3
1582188520 3
1582188521 3
1582188522 3
1582188523 3
1582188524 3
1582188525 3
1582188526 3
1582188527 2
1582188528 2
1582188529 2
1582188530 2
1582188531 2
1582188532 2
1582188533 2
1582188534 2
1582188535 2
1582188536 2
1582188537 3
1582188538 2
1582188539 3
1582188540 3
1582188541 3
1582188542 3
1582188543 3
1582188544 3
1582188545 3
1582188546 3
1582188547 3
1582188548 3
1582188549 3
1582188550 3
1582188551 3
1582188552 3
1582188553 3
1582188554 3
1582188555 3
1582188556 3
1582188557 3
1582188558 3
1582188559 3
1582188560 3
1582188561 3
1582188562 3
1582188563 3
1582188564 3
1582188565 3
1582188566 3
1582188567 3
1582188568 3
1582188569 3
1582188570 3
1582188571 3
1582188572 3
1582188573 3
1582188574 3
1582188575 3
1582188576 3
1582188577 3
1582188578 3
1582188579 3
1582188580 3
1582188581 3
1582188582 3
1582188583 3
1582188584 3
1582188585 3
1582188586 3
1582188587 3
1582188588 3
1582188589 3
1582188590 3
1582188591 3
1582188592 3
1582188593 3
1582188594 3
1582188595 3
1582188596 3
1582188597 3
1582188598 3
1582188599 3
1582188600 3
1582188601 3
1582188602 3
1582188603 3
1582188604 3
1582188605 3
1582188606 3
1582188607 3
1582188608 3
1582188609 3
1582188610 3
1582188611 3
1582188612 3
1582188613 3
1582188614 3
1582188615 3
1582188616 3
1582188617 3
1582188618 3
1582188619 3
1582188620 3
1582188621 3
1582188622 3
1582188623 3
1582188624 3
1582188625 3
1582188626 3
1582188627 3
1582188628 3
1582188629 3
1582188630 3
1582188631 3
1582188632 3
1582188633 3
1582188634 3
1582188635 3
1582188636 3
1582188637 3
1582188638 3
1582188639 3
1582188640 3
1582188641 3
1582188642 3
1582188643 3
1582188644 3
1582188645 3
1582188646 3
1582188647 3
1582188648 3
1582188649 3
1582188650 3
1582188651 3
1582188652 3
1582188653 3
1582188654 3
1582188655 3
1582188656 3
1582188657 3
1582188658 3
1582188659 3
1582188660 3
1582188661 3
1582188662 3
1582188663 3
1582188664 3
1582188665 3
1582188666 3
1582188667 3
1582188668 3
1582188669 3
1582188670 3
1582188671 3
1582188672 3
1582188673 3
1582188674 3
1582188675 3
1582188676 3
1582188677 3
1582188678 3
1582188679 3
1582188680 3
1582188681 3
1582188682 3
1582188683 3
1582188684 3
1582188685 3
1582188686 3
1582188687 3
1582188688 3
1582188689 3
1582188690 3
1582188691 3
1582188692 3
1582188693 3
1582188694 3
1582188695 3
1582188696 3
1582188697 3
1582188698 3
1582188699 3
1582188700 3
1582188701 3
1582188702 3
1582188703 3
1582188704 3
1582188705 3
1582188706 3
1582188707 3
1582188708 3
1582188709 3
1582188710 3
1582188711 3
1582188712 3
1582188713 3
1582188714 4
1582188715 3
1582188716 2
1582188717 3
1582188718 4
1582188719 4
1582188720 4
1582188721 4
1582188722 5
1582188723 3
1582188724 3
1582189437 6
1582189438 5
1582189439 4
1582189440 3
1582189441 3
1582189442 2
1582192190 4
1582192191 4
1582192192 4
1582192193 4
1582192194 4
1582192195 4
1582192196 4
1582192197 4
1582192198 4
1582192199 4
1582192200 4
1582192201 4
1582192202 4
1582192203 3
1582192204 3
1582192205 3
1582192206 3
1582192207 4
1582192208 4
1582192209 4
1582192210 4
1582192211 4
1582192212 2
1582192213 2
1582193361 4
1582193362 4
1582193363 4
1582193364 4
1582193365 4
1582193366 4
1582193367 3
1582193368 3
1582193369 3
1582193370 3
1582193371 3
1582193372 3
1582193373 3
1582193374 3
1582193375 3
1582193376 3
1582193377 3
1582193378 3
1582193379 3
1582193380 3
1582193381 3
1582193382 3
1582193383 3
1582193384 3
1582193385 3
1582193386 3
1582193387 3
1582193388 3
1582193389 3
1582193390 3
1582193391 3
1582193392 3
1582193393 3
1582193394 3
1582193395 3
1582193396 3
1582193397 3
1582193398 3
1582193399 3
1582193400 3
1582193401 3
1582193402 3
1582193403 3
1582193404 3
1582193405 3
1582193406 3
1582193407 3
1582193408 3
1582193409 3
1582193410 2
1582193411 3
1582193412 3
1582193413 3
1582193414 3
1582193415 3
1582193416 3
1582193417 3
1582193418 3
1582193419 3
1582193420 3
1582193421 3
1582193422 3
1582193423 3
1582193424 3
1582193425 3
1582193426 3
1582193427 3
1582193428 3
1582193429 3
1582193430 3
1582193431 3
1582193432 3
1582193433 3
1582193434 3
1582193435 3
1582193436 2
1582193437 3
1582193438 3
1582193439 3
1582193440 3
1582193441 3
1582193442 3
1582193443 3
1582193444 3
1582193445 3
1582193446 3
1582193447 3
1582193448 3
1582193449 3
1582193450 3
1582193451 3
1582193452 3
1582193453 3
1582193454 3
1582193455 3
1582193456 3
1582193457 3
1582193458 3
1582193459 3
1582193460 3
1582193461 3
1582193462 3
1582193463 3
1582193464 3
1582193465 3
1582193466 3
1582193467 3
1582193468 3
1582193469 3
1582193470 3
1582193471 3
1582193472 3
1582193473 3
1582193474 3
1582193475 3
1582193476 3
1582193477 3
1582193478 3
1582193479 3
1582193480 3
1582193481 3
1582193482 3
1582193483 3
1582193484 3
1582193485 3
1582193486 3
1582193487 3
1582193488 3
1582193489 3
1582193490 3
1582193491 3
1582193492 3
1582193493 3
1582193494 3
1582193495 3
1582193496 3
1582193497 3
1582193498 3
1582193499 3
1582193500 3
1582193501 3
1582193502 3
1582193503 3
1582193504 3
1582193505 3
1582193506 3
1582193507 3
1582193508 3
1582193509 3
1582193510 3
1582193511 3
1582193512 3
1582193513 3
1582193514 3
1582193515 3
1582193516 3
1582193517 3
1582193518 3
1582193519 3
1582193520 3
1582193521 3
1582193522 3
1582193523 3
1582193524 3
1582193525 3
1582193526 3
1582193527 3
1582193528 3
1582193529 3
1582193530 3
1582193531 3
1582193532 3
1582193533 3
1582193534 3
1582193535 3
1582193536 3
1582193537 3
1582193538 3
1582193539 3
1582193540 3
1582193541 3
1582193542 3
1582193543 3
1582193544 3
1582193545 3
1582193546 3
1582193547 3
1582193548 3
1582193549 3
1582193550 3
1582193551 3
1582193552 3
1582193553 3
1582193554 3
1582193555 3
1582193556 3
1582193557 3
1582193558 3
1582193559 3
1582193560 3
1582193561 3
1582193562 3
1582193563 3
1582193564 3
1582193565 3
1582193566 3
1582193567 3
1582193568 3
1582193569 3
1582193570 3
1582193571 3
1582193572 3
1582193573 3
1582193574 3
1582193575 3
1582193576 3
1582193577 3
1582193578 3
1582193579 3
1582193580 3
1582193581 3
1582193582 3
1582193583 3
1582193584 3
1582193585 3
1582193586 3
1582193587 3
1582193588 3
1582193589 3
1582193590 3
1582193591 3
1582193592 3
1582193593 3
1582193594 3
1582193595 3
1582193596 3
1582193597 3
1582193598 3
1582193599 3
1582193600 3
1582193601 3
1582193602 3
1582193603 3
1582193604 3
1582193605 3
1582193606 3
1582193607 3
1582193608 3
1582193609 3
1582193610 3
1582193611 3
1582193612 3
1582193613 3
1582193614 3
1582193615 3
1582193616 3
1582193617 3
1582193618 3
1582193619 3
1582193620 3
1582193621 3
1582193622 3
1582193623 3
1582193624 3
1582193625 3
1582193626 3
1582193627 3
1582193628 3
1582193629 3
1582193630 3
1582193631 3
1582193632 3
1582193633 3
1582193634 3
1582193635 3
1582193636 3
1582193637 3
1582193638 3
1582193639 3
1582193640 3
1582193641 3
1582193642 3
1582193643 3
1582193644 3
1582193645 3
1582193646 3
1582193647 3
1582193648 3
1582193649 3
1582193650 3
1582193651 3
1582193652 3
1582193653 3
1582193654 3
1582193655 3
1582193656 3
1582193657 3
1582193658 3
1582193659 3
1582193660 3
1582193661 3
1582193662 3
1582193663 3
1582193664 3
1582193665 3
1582193666 3
1582193667 3
1582193668 3
1582193669 3
1582193670 3
1582193671 3
1582193672 3
1582193673 3
1582193674 3
1582193675 3
1582193676 3
1582193677 3
1582193678 3
1582193679 3
1582193680 3
1582193681 3
1582193682 3
1582193683 3
1582193684 3
1582193685 3
1582193686 3
1582193687 3
1582193688 3
1582193689 3
1582193690 3
1582193691 3
1582193692 3
1582193693 3
1582193694 3
1582193695 3
1582193696 3
1582193697 3
1582193698 3
1582193699 3
1582193700 3
1582193701 3
1582193702 3
1582193703 3
1582193704 3
1582193705 3
1582193706 3
1582193707 3
1582193708 3
1582193709 3
1582193710 3
1582193711 3
1582193712 2
1582193713 2
1582193714 5
1582193715 6
1582193716 5
1582193717 5
1582193718 4
1582193719 4
1582193720 2
1582193861 4
1582193862 4
1582193863 4
1582193864 4
1582193865 4
1582193866 4
1582193867 4
1582193868 4
1582193869 4
1582193870 4
1582193871 4
1582193872 4
1582193873 4
1582193874 3
1582193875 3
1582193876 5
1582193877 6
1582193878 6
1582193879 5
1582193880 5
1582193881 5
1582193882 4
1582193883 3
1582194023 4
1582194024 4
1582194025 4
1582194026 4
1582194027 4
1582194028 4
1582194029 4
1582194030 4
1582194031 4
1582194032 4
1582194033 4
1582194034 4
1582194035 4
1582194036 4
1582194037 3
1582194038 2
1582194039 3
1582194040 3
1582194041 4
1582194042 3
1582194043 4
1582194044 5
1582194045 4
1582194046 5
1582194047 2
1582194048 2
1582194183 5
1582194184 4
1582194185 4
1582194186 4
1582194187 4
1582194188 4
1582194189 4
1582194190 4
1582194191 4
1582194192 4
1582194193 4
1582194194 3
1582194195 2
1582194196 2
1582194197 4
1582194198 5
1582194199 5
1582194200 6
1582194201 5
1582194202 5
1582194203 3
1582194346 4
1582194347 5
1582194348 4
1582194349 4
1582194350 4
1582194351 4
1582194352 4
1582194353 4
1582194354 4
1582194355 4
1582194356 3
1582194357 2
1582194358 2
1582194359 4
1582194360 4
1582194361 4
1582194362 4
1582194363 4
1582194364 3
1582194365 2
1582194508 4
1582194509 4
1582194510 4
1582194511 4
1582194512 4
1582194513 4
1582194514 4
1582194515 4
1582194516 4
1582194517 4
1582194518 4
1582194519 4
1582194520 3
1582194521 3
1582194522 3
1582194523 3
1582194524 4
1582194525 4
1582194526 4
1582194527 4
1582194528 4
1582194529 2
1582194530 2
1582195159 4
1582195160 4
1582195161 4
1582195162 4
1582195163 3
1582195164 3
1582195165 3
1582195166 3
1582195167 3
1582195168 3
1582195169 3
1582195170 4
1582195171 3
1582195172 2
1582195173 4
1582195174 4
1582195175 4
1582195176 4
1582195177 4
1582195178 3
1582195179 2
1582195974 4
1582195975 4
1582195976 4
1582195977 4
1582195978 3
1582195979 3
1582195980 3
1582195981 3
1582195982 3
1582195983 3
1582195984 3
1582195985 3
1582195986 2
1582195987 3
1582195988 4
1582195989 4
1582195990 4
1582195991 4
1582195992 3
1582195993 3
1582196135 4
1582196136 4
1582196137 4
1582196138 4
1582196139 3
1582196140 3
1582196141 3
1582196142 3
1582196143 3
1582196144 3
1582196145 3
1582196146 3
1582196147 2
1582196148 4
1582196149 4
1582196150 4
1582196151 4
1582196152 3
1582196153 3
1582196154 3
1582196293 4
1582196294 4
1582196295 4
1582196296 4
1582196297 4
1582196298 3
1582196299 3
1582196300 3
1582196301 3
1582196302 3
1582196303 3
1582196304 2
1582196305 2
1582196306 3
1582196307 4
1582196308 4
1582196309 4
1582196310 4
1582196311 3
1582196312 3
1582196313 2
1582196768 5
1582196769 4
1582196770 5
1582196771 4
1582196772 4
1582196773 4
1582196774 4
1582196775 4
1582196776 4
1582196777 4
1582196778 4
1582196779 3
1582196780 2
1582196781 2
1582196782 4
1582196783 4
1582196784 5
1582196785 4
1582196786 4
1582196787 3
1582196788 2
1582197098 4
1582197099 4
1582197100 4
1582197101 4
1582197102 4
1582197103 4
1582197104 4
1582197105 4
1582197106 4
1582197107 4
1582197108 3
1582197109 2
1582197110 2
1582197111 3
1582197112 4
1582197113 4
1582197114 4
1582197115 4
1582197116 4
1582197117 2
1582197255 4
1582197256 4
1582197257 4
1582197258 4
1582197259 4
1582197260 4
1582197261 4
1582197262 4
1582197263 4
1582197264 4
1582197265 4
1582197266 2
1582197267 2
1582197268 2
1582197269 4
1582197270 5
1582197271 4
1582197272 4
1582197273 4
1582197274 2
1582197275 2
1582197415 4
1582197416 4
1582197417 4
1582197418 4
1582197419 4
1582197420 4
1582197421 4
1582197422 4
1582197423 4
1582197424 4
1582197425 3
1582197426 3
1582197427 3
1582197428 4
1582197429 5
1582197430 5
1582197431 5
1582197432 5
1582197433 4
1582197434 2
1582197435 2
1582197591 4
1582197592 4
1582197593 4
1582197594 4
1582197595 4
1582197596 4
1582197597 4
1582197598 3
1582197599 3
1582197600 3
1582197601 3
1582197602 3
1582197603 2
1582197604 2
1582197605 5
1582197606 5
1582197607 5
1582197608 5
1582197609 4
1582197610 2
1582197611 2
1582197748 5
1582197749 4
1582197750 4
1582197751 4
1582197752 4
1582197753 4
1582197754 4
1582197755 3
1582197756 3
1582197757 3
1582197758 3
1582197759 3
1582197760 3
1582197761 2
1582197762 2
1582197763 4
1582197764 4
1582197765 4
1582197766 4
1582197767 4
1582197768 4
1582197769 2
1582198066 4
1582198067 4
1582198068 4
1582198069 4
1582198070 3
1582198071 3
1582198072 3
1582198073 3
1582198074 3
1582198075 3
1582198076 3
1582198077 2
1582198078 2
1582198079 4
1582198080 4
1582198081 4
1582198082 5
1582198083 3
1582198084 3
1582198085 2
1582198382 4
1582198383 4
1582198384 4
1582198385 4
1582198386 3
1582198387 3
1582198388 3
1582198389 3
1582198390 3
1582198391 3
1582198392 3
1582198393 4
1582198394 4
1582198395 4
1582198396 6
1582198397 4
1582198398 5
1582198399 5
1582198400 5
1582198401 5
1582198402 3
1582198403 3
1582198639 6
1582198640 6
1582198641 5
1582198642 5
1582198643 5
1582198644 5
1582198645 5
1582198646 5
1582198647 6
1582198648 6
1582198649 6
1582198650 6
1582198651 6
1582198652 5
1582198653 5
1582198654 5
1582198655 6
1582198656 6
1582198657 5
1582198658 6
1582198659 3
1582198660 3
1582198661 2
1582198662 1
1582198663 2
1582198664 3
1582198665 4
1582198666 4
1582198667 4
1582198668 4
1582198669 3
1582198670 3
1582198671 3
1582198672 3
1582198673 3
1582198674 3
1582198675 3
1582198676 3
1582198677 2
1582198678 3
1582198679 4
1582198680 5
1582198681 4
1582198682 4
1582198683 3
1582198684 3
1582198685 2
1582199014 4
1582199015 4
1582199016 4
1582199017 4
1582199018 3
1582199019 3
1582199020 3
1582199021 3
1582199022 3
1582199023 3
1582199024 3
1582199025 3
1582199026 3
1582199027 4
1582199028 4
1582199029 5
1582199030 5
1582199031 4
1582199032 4
1582199033 4
1582199034 2
