1574710620 0 
1574710621 0 
1574707041 0 
1574707042 0 
1574708705 0 
1574708706 0 
1569849926 0 
1569849927 0 
1569850130 0 
1569850131 0 
1569850940 0 
1569850941 0 
1569850942 0 
1569851149 0 
1569851150 0 
1569851495 0 
1569851496 1 
1569851497 1 
1569851498 0 
1569851705 0 
1569851706 0 
1569851707 0 
1569851935 0 
1569851936 0 
1569852164 0 
1569852165 0 
1569852166 0 
1569852402 0 
1569852403 0 
1569852404 0 
1569852619 0 
1569852620 0 
1569852621 0 
1569853009 0 
1569853010 0 
1569853011 0 
1569853321 0 
1569853322 0 
1569853323 0 
1569853562 0 
1569853563 0 
1569853564 0 
1569854202 0 
1569854203 0 
1569854204 0 
1569855161 0 
1569855162 0 
1569855163 0 
1569855608 0 
1569855609 0 
1569855610 0 
1570446933 0 
1570446934 0 
1570446935 0 
1570448025 0 
1570448026 0 
1570448027 0 
1570448752 0 
1570448753 0 
1570448754 0 
1570449221 0 
1570449222 0 
1570449223 0 
1570449649 0 
1570449650 0 
1570449651 0 
1570543047 0 
1570543048 0 
1570543049 0 
1570543407 0 
1570543408 0 
1570543409 0 
1570543611 0 
1570543612 0 
1570544540 0 
1570544541 0 
1570544542 0 
1570544740 0 
1570544741 0 
1570544742 0 
1570545001 0 
1570545002 0 
1570545003 0 
1570545199 0 
1570545200 0 
1570545201 0 
1570545202 0 
1570545203 0 
1570545204 0 
1570545205 0 
1570545206 3 
1570545207 0 
1570545208 0 
1570545209 0 
1571322920 0 
1571322921 0 
1571323241 0 
1571323242 0 
1571323243 0 
1571323635 0 
1571323636 0 
1571324036 0 
1571324037 0 
1571324038 0 
1571324436 0 
1571324437 0 
1571324438 0 
1571325042 0 
1571325043 0 
1571325044 0 
1571325239 0 
1571325240 0 
1571325241 0 
1571325438 0 
1571325439 0 
1571325440 0 
1571325643 0 
1571325644 0 
1571325645 0 
1571325841 0 
1571325842 0 
1571325843 0 
1571326041 0 
1571326042 0 
1571326043 0 
1571326733 0 
1571326734 0 
1571326945 0 
1571326946 0 
1571326947 0 
1571327152 0 
1571327153 0 
1571327154 0 
1571327366 0 
1571327367 0 
1571327368 0 
1571327757 0 
1571327758 0 
1571327759 0 
1571328148 0 
1571328149 0 
1571328150 0 
1571328539 0 
1571328540 0 
1571328541 0 
1571328930 0 
1571328931 0 
1571329322 0 
1571329323 0 
1571329324 0 
1571329914 0 
1571329915 0 
1571329916 0 