1571766674 3
1571766675 3
1571766676 3
1571766677 3
1571766678 3
1571766679 2
1571766680 3
1571766681 2
1571766682 2
1571766683 2
1571766684 3
1571766685 3
1571766686 3
1571766687 2
1571766688 2
1571766689 3
1571766690 2
1571766691 2
1571766692 2
1571766693 2
1571766694 2
1571766695 2
1571766696 3
1571766697 2
1571766698 2
1571766699 2
1571766700 2
1571767457 3
1571767458 3
1571767459 3
1571767460 3
1571767461 2
1571767462 2
1571767463 2
1571767464 2
1571767465 2
1571767466 2
1571767467 2
1571767468 3
1571767469 3
1571767470 2
1571767471 2
1571767472 2
1571767473 2
1571767474 2
1571767475 2
1571767476 2
1571767477 2
1571767478 2
1571767479 2
1571767480 2
1571767481 2
1571767482 2
1571767483 2
