1569854885 3
1569854886 4
1569854887 4
1569854888 4
1569854889 3
1569854890 3
1569854891 4
1569854892 3
1569854893 3
1569854894 2
1569854895 2
1569854896 4
1569854897 2
1569854898 5
1569854899 4
1569854900 5
1569854901 5
1569854902 6
1569856458 2
1569856459 2
1569856460 2
1569856461 4
1569856462 4
1569856463 4
1569856464 3
1569856465 3
1569856466 4
1569856467 5
1569856468 3
1569856469 2
1569856470 2
1569856471 2
1569856472 2
1569856473 3
1569856474 2
1569856475 2
1569856476 3
1569856477 3
1569856478 3
