1571395814 4
1571395815 4
1571395816 4
1571395999 4
1571396000 4
1571396001 4
1571396002 4
1571396003 4
1571396004 4
1571396005 4
1571396006 2
1571396007 2
1571396008 2
1571396009 3
1571396010 4
1571396011 4
1571396012 5
1571396196 4
1571396197 4
1571396198 3
1571396199 3
1571396200 3
1571396201 3
1571396202 3
1571396203 2
1571396204 2
1571396205 2
1571396206 3
1571396207 4
1571396208 5
1571396209 4
1571396406 5
1571396407 5
1571396408 5
1571396604 4
1571396605 4
1571396606 4
1571396791 4
1571396792 4
1571396793 4
1571396794 3
1571396795 3
1571396796 3
1571396797 3
1571396798 2
1571396799 2
1571396800 2
1571396801 3
1571396802 4
1571396803 4
1571396804 4
1571396805 3
1571397033 4
1571397034 4
1571397224 4
1571397225 4
1571397226 4
1571397227 4
1571397228 3
1571397229 3
1571397230 3
1571397231 3
1571397232 3
1571397233 3
1571397234 3
1571397235 3
1571397236 4
1571397237 4
1571397238 5
1571397239 4
1571397423 3
1571397424 3
1571397425 3
1571397426 3
1571397427 3
1571397428 3
1571397429 3
1571397430 3
1571397431 2
1571397432 2
1571397433 3
1571397434 4
1571397435 5
1571397436 4
1571397619 4
1571397620 4
1571397621 3
1571397622 3
1571397623 3
1571397624 3
1571397625 3
1571397626 3
1571397627 3
1571397628 3
1571397629 2
1571397630 2
1571397631 3
1571397632 4
1571397633 5
1571397634 4
1571397817 4
1571397818 4
1571397819 4
1571397820 4
1571397821 4
1571397822 4
1571397823 4
1571397824 4
1571397825 4
1571397826 4
1571397827 4
1571397828 4
1571397829 4
1571397830 4
1571397831 4
1571397832 4
1571397833 4
1571397834 4
1571397835 4
1571397836 4
1571397837 4
1571397838 4
1571397839 4
1571397840 4
1571397841 4
1571397842 4
1571397843 4
1571397844 4
1571397845 4
1571397846 3
1571397847 2
1571397848 2
1571397849 3
1571397850 4
1571397851 4
1571397852 4
1571398241 4
1571398242 4
1571398243 4
1571398244 3
1571398245 4
1571398621 4
1571398622 4
1571398623 5
1571398624 4
1571398625 4
1571398626 4
1571398627 4
1571398628 5
1571398629 4
1571398630 4
1571398631 3
1571398632 3
1571398633 3
1571398634 2
1571398635 2
1571398636 2
1571398637 4
1571398638 4
1571398639 4
1571398640 4
1571399017 4
1571399018 4
1571399019 3
1571399020 3
1571399021 3
1571399022 3
1571399023 3
1571399024 3
1571399025 2
1571399026 2
1571399027 3
1571399028 4
1571399029 4
1571399030 4
1571399031 4
1571399421 4
1571399422 4
1571399816 4
1571399817 4
1571399818 4
1571399819 3
1571400210 4
1571400211 4
1571400212 4
1571400614 4
1571400615 4
1571400616 4
1571400617 4
1571400618 4
1571400619 4
1571400620 4
1571400621 4
1571400622 4
1571400623 4
1571400624 4
1571400625 4
1571400626 4
1571400627 3
1571400628 2
1571400629 2
1571400630 3
1571400631 4
1571400632 4
1571400633 4
1571400634 5
1571401031 4
1571401032 4
1571401407 4
1571401408 4
1571401409 4
1571401410 4
1571401411 4
1571401412 4
1571401413 4
1571401414 4
1571401415 4
1571401416 4
1571401417 4
1571401418 4
1571401419 2
1571401420 2
1571401421 3
1571401422 4
1571401423 4
1571401424 4
1571401425 5
1571404868 2
1571404869 2
1571404870 2
1571404871 2
1571404872 2
1571404873 2
1571404874 2
1571404875 2
1571404876 2
1571404877 2
1571404878 2
1571404879 4
1571404880 4
1571404881 5
1571404882 4
1571405065 4
1571405066 4
1571405067 3
1571405068 3
1571405069 3
1571405070 3
1571405071 3
1571405072 3
1571405073 3
1571405074 3
1571405075 3
1571405076 2
1571405077 2
1571405078 4
1571405079 4
1571405080 5
1571405081 4
1571405265 3
1571405266 3
1571405267 3
1571405268 3
1571405269 3
1571405270 3
1571405271 3
1571405272 2
1571405273 2
1571405274 3
1571405275 4
1571405276 5
1571405277 4
1571405278 4
1571405476 4
1571405477 4
1571405709 4
1571405710 4
1571406803 4
1571406804 4
1571406805 4
1571407193 4
1571407194 4
1571407195 4
1571407574 4
1571407575 4
1571407576 4
1571407577 4
1571407578 5
1571407579 4
1571407580 4
1571407581 4
1571407582 2
1571407583 2
1571407584 2
1571407585 3
1571407586 4
1571407587 4
1571407588 4
1571407975 4
1571407976 5
1571407977 4
1571408367 4
1571408368 4
1571408369 4
1571408898 4
1571408899 4
1571408900 5
1571409129 4
1571409130 5
1571409131 4
1571409330 5
1571409331 4
1571409332 4
1571409516 4
1571409517 3
1571409518 3
1571409519 3
1571409520 3
1571409521 3
1571409522 3
1571409523 3
1571409524 3
1571409525 2
1571409526 2
1571409527 3
1571409528 4
1571409529 5
1571409530 4
1571409531 4
1571409728 4
1571409729 4
1571409730 4
1571409731 4
1571409732 4
1571409733 3
1571409734 3
1571409735 3
1571409736 3
1571409737 3
1571409738 3
1571409739 3
1571409740 3
1571409741 2
1571409742 2
1571409743 3
1571409744 4
1571409745 4
1571409746 4
1571409747 3
