1582898577 3
1582898578 3
1582898579 3
1582898580 3
1582898581 3
1582898582 3
1582898583 3
1582898584 2
1582898585 2
1582898586 2
1582898587 2
1582898588 4
1582898589 4
1582898590 4
1582899175 4
1582899739 4
1582899740 4
1582900303 5
1582900849 4
1582900850 4
1582900851 4
1582900852 4
1582900853 3
1582900854 3
1582900855 3
1582900856 3
1582900857 3
1582900858 3
1582900859 3
1582900860 3
1582900861 2
1582900862 3
1582900863 4
1582900864 4
1582900865 4
1582902608 4
1582902609 4
1582903170 4
1582903171 4
1582903172 4
1582903173 4
1582903174 4
1582903175 4
1582903176 4
1582903177 4
1582903178 4
1582903179 4
1582903180 4
1582903181 5
1582903182 3
1582903183 3
1582903184 3
1582903185 2
1582903186 4
1582903187 4
1582903188 4
