1571754401 5.369621385
1571754792 5.411325329
1571755193 6.182214245
1571755595 5.65958929
1571756015 19.611190746
1571756824 5.412665979
1571757262 5.620802096
1571757679 5.567173323
1571758077 5.549887055
1571758468 5.573742518
1571758865 5.620131402
1571762472 5.655907547
1571762870 5.392598766
1571763261 5.201475593
1571763652 5.473849594
1571764045 5.781165918
1571764470 5.544381586
1571764862 5.412679529
1571765251 5.504413615
1571765642 5.429119847
1571766032 5.468430678
1571767000 5.589440855
