1579522817 2
1579522818 2
1579523027 2
1579523028 2
1579523217 2
1579523218 2
1579523383 2
1579523384 2
1579523555 2
1579523556 2
1579523737 2
1579523738 2
1579523918 2
1579523919 2
1579524105 2
1579524106 2
1579524275 2
1579524276 2
1579524443 2
1579524444 2
1579524675 2
1579524676 2
1579524998 2
1579524999 2
1579525350 2
1579525351 2
1579525726 2
1579525727 2
1579526051 2
1579526052 2
1579528362 2
1579528363 2
1579528683 2
1579528684 2
1579529105 2
1579529106 2
1579529107 2
1579529485 2
1579529486 2
1579529822 2
1579529823 2
1579530222 2
1579530223 2
1579530860 2
1579530861 2
1579531911 2
1579531912 2
1579532614 2
1579532615 2
1579533248 2
1579533249 2
1579533842 2
1579533843 2
1579534484 2
1579534485 2
1579535158 2
1579535159 2
1579535745 2
1579536825 2
1579536826 2
1579537410 2
1579537411 2
