1575112796 2
1575112797 2
1575112957 2
1575112958 2
1575113118 2
1575113119 2
1575113120 2
1575113279 2
1575113280 2
1575113437 2
1575113438 2
1575113597 2
1575113598 2
1575113754 2
1575113755 2
1575113912 2
1575114069 2
1575114070 2
1575114237 2
1575114238 2
1575114406 2
1575114407 2
1575114709 2
1575114710 2
1575115020 2
1575115021 2
1575115329 2
1575115330 2
1575115638 2
1575115639 2
1575115953 2
1575115954 2
1575116264 2
1575116265 2
1575116575 2
1575116576 2
1575116883 2
1575117191 2
1575117192 2
1575120212 2
1575120213 2
1575120775 2
1575120776 2
1575121334 2
1575121335 2
1575122397 2
1575122398 2
1575122956 2
1575123512 2
1575123513 2
1575124071 2
1575124072 2
1575124626 2
1575124627 2
1575125192 2
1575125761 2
1575125762 2
