1579351736 2
1579351903 2
1579352063 2
1579352064 2
1579352224 2
1579352225 2
1579352226 2
1579352387 2
1579352388 2
1579352551 2
1579352552 2
1579352708 2
1579352709 2
1579352870 2
1579352871 2
1579353033 2
1579353034 2
1579353196 2
1579353197 2
1579354078 2
1579354079 2
1579354384 2
1579354385 2
1579354695 2
1579354696 2
1579355006 2
1579355007 2
1579355313 2
1579355314 2
1579355623 2
1579355624 2
1579355933 2
1579355934 2
1579356237 2
1579356238 2
1579356545 2
1579356850 2
1579356851 2
1579359257 2
1579359258 2
1579359829 2
1579359830 2
1579360393 2
1579360394 2
1579360951 2
1579360952 2
1579361507 2
1579361508 2
1579362061 2
1579362062 2
1579362617 2
1579363177 2
1579363178 2
1579363746 2
1579363747 2
1579364306 2
1579364307 2
1579364308 2
