1574693514 3
1574693515 3
1574693516 3
1574693517 4
1574693518 4
1574693519 5
1574693520 5
1574693521 4
1574693522 5
1574693523 4
1574693524 5
1574693525 4
1574693526 3
1574693527 3
1574693528 1
1574693529 1
1574693530 1
1574693531 1
1574693533 1
1574693534 1
1574693535 3
1574693536 2
1574693537 2
1574693538 2
1574693539 4
1574693540 3
1574693541 2
1574693542 3
1574693543 3
1574693544 2
1574693545 1
1574693546 1
1574693547 1
1574693548 1
1574693549 1
1574693550 2
1574693551 2
1574693552 2
1574693553 2
1574693554 2
1574693555 2
1574693556 2
1574693557 2
1574693558 3
1574693559 3
1574693560 3
1574693561 4
1574693562 4
1574693563 4
1574693564 5
1574693565 5
1574693566 5
1574693567 5
1574693568 4
1574693569 5
1574693570 4
1574693571 6
1574693572 4
1574693573 4
1574693574 5
1574693575 3
1574693576 3
1574693577 3
1574693578 2
