1572964983 3
1572964984 3
1572964985 3
1572964986 3
1572964987 3
1572964988 3
1572964989 3
1572964990 3
1572964991 3
1572964992 3
1572964993 3
1572964994 3
1572964995 3
1572964996 3
1572964997 3
1572964998 3
1572964999 3
1572965000 3
1572965001 3
1572965002 3
1572965003 3
1572965004 3
1572965005 3
1572965006 3
1572965007 3
1572965008 3
1572965009 3
1572965010 3
1572965011 3
1572965012 3
1572965013 3
1572965014 3
1572965015 3
1572965016 3
1572965017 3
1572965280 2
1572965281 2
1572965282 2
1572965283 2
1572965284 2
1572965285 2
1572965286 2
1572965287 2
1572965288 2
1572965289 2
1572965290 2
1572965291 2
1572965292 2
1572965293 2
1572965294 2
1572965295 2
1572965296 2
1572965297 2
1572965298 2
1572965299 2
1572965300 2
1572965301 2
1572965302 2
1572965303 3
1572965304 3
1572965305 3
1572965306 2
1572965307 2
1572965308 2
1572965309 2
1572965310 2
1572965311 2
1572965312 2
1572965313 2
1572965314 2
1572965315 2
1572965316 2
1572965317 2
1572965318 2
1572965319 2
1572965320 2
1572965321 2
1572965322 2
1572965323 2
1572965324 2
1572965325 2
1572965326 2
1572965327 2
1572965328 2
1572965329 2
1572965330 2
1572965331 2
1572965332 2
1572965333 2
1572965334 2
1572965335 2
1572965336 2
1572965337 2
1572965338 3
1572965339 4
1572965340 4
1572965341 4
1572965342 4
1572965343 3
1572965344 2
1572965345 2
1572965346 2
1572965347 2
1572965348 2
1572965349 2
1572965350 2
1572965351 2
1572965352 2
1572965353 2
1572965354 2
1572965355 2
1572965356 2
1572965357 2
1572965358 2
1572965359 2
1572965360 2
1572965361 2
1572965362 2
1572965363 2
1572965364 2
1572965365 2
1572965366 2
1572965367 2
1572965368 2
1572965369 2
1572965370 2
1572965371 2
1572965372 2
1572965373 2
1572965374 2
1572965375 2
1572965376 2
1572965377 2
1572965378 2
1572965379 3
1572965380 3
1572965381 3
1572965382 3
1572965383 3
1572965384 3
1572965385 3
1572965386 4
1572965387 4
1572965388 4
1572965389 4
1572965390 4
1572965391 3
1572965392 3
1572965393 2
1572965394 4
1572965395 3
1572965396 4
1572965397 6
1572965398 7
1572965399 6
1572965400 6
1572965401 6
1572965402 6
1572965403 4
1572965404 5
1572965405 6
1572965406 5
1572965407 5
1572965408 4
1572965409 3
1572965410 2
1572965411 2
1572965412 2
1572965413 2
1572965414 3
1572965415 5
1572965416 6
1572965417 5
1572965418 6
1572965419 5
1572965420 5
1572965421 5
1572965422 5
1572965423 6
1572965424 4
1572965425 3
1572965426 2
1572965427 2
1572965428 2
1572965429 2
1572965430 2
1572965431 2
1572965432 2
1572965433 2
1572965434 2
1572965435 2
1572965436 2
1572965437 2
1572965438 2
1572965439 2
1572965440 2
1572965441 2
1572965442 2
1572965443 2
1572965444 3
1572965445 3
1572965446 3
1572965447 3
1572965448 3
1572965449 2
1572965450 2
1572965451 2
1572965452 5
1572965453 5
1572965454 6
1572965455 6
1572965456 5
1572965457 5
1572965458 6
1572965459 5
1572965460 6
1572965461 6
1572965462 6
1572965463 2
1572965464 2
1572965465 1
1572965466 2
1572965467 2
1572965468 2
1572965469 4
1572965470 6
1572965471 7
1572965472 10
1572965473 12
1572965474 10
1572965475 9
1572965476 9
1572965477 8
1572965478 5
1572965479 8
1572965480 8
1572965481 7
1572965482 6
1572965483 5
1572965484 5
1572965485 4
1572965486 3
1572965487 2
1572965488 1
1572965489 1
1572965490 4
1572965491 3
1572965492 4
1572965493 4
1572965494 4
1572965495 4
1572965496 4
1572965497 4
1572965498 4
1572965499 4
1572965500 4
1572965501 4
1572965502 3
1572965503 3
1572965504 3
1572965505 2
1572965506 4
1572965507 4
1572965508 4
1572965509 4
1572965510 4
1572965511 4
1572965512 3
1572965513 2
1572965514 2
1572965515 2
1572965516 2
1572965517 2
1572965518 2
1572965519 2
1572965520 2
1572965521 2
1572965522 2
1572965523 2
1572965524 2
1572965525 2
1572965526 2
1572965527 2
1572965528 2
1572965529 2
1572965530 2
1572965531 2
1572965532 2
1572965533 2
1572965534 2
1572965535 2
1572965536 2
1572965537 2
1572965538 2
1572965539 2
1572965540 2
1572965541 2
1572965542 2
1572965543 2
1572965544 2
1572965545 3
1572965546 3
1572965547 3
1572965548 3
1572965549 3
1572965550 3
1572965551 3
1572965552 3
1572965553 3
1572965554 3
1572965555 4
1572965556 3
1572965557 2
1572965558 2
1572965559 2
1572965560 2
1572965561 3
1572965562 4
1572965563 5
1572965564 6
1572965565 8
1572965566 4
1572965567 3
1572965568 4
1572965569 6
1572965570 5
1572965571 4
1572965572 7
1572965573 7
1572965574 6
1572965575 5
1572965576 4
1572965577 3
1572965578 2
1572965579 2
1572965580 2
1572965581 3
1572965582 3
1572965583 3
1572965584 5
1572965585 4
1572965586 3
1572965587 3
1572965588 3
1572965589 3
1572965590 3
1572965591 3
1572965592 2
1572965593 2
1572965594 2
1572965595 2
1572965596 2
1572965597 2
1572965598 2
1572965599 2
1572965600 2
1572965601 2
1572965602 2
1572965603 2
1572965604 2
1572965605 2
1572965606 2
1572965607 2
1572965608 2
1572965609 2
1572965610 2
1572965611 2
1572965612 3
1572965613 3
1572965614 3
1572965615 2
1572965616 2
1572965617 2
1572965618 2
1572965619 3
1572965620 4
1572965621 5
1572965622 5
1572965623 6
1572965624 5
1572965625 5
1572965626 6
1572965627 6
1572965628 6
1572965629 6
1572965630 6
1572965631 3
1572965632 2
1572965633 1
1572965634 4
1572965635 7
1572965636 7
1572965637 4
1572965638 6
1572965639 11
1572965640 12
1572965641 10
1572965642 7
1572965643 8
1572965644 7
1572965645 8
1572965646 8
1572965647 6
1572965648 6
1572965649 5
1572965650 7
1572965651 8
1572965652 6
1572965653 5
1572965654 3
1572965655 1
1572965656 1
1572965657 1
1572965658 4
1572965659 4
1572965660 4
1572965661 4
1572965662 4
1572965663 4
1572965664 4
1572965665 4
1572965666 4
1572965667 4
1572965668 4
1572965669 4
1572965670 3
1572965671 2
1572965672 2
1572965673 3
1572965674 4
1572965675 4
1572965676 5
1572965677 5
1572965678 5
1572965679 3
1572965680 2
1572965681 2
1572965682 2
1572965683 2
1572965684 2
1572965685 2
1572965686 2
1572965687 2
1572965688 2
1572965689 2
1572965690 2
1572965691 2
1572965692 2
1572965693 2
1572965694 2
1572965695 2
1572965696 2
1572965697 2
1572965698 2
1572965699 2
1572965700 2
1572965701 2
1572965702 2
1572965703 2
1572965704 2
1572965705 2
1572965706 2
1572965707 2
1572965708 2
1572965709 2
1572965710 2
1572965711 2
1572965712 2
1572965713 2
1572965714 2
1572965715 3
1572965716 3
1572965717 3
1572965718 3
1572965719 3
1572965720 3
1572965721 3
1572965722 3
1572965723 3
1572965724 3
1572965725 2
1572965726 2
1572965727 3
1572965728 4
1572965729 4
1572965730 5
1572965731 6
1572965732 8
1572965733 5
1572965734 4
1572965735 5
1572965736 6
1572965737 4
1572965738 4
1572965739 7
1572965740 7
1572965741 7
1572965742 7
1572965743 3
1572965744 3
1572965745 3
1572965746 2
1572965747 2
1572965748 5
1572965749 3
1572965750 4
1572965751 5
1572965752 5
1572965753 5
1572965754 5
1572965755 6
1572965756 5
1572965757 5
1572965758 5
1572965759 5
1572965760 3
1572965761 3
1572965762 2
1572965763 2
1572965764 2
1572965765 2
1572965766 2
1572965767 2
1572965768 2
1572965769 2
1572965770 2
1572965771 2
1572965772 2
1572965773 2
1572965774 2
1572965775 2
1572965776 2
1572965777 2
1572965778 2
1572965779 3
1572965780 3
1572965781 3
1572965782 2
1572965783 2
1572965784 2
1572965785 2
1572965786 2
1572965787 4
1572965788 4
1572965789 6
1572965790 5
1572965791 5
1572965792 6
1572965793 5
1572965794 5
1572965795 6
1572965796 6
1572965797 6
1572965798 5
1572965799 2
1572965800 2
1572965801 3
1572965802 6
1572965803 5
1572965804 8
1572965805 10
1572965806 12
1572965807 12
1572965808 14
1572965809 10
1572965810 7
1572965811 6
1572965812 7
1572965813 8
1572965814 5
1572965815 7
1572965816 7
1572965817 7
1572965818 8
1572965819 8
1572965820 8
1572965821 7
1572965822 5
1572965823 5
1572965824 3
1572965825 1
1572965826 1
1572965827 2
1572965828 3
1572965829 4
1572965830 4
1572965831 4
1572965832 4
1572965833 4
1572965834 4
1572965835 4
1572965836 4
1572965837 4
1572965838 4
1572965839 3
1572965840 2
1572965841 2
1572965842 3
1572965843 4
1572965844 5
1572965845 4
1572965846 4
1572965847 3
1572965848 3
1572965849 2
1572965850 2
1572965851 2
1572965852 2
1572965853 2
1572965854 2
1572965855 2
1572965856 2
1572965857 2
1572965858 2
1572965859 2
1572965860 2
1572965861 2
1572965862 2
1572965863 2
1572965864 2
1572965865 2
1572965866 2
1572965867 2
1572965868 2
1572965869 2
1572965870 2
1572965871 2
1572965872 2
1572965873 2
1572965874 2
1572965875 2
1572965876 2
1572965877 2
1572965878 2
1572965879 2
1572965880 2
1572965881 2
1572965882 3
1572965883 3
1572965884 4
1572965885 3
1572965886 3
1572965887 3
1572965888 4
1572965889 4
1572965890 4
1572965891 3
1572965892 4
1572965893 4
1572965894 4
1572965895 4
1572965896 3
1572965897 2
1572965898 4
1572965899 5
1572965900 6
1572965901 7
1572965902 6
1572965903 4
1572965904 6
1572965905 6
1572965906 6
1572965907 4
1572965908 5
1572965909 6
1572965910 6
1572965911 6
1572965912 3
1572965913 3
1572965914 3
1572965915 3
1572965916 2
1572965917 3
1572965918 3
1572965919 4
1572965920 5
1572965921 3
1572965922 3
1572965923 3
1572965924 3
1572965925 3
1572965926 3
1572965927 3
1572965928 3
1572965929 2
1572965930 2
1572965931 2
1572965932 2
1572965933 2
1572965934 2
1572965935 2
1572965936 2
1572965937 2
1572965938 2
1572965939 2
1572965940 2
1572965941 2
1572965942 2
1572965943 2
1572965944 2
1572965945 2
1572965946 2
1572965947 2
1572965948 3
1572965949 3
1572965950 3
1572965951 2
1572965952 2
1572965953 2
1572965954 2
1572965955 2
1572965956 4
1572965957 4
1572965958 5
1572965959 5
1572965960 4
1572965961 5
1572965962 4
1572965963 5
1572965964 6
1572965965 6
1572965966 6
1572965967 3
1572965968 2
1572965969 1
1572965970 3
1572965971 6
1572965972 9
1572965973 9
1572965974 11
1572965975 11
1572965976 11
1572965977 12
1572965978 7
1572965979 10
1572965980 10
1572965981 8
1572965982 8
1572965983 6
1572965984 6
1572965985 9
1572965986 6
1572965987 5
1572965988 4
1572965989 2
1572965990 2
1572965991 3
1572965992 4
1572965993 4
1572965994 4
1572965995 4
1572965996 4
1572965997 3
1572965998 3
1572965999 3
1572966000 3
1572966001 3
1572966002 3
1572966003 3
1572966004 3
1572966005 3
1572966006 3
1572966007 4
1572966008 4
1572966009 4
1572966010 4
1572966011 3
1572966012 2
1572966013 2
1572966014 2
1572966015 2
1572966016 1
1572966017 3
1572966018 1
1572966019 1
1572966020 1
1572966021 1
1572966022 1
1572966023 2
1572966024 1
1572966025 2
1572966026 2
1572966027 2
1572966028 2
1572966029 2
1572966030 2
1572966031 2
1572966032 2
1572966033 2
1572966034 2
1572966035 2
1572966036 2
1572966037 2
1572966038 2
1572966039 2
1572966040 2
1572966041 2
1572966042 2
1572966043 2
1572966044 2
1572966045 2
1572966046 2
1572966047 2
1572966048 2
1572966049 2
1572966050 2
1572966051 2
1572966052 2
1572966053 3
1572966054 3
1572966055 4
1572966056 4
1572966057 3
1572966058 3
1572966059 4
1572966060 4
1572966061 4
1572966062 4
1572966063 4
1572966064 4
1572966065 4
1572966066 4
1572966067 2
1572966068 2
1572966069 3
1572966070 4
1572966071 4
1572966072 5
1572966073 8
1572966074 5
1572966075 4
1572966076 4
1572966077 5
1572966078 5
1572966079 3
1572966080 6
1572966081 6
1572966082 7
1572966083 9
1572966084 5
1572966085 4
1572966086 3
1572966087 2
1572966088 2
1572966089 3
1572966090 4
1572966091 3
1572966092 3
1572966093 4
1572966094 3
1572966095 3
1572966096 3
1572966097 3
1572966098 3
1572966099 3
1572966100 2
1572966101 2
1572966102 2
1572966103 2
1572966104 2
1572966105 2
1572966106 2
1572966107 2
1572966108 2
1572966109 2
1572966110 2
1572966111 2
1572966112 2
1572966113 2
1572966114 2
1572966115 2
1572966116 2
1572966117 2
1572966118 2
1572966119 2
1572966120 3
1572966121 3
1572966122 3
1572966123 2
1572966124 2
1572966125 2
1572966126 2
1572966127 3
1572966128 6
1572966129 5
1572966130 5
1572966131 5
1572966132 4
1572966133 4
1572966134 4
1572966135 6
1572966136 5
1572966137 5
1572966138 5
1572966139 3
1572966140 1
1572966141 1
1572966142 3
1572966143 6
1572966144 9
1572966145 11
1572966146 11
1572966147 7
1572966148 10
1572966149 14
1572966150 8
1572966151 11
1572966152 10
1572966153 7
1572966154 6
1572966155 4
1572966156 7
1572966157 8
1572966158 5
1572966159 5
1572966160 3
1572966161 3
1572966162 2
1572966163 2
1572966164 3
1572966165 4
1572966166 4
1572966167 4
1572966168 4
1572966169 3
1572966170 3
1572966171 3
1572966172 4
1572966173 3
1572966174 4
1572966175 3
1572966176 3
1572966177 2
1572966178 2
1572966179 3
1572966180 4
1572966181 4
1572966182 4
1572966183 4
1572966184 3
1572966185 4
1572966186 2
1572966187 2
1572966188 3
1572966189 2
1572966190 2
1572966191 2
1572966192 2
1572966193 2
1572966194 2
1572966195 2
1572966196 2
1572966197 2
1572966198 2
1572966199 2
1572966200 2
1572966201 2
1572966202 2
1572966203 2
1572966204 2
1572966205 2
1572966206 2
1572966207 2
1572966208 2
1572966209 2
1572966210 2
1572966211 2
1572966212 2
1572966213 2
1572966214 2
1572966215 2
1572966216 2
1572966217 2
1572966218 2
1572966219 2
1572966220 2
1572966221 3
1572966222 3
1572966223 3
1572966224 3
1572966225 3
1572966226 3
1572966227 3
1572966228 4
1572966229 4
1572966230 4
1572966231 4
1572966232 4
1572966233 3
1572966234 3
1572966235 2
1572966236 4
1572966237 4
1572966238 5
1572966239 7
1572966240 6
1572966241 5
1572966242 4
1572966243 4
1572966244 5
1572966245 4
1572966246 5
1572966247 6
1572966248 5
1572966249 6
1572966250 3
1572966251 3
1572966252 2
1572966253 2
1572966254 2
1572966255 2
1572966256 3
1572966257 4
1572966258 4
1572966259 4
1572966260 4
1572966261 4
1572966262 4
1572966263 4
1572966264 4
1572966265 5
1572966266 3
1572966267 3
1572966268 2
1572966269 2
1572966270 2
1572966271 2
1572966272 2
1572966273 2
1572966274 2
1572966275 2
1572966276 2
1572966277 2
1572966278 2
1572966279 2
1572966280 2
1572966281 2
1572966282 2
1572966283 2
1572966284 2
1572966285 2
1572966286 3
1572966287 3
1572966288 3
1572966289 3
1572966290 2
1572966291 2
1572966292 2
1572966293 2
1572966294 4
1572966295 4
1572966296 5
1572966297 5
1572966298 5
1572966299 5
1572966300 5
1572966301 5
1572966302 5
1572966303 5
1572966304 4
1572966305 3
1572966306 1
1572966307 1
1572966308 3
1572966309 6
1572966310 5
1572966311 7
1572966312 9
1572966313 12
1572966314 10
1572966315 11
1572966316 9
1572966317 9
1572966318 9
1572966319 6
1572966320 8
1572966321 8
1572966322 6
1572966323 7
1572966324 7
1572966325 7
1572966326 8
1572966327 8
1572966328 7
1572966329 6
1572966330 4
1572966331 4
1572966332 2
1572966333 1
1572966334 1
1572966335 3
1572966336 5
1572966337 4
1572966338 4
1572966339 4
1572966340 4
1572966341 3
1572966342 3
1572966343 3
1572966344 3
1572966345 3
1572966346 3
1572966347 3
1572966348 3
1572966349 2
1572966350 3
1572966351 4
1572966352 4
1572966353 4
1572966354 4
1572966355 4
1572966356 3
1572966357 3
1572966358 2
1572966359 2
1572966360 2
1572966361 2
1572966362 2
1572966363 2
1572966364 2
1572966365 2
1572966366 2
1572966367 2
1572966368 2
1572966369 2
1572966370 2
1572966371 2
1572966372 2
1572966373 2
1572966374 2
1572966375 2
1572966376 2
1572966377 2
1572966378 2
1572966379 2
1572966380 2
1572966381 2
1572966382 2
1572966383 2
1572966384 2
1572966385 2
1572966386 2
1572966387 2
1572966388 2
1572966389 2
1572966390 2
1572966391 2
1572966392 3
1572966393 3
1572966394 3
1572966395 3
1572966396 3
1572966397 3
1572966398 3
1572966399 3
1572966400 3
1572966401 3
1572966402 3
1572966403 3
1572966404 2
1572966405 2
1572966406 2
1572966407 4
1572966408 4
1572966409 5
1572966410 7
1572966411 7
1572966412 5
1572966413 3
1572966414 4
1572966415 5
1572966416 4
1572966417 6
1572966418 6
1572966419 6
1572966420 6
1572966421 4
1572966422 3
1572966423 2
1572966424 2
1572966425 2
1572966426 2
1572966427 4
1572966428 4
1572966429 3
1572966430 5
1572966431 6
1572966432 6
1572966433 5
1572966434 5
1572966435 5
1572966436 5
1572966437 4
1572966438 4
1572966439 3
1572966440 2
1572966441 3
1572966442 2
1572966443 2
1572966444 2
1572966445 2
1572966446 2
1572966447 2
1572966448 2
1572966449 2
1572966450 2
1572966451 2
1572966452 2
1572966453 2
1572966454 2
1572966455 2
1572966456 2
1572966457 2
1572966458 3
1572966459 3
1572966460 3
1572966461 3
1572966462 2
1572966463 2
1572966464 2
1572966465 4
1572966466 5
1572966467 6
1572966468 6
1572966469 6
1572966470 5
1572966471 6
1572966472 5
1572966473 5
1572966474 6
1572966475 6
1572966476 4
1572966477 3
1572966478 1
1572966479 2
1572966480 3
1572966481 7
1572966482 7
1572966483 7
1572966484 8
1572966485 11
1572966486 8
1572966487 9
1572966488 6
1572966489 8
1572966490 9
1572966491 7
1572966492 6
1572966493 3
1572966494 5
1572966495 5
1572966496 5
1572966497 4
1572966498 2
1572966499 2
1572966500 1
1572966501 3
1572966502 3
1572966503 4
1572966504 4
1572966505 4
1572966506 4
1572966507 4
1572966508 4
1572966509 4
1572966510 4
1572966511 4
1572966512 4
1572966513 4
1572966514 4
1572966515 3
1572966516 4
1572966517 4
1572966518 4
1572966519 4
1572966520 4
1572966521 4
1572966522 4
1572966523 4
1572966524 2
1572966525 2
1572966526 2
1572966527 2
1572966528 2
1572966529 2
1572966530 2
1572966531 2
1572966532 2
1572966533 1
1572966534 1
1572966535 1
1572966536 1
1572966537 1
1572966538 1
1572966539 2
1572966540 2
1572966541 2
1572966542 2
1572966543 2
1572966544 2
1572966545 2
1572966546 2
1572966547 2
1572966548 2
1572966549 2
1572966550 2
1572966551 2
1572966552 2
1572966553 2
1572966554 2
1572966555 2
1572966556 2
1572966557 2
1572966558 2
1572966559 2
1572966560 2
1572966561 2
1572966562 2
1572966563 2
1572966564 2
1572966565 2
1572966566 2
1572966567 2
1572966568 2
1572966569 2
1572966570 2
1572966571 2
1572966572 2
1572966573 2
1572966574 2
1572966575 2
1572966576 2
1572966577 3
1572966578 3
1572966579 4
1572966580 4
1572966581 4
1572966582 4
1572966583 4
1572966584 4
1572966585 5
1572966586 4
1572966587 3
1572966588 2
1572966589 2
1572966590 2
1572966591 4
1572966592 3
1572966593 5
1572966594 7
1572966595 7
1572966596 5
1572966597 5
1572966598 5
1572966599 5
1572966600 5
1572966601 5
1572966602 6
1572966603 5
1572966604 6
1572966605 4
1572966606 4
1572966607 2
1572966608 2
1572966609 2
1572966610 2
1572966611 4
1572966612 4
1572966613 5
1572966614 4
1572966615 5
1572966616 5
1572966617 3
1572966618 4
1572966619 4
1572966620 3
1572966621 3
1572966622 2
1572966623 2
1572966624 2
1572966625 2
1572966626 2
1572966627 2
1572966628 2
1572966629 2
1572966630 2
1572966631 2
1572966632 2
1572966633 2
1572966634 2
1572966635 2
1572966636 2
1572966637 2
1572966638 2
1572966639 2
1572966640 2
1572966641 3
1572966642 3
1572966643 3
1572966644 2
1572966645 2
1572966646 2
1572966647 2
1572966648 3
1572966649 5
1572966650 4
1572966651 5
1572966652 5
1572966653 5
1572966654 5
1572966655 5
1572966656 4
1572966657 4
1572966658 4
1572966659 5
1572966660 2
1572966661 2
1572966662 2
1572966663 3
1572966664 6
1572966665 8
1572966666 8
1572966667 10
1572966668 9
1572966669 12
1572966670 11
1572966671 6
1572966672 7
1572966673 8
1572966674 6
1572966675 8
1572966676 6
1572966677 8
1572966678 8
1572966679 6
1572966680 7
1572966681 6
1572966682 5
1572966683 5
1572966684 5
1572966685 5
1572966686 5
1572966687 4
1572966688 4
1572966689 3
1572966690 2
1572966691 1
1572966692 1
1572966693 4
1572966694 5
1572966695 4
1572966696 4
1572966697 4
1572966698 4
1572966699 4
1572966700 4
1572966701 4
1572966702 4
1572966703 4
1572966704 4
1572966705 3
1572966706 2
1572966707 2
1572966708 3
1572966709 4
1572966710 4
1572966711 5
1572966712 4
1572966713 3
1572966714 2
1572966715 2
1572966716 2
1572966717 2
1572966718 2
1572966719 2
1572966720 2
1572966721 2
1572966722 2
1572966723 2
1572966724 2
1572966725 2
1572966726 2
1572966727 2
1572966728 2
1572966729 1
1572966730 1
1572966731 1
1572966732 1
1572966733 1
1572966734 1
1572966735 1
1572966736 1
1572966737 1
1572966738 2
1572966739 2
1572966740 2
1572966741 2
1572966742 2
1572966743 2
1572966744 2
1572966745 2
1572966746 2
1572966747 2
1572966748 2
1572966749 2
1572966750 2
1572966751 2
1572966752 2
1572966753 2
1572966754 2
1572966755 2
1572966756 2
1572966757 3
1572966758 3
1572966759 4
1572966760 4
1572966761 4
1572966762 4
1572966763 4
1572966764 4
1572966765 4
1572966766 4
1572966767 3
1572966768 3
1572966769 2
1572966770 3
1572966771 4
1572966772 4
1572966773 5
1572966774 8
1572966775 5
1572966776 4
1572966777 4
1572966778 5
1572966779 4
1572966780 4
1572966781 6
1572966782 6
1572966783 5
1572966784 5
1572966785 3
1572966786 3
1572966787 3
1572966788 2
1572966789 2
1572966790 5
1572966791 3
1572966792 3
1572966793 5
1572966794 3
1572966795 3
1572966796 3
1572966797 3
1572966798 3
1572966799 3
1572966800 3
1572966801 2
1572966802 2
1572966803 2
1572966804 2
1572966805 2
1572966806 2
1572966807 2
1572966808 2
1572966809 2
1572966810 2
1572966811 2
1572966812 2
1572966813 2
1572966814 2
1572966815 2
1572966816 2
1572966817 2
1572966818 2
1572966819 2
1572966820 2
1572966821 3
1572966822 3
1572966823 2
1572966824 2
1572966825 2
1572966826 2
1572966827 2
1572966828 4
1572966829 4
1572966830 5
1572966831 5
1572966832 5
1572966833 5
1572966834 5
1572966835 5
1572966836 5
1572966837 5
1572966838 5
1572966839 3
1572966840 2
1572966841 2
1572966842 3
1572966843 4
1572966844 5
1572966845 7
1572966846 8
1572966847 11
1572966848 9
1572966849 11
1572966850 7
1572966851 7
1572966852 7
1572966853 6
1572966854 6
1572966855 6
1572966856 3
1572966857 5
1572966858 7
1572966859 4
1572966860 5
1572966861 3
1572966862 2
1572966863 3
1572966864 3
1572966865 4
1572966866 5
1572966867 5
1572966868 5
1572966869 5
1572966870 5
1572966871 5
1572966872 4
1572966873 4
1572966874 4
1572966875 4
1572966876 3
1572966877 2
1572966878 2
1572966879 4
1572966880 5
1572966881 4
1572966882 4
1572966883 4
1572966884 3
1572966885 3
1572966886 2
1572966887 2
1572966888 2
1572966889 2
1572966890 2
1572966891 2
1572966892 2
1572966893 2
1572966894 2
1572966895 2
1572966896 2
1572966897 2
1572966898 2
1572966899 2
1572966900 2
1572966901 2
1572966902 2
1572966903 2
1572966904 2
1572966905 2
1572966906 2
1572966907 2
1572966908 2
1572966909 2
1572966910 2
1572966911 2
1572966912 2
1572966913 2
1572966914 2
1572966915 2
1572966916 2
1572966917 2
1572966918 2
1572966919 2
1572966920 3
1572966921 3
1572966922 3
1572966923 4
1572966924 4
1572966925 4
1572966926 4
1572966927 4
1572966928 4
1572966929 4
1572966930 4
1572966931 4
1572966932 2
1572966933 2
1572966934 4
1572966935 3
1572966936 4
1572966937 6
1572966938 7
1572966939 5
1572966940 6
1572966941 6
1572966942 5
1572966943 5
1572966944 4
1572966945 7
1572966946 6
1572966947 6
1572966948 6
1572966949 3
1572966950 3
1572966951 3
1572966952 2
1572966953 3
1572966954 3
1572966955 4
1572966956 4
1572966957 5
1572966958 4
1572966959 4
1572966960 4
1572966961 3
1572966962 3
1572966963 3
1572966964 3
1572966965 2
1572966966 2
1572966967 2
1572966968 2
1572966969 2
1572966970 2
1572966971 2
1572966972 2
1572966973 2
1572966974 2
1572966975 2
1572966976 2
1572966977 2
1572966978 2
1572966979 2
1572966980 2
1572966981 2
1572966982 2
1572966983 2
1572966984 2
1572966985 2
1572966986 2
1572966987 2
1572966988 2
1572966989 2
1572966990 2
1572966991 2
1572966992 4
1572966993 4
1572966994 5
1572966995 5
1572966996 5
1572966997 5
1572966998 5
1572966999 5
1572967000 5
1572967001 5
1572967002 5
1572967003 4
1572967004 2
1572967005 1
1572967006 3
1572967007 6
1572967008 7
1572967009 5
1572967010 10
1572967011 11
1572967012 10
1572967013 11
1572967014 8
1572967015 9
1572967016 11
1572967017 9
1572967018 7
1572967019 7
1572967020 6
1572967021 8
1572967022 6
1572967023 5
1572967024 6
1572967025 3
1572967026 2
1572967027 1
1572967028 3
1572967029 5
1572967030 4
1572967031 5
1572967032 5
1572967033 5
1572967034 4
1572967035 4
1572967036 3
1572967037 3
1572967038 3
1572967039 3
1572967040 3
1572967041 3
1572967042 3
1572967043 3
1572967044 3
1572967045 3
1572967046 3
1572967047 3
1572967048 3
1572967049 3
1572967050 3
1572967051 3
1572967052 3
1572967053 3
1572967054 3
1572967055 3
1572967056 3
1572967057 3
1572967058 3
1572967059 3
1572967060 3
1572967061 3
1572967062 2
1572967063 3
1572967064 3
1572967065 3
1572967066 3
1572967067 3
1572967068 3
1572967069 3
1572967070 3
1572967071 3
1572967072 3
1572967073 3
1572967074 3
1572967075 3
1572967076 3
1572967077 3
1572967078 3
1572967079 3
1572967080 3
1572967081 3
1572967082 3
1572967083 3
1572967084 3
1572967085 3
1572967086 3
1572967087 3
1572967088 4
1572967089 3
1572967090 3
1572967091 3
1572967092 3
1572967093 3
1572967094 3
1572967095 3
1572967096 3
1572967097 3
1572967098 3
1572967099 3
1572967100 3
1572967101 3
1572967102 2
1572967103 2
1572967104 4
1572967105 5
1572967106 4
1572967107 4
1572967108 3
1572967109 3
1572967110 3
1572967111 2
1572967112 2
1572967113 2
1572967114 2
1572967115 2
1572967116 2
1572967117 2
1572967118 2
1572967119 2
1572967120 2
1572967121 2
1572967122 2
1572967123 2
1572967124 2
1572967125 2
1572967126 2
1572967127 2
1572967128 2
1572967129 2
1572967130 2
1572967131 2
1572967132 2
1572967133 2
1572967134 2
1572967135 2
1572967136 2
1572967137 2
1572967138 2
1572967139 2
1572967140 2
1572967141 2
1572967142 2
1572967143 2
1572967144 2
1572967145 2
1572967146 2
1572967147 2
1572967148 2
1572967149 2
1572967150 2
1572967151 2
1572967152 2
1572967153 2
1572967154 2
1572967155 2
1572967156 2
1572967157 2
1572967158 2
1572967159 2
1572967160 2
1572967161 2
1572967162 2
1572967163 2
1572967164 2
1572967165 2
1572967166 2
1572967167 2
1572967168 2
1572967169 2
1572967170 2
1572967171 2
1572967172 2
1572967173 2
1572967174 2
1572967175 2
1572967176 2
1572967177 2
1572967178 2
1572967179 2
1572967180 2
1572967181 2
1572967182 2
1572967183 2
1572967184 2
1572967185 2
1572967186 2
1572967187 2
1572967188 2
1572967189 2
1572967190 2
1572967191 3
1572967192 3
1572967193 3
1572967194 3
1572967195 3
1572967196 3
1572967197 3
1572967198 3
1572967199 4
1572967200 4
1572967201 3
1572967202 3
1572967203 3
1572967204 4
1572967205 3
1572967206 3
1572967207 3
1572967208 3
1572967209 4
1572967210 5
1572967211 3
1572967212 3
1572967213 4
1572967214 4
1572967215 7
1572967216 7
1572967217 6
1572967218 6
1572967725 3
1572967726 4
1572967727 5
1572967728 4
1572967729 4
1572967730 4
1572967731 6
1572967732 5
1572967733 4
1572967734 6
1572967735 4
1572967736 4
1572967737 2
1572967738 2
1572967739 3
1572967740 2
1572967741 3
1572967742 3
1572967743 3
1572967744 2
1572967745 3
1572967746 3
1572967747 3
1572967748 3
1572967749 3
1572967750 3
1572967751 3
1572967752 3
1572967753 3
1572967754 2
1572967755 2
1572967756 2
1572967757 2
1572967758 2
1572967759 2
1572967760 2
1572967761 2
1572967762 2
1572967763 2
1572967764 2
1572967765 2
1572967766 2
1572967767 2
1572967768 2
1572967769 2
1572967770 2
1572967771 2
1572967772 2
1572967773 2
1572967774 2
1572967775 2
1572967776 2
1572967777 2
1572967778 2
1572967779 2
1572967780 3
1572967781 2
1572967782 2
1572967783 2
1572967784 2
1572967785 2
1572967786 2
1572967787 2
1572967788 2
1572967789 2
1572967790 3
1572967791 4
1572967792 5
1572967793 5
1572967794 4
1572967795 4
1572967796 4
1572967797 3
1572967798 3
1572967799 3
1572967800 3
1572967801 3
1572967802 3
1572967803 3
1572967804 3
1572967805 3
1572967806 4
1572967807 4
1572967808 4
1572967809 4
1572967810 3
1572967811 3
1572967812 3
1572967813 2
1572967814 2
1572967815 2
1572967816 2
1572967817 2
1572967818 2
1572967819 2
1572967820 2
1572967821 2
1572967822 2
1572967823 2
1572967824 2
1572967825 2
1572967826 2
1572967827 2
1572967828 2
1572967829 2
1572967830 2
1572967831 2
1572967832 2
1572967833 2
1572967834 2
1572967835 2
1572967836 2
1572967837 2
1572967838 2
1572967839 2
1572967840 2
1572967841 2
1572967842 2
1572967843 1
1572967844 1
1572967845 1
1572967846 1
1572967847 2
1572967848 2
1572967849 2
1572967850 2
1572967851 3
1572967852 4
1572967853 3
1572967854 4
1572967855 4
1572967856 4
1572967857 4
1572967858 4
1572967859 4
1572967860 4
1572967861 4
1572967862 4
1572967863 3
1572967864 5
1572967865 3
1572967866 3
1572967867 3
1572967868 3
1572967869 3
1572967870 4
1572967871 4
1572967872 7
1572967873 3
1572967874 3
1572967875 3
1572967876 3
1572967877 4
1572967878 4
1572967879 2
1572969165 3
1572969166 4
1572969167 4
1572969168 4
1572969169 5
1572969170 4
1572969171 7
1572969172 4
1572969173 4
1572969174 4
1572969175 3
1572969176 5
1572969177 5
1572969178 5
1572969179 6
1572969180 5
1572969181 5
1572969840 5
1572969841 4
1572969842 3
1572970342 3
1572970343 3
1572970344 4
1572970345 5
1572970346 4
1572970347 4
1572970348 5
1572970349 5
1572970350 4
1572970351 6
1572970352 4
1572970353 4
1572970354 3
1572970355 2
1572970356 2
1572970357 2
1572970358 4
1572970359 3
1572970360 3
1572970361 3
1572970362 4
1572970363 3
1572970364 3
1572970365 3
1572970366 3
1572970367 3
1572970368 3
1572970369 3
1572970370 3
1572970371 3
1572970372 2
1572970373 2
1572970374 2
1572970375 2
1572970376 2
1572970377 2
1572970378 2
1572970379 2
1572970380 2
1572970381 2
1572970382 2
1572970383 2
1572970384 2
1572970385 1
1572970386 1
1572970387 3
1572970388 2
1572970389 2
1572970390 2
1572970391 2
1572970392 2
1572970393 2
1572970394 2
1572970395 2
1572970396 2
1572970397 2
1572970398 2
1572970399 2
1572970400 2
1572970401 2
1572970402 2
1572970403 2
1572970404 2
1572970405 2
1572970406 2
1572970407 3
1572970408 4
1572970409 4
1572970410 4
1572970411 4
1572970412 4
1572970413 3
1572970414 3
1572970415 3
1572970416 3
1572970417 3
1572970418 3
1572970419 3
1572970420 2
1572970421 2
1572970422 3
1572970423 4
1572970424 4
1572970425 4
1572970426 4
1572970427 3
1572970428 3
1572970429 3
1572970430 2
1572970431 2
1572970432 2
1572970433 2
1572970434 2
1572970435 2
1572970436 2
1572970437 2
1572970438 2
1572970439 2
1572970440 2
1572970441 2
1572970442 2
1572970443 2
1572970444 2
1572970445 2
1572970446 2
1572970447 2
1572970448 2
1572970449 2
1572970450 2
1572970451 2
1572970452 2
1572970453 2
1572970454 2
1572970455 2
1572970456 2
1572970457 2
1572970458 2
1572970459 2
1572970460 2
1572970461 2
1572970462 2
1572970463 2
1572970464 3
1572970465 3
1572970466 3
1572970467 3
1572970468 4
1572970469 3
1572970470 3
1572970471 3
1572970472 3
1572970473 3
1572970474 3
1572970475 2
1572970476 2
1572970477 2
1572970478 3
1572970479 3
1572970480 3
1572970481 3
1572970482 4
1572970483 5
1572970484 5
1572970485 3
1572970486 3
1572970487 3
1572970488 4
1572970489 3
1572970490 3
1572970491 3
1572970993 3
1572970994 3
1572970995 4
1572970996 4
1572970997 4
1572970998 4
1572970999 5
1572971000 4
1572971001 4
1572971002 4
1572971003 3
1572971004 3
1572971005 2
1572971006 2
1572971007 2
1572971008 2
1572971009 3
1572971010 3
1572971011 4
1572971012 4
1572971013 4
1572971014 4
1572971015 4
1572971016 4
1572971017 4
1572971018 4
1572971019 4
1572971020 4
1572971021 4
1572971022 3
1572971023 2
1572971024 2
1572971025 2
1572971026 2
1572971027 2
1572971028 2
1572971029 2
1572971030 2
1572971031 2
1572971032 2
1572971033 2
1572971034 2
1572971035 2
1572971036 2
1572971037 2
1572971038 2
1572971039 2
1572971040 3
1572971041 2
1572971042 2
1572971043 2
1572971044 2
1572971045 2
1572971046 2
1572971047 2
1572971048 2
1572971049 2
1572971050 2
1572971051 2
1572971052 2
1572971053 2
1572971054 2
1572971055 2
1572971056 2
1572971057 2
1572971058 3
1572971059 4
1572971060 5
1572971061 4
1572971062 4
1572971063 4
1572971064 4
1572971065 3
1572971066 3
1572971067 3
1572971068 3
1572971069 3
1572971070 4
1572971071 4
1572971072 4
1572971073 3
1572971074 4
1572971075 4
1572971076 4
1572971077 4
1572971078 3
1572971079 3
1572971080 3
1572971081 2
1572971082 2
1572971083 2
1572971084 2
1572971085 2
1572971086 2
1572971087 2
1572971088 2
1572971089 2
1572971090 2
1572971091 2
1572971092 2
1572971093 2
1572971094 2
1572971095 2
1572971096 2
1572971097 2
1572971098 2
1572971099 2
1572971100 2
1572971101 2
1572971102 2
1572971103 2
1572971104 2
1572971105 2
1572971106 2
1572971107 2
1572971108 2
1572971109 2
1572971110 2
1572971111 2
1572971112 2
1572971113 2
1572971114 2
1572971115 3
1572971116 3
1572971117 3
1572971118 3
1572971119 3
1572971120 3
1572971121 3
1572971122 3
1572971123 3
1572971124 3
1572971125 2
1572971126 2
1572971127 2
1572971128 2
1572971129 3
1572971130 3
1572971131 3
1572971132 4
1572971133 4
1572971134 4
1572971135 6
1572971136 4
1572971137 4
1572971138 2
1572971139 3
1572971140 4
1572971141 3
1572971142 2
1572971655 3
1572971656 3
1572971657 4
1572971658 5
1572971659 5
1572971660 4
1572971661 3
1572971662 5
1572971663 4
1572971664 4
1572971665 5
1572971666 3
1572971667 3
1572971668 2
1572971669 2
1572971670 3
1572971671 2
1572971672 3
1572971673 4
1572971674 4
1572971675 4
1572971676 4
1572971677 4
1572971678 4
1572971679 4
1572971680 4
1572971681 5
1572971682 4
1572971683 4
1572971684 3
1572971685 3
1572971686 2
1572971687 2
1572971688 2
1572971689 2
1572971690 2
1572971691 2
1572971692 2
1572971693 2
1572971694 2
1572971695 2
1572971696 2
1572971697 2
1572971698 2
1572971699 2
1572971700 2
1572971701 2
1572971702 2
1572971703 2
1572971704 2
1572971705 2
1572971706 2
1572971707 2
1572971708 2
1572971709 2
1572971710 2
1572971711 2
1572971712 2
1572971713 2
1572971714 2
1572971715 2
1572971716 2
1572971717 2
1572971718 3
1572971719 3
1572971720 4
1572971721 4
1572971722 4
1572971723 4
1572971724 4
1572971725 3
1572971726 3
1572971727 3
1572971728 3
1572971729 3
1572971730 3
1572971731 3
1572971732 3
1572971733 3
1572971734 2
1572971735 2
1572971736 3
1572971737 4
1572971738 4
1572971739 4
1572971740 4
1572971741 3
1572971742 3
1572971743 3
1572971744 2
1572971745 2
1572971746 2
1572971747 2
1572971748 2
1572971749 2
1572971750 2
1572971751 2
1572971752 2
1572971753 2
1572971754 2
1572971755 2
1572971756 2
1572971757 2
1572971758 2
1572971759 2
1572971760 2
1572971761 2
1572971762 2
1572971763 2
1572971764 2
1572971765 2
1572971766 2
1572971767 2
1572971768 2
1572971769 2
1572971770 2
1572971771 2
1572971772 2
1572971773 2
1572971774 2
1572971775 2
1572971776 2
1572971777 2
1572971778 3
1572971779 3
1572971780 3
1572971781 3
1572971782 3
1572971783 3
1572971784 3
1572971785 3
1572971786 3
1572971787 3
1572971788 2
1572971789 2
1572971790 2
1572971791 2
1572971792 3
1572971793 3
1572971794 3
1572971795 3
1572971796 4
1572971797 5
1572971798 4
1572971799 3
1572971800 3
1572971801 3
1572971802 4
1572971803 4
1572971804 3
1572971805 2
1572972335 3
1572972336 3
1572972337 3
1572972338 3
1572972339 3
1572972340 3
1572972341 3
1572972342 4
1572972343 4
1572972344 4
1572972345 4
1572972346 3
1572972347 3
1572972348 2
1572972349 2
1572972350 2
1572972351 2
1572972352 2
1572972353 2
1572972354 2
1572972355 2
1572972356 2
1572972357 2
1572972358 2
1572972359 2
1572972360 2
1572972361 2
1572972362 2
1572972363 2
1572972364 2
1572972365 2
1572972366 2
1572972367 2
1572972368 2
1572972369 2
1572972370 2
1572972371 2
1572972372 2
1572972373 2
1572972374 2
1572972375 2
1572972376 2
1572972377 2
1572972378 2
1572972379 2
1572972380 3
1572972381 4
1572972382 4
1572972383 5
1572972384 4
1572972385 4
1572972386 3
1572972387 3
1572972388 3
1572972389 3
1572972390 3
1572972391 3
1572972392 3
1572972393 2
1572972394 2
1572972395 3
1572972396 4
1572972397 5
1572972398 4
1572972399 4
1572972400 3
1572972401 3
1572972402 3
1572972403 2
1572972404 2
1572972405 2
1572972406 2
1572972407 2
1572972408 2
1572972409 2
1572972410 2
1572972411 2
1572972412 2
1572972413 2
1572972414 2
1572972415 2
1572972416 2
1572972417 2
1572972418 2
1572972419 2
1572972420 2
1572972421 2
1572972422 2
1572972423 2
1572972424 2
1572972425 2
1572972426 2
1572972427 2
1572972428 2
1572972429 2
1572972430 2
1572972431 2
1572972432 2
1572972433 2
1572972434 2
1572972435 2
1572972436 2
1572972437 3
1572972438 3
1572972439 3
1572972440 3
1572972441 3
1572972442 3
1572972443 3
1572972444 3
1572972445 3
1572972446 3
1572972447 4
1572972448 4
1572972449 3
1572972450 3
1572972451 3
1572972452 3
1572972453 3
1572972454 3
1572972455 3
1572972456 4
1572972457 4
1572972458 5
1572972459 4
1572972460 3
1572972461 2
1572972462 4
1572972463 4
1572972464 3
1572972465 2
1572973029 3
1572973030 6
1572973031 5
1572973032 4
1572973033 3
1572973034 3
1572973035 5
1572973036 5
1572973037 4
1572973038 5
1572973039 3
1572973040 3
1572973041 3
1572973042 2
1572973043 2
1572973044 2
1572973045 3
1572973046 3
1572973047 3
1572973048 3
1572973049 4
1572973050 4
1572973051 4
1572973052 5
1572973053 4
1572973054 4
1572973055 4
1572973056 5
1572973057 3
1572973058 2
1572973059 2
1572973060 2
1572973061 2
1572973062 2
1572973063 2
1572973064 2
1572973065 2
1572973066 2
1572973067 2
1572973068 2
1572973069 2
1572973070 2
1572973071 2
1572973072 2
1572973073 2
1572973074 2
1572973075 2
1572973076 2
1572973077 2
1572973078 2
1572973079 2
1572973080 2
1572973081 2
1572973082 2
1572973083 2
1572973084 2
1572973085 2
1572973086 2
1572973087 2
1572973088 2
1572973089 2
1572973090 2
1572973091 2
1572973092 3
1572973093 4
1572973094 4
1572973095 4
1572973096 4
1572973097 4
1572973098 3
1572973099 3
1572973100 3
1572973101 3
1572973102 3
1572973103 3
1572973104 4
1572973105 4
1572973106 4
1572973107 2
1572973108 3
1572973109 4
1572973110 4
1572973111 4
1572973112 4
1572973113 3
1572973114 3
1572973115 2
1572973116 2
1572973117 3
1572973118 2
1572973119 2
1572973120 2
1572973121 2
1572973122 2
1572973123 2
1572973124 2
1572973125 2
1572973126 2
1572973127 2
1572973128 2
1572973129 2
1572973130 2
1572973131 2
1572973132 2
1572973133 2
1572973134 2
1572973135 2
1572973136 2
1572973137 2
1572973138 2
1572973139 2
1572973140 2
1572973141 2
1572973142 2
1572973143 2
1572973144 2
1572973145 2
1572973146 2
1572973147 2
1572973148 2
1572973149 2
1572973150 3
1572973151 3
1572973152 3
1572973153 3
1572973154 3
1572973155 3
1572973156 3
1572973157 3
1572973158 3
1572973159 3
1572973160 4
1572973161 2
1572973162 2
1572973163 3
1572973164 3
1572973165 3
1572973166 3
1572973167 3
1572973168 4
1572973169 4
1572973170 5
1572973171 3
1572973172 3
1572973173 3
1572973174 4
1572973175 4
1572973176 4
1572973177 2
1572973700 5
1572973701 5
1572973702 5
1572973703 5
1572973704 5
1572973705 5
1572973706 4
1572973707 5
1572973708 4
1572973709 4
1572973710 3
1572973711 2
1572973712 2
1572973713 2
1572973714 2
1572973715 2
1572973716 2
1572973717 2
1572973718 2
1572973719 2
1572973720 2
1572973721 2
1572973722 2
1572973723 2
1572973724 2
1572973725 2
1572973726 2
1572973727 2
1572973728 2
1572973729 2
1572973730 2
1572973731 2
1572973732 2
1572973733 2
1572973734 2
1572973735 2
1572973736 2
1572973737 2
1572973738 2
1572973739 2
1572973740 2
1572973741 2
1572973742 2
1572973743 2
1572973744 2
1572973745 2
1572973746 3
1572973747 4
1572973748 4
1572973749 4
1572973750 4
1572973751 4
1572973752 3
1572973753 3
1572973754 3
1572973755 3
1572973756 3
1572973757 4
1572973758 4
1572973759 2
1572973760 2
1572973761 3
1572973762 4
1572973763 4
1572973764 4
1572973765 5
1572973766 4
1572973767 3
1572973768 2
1572973769 2
1572973770 2
1572973771 2
1572973772 2
1572973773 2
1572973774 2
1572973775 2
1572973776 2
1572973777 2
1572973778 2
1572973779 2
1572973780 2
1572973781 2
1572973782 2
1572973783 2
1572973784 2
1572973785 2
1572973786 2
1572973787 2
1572973788 2
1572973789 2
1572973790 2
1572973791 2
1572973792 2
1572973793 2
1572973794 2
1572973795 2
1572973796 2
1572973797 2
1572973798 2
1572973799 2
1572973800 2
1572973801 2
1572973802 2
1572973803 3
1572973804 3
1572973805 3
1572973806 3
1572973807 3
1572973808 3
1572973809 3
1572973810 3
1572973811 3
1572973812 3
1572973813 3
1572973814 2
1572973815 2
1572973816 2
1572973817 4
1572973818 4
1572973819 4
1572973820 4
1572973821 3
1572973822 4
1572973823 5
1572973824 3
1572973825 3
1572973826 3
1572973827 4
1572973828 5
1572973829 4
1572973830 5
1572974352 3
1572974353 3
1572974354 3
1572974355 3
1572974356 3
1572974357 3
1572974358 4
1572974359 4
1572974360 4
1572974361 3
1572974362 3
1572974363 2
1572974364 2
1572974365 2
1572974366 2
1572974367 2
1572974368 2
1572974369 2
1572974370 2
1572974371 2
1572974372 2
1572974373 2
1572974374 2
1572974375 2
1572974376 2
1572974377 2
1572974378 2
1572974379 2
1572974380 2
1572974381 2
1572974382 2
1572974383 2
1572974384 2
1572974385 2
1572974386 2
1572974387 2
1572974388 2
1572974389 2
1572974390 2
1572974391 2
1572974392 2
1572974393 2
1572974394 2
1572974395 2
1572974396 3
1572974397 4
1572974398 4
1572974399 4
1572974400 4
1572974401 4
1572974402 4
1572974403 3
1572974404 3
1572974405 3
1572974406 3
1572974407 2
1572974408 2
1572974409 2
1572974410 3
1572974411 4
1572974412 4
1572974413 4
1572974414 4
1572974415 4
1572974416 3
1572974417 3
1572974418 2
1572974419 2
1572974420 2
1572974421 2
1572974422 2
1572974423 2
1572974424 2
1572974425 2
1572974426 2
1572974427 2
1572974428 2
1572974429 2
1572974430 2
1572974431 2
1572974432 2
1572974433 2
1572974434 2
1572974435 2
1572974436 2
1572974437 2
1572974438 2
1572974439 2
1572974440 2
1572974441 2
1572974442 2
1572974443 2
1572974444 2
1572974445 2
1572974446 2
1572974447 2
1572974448 2
1572974449 2
1572974450 2
1572974451 2
1572974452 3
1572974453 3
1572974454 3
1572974455 3
1572974456 3
1572974457 3
1572974458 3
1572974459 3
1572974460 3
1572974461 3
1572974462 3
1572974463 3
1572974464 3
1572974465 2
1572974466 3
1572974467 3
1572974468 3
1572974469 3
1572974470 3
1572974471 4
1572974472 6
1572974473 4
1572974474 4
1572974475 3
1572974476 3
1572974477 4
1572974478 3
1572974479 3
1572974480 3
1572974988 4
1572974989 4
1572974990 6
1572974991 5
1572974992 5
1572974993 3
1572974994 3
1572974995 5
1572974996 4
1572974997 5
1572974998 3
1572974999 3
1572975000 3
1572975001 2
1572975002 2
1572975003 2
1572975004 3
1572975005 3
1572975006 4
1572975007 3
1572975008 3
1572975009 3
1572975010 3
1572975011 3
1572975012 3
1572975013 4
1572975014 4
1572975015 6
1572975016 3
1572975017 3
1572975018 2
1572975019 2
1572975020 2
1572975021 2
1572975022 2
1572975023 2
1572975024 2
1572975025 2
1572975026 2
1572975027 2
1572975028 2
1572975029 2
1572975030 2
1572975031 2
1572975032 2
1572975033 2
1572975034 2
1572975035 2
1572975036 2
1572975037 2
1572975038 2
1572975039 2
1572975040 2
1572975041 2
1572975042 2
1572975043 2
1572975044 2
1572975045 2
1572975046 2
1572975047 2
1572975048 2
1572975049 2
1572975050 2
1572975051 3
1572975052 4
1572975053 4
1572975054 4
1572975055 4
1572975056 4
1572975057 4
1572975058 4
1572975059 3
1572975060 3
1572975061 3
1572975062 3
1572975063 3
1572975064 3
1572975065 3
1572975066 3
1572975067 3
1572975068 3
1572975069 3
1572975070 3
1572975071 3
1572975072 3
1572975073 3
1572975074 3
1572975075 3
1572975076 3
1572975077 3
1572975078 3
1572975079 3
1572975080 3
1572975081 3
1572975082 3
1572975083 3
1572975084 3
1572975085 3
1572975086 3
1572975087 3
1572975088 3
1572975089 3
1572975090 3
1572975091 3
1572975092 3
1572975093 3
1572975094 3
1572975095 3
1572975096 3
1572975097 3
1572975098 3
1572975099 3
1572975100 3
1572975101 3
1572975102 3
1572975103 3
1572975104 3
1572975105 3
1572975106 3
1572975107 3
1572975108 3
1572975109 3
1572975110 3
1572975111 3
1572975112 3
1572975113 3
1572975114 3
1572975115 3
1572975116 3
1572975117 3
1572975118 3
1572975119 3
1572975120 3
1572975121 3
1572975122 3
1572975123 3
1572975124 3
1572975125 3
1572975126 3
1572975127 3
1572975128 3
1572975129 3
1572975130 3
1572975131 3
1572975132 3
1572975133 3
1572975134 3
1572975135 3
1572975136 3
1572975137 3
1572975138 4
1572975139 2
1572975140 3
1572975141 4
1572975142 4
1572975143 4
1572975144 4
1572975145 5
1572975146 2
1572975147 2
1572975148 2
1572975149 2
1572975150 2
1572975151 2
1572975152 2
1572975153 2
1572975154 2
1572975155 2
1572975156 2
1572975157 2
1572975158 2
1572975159 2
1572975160 2
1572975161 2
1572975162 2
1572975163 2
1572975164 2
1572975165 2
1572975166 2
1572975167 2
1572975168 2
1572975169 2
1572975170 2
1572975171 2
1572975172 2
1572975173 2
1572975174 2
1572975175 2
1572975176 2
1572975177 2
1572975178 2
1572975179 2
1572975180 2
1572975181 2
1572975182 3
1572975183 3
1572975184 3
1572975185 3
1572975186 3
1572975187 3
1572975188 3
1572975189 3
1572975190 3
1572975191 2
1572975192 2
1572975193 3
1572975194 3
1572975195 3
1572975196 3
1572975197 4
1572975198 4
1572975199 4
1572975200 4
1572975201 4
1572975202 3
1572975203 4
1572975204 3
1572975205 3
1572975206 3
1572975389 3
1572975390 3
1572975391 3
1572975392 4
1572975393 3
1572975394 3
1572975395 3
1572975396 5
1572975397 4
1572975398 4
1572975399 3
1572975400 3
1572975401 2
1572975402 2
1572975403 2
1572975404 3
1572975405 3
1572975406 5
1572975407 4
1572975408 5
1572975409 5
1572975410 5
1572975411 5
1572975412 5
1572975413 4
1572975414 4
1572975415 3
1572975416 2
1572975417 2
1572975418 2
1572975419 2
1572975420 2
1572975421 2
1572975422 2
1572975423 2
1572975424 2
1572975425 2
1572975426 2
1572975427 2
1572975428 2
1572975429 2
1572975430 2
1572975431 2
1572975432 2
1572975433 2
1572975434 2
1572975435 2
1572975436 2
1572975437 2
1572975438 2
1572975439 2
1572975440 2
1572975441 2
1572975442 2
1572975443 2
1572975444 2
1572975445 2
1572975446 2
1572975447 2
1572975448 2
1572975449 2
1572975450 3
1572975451 4
1572975452 4
1572975453 4
1572975454 4
1572975455 4
1572975456 4
1572975457 4
1572975458 3
1572975459 3
1572975460 3
1572975461 3
1572975462 3
1572975463 3
1572975464 3
1572975465 2
1572975466 2
1572975467 3
1572975468 4
1572975469 5
1572975470 4
1572975471 4
1572975472 3
1572975473 3
1572975474 3
1572975475 2
1572975476 2
1572975477 2
1572975478 2
1572975479 2
1572975480 2
1572975481 2
1572975482 2
1572975483 2
1572975484 2
1572975485 2
1572975486 2
1572975487 2
1572975488 2
1572975489 2
1572975490 2
1572975491 2
1572975492 2
1572975493 2
1572975494 2
1572975495 2
1572975496 2
1572975497 2
1572975498 2
1572975499 2
1572975500 2
1572975501 2
1572975502 2
1572975503 2
1572975504 2
1572975505 2
1572975506 2
1572975507 2
1572975508 2
1572975509 3
1572975510 3
1572975511 3
1572975512 3
1572975513 3
1572975514 3
1572975515 3
1572975516 3
1572975517 4
1572975518 3
1572975519 3
1572975520 2
1572975521 2
1572975522 2
1572975523 3
1572975524 3
1572975525 3
1572975526 3
1572975527 3
1572975528 4
1572975529 5
1572975530 4
1572975531 3
1572975532 3
1572975533 3
1572975534 4
1572975535 4
1572975536 2
1572975537 3
1572975890 3
1572975891 3
1572975892 3
1572975893 3
1572975894 4
1572975895 5
1572975896 4
1572975897 4
1572975898 4
1572975899 2
1572975900 4
1572975901 3
1572975902 3
1572975903 3
1572976260 3
1572976261 3
1572976262 3
1572976263 3
1572976264 3
1572976265 3
1572976266 3
1572976267 3
1572976268 3
1572976269 3
1572976270 2
1572976271 2
1572976272 2
1572976273 3
1572976274 4
1572976275 3
1572976276 3
1572976277 4
1572976278 4
1572976279 5
1572976280 5
1572976281 4
1572976282 2
1572976283 4
1572976284 4
1572976285 4
1572976286 2
1572976591 3
1572976592 3
1572976593 3
1572976594 4
1572976595 4
1572976596 4
1572976597 4
1572976598 4
1572976599 5
1572976600 5
1572976601 4
1572976602 2
1572976603 2
1572976604 2
1572976605 3
1572976606 3
1572976607 3
1572976608 3
1572976609 4
1572976610 4
1572976611 4
1572976612 4
1572976613 3
1572976614 3
1572976615 3
1572976616 3
1572976617 3
1572976618 3
1572976920 3
1572976921 3
1572976922 3
1572976923 3
1572976924 3
1572976925 3
1572976926 3
1572976927 3
1572976928 3
1572976929 3
1572976930 2
1572976931 2
1572976932 2
1572976933 2
1572976934 3
1572976935 3
1572976936 3
1572976937 4
1572976938 4
1572976939 5
1572976940 4
1572976941 3
1572976942 3
1572976943 4
1572976944 3
1572976945 2
1572976946 2
1572976947 3
1572977251 3
1572977252 3
1572977253 3
1572977254 3
1572977255 3
1572977256 3
1572977257 3
1572977258 3
1572977259 3
1572977260 3
1572977261 2
1572977262 2
1572977263 2
1572977264 4
1572977265 3
1572977266 3
1572977267 3
1572977268 4
1572977269 4
1572977270 6
1572977271 3
1572977272 4
1572977273 3
1572977274 4
1572977275 3
1572977276 3
1572977277 2
1572977614 3
1572977615 3
1572977616 3
1572977617 3
1572977618 3
1572977619 3
1572977620 3
1572977621 3
1572977622 3
1572977623 3
1572977624 2
1572977625 2
1572977626 2
1572977627 3
1572977628 3
1572977629 3
1572977630 3
1572977631 4
1572977632 4
1572977633 5
1572977634 4
1572977635 4
1572977636 2
1572977637 4
1572977638 3
1572977639 3
1572977640 2
1572977961 3
1572977962 3
1572977963 3
1572977964 3
1572977965 3
1572977966 3
1572977967 3
1572977968 3
1572977969 3
1572977970 3
1572977971 2
1572977972 2
1572977973 2
1572977974 3
1572977975 3
1572977976 3
1572977977 3
1572977978 4
1572977979 4
1572977980 6
1572977981 4
1572977982 4
1572977983 3
1572977984 3
1572977985 4
1572977986 3
1572977987 2
