1572268902 3
1572268903 4
1572268904 3
1572268905 3
1572268906 3
1572268907 4
1572268908 4
1572268909 5
1572268910 4
1572268911 3
1572268912 4
1572268913 3
1572268914 4
1572268915 4
1572268916 4
1572268917 4
1572268918 2
1572269304 3
1572269305 3
1572269306 3
1572269307 3
1572269308 3
1572269309 3
1572269310 3
1572269311 3
1572269312 3
1572269313 3
1572269314 2
1572269315 2
1572269316 2
1572269317 2
1572269318 3
1572269319 4
1572269320 3
1572269321 3
1572269322 3
1572269323 4
1572269324 5
1572269325 7
1572269326 5
1572269327 4
1572269328 4
1572269329 4
1572269330 4
1572269331 4
1572269332 4
1572269333 5
1572269334 4
1572269335 2
1572269336 2
1572269720 4
1572269721 4
1572269722 4
1572269723 3
1572269724 3
1572269725 3
1572269726 2
1572269727 2
1572269728 2
1572269729 2
1572269730 2
1572269731 2
1572269732 2
1572269733 2
1572269734 3
1572269735 3
1572269736 3
1572269737 3
1572269738 3
1572269739 4
1572269740 4
1572269741 4
1572269742 4
1572269743 3
1572269744 5
1572269745 2
1572269746 4
1572269747 4
1572269748 4
1572269749 3
1572269750 4
1572270125 3
1572270126 3
1572270127 3
1572270128 3
1572270129 3
1572270130 3
1572270131 4
1572270132 3
1572270133 3
1572270134 3
1572270135 3
1572270136 2
1572270137 2
1572270138 2
1572270139 3
1572270140 4
1572270141 3
1572270142 3
1572270143 3
1572270144 3
1572270145 4
1572270146 5
1572270147 6
1572270148 6
1572270149 3
1572270150 3
1572270151 6
1572270152 7
1572270153 6
1572270154 5
1572270155 4
1572270156 4
1572270157 3
1572270158 4
1572270522 3
1572270523 3
1572270524 3
1572270525 4
1572270526 4
1572270527 4
1572270528 4
1572270529 4
1572270530 4
1572270531 4
1572270532 4
1572270533 2
1572270534 2
1572270535 2
1572270536 3
1572270537 3
1572270538 3
1572270539 3
1572270540 3
1572270541 3
1572270542 4
1572270543 4
1572270544 7
1572270545 4
1572270546 5
1572270547 4
1572270548 4
1572270549 5
1572270550 5
1572270551 5
1572270552 6
1572270553 7
1572270554 7
1572270555 5
1572272271 4
1572272272 4
1572272273 3
1572272274 3
1572272275 3
1572272276 3
1572272277 2
1572272278 2
1572272279 2
1572272280 2
1572272281 3
1572272282 2
1572272283 2
1572272284 3
1572272285 4
1572272286 3
1572272287 4
1572272288 4
1572272289 4
1572272290 6
1572272291 5
1572272292 6
1572272293 3
1572272294 4
1572272295 4
1572272296 3
1572272297 3
1572272482 4
1572272483 4
1572272484 4
1572272485 3
1572272486 3
1572272487 4
1572272488 5
1572272489 4
1572272490 4
1572272491 4
1572272492 4
1572272493 3
1572272494 2
1572272495 2
1572272496 2
1572272497 2
1572272498 4
1572272499 4
1572272500 4
1572272501 4
1572272502 4
1572272503 4
1572272504 4
1572272505 3
1572272506 3
1572272507 3
1572272508 3
1572272509 2
1572272510 2
1572272511 2
1572272512 2
1572272513 2
1572272514 2
1572272515 2
1572272516 2
1572272517 2
1572272518 2
1572272519 2
1572272520 2
1572272521 2
1572272522 2
1572272523 2
1572272524 2
1572272525 2
1572272526 2
1572272527 2
1572272528 2
1572272529 2
1572272530 2
1572272531 2
1572272532 2
1572272533 2
1572272534 2
1572272535 2
1572272536 2
1572272537 2
1572272538 2
1572272539 2
1572272540 2
1572272541 2
1572272542 2
1572272543 3
1572272544 4
1572272545 4
1572272546 4
1572272547 4
1572272548 4
1572272549 4
1572272550 3
1572272551 3
1572272552 3
1572272553 3
1572272554 3
1572272555 3
1572272556 3
1572272557 2
1572272558 2
1572272559 4
1572272560 4
1572272561 4
1572272562 4
1572272563 4
1572272564 3
1572272565 3
1572272566 2
1572272567 2
1572272568 2
1572272569 2
1572272570 2
1572272571 2
1572272572 2
1572272573 2
1572272574 2
1572272575 2
1572272576 2
1572272577 2
1572272578 2
1572272579 2
1572272580 2
1572272581 2
1572272582 2
1572272583 2
1572272584 2
1572272585 2
1572272586 2
1572272587 2
1572272588 2
1572272589 2
1572272590 2
1572272591 2
1572272592 2
1572272593 2
1572272594 2
1572272595 2
1572272596 2
1572272597 2
1572272598 2
1572272599 2
1572272600 3
1572272601 3
1572272602 3
1572272603 3
1572272604 3
1572272605 3
1572272606 3
1572272607 2
1572272608 2
1572272609 2
1572272610 2
1572272611 2
1572272612 4
1572272613 2
1572272614 3
1572272615 4
1572272616 3
1572272617 3
1572272618 3
1572272619 4
1572272620 6
1572272621 4
1572272622 3
1572272623 2
1572272624 4
1572272625 4
1572272626 4
1572272627 2
1572272628 3
1572272937 3
1572272938 3
1572272939 3
1572272940 3
1572272941 3
1572272942 3
1572272943 3
1572272944 3
1572272945 3
1572272946 3
1572272947 3
1572272948 2
1572272949 2
1572272950 3
1572272951 3
1572272952 3
1572272953 3
1572272954 4
1572272955 4
1572272956 4
1572272957 3
1572272958 3
1572272959 5
1572272960 5
1572272961 4
1572272962 5
1572272963 3
1572273271 3
1572273272 3
1572273273 3
1572273274 3
1572273275 3
1572273276 3
1572273277 3
1572273278 3
1572273279 3
1572273280 4
1572273281 3
1572273282 2
1572273283 2
1572273284 2
1572273285 2
1572273286 2
1572273287 2
1572273288 4
1572273289 3
1572273290 3
1572273291 3
1572273292 4
1572273293 5
1572273294 6
1572273295 3
1572273296 3
1572273297 2
1572273298 4
1572273299 5
1572273300 5
1572273301 6
1572273494 3
1572273495 3
1572273496 3
1572273497 4
1572273498 3
1572273499 4
1572273500 2
1572273501 5
1572273502 4
1572273503 4
1572273504 3
1572273505 3
1572273506 3
1572273507 2
1572273508 2
1572273509 2
1572273510 2
1572273511 3
1572273512 3
1572273513 3
1572273514 3
1572273515 3
1572273516 3
1572273517 3
1572273518 3
1572273519 4
1572273520 5
1572273521 3
1572273522 3
1572273523 2
1572273524 2
1572273525 2
1572273526 2
1572273527 2
1572273528 2
1572273529 2
1572273530 2
1572273531 2
1572273532 2
1572273533 2
1572273534 2
1572273535 2
1572273536 2
1572273537 2
1572273538 2
1572273539 2
1572273540 2
1572273541 2
1572273542 2
1572273543 2
1572273544 2
1572273545 2
1572273546 2
1572273547 2
1572273548 2
1572273549 2
1572273550 2
1572273551 2
1572273552 2
1572273553 2
1572273554 2
1572273555 2
1572273556 2
1572273557 3
1572273558 4
1572273559 4
1572273560 4
1572273561 4
1572273562 4
1572273563 4
1572273564 3
1572273565 3
1572273566 3
1572273567 3
1572273568 3
1572273569 3
1572273570 3
1572273571 2
1572273572 3
1572273573 4
1572273574 4
1572273575 4
1572273576 4
1572273577 4
1572273578 4
1572273579 4
1572273580 2
1572273581 2
1572273582 2
1572273583 2
1572273584 2
1572273585 2
1572273586 2
1572273587 2
1572273588 2
1572273589 2
1572273590 2
1572273591 2
1572273592 2
1572273593 2
1572273594 2
1572273595 2
1572273596 2
1572273597 2
1572273598 2
1572273599 2
1572273600 2
1572273601 2
1572273602 2
1572273603 2
1572273604 2
1572273605 2
1572273606 2
1572273607 2
1572273608 2
1572273609 2
1572273610 2
1572273611 2
1572273612 2
1572273613 2
1572273614 2
1572273615 3
1572273616 3
1572273617 3
1572273618 3
1572273619 3
1572273620 3
1572273621 4
1572273622 4
1572273623 4
1572273624 4
1572273625 4
1572273626 4
1572273627 2
1572273628 2
1572273629 3
1572273630 3
1572273631 3
1572273632 3
1572273633 4
1572273634 5
1572273635 6
1572273636 4
1572273637 3
1572273638 5
1572273639 7
1572273640 7
1572273641 5
1572273642 4
1572273827 4
1572273828 5
1572273829 6
1572273830 6
1572273831 5
1572273832 4
1572273833 6
1572273834 3
1572273835 5
1572273836 5
1572273837 5
1572273838 5
1572273839 5
1572273840 6
1572273841 5
1572273842 4
1572273843 5
1572273844 3
1572273845 3
1572273846 3
1572273847 3
1572273848 5
1572273849 4
1572273850 4
1572273851 4
1572273852 5
1572273853 5
1572273854 5
1572273855 4
1572273856 4
1572273857 4
1572273858 3
1572273859 3
1572273860 2
1572273861 2
1572273862 2
1572273863 2
1572273864 2
1572273865 2
1572273866 2
1572273867 2
1572273868 2
1572273869 2
1572273870 2
1572273871 2
1572273872 2
1572273873 2
1572273874 2
1572273875 2
1572273876 2
1572273877 2
1572273878 2
1572273879 2
1572273880 2
1572273881 2
1572273882 2
1572273883 2
1572273884 2
1572273885 2
1572273886 2
1572273887 2
1572273888 2
1572273889 2
1572273890 2
1572273891 2
1572273892 3
1572273893 4
1572273894 4
1572273895 4
1572273896 4
1572273897 4
1572273898 3
1572273899 3
1572273900 3
1572273901 3
1572273902 3
1572273903 3
1572273904 3
1572273905 3
1572273906 3
1572273907 3
1572273908 3
1572273909 3
1572273910 2
1572273911 3
1572273912 3
1572273913 1
1572273914 2
1572273915 4
1572273916 4
1572273917 4
1572273918 4
1572273919 4
1572273920 4
1572273921 4
1572273922 4
1572273923 4
1572273924 4
1572273925 4
1572273926 4
1572273927 4
1572273928 4
1572273929 4
1572273930 4
1572273931 4
1572273932 4
1572273933 4
1572273934 4
1572273935 3
1572273936 4
1572273937 4
1572273938 4
1572273939 4
1572273940 4
1572273941 4
1572273942 4
1572273943 4
1572273944 4
1572273945 4
1572273946 4
1572273947 4
1572273948 4
1572273949 4
1572273950 4
1572273951 4
1572273952 4
1572273953 4
1572273954 4
1572273955 4
1572273956 4
1572273957 4
1572273958 4
1572273959 4
1572273960 4
1572273961 4
1572273962 4
1572273963 4
1572273964 4
1572273965 4
1572273966 4
1572273967 4
1572273968 4
1572273969 4
1572273970 4
1572273971 4
1572273972 4
1572273973 4
1572273974 4
1572273975 4
1572273976 4
1572273977 4
1572273978 4
1572273979 4
1572273980 4
1572273981 4
1572273982 4
1572273983 4
1572273984 4
1572273985 4
1572273986 4
1572273987 4
1572273988 4
1572273989 4
1572273990 4
1572273991 4
1572273992 4
1572273993 4
1572273994 4
1572273995 4
1572273996 4
1572273997 4
1572273998 4
1572273999 4
1572274000 4
1572274001 4
1572274002 4
1572274003 4
1572274004 4
1572274005 4
1572274006 4
1572274007 4
1572274008 4
1572274009 4
1572274010 4
1572274011 4
1572274012 4
1572274013 4
1572274014 4
1572274015 4
1572274016 4
1572274017 4
1572274018 4
1572274019 4
1572274020 4
1572274021 4
1572274022 4
1572274023 4
1572274024 4
1572274025 4
1572274026 4
1572274027 4
1572274028 4
1572274029 4
1572274030 4
1572274031 4
1572274032 4
1572274033 4
1572274034 4
1572274035 4
1572274036 4
1572274037 4
1572274038 4
1572274039 4
1572274040 3
1572274041 4
1572274042 3
1572274043 3
1572274044 4
1572274045 4
1572274046 3
1572274047 3
1572274048 4
1572274049 4
1572274050 3
1572274051 2
1572274052 2
1572274053 3
1572274054 5
1572274055 5
1572274056 4
1572274057 4
1572274058 4
1572274059 4
1572274060 3
1572274061 3
1572274062 3
1572274063 3
1572274064 3
1572274065 4
1572274066 4
1572274067 4
1572274068 4
1572274069 4
1572274070 3
1572274071 3
1572274072 2
1572274073 2
1572274074 3
1572274075 2
1572274076 2
1572274077 2
1572274078 2
1572274079 2
1572274080 2
1572274081 2
1572274082 2
1572274083 2
1572274084 2
1572274085 2
1572274086 2
1572274087 2
1572274088 2
1572274089 2
1572274090 2
1572274091 2
1572274092 2
1572274093 2
1572274094 2
1572274095 2
1572274096 2
1572274097 2
1572274098 2
1572274099 2
1572274100 2
1572274101 2
1572274102 2
1572274103 2
1572274104 2
1572274105 2
1572274106 2
1572274107 3
1572274108 3
1572274109 3
1572274110 3
1572274111 3
1572274112 3
1572274113 3
1572274114 3
1572274115 3
1572274116 3
1572274117 3
1572274118 2
1572274119 2
1572274120 2
1572274121 3
1572274122 3
1572274123 5
1572274124 7
1572274125 7
1572274126 7
1572274127 6
1572274128 6
1572274129 6
1572274130 5
1572274131 4
1572274132 6
1572274133 6
1572274134 5
1572274135 7
1572274136 4
1572274137 4
1572274138 2
1572274139 2
1572274140 2
1572274141 3
1572274142 4
1572274143 4
1572274144 5
1572274145 4
1572274146 4
1572274147 3
1572274148 4
1572274149 3
1572274150 3
1572274151 2
1572274152 2
1572274153 2
1572274154 2
1572274155 2
1572274156 2
1572274157 2
1572274158 2
1572274159 2
1572274160 2
1572274161 2
1572274162 2
1572274163 2
1572274164 2
1572274165 2
1572274166 2
1572274167 2
1572274168 2
1572274169 2
1572274170 2
1572274171 2
1572274172 2
1572274173 2
1572274174 2
1572274175 2
1572274176 2
1572274177 2
1572274178 2
1572274179 3
1572274180 4
1572274181 5
1572274182 5
1572274183 6
1572274184 5
1572274185 5
1572274186 5
1572274187 5
1572274188 5
1572274189 5
1572274190 4
1572274191 1
1572274192 1
1572274193 3
1572274194 6
1572274195 6
1572274196 8
1572274197 4
1572274198 9
1572274199 9
1572274200 13
1572274201 10
1572274202 11
1572274203 10
1572274204 11
1572274205 12
1572274206 9
1572274207 7
1572274208 5
1572274209 4
1572274210 3
1572274211 4
1572274212 3
1572274213 4
1572274214 2
1572274215 1
1572274216 1
1572274217 1
1572274218 3
1572274219 3
1572274220 4
1572274221 4
1572274222 4
1572274223 4
1572274224 4
1572274225 3
1572274226 3
1572274227 3
1572274228 3
1572274229 4
1572274230 3
1572274231 2
1572274232 2
1572274233 3
1572274234 4
1572274235 4
1572274236 4
1572274237 4
1572274238 4
1572274239 2
1572274240 2
1572274241 2
1572274242 2
1572274243 2
1572274244 2
1572274245 2
1572274246 2
1572274247 2
1572274248 2
1572274249 2
1572274250 2
1572274251 2
1572274252 2
1572274253 2
1572274254 2
1572274255 2
1572274256 2
1572274257 2
1572274258 2
1572274259 2
1572274260 2
1572274261 2
1572274262 2
1572274263 1
1572274264 1
1572274265 1
1572274266 2
1572274267 2
1572274268 2
1572274269 2
1572274270 2
1572274271 2
1572274272 2
1572274273 3
1572274274 1
1572274275 1
1572274276 1
1572274277 1
1572274278 1
1572274279 1
1572274280 2
1572274281 2
1572274282 3
1572274283 3
1572274284 3
1572274285 3
1572274286 3
1572274287 3
1572274288 2
1572274289 2
1572274290 2
1572274291 2
1572274292 2
1572274293 2
1572274294 3
1572274295 3
1572274296 5
1572274297 6
1572274298 7
1572274299 6
1572274300 5
1572274301 6
1572274302 6
1572274303 4
1572274304 3
1572274305 7
1572274306 5
1572274307 5
1572274308 4
1572274309 3
1572274310 2
1572274311 2
1572274312 2
1572274313 2
1572274314 4
1572274315 4
1572274316 3
1572274317 3
1572274318 4
1572274319 3
1572274320 3
1572274321 4
1572274322 4
1572274323 3
1572274324 2
1572274325 2
1572274326 2
1572274327 2
1572274328 2
1572274329 2
1572274330 2
1572274331 2
1572274332 2
1572274333 2
1572274334 2
1572274335 2
1572274336 2
1572274337 2
1572274338 2
1572274339 2
1572274340 2
1572274341 2
1572274342 2
1572274343 2
1572274344 2
1572274345 2
1572274346 2
1572274347 2
1572274348 2
1572274349 2
1572274350 2
1572274351 2
1572274352 3
1572274353 6
1572274354 5
1572274355 5
1572274356 6
1572274357 6
1572274358 6
1572274359 6
1572274360 5
1572274361 5
1572274362 5
1572274363 4
1572274364 2
1572274365 1
1572274366 3
1572274367 5
1572274368 7
1572274369 9
1572274370 9
1572274371 11
1572274372 9
1572274373 10
1572274374 10
1572274375 8
1572274376 6
1572274377 5
1572274378 6
1572274379 7
1572274380 3
1572274381 4
1572274382 5
1572274383 4
1572274384 4
1572274385 4
1572274386 3
1572274387 4
1572274388 3
1572274389 4
1572274390 4
1572274391 2
1572274392 2
1572274393 3
1572274394 3
1572274395 4
1572274396 4
1572274397 4
1572274398 4
1572274399 4
1572274400 4
1572274401 4
1572274402 4
1572274403 4
1572274404 4
1572274405 3
1572274406 3
1572274407 3
1572274408 3
1572274409 4
1572274410 4
1572274411 4
1572274412 4
1572274413 4
1572274414 4
1572274415 2
1572274416 2
1572274417 2
1572274418 2
1572274419 2
1572274420 2
1572274421 2
1572274422 2
1572274423 2
1572274424 2
1572274425 2
1572274426 2
1572274427 2
1572274428 2
1572274429 2
1572274430 2
1572274431 2
1572274432 2
1572274433 2
1572274434 2
1572274435 2
1572274436 2
1572274437 2
1572274438 2
1572274439 2
1572274440 2
1572274441 2
1572274442 2
1572274443 2
1572274444 2
1572274445 2
1572274446 2
1572274447 2
1572274448 2
1572274449 2
1572274450 2
1572274451 4
1572274452 4
1572274453 4
1572274454 4
1572274455 4
1572274456 4
1572274457 4
1572274458 4
1572274459 3
1572274460 2
1572274461 2
1572274462 2
1572274463 4
1572274464 3
1572274465 5
1572274466 6
1572274467 7
1572274468 5
1572274469 5
1572274470 6
1572274471 6
1572274472 4
1572274473 6
1572274474 6
1572274475 7
1572274476 7
1572274477 4
1572274478 3
1572274479 4
1572274480 3
1572274481 3
1572274482 5
1572274483 6
1572274484 5
1572274485 5
1572274486 4
1572274487 4
1572274488 4
1572274489 4
1572274490 4
1572274491 3
1572274492 3
1572274493 3
1572274494 2
1572274495 2
1572274496 2
1572274497 2
1572274498 2
1572274499 2
1572274500 2
1572274501 2
1572274502 2
1572274503 2
1572274504 2
1572274505 2
1572274506 2
1572274507 2
1572274508 2
1572274509 2
1572274510 2
1572274511 2
1572274512 2
1572274513 2
1572274514 2
1572274515 2
1572274516 2
1572274517 2
1572274518 2
1572274519 2
1572274520 2
1572274521 4
1572274522 4
1572274523 6
1572274524 5
1572274525 5
1572274526 5
1572274527 5
1572274528 6
1572274529 5
1572274530 5
1572274531 5
1572274532 3
1572274533 2
1572274534 1
1572274535 2
1572274536 5
1572274537 6
1572274538 5
1572274539 5
1572274540 11
1572274541 9
1572274542 12
1572274543 8
1572274544 10
1572274545 10
1572274546 8
1572274547 7
1572274548 7
1572274549 5
1572274550 5
1572274551 6
1572274552 6
1572274553 4
1572274554 3
1572274555 4
1572274556 2
1572274557 1
1572274558 1
1572274559 4
1572274560 5
1572274561 6
1572274562 6
1572274563 6
1572274564 5
1572274565 5
1572274566 5
1572274567 5
1572274568 5
1572274569 5
1572274570 5
1572274571 3
1572274572 4
1572274573 3
1572274574 3
1572274575 4
1572274576 5
1572274577 5
1572274578 4
1572274579 4
1572274580 4
1572274581 4
1572274582 3
1572274583 2
1572274584 2
1572274585 2
1572274586 2
1572274587 2
1572274588 2
1572274589 2
1572274590 2
1572274591 2
1572274592 2
1572274593 2
1572274594 2
1572274595 2
1572274596 2
1572274597 2
1572274598 2
1572274599 2
1572274600 2
1572274601 2
1572274602 2
1572274603 2
1572274604 2
1572274605 2
1572274606 2
1572274607 2
1572274608 2
1572274609 2
1572274610 2
1572274611 2
1572274612 2
1572274613 2
1572274614 2
1572274615 2
1572274616 3
1572274617 3
1572274618 3
1572274619 3
1572274620 3
1572274621 4
1572274622 4
1572274623 3
1572274624 3
1572274625 3
1572274626 3
1572274627 3
1572274628 3
1572274629 3
1572274630 2
1572274631 4
1572274632 3
1572274633 6
1572274634 6
1572274635 6
1572274636 5
1572274637 5
1572274638 5
1572274639 7
1572274640 5
1572274641 5
1572274642 5
1572274643 5
1572274644 5
1572274645 4
1572274646 4
1572274647 6
1572274648 6
1572274649 7
1572274650 3
1572274651 3
1572274652 3
1572274653 2
1572274654 2
1572274655 2
1572274656 3
1572274657 4
1572274658 3
1572274659 3
1572274660 3
1572274661 3
1572274662 4
1572274663 4
1572274664 4
1572274665 4
1572274666 3
1572274667 2
1572274668 2
1572274669 2
1572274670 2
1572274671 2
1572274672 2
1572274673 2
1572274674 2
1572274675 2
1572274676 2
1572274677 2
1572274678 2
1572274679 2
1572274680 2
1572274681 2
1572274682 2
1572274683 2
1572274684 2
1572274685 2
1572274686 2
1572274687 2
1572274688 2
1572274689 2
1572274690 2
1572274691 2
1572274692 2
1572274693 3
1572274694 4
1572274695 5
1572274696 5
1572274697 5
1572274698 5
1572274699 5
1572274700 5
1572274701 6
1572274702 6
1572274703 6
1572274704 5
1572274705 2
1572274706 1
1572274707 2
1572274708 3
1572274709 7
1572274710 6
1572274711 8
1572274712 10
1572274713 8
1572274714 10
1572274715 9
1572274716 8
1572274717 9
1572274718 7
1572274719 7
1572274720 8
1572274721 3
1572274722 4
1572274723 5
1572274724 5
1572274725 5
1572274726 5
1572274727 4
1572274728 4
1572274729 3
1572274730 2
1572274731 1
1572274732 2
1572274733 3
1572274734 4
1572274735 5
1572274736 4
1572274737 4
1572274738 3
1572274739 3
1572274740 3
1572274741 3
1572274742 3
1572274743 3
1572274744 3
1572274745 2
1572274746 2
1572274747 4
1572274748 4
1572274749 4
1572274750 4
1572274751 4
1572274752 3
1572274753 3
1572274754 2
1572274755 2
1572274756 3
1572274757 2
1572274758 2
1572274759 2
1572274760 2
1572274761 2
1572274762 2
1572274763 2
1572274764 2
1572274765 2
1572274766 2
1572274767 2
1572274768 2
1572274769 2
1572274770 2
1572274771 2
1572274772 2
1572274773 2
1572274774 2
1572274775 2
1572274776 2
1572274777 2
1572274778 2
1572274779 2
1572274780 2
1572274781 2
1572274782 2
1572274783 2
1572274784 2
1572274785 2
1572274786 2
1572274787 2
1572274788 3
1572274789 3
1572274790 3
1572274791 3
1572274792 3
1572274793 3
1572274794 3
1572274795 3
1572274796 3
1572274797 3
1572274798 3
1572274799 3
1572274800 2
1572274801 2
1572274802 2
1572274803 4
1572274804 4
1572274805 5
1572274806 7
1572274807 8
1572274808 7
1572274809 6
1572274810 6
1572274811 6
1572274812 6
1572274813 5
1572274814 6
1572274815 6
1572274816 5
1572274817 4
1572274818 4
1572274819 4
1572274820 2
1572274821 2
1572274822 2
1572274823 4
1572274824 4
1572274825 4
1572274826 5
1572274827 4
1572274828 4
1572274829 3
1572274830 3
1572274831 3
1572274832 3
1572274833 2
1572274834 2
1572274835 2
1572274836 2
1572274837 2
1572274838 2
1572274839 2
1572274840 2
1572274841 2
1572274842 2
1572274843 2
1572274844 2
1572274845 2
1572274846 2
1572274847 2
1572274848 2
1572274849 2
1572274850 2
1572274851 2
1572274852 2
1572274853 2
1572274854 2
1572274855 2
1572274856 2
1572274857 2
1572274858 2
1572274859 2
1572274860 2
1572274861 3
1572274862 4
1572274863 5
1572274864 5
1572274865 4
1572274866 5
1572274867 6
1572274868 5
1572274869 5
1572274870 6
1572274871 6
1572274872 4
1572274873 2
1572274874 1
1572274875 2
1572274876 3
1572274877 4
1572274878 7
1572274879 6
1572274880 6
1572274881 10
1572274882 8
1572274883 9
1572274884 9
1572274885 6
1572274886 9
1572274887 7
1572274888 6
1572274889 7
1572274890 5
1572274891 5
1572274892 7
1572274893 7
1572274894 7
1572274895 8
1572274896 5
1572274897 3
1572274898 2
1572274899 1
1572274900 1
1572274901 3
1572274902 3
1572274903 4
1572274904 4
1572274905 4
1572274906 4
1572274907 3
1572274908 3
1572274909 3
1572274910 3
1572274911 3
1572274912 3
1572274913 3
1572274914 3
1572274915 2
1572274916 2
1572274917 3
1572274918 4
1572274919 4
1572274920 4
1572274921 4
1572274922 3
1572274923 2
1572274924 2
1572274925 2
1572274926 2
1572274927 2
1572274928 2
1572274929 2
1572274930 2
1572274931 2
1572274932 2
1572274933 2
1572274934 2
1572274935 2
1572274936 2
1572274937 2
1572274938 2
1572274939 2
1572274940 2
1572274941 2
1572274942 2
1572274943 2
1572274944 2
1572274945 2
1572274946 2
1572274947 2
1572274948 2
1572274949 2
1572274950 2
1572274951 2
1572274952 2
1572274953 2
1572274954 2
1572274955 2
1572274956 2
1572274957 2
1572274958 3
1572274959 3
1572274960 3
1572274961 3
1572274962 3
1572274963 3
1572274964 3
1572274965 3
1572274966 3
1572274967 3
1572274968 3
1572274969 2
1572274970 2
1572274971 2
1572274972 2
1572274973 4
1572274974 4
1572274975 6
1572274976 7
1572274977 7
1572274978 6
1572274979 6
1572274980 6
1572274981 7
1572274982 4
1572274983 6
1572274984 7
1572274985 5
1572274986 6
1572274987 5
1572274988 3
1572274989 2
1572274990 2
1572274991 2
1572274992 3
1572274993 5
1572274994 5
1572274995 5
1572274996 5
1572274997 4
1572274998 5
1572274999 4
1572275000 5
1572275001 5
1572275002 4
1572275003 3
1572275004 3
1572275005 2
1572275006 2
1572275007 2
1572275008 2
1572275009 2
1572275010 2
1572275011 2
1572275012 2
1572275013 2
1572275014 2
1572275015 2
1572275016 2
1572275017 2
1572275018 2
1572275019 2
1572275020 2
1572275021 2
1572275022 2
1572275023 2
1572275024 2
1572275025 2
1572275026 2
1572275027 2
1572275028 2
1572275029 2
1572275030 2
1572275031 4
1572275032 5
1572275033 6
1572275034 5
1572275035 6
1572275036 5
1572275037 6
1572275038 6
1572275039 5
1572275040 5
1572275041 5
1572275042 2
1572275043 1
1572275044 1
1572275045 4
1572275046 6
1572275047 7
1572275048 10
1572275049 11
1572275050 12
1572275051 12
1572275052 12
1572275053 9
1572275054 10
1572275055 7
1572275056 7
1572275057 8
1572275058 6
1572275059 6
1572275060 6
1572275061 8
1572275062 6
1572275063 6
1572275064 5
1572275065 5
1572275066 3
1572275067 2
1572275068 1
1572275069 1
1572275070 4
1572275071 3
1572275072 4
1572275073 4
1572275074 4
1572275075 4
1572275076 4
1572275077 4
1572275078 5
1572275079 4
1572275080 4
1572275081 4
1572275082 3
1572275083 3
1572275084 3
1572275085 3
1572275086 4
1572275087 4
1572275088 4
1572275089 4
1572275090 4
1572275091 4
1572275092 2
1572275093 2
1572275094 2
1572275095 2
1572275096 2
1572275097 2
1572275098 2
1572275099 2
1572275100 2
1572275101 2
1572275102 2
1572275103 2
1572275104 2
1572275105 2
1572275106 2
1572275107 2
1572275108 2
1572275109 2
1572275110 2
1572275111 2
1572275112 2
1572275113 2
1572275114 2
1572275115 2
1572275116 2
1572275117 2
1572275118 2
1572275119 2
1572275120 2
1572275121 2
1572275122 2
1572275123 2
1572275124 2
1572275125 2
1572275126 2
1572275127 3
1572275128 3
1572275129 3
1572275130 3
1572275131 3
1572275132 3
1572275133 3
1572275134 3
1572275135 3
1572275136 3
1572275137 2
1572275138 2
1572275139 2
1572275140 2
1572275141 3
1572275142 4
1572275143 5
1572275144 5
1572275145 5
1572275146 6
1572275147 6
1572275148 6
1572275149 6
1572275150 7
1572275151 6
1572275152 6
1572275153 4
1572275154 5
1572275155 5
1572275156 6
1572275157 6
1572275158 6
1572275159 4
1572275160 4
1572275161 3
1572275162 2
1572275163 2
1572275164 3
1572275165 4
1572275166 4
1572275167 4
1572275168 4
1572275169 4
1572275170 4
1572275171 4
1572275172 3
1572275173 3
1572275174 3
1572275175 3
1572275176 2
1572275177 2
1572275178 2
1572275179 2
1572275180 2
1572275181 2
1572275182 2
1572275183 2
1572275184 2
1572275185 2
1572275186 2
1572275187 2
1572275188 2
1572275189 2
1572275190 2
1572275191 2
1572275192 2
1572275193 2
1572275194 2
1572275195 2
1572275196 2
1572275197 2
1572275198 2
1572275199 2
1572275200 2
1572275201 2
1572275202 2
1572275203 4
1572275204 4
1572275205 5
1572275206 5
1572275207 5
1572275208 6
1572275209 5
1572275210 5
1572275211 6
1572275212 6
1572275213 6
1572275214 3
1572275215 2
1572275216 2
1572275217 3
1572275218 7
1572275219 7
1572275220 8
1572275221 9
1572275222 11
1572275223 8
1572275224 10
1572275225 7
1572275226 8
1572275227 6
1572275228 7
1572275229 6
1572275230 5
1572275231 4
1572275232 4
1572275233 6
1572275234 6
1572275235 6
1572275236 6
1572275237 6
1572275238 5
1572275239 4
1572275240 4
1572275241 4
1572275242 4
1572275243 3
1572275244 1
1572275245 1
1572275246 3
1572275247 5
1572275248 4
1572275249 5
1572275250 4
1572275251 4
1572275252 4
1572275253 4
1572275254 4
1572275255 3
1572275256 4
1572275257 4
1572275258 2
1572275259 2
1572275260 2
1572275261 3
1572275262 4
1572275263 4
1572275264 5
1572275265 4
1572275266 4
1572275267 4
1572275268 4
1572275269 3
1572275270 3
1572275271 2
1572275272 2
1572275273 2
1572275274 2
1572275275 2
1572275276 2
1572275277 2
1572275278 2
1572275279 2
1572275280 2
1572275281 2
1572275282 2
1572275283 2
1572275284 2
1572275285 2
1572275286 2
1572275287 2
1572275288 2
1572275289 2
1572275290 2
1572275291 2
1572275292 2
1572275293 2
1572275294 2
1572275295 2
1572275296 2
1572275297 2
1572275298 2
1572275299 2
1572275300 2
1572275301 2
1572275302 2
1572275303 3
1572275304 4
1572275305 3
1572275306 4
1572275307 4
1572275308 3
1572275309 3
1572275310 3
1572275311 3
1572275312 3
1572275313 4
1572275314 4
1572275315 4
1572275316 2
1572275317 2
1572275318 2
1572275319 2
1572275320 4
1572275321 3
1572275322 4
1572275323 5
1572275324 7
1572275325 6
1572275326 6
1572275327 7
1572275328 6
1572275329 6
1572275330 5
1572275331 5
1572275332 6
1572275333 7
1572275334 8
1572275335 4
1572275336 3
1572275337 3
1572275338 2
1572275339 2
1572275340 4
1572275341 5
1572275342 3
1572275343 5
1572275344 3
1572275345 3
1572275346 3
1572275347 3
1572275348 3
1572275349 3
1572275350 3
1572275351 3
1572275352 2
1572275353 2
1572275354 2
1572275355 2
1572275356 2
1572275357 2
1572275358 2
1572275359 2
1572275360 2
1572275361 2
1572275362 2
1572275363 2
1572275364 2
1572275365 2
1572275366 2
1572275367 2
1572275368 2
1572275369 2
1572275370 1
1572275371 2
1572275372 2
1572275373 2
1572275374 2
1572275375 2
1572275376 2
1572275377 2
1572275378 2
1572275379 2
1572275380 3
1572275381 4
1572275382 5
1572275383 5
1572275384 6
1572275385 5
1572275386 5
1572275387 5
1572275388 4
1572275389 4
1572275390 5
1572275391 3
1572275392 3
1572275393 3
1572275394 4
1572275395 4
1572275396 6
1572275397 6
1572275398 9
1572275399 11
1572275400 8
1572275401 11
1572275402 7
1572275403 8
1572275404 7
1572275405 7
1572275406 8
1572275407 8
1572275408 4
1572275409 5
1572275410 6
1572275411 5
1572275412 5
1572275413 3
1572275414 3
1572275415 1
1572275416 2
1572275417 2
1572275418 4
1572275419 4
1572275420 5
1572275421 4
1572275422 4
1572275423 4
1572275424 3
1572275425 3
1572275426 3
1572275427 3
1572275428 3
1572275429 3
1572275430 3
1572275431 2
1572275432 2
1572275433 4
1572275434 5
1572275435 4
1572275436 4
1572275437 4
1572275438 3
1572275439 3
1572275440 3
1572275441 2
1572275442 2
1572275443 2
1572275444 2
1572275445 2
1572275446 2
1572275447 2
1572275448 2
1572275449 2
1572275450 2
1572275451 2
1572275452 2
1572275453 2
1572275454 2
1572275455 2
1572275456 2
1572275457 2
1572275458 2
1572275459 2
1572275460 2
1572275461 2
1572275462 2
1572275463 2
1572275464 2
1572275465 2
1572275466 2
1572275467 2
1572275468 2
1572275469 2
1572275470 2
1572275471 2
1572275472 2
1572275473 2
1572275474 3
1572275475 3
1572275476 3
1572275477 3
1572275478 3
1572275479 3
1572275480 3
1572275481 3
1572275482 3
1572275483 3
1572275484 4
1572275485 5
1572275486 3
1572275487 4
1572275488 3
1572275489 4
1572275490 5
1572275491 6
1572275492 6
1572275493 7
1572275494 6
1572275495 6
1572275496 6
1572275497 6
1572275498 6
1572275499 6
1572275500 5
1572275501 6
1572275502 7
1572275503 7
1572275504 7
1572275505 4
1572275506 3
1572275507 3
1572275508 2
1572275509 2
1572275510 2
1572275511 3
1572275512 4
1572275513 3
1572275514 3
1572275515 4
1572275516 4
1572275517 4
1572275518 4
1572275519 4
1572275520 3
1572275521 2
1572275522 2
1572275523 2
1572275524 2
1572275525 2
1572275526 2
1572275527 2
1572275528 2
1572275529 2
1572275530 2
1572275531 2
1572275532 2
1572275533 2
1572275534 2
1572275535 2
1572275536 2
1572275537 2
1572275538 2
1572275539 2
1572275540 2
1572275541 2
1572275542 2
1572275543 2
1572275544 2
1572275545 2
1572275546 2
1572275547 2
1572275548 3
1572275549 4
1572275550 5
1572275551 5
1572275552 5
1572275553 5
1572275554 5
1572275555 5
1572275556 5
1572275557 5
1572275558 5
1572275559 3
1572275560 2
1572275561 1
1572275562 3
1572275563 6
1572275564 5
1572275565 7
1572275566 11
1572275567 11
1572275568 11
1572275569 12
1572275570 7
1572275571 8
1572275572 10
1572275573 9
1572275574 7
1572275575 7
1572275576 6
1572275577 5
1572275578 6
1572275579 6
1572275580 6
1572275581 4
1572275582 4
1572275583 3
1572275584 2
1572275585 3
1572275586 3
1572275587 5
1572275588 5
1572275589 4
1572275590 3
1572275591 4
1572275592 3
1572275593 4
1572275594 4
1572275595 4
1572275596 4
1572275597 4
1572275598 3
1572275599 2
1572275600 2
1572275601 3
1572275602 3
1572275603 3
1572275604 2
1572275605 2
1572275606 2
1572275607 2
1572275608 4
1572275609 4
1572275610 4
1572275611 4
1572275612 4
1572275613 3
1572275614 3
1572275615 2
1572275616 2
1572275617 2
1572275618 2
1572275619 2
1572275620 2
1572275621 2
1572275622 2
1572275623 2
1572275624 2
1572275625 2
1572275626 2
1572275627 2
1572275628 2
1572275629 2
1572275630 2
1572275631 2
1572275632 2
1572275633 2
1572275634 2
1572275635 2
1572275636 2
1572275637 2
1572275638 2
1572275639 2
1572275640 2
1572275641 2
1572275642 2
1572275643 2
1572275644 2
1572275645 2
1572275646 2
1572275647 2
1572275648 2
1572275649 3
1572275650 3
1572275651 3
1572275652 3
1572275653 3
1572275654 3
1572275655 3
1572275656 3
1572275657 3
1572275658 3
1572275659 3
1572275660 5
1572275661 2
1572275662 2
1572275663 2
1572275664 4
1572275665 4
1572275666 6
1572275667 7
1572275668 7
1572275669 8
1572275670 6
1572275671 6
1572275672 6
1572275673 4
1572275674 6
1572275675 7
1572275676 6
1572275677 6
1572275678 5
1572275679 4
1572275680 2
1572275681 2
1572275682 2
1572275683 2
1572275684 4
1572275685 4
1572275686 4
1572275687 4
1572275688 4
1572275689 3
1572275690 4
1572275691 3
1572275692 3
1572275693 3
1572275694 2
1572275695 2
1572275696 2
1572275697 2
1572275698 2
1572275699 2
1572275700 2
1572275701 2
1572275702 2
1572275703 2
1572275704 2
1572275705 2
1572275706 2
1572275707 2
1572275708 2
1572275709 2
1572275710 2
1572275711 2
1572275712 2
1572275713 2
1572275714 2
1572275715 2
1572275716 2
1572275717 2
1572275718 2
1572275719 2
1572275720 2
1572275721 2
1572275722 4
1572275723 4
1572275724 5
1572275725 5
1572275726 5
1572275727 5
1572275728 6
1572275729 5
1572275730 4
1572275731 4
1572275732 4
1572275733 1
1572275734 1
1572275735 2
1572275736 3
1572275737 6
1572275738 9
1572275739 8
1572275740 13
1572275741 9
1572275742 11
1572275743 10
1572275744 7
1572275745 10
1572275746 6
1572275747 7
1572275748 8
1572275749 5
1572275750 6
1572275751 6
1572275752 8
1572275753 5
1572275754 5
1572275755 3
1572275756 2
1572275757 1
1572275758 2
1572275759 3
1572275760 4
1572275761 4
1572275762 4
1572275763 4
1572275764 4
1572275765 4
1572275766 3
1572275767 3
1572275768 3
1572275769 3
1572275770 3
1572275771 3
1572275772 3
1572275773 3
1572275774 3
1572275775 3
1572275776 3
1572275777 3
1572275778 2
1572275779 3
1572275780 3
1572275781 3
1572275782 3
1572275783 3
1572275784 3
1572275785 3
1572275786 3
1572275787 3
1572275788 3
1572275789 3
1572275790 3
1572275791 3
1572275792 3
1572275793 3
1572275794 3
1572275795 3
1572275796 3
1572275797 3
1572275798 3
1572275799 3
1572275800 3
1572275801 3
1572275802 3
1572275803 3
1572275804 3
1572275805 3
1572275806 3
1572275807 3
1572275808 3
1572275809 3
1572275810 3
1572275811 3
1572275812 3
1572275813 3
1572275814 3
1572275815 3
1572275816 3
1572275817 3
1572275818 3
1572275819 3
1572275820 3
1572275821 3
1572275822 3
1572275823 3
1572275824 3
1572275825 3
1572275826 3
1572275827 3
1572275828 3
1572275829 3
1572275830 3
1572275831 3
1572275832 3
1572275833 3
1572275834 3
1572275835 3
1572275836 3
1572275837 3
1572275838 3
1572275839 3
1572275840 3
1572275841 3
1572275842 3
1572275843 3
1572275844 3
1572275845 3
1572275846 3
1572275847 3
1572275848 3
1572275849 3
1572275850 3
1572275851 3
1572275852 3
1572275853 3
1572275854 3
1572275855 3
1572275856 3
1572275857 3
1572275858 3
1572275859 3
1572275860 3
1572275861 3
1572275862 3
1572275863 3
1572275864 3
1572275865 3
1572275866 3
1572275867 3
1572275868 3
1572275869 3
1572275870 3
1572275871 3
1572275872 3
1572275873 3
1572275874 3
1572275875 3
1572275876 3
1572275877 3
1572275878 3
1572275879 3
1572275880 3
1572275881 3
1572275882 3
1572275883 3
1572275884 3
1572275885 3
1572275886 3
1572275887 3
1572275888 3
1572275889 3
1572275890 3
1572275891 3
1572275892 3
1572275893 3
1572275894 3
1572275895 3
1572275896 3
1572275897 3
1572275898 3
1572275899 3
1572275900 3
1572275901 3
1572275902 3
1572275903 3
1572275904 3
1572275905 3
1572275906 3
1572275907 3
1572275908 3
1572275909 3
1572275910 3
1572275911 3
1572275912 3
1572275913 3
1572275914 3
1572275915 3
1572275916 3
1572275917 3
1572275918 3
1572275919 3
1572275920 3
1572275921 3
1572275922 3
1572275923 3
1572275924 3
1572275925 3
1572275926 3
1572275927 3
1572275928 3
1572275929 3
1572275930 3
1572275931 3
1572275932 3
1572275933 3
1572275934 3
1572275935 3
1572275936 3
1572275937 3
1572275938 3
1572275939 3
1572275940 3
1572275941 3
1572275942 3
1572275943 3
1572275944 3
1572275945 3
1572275946 3
1572275947 3
1572275948 3
1572275949 3
1572275950 3
1572275951 3
1572275952 3
1572275953 3
1572275954 3
1572275955 3
1572275956 3
1572275957 3
1572275958 3
1572275959 3
1572275960 3
1572275961 3
1572275962 3
1572275963 3
1572275964 3
1572275965 3
1572275966 3
1572275967 3
1572275968 3
1572275969 3
1572275970 3
1572275971 3
1572275972 3
1572275973 3
1572275974 3
1572275975 3
1572275976 3
1572275977 3
1572275978 3
1572275979 2
1572275980 3
1572275981 2
1572275982 3
1572275983 3
1572275984 3
1572275985 3
1572275986 3
1572275987 3
1572275988 3
1572275989 3
1572275990 3
1572275991 3
1572275992 3
1572275993 3
1572275994 2
1572275995 4
1572275996 4
1572275997 4
1572275998 4
1572275999 4
1572276000 3
1572276001 2
1572276002 2
1572276003 2
1572276004 2
1572276005 2
1572276006 2
1572276007 2
1572276008 2
1572276009 2
1572276010 2
1572276011 2
1572276012 2
1572276013 2
1572276014 2
1572276015 2
1572276016 2
1572276017 2
1572276018 2
1572276019 2
1572276020 2
1572276021 2
1572276022 2
1572276023 2
1572276024 2
1572276025 2
1572276026 2
1572276027 2
1572276028 2
1572276029 2
1572276030 2
1572276031 2
1572276032 2
1572276033 2
1572276034 2
1572276035 2
1572276036 2
1572276037 2
1572276038 2
1572276039 3
1572276040 3
1572276041 3
1572276042 3
1572276043 3
1572276044 3
1572276045 3
1572276046 4
1572276047 3
1572276048 4
1572276049 3
1572276050 3
1572276051 2
1572276052 2
1572276053 3
1572276054 3
1572276055 3
1572276056 3
1572276057 4
1572276058 4
1572276059 5
1572276060 3
1572276061 4
1572276062 2
1572276063 4
1572276064 4
1572276065 3
1572276066 3
1572276399 4
1572276400 4
1572276401 3
1572276402 2
1572276589 3
1572276590 3
1572276591 3
1572276592 3
1572276593 3
1572276594 4
1572276595 4
1572276596 5
1572276597 5
1572276598 4
1572276599 3
1572276600 3
1572276601 3
1572276602 2
1572276603 2
1572276604 2
1572276605 2
1572276606 3
1572276607 3
1572276608 3
1572276609 4
1572276610 4
1572276611 3
1572276612 3
1572276613 3
1572276614 4
1572276615 2
1572276616 2
1572276617 2
1572276618 2
1572276619 2
1572276620 2
1572276621 2
1572276622 2
1572276623 2
1572276624 2
1572276625 2
1572276626 2
1572276627 2
1572276628 2
1572276629 2
1572276630 2
1572276631 2
1572276632 2
1572276633 2
1572276634 2
1572276635 2
1572276636 2
1572276637 2
1572276638 2
1572276639 2
1572276640 2
1572276641 2
1572276642 2
1572276643 2
1572276644 2
1572276645 2
1572276646 2
1572276647 2
1572276648 2
1572276649 2
1572276650 2
1572276651 2
1572276652 2
1572276653 3
1572276654 4
1572276655 4
1572276656 4
1572276657 4
1572276658 4
1572276659 4
1572276660 4
1572276661 4
1572276662 4
1572276663 4
1572276664 4
1572276665 3
1572276666 3
1572276667 3
1572276668 3
1572276669 4
1572276670 4
1572276671 4
1572276672 4
1572276673 4
1572276674 3
1572276675 2
1572276676 2
1572276677 2
1572276678 2
1572276679 2
1572276680 2
1572276681 2
1572276682 2
1572276683 2
1572276684 2
1572276685 2
1572276686 2
1572276687 2
1572276688 2
1572276689 2
1572276690 2
1572276691 2
1572276692 2
1572276693 2
1572276694 2
1572276695 2
1572276696 2
1572276697 2
1572276698 2
1572276699 2
1572276700 2
1572276701 2
1572276702 2
1572276703 2
1572276704 2
1572276705 2
1572276706 2
1572276707 2
1572276708 2
1572276709 3
1572276710 4
1572276711 4
1572276712 3
1572276713 3
1572276714 3
1572276715 3
1572276716 3
1572276717 4
1572276718 3
1572276719 3
1572276720 3
1572276721 3
1572276722 2
1572276723 2
1572276724 4
1572276725 3
1572276726 4
1572276727 4
1572276728 5
1572276729 5
1572276730 5
1572276731 6
1572276732 5
1572276733 4
1572276734 5
1572276735 3
1572276736 4
1572276737 2
1572276922 2
1572276923 3
1572276924 4
1572276925 4
1572276926 3
1572276927 3
1572276928 5
1572276929 5
1572276930 4
1572276931 4
1572276932 5
1572276933 3
1572276934 2
1572276935 2
1572276936 2
1572276937 3
1572276938 2
1572276939 3
1572276940 3
1572276941 3
1572276942 3
1572276943 3
1572276944 3
1572276945 3
1572276946 3
1572276947 3
1572276948 3
1572276949 2
1572276950 2
1572276951 2
1572276952 2
1572276953 2
1572276954 2
1572276955 2
1572276956 2
1572276957 2
1572276958 2
1572276959 2
1572276960 2
1572276961 2
1572276962 2
1572276963 2
1572276964 2
1572276965 2
1572276966 2
1572276967 2
1572276968 2
1572276969 2
1572276970 2
1572276971 2
1572276972 2
1572276973 2
1572276974 2
1572276975 2
1572276976 2
1572276977 2
1572276978 2
1572276979 2
1572276980 2
1572276981 2
1572276982 2
1572276983 3
1572276984 3
1572276985 4
1572276986 4
1572276987 4
1572276988 4
1572276989 4
1572276990 3
1572276991 3
1572276992 3
1572276993 3
1572276994 3
1572276995 3
1572276996 3
1572276997 3
1572276998 3
1572276999 3
1572277000 4
1572277001 4
1572277002 4
1572277003 4
1572277004 3
1572277005 3
1572277006 3
1572277007 2
1572277008 2
1572277009 2
1572277010 2
1572277011 2
1572277012 2
1572277013 2
1572277014 2
1572277015 2
1572277016 2
1572277017 2
1572277018 2
1572277019 2
1572277020 2
1572277021 2
1572277022 2
1572277023 2
1572277024 2
1572277025 2
1572277026 2
1572277027 2
1572277028 2
1572277029 2
1572277030 2
1572277031 2
1572277032 2
1572277033 2
1572277034 2
1572277035 2
1572277036 2
1572277037 2
1572277038 2
1572277039 2
1572277040 3
1572277041 3
1572277042 3
1572277043 3
1572277044 3
1572277045 3
1572277046 3
1572277047 3
1572277048 3
1572277049 3
1572277050 3
1572277051 2
1572277052 2
1572277053 2
1572277054 2
1572277055 3
1572277056 3
1572277057 3
1572277058 3
1572277059 4
1572277060 5
1572277061 4
1572277062 5
1572277063 2
1572277064 4
1572277065 4
1572277066 4
1572277067 3
1572277068 2
1572277372 4
1572277373 4
1572277374 4
1572277375 4
1572277376 4
1572277377 5
1572277378 5
1572277379 4
1572277380 3
1572277381 3
1572277382 2
1572277383 2
1572277384 2
1572277385 3
1572277386 2
1572277387 3
1572277388 3
1572277389 3
1572277390 3
1572277391 3
1572277392 4
1572277393 5
1572277394 4
1572277395 2
1572277396 2
1572277397 4
1572277398 4
1572277399 3
1572277400 3
1572277718 4
1572277719 4
1572277720 4
1572277721 4
1572277722 4
1572277723 4
1572277724 3
1572277725 3
1572277726 3
1572277727 3
1572277728 3
1572277729 3
1572277730 3
1572277731 3
1572277732 3
1572277733 3
1572277734 3
1572277735 3
1572277736 3
1572277737 3
1572277738 3
1572277739 3
1572277740 3
1572277741 3
1572277742 3
1572277743 3
1572277744 3
1572277745 3
1572277746 2
1572277747 2
1572277748 2
1572277749 3
1572277750 2
1572277751 3
1572277752 3
1572277753 4
1572277754 5
1572277755 6
1572277756 3
1572277757 3
1572277758 3
1572277759 4
1572277760 5
1572277761 4
1572277762 2
1572277947 2
1572277948 3
1572277949 4
1572277950 4
1572277951 3
1572277952 3
1572277953 3
1572277954 5
1572277955 4
1572277956 3
1572277957 3
1572277958 3
1572277959 3
1572277960 2
1572277961 2
1572277962 2
1572277963 2
1572277964 3
1572277965 3
1572277966 3
1572277967 3
1572277968 3
1572277969 3
1572277970 3
1572277971 3
1572277972 3
1572277973 3
1572277974 3
1572277975 3
1572277976 2
1572277977 2
1572277978 2
1572277979 2
1572277980 2
1572277981 2
1572277982 2
1572277983 2
1572277984 2
1572277985 2
1572277986 2
1572277987 2
1572277988 2
1572277989 2
1572277990 2
1572277991 2
1572277992 2
1572277993 2
1572277994 2
1572277995 2
1572277996 2
1572277997 2
1572277998 2
1572277999 2
1572278000 2
1572278001 2
1572278002 2
1572278003 2
1572278004 2
1572278005 2
1572278006 2
1572278007 2
1572278008 3
1572278009 4
1572278010 4
1572278011 4
1572278012 4
1572278013 4
1572278014 4
1572278015 4
1572278016 4
1572278017 4
1572278018 4
1572278019 4
1572278020 3
1572278021 3
1572278022 3
1572278023 3
1572278024 4
1572278025 4
1572278026 4
1572278027 4
1572278028 4
1572278029 4
1572278030 2
1572278031 2
1572278032 2
1572278033 2
1572278034 2
1572278035 2
1572278036 2
1572278037 2
1572278038 2
1572278039 2
1572278040 2
1572278041 2
1572278042 2
1572278043 2
1572278044 2
1572278045 2
1572278046 2
1572278047 2
1572278048 2
1572278049 2
1572278050 2
1572278051 2
1572278052 2
1572278053 2
1572278054 2
1572278055 2
1572278056 2
1572278057 2
1572278058 2
1572278059 2
1572278060 2
1572278061 2
1572278062 2
1572278063 2
1572278064 3
1572278065 4
1572278066 3
1572278067 3
1572278068 3
1572278069 3
1572278070 3
1572278071 3
1572278072 3
1572278073 4
1572278074 3
1572278075 3
1572278076 3
1572278077 3
1572278078 3
1572278079 2
1572278080 3
1572278081 2
1572278082 3
1572278083 4
1572278084 4
1572278085 5
1572278086 6
1572278087 5
1572278088 3
1572278089 4
1572278090 5
1572278091 5
1572278092 3
1572278093 2
1572278399 3
1572278400 3
1572278401 3
1572278402 3
1572278403 3
1572278404 3
1572278405 3
1572278406 3
1572278407 3
1572278408 3
1572278409 2
1572278410 2
1572278411 2
1572278412 3
1572278413 3
1572278414 2
1572278415 3
1572278416 3
1572278417 4
1572278418 5
1572278419 3
1572278420 3
1572278421 2
1572278422 3
1572278423 3
1572278424 5
1572278425 6
1572278426 5
