1571395931 2
1571395932 2
1571395933 2
1571395934 2
1571395935 2
1571395936 2
1571396128 2
1571396129 2
1571396130 2
1571396131 2
1571396132 2
1571396133 2
1571396324 2
1571396325 2
1571396326 2
1571396327 2
1571396328 2
1571396329 2
1571396523 2
1571396524 2
1571396525 2
1571396526 2
1571396527 2
1571396528 2
1571396723 2
1571396724 2
1571396725 2
1571396726 3
1571396727 2
1571396949 2
1571396950 2
1571396951 2
1571396952 2
1571396953 2
1571396954 2
1571397153 2
1571397154 2
1571397155 2
1571397156 2
1571397157 2
1571397158 2
1571397355 2
1571397356 2
1571397357 2
1571397358 2
1571397359 2
1571397360 2
1571397552 2
1571397553 2
1571397554 2
1571397555 2
1571397556 2
1571397749 2
1571397750 2
1571397751 2
1571397752 2
1571397753 2
1571404997 2
1571404998 2
1571404999 2
1571405000 2
1571405001 2
1571405002 2
1571405196 2
1571405197 2
1571405198 2
1571405199 2
1571405200 2
1571405393 2
1571405394 2
1571405395 2
1571405396 2
1571405397 2
1571405398 2
1571405622 2
1571405623 2
1571405624 2
1571405625 2
1571405626 2
1571405825 2
1571405826 2
1571405827 2
1571405828 2
1571405829 2
1571405830 2
1571409044 2
1571409045 2
1571409046 2
1571409047 2
1571409048 2
1571409246 2
1571409247 2
1571409248 2
1571409249 2
1571409250 2
1571409446 2
1571409447 2
1571409448 2
1571409449 2
1571409450 2
1571409451 2
1571409663 2
1571409664 2
1571409665 2
1571409666 2
1571409667 2
1571409668 2
1571409862 2
1571409863 2
1571409864 2
1571409865 2
1571409866 2
