1572532365 2
1572532366 2
1572532367 2
1572532368 2
1572532369 3
1572532567 2
1572532568 2
1572532569 2
1572532570 2
1572532571 3
1572532772 2
1572532773 2
1572532774 2
1572532775 2
1572532776 3
1572533551 2
1572533552 2
1572533553 2
1572533554 3
1572533555 3
1572533889 2
1572533890 2
1572533891 3
1572533892 4
1572534243 2
1572534244 2
1572534245 3
1572534246 3
1572534247 4
1572534590 2
1572534591 2
1572534592 2
1572534593 2
1572534594 3
1572534922 2
1572534923 2
1572534924 2
1572534925 2
1572534926 3
1572535270 2
1572535271 2
1572535272 2
1572535273 2
1572535274 3
1572535601 2
1572535602 2
1572535603 2
1572535604 2
1572535605 3
1572535937 2
1572535938 2
1572535939 3
1572535940 3
1572536296 1
1572536297 3
1572536298 3
1572536299 3
1572536633 2
1572536634 2
1572536635 2
1572536636 2
1572536637 3
1572537234 2
1572537235 2
1572537236 2
1572537237 2
1572537238 3
1572537888 2
1572537889 2
1572537890 2
1572537891 2
1572537892 3
1572538545 2
1572538546 2
1572538547 3
1572538548 4
1572538549 4
1572539198 2
1572539199 2
1572539200 2
1572539201 3
1572539850 2
1572539851 2
1572539852 2
1572539853 2
1572539854 3
1572540757 2
1572540758 2
1572540759 2
1572540760 3
1572541410 2
1572541411 2
1572541412 2
1572541413 2
1572541414 3
1572542059 2
1572542060 2
1572542061 2
1572542062 2
1572542063 3
1572542706 2
1572542707 2
1572542708 2
1572542709 2
1572542710 4
1572543351 2
1572543352 2
1572543353 2
1572543354 3
1572543355 3
1572544483 2
1572544484 2
1572544485 2
1572544486 3
1572544650 2
1572544651 2
1572544652 2
1572544653 2
1572544654 3
1572544820 2
1572544821 2
1572544822 2
1572544823 2
1572544824 3
1572544994 2
1572544995 2
1572544996 2
1572544997 2
1572544998 3
1572545168 2
1572545169 2
1572545170 2
1572545171 2
1572545172 4
