1573741875 2
1573741876 2
1573743626 2
1573743627 2
1573743727 3
1573743728 2
1573743825 3
1573743826 2
1573743924 2
1573743925 2
1573744023 2
1573744024 2
1573744025 2
1573744119 2
1573744120 2
1573744217 2
1573744218 2
1573744316 2
1573744406 2
1573744407 2
1573744503 2
1573744504 2
1573744609 2
1573744610 2
1573744708 2
1573744821 2
1573744822 2
1573744920 2
1573744921 2
1573745056 2
1573745057 2
1573745241 2
1573745242 2
1573745337 2
1573745338 2
1573745439 2
1573745440 2
1573745536 2
1573745537 2
1573745637 2
1573745736 2
1573745737 2
1573745839 2
1573745840 2
1573745936 2
1573745937 2
1573746033 2
1573746034 2
1573746332 3
1573746333 2
1573746433 2
1573746434 2
1573746530 2
1573746531 2
1573746626 2
1573746627 2
1573748946 2
1573748947 2
1573749042 2
1573749043 2
1573749255 2
1573749256 2
1573749353 2
1573749354 2
1573749587 2
1573749588 2
1573749687 2
1573749688 2
1573749786 2
1573749787 2
