1574685839 2
1574685840 5
1574685841 6
1574685842 7
1574686038 4
1574686039 6
1574686040 5
1574686041 4
1574686042 6
1574686199 3
1574686200 6
1574686201 7
1574686202 8
1574686362 2
1574686363 3
1574686364 4
1574686365 4
1574686366 7
1574686367 7
1574686519 2
1574686520 4
1574686521 5
1574686522 9
1574686523 9
1574686684 2
1574686685 3
1574686686 6
1574686687 8
1574686688 8
1574686850 3
1574686851 6
1574686852 4
1574686853 7
1574687036 4
1574687037 5
1574687038 5
1574687039 5
1574687211 3
1574687212 3
1574687213 5
1574687214 7
1574687215 5
1574687374 4
1574687375 6
1574687376 9
1574687377 9
1574689703 3
1574689704 6
1574689705 8
1574689706 7
1574689921 3
1574689922 5
1574689923 6
1574689924 4
1574690089 2
1574690090 3
1574690091 3
1574690092 6
1574690093 6
1574690094 4
1574690258 2
1574690259 2
1574690260 5
1574690261 5
1574690262 6
1574690263 8
1574690429 2
1574690430 6
1574690431 5
1574690432 5
1574690588 2
1574690589 5
1574690590 5
1574690591 6
1574690592 5
1574690760 2
1574690761 6
1574690762 7
1574690763 7
1574690918 2
1574690919 4
1574690920 5
1574690921 7
1574690922 5
1574691104 2
1574691105 3
1574691106 3
1574691107 6
1574691108 5
1574691109 7
1574691283 2
1574691284 3
1574691285 6
1574691286 5
1574691287 9
1574706904 2
1574706905 4
1574706906 5
1574706907 6
1574706908 7
1574707146 3
1574707147 5
1574707148 7
1574707149 10
