1574954250 2
1574954251 2
1574954252 6
1574954253 6
1574954254 6
1574954414 2
1574954415 5
1574954416 6
1574954417 7
1574954591 2
1574954592 3
1574954593 6
1574954594 6
1574954595 7
1574954754 2
1574954755 3
1574954756 6
1574954757 7
1574954758 4
1574954939 3
1574954940 6
1574954941 8
1574954942 7
1574955096 2
1574955097 3
1574955098 6
1574955099 7
1574955100 6
1574955353 2
1574955354 3
1574955355 5
1574955356 7
1574955357 10
1574955513 3
1574955514 4
1574955515 6
1574955516 8
1574955517 6
1574955672 3
1574955673 5
1574955674 5
1574955675 4
1574955833 3
1574955834 7
1574955835 7
1574955836 6
