1579184107 3
1579184108 6
1579184109 7
1579184110 10
1579184822 3
1579184823 6
1579184824 8
1579184825 10
1579184985 4
1579184986 8
1579184987 8
1579184988 9
1579185147 3
1579185148 7
1579185149 5
1579185150 3
1579185151 7
1579185321 3
1579185322 3
1579185323 3
1579185324 3
1579185325 7
1579185326 6
1579185327 7
1579185498 3
1579185499 4
1579185500 5
1579185501 5
1579185502 9
1579185680 3
1579185681 6
1579185682 6
1579185683 6
1579185863 2
1579185864 3
1579185865 3
1579185866 5
1579185867 5
1579185868 6
1579186048 3
1579186049 7
1579186050 7
1579186051 5
1579186052 9
1579186219 3
1579186220 5
1579186221 6
1579186222 7
