1571752098 3
1571752099 6
1571752100 7
1571752101 6
1571752102 6
1571752294 4
1571752295 6
1571752296 6
1571752297 5
1571752298 7
1571752493 3
1571752494 5
1571752495 6
1571752496 5
1571752497 4
1571752498 7
1571752698 3
1571752699 6
1571752700 6
1571752701 7
1571752702 10
1571752894 3
1571752895 3
1571752896 6
1571752897 6
1571752898 5
1571752899 9
1571753088 2
1571753089 3
1571753090 6
1571753091 7
1571753092 5
1571753093 8
1571753286 3
1571753287 6
1571753288 5
1571753289 5
1571753290 6
1571753483 3
1571753484 7
1571753485 6
1571753486 6
1571753487 5
1571753681 3
1571753682 6
1571753683 6
1571753684 6
1571753685 8
1571753878 3
1571753879 6
1571753880 6
1571753881 5
1571753882 8
1571760235 2
1571760236 4
1571760237 6
1571760238 7
1571760239 5
1571760240 7
1571760433 3
1571760434 5
1571760435 7
1571760436 5
1571760437 6
1571760635 3
1571760636 6
1571760637 5
1571760638 5
1571760639 8
1571760832 2
1571760833 2
1571760834 2
1571760835 3
1571760836 6
1571760837 6
1571760838 5
1571760839 6
1571761033 3
1571761034 5
1571761035 6
1571761036 7
1571761037 10
1571761038 9
1571761241 3
1571761242 6
1571761243 6
1571761244 6
1571761245 6
1571761440 3
1571761441 5
1571761442 5
1571761443 7
1571761444 10
1571761635 3
1571761636 6
1571761637 6
1571761638 6
1571761639 8
1571761831 3
1571761832 3
1571761833 6
1571761834 5
1571761835 5
1571761836 7
1571762039 3
1571762040 6
1571762041 7
1571762042 6
1571762043 8
