1570449720 3
1570449721 3
1570449722 3
1570449723 3
1570449724 3
1570449725 3
1570449726 3
1570449727 3
1570449728 3
1570449729 3
1570449730 3
1570449731 2
1570449732 2
1570449733 3
1570449734 4
1570449735 3
1570449736 3
1570449737 3
1570449738 3
1570449739 5
1570449740 4
1570449741 5
1570449742 4
1570449743 6
1570449744 4
1570449745 6
1570449746 6
1570449747 5
1570449748 4
1570449749 4
1570449750 4
1570449751 2
1570449752 2
1570449753 2
1570449754 1
1570449755 1
1570449756 1
1570449757 2
1570449758 2
1570449759 2
1570449760 2
1570449761 2
1570449762 2
1570449763 2
1570449764 1
1570449765 2
1570449766 3
1570449767 3
1570449768 3
1570449769 4
1570449770 4
1570449771 3
1570449772 4
1570449773 4
1570449774 2
1570449775 2
1570449776 2
1570449777 1
1570449778 1
1570449779 1
1570449780 2
1570449781 2
1570449782 3
1570449783 3
1570449784 2
1570449785 2
1570449786 2
1570449787 2
1570449788 3
1570449789 2
1570449790 2
1570449791 2
1570449792 2
1570449793 2
1570449794 2
1570449795 3
1570449796 3
1570449797 3
1570449798 3
1570449799 4
1570449800 5
1570449801 6
1570449802 6
1570449803 6
1570449804 6
1570449805 4
1570449806 4
1570449807 4
1570449808 4
1570449809 4
1570449810 2
1570449811 2
1570449812 2
1570449813 2
1570449814 2
1570449815 2
1570449816 2
1570449817 2
1570449818 2
1570449819 2
1570449820 2
1570449821 2
1570449822 2
1570449823 2
1570449824 3
1570449825 2
1570449826 2
1570449827 2
1570449828 2
1570449829 2
1570449830 2
1570449831 3
1570449832 2
1570449833 3
1570449834 4
1570449835 4
1570449836 4
1570449837 4
1570449838 4
1570449839 4
1570449840 3
1570449841 3
1570449842 2
1570449843 1
1570449844 2
1570449845 2
1570449846 3
1570449847 3
1570449848 4
1570449849 4
1570449850 4
1570449851 4
1570449852 3
1570449853 3
1570449854 3
1570449855 2
1570449856 3
1570449857 5
1570449858 4
1570449859 5
1570449860 5
1570449861 4
1570449862 4
1570449863 5
1570449864 5
1570449865 5
1570449866 5
1570449867 5
1570449868 5
1570449869 4
1570449870 4
1570449871 3
1570449872 3
1570449873 3
1570449874 4
1570449875 4
1570449876 4
1570449877 4
1570449878 3
1570449879 3
1570449880 3
1570449881 3
1570449882 3
1570449883 2
1570449884 4
1570449885 4
1570449886 5
1570449887 4
1570449888 5
1570449889 5
1570449890 6
1570449891 4
1570449892 4
1570449893 2
1570449894 2
1570449895 2
1570449896 2
1570449897 2
1570449898 2
1570449899 2
1570449900 2
1570449901 2
1570449902 3
1570449903 2
1570449904 2
1570449905 2
1570449906 2
1570449907 2
1570449908 2
1570449909 2
1570449910 2
1570449911 2
1570449912 2
1570449913 2
1570449914 2
1570449915 2
1570449916 2
1570449917 3
1570449918 3
1570449919 4
1570449920 4
1570449921 4
1570449922 4
1570449923 5
1570449924 5
1570449925 5
1570449926 5
1570449927 4
1570449928 4
1570449929 3
1570449930 2
1570449931 2
1570449932 2
1570449933 2
1570449934 2
1570449935 2
1570449936 2
1570449937 2
1570449938 2
1570449939 3
1570449940 2
1570449941 3
1570449942 2
1570449943 2
1570449944 2
1570449945 2
1570449946 3
1570449947 3
1570449948 2
1570449949 3
1570449950 3
1570449951 2
1570449952 2
1570449953 3
1570449954 3
1570449955 2
1570449956 2
1570449957 1
1570449958 2
