1575028792 1
1575028793 3
1575028794 4
1575028795 5
1575028796 3
1575028797 3
1575028798 4
1575028799 5
1575028800 5
1575028801 5
1575028802 5
1575028803 4
1575028804 2
1575028805 1
1575028806 1
1575028807 1
1575028808 1
1575028809 1
1575028810 2
1575028811 4
1575028812 3
1575028813 2
1575028814 2
1575028815 2
1575028816 2
1575028817 2
1575028818 2
1575028819 2
1575028820 2
1575028821 3
1575028822 3
1575028823 3
1575028824 5
1575028825 4
1575028826 3
1575028827 3
1575028828 3
1575028829 3
1575028830 3
1575028831 2
1575028832 2
1575028833 2
1575028834 2
1575028835 2
1575028836 4
1575028837 3
1575028838 3
1575028839 2
1575028840 2
1575028841 3
1575028842 2
1575028843 2
1575028844 2
1575028845 2
1575028846 2
1575028847 2
1575028848 4
1575028849 3
1575028850 3
1575028851 4
1575028852 2
1575028853 2
1575028854 2
1575028855 1
1575028856 1
1575028857 1
1575028858 2
1575028859 2
1575028860 2
1575028861 3
1575028862 3
1575028863 3
1575028864 6
1575028865 5
1575028866 5
1575028867 6
1575028868 5
1575028869 5
1575028870 5
1575028871 7
1575028872 7
1575028873 7
1575028874 6
1575028875 6
1575028876 5
1575028877 3
1575028878 4
1575028879 4
1575028880 2
1575028881 2
1575028882 2
1575028883 1
1575028884 1
1575028885 1
1575028886 2
1575028887 3
1575028888 4
1575028889 4
1575028890 6
1575028891 4
1575028892 4
1575028893 4
1575028894 2
1575028895 2
1575028896 2
1575028897 2
1575028898 2
1575028899 2
1575028900 3
1575028901 2
1575028902 2
1575028903 2
1575028904 2
1575028905 2
1575028906 2
1575028907 2
1575028908 2
1575028909 2
1575028910 3
1575028911 5
1575028912 5
1575028913 5
1575028914 4
1575028915 3
1575028916 4
1575028917 4
1575028918 3
1575028919 3
1575028920 3
1575028921 2
1575028922 2
1575028923 2
1575028924 2
1575028925 2
1575028926 3
1575028927 3
1575028928 3
1575028929 3
1575028930 2
1575028931 2
1575028932 2
1575028933 2
1575028934 2
1575028935 2
1575028936 3
1575028937 3
1575029124 1
1575029125 2
1575029126 2
1575029127 2
1575029128 2
1575029129 2
1575029130 2
1575029131 3
1575029132 3
1575029133 2
1575029134 3
1575029135 3
1575029136 3
1575029137 2
1575029138 2
1575029139 1
1575029140 1
1575029141 1
1575029142 2
1575029143 3
1575029144 2
1575029145 2
1575029146 2
1575029147 2
1575029148 3
1575029149 2
1575029150 2
1575029151 2
1575029152 2
1575029153 2
1575029154 2
1575029155 2
1575029156 2
1575029157 2
1575029158 3
1575029159 3
1575029160 4
1575029161 7
1575029162 5
1575029163 5
1575029164 4
1575029165 4
1575029166 3
1575029167 3
1575029168 2
1575029169 2
1575029170 2
1575029171 2
1575029172 2
1575029173 2
1575029174 2
1575029175 2
1575029176 2
1575029177 2
1575029178 3
1575029179 3
1575029180 2
1575029181 2
1575029182 2
1575029183 1
1575029184 2
1575029185 4
1575029186 4
1575029187 4
1575029188 4
1575029189 4
1575029190 3
1575029191 3
1575029192 1
1575029193 1
1575029194 1
1575029195 1
1575029196 1
1575029197 2
1575029198 3
1575029199 2
1575029200 2
1575029201 2
1575029202 4
1575029203 5
1575029204 5
1575029205 6
1575029206 5
1575029207 6
1575029208 5
1575029209 6
1575029210 6
1575029211 6
1575029212 6
1575029213 6
1575029214 5
1575029215 4
1575029216 3
1575029217 3
1575029218 3
1575029219 2
1575029220 1
1575029221 1
1575029222 1
1575029223 2
1575029224 3
1575029225 4
1575029226 4
1575029227 4
1575029228 5
1575029229 5
1575029230 5
1575029231 4
1575029232 4
1575029233 3
1575029234 2
1575029235 2
1575029236 2
1575029237 3
1575029238 2
1575029239 2
1575029240 2
1575029241 3
1575029242 2
1575029243 3
1575029244 3
1575029245 3
1575029246 3
1575029247 2
1575029248 3
1575029249 4
1575029250 4
1575029251 4
1575029252 4
1575029253 4
1575029254 6
1575029255 5
1575029256 4
1575029257 3
1575029258 3
1575029259 3
1575029260 2
1575029261 3
1575029262 2
1575029263 2
1575029264 3
1575029265 2
1575029266 3
1575029267 4
1575029268 2
1575029269 1
1575029270 1
1575029271 1
1575029272 1
1575029273 1
1575029274 2
1575029439 2
1575029440 2
1575029441 3
1575029442 3
1575029443 3
1575029444 3
1575029445 2
1575029446 2
1575029447 3
1575029448 3
1575029449 3
1575029450 3
1575029451 2
1575029452 1
1575029453 1
1575029454 1
1575029455 1
1575029456 1
1575029457 2
1575029458 4
1575029459 4
1575029460 3
1575029461 2
1575029462 2
1575029463 2
1575029464 2
1575029465 2
1575029466 2
1575029467 2
1575029468 3
1575029469 3
1575029470 3
1575029471 5
1575029472 4
1575029473 4
1575029474 5
1575029475 5
1575029476 4
1575029477 4
1575029478 4
1575029479 2
1575029480 2
1575029481 2
1575029482 2
1575029483 2
1575029484 3
1575029485 3
1575029486 2
1575029487 2
1575029488 3
1575029489 2
1575029490 2
1575029491 2
1575029492 2
1575029493 1
1575029494 2
1575029495 3
1575029496 4
1575029497 3
1575029498 2
1575029499 3
1575029500 2
1575029501 2
1575029502 1
1575029503 1
1575029504 1
1575029505 1
1575029506 2
1575029507 3
1575029508 2
1575029509 2
1575029510 2
1575029511 3
1575029512 5
1575029513 5
1575029514 5
1575029515 5
1575029516 5
1575029517 5
1575029518 5
1575029519 5
1575029520 5
1575029521 7
1575029522 5
1575029523 4
1575029524 5
1575029525 3
1575029526 3
1575029527 3
1575029528 3
1575029529 3
1575029530 2
1575029531 1
1575029532 1
1575029533 1
1575029534 2
1575029535 3
1575029536 4
1575029537 4
1575029538 5
1575029539 5
1575029540 4
1575029541 4
1575029542 3
1575029543 3
1575029544 2
1575029545 2
1575029546 2
1575029547 2
1575029548 2
1575029549 2
1575029550 2
1575029551 2
1575029552 2
1575029553 2
1575029554 2
1575029555 2
1575029556 2
1575029557 2
1575029558 2
1575029559 2
1575029560 4
1575029561 4
1575029562 4
1575029563 5
1575029564 5
1575029565 5
1575029566 4
1575029567 4
1575029568 3
1575029569 3
1575029570 3
1575029571 2
1575029572 2
1575029573 3
1575029574 4
1575029575 3
1575029576 3
1575029577 3
1575029578 3
1575029579 3
1575029580 3
1575029581 3
1575029582 2
1575029583 2
1575029584 1
1575029585 1
1575029586 2
1575029749 2
1575029750 2
1575029751 2
1575029752 2
1575029753 3
1575029754 4
1575029755 4
1575029756 3
1575029757 4
1575029758 5
1575029759 4
1575029760 5
1575029761 5
1575029762 5
1575029763 4
1575029764 3
1575029765 1
1575029766 1
1575029767 1
1575029768 2
1575029769 3
1575029770 2
1575029771 2
1575029772 2
1575029773 2
1575029774 3
1575029775 2
1575029776 2
1575029777 2
1575029778 2
1575029779 3
1575029780 3
1575029781 4
1575029782 6
1575029783 4
1575029784 4
1575029785 4
1575029786 3
1575029787 3
1575029788 3
1575029789 2
1575029790 2
1575029791 2
1575029792 2
1575029793 2
1575029794 2
1575029795 2
1575029796 2
1575029797 2
1575029798 2
1575029799 3
1575029800 2
1575029801 2
1575029802 3
1575029803 4
1575029804 2
1575029805 4
1575029806 5
1575029807 5
1575029808 5
1575029809 3
1575029810 4
1575029811 3
1575029812 1
1575029813 1
1575029814 1
1575029815 1
1575029816 1
1575029817 2
1575029818 2
1575029819 2
1575029820 2
1575029821 2
1575029822 3
1575029823 5
1575029824 5
1575029825 6
1575029826 5
1575029827 6
1575029828 6
1575029829 6
1575029830 7
1575029831 7
1575029832 7
1575029833 7
1575029834 6
1575029835 5
1575029836 3
1575029837 2
1575029838 2
1575029839 3
1575029840 3
1575029841 1
1575029842 1
1575029843 1
1575029844 2
1575029845 3
1575029846 3
1575029847 4
1575029848 5
1575029849 5
1575029850 4
1575029851 3
1575029852 3
1575029853 2
1575029854 2
1575029855 2
1575029856 2
1575029857 2
1575029858 2
1575029859 2
1575029860 2
1575029861 2
1575029862 2
1575029863 2
1575029864 2
1575029865 2
1575029866 2
1575029867 2
1575029868 3
1575029869 3
1575029870 4
1575029871 4
1575029872 2
1575029873 5
1575029874 3
1575029875 5
1575029876 4
1575029877 4
1575029878 2
1575029879 2
1575029880 2
1575029881 2
1575029882 2
1575029883 3
1575029884 2
1575029885 2
1575029886 2
1575029887 2
1575029888 4
1575029889 3
1575029890 2
1575029891 2
1575029892 1
1575029893 2
1575029894 2
1575029895 2
1575029896 2
1575029897 3
1575029898 2
1575030062 2
1575030063 3
1575030064 2
1575030065 2
1575030066 2
1575030067 2
1575030068 2
1575030069 2
1575030070 3
1575030071 3
1575030072 2
1575030073 3
1575030074 2
1575030075 1
1575030076 1
1575030077 1
1575030078 1
1575030079 2
1575030080 3
1575030081 5
1575030082 4
1575030083 2
1575030084 2
1575030085 2
1575030086 2
1575030087 2
1575030088 2
1575030089 2
1575030090 2
1575030091 3
1575030092 3
1575030093 3
1575030094 4
1575030095 5
1575030096 5
1575030097 5
1575030098 4
1575030099 4
1575030100 4
1575030101 3
1575030102 2
1575030103 2
1575030104 2
1575030105 2
1575030106 2
1575030107 3
1575030108 3
1575030109 2
1575030110 2
1575030111 3
1575030112 2
1575030113 2
1575030114 2
1575030115 2
1575030116 2
1575030117 2
1575030118 3
1575030119 4
1575030120 3
1575030121 2
1575030122 2
1575030123 2
1575030124 2
1575030125 1
1575030126 1
1575030127 1
1575030128 1
1575030129 1
1575030130 2
1575030131 3
1575030132 2
1575030133 3
1575030134 3
1575030135 4
1575030136 5
1575030137 5
1575030138 5
1575030139 6
1575030140 5
1575030141 5
1575030142 5
1575030143 5
1575030144 6
1575030145 6
1575030146 6
1575030147 6
1575030148 5
1575030149 3
1575030150 2
1575030151 2
1575030152 2
1575030153 2
1575030154 1
1575030155 1
1575030156 1
1575030157 1
1575030158 3
1575030159 4
1575030160 4
1575030161 5
1575030162 4
1575030163 4
1575030164 4
1575030165 3
1575030166 3
1575030167 2
1575030168 2
1575030169 2
1575030170 2
1575030171 2
1575030172 2
1575030173 2
1575030174 1
1575030175 2
1575030176 2
1575030177 2
1575030178 2
1575030179 2
1575030180 2
1575030181 2
1575030182 3
1575030183 5
1575030184 5
1575030185 3
1575030186 3
1575030187 4
1575030188 3
1575030189 3
1575030190 2
1575030191 2
1575030192 2
1575030193 2
1575030194 2
1575030195 3
1575030196 3
1575030197 2
1575030198 2
1575030199 2
1575030200 2
1575030201 2
1575030202 2
1575030203 2
1575030204 1
1575030205 1
1575030206 1
1575030207 2
1575030208 3
1575030690 3
1575030691 4
1575030692 4
1575030693 3
1575030694 3
1575030695 3
1575030696 3
1575030697 3
1575030698 3
1575030699 5
1575030700 5
1575030701 3
1575030702 4
1575030703 3
1575030704 1
1575030705 1
1575030706 1
1575030707 1
1575030708 1
1575030709 2
1575030710 4
1575030711 3
1575030712 2
1575030713 2
1575030714 2
1575030715 2
1575030716 2
1575030717 2
1575030718 2
1575030719 2
1575030720 2
1575030721 2
1575030722 2
1575030723 2
1575030724 3
1575030725 3
1575030726 3
1575030727 6
1575030728 5
1575030729 3
1575030730 4
1575030731 4
1575030732 4
1575030733 4
1575030734 3
1575030735 2
1575030736 2
1575030737 2
1575030738 2
1575030739 2
1575030740 3
1575030741 2
1575030742 2
1575030743 2
1575030744 3
1575030745 2
1575030746 2
1575030747 2
1575030748 2
1575030749 2
1575030750 2
1575030751 4
1575030752 3
1575030753 2
1575030754 2
1575030755 2
1575030756 2
1575030757 1
1575030758 1
1575030759 1
1575030760 1
1575030761 1
1575030762 2
1575030763 3
1575030764 2
1575030765 2
1575030766 2
1575030767 3
1575030768 5
1575030769 5
1575030770 6
1575030771 5
1575030772 5
1575030773 5
1575030774 5
1575030775 5
1575030776 6
1575030777 6
1575030778 6
1575030779 7
1575030780 4
1575030781 2
1575030782 2
1575030783 2
1575030784 3
1575030785 2
1575030786 1
1575030787 1
1575030788 1
1575030789 2
1575030790 3
1575030791 4
1575030792 4
1575030793 5
1575030794 5
1575030795 5
1575030796 5
1575030797 5
1575030798 3
1575030799 4
1575030800 3
1575030801 3
1575030802 3
1575030803 3
1575030804 4
1575030805 3
1575030806 2
1575030807 1
1575030808 2
1575030809 2
1575030810 2
1575030811 2
1575030812 2
1575030813 2
1575030814 2
1575030815 3
1575030816 4
1575030817 3
1575030818 3
1575030819 5
1575030820 4
1575030821 4
1575030822 4
1575030823 3
1575030824 3
1575030825 3
1575030826 2
1575030827 2
1575030828 3
1575030829 2
1575030830 2
1575030831 2
1575030832 2
1575030833 2
1575030834 3
1575030835 2
1575030836 1
1575030837 1
1575030838 1
1575030839 1
1575030840 1
1575030841 2
1575031022 3
1575031023 3
1575031024 3
1575031025 3
1575031026 3
1575031027 3
1575031028 2
1575031029 3
1575031030 3
1575031031 3
1575031032 5
1575031033 4
1575031034 4
1575031035 4
1575031036 4
1575031037 4
1575031038 4
1575031039 3
1575031040 3
1575031041 5
1575031042 4
1575031043 3
1575031044 2
1575031045 2
1575031046 2
1575031047 2
1575031048 2
1575031049 2
1575031050 2
1575031051 3
1575031052 3
1575031053 3
1575031054 5
1575031055 4
1575031056 5
1575031057 4
1575031058 4
1575031059 4
1575031060 3
1575031061 2
1575031062 2
1575031063 2
1575031064 2
1575031065 2
1575031066 2
1575031067 2
1575031068 2
1575031069 2
1575031070 2
1575031071 3
1575031072 2
1575031073 2
1575031074 2
1575031075 2
1575031076 2
1575031077 2
1575031078 3
1575031079 4
1575031080 4
1575031081 3
1575031082 3
1575031083 3
1575031084 2
1575031085 1
1575031086 1
1575031087 1
1575031088 1
1575031089 2
1575031090 2
1575031091 2
1575031092 2
1575031093 2
1575031094 2
1575031095 4
1575031096 5
1575031097 5
1575031098 6
1575031099 5
1575031100 5
1575031101 5
1575031102 5
1575031103 6
1575031104 5
1575031105 4
1575031106 4
1575031107 3
1575031108 2
1575031109 2
1575031110 2
1575031111 2
1575031112 2
1575031113 1
1575031114 1
1575031115 1
1575031116 2
1575031117 3
1575031118 4
1575031119 4
1575031120 5
1575031121 5
1575031122 5
1575031123 4
1575031124 3
1575031125 3
1575031126 2
1575031127 2
1575031128 2
1575031129 2
1575031130 2
1575031131 2
1575031132 2
1575031133 2
1575031134 2
1575031135 3
1575031136 3
1575031137 2
1575031138 2
1575031139 2
1575031140 2
1575031141 2
1575031142 4
1575031143 5
1575031144 5
1575031145 4
1575031146 5
1575031147 4
1575031148 4
1575031149 3
1575031150 3
1575031151 2
1575031152 2
1575031153 2
1575031154 2
1575031155 3
1575031156 3
1575031157 2
1575031158 2
1575031159 4
1575031160 3
1575031161 3
1575031162 4
1575031163 4
1575031164 4
1575031165 1
1575031166 1
1575031167 1
1575031168 2
1575033320 4
1575033321 4
1575033322 7
1575033323 5
1575033324 3
1575033325 3
1575033326 2
1575033327 2
1575033328 3
1575033329 2
1575033330 2
1575033331 2
1575033332 1
1575033333 2
1575033334 3
1575033335 4
1575033336 4
1575033337 5
1575033338 5
1575033339 5
1575033340 3
1575033341 3
1575033342 2
1575033343 1
1575033344 2
1575033345 2
1575033346 2
1575033347 3
1575033348 3
1575033349 2
1575033350 3
1575033351 3
1575033352 3
1575033353 3
1575033354 3
1575033355 2
1575033356 2
1575033357 2
1575033358 3
1575033359 3
1575033360 4
1575033361 4
1575033362 4
1575033363 6
1575033364 5
1575033365 5
1575033366 4
1575033367 2
1575033368 2
1575033369 2
1575033370 2
1575033371 2
1575033372 4
1575033373 3
1575033374 2
1575033375 2
1575033376 2
1575033377 2
1575033378 2
1575033379 1
1575033380 1
1575033381 1
1575033382 1
1575033383 1
1575033384 1
1575033385 2
1575033888 4
1575033889 8
1575033890 5
1575033891 4
1575033892 5
1575033893 2
1575033894 3
1575033895 3
1575033896 3
1575033897 3
1575033898 3
1575033899 2
1575033900 2
1575033901 2
1575033902 4
1575033903 3
1575033904 6
1575033905 4
1575033906 5
1575033907 5
1575033908 5
1575033909 4
1575033910 4
1575033911 3
1575033912 4
1575033913 3
1575033914 3
1575033915 4
1575033916 4
1575033917 3
1575033918 3
1575033919 4
1575033920 3
1575033921 3
1575033922 2
1575033923 2
1575033924 2
1575033925 2
1575033926 3
1575033927 3
1575033928 4
1575033929 3
1575033930 2
1575033931 3
1575033932 5
1575033933 6
1575033934 4
1575033935 2
1575033936 2
1575033937 2
1575033938 2
1575033939 2
1575033940 2
1575033941 3
1575033942 3
1575033943 4
1575033944 4
1575033945 4
1575033946 3
1575033947 2
1575033948 2
1575033949 1
1575033950 1
1575033951 1
1575033952 1
1575033953 2
1575034478 6
1575034479 6
1575034480 7
1575034481 7
1575034482 3
1575034483 3
1575034484 2
1575034485 2
1575034486 2
1575034487 4
1575034488 3
1575034489 3
1575034490 3
1575034491 4
1575034492 5
1575034493 6
1575034494 6
1575034495 8
1575034496 7
1575034497 7
1575034498 6
1575034499 6
1575034500 3
1575034501 4
1575034502 3
1575034503 2
1575034504 2
1575034505 2
1575034506 3
1575034507 3
1575034508 3
1575034509 3
1575034510 3
1575034511 3
1575034512 2
1575034513 2
1575034514 2
1575034515 2
1575034516 3
1575034517 3
1575034518 3
1575034519 2
1575034520 3
1575034521 5
1575034522 5
1575034523 5
1575034524 5
1575034525 2
1575034526 2
1575034527 2
1575034528 2
1575034529 1
1575034530 2
1575034531 2
1575034532 2
1575034533 2
1575034534 2
1575034535 2
1575034536 2
1575034537 2
1575034538 2
1575034539 2
1575034540 1
1575034541 1
1575034542 2
1575034543 2
1575034544 2
1575034545 3
1575035053 4
1575035054 4
1575035055 5
1575035056 5
1575035057 3
1575035058 3
1575035059 3
1575035060 3
1575035061 3
1575035062 2
1575035063 2
1575035064 2
1575035065 2
1575035066 3
1575035067 4
1575035068 5
1575035069 4
1575035070 5
1575035071 5
1575035072 4
1575035073 3
1575035074 3
1575035075 3
1575035076 4
1575035077 3
1575035078 3
1575035079 3
1575035080 2
1575035081 2
1575035082 2
1575035083 2
1575035084 3
1575035085 2
1575035086 2
1575035087 2
1575035088 2
1575035089 2
1575035090 3
1575035091 4
1575035092 4
1575035093 5
1575035094 4
1575035095 6
1575035096 5
1575035097 6
1575035098 2
1575035099 2
1575035100 2
1575035101 2
1575035102 2
1575035103 3
1575035104 2
1575035105 2
1575035106 2
1575035107 2
1575035108 3
1575035109 2
1575035110 2
1575035111 2
1575035112 2
1575035113 1
1575035114 1
1575035115 1
1575035116 1
1575035117 2
1575035615 4
1575035616 5
1575035617 6
1575035618 4
1575035619 3
1575035620 2
1575035621 2
1575035622 3
1575035623 2
1575035624 2
1575035625 2
1575035626 2
1575035627 3
1575035628 3
1575035629 4
1575035630 4
1575035631 4
1575035632 5
1575035633 5
1575035634 4
1575035635 3
1575035636 2
1575035637 2
1575035638 2
1575035639 2
1575035640 2
1575035641 2
1575035642 2
1575035643 3
1575035644 3
1575035645 3
1575035646 4
1575035647 5
1575035648 5
1575035649 3
1575035650 2
1575035651 2
1575035652 2
1575035653 4
1575035654 3
1575035655 3
1575035656 4
1575035657 3
1575035658 5
1575035659 4
1575035660 3
1575035661 2
1575035662 2
1575035663 2
1575035664 2
1575035665 2
1575035666 3
1575035667 3
1575035668 2
1575035669 2
1575035670 2
1575035671 3
1575035672 2
1575035673 3
1575035674 1
1575035675 2
1575035676 2
1575035677 1
1575035678 2
1575035679 2
1575036652 4
1575036653 5
1575036654 6
1575036655 6
1575036656 4
1575036657 2
1575036658 2
1575036659 2
1575036660 2
1575036661 2
1575036662 2
1575036663 2
1575036664 1
1575036665 2
1575036666 3
1575036667 4
1575036668 4
1575036669 5
1575036670 4
1575036671 4
1575036672 4
1575036673 3
1575036674 3
1575036675 2
1575036676 2
1575036677 2
1575036678 2
1575036679 3
1575036680 2
1575036681 2
1575036682 2
1575036683 2
1575036684 3
1575036685 3
1575036686 3
1575036687 3
1575036688 3
1575036689 2
1575036690 4
1575036691 4
1575036692 4
1575036693 3
1575036694 3
1575036695 4
1575036696 5
1575036697 5
1575036698 2
1575036699 2
1575036700 2
1575036701 2
1575036702 2
1575036703 3
1575036704 2
1575036705 2
1575036706 3
1575036707 3
1575036708 2
1575036709 3
1575036710 2
1575036711 1
1575036712 1
1575036713 2
1575036714 2
1575036715 2
1575036716 3
1575037213 4
1575037214 5
1575037215 5
1575037216 5
1575037217 5
1575037218 3
1575037219 3
1575037220 2
1575037221 3
1575037222 3
1575037223 3
1575037224 2
1575037225 2
1575037226 2
1575037227 4
1575037228 5
1575037229 5
1575037230 6
1575037231 5
1575037232 5
1575037233 5
1575037234 5
1575037235 3
1575037236 4
1575037237 3
1575037238 3
1575037239 3
1575037240 3
1575037241 4
1575037242 4
1575037243 3
1575037244 3
1575037245 3
1575037246 3
1575037247 2
1575037248 2
1575037249 2
1575037250 2
1575037251 2
1575037252 3
1575037253 5
1575037254 2
1575037255 4
1575037256 6
1575037257 6
1575037258 5
1575037259 5
1575037260 2
1575037261 2
1575037262 2
1575037263 2
1575037264 2
1575037265 3
1575037266 3
1575037267 3
1575037268 3
1575037269 3
1575037270 2
1575037271 2
1575037272 2
1575037273 1
1575037274 1
1575037275 1
1575037276 1
1575037277 2
1575037278 3
1575037773 4
1575037774 6
1575037775 7
1575037776 4
1575037777 3
1575037778 2
1575037779 2
1575037780 2
1575037781 3
1575037782 1
1575037783 1
1575037784 1
1575037785 2
1575037786 3
1575037787 4
1575037788 4
1575037789 6
1575037790 6
1575037791 4
1575037792 4
1575037793 2
1575037794 2
1575037795 2
1575037796 2
1575037797 2
1575037798 2
1575037799 3
1575037800 2
1575037801 2
1575037802 2
1575037803 3
1575037804 3
1575037805 2
1575037806 2
1575037807 2
1575037808 2
1575037809 2
1575037810 4
1575037811 4
1575037812 3
1575037813 4
1575037814 3
1575037815 5
1575037816 5
1575037817 3
1575037818 3
1575037819 2
1575037820 2
1575037821 2
1575037822 2
1575037823 3
1575037824 2
1575037825 2
1575037826 3
1575037827 4
1575037828 3
1575037829 2
1575037830 2
1575037831 2
1575037832 1
1575037833 1
1575037834 1
1575037835 2
1575037836 2
1575039347 4
1575039348 5
1575039349 5
1575039350 4
1575039351 3
1575039352 2
1575039353 3
1575039354 3
1575039355 4
1575039356 2
1575039357 2
1575039358 2
1575039359 3
1575039360 3
1575039361 5
1575039362 5
1575039363 5
1575039364 6
1575039365 7
1575039366 6
1575039367 5
1575039368 5
1575039369 6
1575039370 6
1575039371 5
1575039372 5
1575039373 5
1575039374 5
1575039375 3
1575039376 3
1575039377 3
1575039378 4
1575039379 3
1575039380 2
1575039381 2
1575039382 2
1575039383 2
1575039384 2
1575039385 3
1575039386 3
1575039387 3
1575039388 2
1575039389 2
1575039390 4
1575039391 5
1575039392 4
1575039393 4
1575039394 2
1575039395 2
1575039396 2
1575039397 2
1575039398 3
1575039399 2
1575039400 2
1575039401 2
1575039402 2
1575039403 3
1575039404 4
1575039405 2
1575039406 1
1575039407 2
1575039408 2
1575039409 2
1575039410 2
1575039411 3
