1572871694 2
1572871695 2
1572871696 2
1572871697 2
1572871698 2
1572871699 2
1572871700 2
1572871701 2
1572871702 2
1572871703 2
1572871704 2
1572872342 2
1572872343 2
1572872344 2
1572872345 2
1572872346 2
1572872347 2
1572872348 2
1572872349 2
1572872350 2
1572872351 2
1572872352 2
1572872353 2
1572873023 2
1572873024 2
1572873025 2
1572873026 2
1572873027 2
1572873028 2
1572873029 2
1572873030 2
1572873031 2
1572873032 2
1572873033 2
1572873034 2
1572873673 2
1572873674 2
1572873675 2
1572873676 2
1572873677 2
1572873678 2
1572873679 2
1572873680 2
1572873681 2
1572873682 2
1572873683 2
1572873684 2
1572874329 1
1572874330 1
1572874331 1
1572874332 1
1572874333 1
1572874334 1
1572874335 1
1572874336 1
1572874337 1
1572874338 1
1572874339 1
1572874340 2
1572874341 2
1572874342 2
1572874343 2
1572874344 2
1572874345 2
1572874346 2
1572874347 2
1572874348 2
1572874349 2
1572874350 2
1572874351 2
1572874352 2
1572874353 2
1572874354 2
1572874355 2
1572875396 2
1572875397 2
1572875398 2
1572875399 2
1572875400 2
1572875401 2
1572875402 2
1572875403 2
1572875404 2
1572875405 2
1572875406 2
1572875407 2
1572876265 2
1572876266 2
1572876267 2
1572876268 2
1572876269 2
1572876270 2
1572876271 2
1572876272 2
1572876273 2
1572876274 2
1572876275 2
1572876276 2
1572876277 2
1572876278 2
1572876279 2
1572876280 2
1572876281 2
1572876282 2
1572876283 2
1572876284 2
1572876285 2
1572876286 2
1572876287 2
1572876288 2
1572876289 2
1572876290 2
1572876291 2
1572876292 2
1572876293 2
1572876294 2
1572876295 2
1572876296 2
1572876297 2
1572876298 2
1572876299 2
1572876300 2
1572876301 2
1572876302 2
1572876303 2
1572876304 2
1572876305 2
1572876306 2
1572876307 2
1572876308 2
1572876309 2
1572876310 2
1572876311 2
1572876312 2
1572877475 2
1572877476 2
1572877477 2
1572877478 2
1572877479 2
1572877480 2
1572877481 2
1572877482 2
1572877483 2
1572877484 2
1572877485 2
1572877486 2
1572878131 2
1572878132 2
1572878133 2
1572878134 2
1572878135 2
1572878136 2
1572878137 2
1572878138 2
1572878139 2
1572878140 2
1572878141 2
1572878142 2
1572879373 2
1572879374 2
1572879375 2
1572879376 2
1572879377 2
1572879378 2
1572879379 2
1572879380 2
1572879381 2
1572879382 2
1572879383 2
1572879384 2
1572880005 2
1572880006 2
1572880007 2
1572880008 2
1572880009 2
1572880010 2
1572880011 2
1572880012 2
1572880013 2
1572880014 2
1572880015 2
1572880016 2
1572880433 2
1572880434 2
1572880435 2
1572880436 2
1572880437 2
1572880438 2
1572880439 2
1572880440 2
1572880441 2
1572880442 2
1572880443 2
1572880444 2
1572880768 2
1572880769 2
1572880770 2
1572880771 2
1572880772 2
1572880773 2
1572880774 2
1572880775 2
1572880776 2
1572880777 2
1572880778 2
1572880779 2
1572881118 2
1572881119 2
1572881120 2
1572881121 2
1572881122 2
1572881123 2
1572881124 2
1572881125 2
1572881126 2
1572881127 2
1572881128 2
1572881129 2
1572881450 2
1572881451 2
1572881452 2
1572881453 2
1572881454 2
1572881455 2
1572881456 2
1572881457 2
1572881458 2
1572881459 2
1572881460 2
1572881461 2
1572881785 2
1572881786 2
1572881787 2
1572881788 2
1572881789 2
1572881790 2
1572881791 2
1572881792 2
1572881793 2
1572881794 2
1572881795 2
1572881796 2
1572882115 2
1572882116 2
1572882117 2
1572882118 2
1572882119 2
1572882120 2
1572882121 2
1572882122 2
1572882123 2
1572882124 2
1572882125 2
1572882126 2
1572882500 2
1572882501 2
1572882502 2
1572882503 2
1572882504 2
1572882505 2
1572882506 2
1572882507 2
1572882508 2
1572882509 2
1572882510 2
1572882511 2
1572882512 3
1572882513 2
1572882514 2
1572882515 2
1572882516 2
1572882836 2
1572882837 2
1572882838 2
1572882839 2
1572882840 2
1572882841 2
1572882842 2
1572882843 2
1572882844 2
1572882845 2
1572882846 2
1572882847 2
1572883187 2
1572883188 2
1572883189 2
1572883190 2
1572883191 2
1572883192 2
1572883193 2
1572883194 2
1572883195 2
1572883196 2
1572883197 2
1572883198 2
1572883531 2
1572883532 2
1572883533 2
1572883534 2
1572883535 2
1572883536 2
1572883537 2
1572883538 2
1572883539 2
1572883540 2
1572883541 2
1572883542 2
