1582886354 2
1582886355 2
1582886356 2
1582886357 2
1582886358 2
1582886359 2
1582886360 2
1582886361 2
1582886362 2
1582886363 2
1582886364 2
1582886648 2
1582886649 2
1582886650 2
1582886651 2
1582886652 2
1582886653 2
1582886654 2
1582886655 2
1582886656 2
1582886657 2
1582886658 2
1582887516 2
1582887517 2
1582887518 2
1582887519 2
1582887520 2
1582887521 2
1582887522 2
1582887523 2
1582887524 2
1582887525 2
1582887526 2
1582888383 2
1582888384 2
1582888385 2
1582888386 2
1582888387 2
1582888388 2
1582888389 2
1582888390 2
1582888391 2
1582888392 2
1582889030 2
1582889031 2
1582889032 2
1582889033 2
1582889034 2
1582889035 2
1582889036 2
1582889037 2
1582889038 2
1582889039 2
1582889040 2
