1572871690 2
1572871691 2
1572872338 2
1572872339 2
1572873019 2
1572873020 2
1572873670 3
1572873671 2
1572874325 2
1572874326 2
1572875392 2
1572875393 2
1572876258 2
1572876259 1
1572876260 1
1572876261 2
1572876286 2
1572876287 2
1572876288 2
1572876289 2
1572876290 2
1572876291 2
1572876292 2
1572876293 2
1572876294 2
1572876295 2
1572877471 2
1572877472 2
1572878127 2
1572878128 2
1572879369 2
1572879370 2
1572880001 2
1572880002 2
1572880429 2
1572880430 2
1572880764 3
1572880765 2
1572881114 2
1572881115 2
1572881446 2
1572881447 2
1572881781 2
1572881782 2
1572882111 2
1572882112 2
1572882497 2
1572882498 2
1572882833 2
1572882834 2
1572883184 2
1572883185 2
1572883527 2
1572883528 2
