1582113093 4.042503658
1582113261 3.853031482
1582113424 3.703232531
1582113593 3.545938879
1582113755 3.543921854
1582113932 3.72083915
1582114094 3.671714988
1582114257 4.303422774
1582114424 4.036905167
1582114588 4.089597092
1582114752 3.570955883
1582114913 4.11606405
1582115079 3.758970882
1582115246 4.060364626
1582115409 4.053748991
1582115573 3.91877057
1582115736 3.89916198
1582115899 3.48960761
1582116081 3.420172612
1582116297 3.554863478
1582116470 3.470745144
1582116639 3.548855874
1582118957 3.619104207
1582119119 3.465581606
1582119289 4.224066009
1582119455 3.656177954
1582119641 4.018590111
1582119804 4.072539774
1582119974 3.479225193
1582120147 4.01511577
1582120870 3.423185705
1582121039 3.888646882
1582121283 3.560472303
1582121445 3.981134225
1582125188 3.511285675
1582125348 3.907437267
1582125831 3.561343597
1582125998 3.659532954
1582126166 3.97409206
1582126327 3.791418514
1582126495 4.172281743
1582126656 3.496699649
1582126823 4.047815401
1582126985 4.012192067
1582127146 3.926764691
1582127312 7.090907905
1582127482 3.417905302
1582127646 3.962944519
1582127810 4.006622901
1582127970 3.530644237
1582128136 3.984314927
1582128294 3.727083639
1582128477 3.501550289
1582128639 3.445222364
1582128806 3.424911663
1582128968 3.496753616
1582129141 3.466571161
1582129299 3.491346256
1582129460 3.914102133
1582129625 3.867798624
