1572265035 4.344974674
1572265232 4.385606084
1572265430 4.451646424
1572265628 4.512363548
1572265828 6.632516872
1572266036 4.623197327
1572266229 4.40663538
1572266433 4.022699545
1572266632 4.383508794
1572266830 4.860423839
1572268112 4.55991791
1572268882 4.702794052
1572269296 6.571181343
1572269715 4.239737642
1572270120 4.312182374
1572270517 4.27739362
1572270910 4.31273799
1572272266 3.830085633
1572272597 3.957514315
1572272932 3.753363558
1572273266 3.908342978
1572273611 3.844874296
1572274103 3.71618015
1572274276 4.137179631
1572274449 3.713396634
1572274612 3.916217324
1572274785 3.826109834
1572274955 3.790119272
1572275123 3.789312311
1572275302 3.933274083
1572275471 3.761015273
1572275646 3.738101983
1572276035 3.876342497
1572276368 5.465664255
1572276706 3.767701867
1572277037 3.838504527
1572277367 3.891473845
1572277714 3.920006086
1572278062 3.812245681
1572278395 3.955952435
