1572361072 3
1572361073 3
1572361074 3
1572361075 3
1572361076 3
1572361077 3
1572361078 3
1572361079 3
1572361080 3
1572361081 3
1572361082 3
1572361083 3
1572361084 3
1572361085 3
1572361086 3
1572361087 3
1572361088 3
1572361089 3
1572361090 3
1572361091 3
1572361092 3
1572361093 2
1572361094 3
1572361095 3
1572361096 3
1572361097 3
1572361098 3
1572361099 3
1572361100 3
1572361101 3
1572361102 3
1572361103 3
1572361104 3
1572361105 3
1572361106 3
1572361107 3
1572361108 3
1572361109 3
1572361110 4
1572361111 4
1572361112 3
1572361113 3
1572361114 4
1572361115 4
1572361116 4
1572361117 4
1572361118 4
1572361119 4
1572361120 4
1572361121 4
1572361122 4
1572361123 4
1572361124 4
1572361125 4
1572361126 4
1572361127 4
1572361128 4
1572361129 4
1572361130 4
1572361131 4
1572361132 4
1572361133 4
1572361134 5
1572361135 5
1572361136 4
1572361137 4
1572361138 4
1572361139 4
1572361140 4
1572361141 4
1572361142 4
1572361143 4
1572361144 4
1572361145 4
1572361146 5
1572361147 4
1572361148 4
1572361149 4
1572361150 4
1572361151 4
1572361152 4
1572361153 4
1572361154 4
1572361155 4
1572361156 4
1572361157 4
1572361158 4
1572361159 4
1572361160 4
1572361161 4
1572361162 4
1572361163 4
1572361164 4
1572361165 4
1572361166 4
1572361167 4
1572361168 4
1572361169 4
1572361170 4
1572361171 4
1572361172 4
1572361173 4
1572361174 4
1572361175 4
1572361176 4
1572361177 4
1572361178 4
1572361179 4
1572361180 4
1572361181 4
1572361182 4
1572361183 4
1572361184 4
1572361185 4
1572361186 4
1572361187 5
1572361188 4
1572361189 3
1572361190 3
1572361191 3
1572361192 3
1572361193 3
1572361194 3
1572361195 2
1572361196 2
1572361197 2
1572361198 2
1572361199 2
1572361200 3
1572361201 3
1572361202 3
1572361203 4
1572361204 4
1572361205 4
1572361206 4
1572361207 3
1572361208 3
1572361209 2
1572361210 2
1572361211 3
1572361212 2
1572361213 2
1572361214 2
1572361215 2
1572361216 2
1572361217 2
1572361218 2
1572361219 2
1572361220 2
1572361221 2
1572361222 2
1572361223 2
1572361224 2
1572361225 2
1572361226 2
1572361227 2
1572361228 2
1572361229 2
1572361230 2
1572361231 2
1572361232 2
1572361233 2
1572361234 2
1572361235 2
1572361236 2
1572361237 2
1572361238 2
1572361239 2
1572361240 2
1572361241 2
1572361242 2
1572361243 2
1572361244 2
1572361245 2
1572361246 2
1572361247 2
1572361248 2
1572361249 2
1572361250 2
1572361251 2
1572361252 3
1572361253 3
1572361254 3
1572361255 3
1572361256 3
1572361257 3
1572361258 3
1572361259 3
1572361260 3
1572361261 3
1572361262 3
1572361263 3
1572361264 2
1572361265 2
1572361266 1
1572361267 2
1572361268 3
1572361269 3
1572361270 4
1572361271 4
1572361272 6
1572361273 6
1572361274 5
1572361275 4
1572361276 5
1572361277 5
1572361278 6
1572361279 5
1572361280 4
1572361281 6
1572361282 6
1572361283 5
1572361284 5
1572361285 5
1572361286 3
1572361287 3
1572361288 2
1572361289 2
1572361290 2
1572361291 2
1572361292 4
1572361293 4
1572361294 4
1572361295 6
1572361296 5
1572361297 6
1572361298 6
1572361299 5
1572361300 5
1572361301 5
1572361302 6
1572361303 4
1572361304 3
1572361305 3
1572361306 2
1572361307 2
1572361308 2
1572361309 2
1572361310 2
1572361311 2
1572361312 2
1572361313 2
1572361314 2
1572361315 2
1572361316 2
1572361317 2
1572361318 2
1572361319 2
1572361320 2
1572361321 2
1572361322 2
1572361323 2
1572361324 2
1572361325 2
1572361326 2
1572361327 2
1572361328 2
1572361329 2
1572361330 2
1572361331 2
1572361332 2
1572361333 2
1572361334 2
1572361335 2
1572361336 2
1572361337 2
1572361338 2
1572361339 2
1572361340 3
1572361341 4
1572361342 4
1572361343 4
1572361344 4
1572361345 4
1572361346 4
1572361347 4
1572361348 4
1572361349 4
1572361350 4
1572361351 4
1572361352 3
1572361353 1
1572361354 2
1572361355 2
1572361356 3
1572361357 6
1572361358 7
1572361359 7
1572361360 5
1572361361 8
1572361362 8
1572361363 7
1572361364 13
1572361365 8
1572361366 9
1572361367 8
1572361368 10
1572361369 9
1572361370 7
1572361371 7
1572361372 2
1572361373 1
1572361374 2
1572361375 2
1572361376 1
1572361377 1
1572361378 2
1572361379 1
1572361380 1
1572361381 2
1572361382 3
1572361383 3
1572361384 4
1572361385 4
1572361386 4
1572361387 4
1572361388 4
1572361389 4
1572361390 3
1572361391 3
1572361392 3
1572361393 3
1572361394 3
1572361395 3
1572361396 3
1572361397 2
1572361398 3
1572361399 4
1572361400 4
1572361401 5
1572361402 4
1572361403 4
1572361404 4
1572361405 3
1572361406 3
1572361407 2
1572361408 2
1572361409 2
1572361410 2
1572361411 2
1572361412 2
1572361413 2
1572361414 2
1572361415 2
1572361416 2
1572361417 2
1572361418 2
1572361419 2
1572361420 2
1572361421 2
1572361422 2
1572361423 2
1572361424 2
1572361425 2
1572361426 2
1572361427 2
1572361428 2
1572361429 2
1572361430 2
1572361431 2
1572361432 2
1572361433 2
1572361434 2
1572361435 2
1572361436 2
1572361437 2
1572361438 2
1572361439 2
1572361440 2
1572361441 2
1572361442 2
1572361443 2
1572361444 2
1572361445 2
1572361446 2
1572361447 2
1572361448 2
1572361449 3
1572361450 4
1572361451 4
1572361452 4
1572361453 4
1572361454 3
1572361455 3
1572361456 3
1572361457 4
1572361458 4
1572361459 4
1572361460 4
1572361461 3
1572361462 2
1572361463 2
1572361464 2
1572361465 3
1572361466 3
1572361467 4
1572361468 5
1572361469 6
1572361470 6
1572361471 5
1572361472 4
1572361473 5
1572361474 5
1572361475 6
1572361476 4
1572361477 3
1572361478 6
1572361479 6
1572361480 5
1572361481 5
1572361482 5
1572361483 3
1572361484 3
1572361485 2
1572361486 2
1572361487 2
1572361488 2
1572361489 4
1572361490 3
1572361491 4
1572361492 4
1572361493 4
1572361494 5
1572361495 5
1572361496 4
1572361497 4
1572361498 4
1572361499 4
1572361500 3
1572361501 3
1572361502 3
1572361503 3
1572361504 2
1572361505 2
1572361506 2
1572361507 2
1572361508 2
1572361509 2
1572361510 2
1572361511 2
1572361512 2
1572361513 2
1572361514 2
1572361515 2
1572361516 2
1572361517 2
1572361518 2
1572361519 2
1572361520 2
1572361521 2
1572361522 2
1572361523 2
1572361524 2
1572361525 2
1572361526 2
1572361527 2
1572361528 2
1572361529 2
1572361530 2
1572361531 2
1572361532 2
1572361533 2
1572361534 2
1572361535 3
1572361536 5
1572361537 5
1572361538 4
1572361539 5
1572361540 5
1572361541 4
1572361542 4
1572361543 4
1572361544 4
1572361545 4
1572361546 4
1572361547 3
1572361548 1
1572361549 1
1572361550 2
1572361551 3
1572361552 6
1572361553 5
1572361554 7
1572361555 7
1572361556 10
1572361557 11
1572361558 7
1572361559 8
1572361560 9
1572361561 9
1572361562 9
1572361563 10
1572361564 8
1572361565 8
1572361566 8
1572361567 4
1572361568 7
1572361569 6
1572361570 8
1572361571 5
1572361572 3
1572361573 3
1572361574 2
1572361576 1
1572361577 3
1572361578 3
1572361579 5
1572361580 4
1572361581 4
1572361582 4
1572361583 4
1572361584 4
1572361585 4
1572361586 4
1572361587 4
1572361588 4
1572361589 5
1572361590 3
1572361591 3
1572361592 3
1572361593 2
1572361594 3
1572361595 4
1572361596 4
1572361597 4
1572361598 4
1572361599 4
1572361600 4
1572361601 2
1572361602 2
1572361603 2
1572361604 2
1572361605 2
1572361606 2
1572361607 2
1572361608 2
1572361609 2
1572361610 2
1572361611 2
1572361612 2
1572361613 2
1572361614 2
1572361615 2
1572361616 2
1572361617 2
1572361618 2
1572361619 2
1572361620 2
1572361621 2
1572361622 2
1572361623 2
1572361624 2
1572361625 2
1572361626 2
1572361627 2
1572361628 2
1572361629 2
1572361630 2
1572361631 2
1572361632 2
1572361633 2
1572361634 2
1572361635 2
1572361636 2
1572361637 2
1572361638 2
1572361639 2
1572361640 2
1572361641 2
1572361642 2
1572361643 2
1572361644 2
1572361645 3
1572361646 3
1572361647 3
1572361648 4
1572361649 4
1572361650 4
1572361651 4
1572361652 4
1572361653 4
1572361654 4
1572361655 4
1572361656 3
1572361657 2
1572361658 2
1572361659 2
1572361660 3
1572361661 4
1572361662 3
1572361663 5
1572361664 6
1572361665 7
1572361666 6
1572361667 3
1572361668 5
1572361669 5
1572361670 5
1572361671 5
1572361672 5
1572361673 5
1572361674 6
1572361675 5
1572361676 5
1572361677 6
1572361678 4
1572361679 4
1572361680 3
1572361681 2
1572361682 2
1572361683 2
1572361684 3
1572361685 4
1572361686 4
1572361687 4
1572361688 4
1572361689 5
1572361690 5
1572361691 5
1572361692 6
1572361693 6
1572361694 6
1572361695 5
1572361696 4
1572361697 3
1572361698 2
1572361699 2
1572361700 2
1572361701 2
1572361702 2
1572361703 2
1572361704 2
1572361705 2
1572361706 2
1572361707 2
1572361708 2
1572361709 2
1572361710 2
1572361711 2
1572361712 2
1572361713 2
1572361714 2
1572361715 2
1572361716 2
1572361717 2
1572361718 2
1572361719 2
1572361720 2
1572361721 2
1572361722 2
1572361723 2
1572361724 2
1572361725 2
1572361726 2
1572361727 2
1572361728 2
1572361729 2
1572361730 4
1572361731 5
1572361732 4
1572361733 4
1572361734 4
1572361735 4
1572361736 4
1572361737 4
1572361738 4
1572361739 4
1572361740 4
1572361741 3
1572361742 2
1572361743 2
1572361744 1
1572361745 3
1572361746 7
1572361747 7
1572361748 5
1572361749 6
1572361750 10
1572361751 9
1572361752 8
1572361753 9
1572361754 10
1572361755 8
1572361756 8
1572361757 7
1572361758 9
1572361759 6
1572361760 7
1572361761 7
1572361762 6
1572361763 5
1572361764 6
1572361765 4
1572361766 4
1572361767 4
1572361768 4
1572361769 3
1572361770 3
1572361772 2
1572361773 3
1572361774 3
1572361775 4
1572361776 4
1572361777 4
1572361778 4
1572361779 4
1572361780 4
1572361781 4
1572361782 4
1572361783 4
1572361784 4
1572361785 4
1572361786 2
1572361787 2
1572361788 2
1572361789 3
1572361790 4
1572361791 4
1572361792 4
1572361793 4
1572361794 4
1572361795 4
1572361796 3
1572361797 2
1572361798 2
1572361799 2
1572361800 2
1572361801 2
1572361802 2
1572361803 2
1572361804 2
1572361805 2
1572361806 2
1572361807 2
1572361808 2
1572361809 2
1572361810 2
1572361811 2
1572361812 2
1572361813 2
1572361814 2
1572361815 2
1572361816 2
1572361817 2
1572361818 2
1572361819 2
1572361820 2
1572361821 2
1572361822 2
1572361823 2
1572361824 2
1572361825 2
1572361826 2
1572361827 2
1572361828 2
1572361829 2
1572361830 2
1572361831 2
1572361832 2
1572361833 2
1572361834 2
1572361835 2
1572361836 2
1572361837 2
1572361838 2
1572361839 4
1572361840 3
1572361841 3
1572361842 3
1572361843 3
1572361844 3
1572361845 3
1572361846 3
1572361847 3
1572361848 3
1572361849 3
1572361850 3
1572361851 2
1572361852 1
1572361853 2
1572361854 3
1572361855 4
1572361856 5
1572361857 4
1572361858 6
1572361859 7
1572361860 9
1572361861 6
1572361862 4
1572361863 4
1572361864 5
1572361865 4
1572361866 5
1572361867 5
1572361868 6
1572361869 5
1572361870 6
1572361871 5
1572361872 6
1572361873 4
1572361874 3
1572361875 3
1572361876 2
1572361877 2
1572361878 2
1572361879 4
1572361880 4
1572361881 4
1572361882 5
1572361883 3
1572361884 4
1572361885 4
1572361886 4
1572361887 4
1572361888 5
1572361889 4
1572361890 4
1572361891 4
1572361892 3
1572361893 2
1572361894 2
1572361895 2
1572361896 2
1572361897 2
1572361898 2
1572361899 2
1572361900 2
1572361901 2
1572361902 2
1572361903 2
1572361904 2
1572361905 2
1572361906 2
1572361907 2
1572361908 2
1572361909 2
1572361910 2
1572361911 2
1572361912 2
1572361913 2
1572361914 2
1572361915 2
1572361916 2
1572361917 2
1572361918 2
1572361919 2
1572361920 2
1572361921 2
1572361922 2
1572361923 2
1572361924 2
1572361925 5
1572361926 5
1572361927 4
1572361928 4
1572361929 4
1572361930 4
1572361931 4
1572361932 4
1572361933 4
1572361934 4
1572361935 4
1572361936 3
1572361937 3
1572361938 2
1572361939 1
1572361940 3
1572361941 5
1572361942 7
1572361943 5
1572361944 7
1572361945 8
1572361946 10
1572361947 8
1572361948 9
1572361949 10
1572361950 6
1572361951 8
1572361952 7
1572361953 7
1572361954 6
1572361955 7
1572361956 8
1572361957 5
1572361958 5
1572361959 4
1572361960 5
1572361961 5
1572361962 5
1572361963 4
1572361964 4
1572361965 3
1572361966 2
1572361967 2
1572361969 1
1572361970 2
1572361971 3
1572361972 4
1572361973 4
1572361974 4
1572361975 4
1572361976 4
1572361977 4
1572361978 4
1572361979 4
1572361980 4
1572361981 4
1572361982 4
1572361983 3
1572361984 2
1572361985 2
1572361986 3
1572361987 4
1572361988 4
1572361989 5
1572361990 4
1572361991 4
1572361992 4
1572361993 3
1572361994 3
1572361995 2
1572361996 2
1572361997 2
1572361998 2
1572361999 2
1572362000 2
1572362001 2
1572362002 2
1572362003 2
1572362004 2
1572362005 2
1572362006 2
1572362007 2
1572362008 2
1572362009 2
1572362010 2
1572362011 2
1572362012 2
1572362013 2
1572362014 1
1572362015 2
1572362016 2
1572362017 2
1572362018 2
1572362019 2
1572362020 2
1572362021 2
1572362022 2
1572362023 2
1572362024 2
1572362025 2
1572362026 2
1572362027 2
1572362028 2
1572362029 2
1572362030 2
1572362031 2
1572362032 2
1572362033 2
1572362034 2
1572362035 2
1572362036 2
1572362037 2
1572362038 3
1572362039 3
1572362040 4
1572362041 4
1572362042 3
1572362043 3
1572362044 3
1572362045 3
1572362046 3
1572362047 2
1572362048 2
1572362049 3
1572362050 2
1572362051 2
1572362052 2
1572362053 3
1572362054 2
1572362055 4
1572362056 3
1572362057 4
1572362058 5
1572362059 6
1572362060 6
1572362061 4
1572362062 5
1572362063 5
1572362064 5
1572362065 5
1572362066 4
1572362067 3
1572362068 7
1572362069 5
1572362070 6
1572362071 8
1572362072 4
1572362073 3
1572362074 3
1572362075 3
1572362076 2
1572362077 2
1572362078 3
1572362079 5
1572362080 4
1572362081 4
1572362082 4
1572362083 5
1572362084 5
1572362085 5
1572362086 5
1572362087 5
1572362088 5
1572362089 5
1572362090 5
1572362091 4
1572362092 2
1572362093 2
1572362094 2
1572362095 2
1572362096 2
1572362097 2
1572362098 2
1572362099 2
1572362100 2
1572362101 2
1572362102 2
1572362103 2
1572362104 2
1572362105 2
1572362106 2
1572362107 2
1572362108 2
1572362109 2
1572362110 2
1572362111 2
1572362112 2
1572362113 2
1572362114 2
1572362115 2
1572362116 2
1572362117 2
1572362118 2
1572362119 2
1572362120 2
1572362121 2
1572362122 2
1572362123 2
1572362124 4
1572362125 4
1572362126 4
1572362127 4
1572362128 4
1572362129 4
1572362130 4
1572362131 5
1572362132 4
1572362133 4
1572362134 4
1572362135 4
1572362136 2
1572362137 2
1572362138 1
1572362139 3
1572362140 6
1572362141 6
1572362142 6
1572362143 6
1572362144 9
1572362145 9
1572362146 7
1572362147 5
1572362148 8
1572362149 5
1572362150 7
1572362151 5
1572362152 10
1572362153 7
1572362154 5
1572362155 6
1572362156 4
1572362157 5
1572362158 6
1572362159 4
1572362160 4
1572362161 3
1572362162 3
1572362164 1
1572362165 2
1572362166 2
1572362167 4
1572362168 4
1572362169 4
1572362170 4
1572362171 4
1572362172 4
1572362173 3
1572362174 3
1572362175 3
1572362176 3
1572362177 3
1572362178 3
1572362179 3
1572362180 3
1572362181 3
1572362182 3
1572362183 4
1572362184 5
1572362185 4
1572362186 4
1572362187 4
1572362188 3
1572362189 3
1572362190 3
1572362191 2
1572362192 2
1572362193 2
1572362194 2
1572362195 2
1572362196 2
1572362197 2
1572362198 2
1572362199 2
1572362200 2
1572362201 2
1572362202 2
1572362203 2
1572362204 2
1572362205 2
1572362206 2
1572362207 2
1572362208 2
1572362209 2
1572362210 2
1572362211 2
1572362212 2
1572362213 2
1572362214 2
1572362215 2
1572362216 2
1572362217 2
1572362218 2
1572362219 2
1572362220 2
1572362221 2
1572362222 2
1572362223 2
1572362224 2
1572362225 2
1572362226 2
1572362227 2
1572362228 2
1572362229 2
1572362230 2
1572362231 2
1572362232 2
1572362233 3
1572362234 3
1572362235 3
1572362236 3
1572362237 3
1572362238 3
1572362239 3
1572362240 3
1572362241 4
1572362242 3
1572362243 3
1572362244 3
1572362245 3
1572362246 2
1572362247 2
1572362248 3
1572362249 4
1572362250 3
1572362251 4
1572362252 6
1572362253 8
1572362254 6
1572362255 6
1572362256 5
1572362257 6
1572362258 5
1572362259 5
1572362260 3
1572362261 5
1572362262 6
1572362263 6
1572362264 6
1572362265 7
1572362266 3
1572362267 3
1572362268 3
1572362269 3
1572362270 2
1572362271 2
1572362272 2
1572362273 4
1572362274 4
1572362275 4
1572362276 3
1572362277 3
1572362278 3
1572362279 3
1572362280 3
1572362281 3
1572362282 3
1572362283 3
1572362284 2
1572362285 2
1572362286 2
1572362287 2
1572362288 2
1572362289 2
1572362290 2
1572362291 2
1572362292 2
1572362293 2
1572362294 2
1572362295 2
1572362296 2
1572362297 2
1572362298 2
1572362299 2
1572362300 2
1572362301 2
1572362302 2
1572362303 2
1572362304 2
1572362305 2
1572362306 2
1572362307 2
1572362308 2
1572362309 2
1572362310 2
1572362311 2
1572362312 2
1572362313 2
1572362314 2
1572362315 2
1572362316 2
1572362317 3
1572362318 5
1572362319 4
1572362320 4
1572362321 4
1572362322 4
1572362323 4
1572362324 4
1572362325 5
1572362326 4
1572362327 4
1572362328 4
1572362329 4
1572362330 3
1572362331 1
1572362332 2
1572362333 2
1572362334 3
1572362335 6
1572362336 9
1572362337 6
1572362338 9
1572362339 10
1572362340 9
1572362341 11
1572362342 11
1572362343 7
1572362344 8
1572362345 8
1572362346 10
1572362347 6
1572362348 7
1572362349 7
1572362350 4
1572362351 5
1572362352 5
1572362353 7
1572362354 7
1572362355 5
1572362356 5
1572362357 5
1572362358 4
1572362360 3
1572362361 3
1572362362 3
1572362363 4
1572362364 4
1572362365 4
1572362366 4
1572362367 4
1572362368 3
1572362369 3
1572362370 3
1572362371 3
1572362372 3
1572362373 3
1572362374 3
1572362375 3
1572362376 2
1572362377 3
1572362378 4
1572362379 4
1572362380 4
1572362381 4
1572362382 4
1572362383 3
1572362384 3
1572362385 3
1572362386 2
1572362387 2
1572362388 2
1572362389 2
1572362390 2
1572362391 2
1572362392 2
1572362393 2
1572362394 2
1572362395 2
1572362396 2
1572362397 2
1572362398 2
1572362399 2
1572362400 2
1572362401 2
1572362402 2
1572362403 2
1572362404 2
1572362405 2
1572362406 2
1572362407 2
1572362408 2
1572362409 2
1572362410 2
1572362411 2
1572362412 2
1572362413 2
1572362414 2
1572362415 2
1572362416 2
1572362417 2
1572362418 2
1572362419 2
1572362420 2
1572362421 2
1572362422 2
1572362423 2
1572362424 2
1572362425 2
1572362426 2
1572362427 2
1572362428 2
1572362429 3
1572362430 3
1572362431 3
1572362432 4
1572362433 4
1572362434 4
1572362435 4
1572362436 4
1572362437 4
1572362438 4
1572362439 4
1572362440 4
1572362441 3
1572362442 2
1572362443 2
1572362444 2
1572362445 4
1572362446 3
1572362447 4
1572362448 6
1572362449 7
1572362450 7
1572362451 5
1572362452 4
1572362453 5
1572362454 6
1572362455 6
1572362456 4
1572362457 5
1572362458 6
1572362459 6
1572362460 5
1572362461 7
1572362462 4
1572362463 4
1572362464 3
1572362465 2
1572362466 2
1572362467 2
1572362468 2
1572362469 4
1572362470 4
1572362471 5
1572362472 5
1572362473 5
1572362474 6
1572362475 6
1572362476 6
1572362477 6
1572362478 6
1572362479 5
1572362480 4
1572362481 3
1572362482 2
1572362483 2
1572362484 2
1572362485 2
1572362486 2
1572362487 2
1572362488 2
1572362489 2
1572362490 2
1572362491 2
1572362492 2
1572362493 2
1572362494 2
1572362495 2
1572362496 2
1572362497 2
1572362498 2
1572362499 2
1572362500 2
1572362501 2
1572362502 2
1572362503 2
1572362504 2
1572362505 2
1572362506 2
1572362507 2
1572362508 2
1572362509 2
1572362510 2
1572362511 2
1572362512 2
1572362513 2
1572362514 4
1572362515 4
1572362516 5
1572362517 4
1572362518 4
1572362519 4
1572362520 4
1572362521 4
1572362522 4
1572362523 4
1572362524 4
1572362525 4
1572362526 3
1572362527 2
1572362528 2
1572362529 3
1572362530 3
1572362531 6
1572362532 9
1572362533 5
1572362534 9
1572362535 9
1572362536 9
1572362537 11
1572362538 11
1572362539 7
1572362540 8
1572362541 7
1572362542 9
1572362543 6
1572362544 7
1572362545 6
1572362546 5
1572362547 6
1572362548 6
1572362549 6
1572362550 6
1572362551 5
1572362552 5
1572362553 3
1572362555 2
1572362556 1
1572362557 4
1572362558 4
1572362559 4
1572362560 4
1572362561 4
1572362562 4
1572362563 3
1572362564 3
1572362565 3
1572362566 3
1572362567 3
1572362568 3
1572362569 3
1572362570 3
1572362571 2
1572362572 2
1572362573 3
1572362574 4
1572362575 4
1572362576 4
1572362577 4
1572362578 4
1572362579 3
1572362580 3
1572362581 2
1572362582 2
1572362583 2
1572362584 2
1572362585 2
1572362586 2
1572362587 2
1572362588 2
1572362589 2
1572362590 2
1572362591 2
1572362592 2
1572362593 2
1572362594 2
1572362595 2
1572362596 2
1572362597 2
1572362598 2
1572362599 2
1572362600 2
1572362601 2
1572362602 2
1572362603 2
1572362604 2
1572362605 2
1572362606 2
1572362607 2
1572362608 2
1572362609 2
1572362610 2
1572362611 2
1572362612 2
1572362613 2
1572362614 2
1572362615 2
1572362616 2
1572362617 2
1572362618 2
1572362619 2
1572362620 2
1572362621 2
1572362622 2
1572362623 2
1572362624 2
1572362625 3
1572362626 3
1572362627 3
1572362628 3
1572362629 3
1572362630 3
1572362631 3
1572362632 3
1572362633 3
1572362634 3
1572362635 3
1572362636 3
1572362637 2
1572362638 2
1572362639 2
1572362640 3
1572362641 3
1572362642 4
1572362643 5
1572362644 6
1572362645 6
1572362646 5
1572362647 5
1572362648 5
1572362649 5
1572362650 5
1572362651 5
1572362652 3
1572362653 5
1572362654 6
1572362655 5
1572362656 5
1572362657 5
1572362658 5
1572362659 5
1572362660 6
1572362661 5
1572362662 4
1572362663 4
1572362664 2
1572362665 2
1572362666 2
1572362667 2
1572362668 4
1572362669 4
1572362670 4
1572362671 4
1572362672 3
1572362673 4
1572362674 3
1572362675 3
1572362676 3
1572362677 3
1572362678 3
1572362679 2
1572362680 2
1572362681 2
1572362682 2
1572362683 2
1572362684 2
1572362685 2
1572362686 2
1572362687 2
1572362688 2
1572362689 2
1572362690 2
1572362691 2
1572362692 2
1572362693 2
1572362694 2
1572362695 2
1572362696 2
1572362697 2
1572362698 2
1572362699 2
1572362700 2
1572362701 2
1572362702 2
1572362703 2
1572362704 2
1572362705 2
1572362706 2
1572362707 2
1572362708 2
1572362709 2
1572362710 2
1572362711 2
1572362712 2
1572362713 3
1572362714 4
1572362715 6
1572362716 5
1572362717 5
1572362718 4
1572362719 4
1572362720 4
1572362721 4
1572362722 4
1572362723 4
1572362724 4
1572362725 3
1572362726 2
1572362727 1
1572362728 2
1572362729 3
1572362730 6
1572362731 5
1572362732 6
1572362733 6
1572362734 10
1572362735 10
1572362736 8
1572362737 9
1572362738 13
1572362739 8
1572362740 9
1572362741 11
1572362742 8
1572362743 7
1572362744 4
1572362745 3
1572362746 5
1572362747 5
1572362748 6
1572362749 5
1572362750 5
1572362751 5
1572362752 4
1572362753 4
1572362755 2
1572362756 3
1572362757 3
1572362758 4
1572362759 4
1572362760 4
1572362761 4
1572362762 4
1572362763 4
1572362764 3
1572362765 3
1572362766 3
1572362767 3
1572362768 3
1572362769 3
1572362770 3
1572362771 2
1572362772 3
1572362773 4
1572362774 4
1572362775 4
1572362776 4
1572362777 4
1572362778 4
1572362779 3
1572362780 2
1572362781 2
1572362782 2
1572362783 2
1572362784 2
1572362785 2
1572362786 2
1572362787 2
1572362788 2
1572362789 2
1572362790 2
1572362791 2
1572362792 2
1572362793 2
1572362794 2
1572362795 2
1572362796 2
1572362797 2
1572362798 2
1572362799 2
1572362800 2
1572362801 2
1572362802 2
1572362803 2
1572362804 2
1572362805 2
1572362806 2
1572362807 2
1572362808 2
1572362809 2
1572362810 2
1572362811 2
1572362812 2
1572362813 2
1572362814 2
1572362815 2
1572362816 2
1572362817 2
1572362818 2
1572362819 2
1572362820 2
1572362821 2
1572362822 2
1572362823 2
1572362824 3
1572362825 3
1572362826 3
1572362827 3
1572362828 3
1572362829 3
1572362830 3
1572362831 4
1572362832 4
1572362833 4
1572362834 4
1572362835 3
1572362836 3
1572362837 2
1572362838 2
1572362839 4
1572362840 3
1572362841 4
1572362842 5
1572362843 6
1572362844 6
1572362845 6
1572362846 4
1572362847 5
1572362848 5
1572362849 6
1572362850 3
1572362851 4
1572362852 6
1572362853 6
1572362854 6
1572362855 7
1572362856 5
1572362857 4
1572362858 3
1572362859 2
1572362860 2
1572362861 2
1572362862 2
1572362863 4
1572362864 3
1572362865 4
1572362866 4
1572362867 4
1572362868 4
1572362869 3
1572362870 4
1572362871 4
1572362872 4
1572362873 2
1572362874 2
1572362875 2
1572362876 2
1572362877 2
1572362878 2
1572362879 2
1572362880 2
1572362881 2
1572362882 2
1572362883 2
1572362884 2
1572362885 2
1572362886 2
1572362887 2
1572362888 2
1572362889 2
1572362890 2
1572362891 2
1572362892 2
1572362893 2
1572362894 2
1572362895 2
1572362896 2
1572362897 2
1572362898 2
1572362899 2
1572362900 2
1572362901 2
1572362902 2
1572362903 2
1572362904 2
1572362905 2
1572362906 2
1572362907 2
1572362908 3
1572362909 5
1572362910 5
1572362911 4
1572362912 4
1572362913 4
1572362914 4
1572362915 4
1572362916 4
1572362917 4
1572362918 4
1572362919 4
1572362920 3
1572362921 1
1572362922 1
1572362923 2
1572362924 3
1572362925 6
1572362926 5
1572362927 7
1572362928 8
1572362929 10
1572362930 8
1572362931 9
1572362932 10
1572362933 12
1572362934 8
1572362935 9
1572362936 8
1572362937 7
1572362938 7
1572362939 6
1572362940 4
1572362941 3
1572362942 3
1572362943 5
1572362944 3
1572362945 3
1572362946 4
1572362947 2
1572362949 1
1572362950 3
1572362951 3
1572362952 5
1572362953 4
1572362954 4
1572362955 4
1572362956 4
1572362957 4
1572362958 4
1572362959 4
1572362960 4
1572362961 4
1572362962 3
1572362963 3
1572362964 3
1572362965 2
1572362966 2
1572362967 2
1572362968 3
1572362969 4
1572362970 4
1572362971 4
1572362972 4
1572362973 4
1572362974 4
1572362975 4
1572362976 3
1572362977 2
1572362978 2
1572362979 2
1572362980 2
1572362981 2
1572362982 2
1572362983 2
1572362984 2
1572362985 2
1572362986 2
1572362987 2
1572362988 2
1572362989 2
1572362990 2
1572362991 2
1572362992 2
1572362993 2
1572362994 2
1572362995 2
1572362996 2
1572362997 2
1572362998 2
1572362999 2
1572363000 2
1572363001 2
1572363002 2
1572363003 2
1572363004 2
1572363005 2
1572363006 2
1572363007 2
1572363008 2
1572363009 2
1572363010 2
1572363011 2
1572363012 2
1572363013 2
1572363014 2
1572363015 2
1572363016 2
1572363017 2
1572363018 2
1572363019 3
1572363020 3
1572363021 3
1572363022 3
1572363023 3
1572363024 3
1572363025 3
1572363026 3
1572363027 5
1572363028 5
1572363029 4
1572363030 3
1572363031 3
1572363032 2
1572363033 2
1572363034 2
1572363035 4
1572363036 3
1572363037 4
1572363038 5
1572363039 6
1572363040 6
1572363041 5
1572363042 4
1572363043 5
1572363044 5
1572363045 4
1572363046 4
1572363047 3
1572363048 6
1572363049 6
1572363050 4
1572363051 7
1572363052 4
1572363053 4
1572363054 3
1572363055 2
1572363056 2
1572363057 2
1572363058 2
1572363059 3
1572363060 4
1572363061 4
1572363062 5
1572363063 5
1572363064 5
1572363065 5
1572363066 5
1572363067 5
1572363068 5
1572363069 5
1572363070 4
1572363071 3
1572363072 2
1572363073 2
1572363074 2
1572363075 2
1572363076 2
1572363077 2
1572363078 2
1572363079 2
1572363080 2
1572363081 2
1572363082 2
1572363083 2
1572363084 2
1572363085 2
1572363086 2
1572363087 2
1572363088 2
1572363089 2
1572363090 2
1572363091 2
1572363092 2
1572363093 2
1572363094 2
1572363095 2
1572363096 2
1572363097 2
1572363098 2
1572363099 2
1572363100 2
1572363101 2
1572363102 2
1572363103 2
1572363104 3
1572363105 6
1572363106 6
1572363107 4
1572363108 4
1572363109 4
1572363110 4
1572363111 4
1572363112 4
1572363113 4
1572363114 4
1572363115 4
1572363116 2
1572363117 2
1572363118 2
1572363119 2
1572363120 4
1572363121 6
1572363122 6
1572363123 4
1572363124 8
1572363125 9
1572363126 7
1572363127 9
1572363128 11
1572363129 9
1572363130 8
1572363131 7
1572363132 10
1572363133 9
1572363134 8
1572363135 8
1572363136 3
1572363137 5
1572363138 5
1572363139 5
1572363140 5
1572363141 5
1572363142 3
1572363143 3
1572363144 2
1572363145 1
1572363146 1
1572363147 1
1572365809 1
1572365810 3
1572365811 2
1572365812 2
1572365813 2
1572365814 3
1572365815 4
1572365816 4
1572365817 4
1572365818 4
1572365819 4
1572365820 4
1572365821 4
1572365822 4
1572365823 4
1572365824 4
1572365825 4
1572365826 4
1572365827 3
1572365828 3
1572365829 3
1572365830 4
1572365831 4
1572365832 4
1572365833 4
1572365834 3
1572365835 3
1572365836 3
1572365837 2
1572365838 3
1572365839 2
1572365840 2
1572365841 2
1572365842 2
1572365843 2
1572365844 2
1572365845 2
1572365846 2
1572365847 2
1572365848 2
1572365849 2
1572365850 2
1572365851 2
1572365852 2
1572365853 2
1572365854 2
1572365855 2
1572365856 2
1572365857 2
1572365858 2
1572365859 2
1572365860 2
1572365861 2
1572365862 2
1572365863 2
1572365864 2
1572365865 2
1572365866 2
1572365867 2
1572365868 2
1572365869 2
1572365870 2
1572365871 2
1572365872 3
1572365873 3
1572365874 3
1572365875 3
1572365876 3
1572365877 4
1572365878 4
1572365879 4
1572365880 3
1572365881 3
1572365882 3
1572365883 2
1572365884 4
1572365885 2
1572365886 2
1572365887 3
1572365888 2
1572365889 3
1572365890 4
1572365891 3
1572365892 4
1572365893 4
1572365894 6
1572365895 4
1572365896 4
1572365897 4
1572365898 3
1572365899 4
1572365900 4
1572365901 3
1572365902 2
1572365903 2
1572365904 2
1572365905 1
1572365906 1
1572365907 1
1572365908 1
1572365909 2
1572365910 2
1572365911 2
1572365912 2
1572365913 2
1572365914 2
1572365915 1
1572365916 2
1572365917 2
1572365918 2
1572365919 3
1572365920 3
1572365921 2
1572365922 2
1572365923 1
1572365924 1
1572365925 1
1572365926 1
1572365927 1
1572365928 3
1572365929 3
1572365930 3
1572365931 3
1572365932 3
1572365933 2
1572365934 3
1572365935 3
1572365936 3
1572365937 3
1572365938 3
1572365939 4
1572365940 3
1572365941 3
1572365942 3
1572365943 5
1572365944 5
1572365945 3
1572365946 4
1572365947 4
1572365948 4
1572365949 4
1572365950 3
1572365951 2
1572365952 2
1572365953 2
1572365954 2
1572365955 2
1572365956 2
1572365957 2
1572365958 2
1572365959 2
1572365960 2
1572365961 3
1572365962 3
1572365963 2
1572365964 2
1572365965 2
1572365966 2
1572365967 1
1572365968 2
1572365969 3
1572365970 3
1572365971 3
1572365972 3
1572365973 3
1572365974 2
1572365975 2
1572365976 1
1572365977 1
1572365978 2
1572365979 2
1572365980 2
1572365981 3
1572365982 3
1572365983 3
1572365984 3
1572365985 2
1572365986 3
1572365987 5
1572365988 5
1572365989 5
1572365990 5
1572365991 6
1572365992 5
1572365993 5
1572365994 5
1572365995 5
1572365996 3
1572365997 3
1572365998 2
1572365999 3
1572366000 3
1572366001 3
1572366002 3
1572366003 3
1572366004 3
1572366005 3
1572366006 3
1572366007 3
1572366008 3
1572366009 2
1572366010 3
1572366011 3
1572366012 4
1572366013 3
1572366014 4
1572366015 3
1572366016 3
1572366017 2
1572366018 2
1572366019 3
1572366020 2
1572366021 2
1572366022 2
1572366023 2
1572366024 3
1572366025 2
1572366026 2
1572366027 2
1572366028 2
1572366029 3
1572366030 3
1572366031 2
1572366032 2
1572366033 2
1572366034 2
1572366035 2
1572366036 4
1572366037 3
1572366038 4
1572366039 4
1572366040 3
1572366041 2
1572366042 3
1572366043 4
1572366044 4
1572366045 3
1572366046 3
1572366047 4
1572366048 2
1572366049 2
1572366050 4
1572366051 6
1572366052 4
1572366053 2
1572366054 3
1572366055 3
1572366056 3
1572366057 2
1572366058 3
1572366059 1
1572366060 1
1572366061 1
1572366062 1
1572366063 1
1572366064 2
1572366065 2
1572366066 2
1572366067 2
1572366068 3
1572366069 3
1572366070 3
1572366071 4
1572366072 3
1572366073 4
1572366074 4
1572366075 4
1572366076 4
1572366077 4
1572366078 3
1572366079 3
1572366080 3
1572366081 1
1572366082 2
1572366083 2
1572366084 2
1572366085 3
1572366086 4
1572366087 3
1572366088 4
1572366089 4
1572366090 5
1572366091 6
1572366092 6
1572366093 4
1572366094 4
1572366095 3
1572366096 3
1572366097 4
1572366098 3
1572366099 3
1572366100 4
1572366101 3
1572366102 3
1572366103 2
1572366104 2
1572366105 2
1572366106 2
1572366107 2
1572366108 2
1572366109 3
1572366110 3
1572366111 3
1572366112 3
1572366113 3
1572366114 3
1572366115 3
1572366116 5
1572366117 4
1572366118 4
1572366119 2
1572366120 2
1572366121 2
1572366122 2
1572366123 2
1572366124 2
1572366125 2
1572366126 2
1572366127 2
1572366128 2
1572366129 2
1572366130 2
1572366131 2
1572366132 2
1572366133 2
1572366134 2
1572366135 2
1572366136 2
1572366137 2
1572366138 2
1572366139 2
1572366140 2
1572366141 2
1572366142 2
1572366143 2
1572366144 2
1572366145 2
1572366146 2
1572366147 2
1572366148 2
1572366149 2
1572366150 2
1572366151 2
1572366152 2
1572366153 2
1572366154 3
1572366155 4
1572366156 4
1572366157 4
1572366158 4
1572366159 4
1572366160 4
1572366161 4
1572366162 4
1572366163 4
1572366164 4
1572366165 4
1572366166 4
1572366167 4
1572366168 3
1572366169 3
1572366170 4
1572366171 4
1572366172 4
1572366173 4
1572366174 4
1572366175 3
1572366176 2
1572366177 2
1572366178 2
1572366179 2
1572366180 2
1572366181 2
1572366182 2
1572366183 2
1572366184 2
1572366185 2
1572366186 2
1572366187 2
1572366188 2
1572366189 2
1572366190 2
1572366191 2
1572366192 2
1572366193 2
1572366194 2
1572366195 2
1572366196 2
1572366197 2
1572366198 2
1572366199 2
1572366200 2
1572366201 2
1572366202 2
1572366203 2
1572366204 2
1572366205 2
1572366206 2
1572366207 1
1572366208 1
1572366209 1
1572366210 1
1572366211 2
1572366212 2
1572366213 2
1572366214 2
1572366215 3
1572366216 3
1572366217 3
1572366218 3
1572366219 3
1572366220 3
1572366221 3
1572366222 3
1572366223 3
1572366224 3
1572366225 3
1572366226 2
1572366227 2
1572366228 2
1572366229 3
1572366230 2
1572366231 3
1572366232 3
1572366233 4
1572366234 4
1572366235 5
1572366236 3
1572366237 3
1572366238 2
1572366239 4
1572366240 3
1572366241 3
1572366242 2
1572366243 3
1572366244 3
1572366245 2
1572366246 1
1572366247 1
1572366248 1
1572366249 2
1572366250 2
1572366251 3
1572366252 2
1572366253 2
1572366254 2
1572366255 2
1572366256 2
1572366257 2
1572366258 2
1572366259 3
1572366260 2
1572366261 2
1572366262 2
1572366263 1
1572366264 1
1572366265 1
1572366266 1
1572366267 1
1572366268 2
1572366269 3
1572366270 4
1572366271 2
1572366272 2
1572366273 2
1572366274 4
1572366275 4
1572366276 4
1572366277 3
1572366278 3
1572366279 3
1572366280 3
1572366281 3
1572366282 3
1572366283 4
1572366284 5
1572366285 4
1572366286 3
1572366287 3
1572366288 3
1572366289 3
1572366290 3
1572366291 2
1572366292 2
1572366293 2
1572366294 2
1572366295 2
1572366296 2
1572366297 3
1572366298 3
1572366299 2
1572366300 2
1572366301 3
1572366302 3
1572366303 2
1572366304 2
1572366305 2
1572366306 2
1572366307 1
1572366308 2
1572366309 3
1572366310 3
1572366311 3
1572366312 2
1572366313 3
1572366314 2
1572366315 2
1572366316 1
1572366317 1
1572366318 1
1572366319 2
1572366320 2
1572366321 3
1572366322 3
1572366323 3
1572366324 3
1572366325 3
1572366326 2
1572366327 3
1572366328 5
1572366329 5
1572366330 5
1572366331 6
1572366332 5
1572366333 5
1572366334 5
1572366335 5
1572366336 4
1572366337 4
1572366338 3
1572366339 4
1572366340 3
1572366341 2
1572366342 3
1572366343 3
1572366344 3
1572366345 3
1572366346 2
1572366347 2
1572366348 1
1572366349 1
1572366350 1
1572366351 2
1572366352 3
1572366353 3
1572366354 4
1572366355 3
1572366356 3
1572366357 3
1572366358 3
1572366359 2
1572366360 2
1572366361 2
1572366362 2
1572366363 2
1572366364 2
1572366365 3
1572366366 3
1572366367 2
1572366368 2
1572366369 3
1572366370 2
1572366371 2
1572366372 2
1572366373 2
1572366374 2
1572366375 2
1572366376 2
1572366377 4
1572366378 3
1572366379 3
1572366380 3
1572366381 3
1572366382 5
1572366383 4
1572366384 5
1572366385 4
1572366386 4
1572366387 4
1572366388 4
1572366389 4
1572366390 3
1572366391 4
1572366392 5
1572366393 4
1572366394 3
1572366395 2
1572366396 2
1572366397 2
1572366398 2
1572366399 2
1572366400 2
1572366401 1
1572366402 1
1572366403 1
1572366404 1
1572366405 2
1572366406 2
1572366407 2
1572366408 2
1572366409 2
1572366410 2
1572366411 3
1572366412 3
1572366413 2
1572366414 2
1572366415 2
1572366416 2
1572366417 2
1572366418 2
1572366419 1
1572366420 1
1572366421 1
1572366422 2
1572366423 3
1572366424 2
1572366425 3
1572366426 2
1572366427 4
1572366428 5
1572366429 4
1572366430 5
1572366431 5
1572366432 6
1572366433 5
1572366434 4
1572366435 5
1572366436 3
1572366437 2
1572366438 2
1572366439 2
1572366440 2
1572366441 2
1572366442 3
1572366443 3
1572366444 4
1572366445 4
1572366446 5
1572366447 5
1572366448 5
1572366449 5
1572366450 5
1572366451 5
1572366452 4
1572366453 4
1572366454 4
1572366455 2
1572366456 3
1572366457 2
1572366458 2
1572366459 2
1572366460 2
1572366461 2
1572366462 2
1572366463 2
1572366464 2
1572366465 2
1572366466 2
1572366467 2
1572366468 2
1572366469 2
1572366470 2
1572366471 2
1572366472 2
1572366473 2
1572366474 2
1572366475 2
1572366476 2
1572366477 2
1572366478 2
1572366479 2
1572366480 2
1572366481 2
1572366482 2
1572366483 2
1572366484 2
1572366485 2
1572366486 2
1572366487 3
1572366488 4
1572366489 4
1572366490 4
1572366491 4
1572366492 4
1572366493 4
1572366494 3
1572366495 3
1572366496 3
1572366497 3
1572366498 3
1572366499 3
1572366500 3
1572366501 5
1572366502 2
1572366503 2
1572366504 2
1572366505 3
1572366506 4
1572366507 4
1572366508 4
1572366509 4
1572366510 3
1572366511 3
1572366512 2
1572366513 2
1572366514 2
1572366515 2
1572366516 2
1572366517 2
1572366518 2
1572366519 2
1572366520 2
1572366521 2
1572366522 2
1572366523 2
1572366524 2
1572366525 2
1572366526 2
1572366527 2
1572366528 2
1572366529 2
1572366530 2
1572366531 2
1572366532 2
1572366533 2
1572366534 2
1572366535 2
1572366536 2
1572366537 2
1572366538 2
1572366539 2
1572366540 2
1572366541 2
1572366542 2
1572366543 2
1572366544 2
1572366545 2
1572366546 2
1572366547 3
1572366548 3
1572366549 3
1572366550 3
1572366551 3
1572366552 3
1572366553 3
1572366554 3
1572366555 3
1572366556 3
1572366557 3
1572366558 2
1572366559 3
1572366560 3
1572366561 3
1572366562 2
1572366563 3
1572366564 3
1572366565 4
1572366566 4
1572366567 4
1572366568 4
1572366569 6
1572366570 3
1572366571 4
1572366572 4
1572366573 5
1572366574 4
1572366575 3
1572366576 4
1572366577 2
1572366578 2
1572366579 1
1572366580 1
1572366581 1
1572366582 1
1572366583 2
1572366584 2
1572366585 2
1572366586 2
1572366587 1
1572366588 1
1572366589 1
1572366590 2
1572366591 2
1572366592 2
1572366593 3
1572366594 3
1572366595 2
1572366596 2
1572366597 1
1572366598 1
1572366599 1
1572366600 1
1572366601 1
1572366602 3
1572366603 3
1572366604 2
1572366605 2
1572366606 2
1572366607 3
1572366608 4
1572366609 4
1572366610 3
1572366611 3
1572366612 3
1572366613 3
1572366614 4
1572366615 3
1572366616 3
1572366617 5
1572366618 5
1572366619 4
1572366620 4
1572366621 4
1572366622 3
1572366623 3
1572366624 3
1572366625 2
1572366626 2
1572366627 2
1572366628 2
1572366629 2
1572366630 2
1572366631 2
1572366632 2
1572366633 2
1572366634 2
1572366635 3
1572366636 3
1572366637 2
1572366638 2
1572366639 2
1572366640 2
1572366641 2
1572366642 1
1572366643 3
1572366644 3
1572366645 3
1572366646 3
1572366647 4
1572366648 2
1572366649 2
1572366650 2
1572366651 2
1572366652 1
1572366653 2
1572366654 2
1572366655 3
1572366656 3
1572366657 3
1572366658 3
1572366659 2
1572366660 2
1572366661 3
1572366662 5
1572366663 5
1572366664 5
1572366665 6
1572366666 5
1572366667 5
1572366668 4
1572366669 4
1572366670 5
1572366671 4
1572366672 5
1572366673 5
1572366674 4
1572366675 2
1572366676 2
1572366677 3
1572366678 3
1572366679 3
1572366680 3
1572366681 3
1572366682 2
1572366683 2
1572366684 1
1572366685 2
1572366686 2
1572366687 3
1572366688 2
1572366689 3
1572366690 3
1572366691 3
1572366692 2
1572366693 2
1572366694 3
1572366695 2
1572366696 2
1572366697 2
1572366698 2
1572366699 3
1572366700 2
1572366701 2
1572366702 2
1572366703 3
1572366704 3
1572366705 3
1572366706 2
1572366707 2
1572366708 2
1572366709 2
1572366710 2
1572366711 3
1572366712 4
1572366713 3
1572366714 3
1572366715 3
1572366716 3
1572366717 4
1572366718 5
1572366719 5
1572366720 3
1572366721 4
1572366722 4
1572366723 4
1572366724 3
1572366725 4
1572366726 5
1572366727 3
1572366728 4
1572366729 3
1572366730 3
1572366731 4
1572366732 3
1572366733 3
1572366734 2
1572366735 3
1572366736 2
1572366737 2
1572366738 2
1572366739 3
1572366740 3
1572366741 4
1572366742 3
1572366743 3
1572366744 4
1572366745 5
1572366746 5
1572366747 5
1572366748 5
1572366749 5
1572366750 5
1572366751 3
1572366752 2
1572366753 3
1572366754 2
1572366755 3
1572366756 2
1572366757 2
1572366758 3
1572366759 3
1572366760 5
1572366761 6
1572366762 5
1572366763 5
1572366764 3
1572366765 4
1572366766 6
1572366767 4
1572366768 4
1572366769 3
1572366770 3
1572366771 3
1572366772 2
1572366773 2
1572366774 3
1572366775 3
1572366776 3
1572366777 4
1572366778 4
1572366779 5
1572366780 5
1572366781 5
1572366782 6
1572366783 5
1572366784 5
1572366785 4
1572366786 4
1572366787 3
1572366788 2
1572366789 2
1572366790 2
1572366791 2
1572366792 2
1572366793 2
1572366794 2
1572366795 2
1572366796 2
1572366797 2
1572366798 2
1572366799 2
1572366800 2
1572366801 2
1572366802 2
1572366803 2
1572366804 2
1572366805 2
1572366806 2
1572366807 2
1572366808 2
1572366809 2
1572366810 2
1572366811 2
1572366812 2
1572366813 2
1572366814 2
1572366815 2
1572366816 2
1572366817 2
1572366818 2
1572366819 2
1572366820 3
1572366821 4
1572366822 4
1572366823 4
1572366824 4
1572366825 4
1572366826 4
1572366827 4
1572366828 4
1572366829 4
1572366830 4
1572366831 4
1572366832 4
1572366833 4
1572366834 4
1572366835 4
1572366836 4
1572366837 4
1572366838 4
1572366839 4
1572366840 4
1572366841 4
1572366842 4
1572366843 3
1572366844 3
1572366845 4
1572366846 5
1572366847 6
1572366848 5
1572366849 5
1572366850 4
1572366851 5
1572366852 5
1572366853 4
1572366854 4
1572366855 4
1572366856 4
1572366857 3
1572366858 1
1572366859 1
1572366860 1
1572366861 1
1572366862 1
1572366863 1
1572366864 2
1572366865 2
1572366866 2
1572366867 3
1572366868 2
1572366869 2
1572366870 2
1572366871 2
1572366872 2
1572366873 2
1572366874 2
1572366875 2
1572366876 2
1572366877 2
1572366878 2
1572366879 2
1572366880 2
1572366881 2
1572366882 2
1572366883 2
1572366884 2
1572366885 2
1572366886 2
1572366887 2
1572366888 2
1572366889 2
1572366890 2
1572366891 2
1572366892 2
1572366893 2
1572366894 2
1572366895 2
1572366896 2
1572366897 2
1572366898 2
1572366899 3
1572366900 3
1572366901 3
1572366902 3
1572366903 3
1572366904 3
1572366905 3
1572366906 4
1572366907 4
1572366908 4
1572366909 3
1572366910 3
1572366911 3
1572366912 2
1572366913 4
1572366914 3
1572366915 5
1572366916 6
1572366917 6
1572366918 5
1572366919 6
1572366920 6
1572366921 5
1572366922 4
1572366923 5
1572366924 7
1572366925 8
1572366926 9
1572366927 4
1572366928 3
1572366929 3
1572366930 2
1572366931 2
1572366932 4
1572366933 3
1572366934 3
1572366935 3
1572366936 4
1572366937 3
1572366938 3
1572366939 3
1572366940 3
1572366941 4
1572366942 4
1572366943 4
1572366944 3
1572366945 3
1572366946 2
1572366947 2
1572366948 2
1572366949 2
1572366950 2
1572366951 2
1572366952 2
1572366953 2
1572366954 2
1572366955 2
1572366956 2
1572366957 2
1572366958 2
1572366959 2
1572366960 2
1572366961 2
1572366962 2
1572366963 2
1572366964 2
1572366965 2
1572366966 2
1572366967 2
1572366968 2
1572366969 2
1572366970 3
1572366971 5
1572366972 4
1572366973 4
1572366974 4
1572366975 4
1572366976 4
1572366977 4
1572366978 4
1572366979 4
1572366980 4
1572366981 4
1572366982 2
1572366983 2
1572366984 2
1572366985 3
1572366986 6
1572366987 6
1572366988 6
1572366989 9
1572366990 9
1572366991 8
1572366992 7
1572366993 5
1572366994 7
1572366995 8
1572366996 7
1572366997 5
1572366998 1
1572366999 2
1572367000 2
1572367001 4
1572367002 4
1572367003 4
1572367004 3
1572367005 4
1572367006 5
1572367007 3
1572367008 2
1572367009 2
1572367010 3
1572367011 3
1572367012 4
1572367013 4
1572367014 4
1572367015 4
1572367016 4
1572367017 4
1572367018 3
1572367019 3
1572367020 3
1572367021 3
1572367022 3
1572367023 3
1572367024 3
1572367025 4
1572367026 4
1572367027 4
1572367028 4
1572367029 4
1572367030 3
1572367031 3
1572367032 2
1572367033 2
1572367034 2
1572367035 2
1572367036 2
1572367037 2
1572367038 2
1572367039 2
1572367040 2
1572367041 2
1572367042 2
1572367043 2
1572367044 2
1572367045 2
1572367046 2
1572367047 2
1572367048 2
1572367049 2
1572367050 2
1572367051 2
1572367052 2
1572367053 2
1572367054 2
1572367055 2
1572367056 2
1572367057 2
1572367058 2
1572367059 2
1572367060 2
1572367061 2
1572367062 2
1572367063 2
1572367064 2
1572367065 2
1572367066 3
1572367067 3
1572367068 3
1572367069 3
1572367070 3
1572367071 3
1572367072 3
1572367073 3
1572367074 3
1572367075 3
1572367076 3
1572367077 3
1572367078 3
1572367079 2
1572367080 3
1572367081 3
1572367082 4
1572367083 5
1572367084 7
1572367085 5
1572367086 6
1572367087 5
1572367088 5
1572367089 5
1572367090 3
1572367091 6
1572367092 6
1572367093 6
1572367094 6
1572367095 3
1572367096 3
1572367097 3
1572367098 2
1572367099 2
1572367100 2
1572367101 3
1572367102 4
1572367103 3
1572367104 3
1572367105 3
1572367106 3
1572367107 4
1572367108 3
1572367109 3
1572367110 4
1572367111 3
1572367112 2
1572367113 2
1572367114 2
1572367115 2
1572367116 2
1572367117 2
1572367118 2
1572367119 2
1572367120 2
1572367121 2
1572367122 2
1572367123 2
1572367124 2
1572367125 2
1572367126 2
1572367127 2
1572367128 2
1572367129 2
1572367130 2
1572367131 2
1572367132 2
1572367133 2
1572367134 2
1572367135 2
1572367136 2
1572367137 2
1572367138 2
1572367139 4
1572367140 4
1572367141 4
1572367142 4
1572367143 4
1572367144 4
1572367145 4
1572367146 4
1572367147 5
1572367148 5
1572367149 5
1572367150 3
1572367151 1
1572367152 2
1572367153 3
1572367154 7
1572367155 8
1572367156 7
1572367157 10
1572367158 12
1572367159 11
1572367160 12
1572367161 8
1572367162 9
1572367163 9
1572367164 9
1572367165 9
1572367166 6
1572367167 8
1572367168 9
1572367169 8
1572367170 9
1572367171 8
1572367172 8
1572367173 6
1572367174 4
1572367175 3
1572367177 1
1572367178 2
1572367179 3
1572367180 4
1572367181 4
1572367182 4
1572367183 4
1572367184 3
1572367185 3
1572367186 3
1572367187 3
1572367188 3
1572367189 3
1572367190 4
1572367191 5
1572367192 2
1572367193 2
1572367194 4
1572367195 4
1572367196 4
1572367197 4
1572367198 4
1572367199 3
1572367200 3
1572367201 2
1572367202 2
1572367203 2
1572367204 2
1572367205 2
1572367206 2
1572367207 2
1572367208 2
1572367209 2
1572367210 2
1572367211 2
1572367212 2
1572367213 2
1572367214 2
1572367215 2
1572367216 2
1572367217 2
1572367218 2
1572367219 2
1572367220 2
1572367221 2
1572367222 2
1572367223 2
1572367224 2
1572367225 2
1572367226 2
1572367227 2
1572367228 2
1572367229 2
1572367230 2
1572367231 2
1572367232 2
1572367233 2
1572367234 2
1572367235 3
1572367236 3
1572367237 3
1572367238 3
1572367239 3
1572367240 3
1572367241 3
1572367242 3
1572367243 3
1572367244 2
1572367245 2
1572367246 2
1572367247 2
1572367248 2
1572367249 2
1572367250 2
1572367251 3
1572367252 3
1572367253 4
1572367254 6
1572367255 6
1572367256 5
1572367257 4
1572367258 5
1572367259 5
1572367260 5
1572367261 4
1572367262 6
1572367263 6
1572367264 5
1572367265 5
1572367266 3
1572367267 3
1572367268 2
1572367269 2
1572367270 2
1572367271 3
1572367272 4
1572367273 4
1572367274 4
1572367275 4
1572367276 5
1572367277 4
1572367278 6
1572367279 5
1572367280 5
1572367281 5
1572367282 5
1572367283 4
1572367284 3
1572367285 2
1572367286 2
1572367287 2
1572367288 2
1572367289 2
1572367290 2
1572367291 2
1572367292 2
1572367293 2
1572367294 2
1572367295 2
1572367296 2
1572367297 2
1572367298 2
1572367299 2
1572367300 2
1572367301 2
1572367302 2
1572367303 2
1572367304 2
1572367305 2
1572367306 2
1572367307 2
1572367308 2
1572367309 2
1572367310 2
1572367311 4
1572367312 5
1572367313 4
1572367314 4
1572367315 5
1572367316 5
1572367317 4
1572367318 4
1572367319 5
1572367320 5
1572367321 5
1572367322 3
1572367323 1
1572367324 1
1572367325 3
1572367326 6
1572367327 9
1572367328 8
1572367329 11
1572367330 8
1572367331 10
1572367332 12
1572367333 9
1572367334 11
1572367335 10
1572367336 9
1572367337 8
1572367338 8
1572367339 6
1572367340 6
1572367341 7
1572367342 5
1572367343 4
1572367344 3
1572367346 1
1572367347 3
1572367348 3
1572367349 4
1572367350 4
1572367351 4
1572367352 4
1572367353 4
1572367354 3
1572367355 3
1572367356 3
1572367357 3
1572367358 3
1572367359 3
1572367360 4
1572367361 2
1572367362 3
1572367363 3
1572367364 4
1572367365 5
1572367366 6
1572367367 6
1572367368 5
1572367369 3
1572367370 2
1572367371 2
1572367372 2
1572367373 2
1572367374 2
1572367375 2
1572367376 2
1572367377 2
1572367378 2
1572367379 2
1572367380 2
1572367381 2
1572367382 2
1572367383 2
1572367384 2
1572367385 2
1572367386 2
1572367387 2
1572367388 2
1572367389 2
1572367390 2
1572367391 2
1572367392 2
1572367393 2
1572367394 2
1572367395 2
1572367396 2
1572367397 2
1572367398 2
1572367399 2
1572367400 2
1572367401 2
1572367402 2
1572367403 3
1572367404 3
1572367405 3
1572367406 3
1572367407 3
1572367408 3
1572367409 4
1572367410 3
1572367411 3
1572367412 4
1572367413 4
1572367414 4
1572367415 3
1572367416 3
1572367417 3
1572367418 2
1572367419 4
1572367420 3
1572367421 5
1572367422 6
1572367423 6
1572367424 5
1572367425 5
1572367426 5
1572367427 5
1572367428 3
1572367429 5
1572367430 6
1572367431 6
1572367432 7
1572367433 5
1572367434 3
1572367435 2
1572367436 2
1572367437 2
1572367438 2
1572367439 3
1572367440 4
1572367441 3
1572367442 4
1572367443 5
1572367444 6
1572367445 6
1572367446 5
1572367447 4
1572367448 4
1572367449 3
1572367450 2
1572367451 2
1572367452 2
1572367453 2
1572367454 2
1572367455 2
1572367456 2
1572367457 2
1572367458 2
1572367459 2
1572367460 2
1572367461 2
1572367462 2
1572367463 2
1572367464 2
1572367465 2
1572367466 2
1572367467 2
1572367468 2
1572367469 2
1572367470 2
1572367471 2
1572367472 2
1572367473 2
1572367474 2
1572367475 2
1572367476 2
1572367477 4
1572367478 5
1572367479 4
1572367480 4
1572367481 4
1572367482 4
1572367483 4
1572367484 4
1572367485 4
1572367486 4
1572367487 4
1572367488 2
1572367489 1
1572367490 2
1572367491 3
1572367492 6
1572367493 7
1572367494 6
1572367495 9
1572367496 8
1572367497 9
1572367498 9
1572367499 5
1572367500 8
1572367501 7
1572367502 8
1572367503 4
1572367504 4
1572367505 6
1572367506 6
1572367507 6
1572367508 5
1572367509 3
1572367510 3
1572367511 2
1572367513 1
1572367514 3
1572367515 3
1572367516 4
1572367517 5
1572367518 5
1572367519 4
1572367520 4
1572367521 4
1572367522 4
1572367523 4
1572367524 4
1572367525 4
1572367526 4
1572367527 4
1572367528 4
1572367529 4
1572367530 3
1572367531 2
1572367532 4
1572367533 3
1572367534 3
1572367535 2
1572367536 3
1572367537 3
1572367538 3
1572367539 4
1572367540 4
1572367541 4
1572367542 3
1572367543 2
1572367544 2
1572367545 2
1572367546 2
1572367547 2
1572367548 1
1572367549 2
1572367550 2
1572367551 1
1572367552 2
1572367553 2
1572367554 2
1572367555 2
1572367556 2
1572367557 2
1572367558 2
1572367559 2
1572367560 2
1572367561 2
1572367562 2
1572367563 2
1572367564 2
1572367565 2
1572367566 2
1572367567 2
1572367568 2
1572367569 2
1572367570 2
1572367571 2
1572367572 2
1572367573 2
1572367574 2
1572367575 2
1572367576 2
1572367577 2
1572367578 2
1572367579 2
1572367580 2
1572367581 2
1572367582 2
1572367583 2
1572367584 2
1572367585 2
1572367586 2
1572367587 3
1572367588 3
1572367589 3
1572367590 3
1572367591 3
1572367592 3
1572367593 3
1572367594 4
1572367595 4
1572367596 4
1572367597 4
1572367598 3
1572367599 2
1572367600 2
1572367601 4
1572367602 4
1572367603 5
1572367604 7
1572367605 5
1572367606 4
1572367607 5
1572367608 6
1572367609 4
1572367610 4
1572367611 5
1572367612 5
1572367613 5
1572367614 7
1572367615 4
1572367616 4
1572367617 2
1572367618 2
1572367619 2
1572367620 2
1572367621 4
1572367622 4
1572367623 4
1572367624 4
1572367625 4
1572367626 4
1572367627 3
1572367628 4
1572367629 3
1572367630 3
1572367631 3
1572367632 2
1572367633 2
1572367634 2
1572367635 2
1572367636 2
1572367637 2
1572367638 2
1572367639 2
1572367640 2
1572367641 2
1572367642 2
1572367643 2
1572367644 2
1572367645 2
1572367646 2
1572367647 2
1572367648 2
1572367649 2
1572367650 2
1572367651 2
1572367652 2
1572367653 2
1572367654 2
1572367655 2
1572367656 2
1572367657 2
1572367658 2
1572367659 2
1572367660 4
1572367661 4
1572367662 4
1572367663 4
1572367664 4
1572367665 4
1572367666 4
1572367667 4
1572367668 4
1572367669 4
1572367670 4
1572367671 2
1572367672 1
1572367673 2
1572367674 6
1572367675 7
1572367676 5
1572367677 8
1572367678 9
1572367679 7
1572367680 9
1572367681 9
1572367682 6
1572367683 7
1572367684 6
1572367685 7
1572367686 9
1572367687 3
1572367688 3
1572367689 5
1572367690 3
1572367691 4
1572367692 4
1572367693 5
1572367694 4
1572367695 3
1572367696 3
1572367697 2
1572367698 1
1572367699 1
1572367700 2
1572367701 4
1572367702 4
1572367703 4
1572367704 4
1572367705 4
1572367706 4
1572367707 4
1572367708 4
1572367709 4
1572367710 4
1572367711 4
1572367712 4
1572367713 4
1572367714 2
1572367715 2
1572367716 3
1572367717 4
1572367718 4
1572367719 4
1572367720 4
1572367721 4
1572367722 3
1572367723 2
1572367724 2
1572367725 2
1572367726 2
1572367727 2
1572367728 2
1572367729 2
1572367730 2
1572367731 2
1572367732 2
1572367733 2
1572367734 2
1572367735 2
1572367736 2
1572367737 2
1572367738 2
1572367739 2
1572367740 2
1572367741 2
1572367742 2
1572367743 2
1572367744 2
1572367745 2
1572367746 2
1572367747 2
1572367748 2
1572367749 2
1572367750 2
1572367751 1
1572367752 1
1572367753 1
1572367754 1
1572367755 1
1572367756 1
1572367757 2
1572367758 2
1572367759 2
1572367760 2
1572367761 2
1572367762 2
1572367763 3
1572367764 3
1572367765 3
1572367766 3
1572367767 4
1572367768 3
1572367769 3
1572367770 3
1572367771 3
1572367772 3
1572367773 4
1572367774 4
1572367775 3
1572367776 3
1572367777 2
1572367778 2
1572367779 4
1572367780 4
1572367781 5
1572367782 7
1572367783 7
1572367784 5
1572367785 6
1572367786 6
1572367787 5
1572367788 5
1572367789 6
1572367790 6
1572367791 6
1572367792 5
1572367793 4
1572367794 3
1572367795 3
1572367796 2
1572367797 2
1572367798 3
1572367799 4
1572367800 4
1572367801 3
1572367802 3
1572367803 4
1572367804 4
1572367805 4
1572367806 4
1572367807 4
1572367808 4
1572367809 4
1572367810 3
1572367811 2
1572367812 2
1572367813 2
1572367814 2
1572367815 2
1572367816 2
1572367817 2
1572367818 2
1572367819 2
1572367820 2
1572367821 2
1572367822 2
1572367823 2
1572367824 2
1572367825 2
1572367826 2
1572367827 2
1572367828 2
1572367829 2
1572367830 2
1572367831 2
1572367832 2
1572367833 2
1572367834 2
1572367835 2
1572367836 3
1572367837 6
1572367838 4
1572367839 4
1572367840 4
1572367841 4
1572367842 4
1572367843 4
1572367844 4
1572367845 5
1572367846 5
1572367847 5
1572367848 3
1572367849 2
1572367850 2
1572367851 3
1572367852 6
1572367853 7
1572367854 5
1572367855 6
1572367856 8
1572367857 8
1572367858 8
1572367859 5
1572367860 5
1572367861 9
1572367862 8
1572367863 7
1572367864 3
1572367865 4
1572367866 4
1572367867 4
1572367868 4
1572367869 4
1572367870 4
1572367871 3
1572367872 3
1572367873 3
1572367874 2
1572367876 1
1572367877 2
1572367878 3
1572367879 4
1572367880 4
1572367881 4
1572367882 4
1572367883 4
1572367884 4
1572367885 4
1572367886 4
1572367887 4
1572367888 4
1572367889 3
1572367890 3
1572367891 3
1572367892 3
1572367893 4
1572367894 4
1572367895 4
1572367896 4
1572367897 3
1572367898 3
1572367899 3
1572367900 2
1572367901 2
1572367902 2
1572367903 2
1572367904 2
1572367905 2
1572367906 2
1572367907 2
1572367908 2
1572367909 2
1572367910 2
1572367911 2
1572367912 2
1572367913 2
1572367914 2
1572367915 2
1572367916 2
1572367917 2
1572367918 2
1572367919 2
1572367920 2
1572367921 2
1572367922 2
1572367923 2
1572367924 2
1572367925 2
1572367926 2
1572367927 2
1572367928 2
1572367929 2
1572367930 2
1572367931 2
1572367932 2
1572367933 2
1572367934 3
1572367935 3
1572367936 3
1572367937 3
1572367938 3
1572367939 3
1572367940 3
1572367941 4
1572367942 4
1572367943 3
1572367944 3
1572367945 2
1572367946 2
1572367947 2
1572367948 4
1572367949 3
1572367950 4
1572367951 6
1572367952 5
1572367953 4
1572367954 5
1572367955 6
1572367956 5
1572367957 4
1572367958 5
1572367959 7
1572367960 5
1572367961 6
1572367962 3
1572367963 3
1572367964 3
1572367965 2
1572367966 2
1572367967 2
1572367968 3
1572367969 4
1572367970 4
1572367971 3
1572367972 3
1572367973 3
1572367974 4
1572367975 3
1572367976 3
1572367977 3
1572367978 3
1572367979 2
1572367980 2
1572367981 2
1572367982 2
1572367983 2
1572367984 2
1572367985 2
1572367986 2
1572367987 2
1572367988 2
1572367989 2
1572367990 2
1572367991 2
1572367992 2
1572367993 2
1572367994 2
1572367995 2
1572367996 2
1572367997 2
1572367998 2
1572367999 2
1572368000 2
1572368001 2
1572368002 2
1572368003 2
1572368004 2
1572368005 3
1572368006 6
1572368007 4
1572368008 4
1572368009 4
1572368010 4
1572368011 4
1572368012 4
1572368013 4
1572368014 4
1572368015 4
1572368016 4
1572368017 2
1572368018 1
1572368019 2
1572368020 4
1572368021 6
1572368022 6
1572368023 7
1572368024 9
1572368025 7
1572368026 8
1572368027 8
1572368028 7
1572368029 7
1572368030 6
1572368031 7
1572368032 5
1572368033 3
1572368034 4
1572368035 4
1572368036 6
1572368037 6
1572368038 6
1572368039 6
1572368040 6
1572368041 5
1572368042 3
1572368043 2
1572368044 1
1572368045 2
1572368046 6
1572368047 4
1572368048 4
1572368049 4
1572368050 4
1572368051 3
1572368052 3
1572368053 3
1572368054 3
1572368055 3
1572368056 3
1572368057 3
1572368058 3
1572368059 3
1572368060 4
1572368061 4
1572368062 4
1572368063 4
1572368064 4
1572368065 3
1572368066 3
1572368067 2
1572368068 2
1572368069 3
1572368070 2
1572368071 2
1572368072 2
1572368073 2
1572368074 2
1572368075 2
1572368076 2
1572368077 2
1572368078 2
1572368079 2
1572368080 2
1572368081 2
1572368082 2
1572368083 2
1572368084 2
1572368085 2
1572368086 2
1572368087 2
1572368088 2
1572368089 1
1572368090 1
1572368091 2
1572368092 2
1572368093 2
1572368094 2
1572368095 2
1572368096 2
1572368097 2
1572368098 2
1572368099 2
1572368100 2
1572368101 2
1572368102 3
1572368103 3
1572368104 3
1572368105 3
1572368106 3
1572368107 3
1572368108 3
1572368109 4
1572368110 3
1572368111 3
1572368112 4
1572368113 3
1572368114 2
1572368115 2
1572368116 3
1572368117 3
1572368118 4
1572368119 5
1572368120 6
1572368121 5
1572368122 5
1572368123 5
1572368124 5
1572368125 6
1572368126 4
1572368127 5
1572368128 6
1572368129 6
1572368130 7
1572368131 3
1572368132 3
1572368133 2
1572368134 2
1572368135 2
1572368136 2
1572368137 3
1572368138 3
1572368139 3
1572368140 4
1572368141 4
1572368142 4
1572368143 4
1572368144 4
1572368145 4
1572368146 4
1572368147 3
1572368148 2
1572368149 2
1572368150 2
1572368151 2
1572368152 2
1572368153 2
1572368154 2
1572368155 2
1572368156 2
1572368157 2
1572368158 2
1572368159 2
1572368160 2
1572368161 2
1572368162 2
1572368163 2
1572368164 2
1572368165 2
1572368166 2
1572368167 2
1572368168 2
1572368169 2
1572368170 2
1572368171 2
1572368172 2
1572368173 2
1572368174 3
1572368175 4
1572368176 5
1572368177 4
1572368178 4
1572368179 4
1572368180 4
1572368181 4
1572368182 5
1572368183 5
1572368184 5
1572368185 4
1572368186 2
1572368187 1
1572368188 2
1572368189 3
1572368190 7
1572368191 7
1572368192 5
1572368193 8
1572368194 6
1572368195 10
1572368196 9
1572368197 6
1572368198 6
1572368199 8
1572368200 7
1572368201 6
1572368202 4
1572368203 2
1572368204 2
1572368205 3
1572368206 3
1572368207 5
1572368208 4
1572368209 3
1572368211 1
1572368212 2
1572368213 3
1572368214 2
1572368215 4
1572368216 5
1572368217 6
1572368218 3
1572368219 3
1572368220 5
1572368221 4
1572368222 5
1572368223 4
1572368224 3
1572368225 3
1572368226 3
1572368227 4
1572368228 4
1572368229 4
1572368230 4
1572368231 4
1572368232 3
1572368233 2
1572368234 2
1572368235 3
1572368236 2
1572368237 2
1572368238 2
1572368239 2
1572368240 2
1572368241 2
1572368242 2
1572368243 2
1572368244 2
1572368245 2
1572368246 2
1572368247 2
1572368248 2
1572368249 2
1572368250 2
1572368251 2
1572368252 2
1572368253 2
1572368254 2
1572368255 2
1572368256 2
1572368257 2
1572368258 2
1572368259 2
1572368260 2
1572368261 2
1572368262 2
1572368263 2
1572368264 2
1572368265 2
1572368266 2
1572368267 2
1572368268 3
1572368269 3
1572368270 3
1572368271 3
1572368272 3
1572368273 3
1572368274 3
1572368275 3
1572368276 3
1572368277 2
1572368278 2
1572368279 2
1572368280 2
1572368281 2
1572368282 2
1572368283 4
1572368284 4
1572368285 5
1572368286 6
1572368287 6
1572368288 5
1572368289 6
1572368290 5
1572368291 5
1572368292 3
1572368293 5
1572368294 6
1572368295 4
1572368296 5
1572368297 4
1572368298 3
1572368299 2
1572368300 2
1572368301 2
1572368302 2
1572368303 4
1572368304 4
1572368305 4
1572368306 4
1572368307 4
1572368308 4
1572368309 4
1572368310 5
1572368311 5
1572368312 4
1572368313 2
1572368314 2
1572368315 2
1572368316 2
1572368317 2
1572368318 2
1572368319 2
1572368320 2
1572368321 2
1572368322 2
1572368323 2
1572368324 2
1572368325 2
1572368326 2
1572368327 2
1572368328 2
1572368329 2
1572368330 2
1572368331 2
1572368332 2
1572368333 2
1572368334 2
1572368335 2
1572368336 2
1572368337 2
1572368338 2
1572368339 2
1572368340 2
1572368341 4
1572368342 5
1572368343 4
1572368344 4
1572368345 4
1572368346 4
1572368347 4
1572368348 4
1572368349 4
1572368350 4
1572368351 4
1572368352 4
1572368353 1
1572368354 1
1572368355 3
1572368356 6
1572368357 7
1572368358 9
1572368359 5
1572368360 12
1572368361 8
1572368362 11
1572368363 9
1572368364 10
1572368365 9
1572368366 8
1572368367 5
1572368368 5
1572368369 4
1572368370 3
1572368371 6
1572368372 3
1572368373 3
1572368374 2
1572368376 1
1572368377 3
1572368378 3
1572368379 4
1572368380 4
1572368381 4
1572368382 4
1572368383 4
1572368384 4
1572368385 4
1572368386 5
1572368387 5
1572368388 4
1572368389 3
1572368390 3
1572368391 2
1572368392 3
1572368393 4
1572368394 4
1572368395 4
1572368396 4
1572368397 4
1572368398 2
1572368399 2
1572368400 2
1572368401 2
1572368402 2
1572368403 2
1572368404 2
1572368405 2
1572368406 2
1572368407 2
1572368408 2
1572368409 2
1572368410 2
1572368411 2
1572368412 2
1572368413 2
1572368414 2
1572368415 2
1572368416 2
1572368417 2
1572368418 2
1572368419 2
1572368420 2
1572368421 2
1572368422 2
1572368423 2
1572368424 2
1572368425 2
1572368426 2
1572368427 2
1572368428 2
1572368429 2
1572368430 2
1572368431 2
1572368432 2
1572368433 2
1572368434 3
1572368435 3
1572368436 3
1572368437 3
1572368438 3
1572368439 3
1572368440 4
1572368441 4
1572368442 4
1572368443 4
1572368444 3
1572368445 3
1572368446 2
1572368447 2
1572368448 3
1572368449 3
1572368450 4
1572368451 6
1572368452 6
1572368453 5
1572368454 4
1572368455 5
1572368456 5
1572368457 4
1572368458 3
1572368459 7
1572368460 5
1572368461 6
1572368462 5
1572368463 4
1572368464 3
1572368465 2
1572368466 2
1572368467 2
1572368468 3
1572368469 4
1572368470 3
1572368471 5
1572368472 4
1572368473 6
1572368474 4
1572368475 5
1572368476 5
1572368477 5
1572368478 4
1572368479 2
1572368480 2
1572368481 2
1572368482 2
1572368483 2
1572368484 2
1572368485 2
1572368486 2
1572368487 2
1572368488 2
1572368489 2
1572368490 2
1572368491 2
1572368492 2
1572368493 2
1572368494 2
1572368495 2
1572368496 2
1572368497 2
1572368498 2
1572368499 2
1572368500 2
1572368501 2
1572368502 2
1572368503 2
1572368504 2
1572368505 2
1572368506 3
1572368507 4
1572368508 5
1572368509 4
1572368510 4
1572368511 4
1572368512 4
1572368513 4
1572368514 4
1572368515 4
1572368516 4
1572368517 3
1572368518 2
1572368519 2
1572368520 3
1572368521 7
1572368522 7
1572368523 5
1572368524 10
1572368525 10
1572368526 8
1572368527 10
1572368528 8
1572368529 9
1572368530 8
1572368531 8
1572368532 7
1572368533 3
1572368534 3
1572368535 4
1572368536 5
1572368537 4
1572368538 5
1572368539 6
1572368540 6
1572368541 5
1572368542 5
1572368543 5
1572368544 3
1572368545 3
1572368546 3
1572368547 3
