1575112376 2
1575112377 2
1575112378 2
1575112379 2
1575112380 2
1575112381 2
1575112382 3
1575112383 3
1575112384 3
1575112385 3
1575112386 3
1575112387 3
1575112388 3
1575112389 3
1575112390 3
1575112391 3
1575112392 3
1575112393 3
1575112394 3
1575112395 3
1575112396 3
1575112397 3
1575112398 3
1575112399 3
1575112400 3
1575112401 3
1575112402 3
1575112403 3
1575112404 3
1575112405 3
1575112406 3
1575112407 3
1575112408 3
1575112409 3
1575112410 3
1575112411 3
1575112412 3
1575112413 3
1575112414 3
1575112415 3
1575112416 3
1575112417 3
1575112418 3
1575112419 3
1575112420 3
1575112421 3
1575112422 3
1575112423 3
1575112424 3
1575112425 3
1575112426 3
1575112427 3
1575112428 3
1575112429 3
1575112430 3
1575112431 3
1575112432 3
1575112433 3
1575112434 3
1575112435 3
1575112436 3
1575112437 3
1575112438 3
1575112439 3
1575112440 3
1575112441 3
1575112442 3
1575112443 3
1575112444 3
1575112445 3
1575112446 3
1575112447 3
1575112448 3
1575112449 3
1575112450 3
1575112451 3
1575112452 3
1575112453 3
1575112454 3
1575112455 3
1575112456 3
1575112457 3
1575112458 3
1575112459 3
1575112460 3
1575112461 3
1575112462 3
1575112463 3
1575112464 3
1575112465 3
1575112466 3
1575112467 3
1575112468 3
1575112469 3
1575112470 3
1575112471 3
1575112472 3
1575112473 3
1575112474 3
1575112475 3
1575112476 3
1575112477 3
1575112478 3
1575112479 3
1575112480 3
1575112481 3
1575112482 3
1575112483 3
1575112484 3
1575112485 3
1575112486 3
1575112487 3
1575112488 3
1575112489 3
1575112490 3
1575112491 3
1575112492 3
1575112493 3
1575112494 3
1575112495 3
1575112496 3
1575112497 3
1575112498 3
1575112499 3
1575112500 3
1575112501 3
1575112502 3
1575112503 3
1575112504 3
1575112505 3
1575112506 3
1575112507 3
1575112508 3
1575112509 3
1575112510 3
1575112511 3
1575112512 3
1575112513 3
1575112514 3
1575112515 3
1575112516 3
1575112517 3
1575112518 3
1575112519 3
1575112520 3
1575112521 3
1575112522 3
1575112523 3
1575112524 3
1575112525 3
1575112526 3
1575112527 3
1575112528 3
1575112529 3
1575112530 3
1575112531 3
1575112532 3
1575112533 3
1575112534 3
1575112535 3
1575112536 3
1575112537 3
1575112538 3
1575112539 3
1575112540 3
1575112541 3
1575112542 3
1575112543 3
1575112544 3
1575112545 3
1575112546 3
1575112547 3
1575112548 3
1575112549 3
1575112550 3
1575112551 3
1575112552 3
1575112553 3
1575112554 3
1575112555 3
1575112556 3
1575112557 3
1575112558 3
1575112559 3
1575112560 3
1575112561 3
1575112562 3
1575112563 3
1575112564 3
1575112565 3
1575112566 3
1575112567 3
1575112568 3
1575112569 3
1575112570 3
1575112571 3
1575112572 3
1575112573 2
1575112574 2
1575112575 2
1575112576 2
1575112577 2
1575112578 2
1575112579 2
1575112580 2
1575112581 2
1575112582 3
1575112583 3
1575112584 3
1575112585 3
1575112586 3
1575112587 3
1575112588 3
1575112589 3
1575112590 3
1575112591 3
1575112592 3
1575112593 3
1575112594 3
1575112595 3
1575112596 3
1575112597 3
1575112598 3
1575112599 3
1575112600 3
1575112601 3
1575112602 3
1575112603 3
1575112604 3
1575112605 3
1575112606 3
1575112607 3
1575112608 3
1575112609 3
1575112610 3
1575112611 3
1575112612 3
1575112613 3
1575112614 3
1575112615 3
1575112616 3
1575112617 3
1575112618 3
1575112619 3
1575112620 3
1575112621 3
1575112622 3
1575112623 3
1575112624 3
1575112625 3
1575112626 3
1575112627 3
1575112628 3
1575112629 3
1575112630 3
1575112631 3
1575112632 3
1575112633 3
1575112634 3
1575112635 3
1575112636 3
1575112637 3
1575112638 3
1575112639 3
1575112640 3
1575112641 3
1575112642 3
1575112643 3
1575112644 3
1575112645 3
1575112646 3
1575112647 3
1575112648 3
1575112649 3
1575112650 3
1575112651 3
1575112652 2
1575112653 2
1575112654 2
1575112655 2
1575112656 2
1575112657 2
1575112658 2
1575112659 3
1575112660 3
1575112661 3
1575112662 3
1575112663 3
1575112664 3
1575112665 3
1575112666 3
1575112667 3
1575112668 3
1575112669 3
1575112670 3
1575112671 3
1575112672 3
1575112673 3
1575112674 3
1575112675 3
1575112676 3
1575112677 3
1575112678 3
1575112679 2
1575112680 2
1575112681 2
1575112682 2
1575112683 2
1575112684 2
1575112685 2
1575112686 2
1575112687 2
1575112688 3
1575112689 3
1575112690 3
1575112691 3
1575112692 3
1575112693 3
1575112694 3
1575112695 2
1575112696 1
1575112697 1
1575112698 1
1575112699 1
1575112700 1
1575112701 2
1575112702 2
1575112703 2
1575112704 2
1575112705 2
1575112706 2
1575112707 2
1575112708 2
1575112709 2
1575112710 2
1575112711 2
1575112712 2
1575112713 1
1575112714 1
1575112715 2
1575112716 2
1575112717 2
1575112718 2
1575112719 2
1575112720 3
1575112721 3
1575112722 3
1575112723 3
1575112724 3
1575112725 3
1575112726 3
1575112727 3
1575112728 3
1575112729 2
1575112730 3
1575112731 2
1575112732 2
1575112733 2
1575112734 2
1575112735 2
1575112736 2
1575112737 2
1575112738 2
1575112739 2
1575112740 2
1575112741 2
1575112742 2
1575112743 2
1575112744 2
1575112745 2
1575112746 2
1575112747 2
1575112748 2
1575112749 2
1575112750 2
1575112751 2
1575112752 2
1575112753 2
1575112754 2
1575112755 2
1575112756 2
1575112757 2
1575112758 2
1575112759 2
1575112760 2
1575112761 2
1575112762 2
1575112763 2
1575112764 2
1575112765 2
1575112766 2
1575112767 2
1575112768 2
1575112769 2
1575112770 2
1575112771 2
1575112772 2
1575112773 2
1575112774 2
1575112775 2
1575112776 3
1575112777 4
1575112778 4
1575112779 4
1575112780 4
1575112781 3
1575112782 3
1575112783 2
1575112784 3
1575112785 2
1575112786 2
1575112787 2
1575112788 2
1575112789 2
1575112790 2
1575112791 2
1575112792 2
1575112793 2
1575112794 2
1575112795 2
1575112796 2
1575112797 2
1575112798 2
1575112799 2
1575112800 2
1575112801 2
1575112802 2
1575112803 2
1575112804 2
1575112805 2
1575112806 2
1575112807 2
1575112808 2
1575112809 2
1575112810 2
1575112811 2
1575112812 2
1575112813 2
1575112814 3
1575112815 3
1575112816 3
1575112817 3
1575112818 3
1575112819 3
1575112820 3
1575112821 3
1575112822 3
1575112823 3
1575112824 2
1575112825 2
1575112826 2
1575112827 3
1575112828 4
1575112829 5
1575112830 7
1575112831 6
1575112832 5
1575112833 5
1575112834 5
1575112835 6
1575112836 3
1575112837 5
1575112838 7
1575112839 6
1575112840 6
1575112841 4
1575112842 4
1575112843 3
1575112844 3
1575112845 3
1575112846 3
1575112847 3
1575112848 4
1575112849 3
1575112850 3
1575112851 3
1575112852 3
1575112853 3
1575112854 3
1575112855 3
1575112856 3
1575112857 2
1575112858 2
1575112859 2
1575112860 3
1575112861 2
1575112862 2
1575112863 2
1575112864 2
1575112865 2
1575112866 2
1575112867 2
1575112868 2
1575112869 2
1575112870 2
1575112871 2
1575112872 2
1575112873 2
1575112874 2
1575112875 2
1575112876 2
1575112877 2
1575112878 2
1575112879 2
1575112880 2
1575112881 2
1575112882 5
1575112883 4
1575112884 5
1575112885 6
1575112886 5
1575112887 5
1575112888 5
1575112889 6
1575112890 6
1575112891 6
1575112892 4
1575112893 2
1575112894 1
1575112895 1
1575112896 2
1575112897 3
1575112898 6
1575112899 5
1575112900 4
1575112901 5
1575112902 4
1575112903 5
1575112904 7
1575112905 8
1575112906 6
1575112907 9
1575112908 6
1575112909 5
1575112910 7
1575112911 7
1575112912 7
1575112913 8
1575112914 7
1575112915 5
1575112916 3
1575112918 1
1575112919 3
1575112920 5
1575112921 4
1575112922 4
1575112923 4
1575112924 4
1575112925 4
1575112926 4
1575112927 4
1575112928 4
1575112929 4
1575112930 4
1575112931 3
1575112932 2
1575112933 2
1575112934 4
1575112935 4
1575112936 4
1575112937 4
1575112938 4
1575112939 4
1575112940 4
1575112941 4
1575112942 4
1575112943 2
1575112944 2
1575112945 2
1575112946 2
1575112947 2
1575112948 2
1575112949 2
1575112950 2
1575112951 2
1575112952 2
1575112953 2
1575112954 2
1575112955 2
1575112956 2
1575112957 2
1575112958 2
1575112959 2
1575112960 2
1575112961 2
1575112962 2
1575112963 2
1575112964 2
1575112965 2
1575112966 2
1575112967 2
1575112968 2
1575112969 2
1575112970 2
1575112971 2
1575112972 2
1575112973 2
1575112974 2
1575112975 3
1575112976 4
1575112977 4
1575112978 5
1575112979 4
1575112980 4
1575112981 4
1575112982 4
1575112983 4
1575112984 4
1575112985 3
1575112986 2
1575112987 2
1575112988 4
1575112989 4
1575112990 5
1575112991 7
1575112992 6
1575112993 5
1575112994 5
1575112995 5
1575112996 5
1575112997 3
1575112998 6
1575112999 7
1575113000 5
1575113001 5
1575113002 4
1575113003 3
1575113004 2
1575113005 2
1575113006 2
1575113007 3
1575113008 4
1575113009 4
1575113010 5
1575113011 5
1575113012 5
1575113013 4
1575113014 4
1575113015 4
1575113016 5
1575113017 3
1575113018 3
1575113019 2
1575113020 2
1575113021 2
1575113022 2
1575113023 2
1575113024 2
1575113025 2
1575113026 2
1575113027 2
1575113028 2
1575113029 2
1575113030 2
1575113031 2
1575113032 2
1575113033 2
1575113034 2
1575113035 2
1575113036 2
1575113037 2
1575113038 2
1575113039 2
1575113040 2
1575113041 2
1575113042 2
1575113043 2
1575113044 2
1575113045 2
1575113046 3
1575113047 4
1575113048 4
1575113049 6
1575113050 6
1575113051 6
1575113052 5
1575113053 6
1575113054 6
1575113055 6
1575113056 6
1575113057 5
1575113058 1
1575113059 2
1575113060 2
1575113061 4
1575113062 5
1575113063 5
1575113064 8
1575113065 6
1575113066 8
1575113067 6
1575113068 9
1575113069 6
1575113070 8
1575113071 9
1575113072 11
1575113073 6
1575113074 4
1575113075 6
1575113076 6
1575113077 7
1575113078 8
1575113079 7
1575113080 5
1575113081 3
1575113083 1
1575113084 2
1575113085 4
1575113086 4
1575113087 4
1575113088 4
1575113089 4
1575113090 3
1575113091 3
1575113092 3
1575113093 3
1575113094 3
1575113095 3
1575113096 3
1575113097 3
1575113098 3
1575113099 4
1575113100 5
1575113101 4
1575113102 4
1575113103 3
1575113104 3
1575113105 2
1575113106 2
1575113107 2
1575113108 2
1575113109 2
1575113110 2
1575113111 2
1575113112 2
1575113113 2
1575113114 2
1575113115 2
1575113116 2
1575113117 2
1575113118 2
1575113119 2
1575113120 2
1575113121 2
1575113122 2
1575113123 2
1575113124 2
1575113125 2
1575113126 2
1575113127 2
1575113128 2
1575113129 2
1575113130 2
1575113131 2
1575113132 2
1575113133 2
1575113134 2
1575113135 2
1575113136 2
1575113137 3
1575113138 3
1575113139 3
1575113140 4
1575113141 4
1575113142 3
1575113143 3
1575113144 3
1575113145 3
1575113146 3
1575113147 3
1575113148 3
1575113149 2
1575113150 2
1575113151 5
1575113152 5
1575113153 5
1575113154 7
1575113155 7
1575113156 5
1575113157 5
1575113158 5
1575113159 4
1575113160 7
1575113161 8
1575113162 5
1575113163 6
1575113164 4
1575113165 3
1575113166 2
1575113167 2
1575113168 3
1575113169 4
1575113170 3
1575113171 3
1575113172 3
1575113173 3
1575113174 3
1575113175 3
1575113176 3
1575113177 3
1575113178 3
1575113179 2
1575113180 2
1575113181 2
1575113182 2
1575113183 2
1575113184 2
1575113185 2
1575113186 2
1575113187 2
1575113188 2
1575113189 2
1575113190 2
1575113191 2
1575113192 2
1575113193 2
1575113194 2
1575113195 2
1575113196 2
1575113197 2
1575113198 2
1575113199 2
1575113200 2
1575113201 2
1575113202 2
1575113203 2
1575113204 4
1575113205 4
1575113206 4
1575113207 5
1575113208 5
1575113209 5
1575113210 5
1575113211 5
1575113212 5
1575113213 5
1575113214 5
1575113215 2
1575113216 2
1575113217 2
1575113218 3
1575113219 5
1575113220 7
1575113221 8
1575113222 10
1575113223 8
1575113224 6
1575113225 5
1575113226 7
1575113227 5
1575113228 8
1575113229 9
1575113230 6
1575113231 6
1575113232 5
1575113233 5
1575113234 8
1575113235 7
1575113236 6
1575113237 4
1575113238 4
1575113239 4
1575113240 2
1575113241 1
1575113242 2
1575113243 3
1575113244 4
1575113245 4
1575113246 4
1575113247 4
1575113248 4
1575113249 4
1575113250 4
1575113251 3
1575113252 3
1575113253 3
1575113254 3
1575113255 3
1575113256 3
1575113257 3
1575113258 3
1575113259 3
1575113260 4
1575113261 4
1575113262 4
1575113263 4
1575113264 3
1575113265 3
1575113266 2
1575113267 3
1575113268 2
1575113269 2
1575113270 2
1575113271 2
1575113272 2
1575113273 2
1575113274 2
1575113275 2
1575113276 2
1575113277 2
1575113278 2
1575113279 2
1575113280 2
1575113281 2
1575113282 2
1575113283 2
1575113284 2
1575113285 2
1575113286 2
1575113287 2
1575113288 2
1575113289 2
1575113290 2
1575113291 2
1575113292 2
1575113293 2
1575113294 2
1575113295 2
1575113296 3
1575113297 3
1575113298 3
1575113299 3
1575113300 3
1575113301 3
1575113302 3
1575113303 3
1575113304 3
1575113305 3
1575113306 3
1575113307 3
1575113308 2
1575113309 2
1575113310 2
1575113311 3
1575113312 4
1575113313 4
1575113314 6
1575113315 6
1575113316 5
1575113317 5
1575113318 5
1575113319 6
1575113320 4
1575113321 5
1575113322 7
1575113323 6
1575113324 7
1575113325 5
1575113326 4
1575113327 3
1575113328 3
1575113329 3
1575113330 3
1575113331 3
1575113332 4
1575113333 4
1575113334 3
1575113335 3
1575113336 3
1575113337 3
1575113338 3
1575113339 3
1575113340 3
1575113341 3
1575113342 2
1575113343 2
1575113344 2
1575113345 2
1575113346 2
1575113347 2
1575113348 2
1575113349 2
1575113350 2
1575113351 2
1575113352 2
1575113353 2
1575113354 2
1575113355 2
1575113356 2
1575113357 2
1575113358 2
1575113359 2
1575113360 2
1575113361 2
1575113362 2
1575113363 2
1575113364 2
1575113365 2
1575113366 2
1575113367 4
1575113368 4
1575113369 6
1575113370 6
1575113371 5
1575113372 5
1575113373 6
1575113374 6
1575113375 5
1575113376 5
1575113377 4
1575113378 4
1575113379 1
1575113380 1
1575113381 2
1575113382 3
1575113383 5
1575113384 6
1575113385 8
1575113386 9
1575113387 7
1575113388 9
1575113389 9
1575113390 8
1575113391 6
1575113392 8
1575113393 6
1575113394 7
1575113395 6
1575113396 7
1575113397 6
1575113398 4
1575113399 3
1575113400 1
1575113401 2
1575113402 3
1575113403 4
1575113404 4
1575113405 4
1575113406 4
1575113407 4
1575113408 4
1575113409 4
1575113410 4
1575113411 4
1575113412 4
1575113413 4
1575113414 2
1575113415 2
1575113416 3
1575113417 5
1575113418 5
1575113419 4
1575113420 4
1575113421 4
1575113422 4
1575113423 3
1575113424 2
1575113425 2
1575113426 2
1575113427 2
1575113428 2
1575113429 2
1575113430 2
1575113431 2
1575113432 2
1575113433 2
1575113434 2
1575113435 2
1575113436 2
1575113437 2
1575113438 2
1575113439 2
1575113440 2
1575113441 2
1575113442 2
1575113443 2
1575113444 2
1575113445 2
1575113446 2
1575113447 2
1575113448 2
1575113449 2
1575113450 2
1575113451 2
1575113452 2
1575113453 2
1575113454 2
1575113455 3
1575113456 3
1575113457 3
1575113458 3
1575113459 3
1575113460 3
1575113461 3
1575113462 3
1575113463 3
1575113464 3
1575113465 3
1575113466 3
1575113467 2
1575113468 2
1575113469 3
1575113470 4
1575113471 4
1575113472 4
1575113473 6
1575113474 5
1575113475 4
1575113476 5
1575113477 5
1575113478 5
1575113479 4
1575113480 4
1575113481 6
1575113482 6
1575113483 7
1575113484 5
1575113485 3
1575113486 3
1575113487 3
1575113488 2
1575113489 4
1575113490 4
1575113491 4
1575113492 4
1575113493 3
1575113494 3
1575113495 3
1575113496 3
1575113497 3
1575113498 4
1575113499 2
1575113500 2
1575113501 2
1575113502 2
1575113503 2
1575113504 2
1575113505 2
1575113506 2
1575113507 2
1575113508 2
1575113509 2
1575113510 2
1575113511 2
1575113512 2
1575113513 2
1575113514 2
1575113515 2
1575113516 2
1575113517 2
1575113518 2
1575113519 2
1575113520 2
1575113521 2
1575113522 2
1575113523 2
1575113524 2
1575113525 4
1575113526 4
1575113527 5
1575113528 5
1575113529 6
1575113530 5
1575113531 5
1575113532 5
1575113533 5
1575113534 5
1575113535 5
1575113536 2
1575113537 2
1575113538 1
1575113539 2
1575113540 3
1575113541 6
1575113542 5
1575113543 8
1575113544 10
1575113545 11
1575113546 13
1575113547 9
1575113548 8
1575113549 9
1575113550 8
1575113551 9
1575113552 7
1575113553 8
1575113554 7
1575113555 8
1575113556 9
1575113557 6
1575113558 5
1575113559 5
1575113560 3
1575113561 2
1575113562 3
1575113563 3
1575113564 4
1575113565 4
1575113566 4
1575113567 4
1575113568 3
1575113569 3
1575113570 3
1575113571 3
1575113572 3
1575113573 3
1575113574 3
1575113575 3
1575113576 3
1575113577 4
1575113578 4
1575113579 4
1575113580 4
1575113581 3
1575113582 3
1575113583 3
1575113584 2
1575113585 2
1575113586 2
1575113587 2
1575113588 2
1575113589 2
1575113590 2
1575113591 2
1575113592 2
1575113593 2
1575113594 2
1575113595 2
1575113596 2
1575113597 2
1575113598 2
1575113599 2
1575113600 2
1575113601 2
1575113602 2
1575113603 2
1575113604 2
1575113605 2
1575113606 2
1575113607 2
1575113608 2
1575113609 2
1575113610 2
1575113611 2
1575113612 2
1575113613 2
1575113614 2
1575113615 3
1575113616 3
1575113617 3
1575113618 3
1575113619 3
1575113620 3
1575113621 3
1575113622 3
1575113623 3
1575113624 3
1575113625 3
1575113626 2
1575113627 2
1575113628 2
1575113629 5
1575113630 4
1575113631 5
1575113632 6
1575113633 5
1575113634 6
1575113635 5
1575113636 6
1575113637 5
1575113638 4
1575113639 6
1575113640 7
1575113641 9
1575113642 5
1575113643 4
1575113644 4
1575113645 3
1575113646 2
1575113647 4
1575113648 4
1575113649 3
1575113650 4
1575113651 4
1575113652 4
1575113653 4
1575113654 3
1575113655 3
1575113656 3
1575113657 3
1575113658 3
1575113659 2
1575113660 2
1575113661 2
1575113662 2
1575113663 2
1575113664 2
1575113665 2
1575113666 2
1575113667 2
1575113668 2
1575113669 2
1575113670 2
1575113671 2
1575113672 2
1575113673 2
1575113674 2
1575113675 2
1575113676 2
1575113677 2
1575113678 2
1575113679 2
1575113680 2
1575113681 2
1575113682 2
1575113683 2
1575113684 6
1575113685 4
1575113686 5
1575113687 5
1575113688 5
1575113689 5
1575113690 5
1575113691 5
1575113692 5
1575113693 5
1575113694 4
1575113695 2
1575113696 1
1575113697 2
1575113698 3
1575113699 3
1575113700 4
1575113701 4
1575113702 3
1575113703 6
1575113704 7
1575113705 9
1575113706 10
1575113707 6
1575113708 8
1575113709 8
1575113710 10
1575113711 9
1575113712 9
1575113713 7
1575113714 5
1575113715 5
1575113716 4
1575113718 2
1575113719 3
1575113720 3
1575113721 4
1575113722 4
1575113723 4
1575113724 4
1575113725 4
1575113726 4
1575113727 4
1575113728 4
1575113729 4
1575113730 4
1575113731 3
1575113732 3
1575113733 3
1575113734 4
1575113735 4
1575113736 4
1575113737 4
1575113738 4
1575113739 3
1575113740 2
1575113741 2
1575113742 2
1575113743 2
1575113744 2
1575113745 2
1575113746 2
1575113747 2
1575113748 2
1575113749 2
1575113750 2
1575113751 2
1575113752 2
1575113753 2
1575113754 2
1575113755 2
1575113756 2
1575113757 2
1575113758 2
1575113759 2
1575113760 2
1575113761 2
1575113762 2
1575113763 2
1575113764 2
1575113765 2
1575113766 2
1575113767 2
1575113768 2
1575113769 2
1575113770 2
1575113771 2
1575113772 3
1575113773 3
1575113774 3
1575113775 3
1575113776 3
1575113777 3
1575113778 3
1575113779 3
1575113780 3
1575113781 3
1575113782 2
1575113783 2
1575113784 2
1575113785 2
1575113786 4
1575113787 4
1575113788 4
1575113789 6
1575113790 6
1575113791 5
1575113792 5
1575113793 5
1575113794 5
1575113795 4
1575113796 6
1575113797 7
1575113798 6
1575113799 7
1575113800 5
1575113801 6
1575113802 3
1575113803 3
1575113804 2
1575113805 3
1575113806 3
1575113807 4
1575113808 3
1575113809 3
1575113810 3
1575113811 3
1575113812 3
1575113813 3
1575113814 3
1575113815 3
1575113816 2
1575113817 2
1575113818 2
1575113819 2
1575113820 2
1575113821 2
1575113822 2
1575113823 2
1575113824 2
1575113825 2
1575113826 2
1575113827 2
1575113828 2
1575113829 2
1575113830 2
1575113831 2
1575113832 2
1575113833 2
1575113834 2
1575113835 2
1575113836 2
1575113837 2
1575113838 2
1575113839 2
1575113840 2
1575113841 6
1575113842 5
1575113843 5
1575113844 6
1575113845 6
1575113846 6
1575113847 6
1575113848 6
1575113849 6
1575113850 6
1575113851 4
1575113852 2
1575113853 1
1575113854 1
1575113855 3
1575113856 5
1575113857 6
1575113858 8
1575113859 10
1575113860 10
1575113861 11
1575113862 11
1575113863 9
1575113864 9
1575113865 9
1575113866 10
1575113867 8
1575113868 7
1575113869 6
1575113870 7
1575113871 5
1575113872 4
1575113873 2
1575113874 1
1575113875 1
1575113876 2
1575113877 4
1575113878 4
1575113879 4
1575113880 4
1575113881 4
1575113882 4
1575113883 3
1575113884 3
1575113885 3
1575113886 3
1575113887 3
1575113888 3
1575113889 3
1575113890 3
1575113891 3
1575113892 4
1575113893 5
1575113894 4
1575113895 4
1575113896 3
1575113897 3
1575113898 3
1575113899 2
1575113900 2
1575113901 2
1575113902 2
1575113903 2
1575113904 2
1575113905 2
1575113906 2
1575113907 2
1575113908 2
1575113909 2
1575113910 2
1575113911 2
1575113912 2
1575113913 2
1575113914 2
1575113915 2
1575113916 2
1575113917 2
1575113918 2
1575113919 2
1575113920 2
1575113921 2
1575113922 2
1575113923 2
1575113924 2
1575113925 2
1575113926 2
1575113927 2
1575113928 2
1575113929 2
1575113930 3
1575113931 3
1575113932 3
1575113933 3
1575113934 3
1575113935 3
1575113936 3
1575113937 3
1575113938 3
1575113939 3
1575113940 3
1575113941 3
1575113942 3
1575113943 2
1575113944 2
1575113945 4
1575113946 3
1575113947 4
1575113948 7
1575113949 6
1575113950 5
1575113951 5
1575113952 5
1575113953 5
1575113954 5
1575113955 7
1575113956 6
1575113957 8
1575113958 5
1575113959 4
1575113960 3
1575113961 2
1575113962 2
1575113963 3
1575113964 3
1575113965 3
1575113966 3
1575113967 3
1575113968 3
1575113969 3
1575113970 3
1575113971 3
1575113972 4
1575113973 2
1575113974 2
1575113975 2
1575113976 2
1575113977 2
1575113978 2
1575113979 2
1575113980 2
1575113981 2
1575113982 2
1575113983 2
1575113984 2
1575113985 2
1575113986 2
1575113987 2
1575113988 2
1575113989 2
1575113990 2
1575113991 2
1575113992 2
1575113993 2
1575113994 2
1575113995 2
1575113996 2
1575113997 2
1575113998 2
1575113999 4
1575114000 4
1575114001 5
1575114002 5
1575114003 5
1575114004 5
1575114005 5
1575114006 5
1575114007 6
1575114008 6
1575114009 6
1575114010 3
1575114011 2
1575114012 2
1575114013 2
1575114014 5
1575114015 6
1575114016 10
1575114017 12
1575114018 10
1575114019 11
1575114020 9
1575114021 9
1575114022 10
1575114023 9
1575114024 10
1575114025 10
1575114026 10
1575114027 11
1575114028 8
1575114029 5
1575114030 5
1575114031 3
1575114032 2
1575114033 3
1575114034 3
1575114035 5
1575114036 4
1575114037 4
1575114038 4
1575114039 4
1575114040 4
1575114041 3
1575114042 3
1575114043 3
1575114044 3
1575114045 3
1575114046 3
1575114047 3
1575114048 3
1575114049 3
1575114050 4
1575114051 5
1575114052 4
1575114053 4
1575114054 3
1575114055 3
1575114056 2
1575114057 2
1575114058 2
1575114059 2
1575114060 2
1575114061 2
1575114062 2
1575114063 2
1575114064 2
1575114065 2
1575114066 2
1575114067 2
1575114068 2
1575114069 2
1575114070 2
1575114071 2
1575114072 2
1575114073 2
1575114074 2
1575114075 2
1575114076 2
1575114077 2
1575114078 1
1575114079 1
1575114080 1
1575114081 1
1575114082 2
1575114083 2
1575114084 2
1575114085 2
1575114086 2
1575114087 2
1575114088 2
1575114089 2
1575114090 3
1575114091 3
1575114092 3
1575114093 3
1575114094 3
1575114095 3
1575114096 3
1575114097 4
1575114098 3
1575114099 3
1575114100 4
1575114101 3
1575114102 3
1575114103 3
1575114104 2
1575114105 5
1575114106 4
1575114107 5
1575114108 7
1575114109 6
1575114110 4
1575114111 5
1575114112 6
1575114113 5
1575114114 4
1575114115 5
1575114116 5
1575114117 5
1575114118 6
1575114119 7
1575114120 7
1575114121 4
1575114122 4
1575114123 2
1575114124 2
1575114125 2
1575114126 3
1575114127 3
1575114128 3
1575114129 4
1575114130 3
1575114131 3
1575114132 3
1575114133 3
1575114134 4
1575114135 3
1575114136 3
1575114137 2
1575114138 2
1575114139 2
1575114140 2
1575114141 2
1575114142 2
1575114143 2
1575114144 2
1575114145 2
1575114146 2
1575114147 2
1575114148 2
1575114149 2
1575114150 2
1575114151 2
1575114152 2
1575114153 2
1575114154 2
1575114155 2
1575114156 2
1575114157 2
1575114158 2
1575114159 2
1575114160 2
1575114161 2
1575114162 4
1575114163 5
1575114164 5
1575114165 6
1575114166 6
1575114167 6
1575114168 6
1575114169 5
1575114170 5
1575114171 5
1575114172 4
1575114173 3
1575114174 1
1575114175 1
1575114176 3
1575114177 5
1575114178 6
1575114179 8
1575114180 9
1575114181 10
1575114182 9
1575114183 8
1575114184 8
1575114185 11
1575114186 9
1575114187 7
1575114188 9
1575114189 7
1575114190 7
1575114191 8
1575114192 8
1575114193 7
1575114194 7
1575114195 6
1575114196 6
1575114197 6
1575114198 4
1575114199 2
1575114200 2
1575114201 2
1575114202 2
1575114203 4
1575114204 4
1575114205 4
1575114206 4
1575114207 4
1575114208 4
1575114209 4
1575114210 4
1575114211 4
1575114212 4
1575114213 4
1575114214 3
1575114215 3
1575114216 3
1575114217 3
1575114218 4
1575114219 5
1575114220 4
1575114221 4
1575114222 3
1575114223 3
1575114224 2
1575114225 2
1575114226 3
1575114227 2
1575114228 2
1575114229 2
1575114230 2
1575114231 2
1575114232 2
1575114233 2
1575114234 2
1575114235 2
1575114236 2
1575114237 2
1575114238 2
1575114239 2
1575114240 2
1575114241 2
1575114242 2
1575114243 2
1575114244 2
1575114245 2
1575114246 2
1575114247 2
1575114248 2
1575114249 2
1575114250 2
1575114251 2
1575114252 2
1575114253 2
1575114254 3
1575114255 3
1575114256 3
1575114257 3
1575114258 3
1575114259 3
1575114260 3
1575114261 3
1575114262 3
1575114263 3
1575114264 3
1575114265 3
1575114266 3
1575114267 2
1575114268 2
1575114269 4
1575114270 4
1575114271 5
1575114272 6
1575114273 6
1575114274 4
1575114275 5
1575114276 5
1575114277 4
1575114278 6
1575114279 6
1575114280 6
1575114281 8
1575114282 5
1575114283 4
1575114284 3
1575114285 2
1575114286 2
1575114287 3
1575114288 3
1575114289 4
1575114290 3
1575114291 3
1575114292 3
1575114293 3
1575114294 3
1575114295 3
1575114296 3
1575114297 3
1575114298 2
1575114299 2
1575114300 2
1575114301 2
1575114302 2
1575114303 2
1575114304 2
1575114305 2
1575114306 2
1575114307 2
1575114308 2
1575114309 2
1575114310 2
1575114311 2
1575114312 2
1575114313 2
1575114314 2
1575114315 2
1575114316 2
1575114317 2
1575114318 2
1575114319 2
1575114320 2
1575114321 2
1575114322 2
1575114323 4
1575114324 4
1575114325 5
1575114326 5
1575114327 5
1575114328 5
1575114329 5
1575114330 4
1575114331 5
1575114332 5
1575114333 5
1575114334 2
1575114335 2
1575114336 1
1575114337 3
1575114338 6
1575114339 8
1575114340 8
1575114341 11
1575114342 11
1575114343 10
1575114344 9
1575114345 10
1575114346 12
1575114347 10
1575114348 7
1575114349 4
1575114350 4
1575114351 4
1575114352 4
1575114353 3
1575114354 2
