1582631272 2
1582631273 3
1582631274 4
1582631275 5
1582631276 4
1582631277 3
1582631278 5
1582631279 4
1582631280 3
1582631281 3
1582631282 3
1582631283 3
1582631284 3
1582631285 3
1582631286 3
1582631287 3
1582631288 3
1582631289 3
1582631290 3
1582631291 3
1582631292 3
1582631293 3
1582631294 3
1582631295 3
1582631296 3
1582631297 3
1582631298 3
1582631299 3
1582631300 3
1582631301 3
1582631302 3
1582631303 3
1582631304 3
1582631305 3
1582631306 3
1582631307 3
1582631308 3
1582631309 3
1582631310 3
1582631311 3
1582631312 3
1582631313 3
1582631314 3
1582631315 3
1582631316 3
1582631317 3
1582631318 3
1582631319 3
1582631320 3
1582631321 2
1582631322 2
1582631323 2
1582631324 2
1582631325 2
1582631326 2
1582631327 2
1582631328 2
1582631329 2
1582631330 2
1582631331 3
1582631332 3
1582631333 3
1582631334 4
1582631335 4
1582631336 4
1582631337 4
1582631338 4
1582631339 3
1582631340 2
1582631341 2
1582631342 2
1582631343 2
1582631344 2
1582631345 2
1582631346 2
1582631347 2
1582631348 2
1582631349 2
1582631350 2
1582631351 2
1582631352 2
1582631353 2
1582631354 2
1582631355 2
1582631356 2
1582631357 2
1582631358 2
1582631359 2
1582631360 2
1582631361 2
1582631362 2
1582631363 2
1582631364 2
1582631365 2
1582631366 2
1582631367 2
1582631368 2
1582631369 2
1582631370 2
1582631371 2
1582631372 2
1582631373 3
1582631374 4
1582631375 4
1582631376 4
1582631377 4
1582631378 4
1582631379 4
1582631380 4
1582631381 4
1582631382 4
1582631383 4
1582631384 3
1582631385 2
1582631386 3
1582631387 3
1582631388 4
1582631389 5
1582631390 7
1582631391 4
1582631392 5
1582631393 4
1582631394 4
1582631395 4
1582631396 6
1582631397 7
1582631398 6
1582631399 5
1582631400 3
1582631401 3
1582631402 2
1582631403 2
1582631404 4
1582631405 4
1582631406 4
1582631407 5
1582631408 4
1582631409 4
1582631410 4
1582631411 4
1582631412 4
1582631413 4
1582631414 4
1582631415 4
1582631416 2
1582631417 2
1582631418 2
1582631419 3
1582631420 2
1582631421 2
1582631422 2
1582631423 2
1582631424 3
1582631425 2
1582631426 2
1582631427 2
1582631428 2
1582631429 2
1582631430 2
1582631431 2
1582631432 2
1582631433 2
1582631434 2
1582631435 2
1582631436 2
1582631437 2
1582631438 2
1582631439 2
1582631440 3
1582631441 5
1582631442 5
1582631443 5
1582631444 5
1582631445 6
1582631446 6
1582631447 5
1582631448 6
1582631449 6
1582631450 6
1582631451 4
1582631452 2
1582631453 1
1582631454 3
1582631455 2
1582631456 3
1582631457 5
1582631458 7
1582631459 11
1582631460 12
1582631461 13
1582631462 13
1582631463 10
1582631464 13
1582631465 12
1582631466 9
1582631467 7
1582631468 8
1582631469 9
1582631470 9
1582631471 8
1582631472 8
1582631473 8
1582631474 7
1582631475 6
1582631476 4
1582631477 2
1582631479 1
1582631480 3
1582631481 5
1582631482 4
1582631483 4
1582631484 4
1582631485 4
1582631486 4
1582631487 3
1582631488 3
1582631489 3
1582631490 3
1582631491 3
1582631492 3
1582631493 3
1582631494 2
1582631495 4
1582631496 5
1582631497 4
1582631498 4
1582631499 4
1582631500 3
1582631501 2
1582631502 2
1582631503 2
1582631504 2
1582631505 2
1582631506 2
1582631507 2
1582631508 2
1582631509 2
1582631510 2
1582631511 2
1582631512 2
1582631513 2
1582631514 2
1582631515 2
1582631516 2
1582631517 2
1582631518 2
1582631519 2
1582631520 2
1582631521 2
1582631522 2
1582631523 2
1582631524 2
1582631525 2
1582631526 2
1582631527 2
1582631528 2
1582631529 2
1582631530 2
1582631531 2
1582631532 2
1582631533 3
1582631534 3
1582631535 3
1582631536 4
1582631537 4
1582631538 4
1582631539 4
1582631540 4
1582631541 5
1582631542 4
1582631543 4
1582631544 4
1582631545 2
1582631546 2
1582631547 4
1582631548 3
1582631549 4
1582631550 7
1582631551 5
1582631552 5
1582631553 5
1582631554 5
1582631555 5
1582631556 5
1582631557 8
1582631558 7
1582631559 8
1582631560 4
1582631561 3
1582631562 3
1582631563 3
1582631564 2
1582631565 3
1582631566 3
1582631567 5
1582631568 5
1582631569 5
1582631570 7
1582631571 6
1582631572 6
1582631573 6
1582631574 6
1582631575 5
1582631576 4
1582631577 2
1582631578 2
1582631579 2
1582631580 2
1582631581 2
1582631582 2
1582631583 2
1582631584 2
1582631585 2
1582631586 2
1582631587 2
1582631588 2
1582631589 2
1582631590 2
1582631591 2
1582631592 2
1582631593 2
1582631594 2
1582631595 2
1582631596 2
1582631597 2
1582631598 2
1582631599 2
1582631600 2
1582631601 3
1582631602 4
1582631603 6
1582631604 5
1582631605 6
1582631606 5
1582631607 5
1582631608 5
1582631609 6
1582631610 6
1582631611 6
1582631612 3
1582631613 1
1582631614 1
1582631615 3
1582631616 6
1582631617 8
1582631618 6
1582631619 8
1582631620 7
1582631621 10
1582631622 11
1582631623 10
1582631624 9
1582631625 8
1582631626 10
1582631627 7
1582631628 7
1582631629 6
1582631630 7
1582631631 6
1582631632 4
1582631633 3
1582631634 2
1582631635 1
1582631636 2
1582631637 3
1582631638 4
1582631639 4
1582631640 4
1582631641 4
1582631642 4
1582631643 3
1582631644 3
1582631645 3
1582631646 3
1582631647 3
1582631648 3
1582631649 3
1582631650 2
1582631651 3
1582631652 4
1582631653 4
1582631654 4
1582631655 4
1582631656 4
1582631657 2
1582631658 2
1582631659 2
1582631660 2
1582631661 2
1582631662 2
1582631663 2
1582631664 2
1582631665 2
1582631666 2
1582631667 2
1582631668 2
1582631669 2
1582631670 2
1582631671 2
1582631672 2
1582631673 2
1582631674 2
1582631675 2
1582631676 2
1582631677 2
1582631678 2
1582631679 2
1582631680 2
1582631681 2
1582631682 2
1582631683 2
1582631684 2
1582631685 2
1582631686 2
1582631687 2
1582631688 2
1582631689 3
1582631690 3
1582631691 4
1582631692 4
1582631693 4
1582631694 4
1582631695 4
1582631696 4
1582631697 5
1582631698 4
1582631699 4
1582631700 3
1582631701 2
1582631702 2
1582631703 4
1582631704 3
1582631705 4
1582631706 7
1582631707 5
1582631708 4
1582631709 5
1582631710 6
1582631711 5
1582631712 5
1582631713 7
1582631714 7
1582631715 7
1582631716 3
1582631717 3
1582631718 2
1582631719 2
1582631720 4
1582631721 4
1582631722 3
1582631723 4
1582631724 6
1582631725 4
1582631726 4
1582631727 4
1582631728 4
1582631729 4
1582631730 4
1582631731 4
1582631732 4
1582631733 3
1582631734 3
1582631735 2
1582631736 2
1582631737 2
1582631738 2
1582631739 2
1582631740 2
1582631741 2
1582631742 2
1582631743 2
1582631744 2
1582631745 2
1582631746 2
1582631747 2
1582631748 2
1582631749 2
1582631750 2
1582631751 2
1582631752 2
1582631753 2
1582631754 2
1582631755 2
1582631756 2
1582631757 5
1582631758 5
1582631759 5
1582631760 5
1582631761 5
1582631762 5
1582631763 6
1582631764 6
1582631765 6
1582631766 6
1582631767 6
1582631768 4
1582631769 1
1582631770 1
1582631771 1
1582631772 3
1582631773 6
1582631774 7
1582631775 6
1582631776 8
1582631777 9
1582631778 9
1582631779 7
1582631780 7
1582631781 9
1582631782 6
1582631783 7
1582631784 7
1582631785 8
1582631786 8
1582631787 7
1582631788 4
1582631789 4
1582631790 3
1582631792 1
1582631793 2
1582631794 3
1582631795 4
1582631796 4
1582631797 4
1582631798 4
1582631799 3
1582631800 3
1582631801 3
1582631802 3
1582631803 3
1582631804 3
1582631805 3
1582631806 3
1582631807 3
1582631808 2
1582631809 4
1582631810 6
1582631811 4
1582631812 4
1582631813 3
1582631814 3
1582631815 2
1582631816 2
1582631817 2
1582631818 2
1582631819 2
1582631820 2
1582631821 2
1582631822 2
1582631823 2
1582631824 2
1582631825 2
1582631826 2
1582631827 2
1582631828 2
1582631829 2
1582631830 2
1582631831 2
1582631832 2
1582631833 2
1582631834 2
1582631835 2
1582631836 2
1582631837 2
1582631838 2
1582631839 2
1582631840 2
1582631841 2
1582631842 2
1582631843 2
1582631844 2
1582631845 3
1582631846 3
1582631847 3
1582631848 3
1582631849 3
1582631850 3
1582631851 3
1582631852 3
1582631853 3
1582631854 4
1582631855 4
1582631856 3
1582631857 4
1582631858 3
1582631859 2
1582631860 4
1582631861 3
1582631862 4
1582631863 6
1582631864 6
1582631865 4
1582631866 5
1582631867 5
1582631868 4
1582631869 5
1582631870 6
1582631871 7
1582631872 7
1582631873 5
1582631874 3
1582631875 2
1582631876 2
1582631877 2
1582631878 4
1582631879 4
1582631880 5
1582631881 5
1582631882 5
1582631883 5
1582631884 5
1582631885 5
1582631886 5
1582631887 5
1582631888 5
1582631889 4
1582631890 3
1582631891 2
1582631892 2
1582631893 2
1582631894 2
1582631895 2
1582631896 2
1582631897 2
1582631898 2
1582631899 2
1582631900 2
1582631901 2
1582631902 2
1582631903 2
1582631904 2
1582631905 2
1582631906 2
1582631907 2
1582631908 2
1582631909 2
1582631910 2
1582631911 2
1582631912 2
1582631913 2
1582631914 4
1582631915 5
1582631916 5
1582631917 5
1582631918 5
1582631919 5
1582631920 5
1582631921 5
1582631922 5
1582631923 5
1582631924 4
1582631925 2
1582631926 1
1582631927 2
1582631928 3
1582631929 5
1582631930 6
1582631931 7
1582631932 5
1582631933 8
1582631934 9
1582631935 14
1582631936 8
1582631937 10
1582631938 12
1582631939 9
1582631940 8
1582631941 4
1582631942 6
1582631943 7
1582631944 8
1582631945 5
1582631946 6
1582631947 2
1582631948 2
1582631949 2
1582631950 3
1582631951 4
1582631952 4
1582631953 4
1582631954 4
1582631955 5
1582631956 3
1582631957 3
1582631958 4
1582631959 3
1582631960 3
1582631961 3
1582631962 3
1582631963 2
1582631964 2
1582631965 4
1582631966 5
1582631967 4
1582631968 4
1582631969 3
1582631970 3
1582631971 2
1582631972 2
1582631973 2
1582631974 2
1582631975 2
1582631976 2
1582631977 2
1582631978 2
1582631979 2
1582631980 2
1582631981 2
1582631982 2
1582631983 2
1582631984 2
1582631985 2
1582631986 2
1582631987 2
1582631988 2
1582631989 2
1582631990 2
1582631991 2
1582631992 2
1582631993 2
1582631994 2
1582631995 2
1582631996 2
1582631997 2
1582631998 2
1582631999 2
1582632000 2
1582632001 2
1582632002 2
1582632003 3
1582632004 3
1582632005 3
1582632006 3
1582632007 3
1582632008 3
1582632009 3
1582632010 3
1582632011 4
1582632012 3
1582632013 2
1582632014 2
1582632015 2
1582632016 3
1582632017 4
1582632018 4
1582632019 6
1582632020 6
1582632021 4
1582632022 5
1582632023 5
1582632024 5
1582632025 4
1582632026 6
1582632027 7
1582632028 6
1582632029 6
1582632030 3
1582632031 3
1582632032 2
1582632033 2
1582632034 3
1582632035 3
1582632036 5
1582632037 5
1582632038 5
1582632039 6
1582632040 5
1582632041 5
1582632042 4
1582632043 4
1582632044 4
1582632045 4
1582632046 4
1582632047 2
1582632048 2
1582632049 2
1582632050 2
1582632051 2
1582632052 2
1582632053 2
1582632054 2
1582632055 2
1582632056 2
1582632057 2
1582632058 2
1582632059 2
1582632060 2
1582632061 2
1582632062 2
1582632063 2
1582632064 2
1582632065 2
1582632066 2
1582632067 2
1582632068 2
1582632069 2
1582632070 2
1582632071 2
1582632072 4
1582632073 4
1582632074 5
1582632075 5
1582632076 6
1582632077 6
1582632078 6
1582632079 4
1582632080 5
1582632081 5
1582632082 4
1582632083 3
1582632084 1
1582632085 1
1582632086 3
1582632087 6
1582632088 7
1582632089 6
1582632090 9
1582632091 7
1582632092 7
1582632093 7
1582632094 9
1582632095 9
1582632096 6
1582632097 5
1582632098 3
1582632099 3
1582632100 4
1582632101 6
1582632102 5
1582632103 4
1582632104 3
1582632106 1
1582632107 2
1582632108 3
1582632109 4
1582632110 5
1582632111 4
1582632112 4
1582632113 3
1582632114 3
1582632115 3
1582632116 3
1582632117 4
1582632118 4
1582632119 3
1582632120 3
1582632121 3
1582632122 2
1582632123 4
1582632124 5
1582632125 4
1582632126 4
1582632127 3
1582632128 3
1582632129 2
1582632130 2
1582632131 2
1582632132 2
1582632133 2
1582632134 2
1582632135 2
1582632136 2
1582632137 2
1582632138 2
1582632139 2
1582632140 2
1582632141 2
1582632142 2
1582632143 2
1582632144 2
1582632145 2
1582632146 2
1582632147 2
1582632148 2
1582632149 2
1582632150 2
1582632151 2
1582632152 2
1582632153 2
1582632154 2
1582632155 2
1582632156 2
1582632157 2
1582632158 3
1582632159 4
1582632160 3
1582632161 3
1582632162 3
1582632163 3
1582632164 3
1582632165 3
1582632166 3
1582632167 3
1582632168 4
1582632169 4
1582632170 3
1582632171 2
1582632172 2
1582632173 2
1582632174 4
1582632175 3
1582632176 4
1582632177 6
1582632178 6
1582632179 4
1582632180 4
1582632181 5
1582632182 5
1582632183 5
1582632184 6
1582632185 7
1582632186 6
1582632187 6
1582632188 4
1582632189 4
1582632190 3
1582632191 3
1582632192 3
1582632193 4
1582632194 5
1582632195 5
1582632196 6
1582632197 6
1582632198 6
1582632199 6
1582632200 6
1582632201 5
1582632202 5
1582632203 4
1582632204 3
1582632205 2
1582632206 2
1582632207 2
1582632208 3
1582632209 3
1582632210 3
1582632211 3
1582632212 3
1582632213 3
1582632214 2
1582632215 2
1582632216 2
1582632217 2
1582632218 2
1582632219 2
1582632220 2
1582632221 2
1582632222 2
1582632223 2
1582632224 2
1582632225 2
1582632226 2
1582632227 2
1582632228 3
1582632229 5
1582632230 6
1582632231 5
1582632232 5
1582632233 5
1582632234 6
1582632235 6
1582632236 6
1582632237 6
1582632238 5
1582632239 3
1582632240 1
1582632241 1
1582632242 4
1582632243 3
1582632244 5
1582632245 5
1582632246 10
1582632247 10
1582632248 8
1582632249 9
1582632250 5
1582632251 6
1582632252 6
1582632253 9
1582632254 6
1582632255 6
1582632256 5
1582632257 5
1582632258 8
1582632259 5
1582632260 3
1582632261 2
1582632262 2
1582632263 2
1582632264 3
1582632265 4
1582632266 4
1582632267 4
1582632268 4
1582632269 4
1582632270 3
1582632271 3
1582632272 3
1582632273 4
1582632274 4
1582632275 3
1582632276 3
1582632277 3
1582632278 3
1582632279 3
1582632280 3
1582632281 3
1582632282 4
1582632283 4
1582632284 4
1582632285 4
1582632286 3
1582632287 4
1582632288 2
1582632289 2
1582632290 2
1582632291 2
1582632292 2
1582632293 2
1582632294 2
1582632295 2
1582632296 2
1582632297 2
1582632298 2
1582632299 2
1582632300 2
1582632301 2
1582632302 2
1582632303 2
1582632304 2
1582632305 2
1582632306 2
1582632307 2
1582632308 2
1582632309 2
1582632310 2
1582632311 2
1582632312 2
1582632313 2
1582632314 2
1582632315 2
1582632316 2
1582632317 2
1582632318 2
1582632319 2
1582632320 2
1582632321 3
1582632322 3
1582632323 3
1582632324 3
1582632325 3
1582632326 3
1582632327 3
1582632328 3
1582632329 4
1582632330 3
1582632331 2
1582632332 2
1582632333 2
1582632334 3
1582632335 4
1582632336 4
1582632337 5
1582632338 5
1582632339 4
1582632340 5
1582632341 5
1582632342 4
1582632343 5
1582632344 7
1582632345 8
1582632346 7
1582632347 5
1582632348 4
1582632349 2
1582632350 2
1582632351 2
1582632352 3
1582632353 3
1582632354 4
1582632355 4
1582632356 5
1582632357 5
1582632358 5
1582632359 5
1582632360 5
1582632361 4
1582632362 4
1582632363 3
1582632364 2
1582632365 2
1582632366 2
1582632367 2
1582632368 2
1582632369 2
1582632370 2
1582632371 2
1582632372 2
1582632373 2
1582632374 2
1582632375 2
1582632376 2
1582632377 2
1582632378 2
1582632379 2
1582632380 2
1582632381 2
1582632382 2
1582632383 2
1582632384 2
1582632385 2
1582632386 2
1582632387 2
1582632388 4
1582632389 4
1582632390 5
1582632391 5
1582632392 6
1582632393 5
1582632394 5
1582632395 6
1582632396 5
1582632397 5
1582632398 4
1582632399 4
1582632400 1
1582632401 1
1582632402 3
1582632403 6
1582632404 7
1582632405 6
1582632406 9
1582632407 8
1582632408 5
1582632409 11
1582632410 4
1582632411 6
1582632412 6
1582632413 8
1582632414 7
1582632415 8
1582632416 6
1582632417 6
1582632418 8
1582632419 7
1582632420 7
1582632421 6
1582632422 6
1582632423 6
1582632424 4
1582632425 3
1582632426 2
1582632427 1
1582632428 3
1582632429 4
1582632430 4
1582632431 5
1582632432 4
1582632433 4
1582632434 3
1582632435 3
1582632436 3
1582632437 3
1582632438 3
1582632439 3
1582632440 3
1582632441 3
1582632442 3
1582632443 3
1582632444 2
1582632445 3
1582632446 4
1582632447 4
1582632448 4
1582632449 4
1582632450 3
1582632451 3
1582632452 2
1582632453 2
1582632454 2
1582632455 2
1582632456 2
1582632457 2
1582632458 2
1582632459 2
1582632460 2
1582632461 2
1582632462 2
1582632463 2
1582632464 2
1582632465 2
1582632466 2
1582632467 2
1582632468 2
1582632469 2
1582632470 2
1582632471 2
1582632472 2
1582632473 2
1582632474 2
1582632475 2
1582632476 2
1582632477 2
1582632478 2
1582632479 2
1582632480 2
1582632481 2
1582632482 2
1582632483 3
1582632484 3
1582632485 3
1582632486 3
1582632487 3
1582632488 3
1582632489 3
1582632490 3
1582632491 4
1582632492 4
1582632493 3
1582632494 3
1582632495 2
1582632496 2
1582632497 4
1582632498 3
1582632499 5
1582632500 6
1582632501 4
1582632502 4
1582632503 5
1582632504 4
1582632505 4
1582632506 7
1582632507 7
1582632508 6
1582632509 7
1582632510 4
1582632511 2
1582632512 2
1582632513 2
1582632514 2
1582632515 3
1582632516 3
1582632517 4
1582632518 4
1582632519 3
1582632520 3
1582632521 3
1582632522 3
1582632523 3
1582632524 3
1582632525 2
1582632526 2
1582632527 2
1582632528 2
1582632529 2
1582632530 2
1582632531 2
1582632532 2
1582632533 2
1582632534 2
1582632535 2
1582632536 2
1582632537 2
1582632538 2
1582632539 2
1582632540 2
1582632541 2
1582632542 2
1582632543 2
1582632544 2
1582632545 2
1582632546 2
1582632547 2
1582632548 2
1582632549 2
1582632550 3
1582632551 6
1582632552 4
1582632553 4
1582632554 5
1582632555 5
1582632556 5
1582632557 6
1582632558 5
1582632559 4
1582632560 5
1582632561 4
1582632562 2
1582632563 1
1582632564 1
1582632565 1
1582632566 3
1582632567 8
1582632568 7
1582632569 9
1582632570 12
1582632571 6
1582632572 8
1582632573 7
1582632574 7
1582632575 7
1582632576 5
1582632577 5
1582632578 3
1582632579 5
1582632580 3
1582632581 4
1582632582 2
1582632583 2
1582632585 2
1582632586 2
1582632587 2
1582632588 5
1582632589 4
1582632590 4
1582632591 4
1582632592 4
1582632593 3
1582632594 3
1582632595 3
1582632596 3
1582632597 3
1582632598 3
1582632599 3
1582632600 2
1582632601 1
1582632602 2
1582632603 4
1582632604 4
1582632605 4
1582632606 4
1582632607 4
1582632608 3
1582632609 2
1582632610 2
1582632611 2
1582632612 2
1582632613 2
1582632614 2
1582632615 2
1582632616 2
1582632617 2
1582632618 2
1582632619 2
1582632620 2
1582632621 2
1582632622 2
1582632623 2
1582632624 2
1582632625 2
1582632626 2
1582632627 2
1582632628 2
1582632629 2
1582632630 2
1582632631 2
1582632632 2
1582632633 2
1582632634 2
1582632635 2
1582632636 2
1582632637 2
1582632638 2
1582632639 2
1582632640 2
1582632641 3
1582632642 3
1582632643 3
1582632644 3
1582632645 3
1582632646 3
1582632647 3
1582632648 3
1582632649 4
1582632650 4
1582632651 4
1582632652 2
1582632653 2
1582632654 2
1582632655 2
1582632656 4
1582632657 4
1582632658 5
1582632659 6
1582632660 6
1582632661 3
1582632662 4
1582632663 5
1582632664 4
1582632665 4
1582632666 6
1582632667 6
1582632668 8
1582632669 6
1582632670 3
1582632671 3
1582632672 3
1582632673 3
1582632674 3
1582632675 5
1582632676 4
1582632677 5
1582632678 6
1582632679 7
1582632680 7
1582632681 6
1582632682 6
1582632683 7
1582632684 6
1582632685 6
1582632686 4
1582632687 3
1582632688 2
1582632689 2
1582632690 2
1582632691 2
1582632692 2
1582632693 2
1582632694 2
1582632695 2
1582632696 2
1582632697 2
1582632698 2
1582632699 2
1582632700 2
1582632701 2
1582632702 2
1582632703 2
1582632704 2
1582632705 2
1582632706 2
1582632707 2
1582632708 2
1582632709 2
1582632710 2
1582632711 2
1582632712 4
1582632713 4
1582632714 5
1582632715 5
1582632716 5
1582632717 5
1582632718 5
1582632719 6
1582632720 5
1582632721 5
1582632722 4
1582632723 3
1582632724 2
1582632725 1
1582632726 3
1582632727 6
1582632728 8
1582632729 7
1582632730 7
1582632731 7
1582632732 12
1582632733 8
1582632734 11
1582632735 9
1582632736 9
1582632737 7
1582632738 3
1582632739 3
1582632740 4
1582632741 5
1582632742 6
1582632743 6
1582632744 6
1582632745 5
1582632746 5
1582632747 5
1582632748 3
1582632750 1
1582632751 2
1582632752 3
1582632753 4
1582632754 4
1582632755 4
1582632756 4
1582632757 4
1582632758 4
1582632759 3
1582632760 3
1582632761 3
1582632762 3
1582632763 3
1582632764 2
1582632765 3
1582632766 4
1582632767 4
1582632768 4
1582632769 5
1582632770 3
1582632771 3
1582632772 2
1582632773 2
1582632774 2
1582632775 2
1582632776 2
1582632777 2
1582632778 2
1582632779 2
1582632780 2
1582632781 2
1582632782 2
1582632783 2
1582632784 2
1582632785 2
1582632786 2
1582632787 2
1582632788 2
1582632789 2
1582632790 2
1582632791 2
1582632792 2
1582632793 2
1582632794 2
1582632795 2
1582632796 2
1582632797 2
1582632798 2
1582632799 2
1582632800 2
1582632801 2
1582632802 3
1582632803 3
1582632804 3
1582632805 3
1582632806 3
1582632807 3
1582632808 3
1582632809 3
1582632810 3
1582632811 3
1582632812 3
1582632813 2
1582632814 2
1582632815 3
1582632816 2
1582632817 4
1582632818 3
1582632819 4
1582632820 5
1582632821 6
1582632822 3
1582632823 4
1582632824 4
1582632825 5
1582632826 5
1582632827 6
1582632828 6
1582632829 8
1582632830 5
1582632831 4
1582632832 2
1582632833 2
1582632834 2
1582632835 2
1582632836 4
1582632837 4
1582632838 4
1582632839 4
1582632840 3
1582632841 3
1582632842 5
1582632843 3
1582632844 3
1582632845 3
1582632846 2
1582632847 2
1582632848 2
1582632849 2
1582632850 2
1582632851 2
1582632852 2
1582632853 2
1582632854 2
1582632855 2
1582632856 2
1582632857 2
1582632858 2
1582632859 2
1582632860 2
1582632861 2
1582632862 2
1582632863 2
1582632864 2
1582632865 2
1582632866 2
1582632867 2
1582632868 2
1582632869 2
1582632870 2
1582632871 4
1582632872 4
1582632873 5
1582632874 5
1582632875 5
1582632876 5
1582632877 5
1582632878 5
1582632879 5
1582632880 5
1582632881 5
1582632882 3
1582632883 2
1582632884 1
1582632885 1
1582632886 3
1582632887 5
1582632888 9
1582632889 9
1582632890 11
1582632891 10
1582632892 12
1582632893 10
1582632894 10
1582632895 9
1582632896 8
1582632897 6
1582632898 7
1582632899 5
1582632900 5
1582632901 5
1582632902 6
1582632903 6
1582632904 4
1582632905 4
1582632906 5
1582632907 3
