1573206781 3
1573206782 3
1573206783 2
1573206784 3
1573206785 3
1573206786 2
1573206787 3
1573206788 3
1573206789 3
1573206790 3
1573206791 3
1573206792 3
1573206793 3
1573206794 3
1573206795 3
1573206796 3
1573206797 3
1573206798 3
1573206799 3
1573206800 3
1573206801 3
1573206802 3
1573206803 3
1573206804 3
1573206805 3
1573206806 2
1573206807 3
1573206808 3
1573206809 3
1573206810 3
1573206811 3
1573206812 3
1573206813 3
1573206814 3
1573206815 3
1573206816 3
1573206817 3
1573206818 3
1573206819 3
1573206820 3
1573206821 3
1573206822 3
1573206823 3
1573206824 3
1573206825 3
1573206826 3
1573206827 3
1573206828 3
1573206829 3
1573206830 3
1573206831 3
1573206832 3
1573206833 3
1573206834 3
1573206835 3
1573206836 3
1573206837 3
1573206838 3
1573206839 3
1573206840 4
1573206841 4
1573206842 4
1573206843 4
1573206844 4
1573206845 4
1573206846 4
1573206847 4
1573206848 4
1573206849 3
1573206850 3
1573206851 3
1573206852 3
1573206853 3
1573206854 3
1573206855 3
1573206856 3
1573206857 3
1573206858 2
1573206859 2
1573206860 3
1573206861 2
1573206862 2
1573206863 3
1573206864 3
1573206865 3
1573206866 3
1573206867 3
1573206868 2
1573206869 2
1573206870 3
1573206871 2
1573206872 2
1573206873 1
1573206874 1
1573206875 1
1573206876 1
1573206877 1
1573206878 1
1573206879 1
1573206880 1
1573206881 1
1573206882 1
1573206883 1
1573206884 2
1573206885 2
1573206886 2
1573206887 3
1573206888 3
1573206889 3
1573206890 3
1573206891 3
1573206892 3
1573206893 3
1573206894 2
1573206895 2
1573206896 3
1573206897 3
1573206898 3
1573206899 4
1573206900 3
1573206901 3
1573206902 3
1573206903 3
1573206904 4
1573206905 3
1573206906 3
1573206907 4
1573206908 4
1573206909 3
1573206910 4
1573206911 3
1573206912 3
1573206913 3
1573206914 3
1573206915 3
1573206916 3
1573206917 3
1573206918 3
1573206919 3
1573206920 3
1573206921 4
1573206922 3
1573206923 3
1573206924 3
1573206925 3
1573206926 3
1573206927 3
1573206928 4
1573206929 4
1573206930 3
1573206931 3
1573206932 3
1573206933 3
1573206934 3
1573206935 3
1573206936 3
1573206937 3
1573206938 4
1573206939 3
1573206940 3
1573206941 3
1573206942 3
1573206943 3
1573206944 3
1573206945 3
1573206946 3
1573206947 3
1573206948 3
1573206949 3
1573206950 3
1573206951 4
1573206952 4
1573206953 4
1573206954 4
1573206955 3
1573206956 3
1573206957 3
1573206958 3
1573206959 3
1573206960 3
1573206961 3
1573206962 3
1573206963 3
1573206964 3
1573206965 3
1573206966 3
1573206967 3
1573206968 3
1573206969 3
1573206970 3
1573206971 3
1573206972 3
1573206973 3
1573206974 3
1573206975 3
1573206976 3
1573206977 3
1573206978 3
1573206979 3
1573206980 3
1573206981 3
1573206982 3
1573206983 3
1573206984 3
1573206985 4
1573215294 2
1573215295 2
1573215296 2
1573215297 2
1573215298 2
1573215299 2
1573215300 2
1573215301 2
1573215302 2
1573215303 2
1573215304 2
1573215305 2
1573215306 2
1573215307 2
1573215308 2
1573215309 2
1573215310 2
1573215311 2
1573215312 2
1573215313 2
1573215314 2
1573215315 2
1573215316 2
1573215317 2
1573215318 2
1573215319 3
1573215320 3
1573215321 3
1573215322 4
1573215323 4
1573215324 4
1573215325 3
1573215326 3
1573215327 4
1573215328 4
1573215329 4
1573215330 4
1573215331 4
1573215332 4
1573215333 3
1573215334 3
1573215335 3
1573215336 3
1573215337 3
1573215338 3
1573215339 3
1573215340 3
1573215341 3
1573215342 3
1573215343 3
1573215344 3
1573215345 3
1573215346 3
1573215347 3
1573215348 3
1573215349 3
1573215350 3
1573215351 3
1573215352 3
1573215353 3
1573215354 3
1573215355 3
1573215356 3
1573215357 3
1573215358 3
1573215359 3
1573215360 3
1573215361 3
1573215362 3
1573215363 3
1573215364 3
1573215365 3
1573215366 3
1573215367 3
1573215368 3
1573215369 3
1573215370 3
1573215371 3
1573215372 3
1573215373 3
1573215374 3
1573215375 3
1573215376 3
1573215377 3
1573215378 3
1573215379 3
1573215380 3
1573215381 3
1573215382 3
1573215383 3
1573215384 3
1573215385 3
1573215386 3
1573215387 3
1573215388 3
1573215389 3
1573215390 3
1573215391 3
1573215392 3
1573215393 3
1573215394 3
1573215395 3
1573215396 3
1573215397 3
1573215398 3
1573215399 3
1573215400 3
1573215401 3
1573215402 3
1573215403 3
1573215404 3
1573215405 3
1573215406 3
1573215407 3
1573215408 3
1573215409 3
1573215410 3
1573215411 3
1573215412 3
1573215413 3
1573215414 3
1573215415 3
1573215416 3
1573215417 3
1573215418 3
1573215419 3
1573215420 3
1573215421 3
1573215422 3
1573215423 3
1573215424 3
1573215425 3
1573215426 3
1573215427 3
1573215428 3
1573215429 3
1573215430 3
1573215431 3
1573215432 3
1573215433 3
1573215434 3
1573215435 3
1573215436 3
1573215437 3
1573215438 3
1573215439 3
1573215440 3
1573215441 3
1573215442 3
1573215443 3
1573215444 3
1573215445 3
1573215446 3
1573215447 3
1573215448 3
1573215449 3
1573215450 3
1573215451 3
1573215452 3
1573215453 3
1573215454 3
1573215455 3
1573215456 3
1573215457 3
1573215458 3
1573215459 3
1573215460 3
1573215461 3
1573215462 3
1573215463 3
1573215464 3
1573215465 3
1573215466 3
1573215467 3
1573215468 3
1573215469 3
1573215470 3
1573215471 3
1573215472 3
1573215473 3
1573215474 3
1573215475 3
1573215476 3
1573215477 3
1573215478 3
1573215479 3
1573215480 3
1573215481 3
1573215482 3
1573215483 3
1573215484 3
1573215485 3
1573215486 3
1573215487 3
1573215488 3
1573215489 3
1573215490 3
1573215491 3
1573215492 3
1573215493 3
1573215494 3
1573215495 3
1573215496 3
1573215497 3
1573215498 3
1573215499 3
1573215500 3
1573215501 3
1573215502 3
1573215503 3
1573215504 3
1573215505 3
1573215506 3
1573215507 3
1573215508 3
1573215509 3
1573215510 3
1573215511 3
1573215512 3
1573215513 3
1573215514 3
1573215515 3
1573215516 3
1573215517 3
1573215518 3
1573215519 3
1573215520 3
1573215521 3
1573215522 3
1573215523 3
1573215524 3
1573215525 3
1573215526 3
1573215527 3
1573215528 3
1573215529 3
1573215530 3
1573215531 3
1573215532 3
1573215533 3
1573215534 3
1573215535 3
1573215536 3
1573215537 3
1573215538 3
1573215539 3
1573215540 3
1573215541 3
1573215542 3
1573215543 3
1573215544 3
1573215545 3
1573215546 3
1573215547 3
1573215548 3
1573215549 3
1573215550 3
1573215551 3
1573215552 3
1573215553 3
1573215554 3
1573215555 3
1573215556 3
1573215557 3
1573215558 3
1573215559 3
1573215560 3
1573215561 3
1573215562 3
1573215563 3
1573215564 3
1573215565 3
1573215566 3
1573215567 3
1573215568 3
1573215569 3
1573215570 3
1573215571 3
1573215572 3
1573215573 3
1573215574 3
1573215575 3
1573215576 3
1573215577 3
1573215578 3
1573215579 3
1573215580 3
1573215581 3
1573215582 3
1573215583 3
1573215584 3
1573215585 3
1573215586 3
1573215587 3
1573215588 3
1573215589 3
1573215590 3
1573215591 3
1573215592 3
1573215593 3
1573215594 3
1573215595 3
1573215596 3
1573215597 3
1573215598 3
1573215599 3
1573215600 3
1573215601 3
1573215602 3
1573215603 3
1573215604 3
1573215605 3
1573215606 3
1573215607 3
1573215608 3
1573215609 3
1573215610 3
1573215611 3
1573215612 3
1573215613 3
1573215614 3
1573215615 3
1573215616 3
1573215617 3
1573215618 3
1573215619 3
1573215620 3
1573215621 3
1573215622 3
1573215623 3
1573215624 3
1573215625 3
1573215626 3
1573215627 3
1573215628 3
1573215629 3
1573215630 3
1573215631 3
1573215632 3
1573215633 3
1573215634 3
1573215635 3
1573215636 3
1573215637 3
1573215638 3
1573215639 3
1573215640 3
1573215641 3
1573215642 3
1573215643 3
1573215644 3
1573215645 3
1573215646 3
1573215647 3
1573215648 3
1573215649 3
1573215650 3
1573215651 3
1573215652 3
1573215653 3
1573215654 3
1573215655 3
1573215656 3
1573215657 3
1573215658 3
1573215659 3
1573215660 3
1573215661 3
1573215662 3
1573215663 3
1573215664 3
1573215665 3
1573215666 3
1573215667 3
1573215668 3
1573215669 3
1573215670 3
1573215671 3
1573215672 3
1573215673 3
1573215674 3
1573215675 3
1573215676 3
1573215677 3
1573215678 3
1573215679 3
1573215680 3
1573215681 3
1573215682 3
1573215683 3
1573215684 3
1573215685 3
1573215686 3
1573215687 3
1573215688 3
1573215689 3
1573215690 3
1573215691 3
1573215692 3
1573215693 3
1573215694 3
1573215695 3
1573215696 3
1573215697 3
1573215698 3
1573215699 3
1573215700 3
1573215701 3
1573215702 3
1573215703 3
1573215704 3
1573215705 3
1573215706 3
1573215707 3
1573215708 3
1573215709 3
1573215710 3
1573215711 3
1573215712 3
1573215713 3
1573215714 3
1573215715 3
1573215716 3
1573215717 3
1573215718 3
1573215719 3
1573215720 3
1573215721 3
1573215722 3
1573215723 3
1573215724 3
1573215725 3
1573215726 3
1573215727 3
1573215728 3
1573215729 3
1573215730 3
1573215731 3
1573215732 3
1573215733 3
1573215734 3
1573215735 3
1573215736 3
1573215737 3
1573215738 3
1573215739 3
1573215740 3
1573215741 3
1573215742 3
1573215743 3
1573215744 3
1573215745 3
1573215746 3
1573215747 3
1573215748 3
1573215749 3
1573215750 3
1573215751 3
1573215752 3
1573215753 3
1573215754 3
1573215755 3
1573215756 3
1573215757 3
1573215758 3
1573215759 3
1573215760 3
1573215761 3
1573215762 3
1573215763 3
1573215764 3
1573215765 3
1573215766 3
1573215767 3
1573215768 3
1573215769 3
1573215770 3
1573215771 3
1573215772 3
1573215773 3
1573215774 3
1573215775 3
1573215776 3
1573215777 3
1573215778 3
1573215779 3
1573215780 3
1573215781 3
1573215782 3
1573215783 3
1573215784 3
1573215785 3
1573215786 3
1573215787 3
1573215788 3
1573215789 3
1573215790 3
1573215791 3
1573215792 3
1573215793 3
1573215794 3
1573215795 3
1573215796 3
1573215797 3
1573215798 3
1573215799 3
1573215800 3
1573215801 3
1573215802 3
1573215803 3
1573215804 3
1573215805 3
1573215806 3
1573215807 3
1573215808 3
1573215809 3
1573215810 3
1573215811 3
1573215812 3
1573215813 3
1573215814 3
1573215815 3
1573215816 3
1573215817 3
1573215818 3
1573215819 3
1573215820 3
1573215821 3
1573215822 3
1573215823 3
1573215824 3
1573215825 3
1573215826 3
1573215827 3
1573215828 3
1573215829 3
1573215830 3
1573215831 3
1573215832 3
1573215833 3
1573215834 3
1573215835 3
1573215836 3
1573215837 3
1573215838 3
1573215839 3
1573215840 3
1573215841 3
1573215842 3
1573215843 3
1573215844 3
1573215845 3
1573215846 3
1573215847 3
1573215848 3
1573215849 3
1573215850 3
1573215851 3
1573215852 3
1573215853 3
1573215854 3
1573215855 3
1573215856 3
1573215857 3
1573215858 3
1573215859 3
1573215860 3
1573215861 3
1573215862 3
1573215863 3
1573215864 3
1573215865 3
1573215866 3
1573215867 3
1573215868 3
1573215869 3
1573215870 3
1573215871 3
1573215872 3
1573215873 3
1573215874 3
1573215875 3
1573215876 3
1573215877 3
1573215878 3
1573215879 3
1573215880 3
1573215881 3
1573215882 3
1573215883 3
1573215884 3
1573215885 3
1573215886 3
1573215887 3
1573215888 3
1573215889 3
1573215890 3
1573215891 3
1573215892 3
1573215893 3
1573215894 3
1573215895 3
1573215896 3
1573215897 3
1573215898 3
1573215899 3
1573215900 3
1573215901 3
1573215902 3
1573215903 3
1573215904 3
1573215905 3
1573215906 3
1573215907 3
1573215908 3
1573215909 3
1573215910 3
1573215911 3
1573215912 3
1573215913 3
1573215914 3
1573215915 3
1573215916 3
1573215917 3
1573215918 3
1573215919 3
1573215920 3
1573215921 3
1573215922 3
1573215923 3
1573215924 3
1573215925 3
1573215926 3
1573215927 3
1573215928 3
1573215929 3
1573215930 3
1573215931 3
1573215932 3
1573215933 3
1573215934 3
1573215935 3
1573215936 3
1573215937 3
1573215938 3
1573215939 3
1573215940 3
1573215941 3
1573215942 3
1573215943 3
1573215944 3
1573215945 3
1573215946 3
1573215947 3
1573215948 3
1573215949 3
1573215950 3
1573215951 3
1573215952 3
1573215953 3
1573215954 3
1573215955 3
1573215956 3
1573215957 3
1573215958 3
1573215959 3
1573215960 3
1573215961 3
1573215962 3
1573215963 3
1573215964 3
1573215965 3
1573215966 3
1573215967 3
1573215968 3
1573215969 3
1573215970 3
1573215971 3
1573215972 3
1573215973 3
1573215974 3
1573215975 3
1573215976 3
1573215977 3
1573215978 3
1573215979 3
1573215980 3
1573215981 3
1573215982 3
1573215983 3
1573215984 3
1573215985 3
1573215986 3
1573215987 3
1573215988 3
1573215989 3
1573215990 3
1573215991 3
1573215992 3
1573215993 3
1573215994 3
1573215995 3
1573215996 3
1573215997 3
1573215998 3
1573215999 3
1573216000 3
1573216001 3
1573216002 3
1573216003 3
1573216004 3
1573216005 3
1573216006 3
1573216007 3
1573216008 3
1573216009 3
1573216010 3
1573216011 3
1573216012 3
1573216013 3
1573216014 3
1573216015 3
1573216016 3
1573216017 3
1573216018 3
1573216019 3
1573216020 3
1573216021 3
1573216022 3
1573216023 3
1573216024 3
1573216025 3
1573216026 3
1573216027 3
1573216028 3
1573216029 3
1573216030 3
1573216031 3
1573216032 3
1573216033 3
1573216034 3
1573216035 3
1573216036 3
1573216037 3
1573216038 3
1573216039 3
1573216040 3
1573216041 3
1573216042 3
1573216043 3
1573216044 3
1573216045 3
1573216046 3
1573216047 3
1573216048 3
1573216049 3
1573216050 3
1573216051 3
1573216052 3
1573216053 3
1573216054 3
1573216055 3
1573216056 3
1573216057 3
1573216058 3
1573216059 3
1573216060 3
1573216061 3
1573216062 3
1573216063 3
1573216064 3
1573216065 3
1573216066 3
1573216067 3
1573216068 3
1573216069 3
1573216070 3
1573216071 3
1573216072 3
1573216073 3
1573216074 3
1573216075 3
1573216076 3
1573216077 3
1573216078 3
1573216079 3
1573216080 3
1573216081 3
1573216082 3
1573216083 3
1573216084 3
1573216085 3
1573216086 3
1573216087 3
1573216088 3
1573216089 3
1573216090 3
1573216091 3
1573216092 3
1573216093 3
1573216094 3
1573216095 3
1573216096 3
1573216097 3
1573216098 3
1573216099 3
1573216100 3
1573216101 3
1573216102 3
1573216103 3
1573216104 3
1573216105 3
1573216106 3
1573216107 3
1573216108 3
1573216109 3
1573216110 3
1573216111 3
1573216112 3
1573216113 3
1573216114 3
1573216115 3
1573216116 3
1573216117 3
1573216118 3
1573216119 3
1573216120 3
1573216121 3
1573216122 3
1573216123 3
1573216124 3
1573216125 3
1573216126 3
1573216127 3
1573216128 3
1573216129 3
1573216130 3
1573216131 3
1573216132 3
1573216133 3
1573216134 3
1573216135 3
1573216136 3
1573216137 3
1573216138 3
1573216139 3
1573216140 3
1573216141 3
1573216142 3
1573216143 3
1573216144 3
1573216145 3
1573216146 3
1573216147 3
1573216148 3
1573216149 3
1573216150 3
1573216151 3
1573216152 3
1573216153 3
1573216154 3
1573216155 3
1573216156 3
1573216157 3
1573216158 3
1573216159 3
1573216160 3
1573216161 3
1573216162 3
1573216163 3
1573216164 3
1573216165 3
1573216166 3
1573216167 3
1573216168 3
1573216169 3
1573216170 3
1573216171 3
1573216172 3
1573216173 3
1573216174 3
1573216175 3
1573216176 3
1573216177 3
1573216178 3
1573216179 3
1573216180 3
1573216181 3
1573216182 3
1573216183 3
1573216184 3
1573216185 3
1573216186 3
1573216187 3
1573216188 3
1573216189 3
1573216190 3
1573216191 3
1573216192 3
1573216193 3
1573216194 3
1573216195 3
1573216196 3
1573216197 3
1573216198 3
1573216199 3
1573216200 3
1573216201 3
1573216202 3
1573216203 3
1573216204 3
1573216205 3
1573216206 3
1573216207 3
1573216208 3
1573216209 3
1573216210 3
1573216211 3
1573216212 3
1573216213 3
1573216214 3
1573216215 3
1573216216 3
1573216217 3
1573216218 3
1573216219 3
1573216220 3
1573216221 3
1573216222 3
1573216223 3
1573216224 3
1573216225 3
1573216226 3
1573216227 3
1573216228 3
1573216229 3
1573216230 3
1573216231 3
1573216232 3
1573216233 3
1573216234 3
1573216235 3
1573216236 3
1573216237 3
1573216238 3
1573216239 3
1573216240 3
1573216241 3
1573216242 3
1573216243 3
1573216244 3
1573216245 3
1573216246 3
1573216247 3
1573216248 3
1573216249 3
1573216250 3
1573216251 3
1573216252 3
1573216253 3
1573216254 3
1573216255 3
1573216256 3
1573216257 3
1573216258 3
1573216259 3
1573216260 3
1573216261 3
1573216262 3
1573216263 3
1573216264 3
1573216265 3
1573216266 3
1573216267 3
1573216268 3
1573216269 3
1573216270 3
1573216271 3
1573216272 3
1573216273 3
1573216274 3
1573216275 3
1573216276 3
1573216277 3
1573216278 3
1573216279 3
1573216280 3
1573216281 3
1573216282 3
1573216283 3
1573216284 3
1573216285 3
1573216286 3
1573216287 3
1573216288 3
1573216289 3
1573216290 3
1573216291 3
1573216292 3
1573216293 3
1573216294 3
1573216295 3
1573216296 3
1573216297 3
1573216298 3
1573216299 3
1573216300 3
1573216301 3
1573216302 3
1573216303 3
1573216304 3
1573216305 3
1573216306 3
1573216307 3
1573216308 3
1573216309 3
1573216310 3
1573216311 3
1573216312 3
1573216313 3
1573216314 3
1573216315 3
1573216316 3
1573216317 3
1573216318 3
1573216319 3
1573216320 3
1573216321 3
1573216322 3
1573216323 3
1573216324 3
1573216325 3
1573216326 3
1573216327 3
1573216328 3
1573216329 3
1573216330 3
1573216331 3
1573216332 3
1573216333 3
1573216334 3
1573216335 3
1573216336 3
1573216337 3
1573216338 3
1573216339 3
1573216340 3
1573216341 3
1573216342 3
1573216343 3
1573216344 3
1573216345 3
1573216346 3
1573216347 3
1573216348 3
1573216349 3
1573216350 3
1573216351 3
1573216352 3
1573216353 3
1573216354 3
1573216355 3
1573216356 3
1573216357 3
1573216358 3
1573216359 3
1573216360 3
1573216361 3
1573216362 3
1573216363 3
1573216364 3
1573216365 3
1573216366 3
1573216367 3
1573216368 3
1573216369 3
1573216370 3
1573216371 3
1573216372 3
1573216373 3
1573216374 3
1573216375 3
1573216376 3
1573216377 3
1573216378 3
1573216379 3
1573216380 3
1573216381 3
1573216382 3
1573216383 3
1573216384 3
1573216385 3
1573216386 3
1573216387 3
1573216388 3
1573216389 3
1573216390 3
1573216391 3
1573216392 3
1573216393 3
1573216394 3
1573216395 3
1573216396 3
1573216397 3
1573216398 3
1573216399 3
1573216400 3
1573216401 3
1573216402 3
1573216403 3
1573216404 3
1573216405 3
1573216406 3
1573216407 3
1573216408 3
1573216409 3
1573216410 3
1573216411 3
1573216412 3
1573216413 3
1573216414 3
1573216415 3
1573216416 3
1573216417 3
1573216418 3
1573216419 3
1573216420 3
1573216421 3
1573216422 3
1573216423 3
1573216424 3
1573216425 3
1573216426 3
1573216427 3
1573216428 3
1573216429 3
1573216430 3
1573216431 3
1573216432 3
1573216433 3
1573216434 3
1573216435 3
1573216436 3
1573216437 3
1573216438 3
1573216439 3
1573216440 3
1573216441 3
1573216442 3
1573216443 3
1573216444 3
1573216445 3
1573216446 3
1573216447 3
1573216448 3
1573216449 3
1573216450 3
1573216451 3
1573216452 3
1573216453 3
1573216454 3
1573216455 3
1573216456 3
1573216457 3
1573216458 3
1573216459 3
1573216460 3
1573216461 3
1573216462 3
1573216463 3
1573216464 3
1573216465 3
1573216466 3
1573216467 3
1573216468 3
1573216469 3
1573216470 3
1573216471 3
1573216472 3
1573216473 3
1573216474 3
1573216475 3
1573216476 3
1573216477 3
1573216478 3
1573216479 3
1573216480 3
1573216481 3
1573216482 3
1573216483 3
1573216484 3
1573216485 3
1573216486 3
1573216487 3
1573216488 3
1573216489 3
1573216490 3
1573216491 3
1573216492 3
1573216493 3
1573216494 3
1573216495 3
1573216496 3
1573216497 3
1573216498 3
1573216499 3
1573216500 3
1573216501 3
1573216502 3
1573216503 3
1573216504 3
1573216505 3
1573216506 3
1573216507 3
1573216508 3
1573216509 3
1573216510 3
1573216511 3
1573216512 3
1573216513 3
1573216514 3
1573216515 3
1573216516 3
1573216517 3
1573216518 3
1573216519 3
1573216520 3
1573216521 3
1573216522 3
1573216523 3
1573216524 3
1573216525 3
1573216526 3
1573216527 3
1573216528 3
1573216529 3
1573216530 3
1573216531 3
1573216532 3
1573216533 3
1573216534 3
1573216535 3
1573216536 3
1573216537 3
1573216538 3
1573216539 3
1573216540 3
1573216541 3
1573216542 3
1573216543 3
1573216544 3
1573216545 3
1573216546 3
1573216547 3
1573216548 3
1573216549 3
1573216550 3
1573216551 3
1573216552 3
1573216553 3
1573216554 3
1573216555 3
1573216556 3
1573216557 3
1573216558 3
1573216559 3
1573216560 3
1573216561 3
1573216562 3
1573216563 3
1573216564 3
1573216565 3
1573216566 3
1573216567 3
1573216568 3
1573216569 3
1573216570 3
1573216571 3
1573216572 3
1573216573 3
1573216574 3
1573216575 3
1573216576 3
1573216577 3
1573216578 3
1573216579 3
1573216580 3
1573216581 3
1573216582 3
1573216583 3
1573216584 3
1573216585 3
1573216586 3
1573216587 3
1573216588 3
1573216589 3
1573216590 3
1573216591 3
1573216592 3
1573216593 3
1573216594 3
1573216595 3
1573216596 3
1573216597 3
1573216598 3
1573216599 3
1573216600 3
1573216601 3
1573216602 3
1573216603 3
1573216604 3
1573216605 3
1573216606 3
1573216607 3
1573216608 3
1573216609 3
1573216610 3
1573216611 3
1573216612 3
1573216613 3
1573216614 3
1573216615 3
1573216616 3
1573216617 3
1573216618 3
1573216619 3
1573216620 3
1573216621 3
1573216622 3
1573216623 3
1573216624 3
1573216625 3
1573216626 3
1573216627 3
1573216628 3
1573216629 3
1573216630 3
1573216631 3
1573216632 3
1573216633 3
1573216634 3
1573216635 3
1573216636 3
1573216637 3
1573216638 3
1573216639 3
1573216640 3
1573216641 3
1573216642 3
1573216643 3
1573216644 3
1573216645 3
1573216646 3
1573216647 3
1573216648 3
1573216649 3
1573216650 3
1573216651 3
1573216652 3
1573216653 3
1573216654 3
1573216655 3
1573216656 3
1573216657 3
1573216658 3
1573216659 3
1573216660 3
1573216661 3
1573216662 3
1573216663 3
1573216664 3
1573216665 3
1573216666 3
1573216667 3
1573216668 3
1573216669 3
1573216670 3
1573216671 3
1573216672 3
1573216673 3
1573216674 3
1573216675 3
1573216676 3
1573216677 3
1573216678 3
1573216679 3
1573216680 3
1573216681 3
1573216682 3
1573216683 3
1573216684 3
1573216685 3
1573216686 3
1573216687 3
1573216688 3
1573216689 3
1573216690 3
1573216691 3
1573216692 3
1573216693 3
1573216694 3
1573216695 3
1573216696 3
1573216697 3
1573216698 3
1573216699 3
1573216700 3
1573216701 3
1573216702 3
1573216703 3
1573216704 3
1573216705 3
1573216706 3
1573216707 3
1573216708 3
1573216709 3
1573216710 3
1573216711 3
1573216712 3
1573216713 3
1573216714 3
1573216715 3
1573216716 3
1573216717 3
1573216718 3
1573216719 3
1573216720 3
1573216721 3
1573216722 3
1573216723 3
1573216724 3
1573216725 3
1573216726 3
1573216727 3
1573216728 3
1573216729 3
1573216730 3
1573216731 3
1573216732 3
1573216733 3
1573216734 3
1573216735 3
1573216736 3
1573216737 3
1573216738 3
1573216739 3
1573216740 3
1573216741 3
1573216742 3
1573216743 3
1573216744 3
1573216745 3
1573216746 3
1573216747 3
1573216748 3
1573216749 3
1573216750 3
1573216751 3
1573216752 3
1573216753 3
1573216754 3
1573216755 3
1573216756 3
1573216757 3
1573216758 3
1573216759 3
1573216760 3
1573216761 3
1573216762 3
1573216763 3
1573216764 3
1573216765 3
1573216766 3
1573216767 3
1573216768 3
1573216769 3
1573216770 3
1573216771 3
1573216772 3
1573216773 3
1573216774 3
1573216775 3
1573216776 3
1573216777 3
1573216778 3
1573216779 3
1573216780 3
1573216781 3
1573216782 3
1573216783 3
1573216784 3
1573216785 3
1573216786 3
1573216787 3
1573216788 3
1573216789 3
1573216790 3
1573216791 3
1573216792 3
1573216793 3
1573216794 3
1573216795 3
1573216796 3
1573216797 3
1573216798 3
1573216799 3
1573216800 3
1573216801 3
1573216802 3
1573216803 3
1573216804 3
1573216805 3
1573216806 3
1573216807 3
1573216808 3
1573216809 3
1573216810 3
1573216811 3
1573216812 3
1573216813 3
1573216814 3
1573216815 3
1573216816 3
1573216817 3
1573216818 3
1573216819 3
1573216820 3
1573216821 3
1573216822 3
1573216823 3
1573216824 3
1573216825 3
1573216826 3
1573216827 3
1573216828 3
1573216829 3
1573216830 3
1573216831 3
1573216832 3
1573216833 3
1573216834 3
1573216835 3
1573216836 3
1573216837 3
1573216838 3
1573216839 3
1573216840 3
1573216841 3
1573216842 3
1573216843 3
1573216844 3
1573216845 3
1573216846 3
1573216847 3
1573216848 3
1573216849 3
1573216850 3
1573216851 3
1573216852 3
1573216853 3
1573216854 3
1573216855 3
1573216856 3
1573216857 3
1573216858 3
1573216859 3
1573216860 3
1573216861 3
1573216862 3
1573216863 3
1573216864 3
1573216865 3
1573216866 3
1573216867 3
1573216868 3
1573216869 3
1573216870 3
1573216871 3
1573216872 3
1573216873 3
1573216874 3
1573216875 3
1573216876 3
1573216877 3
1573216878 3
1573216879 3
1573216880 3
1573216881 3
1573216882 3
1573216883 3
1573216884 3
1573216885 3
1573216886 3
1573216887 3
1573216888 3
1573216889 3
1573216890 3
1573216891 3
1573216892 3
1573216893 3
1573216894 3
1573216895 3
1573216896 3
1573216897 3
1573216898 3
1573216899 3
1573216900 3
1573216901 3
1573216902 3
1573216903 3
1573216904 3
1573216905 3
1573216906 3
1573216907 3
1573216908 3
1573216909 3
1573216910 3
1573216911 3
1573216912 3
1573216913 3
1573216914 3
1573216915 3
1573216916 3
1573216917 3
1573216918 3
1573216919 3
1573216920 3
1573216921 3
1573216922 3
1573216923 3
1573216924 3
1573216925 3
1573216926 3
1573216927 3
1573216928 3
1573216929 3
1573216930 3
1573216931 3
1573216932 3
1573216933 3
1573216934 3
1573216935 3
1573216936 3
1573216937 3
1573216938 3
1573216939 3
1573216940 3
1573216941 3
1573216942 3
1573216943 3
1573216944 3
1573216945 3
1573216946 3
1573216947 3
1573216948 3
1573216949 3
1573216950 3
1573216951 3
1573216952 3
1573216953 3
1573216954 3
1573216955 3
1573216956 3
1573216957 3
1573216958 3
1573216959 3
1573216960 3
1573216961 3
1573216962 3
1573216963 3
1573216964 3
1573216965 3
1573216966 3
1573216967 3
1573216968 3
1573216969 3
1573216970 3
1573216971 3
1573216972 3
1573216973 3
1573216974 3
1573216975 3
1573216976 3
1573216977 3
1573216978 3
1573216979 3
1573216980 3
1573216981 3
1573216982 3
1573216983 3
1573216984 3
1573216985 3
1573216986 3
1573216987 3
1573216988 3
1573216989 3
1573216990 3
1573216991 3
1573216992 3
1573216993 3
1573216994 3
1573216995 3
1573216996 3
1573216997 3
1573216998 3
1573216999 3
1573217000 3
1573217001 3
1573217002 3
1573217003 3
1573217004 3
1573217005 3
1573217006 3
1573217007 3
1573217008 3
1573217009 3
1573217010 3
1573217011 3
1573217012 3
1573217013 3
1573217014 3
1573217015 3
1573217016 3
1573217017 3
1573217018 3
1573217019 3
1573217020 3
1573217021 3
1573217022 3
1573217023 3
1573217024 3
1573217025 3
1573217026 3
1573217027 3
1573217028 3
1573217029 3
1573217030 3
1573217031 3
1573217032 3
1573217033 3
1573217034 3
1573217035 3
1573217036 3
1573217037 3
1573217038 3
1573217039 3
1573217040 3
1573217041 3
1573217042 3
1573217043 3
1573217044 3
1573217045 3
1573217046 3
1573217047 3
1573217048 3
1573217049 3
1573217050 3
1573217051 3
1573217052 3
1573217053 3
1573217054 3
1573217055 3
1573217056 3
1573217057 3
1573217058 3
1573217059 3
1573217060 3
1573217061 3
1573217062 3
1573217063 3
1573217064 3
1573217065 3
1573217066 3
1573217067 3
1573217068 3
1573217069 3
1573217070 3
1573217071 3
1573217072 3
1573217073 3
1573217074 3
1573217075 3
1573217076 3
1573217077 3
1573217078 3
1573217079 3
1573217080 3
1573217081 3
1573217082 3
1573217083 3
1573217084 3
1573217085 3
1573217086 3
1573217087 3
1573217088 3
1573217089 3
1573217090 3
1573217091 3
1573217092 3
1573217093 3
1573217094 3
1573217095 3
1573217096 3
1573217097 3
1573217098 3
1573217099 3
1573217100 3
1573217101 3
1573217102 3
1573217103 3
1573217104 3
1573217105 3
1573217106 3
1573217107 3
1573217108 3
1573217109 3
1573217110 3
1573217111 3
1573217112 3
1573217113 3
1573217114 3
1573217115 3
1573217116 3
1573217117 3
1573217118 3
1573217119 3
1573217120 3
1573217121 3
1573217122 3
1573217123 3
1573217124 3
1573217125 3
1573217126 3
1573217127 3
1573217128 3
1573217129 3
1573217130 3
1573217131 3
1573217132 3
1573217133 3
1573217134 3
1573217135 3
1573217136 3
1573217137 3
1573217138 3
1573217139 3
1573217140 3
1573217141 3
1573217142 3
1573217143 3
1573217144 3
1573217145 3
1573217146 3
1573217147 3
1573217148 3
1573217149 3
1573217150 3
1573217151 3
1573217152 3
1573217153 3
1573217154 3
1573217155 3
1573217156 3
1573217157 3
1573217158 3
1573217159 3
1573217160 3
1573217161 3
1573217162 3
1573217163 3
1573217164 3
1573217165 3
1573217166 3
1573217167 3
1573217168 3
1573217169 3
1573217170 3
1573217171 3
1573217172 3
1573217173 3
1573217174 3
1573217175 3
1573217176 3
1573217177 3
1573217178 3
1573217179 3
1573217180 3
1573217181 3
1573217182 3
1573217183 3
1573217184 3
1573217185 3
1573217186 3
1573217187 3
1573217188 3
1573217189 3
1573217190 3
1573217191 3
1573217192 3
1573217193 3
1573217194 3
1573217195 3
1573217196 3
1573217197 3
1573217198 3
1573217199 3
1573217200 3
1573217201 3
1573217202 3
1573217203 3
1573217204 3
1573217205 3
1573217206 3
1573217207 3
1573217208 3
1573217209 3
1573217210 3
1573217211 3
1573217212 3
1573217213 3
1573217214 3
1573217215 3
1573217216 3
1573217217 3
1573217218 3
1573217219 3
1573217220 3
1573217221 3
1573217222 3
1573217223 3
1573217224 3
1573217225 3
1573217226 3
1573217227 3
1573217228 3
1573217229 3
1573217230 3
1573217231 3
1573217232 3
1573217233 3
1573217234 3
1573217235 3
1573217236 3
1573217237 3
1573217238 3
1573217239 3
1573217240 3
1573217241 3
1573217242 3
1573217243 3
1573217244 3
1573217245 3
1573217246 3
1573217247 3
1573217248 3
1573217249 3
1573217250 3
1573217251 3
1573217252 3
1573217253 3
1573217254 3
1573217255 3
1573217256 3
1573217257 3
1573217258 3
1573217259 3
1573217260 3
1573217261 3
1573217262 3
1573217263 3
1573217264 3
1573217265 3
1573217266 3
1573217267 3
1573217268 3
1573217269 3
1573217270 3
1573217271 3
1573217272 3
1573217273 3
1573217274 3
1573217275 3
1573217276 3
1573217277 3
1573217278 3
1573217279 3
1573217280 3
1573217281 3
1573217282 3
1573217283 3
1573217284 3
1573217285 3
1573217286 3
1573217287 3
1573217288 3
1573217289 3
1573217290 3
1573217291 3
1573217292 3
1573217293 3
1573217294 3
1573217295 3
1573217296 3
1573217297 3
1573217298 3
1573217299 3
1573217300 3
1573217301 3
1573217302 3
1573217303 3
1573217304 3
1573217305 3
1573217306 3
1573217307 3
1573217308 3
1573217309 3
1573217310 3
1573217311 3
1573217312 3
1573217313 3
1573217314 3
1573217315 3
1573217316 3
1573217317 3
1573217318 3
1573217319 3
1573217320 3
1573217321 3
1573217322 3
1573217323 3
1573217324 3
1573217325 3
1573217326 3
1573217327 3
1573217328 3
1573217329 3
1573217330 3
1573217331 3
1573217332 3
1573217333 3
1573217334 3
1573217335 3
1573217336 3
1573217337 3
1573217338 3
1573217339 3
1573217340 3
1573217341 3
1573217342 3
1573217343 3
1573217344 3
1573217345 3
1573217346 3
1573217347 3
1573217348 3
1573217349 3
1573217350 3
1573217351 3
1573217352 3
1573217353 3
1573217354 3
1573217355 3
1573217356 3
1573217357 3
1573217358 3
1573217359 3
1573217360 3
1573217361 3
1573217362 3
1573217363 3
1573217364 3
1573217365 3
1573217366 3
1573217367 3
1573217368 3
1573217369 3
1573217370 3
1573217371 3
1573217372 3
1573217373 3
1573217374 3
1573217375 3
1573217376 3
1573217377 3
1573217378 3
1573217379 3
1573217380 3
1573217381 3
1573217382 3
1573217383 3
1573217384 3
1573217385 3
1573217386 3
1573217387 3
1573217388 3
1573217389 3
1573217390 3
1573217391 3
1573217392 3
1573217393 3
1573217394 3
1573217395 3
1573217396 3
1573217397 3
1573217398 3
1573217399 3
1573217400 3
1573217401 3
1573217402 3
1573217403 3
1573217404 3
1573217405 3
1573217406 3
1573217407 3
1573217408 3
1573217409 3
1573217410 3
1573217411 3
1573217412 3
1573217413 3
1573217414 3
1573217415 3
1573217416 3
1573217417 3
1573217418 3
1573217419 3
1573217420 3
1573217421 3
1573217422 3
1573217423 3
1573217424 3
1573217425 3
1573217426 3
1573217427 3
1573217428 3
1573217429 3
1573217430 3
1573217431 3
1573217432 3
1573217433 3
1573217434 3
1573217435 3
1573217436 3
1573217437 3
1573217438 3
1573217439 3
1573217440 3
1573217441 3
1573217442 3
1573217443 3
1573217444 3
1573217445 3
1573217446 3
1573217447 3
1573217448 3
1573217449 3
1573217450 3
1573217451 3
1573217452 3
1573217453 3
1573217454 3
1573217455 3
1573217456 3
1573217457 3
1573217458 3
1573217459 3
1573217460 3
1573217461 3
1573217462 3
1573217463 3
1573217464 3
1573217465 3
1573217466 3
1573217467 3
1573217468 3
1573217469 3
1573217470 3
1573217471 3
1573217472 3
1573217473 3
1573217474 3
1573217475 3
1573217476 3
1573217477 3
1573217478 3
1573217479 3
1573217480 3
1573217481 3
1573217482 3
1573217483 3
1573217484 3
1573217485 3
1573217486 3
1573217487 3
1573217488 3
1573217489 3
1573217490 3
1573217491 3
1573217492 3
1573217493 3
1573217494 3
1573217495 3
1573217496 3
1573217497 3
1573217498 3
1573217499 3
1573217500 3
1573217501 3
1573217502 3
1573217503 3
1573217504 3
1573217505 3
1573217506 3
1573217507 3
1573217508 3
1573217509 3
1573217510 3
1573217511 3
1573217512 3
1573217513 3
1573217514 3
1573217515 3
1573217516 3
1573217517 3
1573217518 3
1573217519 3
1573217520 3
1573217521 3
1573217522 3
1573217523 3
1573217524 3
1573217525 3
1573217526 3
1573217527 3
1573217528 3
1573217529 3
1573217530 3
1573217531 3
1573217532 3
1573217533 3
1573217534 3
1573217535 3
1573217536 3
1573217537 3
1573217538 3
1573217539 3
1573217540 3
1573217541 3
1573217542 3
1573217543 3
1573217544 3
1573217545 3
1573217546 3
1573217547 3
1573217548 3
1573217549 3
1573217550 3
1573217551 3
1573217552 3
1573217553 3
1573217554 3
1573217555 3
1573217556 3
1573217557 3
1573217558 3
1573217559 3
1573217560 3
1573217561 3
1573217562 3
1573217563 3
1573217564 3
1573217565 3
1573217566 3
1573217567 3
1573217568 3
1573217569 3
1573217570 3
1573217571 3
1573217572 3
1573217573 3
1573217574 3
1573217575 3
1573217576 3
1573217577 3
1573217578 3
1573217579 3
1573217580 3
1573217581 3
1573217582 3
1573217583 3
1573217584 3
1573217585 3
1573217586 3
1573217587 3
1573217588 3
1573217589 3
1573217590 3
1573217591 3
1573217592 3
1573217593 3
1573217594 3
1573217595 3
1573217596 3
1573217597 3
1573217598 3
1573217599 3
1573217600 3
1573217601 3
1573217602 3
1573217603 3
1573217604 3
1573217605 3
1573217606 3
1573217607 3
1573217608 3
1573217609 3
1573217610 3
1573217611 3
1573217612 3
1573217613 3
1573217614 3
1573217615 3
1573217616 3
1573217617 3
1573217618 3
1573217619 3
1573217620 3
1573217621 3
1573217622 3
1573217623 3
1573217624 3
1573217625 3
1573217626 3
1573217627 3
1573217628 3
1573217629 3
1573217630 3
1573217631 3
1573217632 3
1573217633 3
1573217634 3
1573217635 3
1573217636 3
1573217637 3
1573217638 3
1573217639 3
1573217640 3
1573217641 3
1573217642 3
1573217643 3
1573217644 3
1573217645 3
1573217646 3
1573217647 3
1573217648 3
1573217649 3
1573217650 3
1573217651 3
1573217652 3
1573217653 3
1573217654 3
1573217655 3
1573217656 3
1573217657 3
1573217658 3
1573217659 3
1573217660 3
1573217661 3
1573217662 3
1573217663 3
1573217664 3
1573217665 3
1573217666 3
1573217667 3
1573217668 3
1573217669 3
1573217670 3
1573217671 3
1573217672 3
1573217673 3
1573217674 3
1573217675 3
1573217676 3
1573217677 3
1573217678 3
1573217679 3
1573217680 3
1573217681 3
1573217682 3
1573217683 3
1573217684 3
1573217685 3
1573217686 3
1573217687 3
1573217688 3
1573217689 3
1573217690 3
1573217691 3
1573217692 3
1573217693 3
1573217694 3
1573217695 3
1573217696 3
1573217697 3
1573217698 3
1573217699 3
1573217700 3
1573217701 3
1573217702 3
1573217703 3
1573217704 3
1573217705 3
1573217706 3
1573217707 3
1573217708 3
1573217709 3
1573217710 3
1573217711 3
1573217712 3
1573217713 3
1573217714 3
1573217715 3
1573217716 3
1573217717 3
1573217718 3
1573217719 3
1573217720 3
1573217721 3
1573217722 3
1573217723 3
1573217724 3
1573217725 3
1573217726 3
1573217727 3
1573217728 3
1573217729 3
1573217730 3
1573217731 3
1573217732 3
1573217733 3
1573217734 3
1573217735 3
1573217736 3
1573217737 3
1573217738 3
1573217739 3
1573217740 3
1573217741 3
1573217742 3
1573217743 3
1573217744 3
1573217745 3
1573217746 3
1573217747 3
1573217748 3
1573217749 3
1573217750 3
1573217751 3
1573217752 3
1573217753 3
1573217754 3
1573217755 3
1573217756 3
1573217757 3
1573217758 3
1573217759 3
1573217760 3
1573217761 3
1573217762 3
1573217763 3
1573217764 3
1573217765 3
1573217766 3
1573217767 3
1573217768 3
1573217769 3
1573217770 3
1573217771 3
1573217772 3
1573217773 3
1573217774 3
1573217775 3
1573217776 3
1573217777 3
1573217778 3
1573217779 3
1573217780 3
1573217781 3
1573217782 3
1573217783 3
1573217784 3
1573217785 3
1573217786 3
1573217787 3
1573217788 3
1573217789 3
1573217790 3
1573217791 3
1573217792 3
1573217793 3
1573217794 3
1573217795 3
1573217796 3
1573217797 3
1573217798 3
1573217799 3
1573217800 3
1573217801 3
1573217802 3
1573217803 3
1573217804 3
1573217805 3
1573217806 3
1573217807 3
1573217808 3
1573217809 3
1573217810 3
1573217811 3
1573217812 3
1573217813 3
1573217814 3
1573217815 3
1573217816 3
1573217817 3
1573217818 3
1573217819 3
1573217820 3
1573217821 3
1573217822 3
1573217823 3
1573217824 3
1573217825 3
1573217826 3
1573217827 3
1573217828 3
1573217829 3
1573217830 3
1573217831 3
1573217832 3
1573217833 3
1573217834 3
1573217835 3
1573217836 3
1573217837 3
1573217838 3
1573217839 3
1573217840 3
1573217841 3
1573217842 3
1573217843 3
1573217844 3
1573217845 3
1573217846 3
1573217847 3
1573217848 3
1573217849 3
1573217850 3
1573217851 3
1573217852 3
1573217853 3
1573217854 3
1573217855 3
1573217856 3
1573217857 3
1573217858 3
1573217859 3
1573217860 3
1573217861 3
1573217862 3
1573217863 3
1573217864 3
1573217865 3
1573217866 3
1573217867 3
1573217868 3
1573217869 3
1573217870 3
1573217871 3
1573217872 3
1573217873 3
1573217874 3
1573217875 3
1573217876 3
1573217877 3
1573217878 3
1573217879 3
1573217880 3
1573217881 3
1573217882 3
1573217883 3
1573217884 3
1573217885 3
1573217886 3
1573217887 3
1573217888 3
1573217889 3
1573217890 3
1573217891 3
1573217892 3
1573217893 3
1573217894 3
1573217895 3
1573217896 3
1573217897 3
1573217898 3
1573217899 3
1573217900 3
1573217901 3
1573217902 3
1573217903 3
1573217904 3
1573217905 3
1573217906 3
1573217907 3
1573217908 3
1573217909 3
1573217910 3
1573217911 3
1573217912 3
1573217913 3
1573217914 3
1573217915 3
1573217916 3
1573217917 3
1573217918 3
1573217919 3
1573217920 3
1573217921 3
1573217922 3
1573217923 3
1573217924 3
1573217925 3
1573217926 3
1573217927 3
1573217928 3
1573217929 3
1573217930 3
1573217931 3
1573217932 3
1573217933 3
1573217934 3
1573217935 3
1573217936 3
1573217937 3
1573217938 3
1573217939 3
1573217940 3
1573217941 3
1573217942 3
1573217943 3
1573217944 3
1573217945 3
1573217946 3
1573217947 3
1573217948 3
1573217949 3
1573217950 3
1573217951 3
1573217952 3
1573217953 3
1573217954 3
1573217955 3
1573217956 3
1573217957 3
1573217958 3
1573217959 3
1573217960 3
1573217961 3
1573217962 3
1573217963 3
1573217964 3
1573217965 3
1573217966 3
1573217967 3
1573217968 3
1573217969 3
1573217970 3
1573217971 3
1573217972 3
1573217973 3
1573217974 3
1573217975 3
1573217976 3
1573217977 3
1573217978 3
1573217979 3
1573217980 3
1573217981 3
1573217982 3
1573217983 3
1573217984 3
1573217985 3
1573217986 3
1573217987 3
1573217988 3
1573217989 3
1573217990 3
1573217991 3
1573217992 3
1573217993 3
1573217994 3
1573217995 3
1573217996 3
1573217997 3
1573217998 3
1573217999 3
1573218000 3
1573218001 3
1573218002 3
1573218003 3
1573218004 3
1573218005 3
1573218006 3
1573218007 3
1573218008 3
1573218009 3
1573218010 3
1573218011 3
1573218012 3
1573218013 3
1573218014 3
1573218015 3
1573218016 3
1573218017 3
1573218018 3
1573218019 3
1573218020 3
1573218021 3
1573218022 3
1573218023 3
1573218024 3
1573218025 3
1573218026 3
1573218027 3
1573218028 3
1573218029 3
1573218030 3
1573218031 3
1573218032 3
1573218033 3
1573218034 3
1573218035 3
1573218036 3
1573218037 3
1573218038 3
1573218039 3
1573218040 3
1573218041 3
1573218042 3
1573218043 3
1573218044 3
1573218045 3
1573218046 3
1573218047 3
1573218048 3
1573218049 3
1573218050 3
1573218051 3
1573218052 3
1573218053 3
1573218054 3
1573218055 3
1573218056 3
1573218057 3
1573218058 3
1573218059 3
1573218060 3
1573218061 3
1573218062 3
1573218063 3
1573218064 3
1573218065 3
1573218066 3
1573218067 3
1573218068 3
1573218069 3
1573218070 3
1573218071 3
1573218072 3
1573218073 3
1573218074 3
1573218075 3
1573218076 3
1573218077 3
1573218078 3
1573218079 3
1573218080 3
1573218081 3
1573218082 2
1573218083 2
1573218084 2
1573218085 2
1573218086 2
1573218087 2
1573218088 2
1573218089 2
1573218090 2
1573218091 2
1573218092 2
1573218093 2
1573218094 2
1573218095 2
1573218096 2
1573218097 2
1573218098 2
1573218099 2
1573218100 2
1573218101 2
1573218102 2
1573218103 2
1573218104 2
1573218105 2
1573218106 2
1573218107 2
1573218108 2
1573218109 2
1573218110 2
1573218111 2
1573218112 2
1573218113 2
1573218114 2
1573218115 3
1573218116 3
1573218117 3
1573218118 3
1573218119 3
1573218120 3
1573218121 3
1573218122 3
1573218123 3
1573218124 3
1573218125 3
1573218126 3
1573218127 3
1573218128 3
1573218129 3
1573218130 3
1573218131 3
1573218132 3
1573218133 3
1573218134 3
1573218135 4
1573218136 4
1573218137 3
1573218138 3
1573218139 3
1573218140 3
1573218141 3
1573218142 3
1573218143 3
1573218144 3
1573218145 3
1573218146 3
1573218147 3
1573218148 3
1573218149 3
1573218150 3
1573218151 3
1573218152 3
1573218153 3
1573218154 3
1573218155 3
1573218156 3
1573218157 3
1573218158 3
1573218159 3
1573218160 3
1573218161 3
1573218162 3
1573218163 3
1573218164 3
1573218165 5
