1580304722 3
1580304723 5
1580304724 4
1580304725 6
1580304726 6
1580304727 4
1580304728 4
1580304867 3
1580304868 3
1580304869 3
1580304870 3
1580304871 3
1580304872 3
1580304873 4
1580304874 4
1580304875 4
1580304876 3
1580304877 2
1580304878 2
1580304879 3
1580304880 5
1580304881 5
1580304882 5
1580304883 7
1580304884 5
1580304885 5
1580305040 3
1580305041 4
1580305042 3
1580305043 4
1580305044 7
1580305045 4
1580305046 5
1580305188 3
1580305189 3
1580305190 3
1580305191 3
1580305192 3
1580305193 3
1580305194 4
1580305195 4
1580305196 4
1580305197 4
1580305198 4
1580305199 3
1580305200 3
1580305201 2
1580305202 5
1580305203 3
1580305204 4
1580305205 6
1580305206 5
1580305207 4
1580305385 3
1580305386 5
1580305387 5
1580305388 6
1580305389 6
1580305390 4
1580305391 4
1580305532 3
1580305533 3
1580305534 3
1580305535 3
1580305536 3
1580305537 3
1580305538 3
1580305539 3
1580305540 3
1580305541 3
1580305542 2
1580305543 2
1580305544 3
1580305545 3
1580305546 3
1580305547 4
1580305548 6
1580305549 6
1580305550 6
1580305551 7
1580305695 3
1580305696 3
1580305697 3
1580305698 3
1580305699 3
1580305700 3
1580305701 4
1580305702 4
1580305703 5
1580305704 5
1580305705 5
1580305706 4
1580305707 3
1580305708 4
1580305709 4
1580305710 5
1580305711 4
1580305712 5
1580305713 5
1580305714 5
1580305715 4
1580305716 5
1580305854 3
1580305855 3
1580305856 3
1580305857 3
1580305858 3
1580305859 3
1580305860 3
1580305861 3
1580305862 3
1580305863 3
1580305864 2
1580305865 2
1580305866 2
1580305867 3
1580305868 3
1580305869 4
1580305870 6
1580305871 5
1580305872 5
1580305873 6
1580306022 4
1580306023 3
1580306024 4
1580306025 6
1580306026 6
1580306027 4
1580306028 4
1580306169 3
1580306170 3
1580306171 3
1580306172 3
1580306173 3
1580306174 3
1580306175 3
1580306176 3
1580306177 3
1580306178 3
1580306179 2
1580306180 2
1580306181 2
1580306182 4
1580306183 3
1580306184 4
1580306185 6
1580306186 6
1580306187 6
1580306188 5
