1579524959 2
1579524960 2
1579524961 2
1579524962 2
1579524963 3
1579524964 4
1579525301 2
1579525302 2
1579525303 2
1579525304 2
1579525305 3
1579525306 3
1579525687 2
1579525688 2
1579525689 2
1579525690 2
1579525691 3
1579525692 4
1579526013 2
1579526014 2
1579526015 2
1579526016 2
1579526017 3
1579526336 2
1579526337 2
1579526338 2
1579526339 2
1579526340 3
1579526341 5
1579526378 2
1579526379 2
1579526380 2
1579526381 2
1579526382 2
1579526383 2
1579528643 2
1579528644 2
1579528645 2
1579528646 2
1579528647 3
1579528648 4
1579529066 2
1579529067 2
1579529068 2
1579529069 2
1579529070 3
1579529071 4
1579529443 2
1579529444 2
1579529445 2
1579529446 2
1579529447 3
1579529448 4
1579529783 2
1579529784 2
1579529785 2
1579529786 2
1579529787 3
1579529788 4
1579530094 2
1579530095 2
1579530096 2
1579530097 2
1579530098 3
1579530821 2
1579530822 2
1579530823 2
1579530824 2
1579530825 2
1579530826 3
1579531411 2
1579531412 2
1579531413 2
1579531414 2
1579531415 3
1579531416 4
1579532450 2
1579532451 2
1579532452 2
1579532453 2
1579532454 3
1579533209 2
1579533210 2
1579533211 2
1579533212 2
1579533213 3
1579533214 4
1579533802 2
1579533803 2
1579533804 2
1579533805 2
1579533806 3
1579534446 2
1579534447 2
1579534448 2
1579534449 2
1579534450 3
1579535118 3
1579535119 3
1579535120 2
1579535121 2
1579535122 2
1579535123 3
1579535706 2
1579535707 2
1579535708 2
1579535709 2
1579535710 3
1579535711 4
1579536785 4
1579536786 4
1579536787 4
1579536788 3
1579536789 3
1579536790 3
1579537354 2
1579537355 2
1579537356 2
1579537357 2
1579537358 3
