1573828231 2
1573828232 2
1573828233 2
1573828234 2
1573828235 3
1573828539 2
1573828540 2
1573828541 2
1573828542 2
1573828543 3
1573828544 4
1573828846 2
1573828847 2
1573828848 2
1573828849 2
1573828850 3
1573829151 2
1573829152 2
1573829153 2
1573829154 2
1573829155 3
1573829455 2
1573829456 2
1573829457 2
1573829458 2
1573829459 3
1573829460 3
1573829835 2
1573829836 2
1573829837 2
1573829838 2
1573829839 3
1573829840 3
1573830323 2
1573830324 2
1573830325 2
1573830326 2
1573830327 3
1573830328 4
1573830632 2
1573830633 2
1573830634 2
1573830635 2
1573830636 2
1573830637 4
1573830939 2
1573830940 2
1573830941 2
1573830942 2
1573830943 3
1573831244 2
1573831245 2
1573831246 2
1573831247 2
1573831248 3
