1579191236 2
1579191237 2
1579191238 2
1579191239 3
1579191240 3
1579191241 3
1579191849 3
1579191850 2
1579191851 2
1579191852 3
1579191853 3
1579192416 2
1579192417 2
1579192418 2
1579192419 3
1579192420 3
1579193000 2
1579193001 2
1579193002 2
1579193003 3
1579193004 3
1579193586 2
1579193587 2
1579193588 2
1579193589 3
1579193590 3
1579194151 2
1579194152 2
1579194153 3
1579194154 3
1579194155 3
1579194718 2
1579194719 2
1579194720 2
1579194721 3
1579194722 3
1579194723 3
1579195285 2
1579195286 2
1579195287 2
1579195288 3
1579195289 3
1579195874 2
1579195875 2
1579195876 2
1579195877 3
1579195878 3
1579196437 2
1579196438 2
1579196439 3
1579196440 3
