1572269112 3
1572269113 3
1572269114 2
1572269115 2
1572269116 1
1572269117 1
1572269527 2
1572269528 1
1572269529 1
1572269530 1
1572269531 1
1572269532 2
1572269942 3
1572269943 3
1572269944 3
1572269945 2
1572269946 2
1572270347 2
1572270348 2
1572270349 1
1572270350 1
1572270351 1
1572270352 1
1572270743 2
1572270744 3
1572270745 3
1572270746 3
1572270747 3
1572270748 4
1572272457 3
1572272458 2
1572272459 3
1572272460 3
1572272461 3
1572272788 1
1572272789 1
1572272790 1
1572272791 1
1572273122 3
1572273123 1
1572273124 1
1572273125 1
1572273126 1
1572273469 2
1572273470 2
1572273471 2
1572273472 2
1572273473 2
1572273802 3
1572273803 2
1572273804 2
1572273805 2
1572276226 4
1572276227 2
1572276228 2
1572276229 2
1572276230 2
1572276563 3
1572276564 3
1572276565 2
1572276566 2
1572276567 2
1572276897 2
1572276898 2
1572276899 1
1572276900 2
1572276901 2
1572277228 1
1572277229 1
1572277230 1
1572277231 2
1572277232 2
1572277563 2
1572277564 2
1572277565 1
1572277566 1
1572277567 2
1572277922 1
1572277923 1
1572277924 1
1572277925 2
1572278254 2
1572278255 1
1572278256 1
1572278257 2
1572278585 1
1572278586 1
1572278587 1
1572278588 1
1572278589 1
