1579524882 4
1579524883 3
1579524884 2
1579524885 2
1579524886 2
1579525223 4
1579525224 4
1579525225 4
1579525226 3
1579525227 4
1579525608 3
1579525609 2
1579525610 3
1579525611 2
1579525612 2
1579525933 2
1579525934 2
1579525935 1
1579525936 1
1579525937 1
1579526260 4
1579526261 2
1579526262 2
1579526263 2
1579528565 4
1579528566 4
1579528567 3
1579528568 2
1579528988 3
1579528989 1
1579528990 1
1579528991 1
1579528992 1
1579529365 3
1579529366 4
1579529367 3
1579529368 2
1579529369 2
1579529704 2
1579529705 2
1579529706 3
1579529707 2
1579529708 2
1579529709 2
1579530016 2
1579530017 1
1579530018 1
1579530019 1
1579530756 2
1579530757 1
1579530758 1
1579530759 1
1579531328 2
1579531329 2
1579531330 1
1579531331 1
1579531332 1
1579532384 2
1579532385 2
1579532386 1
1579532387 1
1579533076 2
1579533077 2
1579533078 2
1579533079 1
1579533737 2
1579533738 2
1579533739 1
1579533740 1
1579534381 3
1579534382 2
1579534383 1
1579534384 1
1579535052 3
1579535053 3
1579535054 2
1579535055 1
1579535056 1
1579535641 3
1579535642 1
1579535643 1
1579535644 1
1579536719 2
1579536720 1
1579536721 1
1579536722 1
1579536723 1
1579537288 2
1579537289 1
1579537290 1
1579537291 1
