1572967697 2
1572967698 1
1572967699 3
1572967700 3
1572967701 2
1572967702 2
1572967703 2
1572968356 2
1572968357 1
1572968358 1
1572968359 1
1572969655 2
1572969656 1
1572969657 1
1572969658 1
1572969659 1
1572970316 2
1572970317 1
1572970318 1
1572970319 1
1572970320 1
1572970967 2
1572970968 1
1572970969 1
1572970970 1
1572971628 2
1572971629 2
1572971630 1
1572971631 1
1572971632 1
1572972290 2
1572972291 1
1572972292 1
1572972293 1
1572972294 1
1572973003 2
1572973004 1
1572973005 1
1572973006 1
1572973007 1
1572973655 2
1572973656 1
1572973657 1
1572973658 1
1572973659 1
1572974304 1
1572974305 1
1572974306 1
1572974307 1
1572974308 1
1572974963 1
1572974964 1
1572974965 1
1572974966 1
1572975364 1
1572975365 1
1572975366 1
1572975367 1
1572975694 3
1572975695 2
1572975696 2
1572975697 2
1572975698 2
1572976066 2
1572976067 1
1572976068 1
1572976069 1
1572976070 1
1572976444 1
1572976445 1
1572976446 1
1572976447 1
1572976448 1
1572976776 2
1572976777 1
1572976778 1
1572976779 1
1572976780 1
1572977105 1
1572977106 1
1572977107 1
1572977108 1
1572977109 1
1572977469 1
1572977470 1
1572977471 1
1572977472 1
1572977473 1
1572977798 3
1572977799 2
1572977800 2
1572977801 1
1572977802 1
1572978187 2
1572978188 2
1572978189 2
1572978190 2
1572978191 2
