1582188902 2
1582188903 1
1582188904 1
1582188905 1
1582188906 1
1582188907 2
1582188908 2
1582188909 3
1582188910 2
1582188911 3
1582188912 2
1582188913 2
1582188914 2
1582188915 2
1582188916 2
1582188917 2
1582188918 1
1582188919 1
1582188920 1
1582188921 2
1582190947 1
1582190948 1
1582190949 1
1582190950 1
1582191236 2
1582191237 3
1582191238 3
1582191239 2
1582191240 2
1582191241 3
1582191242 3
1582191243 4
1582191534 1
1582191535 1
1582191536 1
1582191537 1
1582191538 1
1582191830 1
1582191831 1
1582191832 1
1582191833 1
1582192119 1
1582192120 1
1582192121 1
1582192122 1
1582192411 1
1582192412 1
1582192413 1
1582192414 1
1582192707 2
1582192708 2
1582192709 2
1582192710 1
1582192995 1
1582192996 1
1582192997 1
1582192998 1
1582192999 1
1582193285 2
1582193286 1
1582193287 1
1582193288 1
