1571754310 1
1571754311 1
1571754312 1
1571754313 1
1571754314 1
1571754315 1
1571754703 2
1571754704 2
1571754705 1
1571754706 1
1571754707 1
1571754708 1
1571755103 1
1571755104 1
1571755105 1
1571755106 1
1571755107 1
1571755108 1
1571755506 3
1571755507 3
1571755508 2
1571755509 2
1571755510 3
1571755511 3
1571756735 3
1571756736 2
1571756737 2
1571756738 2
1571756739 2
1571756740 2
1571757172 1
1571757173 1
1571757174 1
1571757175 1
1571757176 1
1571757177 1
1571757591 2
1571757592 1
1571757593 1
1571757594 1
1571757595 1
1571757986 1
1571757987 2
1571757988 1
1571757989 1
1571757990 1
1571757991 2
1571758379 1
1571758380 1
1571758381 1
1571758382 1
1571758383 1
1571758384 1
1571758771 1
1571758772 1
1571758773 1
1571758774 1
1571758775 1
1571758776 1
1571762384 1
1571762385 1
1571762386 1
1571762387 1
1571762388 1
1571762780 3
1571762781 2
1571762782 2
1571762783 1
1571762784 1
1571762785 1
1571763172 1
1571763173 1
1571763174 1
1571763175 1
1571763176 1
1571763177 1
1571763561 2
1571763562 1
1571763563 1
1571763564 1
1571763565 1
1571763566 1
1571763955 1
1571763956 1
1571763957 1
1571763958 1
1571763959 1
1571763960 1
1571764380 2
1571764381 1
1571764382 1
1571764383 1
1571764384 1
1571764385 1
1571764771 1
1571764772 1
1571764773 1
1571764774 1
1571764775 1
1571764776 1
1571765162 2
1571765163 2
1571765164 1
1571765165 1
1571765166 1
1571765167 1
1571765551 1
1571765552 2
1571765553 1
1571765554 1
1571765555 2
1571765942 2
1571765943 2
1571765944 1
1571765945 1
1571765946 1
1571765947 1
1571766906 2
1571766907 2
1571766908 1
1571766909 2
1571766910 2
1571766911 2
