1580304698 6.02694461
1580304855 5.696168714
1580305016 5.782834716
1580305176 6.004519801
1580305361 5.800316919
1580305520 5.766158506
1580305683 5.839148901
1580305842 5.835528954
1580305998 5.978522444
1580306157 5.978118647
1580306462 5.764402048
1580306763 5.817116256
1580307078 5.846215169
1580307639 5.884586157
1580307949 5.752024417
1580308261 6.055891335
1580310464 6.051383319
1580310778 5.958809672
1580311092 5.983717354
1580311400 5.704358478
1580311774 5.927588849
1580312118 5.928971627
1580312703 5.797463225
1580313261 5.933300961
1580314225 5.847710832
1580314782 5.887982439
1580315337 5.495997485
1580315901 5.692864732
1580316604 5.608255228
1580317176 5.618957236
