1573741850 5.337578164
1573741967 5.334080066
1573743599 5.364951118
1573743701 5.510736606
1573743800 5.714885927
1573743897 5.454556701
1573743997 5.872094686
1573744191 5.393488127
1573744289 5.701044224
1573744385 5.470847733
1573744476 5.708397177
1573744588 5.795213208
1573744681 5.772505893
1573744796 5.683681542
1573744893 5.820730369
1573745030 5.462746645
1573745213 5.835412072
1573745311 5.7516864
1573745413 5.757140962
1573745511 5.30086815
1573745611 5.431244235
1573745709 5.375084238
1573745812 5.594444793
1573745911 5.300218531
1573746006 6.128932231
1573746107 5.664698236
1573746205 5.614714455
1573746306 5.651528563
1573746407 5.416445473
1573746504 5.706374845
1573746600 5.280299781
1573748921 5.353189004
1573749017 5.708493985
1573749118 5.334995981
1573749230 5.598110543
1573749323 5.504690957
1573749456 5.299759652
1573749562 5.469211502
1573749661 5.771379698
1573749760 5.506808351
1573749856 5.533779317
1573752453 5.370994131
1573752711 5.361593982
1573752870 5.481592498
1573753028 5.441005757
1573753186 5.272028878
1573753340 5.511089683
1573753499 5.332806822
1573753652 6.045085922
1573753814 5.524619896
1573754634 5.363170474
1573754793 5.612144142
1573754954 6.016449616
1573755123 5.334213264
1573755282 5.448083221
1573755441 5.632744033
1573755597 5.575352778
1573755755 5.675883168
1573755913 5.530243374
1573756070 5.522457358
