1573828127 3
1573828128 2
1573828129 2
1573828130 2
1573828427 1
1573828428 1
1573828429 2
1573828430 2
1573828431 2
1573828432 2
1573828433 2
1573828434 3
1573828435 2
1573828436 2
1573828437 2
1573828438 2
1573828743 3
1573828744 3
1573828745 3
1573828746 2
1573829039 1
1573829040 1
1573829041 1
1573829042 2
1573829043 2
1573829044 2
1573829045 2
1573829046 2
1573829047 3
1573829048 3
1573829049 2
1573829050 2
1573829051 2
1573829352 2
1573829353 2
1573829354 2
1573829355 2
1573829663 2
1573829664 2
1573829665 2
1573829666 2
1573830220 3
1573830221 2
1573830222 2
1573830223 2
1573830528 4
1573830529 4
1573830530 4
1573830531 3
1573830834 2
1573830835 2
1573830836 2
1573830837 2
1573831142 3
1573831143 2
1573831144 2
1573831145 2
