1570446979 3
1570446980 4
1570446981 4
1570446982 3
1570446983 3
1570446984 4
1570446985 6
1570446986 7
1570446987 7
1570446988 5
1570446989 5
1570446990 5
1570446991 5
1570446992 5
1570446993 6
1570446994 2
1570446995 3
1570446996 3
1570446997 3
1570446998 2
1570446999 2
1570447000 2
1570447001 2
1570447002 2
1570447003 2
1570448811 3
1570448812 3
1570448813 3
1570448814 3
1570448815 2
1570448816 2
1570448817 2
1570448818 3
1570448819 2
1570448820 3
1570448821 2
1570449282 4
1570449283 4
1570449284 2
1570449285 2
1570449286 2
1570449287 2
1570449288 2
1570449289 1
1570449290 1
1570449291 1
1570449292 1
1570449733 3
1570449734 4
1570449735 3
1570449736 3
1570449737 3
1570449738 3
1570449739 5
1570449740 4
1570449741 5
1570449742 4
1570449743 6
1570449744 4
1570449745 6
1570449746 6
1570449747 5
1570449748 4
1570449749 4
1570449750 4
1570449751 2
1570449752 2
1570449753 2
1570449754 1
1570449755 1
1570449756 1
