1574710656 3
1574710657 3
1574710658 3
1574710659 3
1574710660 4
1574710661 4
1574710662 5
1574710663 5
1574710664 5
1574710665 4
1574710666 4
1574710667 3
1574710668 3
1574710669 3
1574710670 3
1574710671 1
1574710672 1
1574710673 1
1574710676 1
1574710677 1
1574710678 1
1574710679 2
1574710680 2
1574710681 2
1574710682 2
1574710683 2
1574710684 2
1574710685 2
1574710686 2
1574710687 1
1574710688 1
1574710689 1
1574710690 1
1574710691 1
1574710692 1
1574710693 1
1574710694 3
1574710695 3
1574710696 3
1574710697 4
1574710698 4
1574710699 4
1574710700 5
1574710701 5
1574710702 5
1574710703 4
1574710704 3
1574710705 3
1574710706 3
1574710707 4
1574710708 3
1574710709 3
1574710710 3
1574710711 3
1574710712 3
1574710713 3
1574710714 2
1574710715 2
1574710716 2
1574710717 2
1574710718 2
1574710719 2
1574710720 3
1574710721 2
1574710722 2
1574710723 2
1574710724 3
1574710725 2
1574710726 3
1574710727 2
1574710728 2
