1571751986 3.171191571
1571752180 3.32417803
1571752380 3.357868137
1571752585 3.295891394
1571752779 3.365045868
1571752976 3.393841936
1571753173 3.37658551
1571753370 3.480006279
1571753568 3.458493884
1571753763 3.390943622
1571754072 3.307499931
1571754469 3.383230165
1571754862 3.299987154
1571755265 3.363080418
1571755829 3.328943358
1571756498 3.407010609
1571756910 3.340941009
1571757358 3.33104338
1571757748 3.418030269
1571758147 3.397585549
1571758537 3.276354856
1571760122 3.644538732
1571760318 3.324563527
1571760718 3.241646118
1571760916 3.490515311
1571761128 3.507855142
1571761327 3.283709317
1571761522 3.212592935
1571761717 3.381297774
1571761921 4.699751588
1571762152 3.350164539
1571762547 3.944458864
1571762941 3.438657229
1571763329 3.497145709
1571763721 3.230385124
1571764127 3.45581901
1571764538 3.339766185
1571764930 3.292305692
1571765318 3.38351163
1571765710 3.379145892
1571766287 3.317044214
1571767069 3.212076528
