1574711069 0 
1574711070 0 
1574708863 0 
1574708864 0 
1574708865 0 
1569853770 1 
1569853771 0 
1569853772 0 
1569853773 0 
1569854837 2 
1569854838 2 
1569854839 1 
1569854840 1 
1569854841 1 
1569855386 0 
1569855387 0 
1569855388 0 
1569855389 0 
1569855390 0 
1569856438 0 
1569856439 0 
1569856440 1 
1569856441 0 
1570448954 0 
1570448955 0 
1570448956 0 
1570448957 0 
1570449455 1 
1570449456 0 
1570449457 0 
1570449458 0 
1570449894 0 
1570449895 0 
1570449896 0 
1571323441 0 
1571323442 0 
1571323443 0 
1571323444 0 
1571323834 0 
1571323835 0 
1571323836 0 
1571323837 0 
1571324237 0 
1571324238 0 
1571324239 0 
1571324240 0 
1571324636 0 
1571324637 0 
1571324638 0 
1571324639 0 
1571327566 0 
1571327567 0 
1571327568 0 
1571327569 0 
1571327957 0 
1571327958 0 
1571327959 0 
1571327960 0 
1571328348 0 
1571328349 0 
1571328350 0 
1571328351 0 
1571328739 0 
1571328740 0 
1571328741 0 
1571328742 0 
1571329130 0 
1571329131 0 
1571329132 0 
1571329133 0 
1571329521 0 
1571329522 0 
1571329523 0 
1571329524 0 
1571330495 1 
1571330496 0 
1571330497 0 
1571330498 0 