1582026926 3
1582026927 2
1582026928 2
1582026929 2
1582026930 2
1582027088 2
1582027089 2
1582027090 2
1582027091 2
1582027092 3
1582027253 2
1582027254 2
1582027255 2
1582027256 2
1582027257 2
1582027421 2
1582027422 2
1582027423 2
1582027424 2
1582027834 2
1582027835 2
1582027836 2
1582027837 2
1582027998 3
1582027999 2
1582028000 2
1582028001 2
1582028002 2
1582028166 3
1582028167 2
1582028168 2
1582028169 2
1582028170 2
1582028333 2
1582028334 2
1582028335 2
1582028336 2
1582028501 2
1582028502 2
1582028503 2
1582028504 2
1582028505 2
1582028671 2
1582028672 2
1582028673 2
1582028674 2
1582028675 2
