1582884547 2
1582884548 2
1582884549 2
1582884550 2
1582884551 2
1582884724 2
1582884725 2
1582884726 2
1582884727 2
1582884728 2
1582884893 2
1582884894 2
1582884895 2
1582884896 2
1582884897 2
1582885057 2
1582885058 2
1582885059 2
1582885060 2
1582885061 2
1582885221 2
1582885222 2
1582885223 3
1582885224 2
1582885225 2
1582885384 2
1582885385 2
1582885386 2
1582885387 2
1582885388 2
1582885542 2
1582885543 2
1582885544 2
1582885545 2
1582885546 2
1582885704 2
1582885705 2
1582885706 2
1582885707 2
1582885708 2
1582885870 3
1582885871 2
1582885872 2
1582885873 2
1582885874 2
1582886027 2
1582886028 2
1582886029 2
1582886030 2
1582886031 2
