1575112857 2
1575112858 2
1575112859 2
1575112860 3
1575112861 2
1575113018 3
1575113019 2
1575113020 2
1575113021 2
1575113022 2
1575113023 2
1575113024 2
1575113025 2
1575113180 2
1575113181 2
1575113182 2
1575113183 2
1575113184 2
1575113342 2
1575113343 2
1575113344 2
1575113345 2
1575113346 2
1575113500 2
1575113501 2
1575113502 2
1575113503 2
1575113504 2
1575113659 2
1575113660 2
1575113661 2
1575113662 2
1575113663 2
1575113816 2
1575113817 2
1575113818 2
1575113819 2
1575113820 2
1575113974 2
1575113975 2
1575113976 2
1575113977 2
1575113978 2
1575114138 2
1575114139 2
1575114140 2
1575114141 2
1575114298 2
1575114299 2
1575114300 2
1575114301 2
1575114302 2
