1575289787 3
1575289788 2
1575289789 2
1575289790 2
1575289791 2
1575289954 2
1575289955 2
1575289956 2
1575289957 2
1575289958 2
1575290122 2
1575290123 2
1575290124 2
1575290125 2
1575290302 2
1575290303 2
1575290304 2
1575290305 2
1575290306 2
1575290478 2
1575290479 2
1575290480 2
1575290481 2
1575290482 2
1575290654 2
1575290655 2
1575290656 2
1575290657 2
1575290658 2
1575290819 2
1575290820 2
1575290821 2
1575290822 2
1575290823 2
1575290976 2
1575290977 2
1575290978 2
1575290979 2
1575290980 2
1575291139 3
1575291140 2
1575291141 2
1575291142 2
1575291300 2
1575291301 2
1575291302 2
1575291303 2
1575291304 2
