1579184068 2
1579184069 2
1579184070 2
1579184071 2
1579184072 2
1579184783 3
1579184784 3
1579184785 2
1579184786 2
1579184787 2
1579184944 2
1579184945 2
1579184946 3
1579184947 2
1579184948 2
1579185108 2
1579185109 2
1579185110 2
1579185111 2
1579185112 2
1579185281 2
1579185282 2
1579185283 2
1579185284 2
1579185285 2
1579185460 2
1579185461 2
1579185462 2
1579185463 2
1579185464 2
1579185642 2
1579185643 2
1579185644 2
1579185645 2
1579185821 2
1579185822 2
1579185823 2
1579185824 3
1579185825 2
1579186008 2
1579186009 2
1579186010 2
1579186011 2
1579186012 2
1579186013 2
1579186181 2
1579186182 2
1579186183 2
1579186184 2
1579186185 2
