1570543135 3
1570543136 3
1570543137 2
1570543138 2
1570543139 2
1570543140 2
1570543497 3
1570543498 2
1570543499 2
1570543500 2
1570543501 2
1570543502 2
1570543503 2
1570543707 3
1570543708 3
1570543709 3
1570543710 2
1570543711 2
1570543712 2
1570544624 3
1570544625 2
1570544626 2
1570544627 2
1570544628 2
1570544629 2
1570544883 2
1570544884 2
1570544885 2
1570544886 2
1570544887 2
1570544888 2
1570545084 3
1570545085 2
1570545086 2
1570545087 2
1570545088 2
1570545089 2
1570545301 3
1570545302 2
1570545303 2
1570545304 2
1570545305 2
1570545306 2
