1582636750 2
1582636751 2
1582636752 2
1582636753 2
1582636754 2
1582636755 3
1582636756 3
1582636757 3
1582636758 3
1582636759 3
1582636760 2
1582636761 1
1582636762 3
1582636763 3
1582636764 2
1582636765 2
1582636766 2
1582636767 2
1582636768 3
1582636769 2
1582636770 3
1582636771 3
1582636772 3
1582636773 3
1582636774 3
1582636775 3
1582636776 2
1582636777 2
1582636778 1
1582636779 1
1582636780 1
1582636781 2
1582636782 2
1582636783 4
1582636784 3
1582636785 2
1582636786 2
1582636787 2
1582636788 1
1582636789 2
1582636790 1
1582636791 2
1582636792 2
1582636793 4
1582636794 5
1582636795 4
1582636796 4
1582636797 4
1582636798 4
1582636799 4
1582636800 4
1582636801 6
1582636802 4
1582636803 4
1582636804 4
1582636805 3
1582636806 3
1582636807 2
1582637638 2
1582637639 2
1582637640 2
1582637641 2
1582637642 2
1582637643 3
1582637644 3
1582637645 3
1582637646 3
1582637647 3
1582637648 4
1582637649 3
1582637650 4
1582637651 2
1582637652 2
1582637653 2
1582637654 2
1582637655 2
1582637656 2
1582637657 3
1582637658 2
1582637659 3
1582637660 3
1582637661 3
1582637662 5
1582637663 3
1582637664 3
1582637665 2
1582637666 2
1582637667 2
1582637668 1
1582637669 2
1582637670 2
1582637671 1
1582637672 2
1582637673 1
1582637675 1
1582637676 1
1582637677 2
1582637678 2
1582637679 3
1582637680 3
1582637681 2
1582637682 2
1582637683 4
1582637684 4
1582637685 5
1582637686 5
1582637687 4
1582637688 2
1582637689 5
1582637690 4
1582637691 4
1582637692 3
1582637693 3
1582637694 4
1582637695 3
1582640433 2
1582640434 2
1582640435 2
1582640436 2
1582640437 2
1582640438 3
1582640439 4
1582640440 4
1582640441 3
1582640442 4
1582640443 3
1582640444 2
1582640445 4
1582640446 2
1582640447 2
1582640448 2
1582640449 2
1582640450 3
1582640451 3
1582640452 2
1582640453 2
1582640454 3
1582640455 3
1582640456 3
1582640457 3
1582640458 3
1582640459 3
1582640460 2
1582640461 2
1582640462 1
1582640463 2
1582640464 2
1582640465 3
1582640466 3
1582640467 4
1582640468 4
1582640469 3
1582640470 3
1582640471 1
1582640472 2
1582640473 3
1582640474 2
1582640475 2
1582640476 2
1582640477 4
1582640478 3
1582640479 4
1582640480 3
1582640481 5
1582640482 3
1582640483 4
1582640484 3
1582640485 4
1582640486 4
1582640487 5
1582640488 3
1582640489 3
1582640490 3
1582640491 3
1582643296 3
1582643297 2
1582643298 2
1582643299 2
1582643300 2
1582643301 3
1582643302 3
1582643303 3
1582643304 4
1582643305 6
1582643306 5
1582643307 6
1582643308 6
1582643309 4
1582643310 2
1582643311 2
1582643312 2
1582643313 2
1582643314 2
1582643315 2
1582643316 3
1582643317 3
1582643318 3
1582643319 3
1582643320 3
1582643321 3
1582643322 3
1582643323 3
1582643324 2
1582643325 2
1582643326 1
1582643327 2
1582643328 2
1582643329 1
1582643330 1
1582643331 2
1582643332 2
1582643333 1
1582643334 2
1582643335 2
1582643336 3
1582643337 3
1582643338 2
1582643339 3
1582643340 4
1582643341 4
1582643342 6
1582643343 6
1582643344 5
1582643345 3
1582643346 4
1582643347 4
1582643348 4
1582643349 5
1582643350 4
1582643351 3
1582643352 4
1582643893 2
1582643894 2
1582643895 2
1582643896 2
1582643897 2
1582643898 4
1582643899 3
1582643900 3
1582643901 4
1582643902 3
1582643903 4
1582643904 4
1582643905 4
1582643906 2
1582643907 2
1582643908 2
1582643909 2
1582643910 2
1582643911 3
1582643912 3
1582643913 2
1582643914 4
1582643915 4
1582643916 4
1582643917 3
1582643918 3
1582643919 2
1582643920 2
1582643921 1
1582643922 1
1582643923 1
1582643924 2
1582643925 3
1582643926 3
1582643927 3
1582643928 3
1582643929 3
1582643930 2
1582643931 3
1582643932 3
1582643933 2
1582643934 2
1582643935 2
1582643936 2
1582643937 3
1582643938 3
1582643939 4
1582643940 4
1582643941 4
1582643942 5
1582643943 5
1582643944 6
1582643945 5
1582643946 4
1582643947 3
1582643948 2
1582643949 2
1582644452 2
1582644453 2
1582644454 2
1582644455 2
1582644456 2
1582644457 3
1582644458 3
1582644459 4
1582644460 3
1582644461 3
1582644462 3
1582644463 5
1582644464 5
1582644465 3
1582644466 2
1582644467 2
1582644468 2
1582644469 2
1582644470 3
1582644471 3
1582644472 2
1582644473 3
1582644474 3
1582644475 4
1582644476 3
1582644477 3
1582644478 2
1582644479 2
1582644480 3
1582644481 3
1582644482 4
1582644483 5
1582644484 4
1582644485 3
1582644486 4
1582644487 3
1582644488 3
1582644489 3
1582644490 3
1582644491 3
1582644492 3
1582644493 3
1582644494 3
1582644495 3
1582644496 3
1582644497 3
1582644498 3
1582644499 3
1582644500 3
1582644501 3
1582644502 3
1582644503 3
1582644504 3
1582644505 3
1582644506 3
1582644507 3
1582644508 3
1582644509 3
1582644510 3
1582644511 3
1582644512 3
1582644513 3
1582644514 3
1582644515 3
1582644516 3
1582644517 3
1582644518 4
1582644519 3
1582644520 3
1582644521 3
1582644522 3
1582644523 3
1582644524 3
1582644525 3
1582644526 3
1582644527 3
1582644528 3
1582644529 2
1582644530 2
1582644531 2
1582644532 2
1582644533 2
1582644534 2
1582644535 2
1582644536 2
1582644537 2
1582644538 2
1582644539 2
1582644540 2
1582644541 2
1582644542 2
1582644543 2
1582644544 2
1582644545 2
1582644546 2
1582644547 2
1582644548 2
1582644549 2
1582644550 2
1582644551 2
1582644552 2
1582644553 2
1582644554 2
1582644555 2
1582644556 2
1582644557 2
1582644558 2
1582644559 2
1582644560 2
1582644561 2
1582644562 2
1582644563 2
1582644564 2
1582644565 3
1582644566 3
1582644567 2
1582644568 2
1582644569 2
1582644570 2
1582644571 2
1582644572 2
1582644573 2
1582644574 2
1582644575 2
1582644576 2
1582644577 2
1582644578 2
1582644579 2
1582644580 2
1582644581 2
1582644582 2
1582644583 2
1582644584 2
1582644585 2
1582644586 2
1582644587 3
1582644588 4
1582644589 3
1582644590 2
1582644591 2
1582644592 2
1582644593 2
1582644594 2
1582644595 3
1582644596 2
1582644598 1
1582644599 1
1582644600 2
1582644601 2
1582644602 4
1582644603 2
1582644604 2
1582644605 3
1582644606 5
1582644607 3
1582644608 6
1582644609 5
1582644610 3
1582644611 5
1582644612 6
1582644613 5
1582644614 3
1582644615 2
1582644616 2
1582644617 2
