1575028285 2
1575028286 2
1575028287 2
1575028288 2
1575028289 2
1575028290 2
1575028291 3
1575028292 5
1575028293 5
1575028294 5
1575028295 5
1575028296 7
1575028297 5
1575028298 5
1575028299 4
1575028300 3
1575028301 2
1575028302 2
1575028303 2
1575028304 3
1575028305 2
1575028306 2
1575028307 2
1575028308 3
1575028309 3
1575028310 3
1575028311 4
1575028312 3
1575028313 4
1575028314 2
1575028315 2
1575028316 4
1575028317 4
1575028318 5
1575028319 2
1575028320 2
1575028321 2
1575028322 3
1575028323 3
1575028324 3
1575028325 3
1575028326 3
1575028327 3
1575028328 2
1575028329 2
1575028330 2
1575028331 2
1575028332 3
1575028333 4
1575028334 3
1575028335 4
1575028336 4
1575028337 4
1575028338 5
1575028339 5
1575028340 5
1575028341 4
1575028342 3
1575028343 5
1575028344 4
1575028345 4
1575028346 4
1575028347 3
1575028348 3
1575028349 3
1575029252 4
1575029253 4
1575029254 6
1575029255 5
1575029256 4
1575029257 3
1575029258 3
1575029259 3
1575029260 2
1575029261 3
1575029262 2
1575029263 2
1575029264 3
1575029265 2
1575029266 3
1575029267 4
1575029268 2
1575029269 1
1575029270 1
1575029271 1
1575029272 1
1575029273 1
1575029274 2
1575029275 3
1575029276 3
1575029277 3
1575029278 2
1575029279 2
1575029280 2
1575029281 2
1575029282 2
1575029283 2
1575029284 2
1575029285 3
1575029286 3
1575029287 4
1575029288 3
1575029289 2
1575029290 4
1575029291 4
1575029292 4
1575029293 4
1575029294 6
1575029295 5
1575029296 6
1575029297 5
1575029298 5
1575029299 6
1575029300 4
1575029301 4
1575029302 4
1575029303 4
1575029304 6
1575029305 5
1575029306 4
1575029307 4
1575029308 3
1575029309 2
1575029553 2
1575029554 2
1575029555 2
1575029556 2
1575029557 2
1575029558 2
1575029559 2
1575029560 4
1575029561 4
1575029562 4
1575029563 5
1575029564 5
1575029565 5
1575029566 4
1575029567 4
1575029568 3
1575029569 3
1575029570 3
1575029571 2
1575029572 2
1575029573 3
1575029574 4
1575029575 3
1575029576 3
1575029577 3
1575029578 3
1575029579 3
1575029580 3
1575029581 3
1575029582 2
1575029583 2
1575029584 1
1575029585 1
1575029586 2
1575029587 3
1575029588 2
1575029589 2
1575029590 2
1575029591 3
1575029592 3
1575029593 3
1575029594 1
1575029595 1
1575029596 1
1575029597 2
1575029598 2
1575029599 2
1575029600 3
1575029601 3
1575029602 3
1575029603 3
1575029604 3
1575029605 4
1575029606 4
1575029607 4
1575029608 4
1575029609 3
1575029610 3
1575029611 5
1575029612 4
1575029613 5
1575029614 6
1575029615 4
1575029616 4
1575029617 3
1575029872 2
1575029873 5
1575029874 3
1575029875 5
1575029876 4
1575029877 4
1575029878 2
1575029879 2
1575029880 2
1575029881 2
1575029882 2
1575029883 3
1575029884 2
1575029885 2
1575029886 2
1575029887 2
1575029888 4
1575029889 3
1575029890 2
1575029891 2
1575029892 1
1575029893 2
1575029894 2
1575029895 2
1575029896 2
1575029897 3
1575029898 2
1575029899 3
1575029900 3
1575029901 3
1575029902 1
1575029903 1
1575029904 2
1575029905 2
1575029906 2
1575029907 2
1575029908 2
1575029909 2
1575029910 3
1575029911 3
1575029912 1
1575029913 3
1575029914 4
1575029915 3
1575029916 3
1575029917 4
1575029918 5
1575029919 4
1575029920 5
1575029921 3
1575029922 3
1575029923 3
1575029924 5
1575029925 4
1575029926 6
1575029927 4
1575029928 4
1575029929 3
1575029930 2
1575030176 2
1575030177 2
1575030178 2
1575030179 2
1575030180 2
1575030181 2
1575030182 3
1575030183 5
1575030184 5
1575030185 3
1575030186 3
1575030187 4
1575030188 3
1575030189 3
1575030190 2
1575030191 2
1575030192 2
1575030193 2
1575030194 2
1575030195 3
1575030196 3
1575030197 2
1575030198 2
1575030199 2
1575030200 2
1575030201 2
1575030202 2
1575030203 2
1575030204 1
1575030205 1
1575030206 1
1575030207 2
1575030208 3
1575030209 3
1575030210 4
1575030211 3
1575030212 3
1575030213 2
1575030214 2
1575030215 2
1575030216 2
1575030217 2
1575030218 2
1575030219 2
1575030220 1
1575030221 1
1575030222 1
1575030223 2
1575030224 3
1575030225 2
1575030226 2
1575030227 3
1575030228 5
1575030229 6
1575030230 4
1575030231 4
1575030232 3
1575030233 4
1575030234 6
1575030235 5
1575030236 5
1575030237 3
1575030238 3
1575030239 3
1575030500 4
1575030501 4
1575030502 4
1575030503 3
1575030504 3
1575030505 3
1575030506 3
1575030507 3
1575030508 3
1575030509 3
1575030510 3
1575030511 2
1575030512 2
1575030513 2
1575030514 3
1575030515 4
1575030516 2
1575030517 1
1575030518 1
1575030519 1
1575030520 1
1575030521 1
1575030522 3
1575030523 3
1575030524 4
1575030525 4
1575030526 4
1575030527 3
1575030528 3
1575030529 3
1575030530 2
1575030531 2
1575030532 3
1575030533 3
1575030534 3
1575030535 2
1575030536 3
1575030537 4
1575030538 3
1575030539 3
1575030540 2
1575030541 2
1575030542 2
1575030543 5
1575030544 6
1575030545 6
1575030546 5
1575030547 4
1575030548 3
1575030549 3
1575030550 5
1575030551 7
1575030552 5
1575030553 6
1575030554 3
1575030555 3
1575030556 2
1575030809 2
1575030810 2
1575030811 2
1575030812 2
1575030813 2
1575030814 2
1575030815 3
1575030816 4
1575030817 3
1575030818 3
1575030819 5
1575030820 4
1575030821 4
1575030822 4
1575030823 3
1575030824 3
1575030825 3
1575030826 2
1575030827 2
1575030828 3
1575030829 2
1575030830 2
1575030831 2
1575030832 2
1575030833 2
1575030834 3
1575030835 2
1575030836 1
1575030837 1
1575030838 1
1575030839 1
1575030840 1
1575030841 2
1575030842 3
1575030843 4
1575030844 3
1575030845 3
1575030846 4
1575030847 3
1575030848 5
1575030849 4
1575030850 4
1575030851 3
1575030852 3
1575030853 3
1575030854 3
1575030855 3
1575030856 3
1575030857 3
1575030858 3
1575030859 3
1575030860 4
1575030861 4
1575030862 4
1575030863 4
1575030864 4
1575030865 3
1575030866 3
1575030867 3
1575030868 3
1575030869 3
1575030870 3
1575030871 4
1575030872 4
1575030873 4
1575030874 3
1575030875 2
1575030876 2
1575030877 5
1575030878 4
1575030879 5
1575030880 3
1575030881 3
1575030882 3
1575030883 5
1575030884 4
1575030885 5
1575030886 3
1575030887 3
1575030888 3
1575030889 2
1575031146 5
1575031147 4
1575031148 4
1575031149 3
1575031150 3
1575031151 2
1575031152 2
1575031153 2
1575031154 2
1575031155 3
1575031156 3
1575031157 2
1575031158 2
1575031159 4
1575031160 3
1575031161 3
1575031162 4
1575031163 4
1575031164 4
1575031165 1
1575031166 1
1575031167 1
1575031168 2
1575031169 3
1575031170 3
1575031171 3
1575031172 3
1575031173 3
1575031174 3
1575031175 3
1575031176 3
1575031177 3
1575031178 3
1575031179 3
1575031180 2
1575031181 2
1575031182 3
1575031183 3
1575031184 2
1575031185 2
1575031186 2
1575031187 4
1575031188 7
1575031189 3
1575031190 4
1575031191 4
1575031192 4
1575031193 4
1575031194 5
1575031195 4
1575031196 3
1575031197 5
1575031198 3
1575031199 2
1575031200 2
1575033362 4
1575033363 6
1575033364 5
1575033365 5
1575033366 4
1575033367 2
1575033368 2
1575033369 2
1575033370 2
1575033371 2
1575033372 4
1575033373 3
1575033374 2
1575033375 2
1575033376 2
1575033377 2
1575033378 2
1575033379 1
1575033380 1
1575033381 1
1575033382 1
1575033383 1
1575033384 1
1575033385 2
1575033386 2
1575033387 3
1575033388 4
1575033389 3
1575033390 3
1575033391 3
1575033392 3
1575033393 4
1575033394 4
1575033395 3
1575033396 3
1575033397 3
1575033398 3
1575033399 7
1575033400 4
1575033401 4
1575033402 4
1575033403 4
1575033404 5
1575033405 7
1575033406 7
1575033407 7
1575033408 8
1575033409 4
1575033410 2
1575033411 2
1575034511 3
1575034512 2
1575034513 2
1575034514 2
1575034515 2
1575034516 3
1575034517 3
1575034518 3
1575034519 2
1575034520 3
1575034521 5
1575034522 5
1575034523 5
1575034524 5
1575034525 2
1575034526 2
1575034527 2
1575034528 2
1575034529 1
1575034530 2
1575034531 2
1575034532 2
1575034533 2
1575034534 2
1575034535 2
1575034536 2
1575034537 2
1575034538 2
1575034539 2
1575034540 1
1575034541 1
1575034542 2
1575034543 2
1575034544 2
1575034545 3
1575034546 4
1575034547 3
1575034548 4
1575034549 3
1575034550 4
1575034551 4
1575034552 3
1575034553 4
1575034554 4
1575034555 4
1575034556 3
1575034557 3
1575034558 6
1575034559 6
1575034560 4
1575034561 4
1575034562 4
1575034563 4
1575034564 4
1575034565 4
1575034566 4
1575034567 3
1575034568 3
1575034569 3
1575035094 4
1575035095 6
1575035096 5
1575035097 6
1575035098 2
1575035099 2
1575035100 2
1575035101 2
1575035102 2
1575035103 3
1575035104 2
1575035105 2
1575035106 2
1575035107 2
1575035108 3
1575035109 2
1575035110 2
1575035111 2
1575035112 2
1575035113 1
1575035114 1
1575035115 1
1575035116 1
1575035117 2
1575035118 3
1575035119 2
1575035120 1
1575035121 1
1575035122 1
1575035123 2
1575035124 3
1575035125 3
1575035126 3
1575035127 4
1575035128 4
1575035129 3
1575035130 6
1575035131 4
1575035132 4
1575035133 4
1575035134 3
1575035135 3
1575035136 5
1575035137 4
1575035138 4
1575035139 5
1575035140 3
1575035141 3
1575035142 2
1575035647 5
1575035648 5
1575035649 3
1575035650 2
1575035651 2
1575035652 2
1575035653 4
1575035654 3
1575035655 3
1575035656 4
1575035657 3
1575035658 5
1575035659 4
1575035660 3
1575035661 2
1575035662 2
1575035663 2
1575035664 2
1575035665 2
1575035666 3
1575035667 3
1575035668 2
1575035669 2
1575035670 2
1575035671 3
1575035672 2
1575035673 3
1575035674 1
1575035675 2
1575035676 2
1575035677 1
1575035678 2
1575035679 2
1575035680 2
1575035681 3
1575035682 1
1575035683 1
1575035684 2
1575035685 3
1575035686 4
1575035687 4
1575035688 5
1575035689 3
1575035690 3
1575035691 3
1575035692 4
1575035693 5
1575035694 6
1575035695 4
1575035696 4
1575035697 4
1575035698 3
1575035699 4
1575035700 5
1575035701 4
1575035702 4
1575035703 3
1575035704 3
1575035705 2
1575036684 3
1575036685 3
1575036686 3
1575036687 3
1575036688 3
1575036689 2
1575036690 4
1575036691 4
1575036692 4
1575036693 3
1575036694 3
1575036695 4
1575036696 5
1575036697 5
1575036698 2
1575036699 2
1575036700 2
1575036701 2
1575036702 2
1575036703 3
1575036704 2
1575036705 2
1575036706 3
1575036707 3
1575036708 2
1575036709 3
1575036710 2
1575036711 1
1575036712 1
1575036713 2
1575036714 2
1575036715 2
1575036716 3
1575036717 3
1575036718 4
1575036719 3
1575036720 2
1575036721 2
1575036722 2
1575036723 3
1575036724 4
1575036725 4
1575036726 3
1575036727 2
1575036728 2
1575036729 4
1575036730 6
1575036731 3
1575036732 3
1575036733 3
1575036734 3
1575036735 4
1575036736 5
1575036737 4
1575036738 5
1575036739 3
1575036740 3
1575036741 2
1575037246 3
1575037247 2
1575037248 2
1575037249 2
1575037250 2
1575037251 2
1575037252 3
1575037253 5
1575037254 2
1575037255 4
1575037256 6
1575037257 6
1575037258 5
1575037259 5
1575037260 2
1575037261 2
1575037262 2
1575037263 2
1575037264 2
1575037265 3
1575037266 3
1575037267 3
1575037268 3
1575037269 3
1575037270 2
1575037271 2
1575037272 2
1575037273 1
1575037274 1
1575037275 1
1575037276 1
1575037277 2
1575037278 3
1575037279 6
1575037280 4
1575037281 2
1575037282 1
1575037283 2
1575037284 3
1575037285 3
1575037286 2
1575037287 3
1575037288 2
1575037289 3
1575037290 3
1575037291 4
1575037292 4
1575037293 4
1575037294 4
1575037295 3
1575037296 3
1575037297 5
1575037298 5
1575037299 4
1575037300 3
1575037301 3
1575037302 3
1575037804 3
1575037805 2
1575037806 2
1575037807 2
1575037808 2
1575037809 2
1575037810 4
1575037811 4
1575037812 3
1575037813 4
1575037814 3
1575037815 5
1575037816 5
1575037817 3
1575037818 3
1575037819 2
1575037820 2
1575037821 2
1575037822 2
1575037823 3
1575037824 2
1575037825 2
1575037826 3
1575037827 4
1575037828 3
1575037829 2
1575037830 2
1575037831 2
1575037832 1
1575037833 1
1575037834 1
1575037835 2
1575037836 2
1575037837 2
1575037838 2
1575037840 1
1575037841 1
1575037842 2
1575037843 3
1575037844 5
1575037845 4
1575037846 5
1575037847 4
1575037848 3
1575037849 5
1575037850 3
1575037851 4
1575037852 3
1575037853 3
1575037854 3
1575037855 5
1575037856 4
1575037857 4
1575037858 3
1575037859 3
1575037860 2
1575038817 3
1575038818 4
1575038819 5
1575038820 4
1575038821 3
1575038822 2
1575038823 2
1575038824 2
1575038825 2
1575038826 3
1575038827 2
1575038828 3
1575038829 4
1575038830 4
1575038831 4
1575038832 4
1575038833 4
1575038834 2
1575038835 2
1575038836 2
1575038837 2
1575038838 2
1575038839 2
1575038840 2
1575038841 2
1575038842 3
1575038843 4
1575038844 4
1575038845 5
1575038846 5
1575038847 3
1575038848 2
1575038849 1
1575038850 2
1575038851 1
1575038852 2
1575038853 3
1575038854 4
1575038855 5
1575038856 5
1575038857 4
1575038858 3
1575038859 5
1575038860 7
1575038861 6
1575038862 5
1575038863 3
1575038864 3
1575038865 6
1575038866 6
1575038867 6
1575038868 4
1575038869 3
1575038870 2
1575039389 2
1575039390 4
1575039391 5
1575039392 4
1575039393 4
1575039394 2
1575039395 2
1575039396 2
1575039397 2
1575039398 3
1575039399 2
1575039400 2
1575039401 2
1575039402 2
1575039403 3
1575039404 4
1575039405 2
1575039406 1
1575039407 2
1575039408 2
1575039409 2
1575039410 2
1575039411 3
1575039412 3
1575039413 2
1575039414 2
1575039415 1
1575039416 1
1575039417 2
1575039418 3
1575039419 1
1575039420 2
1575039421 3
1575039422 2
1575039423 2
1575039424 3
1575039425 6
1575039426 3
1575039427 4
1575039428 4
1575039429 3
1575039430 3
1575039431 5
1575039432 5
1575039433 3
1575039434 6
1575039435 2
1575039436 2
1575039437 2
