1580306615 2
1580306616 2
1580306617 2
1580306618 2
1580306619 2
1580306620 2
1580306621 3
1580306622 5
1580306623 5
1580306624 5
1580306625 4
1580306626 5
1580306627 4
1580306628 3
1580306629 2
1580306630 2
1580306631 2
1580306632 2
1580306633 2
1580306634 3
1580306635 3
1580306636 2
1580306637 3
1580306638 2
1580306639 2
1580306640 2
1580306641 2
1580306642 2
1580306643 2
1580306644 1
1580306645 1
1580306646 1
1580306647 2
1580306648 1
1580306649 2
1580306650 2
1580306651 1
1580306652 2
1580306653 2
1580306654 2
1580306655 2
1580306656 2
1580306657 1
1580306658 1
1580306659 2
1580306660 1
1580306661 1
1580306662 2
1580306663 2
1580306664 2
1580306665 4
1580306666 3
1580306667 4
1580306668 4
1580306669 3
1580306670 3
1580306671 4
1580306672 4
1580306673 3
1580306674 3
1580306675 3
1580306676 3
1580306929 4
1580306930 4
1580306931 4
1580306932 3
1580306933 3
1580306934 3
1580306935 2
1580306936 2
1580306937 2
1580306938 4
1580306939 4
1580306940 4
1580306941 3
1580306942 4
1580306943 4
1580306944 3
1580306945 4
1580306946 4
1580306947 4
1580306948 4
1580306949 3
1580306950 3
1580306951 3
1580306952 4
1580306953 5
1580306954 5
1580306955 4
1580306956 6
1580306957 7
1580306958 5
1580306959 5
1580306960 3
1580306961 4
1580306962 4
1580306963 4
1580306964 3
1580306965 3
1580306966 2
1580306967 2
1580306969 2
1580306970 1
1580306971 2
1580306972 2
1580306973 3
1580306974 5
1580306975 4
1580306976 7
1580306977 7
1580306978 5
1580306979 5
1580306980 6
1580306981 5
1580306982 4
1580306983 4
1580306984 4
1580306985 4
1580306986 4
1580306987 4
1580306988 3
1580306989 2
1580307319 2
1580307320 2
1580307321 2
1580307322 2
1580307323 2
1580307324 3
1580307325 3
1580307326 3
1580307327 3
1580307328 3
1580307329 6
1580307330 5
1580307331 4
1580307332 3
1580307333 4
1580307334 3
1580307335 3
1580307336 2
1580307337 4
1580307338 4
1580307339 3
1580307340 3
1580307341 3
1580307342 3
1580307343 3
1580307344 2
1580307345 2
1580307346 2
1580307347 1
1580307348 1
1580307349 1
1580307350 2
1580307351 2
1580307352 3
1580307353 2
1580307354 2
1580307355 1
1580307356 1
1580307357 2
1580307358 2
1580307359 1
1580307360 1
1580307361 1
1580307362 1
1580307363 2
1580307364 1
1580307365 1
1580307366 2
1580307367 2
1580307368 2
1580307369 3
1580307370 3
1580307371 4
1580307372 3
1580307373 3
1580307374 4
1580307375 4
1580307376 4
1580307377 4
1580307378 5
1580307379 3
1580307380 2
1580307381 2
1580308119 4
1580308120 3
1580308121 3
1580308122 4
1580308123 3
1580308124 2
1580308125 2
1580308126 2
1580308127 2
1580308128 2
1580308129 2
1580308130 2
1580308131 4
1580308132 3
1580308133 4
1580308134 2
1580308135 2
1580308136 2
1580308137 2
1580308138 2
1580308139 1
1580308140 1
1580308141 1
1580308142 3
1580308143 3
1580308144 3
1580308145 4
1580308146 4
1580308147 2
1580308148 2
1580308149 2
1580308150 1
1580308151 1
1580308152 1
1580308153 1
1580308154 2
1580308155 1
1580308156 1
1580308157 1
1580308158 2
1580308159 2
1580308160 3
1580308161 2
1580308162 4
1580308163 4
1580308164 3
1580308165 3
1580308166 4
1580308167 4
1580308168 5
1580308169 3
1580308170 3
1580308171 3
1580308172 2
1580310636 4
1580310637 3
1580310638 5
1580310639 5
1580310640 3
1580310641 3
1580310642 4
1580310643 2
1580310644 2
1580310645 2
1580310646 2
1580310647 5
1580310648 3
1580310649 5
1580310650 4
1580310651 4
1580310652 3
1580310653 2
1580310654 1
1580310655 1
1580310656 1
1580310657 1
1580310658 1
1580310659 2
1580310660 2
1580310661 3
1580310662 3
1580310663 3
1580310664 4
1580310665 3
1580310666 3
1580310667 3
1580310668 3
1580310669 3
1580310670 2
1580310671 2
1580310672 3
1580310673 3
1580310674 1
1580310675 1
1580310676 2
1580310677 2
1580310678 4
1580310679 4
1580310680 3
1580310681 4
1580310682 3
1580310683 3
1580310684 6
1580310685 5
1580310686 4
1580310687 4
1580310688 3
1580310689 3
1580310690 3
1580310950 4
1580310951 3
1580310952 4
1580310953 4
1580310954 3
1580310955 2
1580310956 2
1580310957 3
1580310958 2
1580310959 4
1580310960 3
1580310961 4
1580310962 3
1580310963 3
1580310964 3
1580310965 3
1580310966 3
1580310967 3
1580310968 3
1580310969 1
1580310970 1
1580310971 1
1580310972 2
1580310973 2
1580310974 2
1580310975 2
1580310976 2
1580310977 2
1580310978 3
1580310979 3
1580310980 3
1580310981 3
1580310982 2
1580310983 2
1580310984 3
1580310985 3
1580310986 2
1580310987 2
1580310988 1
1580310989 2
1580310990 3
1580310991 4
1580310992 6
1580310993 3
1580310994 5
1580310995 6
1580310996 5
1580310997 2
1580310998 4
1580310999 4
1580311000 4
1580311001 3
1580311002 3
1580311003 3
1580311004 3
1580311261 3
1580311262 4
1580311263 4
1580311264 3
1580311265 3
1580311266 4
1580311267 2
1580311268 3
1580311269 2
1580311270 3
1580311271 4
1580311272 4
1580311273 3
1580311274 5
1580311275 2
1580311276 2
1580311277 3
1580311278 2
1580311279 2
1580311280 1
1580311281 1
1580311282 2
1580311283 2
1580311284 1
1580311285 3
1580311286 2
1580311287 2
1580311288 3
1580311289 3
1580311290 3
1580311291 3
1580311292 3
1580311293 2
1580311294 1
1580311295 1
1580311296 2
1580311297 2
1580311298 3
1580311299 4
1580311300 4
1580311301 5
1580311302 4
1580311303 4
1580311304 5
1580311305 5
1580311306 4
1580311307 3
1580311308 3
1580311309 3
1580311310 2
1580311560 2
1580311561 2
1580311562 2
1580311563 2
1580311564 2
1580311565 2
1580311566 3
1580311567 3
1580311568 3
1580311569 3
1580311570 3
1580311571 4
1580311572 4
1580311573 4
1580311574 3
1580311575 4
1580311576 3
1580311577 3
1580311578 2
1580311579 3
1580311580 3
1580311581 2
1580311582 3
1580311583 3
1580311584 3
1580311585 3
1580311586 3
1580311587 3
1580311588 1
1580311589 1
1580311590 1
1580311591 1
1580311592 2
1580311593 2
1580311594 2
1580311595 2
1580311596 1
1580311597 2
1580311598 2
1580311599 2
1580311600 2
1580311601 2
1580311602 2
1580311603 2
1580311604 2
1580311605 1
1580311606 1
1580311607 1
1580311608 2
1580311609 2
1580311610 3
1580311611 4
1580311612 4
1580311613 5
1580311614 4
1580311615 4
1580311616 4
1580311617 5
1580311618 4
1580311619 2
1580311620 2
1580311621 2
1580311622 2
1580311623 2
1580312553 3
1580312554 4
1580312555 5
1580312556 5
1580312557 2
1580312558 2
1580312559 2
1580312560 2
1580312561 2
1580312562 3
1580312563 2
1580312564 2
1580312565 3
1580312566 3
1580312567 2
1580312568 2
1580312569 3
1580312570 3
1580312571 2
1580312572 1
1580312573 1
1580312574 1
1580312575 2
1580312576 3
1580312577 3
1580312578 2
1580312579 1
1580312580 2
1580312581 1
1580312582 2
1580312583 2
1580312584 2
1580312585 3
1580312586 3
1580312587 3
1580312588 3
1580312589 3
1580312590 2
1580312591 3
1580312592 3
1580312593 3
1580312594 4
1580312595 4
1580312596 4
1580312597 5
1580312598 3
1580312599 4
1580312600 3
1580314643 2
1580314644 2
1580314645 2
1580314646 2
1580314647 2
1580314648 2
1580314649 4
1580314650 4
1580314651 3
1580314652 2
1580314653 2
1580314654 4
1580314655 5
1580314656 4
1580314657 3
1580314658 4
1580314659 3
1580314660 4
1580314661 2
1580314662 3
1580314663 4
1580314664 2
1580314665 2
1580314666 3
1580314667 2
1580314668 2
1580314669 2
1580314670 2
1580314671 1
1580314672 1
1580314673 1
1580314674 2
1580314675 2
1580314676 2
1580314677 2
1580314678 1
1580314679 1
1580314680 2
1580314681 2
1580314682 2
1580314683 2
1580314684 3
1580314685 4
1580314686 3
1580314687 3
1580314688 3
1580314689 2
1580314690 4
1580314691 3
1580314692 3
1580314693 4
1580314694 4
1580314695 4
1580314696 3
1580314697 3
1580314698 3
1580314699 3
1580315771 6
1580315772 5
1580315773 4
1580315774 5
1580315775 4
1580315776 2
1580315777 3
1580315778 3
1580315779 2
1580315780 4
1580315781 3
1580315782 2
1580315783 3
1580315784 3
1580315785 2
1580315786 2
1580315787 2
1580315788 2
1580315789 2
1580315790 1
1580315791 1
1580315792 1
1580315793 1
1580315794 2
1580315795 2
1580315796 3
1580315797 2
1580315798 1
1580315799 2
1580315800 2
1580315801 4
1580315802 2
1580315803 1
1580315804 3
1580315805 2
1580315806 2
1580315807 3
1580315808 2
1580315809 4
1580315810 3
1580315811 3
1580315812 5
1580315813 4
1580315814 4
1580315815 5
1580315816 5
1580315817 3
1580315818 3
1580315819 4
