1574950885 2
1574950886 2
1574950887 2
1574950888 2
1574950889 2
1574950890 4
1574950891 3
1574950892 3
1574950893 4
1574950894 4
1574950895 4
1574950896 3
1574950897 3
1574950898 3
1574950899 2
1574950900 2
1574950901 3
1574950902 2
1574950903 2
1574950904 2
1574950905 2
1574950906 2
1574950907 2
1574950908 2
1574950909 2
1574950910 2
1574950911 2
1574950912 1
1574950913 1
1574950914 1
1574950915 1
1574950916 2
1574950917 3
1574950918 3
1574950919 3
1574950920 2
1574950921 2
1574950922 2
1574950923 2
1574950924 2
1574950925 2
1574950926 2
1574950927 2
1574950928 1
1574950930 1
1574950931 1
1574950932 1
1574950933 2
1574950934 2
1574950935 2
1574950936 4
1574950937 5
1574950938 4
1574950939 3
1574950940 2
1574950941 3
1574950942 5
1574950943 4
1574950944 4
1574950945 3
1574950946 3
1574950947 3
1574951624 3
1574951625 4
1574951626 3
1574951627 3
1574951628 2
1574951629 2
1574951630 2
1574951631 2
1574951632 2
1574951633 3
1574951634 3
1574951635 2
1574951636 2
1574951637 2
1574951638 2
1574951639 2
1574951640 2
1574951641 2
1574951642 1
1574951643 1
1574951644 1
1574951645 2
1574951646 3
1574951647 3
1574951648 3
1574951649 3
1574951650 3
1574951651 2
1574951652 1
1574951653 1
1574951654 1
1574951655 1
1574951656 2
1574951657 2
1574951658 2
1574951659 2
1574951660 2
1574951661 2
1574951662 3
1574951663 2
1574951664 2
1574951665 2
1574951666 4
1574951667 4
1574951668 4
1574951669 3
1574951670 2
1574951671 5
1574951672 4
1574951673 4
1574951674 4
1574951675 3
1574951676 3
1574951677 3
1574951940 2
1574951941 2
1574951942 2
1574951943 2
1574951944 2
1574951945 2
1574951946 3
1574951947 5
1574951948 4
1574951949 4
1574951950 4
1574951951 4
1574951952 4
1574951953 3
1574951954 2
1574951955 2
1574951956 2
1574951957 2
1574951958 2
1574951959 4
1574951960 3
1574951961 2
1574951962 2
1574951963 2
1574951964 2
1574951965 2
1574951966 1
1574951967 1
1574951968 1
1574951969 1
1574951970 1
1574951971 1
1574951972 2
1574951973 3
1574951974 3
1574951975 3
1574951976 2
1574951977 2
1574951978 2
1574951979 1
1574951980 1
1574951981 1
1574951982 1
1574951983 1
1574951984 1
1574951985 1
1574951986 2
1574951987 1
1574951988 1
1574951989 3
1574951990 3
1574951991 2
1574951992 3
1574951993 3
1574951994 3
1574951995 4
1574951996 3
1574951997 4
1574951998 7
1574951999 5
1574952000 5
1574952001 5
1574952002 3
1574952003 3
1574952004 2
1574952005 2
1574952257 2
1574952258 2
1574952259 2
1574952260 2
1574952261 2
1574952262 3
1574952263 4
1574952264 5
1574952265 4
1574952266 4
1574952267 4
1574952268 3
1574952269 2
1574952270 2
1574952271 2
1574952272 2
1574952273 2
1574952274 2
1574952275 3
1574952276 2
1574952277 2
1574952278 2
1574952279 2
1574952280 3
1574952281 2
1574952282 2
1574952283 2
1574952284 1
1574952285 1
1574952286 1
1574952287 1
1574952288 2
1574952289 3
1574952290 2
1574952291 2
1574952292 2
1574952293 1
1574952294 1
1574952295 1
1574952296 1
1574952297 1
1574952298 1
1574952299 1
1574952300 1
1574952301 1
1574952302 1
1574952303 1
1574952304 2
1574952305 5
1574952306 4
1574952307 3
1574952308 4
1574952309 4
1574952310 4
1574952311 3
1574952312 3
1574952313 5
1574952314 4
1574952315 4
1574952316 4
1574952317 3
1574952318 3
1574952319 2
1574952990 2
1574952991 2
1574952992 3
1574952993 2
1574952994 2
1574952995 2
1574952996 2
1574952997 2
1574952998 2
1574952999 3
1574953000 2
1574953001 2
1574953002 2
1574953003 3
1574953004 2
1574953005 2
1574953006 2
1574953007 1
1574953008 1
1574953009 1
1574953010 1
1574953011 1
1574953012 3
1574953013 3
1574953014 2
1574953015 2
1574953016 2
1574953017 2
1574953018 2
1574953019 2
1574953020 2
1574953021 2
1574953022 2
1574953023 2
1574953024 2
1574953025 2
1574953026 2
1574953027 2
1574953028 3
1574953029 2
1574953030 2
1574953031 3
1574953032 4
1574953033 4
1574953034 4
1574953035 3
1574953036 3
1574953037 5
1574953038 4
1574953039 4
1574953040 3
1574953041 3
1574953042 2
1574953043 2
1574953348 2
1574953349 2
1574953350 2
1574953351 2
1574953352 2
1574953353 3
1574953354 4
1574953355 5
1574953356 5
1574953357 5
1574953358 5
1574953359 3
1574953360 3
1574953361 2
1574953362 2
1574953363 2
1574953364 2
1574953365 2
1574953366 2
1574953367 2
1574953368 2
1574953369 2
1574953370 2
1574953371 2
1574953372 2
1574953373 2
1574953374 1
1574953375 1
1574953376 1
1574953377 1
1574953378 1
1574953379 2
1574953380 3
1574953381 3
1574953382 2
1574953383 2
1574953384 2
1574953385 2
1574953386 2
1574953387 1
1574953388 1
1574953389 1
1574953390 1
1574953391 1
1574953392 3
1574953393 3
1574953394 3
1574953395 3
1574953396 3
1574953397 3
1574953398 4
1574953399 4
1574953400 4
1574953401 3
1574953402 3
1574953403 5
1574953404 4
1574953405 4
1574953406 2
1574953407 2
1574953408 5
1574953409 4
1574953410 4
1574953411 5
1574953412 4
1574953413 3
1574953414 2
1574953657 3
1574953658 2
1574953659 2
1574953660 2
1574953661 2
1574953662 2
1574953663 3
1574953664 3
1574953665 4
1574953666 4
1574953667 3
1574953668 4
1574953669 4
1574953670 2
1574953671 2
1574953672 2
1574953673 2
1574953674 2
1574953675 2
1574953676 3
1574953677 2
1574953678 2
1574953679 2
1574953680 4
1574953681 3
1574953682 2
1574953683 3
1574953684 1
1574953685 1
1574953686 1
1574953687 1
1574953688 1
1574953689 2
1574953690 3
1574953691 3
1574953692 1
1574953693 1
1574953694 1
1574953695 1
1574953696 1
1574953697 1
1574953698 1
1574953699 1
1574953700 1
1574953701 1
1574953702 1
1574953703 1
1574953704 2
1574953705 2
1574953706 2
1574953707 2
1574953708 2
1574953709 2
1574953710 2
1574953711 2
1574953712 2
1574953713 4
1574953714 5
1574953715 5
1574953716 4
1574953717 4
1574953718 5
1574953719 4
1574953720 3
1574953721 4
1574953722 3
1574953723 2
1574953724 2
1574953725 4
1574953726 4
1574953727 4
1574953728 3
1574953729 5
1574953730 4
1574953731 4
1574953732 3
1574953733 3
1574953734 5
1574953735 4
1574953736 5
1574953737 3
1574953738 3
1574953739 2
1574953740 2
1574953995 2
1574953996 2
1574953997 2
1574953998 2
1574953999 2
1574954000 3
1574954001 3
1574954002 4
1574954003 4
1574954004 4
1574954005 6
1574954006 3
1574954007 3
1574954008 2
1574954009 2
1574954010 2
1574954011 1
1574954012 1
1574954013 1
1574954014 1
1574954015 1
1574954016 1
1574954017 1
1574954018 2
1574954019 2
1574954020 2
1574954021 2
1574954022 3
1574954023 3
1574954024 2
1574954025 2
1574954026 2
1574954027 2
1574954028 2
1574954029 2
1574954030 2
1574954031 2
1574954032 2
1574954033 2
1574954034 3
1574954035 3
1574954036 3
1574954037 2
1574954038 1
1574954039 1
1574954040 1
1574954041 1
1574954042 1
1574954043 2
1574954044 2
1574954045 3
1574954046 3
1574954047 3
1574954048 3
1574954049 3
1574954050 3
1574954051 4
1574954052 5
1574954053 3
1574954054 4
1574954055 5
1574954056 4
1574954057 4
1574954058 4
1574954059 5
1574954060 5
1574954061 4
1574954062 5
1574954063 4
1574954064 3
1574954065 3
1574954066 2
1574956423 2
1574956424 2
1574956425 2
1574956426 2
1574956427 2
1574956428 3
1574956429 3
1574956430 4
1574956431 4
1574956432 5
1574956433 4
1574956434 4
1574956435 5
1574956436 4
1574956437 2
1574956438 3
1574956439 3
1574956440 2
1574956441 2
1574956442 3
1574956443 2
1574956444 2
1574956445 2
1574956446 2
1574956447 2
1574956448 2
1574956449 2
1574956450 1
1574956451 3
1574956452 2
1574956453 2
1574956454 2
1574956455 3
1574956456 4
1574956457 4
1574956458 3
1574956459 2
1574956460 2
1574956461 1
1574956462 1
1574956464 1
1574956465 2
1574956466 3
1574956467 3
1574956468 3
1574956469 4
1574956470 4
1574956471 3
1574956472 5
1574956473 5
1574956474 4
1574956475 4
1574956476 6
1574956477 5
1574956478 5
1574956479 4
1574956480 4
1574956481 2
1574957688 2
1574957689 2
1574957690 2
1574957691 2
1574957692 2
1574957693 4
1574957694 3
1574957695 4
1574957696 4
1574957697 4
1574957698 5
1574957699 4
1574957700 3
1574957701 3
1574957702 3
1574957703 3
1574957704 2
1574957705 2
1574957706 3
1574957707 2
1574957708 2
1574957709 2
1574957710 2
1574957711 2
1574957712 2
1574957713 2
1574957714 3
1574957715 4
1574957716 3
1574957717 3
1574957718 3
1574957719 4
1574957720 4
1574957721 3
1574957722 3
1574957723 2
1574957724 1
1574957725 1
1574957728 1
1574957729 3
1574957730 5
1574957731 4
1574957732 4
1574957733 4
1574957734 4
1574957735 4
1574957736 4
1574957737 4
1574957738 3
1574957739 5
1574957740 4
1574957741 5
1574957742 6
1574957743 3
1574957744 3
1574957745 2
1574958280 5
1574958281 6
1574958282 3
1574958283 4
1574958284 3
1574958285 3
1574958286 3
1574958287 3
1574958288 2
1574958289 2
1574958290 2
1574958291 2
1574958292 2
1574958293 3
1574958294 4
1574958295 3
1574958296 3
1574958297 3
1574958298 2
1574958299 2
1574958300 2
1574958301 2
1574958302 3
1574958303 4
1574958304 3
1574958305 3
1574958306 2
1574958307 1
1574958308 2
1574958309 2
1574958310 3
1574958311 3
1574958312 4
1574958313 3
1574958314 2
1574958315 2
1574958316 5
1574958317 3
1574958318 4
1574958319 4
1574958320 4
1574958321 3
1574958322 5
1574958323 4
1574958324 5
1574958325 3
1574958326 3
1574958327 2
1574958328 2
1574960061 4
1574960062 6
1574960063 4
1574960064 4
1574960065 5
1574960066 3
1574960067 3
1574960068 2
1574960069 2
1574960070 2
1574960071 3
1574960072 3
1574960073 2
1574960074 2
1574960075 2
1574960076 2
1574960077 2
1574960078 2
1574960079 1
1574960080 2
1574960081 2
1574960082 2
1574960083 3
1574960084 3
1574960085 4
1574960086 5
1574960087 3
1574960088 3
1574960089 2
1574960090 2
1574960091 1
1574960092 2
1574960093 2
1574960094 3
1574960095 2
1574960096 3
1574960097 4
1574960098 5
1574960099 5
1574960100 5
1574960101 3
1574960102 3
1574960103 2
1574960104 6
1574960105 5
1574960106 4
1574960107 3
1574960108 3
1574960109 3
1574960628 2
1574960629 2
1574960630 2
1574960631 2
1574960632 2
1574960633 2
1574960634 3
1574960635 3
1574960636 3
1574960637 4
1574960638 4
1574960639 5
1574960640 4
1574960641 4
1574960642 3
1574960643 3
1574960644 3
1574960645 2
1574960646 2
1574960647 2
1574960648 2
1574960649 2
1574960650 3
1574960651 3
1574960652 3
1574960653 3
1574960654 3
1574960655 5
1574960656 4
1574960657 3
1574960658 3
1574960659 2
1574960660 2
1574960661 2
1574960662 3
1574960663 2
1574960664 2
1574960665 3
1574960666 2
1574960667 2
1574960668 2
1574960669 2
1574960670 3
1574960671 4
1574960672 4
1574960673 3
1574960674 3
1574960675 1
1574960676 1
1574960678 3
1574960679 3
1574960680 4
1574960681 4
1574960682 4
1574960683 5
1574960684 5
1574960685 3
1574960686 4
1574960687 4
1574960688 3
1574960689 4
1574960690 4
1574960691 4
1574960692 5
1574960693 3
1574960694 3
1574960695 2
1574961248 5
1574961249 4
1574961250 4
1574961251 4
1574961252 4
1574961253 4
1574961254 4
1574961255 5
1574961256 4
1574961257 4
1574961258 5
1574961259 4
1574961260 5
1574961261 5
1574961262 5
1574961263 5
1574961264 6
1574961265 6
1574961266 7
1574961267 6
1574961268 5
1574961269 5
1574961270 6
1574961271 7
1574961272 6
1574961273 6
1574961274 6
1574961275 6
1574961276 7
1574961277 6
1574961278 6
1574961279 5
1574961280 6
1574961281 5
1574961282 5
1574961283 6
1574961284 5
1574961285 4
1574961286 3
1574961287 4
1574961288 3
1574961289 3
1574961290 3
1574961291 5
1574961292 3
1574961293 4
1574961294 3
1574961295 3
1574961296 3
1574961297 3
1574961298 3
1574961299 3
1574961300 3
1574961301 3
1574961302 3
1574961303 4
1574961304 3
1574961305 3
1574961306 3
1574961307 3
1574961308 3
1574961309 3
1574961310 3
1574961311 3
1574961312 3
1574961313 3
1574961314 3
1574961315 3
1574961316 3
1574961317 3
1574961318 3
1574961319 4
1574961320 3
1574961321 3
1574961322 3
1574961323 3
1574961324 3
1574961325 5
1574961326 6
1574961327 5
1574961328 4
1574961329 5
1574961330 3
1574961331 2
1574961332 3
1574961333 2
1574961334 2
1574961335 2
1574961336 2
1574961337 3
1574961338 3
1574961339 4
1574961340 3
1574961341 2
1574961342 1
1574961343 1
1574961345 1
1574961346 1
1574961347 1
1574961348 2
1574961349 3
1574961350 4
1574961351 6
1574961352 4
1574961353 4
1574961354 4
1574961355 4
1574961356 4
1574961357 4
1574961358 4
1574961359 4
1574961360 3
1574961361 3
1574961362 2
1574961884 5
1574961885 5
1574961886 5
1574961887 4
1574961888 4
1574961889 4
1574961890 4
1574961891 4
1574961892 4
1574961893 4
1574961894 5
1574961895 5
1574961896 4
1574961897 3
1574961898 4
1574961899 4
1574961900 4
1574961901 2
1574961902 4
1574961903 4
1574961904 4
1574961905 5
1574961906 4
1574961907 4
1574961908 4
1574961909 2
1574961910 2
1574961911 2
1574961912 1
1574961913 0
1574961915 2
1574961916 3
1574961917 3
1574961918 3
1574961919 5
1574961920 5
1574961921 4
1574961922 4
1574961923 3
1574961924 3
1574961925 5
1574961926 4
1574961927 5
1574961928 5
1574961929 3
1574961930 2
1574961931 2
