1571754351 130.311561695
1571754743 131.395703675
1571755143 133.513328217
1571755545 295.754930566
1571756775 146.668329074
1571757212 158.897527737
1571757630 129.955893035
1571758027 132.376169032
1571758418 131.03970809
1571758811 1323.362861117
1571762423 141.136391245
1571762821 131.961425481
1571763212 129.209857548
1571763603 130.189817226
1571763996 144.811789328
1571764421 129.448963505
1571764812 130.416235347
1571765201 128.920468311
1571765592 129.743612836
1571765982 316.715322175
1571766947 9.508303713
