1574707027 0 
1574707028 0 
1574708690 0 
1574708691 0 
1569849905 0 
1569849906 0 
1569849907 0 
1569850098 0 
1569850099 0 
1569850100 0 
1569850101 0 
1569850102 0 
1569850103 0 
1569850104 0 
1569850105 0 
1569850106 0 
1569850107 0 
1569850108 0 
1569850109 0 
1569850110 0 
1569850111 1 
1569850112 0 
1569850920 0 
1569850921 0 
1569851115 0 
1569851116 0 
1569851117 0 
1569851118 0 
1569851119 0 
1569851120 0 
1569851121 0 
1569851122 0 
1569851123 0 
1569851124 0 
1569851125 0 
1569851126 0 
1569851127 0 
1569851128 0 
1569851129 0 
1569851130 0 
1569851464 1 
1569851465 0 
1569851685 0 
1569851686 0 
1569851687 0 
1569851880 1 
1569851881 0 
1569851882 0 
1569851883 1 
1569851884 1 
1569851885 1 
1569851886 0 
1569851887 0 
1569851888 0 
1569851889 0 
1569851890 0 
1569851891 0 
1569851892 0 
1569851893 0 
1569851894 0 
1569851895 0 
1569851896 0 
1569851897 0 
1569851898 0 
1569851899 1 
1569851900 1 
1569851901 1 
1569851902 1 
1569851903 1 
1569851904 1 
1569851905 1 
1569851906 2 
1569851907 0 
1569851908 0 
1569851909 1 
1569851910 0 
1569851911 0 
1569851912 0 
1569851913 0 
1569851914 0 
1569851915 0 
1569851916 0 
1569852108 0 
1569852109 0 
1569852110 0 
1569852111 0 
1569852112 0 
1569852113 0 
1569852114 0 
1569852115 0 
1569852116 0 
1569852117 0 
1569852118 0 
1569852119 0 
1569852120 0 
1569852121 0 
1569852122 0 
1569852123 0 
1569852124 0 
1569852125 0 
1569852126 0 
1569852127 0 
1569852128 0 
1569852129 0 
1569852130 0 
1569852131 0 
1569852132 0 
1569852133 0 
1569852134 0 
1569852135 0 
1569852136 0 
1569852137 0 
1569852138 0 
1569852139 0 
1569852140 0 
1569852141 0 
1569852142 0 
1569852143 0 
1569852144 0 
1569852145 0 
1569852337 0 
1569852338 0 
1569852339 0 
1569852340 0 
1569852341 0 
1569852342 0 
1569852343 0 
1569852344 0 
1569852345 0 
1569852346 0 
1569852347 0 
1569852348 0 
1569852349 0 
1569852350 0 
1569852351 0 
1569852352 0 
1569852353 0 
1569852354 0 
1569852355 0 
1569852356 0 
1569852357 0 
1569852358 0 
1569852359 0 
1569852360 0 
1569852361 0 
1569852362 0 
1569852363 1 
1569852364 1 
1569852365 1 
1569852366 1 
1569852367 1 
1569852368 1 
1569852369 1 
1569852370 1 
1569852371 1 
1569852372 1 
1569852373 1 
1569852374 1 
1569852375 1 
1569852376 0 
1569852377 0 
1569852378 0 
1569852379 0 
1569852380 0 
1569852381 0 
1569852382 0 
1569852383 0 
1569852384 1 
1569852571 0 
1569852572 0 
1569852573 0 
1569852574 0 
1569852575 0 
1569852576 0 
1569852577 0 
1569852578 0 
1569852579 0 
1569852580 0 
1569852581 0 
1569852582 0 
1569852583 0 
1569852584 0 
1569852585 0 
1569852586 0 
1569852587 0 
1569852588 0 
1569852589 0 
1569852590 0 
1569852591 0 
1569852592 0 
1569852593 0 
1569852594 0 
1569852595 0 
1569852596 0 
1569852597 0 
1569852598 0 
1569852599 0 
1569852600 0 
1569852989 0 
1569852990 0 
1569852991 0 
1569853215 0 
1569853216 0 
1569853217 0 
1569853218 0 
1569853219 0 
1569853220 0 
1569853221 0 
1569853222 0 
1569853223 0 
1569853224 0 
1569853225 0 
1569853226 0 
1569853227 0 
1569853228 0 
1569853229 0 
1569853230 0 
1569853231 0 
1569853232 0 
1569853233 0 
1569853234 0 
1569853235 0 
1569853236 0 
1569853237 0 
1569853238 0 
1569853239 0 
1569853240 0 
1569853241 0 
1569853242 0 
1569853243 0 
1569853244 0 
1569853245 0 
1569853246 0 
1569853247 0 
1569853248 0 
1569853249 0 
1569853250 0 
1569853251 0 
1569853252 0 
1569853253 0 
1569853254 0 
1569853255 0 
1569853256 0 
1569853257 0 
1569853258 0 
1569853259 0 
1569853260 0 
1569853261 0 
1569853262 0 
1569853263 0 
1569853264 0 
1569853265 0 
1569853266 0 
1569853267 0 
1569853268 0 
1569853269 0 
1569853270 0 
1569853271 0 
1569853272 0 
1569853273 0 
1569853274 0 
1569853275 0 
1569853276 0 
1569853277 0 
1569853278 0 
1569853279 0 
1569853280 0 
1569853281 0 
1569853282 0 
1569853283 0 
1569853284 0 
1569853285 0 
1569853286 0 
1569853287 0 
1569853288 0 
1569853289 0 
1569853290 0 
1569853291 0 
1569853292 0 
1569853293 0 
1569853294 0 
1569853295 0 
1569853296 0 
1569853297 0 
1569853298 0 
1569853299 0 
1569853300 0 
1569853301 0 
1569853302 0 
1569853303 0 
1569853540 0 
1569853541 1 
1569853542 0 
1569853982 0 
1569853983 0 
1569853984 0 
1569853985 0 
1569853986 0 
1569853987 0 
1569853988 0 
1569853989 0 
1569853990 0 
1569853991 0 
1569853992 0 
1569853993 0 
1569853994 0 
1569853995 0 
1569853996 0 
1569853997 0 
1569853998 0 
1569853999 0 
1569854000 0 
1569854001 0 
1569854002 0 
1569854003 0 
1569854004 0 
1569854005 0 
1569854006 0 
1569854007 0 
1569854008 0 
1569854009 0 
1569854010 0 
1569854011 0 
1569854012 0 
1569854013 0 
1569854014 0 
1569854015 0 
1569854016 0 
1569854017 0 
1569854018 0 
1569854019 0 
1569854020 0 
1569854021 0 
1569854022 0 
1569854023 0 
1569854024 0 
1569854025 0 
1569854026 0 
1569854027 0 
1569854028 0 
1569854029 0 
1569854030 0 
1569854031 0 
1569854032 0 
1569854033 0 
1569854034 0 
1569854035 0 
1569854036 0 
1569854037 0 
1569854038 0 
1569854039 0 
1569854040 0 
1569854041 0 
1569854042 0 
1569854043 0 
1569854044 0 
1569854045 0 
1569854046 0 
1569854047 0 
1569854048 0 
1569854049 0 
1569854050 0 
1569854051 0 
1569854052 0 
1569854053 0 
1569854054 0 
1569854055 0 
1569854056 0 
1569854057 0 
1569854058 0 
1569854059 0 
1569854060 0 
1569854061 0 
1569854062 0 
1569854063 0 
1569854064 0 
1569854065 0 
1569854066 0 
1569854067 0 
1569854068 0 
1569854069 0 
1569854070 0 
1569854071 0 
1569854072 0 
1569854073 0 
1569854074 0 
1569854075 0 
1569854076 0 
1569854077 0 
1569854078 0 
1569854079 0 
1569854080 0 
1569854081 0 
1569854082 0 
1569854083 0 
1569854084 0 
1569854085 0 
1569854086 0 
1569854087 0 
1569854088 0 
1569854089 0 
1569854090 0 
1569854091 0 
1569854092 0 
1569854093 0 
1569854094 0 
1569854095 0 
1569854096 0 
1569854097 0 
1569854098 0 
1569854099 0 
1569854100 0 
1569854101 0 
1569854102 0 
1569854103 0 
1569854104 0 
1569854105 0 
1569854106 0 
1569854107 0 
1569854108 0 
1569854109 0 
1569854110 0 
1569854111 0 
1569854112 0 
1569854113 0 
1569854114 0 
1569854115 0 
1569854116 0 
1569854117 0 
1569854118 0 
1569854119 0 
1569854120 0 
1569854121 0 
1569854122 0 
1569854123 0 
1569854124 0 
1569854125 0 
1569854126 0 
1569854127 0 
1569854128 0 
1569854129 0 
1569854130 0 
1569854131 0 
1569854132 0 
1569854133 0 
1569854134 0 
1569854135 0 
1569854136 0 
1569854137 0 
1569854138 0 
1569854139 0 
1569854140 0 
1569854141 0 
1569854142 0 
1569854143 0 
1569854144 0 
1569854145 0 
1569854146 0 
1569854147 0 
1569854148 0 
1569854149 0 
1569854150 0 
1569854151 0 
1569854152 0 
1569854153 0 
1569854154 0 
1569854155 0 
1569854156 0 
1569854157 0 
1569854158 0 
1569854159 0 
1569854160 0 
1569854161 0 
1569854162 0 
1569854163 0 
1569854164 0 
1569854165 0 
1569854166 0 
1569854167 0 
1569854168 0 
1569854169 0 
1569854170 0 
1569854171 0 
1569854172 0 
1569854173 0 
1569854174 0 
1569854175 0 
1569854176 0 
1569854177 0 
1569854178 0 
1569854179 0 
1569854180 0 
1569854181 0 
1569854182 0 
1569854183 0 
1569855140 0 
1569855141 0 
1569855142 0 
1569855584 0 
1569855585 0 
1569855586 0 
1570446901 0 
1570446902 0 
1570446903 0 
1570446904 0 
1570446905 0 
1570446906 0 
1570446907 0 
1570446908 0 
1570446909 0 
1570446910 0 
1570446911 0 
1570446912 0 
1570446913 0 
1570446914 0 
1570446915 0 
1570447951 1 
1570447952 0 
1570447953 0 
1570447954 0 
1570447955 1 
1570447956 0 
1570447957 0 
1570447958 0 
1570447959 0 
1570447960 0 
1570447961 0 
1570447962 0 
1570447963 0 
1570447964 0 
1570447965 0 
1570447966 0 
1570447967 0 
1570447968 0 
1570447969 0 
1570447970 0 
1570447971 0 
1570447972 0 
1570447973 0 
1570447974 0 
1570447975 0 
1570447976 0 
1570447977 0 
1570447978 0 
1570447979 0 
1570447980 0 
1570447981 0 
1570447982 0 
1570447983 0 
1570447984 0 
1570447985 0 
1570447986 0 
1570447987 0 
1570447988 0 
1570447989 0 
1570447990 0 
1570447991 0 
1570447992 0 
1570447993 0 
1570447994 0 
1570447995 0 
1570447996 0 
1570447997 0 
1570447998 0 
1570447999 0 
1570448000 0 
1570448001 0 
1570448002 0 
1570448003 0 
1570448004 0 
1570448005 0 
1570448006 0 
1570448007 0 
1570448645 0 
1570448646 0 
1570448647 0 
1570448648 0 
1570448649 0 
1570448650 0 
1570448651 0 
1570448652 0 
1570448653 0 
1570448654 0 
1570448655 0 
1570448656 0 
1570448657 0 
1570448658 0 
1570448659 0 
1570448660 0 
1570448661 0 
1570448662 0 
1570448663 0 
1570448664 0 
1570448665 0 
1570448666 0 
1570448667 0 
1570448668 0 
1570448669 0 
1570448670 0 
1570448671 0 
1570448672 0 
1570448673 0 
1570448674 0 
1570448675 0 
1570448676 0 
1570448677 0 
1570448678 0 
1570448679 0 
1570448680 0 
1570448681 0 
1570448682 0 
1570448683 0 
1570448684 0 
1570448685 0 
1570448686 0 
1570448687 0 
1570448688 0 
1570448689 0 
1570448690 0 
1570448691 0 
1570448692 0 
1570448693 0 
1570448694 0 
1570448695 0 
1570448696 0 
1570448697 0 
1570448698 0 
1570448699 0 
1570448700 0 
1570448701 0 
1570448702 0 
1570448703 0 
1570448704 0 
1570448705 0 
1570448706 0 
1570448707 0 
1570448708 0 
1570448709 0 
1570448710 0 
1570448711 0 
1570448712 0 
1570448713 0 
1570448714 0 
1570448715 0 
1570448716 0 
1570448717 0 
1570448718 0 
1570448719 0 
1570448720 0 
1570448721 0 
1570448722 0 
1570448723 0 
1570448724 0 
1570448725 0 
1570448726 0 
1570448727 0 
1570448728 0 
1570448729 0 
1570448730 0 
1570448731 0 
1570448732 1 
1570448733 0 
1570448734 0 
1570449202 0 
1570449203 1 
1570449204 0 
1570449628 0 
1570449629 0 
1570542987 0 
1570542988 0 
1570542989 0 
1570542990 0 
1570542991 0 
1570542992 0 
1570542993 0 
1570542994 0 
1570542995 0 
1570542996 0 
1570542997 0 
1570542998 0 
1570542999 0 
1570543000 0 
1570543001 0 
1570543002 0 
1570543003 0 
1570543004 0 
1570543005 0 
1570543006 0 
1570543007 0 
1570543008 0 
1570543009 0 
1570543010 0 
1570543011 0 
1570543012 0 
1570543013 0 
1570543014 0 
1570543015 0 
1570543016 0 
1570543017 0 
1570543018 0 
1570543019 0 
1570543020 0 
1570543021 0 
1570543022 0 
1570543023 0 
1570543024 0 
1570543025 0 
1570543026 0 
1570543027 0 
1570543028 0 
1570543029 1 
1570543030 0 
1570543221 0 
1570543222 0 
1570543223 0 
1570543224 0 
1570543225 0 
1570543226 0 
1570543227 0 
1570543228 0 
1570543229 0 
1570543230 0 
1570543231 0 
1570543232 0 
1570543233 0 
1570543234 0 
1570543235 0 
1570543236 0 
1570543237 0 
1570543238 0 
1570543239 0 
1570543240 0 
1570543241 0 
1570543242 0 
1570543243 0 
1570543244 0 
1570543245 0 
1570543246 0 
1570543247 0 
1570543248 0 
1570543249 0 
1570543250 0 
1570543251 0 
1570543252 0 
1570543253 0 
1570543254 0 
1570543255 0 
1570543256 0 
1570543257 0 
1570543258 0 
1570543259 0 
1570543260 0 
1570543261 0 
1570543262 0 
1570543263 0 
1570543264 0 
1570543265 0 
1570543266 0 
1570543267 0 
1570543268 0 
1570543269 0 
1570543270 0 
1570543271 0 
1570543272 0 
1570543273 0 
1570543274 0 
1570543275 0 
1570543276 0 
1570543277 0 
1570543278 0 
1570543279 0 
1570543280 0 
1570543281 0 
1570543282 0 
1570543283 0 
1570543284 0 
1570543285 0 
1570543286 0 
1570543287 0 
1570543288 0 
1570543289 0 
1570543290 0 
1570543291 0 
1570543292 0 
1570543293 0 
1570543294 0 
1570543295 0 
1570543296 0 
1570543297 0 
1570543298 0 
1570543299 0 
1570543300 0 
1570543301 0 
1570543302 0 
1570543303 0 
1570543304 0 
1570543305 0 
1570543306 0 
1570543307 0 
1570543308 0 
1570543309 0 
1570543310 0 
1570543311 0 
1570543312 0 
1570543313 0 
1570543314 0 
1570543315 0 
1570543316 0 
1570543317 0 
1570543318 0 
1570543319 0 
1570543320 0 
1570543321 0 
1570543322 0 
1570543323 0 
1570543324 0 
1570543325 0 
1570543326 0 
1570543327 0 
1570543328 0 
1570543329 0 
1570543330 0 
1570543331 0 
1570543332 0 
1570543333 0 
1570543334 0 
1570543335 0 
1570543336 0 
1570543337 0 
1570543338 0 
1570543339 0 
1570543340 0 
1570543341 0 
1570543342 0 
1570543343 0 
1570543344 0 
1570543345 0 
1570543346 0 
1570543347 0 
1570543348 0 
1570543349 0 
1570543350 0 
1570543351 0 
1570543352 0 
1570543353 0 
1570543354 0 
1570543355 0 
1570543356 0 
1570543357 0 
1570543358 0 
1570543359 0 
1570543360 0 
1570543361 0 
1570543362 0 
1570543363 0 
1570543364 0 
1570543365 0 
1570543366 0 
1570543367 0 
1570543368 0 
1570543369 0 
1570543370 0 
1570543371 0 
1570543372 0 
1570543373 0 
1570543374 0 
1570543375 0 
1570543376 0 
1570543377 0 
1570543378 0 
1570543379 0 
1570543380 0 
1570543381 0 
1570543382 0 
1570543383 0 
1570543384 1 
1570543385 0 
1570543386 0 
1570543574 0 
1570543575 0 
1570543576 1 
1570543577 0 
1570543578 0 
1570543579 0 
1570543580 0 
1570543581 0 
1570543582 0 
1570543583 0 
1570543584 0 
1570543585 0 
1570543586 0 
1570543587 0 
1570543588 0 
1570543589 0 
1570543590 0 
1570543591 0 
1570543592 0 
1570543794 0 
1570543795 0 
1570543796 0 
1570543797 0 
1570543798 0 
1570543799 0 
1570543800 0 
1570543801 0 
1570543802 0 
1570543803 0 
1570543804 0 
1570543805 0 
1570543806 0 
1570543807 0 
1570543808 0 
1570543809 0 
1570543810 0 
1570543811 0 
1570543812 0 
1570543813 0 
1570543814 0 
1570543815 0 
1570543816 0 
1570543817 0 
1570543818 0 
1570543819 0 
1570543820 0 
1570543821 0 
1570543822 0 
1570543823 0 
1570543824 0 
1570543825 0 
1570543826 0 
1570543827 0 
1570543828 0 
1570543829 0 
1570543830 0 
1570543831 0 
1570543832 0 
1570543833 0 
1570543834 0 
1570543835 0 
1570543836 0 
1570543837 0 
1570543838 0 
1570543839 0 
1570543840 0 
1570543841 0 
1570543842 0 
1570543843 0 
1570543844 0 
1570543845 0 
1570543846 0 
1570543847 0 
1570543848 0 
1570543849 0 
1570543850 0 
1570543851 0 
1570543852 0 
1570543853 0 
1570543854 0 
1570543855 0 
1570543856 0 
1570543857 0 
1570543858 0 
1570543859 0 
1570543860 0 
1570543861 0 
1570543862 0 
1570543863 0 
1570543864 0 
1570543865 0 
1570543866 0 
1570543867 0 
1570543868 0 
1570543869 0 
1570543870 0 
1570543871 0 
1570543872 0 
1570543873 0 
1570543874 0 
1570543875 0 
1570543876 0 
1570543877 0 
1570543878 0 
1570543879 0 
1570543880 0 
1570543881 0 
1570543882 0 
1570543883 0 
1570543884 0 
1570543885 0 
1570543886 0 
1570543887 0 
1570543888 0 
1570543889 0 
1570543890 0 
1570543891 0 
1570543892 0 
1570543893 0 
1570543894 0 
1570543895 0 
1570543896 0 
1570543897 0 
1570543898 0 
1570543899 0 
1570543900 0 
1570543901 0 
1570543902 0 
1570543903 0 
1570543904 0 
1570543905 0 
1570543906 0 
1570543907 0 
1570543908 0 
1570543909 0 
1570543910 0 
1570543911 0 
1570543912 0 
1570543913 0 
1570543914 0 
1570543915 0 
1570543916 0 
1570543917 0 
1570543918 0 
1570543919 0 
1570543920 0 
1570543921 0 
1570543922 0 
1570543923 0 
1570543924 0 
1570543925 0 
1570543926 0 
1570543927 0 
1570543928 0 
1570543929 0 
1570543930 0 
1570543931 0 
1570543932 0 
1570543933 0 
1570543934 0 
1570543935 0 
1570543936 0 
1570543937 0 
1570543938 0 
1570543939 0 
1570543940 0 
1570543941 0 
1570543942 0 
1570543943 0 
1570543944 0 
1570543945 0 
1570543946 0 
1570543947 0 
1570543948 0 
1570543949 0 
1570543950 0 
1570543951 0 
1570543952 0 
1570543953 0 
1570543954 0 
1570543955 0 
1570543956 0 
1570543957 0 
1570543958 0 
1570543959 0 
1570543960 0 
1570543961 0 
1570543962 0 
1570543963 0 
1570543964 0 
1570543965 0 
1570543966 0 
1570543967 0 
1570543968 0 
1570543969 0 
1570543970 0 
1570543971 0 
1570543972 0 
1570543973 0 
1570543974 0 
1570543975 0 
1570543976 0 
1570543977 0 
1570543978 0 
1570543979 0 
1570543980 0 
1570543981 0 
1570543982 0 
1570543983 0 
1570543984 0 
1570543985 0 
1570543986 0 
1570543987 0 
1570543988 0 
1570543989 0 
1570543990 0 
1570543991 0 
1570543992 0 
1570543993 0 
1570543994 0 
1570543995 0 
1570543996 0 
1570543997 0 
1570543998 0 
1570543999 0 
1570544000 0 
1570544001 0 
1570544002 0 
1570544003 0 
1570544004 0 
1570544005 0 
1570544006 0 
1570544007 0 
1570544008 0 
1570544009 0 
1570544010 0 
1570544011 0 
1570544012 0 
1570544013 0 
1570544014 0 
1570544015 0 
1570544016 0 
1570544017 0 
1570544018 0 
1570544019 0 
1570544020 0 
1570544021 0 
1570544022 0 
1570544023 0 
1570544024 0 
1570544025 0 
1570544026 0 
1570544027 0 
1570544028 0 
1570544029 0 
1570544030 0 
1570544031 0 
1570544032 0 
1570544033 0 
1570544034 0 
1570544035 0 
1570544036 0 
1570544037 0 
1570544038 0 
1570544039 0 
1570544040 0 
1570544041 0 
1570544042 0 
1570544043 0 
1570544044 0 
1570544045 0 
1570544046 0 
1570544047 0 
1570544048 0 
1570544049 0 
1570544050 0 
1570544051 0 
1570544052 0 
1570544053 0 
1570544054 0 
1570544055 0 
1570544056 0 
1570544057 0 
1570544058 0 
1570544059 0 
1570544060 0 
1570544061 0 
1570544062 0 
1570544063 0 
1570544064 0 
1570544065 0 
1570544066 0 
1570544067 0 
1570544068 0 
1570544069 0 
1570544070 0 
1570544071 0 
1570544072 0 
1570544073 0 
1570544074 0 
1570544075 0 
1570544076 0 
1570544077 0 
1570544078 0 
1570544079 0 
1570544080 0 
1570544081 0 
1570544082 0 
1570544083 0 
1570544084 0 
1570544085 0 
1570544086 0 
1570544087 0 
1570544088 0 
1570544089 0 
1570544090 0 
1570544091 0 
1570544092 0 
1570544093 0 
1570544094 0 
1570544095 0 
1570544096 0 
1570544097 0 
1570544098 0 
1570544099 0 
1570544100 0 
1570544101 0 
1570544102 0 
1570544103 0 
1570544104 0 
1570544105 0 
1570544106 0 
1570544107 0 
1570544108 0 
1570544109 0 
1570544110 0 
1570544111 0 
1570544112 0 
1570544113 0 
1570544114 0 
1570544115 0 
1570544116 0 
1570544117 0 
1570544118 0 
1570544119 0 
1570544120 0 
1570544121 0 
1570544122 0 
1570544123 0 
1570544124 0 
1570544125 0 
1570544126 0 
1570544127 0 
1570544128 0 
1570544129 0 
1570544130 0 
1570544131 0 
1570544132 0 
1570544133 0 
1570544134 0 
1570544135 0 
1570544136 0 
1570544137 0 
1570544138 0 
1570544139 0 
1570544140 0 
1570544141 0 
1570544142 0 
1570544143 0 
1570544144 0 
1570544145 0 
1570544146 0 
1570544147 0 
1570544148 0 
1570544149 0 
1570544150 0 
1570544151 0 
1570544152 0 
1570544153 0 
1570544154 0 
1570544155 0 
1570544156 0 
1570544157 0 
1570544158 0 
1570544159 0 
1570544160 0 
1570544161 0 
1570544162 0 
1570544163 0 
1570544164 0 
1570544165 0 
1570544166 0 
1570544167 0 
1570544168 0 
1570544169 0 
1570544170 0 
1570544171 0 
1570544172 0 
1570544173 0 
1570544174 0 
1570544175 0 
1570544176 0 
1570544177 0 
1570544178 0 
1570544179 0 
1570544180 0 
1570544181 0 
1570544182 0 
1570544183 0 
1570544184 0 
1570544185 0 
1570544186 0 
1570544187 0 
1570544188 0 
1570544189 0 
1570544190 0 
1570544191 0 
1570544192 0 
1570544193 0 
1570544194 0 
1570544195 0 
1570544196 0 
1570544197 0 
1570544198 0 
1570544199 0 
1570544200 0 
1570544201 0 
1570544202 0 
1570544203 0 
1570544204 0 
1570544205 0 
1570544206 0 
1570544207 0 
1570544208 0 
1570544209 0 
1570544210 0 
1570544211 0 
1570544212 0 
1570544213 0 
1570544214 0 
1570544215 0 
1570544216 0 
1570544217 0 
1570544218 0 
1570544219 0 
1570544220 0 
1570544221 0 
1570544222 0 
1570544223 0 
1570544224 0 
1570544225 0 
1570544226 0 
1570544227 0 
1570544228 0 
1570544229 0 
1570544230 0 
1570544231 0 
1570544232 0 
1570544233 0 
1570544234 0 
1570544235 0 
1570544236 0 
1570544237 0 
1570544238 0 
1570544239 0 
1570544240 0 
1570544241 0 
1570544242 0 
1570544243 0 
1570544244 0 
1570544245 0 
1570544246 0 
1570544247 0 
1570544248 0 
1570544249 0 
1570544250 0 
1570544251 0 
1570544252 0 
1570544253 0 
1570544254 0 
1570544255 0 
1570544256 0 
1570544257 0 
1570544258 0 
1570544259 0 
1570544260 0 
1570544261 0 
1570544262 0 
1570544263 0 
1570544264 0 
1570544265 0 
1570544266 0 
1570544267 0 
1570544268 0 
1570544269 0 
1570544270 0 
1570544271 0 
1570544272 0 
1570544273 0 
1570544274 0 
1570544275 0 
1570544276 0 
1570544277 0 
1570544278 0 
1570544279 0 
1570544280 0 
1570544281 0 
1570544282 0 
1570544283 0 
1570544284 0 
1570544285 0 
1570544286 0 
1570544287 0 
1570544288 0 
1570544289 0 
1570544290 0 
1570544291 0 
1570544292 0 
1570544293 0 
1570544294 0 
1570544295 0 
1570544296 0 
1570544297 0 
1570544298 0 
1570544299 0 
1570544300 0 
1570544301 0 
1570544302 0 
1570544303 0 
1570544304 0 
1570544305 0 
1570544306 0 
1570544307 0 
1570544308 0 
1570544309 0 
1570544310 0 
1570544311 0 
1570544312 0 
1570544313 0 
1570544314 0 
1570544315 0 
1570544316 0 
1570544317 0 
1570544318 0 
1570544319 0 
1570544320 0 
1570544321 0 
1570544322 0 
1570544323 0 
1570544324 0 
1570544325 0 
1570544326 0 
1570544327 0 
1570544328 0 
1570544329 0 
1570544330 0 
1570544331 0 
1570544332 0 
1570544333 0 
1570544334 0 
1570544335 0 
1570544336 0 
1570544337 0 
1570544338 0 
1570544339 0 
1570544340 0 
1570544341 0 
1570544342 0 
1570544343 0 
1570544344 0 
1570544345 0 
1570544346 0 
1570544347 0 
1570544348 0 
1570544349 0 
1570544350 0 
1570544351 0 
1570544352 0 
1570544353 0 
1570544354 0 
1570544355 0 
1570544356 0 
1570544357 0 
1570544358 0 
1570544359 0 
1570544360 0 
1570544361 0 
1570544362 0 
1570544363 0 
1570544364 0 
1570544365 0 
1570544366 0 
1570544367 0 
1570544368 0 
1570544369 0 
1570544370 0 
1570544371 0 
1570544372 0 
1570544373 0 
1570544374 0 
1570544375 0 
1570544376 0 
1570544377 0 
1570544471 0 
1570544472 0 
1570544473 0 
1570544474 0 
1570544475 0 
1570544476 0 
1570544477 0 
1570544478 0 
1570544479 0 
1570544480 0 
1570544481 0 
1570544482 0 
1570544483 0 
1570544484 0 
1570544485 0 
1570544486 0 
1570544487 0 
1570544488 0 
1570544489 0 
1570544490 0 
1570544491 0 
1570544492 0 
1570544493 0 
1570544494 0 
1570544495 0 
1570544496 0 
1570544497 0 
1570544498 0 
1570544499 0 
1570544500 0 
1570544501 0 
1570544502 0 
1570544503 0 
1570544504 0 
1570544505 0 
1570544506 0 
1570544507 0 
1570544508 0 
1570544509 0 
1570544510 0 
1570544511 0 
1570544512 0 
1570544513 0 
1570544514 0 
1570544515 0 
1570544516 0 
1570544517 0 
1570544518 0 
1570544519 0 
1570544520 0 
1570544521 0 
1570544522 0 
1570544706 0 
1570544707 0 
1570544708 0 
1570544709 0 
1570544710 0 
1570544711 0 
1570544712 0 
1570544713 1 
1570544714 0 
1570544715 0 
1570544716 0 
1570544717 0 
1570544718 0 
1570544719 1 
1570544720 0 
1570544721 1 
1570544968 0 
1570544969 0 
1570544970 0 
1570544971 0 
1570544972 0 
1570544973 0 
1570544974 0 
1570544975 0 
1570544976 0 
1570544977 0 
1570544978 0 
1570544979 0 
1570544980 0 
1570544981 0 
1570544982 0 
1570544983 0 
1570545185 0 
1570545186 0 
1570545187 2 
1571322889 0 
1571322890 0 
1571322891 0 
1571322892 0 
1571322893 0 
1571322894 0 
1571322895 0 
1571322896 0 
1571322897 0 
1571322898 0 
1571322899 0 
1571322900 1 
1571322901 0 
1571323086 0 
1571323087 0 
1571323088 0 
1571323089 0 
1571323090 0 
1571323091 0 
1571323092 0 
1571323093 0 
1571323094 0 
1571323095 0 
1571323096 0 
1571323097 0 
1571323098 0 
1571323099 0 
1571323100 0 
1571323101 0 
1571323102 0 
1571323103 0 
1571323104 0 
1571323105 0 
1571323106 0 
1571323107 0 
1571323108 0 
1571323109 0 
1571323110 0 
1571323111 0 
1571323112 0 
1571323113 0 
1571323114 0 
1571323115 0 
1571323116 0 
1571323117 0 
1571323118 0 
1571323119 0 
1571323120 0 
1571323121 0 
1571323122 0 
1571323123 0 
1571323124 0 
1571323125 0 
1571323126 0 
1571323127 0 
1571323128 0 
1571323129 0 
1571323130 0 
1571323131 0 
1571323132 0 
1571323133 0 
1571323134 0 
1571323135 0 
1571323136 0 
1571323137 0 
1571323138 0 
1571323139 0 
1571323140 0 
1571323141 0 
1571323142 0 
1571323143 0 
1571323144 0 
1571323145 0 
1571323146 0 
1571323147 0 
1571323148 0 
1571323149 0 
1571323150 0 
1571323151 0 
1571323152 0 
1571323153 0 
1571323154 0 
1571323155 0 
1571323156 0 
1571323157 0 
1571323158 0 
1571323159 0 
1571323160 0 
1571323161 0 
1571323162 0 
1571323163 0 
1571323164 0 
1571323165 0 
1571323166 0 
1571323167 0 
1571323168 0 
1571323169 0 
1571323170 0 
1571323171 0 
1571323172 0 
1571323173 0 
1571323174 0 
1571323175 0 
1571323176 0 
1571323177 0 
1571323178 0 
1571323179 0 
1571323180 0 
1571323181 0 
1571323182 0 
1571323183 0 
1571323184 0 
1571323185 0 
1571323186 0 
1571323187 0 
1571323188 0 
1571323189 0 
1571323190 0 
1571323191 0 
1571323192 0 
1571323193 0 
1571323194 0 
1571323195 0 
1571323196 0 
1571323197 0 
1571323198 0 
1571323199 0 
1571323200 0 
1571323201 0 
1571323202 0 
1571323203 0 
1571323204 0 
1571323205 0 
1571323206 0 
1571323207 0 
1571323208 0 
1571323209 0 
1571323210 0 
1571323211 0 
1571323212 0 
1571323213 0 
1571323214 0 
1571323215 0 
1571323216 0 
1571323217 0 
1571323218 0 
1571323219 0 
1571323220 0 
1571323221 0 
1571323222 0 
1571323223 0 
1571323615 0 
1571323616 0 
1571324001 1 
1571324002 0 
1571324003 0 
1571324004 0 
1571324005 0 
1571324006 0 
1571324007 0 
1571324008 0 
1571324009 0 
1571324010 0 
1571324011 0 
1571324012 0 
1571324013 0 
1571324014 0 
1571324015 0 
1571324016 0 
1571324017 0 
1571324018 0 
1571324398 0 
1571324399 0 
1571324400 0 
1571324401 0 
1571324402 0 
1571324403 0 
1571324404 0 
1571324405 0 
1571324406 0 
1571324407 0 
1571324408 0 
1571324409 0 
1571324410 0 
1571324411 0 
1571324412 0 
1571324413 0 
1571324414 0 
1571324415 0 
1571324416 0 
1571324417 0 
1571324418 1 
1571324795 0 
1571324796 0 
1571324797 0 
1571324798 0 
1571324799 0 
1571324800 0 
1571324801 0 
1571324802 0 
1571324803 0 
1571324804 0 
1571324805 0 
1571324806 0 
1571324807 0 
1571324808 0 
1571324809 0 
1571324810 0 
1571324811 0 
1571324812 0 
1571324813 0 
1571324814 0 
1571324815 0 
1571324816 0 
1571324817 0 
1571324818 0 
1571324819 0 
1571324820 0 
1571324821 0 
1571324822 0 
1571324823 0 
1571324824 0 
1571324825 0 
1571324826 0 
1571324827 0 
1571324828 0 
1571324829 0 
1571324830 0 
1571324831 0 
1571324832 0 
1571324833 0 
1571324834 0 
1571324835 0 
1571324836 0 
1571324837 0 
1571324838 0 
1571324839 0 
1571324840 0 
1571324841 0 
1571324842 0 
1571324843 0 
1571324844 0 
1571324845 0 
1571324846 0 
1571324847 0 
1571324848 0 
1571324849 0 
1571324850 0 
1571324851 0 
1571324852 0 
1571324853 0 
1571324854 0 
1571324855 0 
1571324856 0 
1571324857 0 
1571324858 0 
1571324859 0 
1571324860 0 
1571324861 0 
1571324862 0 
1571324863 0 
1571324864 0 
1571324865 0 
1571324866 0 
1571324867 0 
1571324868 0 
1571324869 0 
1571324870 0 
1571324871 0 
1571324872 0 
1571324873 0 
1571324874 0 
1571324875 0 
1571324876 0 
1571324877 0 
1571324878 0 
1571324879 0 
1571324880 0 
1571324881 0 
1571324882 0 
1571324883 0 
1571324884 0 
1571324885 0 
1571324886 0 
1571324887 0 
1571324888 0 
1571324889 0 
1571324890 0 
1571324891 0 
1571324892 0 
1571324893 0 
1571324894 0 
1571324895 0 
1571324896 0 
1571324897 0 
1571324898 0 
1571324899 0 
1571324900 0 
1571324901 0 
1571324902 0 
1571324903 0 
1571324904 0 
1571324905 0 
1571324906 0 
1571324907 0 
1571324908 0 
1571324909 0 
1571324910 0 
1571324911 0 
1571324912 0 
1571324913 0 
1571324914 0 
1571324915 0 
1571324916 0 
1571324917 0 
1571324918 0 
1571324919 0 
1571324920 0 
1571324921 0 
1571324922 0 
1571324923 0 
1571324924 0 
1571324925 0 
1571324926 0 
1571324927 0 
1571324928 0 
1571324929 0 
1571324930 0 
1571324931 0 
1571324932 0 
1571324933 0 
1571324934 0 
1571324935 0 
1571324936 0 
1571324937 0 
1571324938 0 
1571324939 0 
1571324940 0 
1571324941 0 
1571324942 0 
1571324943 0 
1571324944 0 
1571324945 0 
1571324946 0 
1571324947 0 
1571324948 0 
1571324949 0 
1571324950 0 
1571324951 0 
1571324952 0 
1571324953 0 
1571324954 0 
1571324955 0 
1571324956 0 
1571324957 0 
1571324958 0 
1571324959 0 
1571324960 0 
1571324961 0 
1571324962 0 
1571324963 0 
1571324964 0 
1571324965 0 
1571324966 0 
1571324967 0 
1571324968 0 
1571324969 0 
1571324970 0 
1571324971 0 
1571324972 0 
1571324973 0 
1571324974 0 
1571324975 0 
1571324976 0 
1571324977 0 
1571324978 0 
1571324979 0 
1571324980 0 
1571324981 0 
1571324982 0 
1571324983 0 
1571324984 0 
1571324985 0 
1571324986 0 
1571324987 0 
1571324988 0 
1571324989 0 
1571324990 0 
1571324991 0 
1571324992 0 
1571324993 0 
1571324994 0 
1571324995 0 
1571324996 0 
1571324997 0 
1571324998 0 
1571324999 0 
1571325000 0 
1571325001 0 
1571325002 0 
1571325003 0 
1571325004 0 
1571325005 0 
1571325006 0 
1571325007 0 
1571325008 0 
1571325009 0 
1571325010 0 
1571325011 0 
1571325012 0 
1571325013 0 
1571325014 0 
1571325015 0 
1571325016 0 
1571325017 0 
1571325018 0 
1571325019 0 
1571325020 0 
1571325021 0 
1571325022 0 
1571325023 1 
1571325024 0 
1571325219 0 
1571325220 0 
1571325221 0 
1571325609 0 
1571325610 0 
1571325611 0 
1571325612 0 
1571325613 0 
1571325614 0 
1571325615 0 
1571325616 0 
1571325617 0 
1571325618 0 
1571325619 0 
1571325620 0 
1571325621 0 
1571325622 0 
1571325623 0 
1571325624 1 
1571325625 0 
1571325810 0 
1571325811 0 
1571325812 0 
1571325813 0 
1571325814 0 
1571325815 0 
1571325816 0 
1571325817 0 
1571325818 0 
1571325819 0 
1571325820 0 
1571325821 0 
1571325822 1 
1571325823 0 
1571325824 0 
1571326007 0 
1571326008 0 
1571326009 0 
1571326010 0 
1571326011 0 
1571326012 0 
1571326013 0 
1571326014 0 
1571326015 0 
1571326016 0 
1571326017 0 
1571326018 0 
1571326019 0 
1571326020 0 
1571326021 0 
1571326022 1 
1571326023 0 
1571326527 0 
1571326528 0 
1571326529 0 
1571326530 0 
1571326531 0 
1571326532 0 
1571326533 0 
1571326534 0 
1571326535 0 
1571326536 0 
1571326537 0 
1571326538 0 
1571326539 0 
1571326540 0 
1571326541 0 
1571326542 0 
1571326543 0 
1571326544 0 
1571326545 0 
1571326546 0 
1571326547 0 
1571326548 0 
1571326549 0 
1571326550 0 
1571326551 0 
1571326552 0 
1571326553 0 
1571326554 0 
1571326555 0 
1571326556 0 
1571326557 0 
1571326558 0 
1571326559 0 
1571326560 0 
1571326561 0 
1571326562 0 
1571326563 0 
1571326564 0 
1571326565 0 
1571326566 0 
1571326567 0 
1571326568 0 
1571326569 0 
1571326570 0 
1571326571 0 
1571326572 0 
1571326573 0 
1571326574 0 
1571326575 0 
1571326576 0 
1571326577 0 
1571326578 0 
1571326579 0 
1571326580 0 
1571326581 0 
1571326582 0 
1571326583 0 
1571326584 0 
1571326585 0 
1571326586 0 
1571326587 0 
1571326588 0 
1571326589 0 
1571326590 0 
1571326591 0 
1571326592 0 
1571326593 0 
1571326594 0 
1571326595 0 
1571326596 0 
1571326597 0 
1571326598 0 
1571326599 0 
1571326600 0 
1571326601 0 
1571326602 0 
1571326603 0 
1571326604 0 
1571326605 0 
1571326606 0 
1571326607 0 
1571326608 0 
1571326609 0 
1571326610 0 
1571326611 0 
1571326612 0 
1571326613 0 
1571326614 0 
1571326615 0 
1571326616 0 
1571326617 0 
1571326618 0 
1571326619 0 
1571326620 0 
1571326621 0 
1571326622 0 
1571326623 0 
1571326624 0 
1571326625 0 
1571326626 0 
1571326627 0 
1571326628 0 
1571326629 0 
1571326630 0 
1571326631 0 
1571326632 0 
1571326633 0 
1571326634 0 
1571326635 0 
1571326636 0 
1571326637 0 
1571326638 0 
1571326639 0 
1571326640 0 
1571326641 0 
1571326642 0 
1571326643 0 
1571326644 0 
1571326645 0 
1571326646 0 
1571326647 0 
1571326648 0 
1571326649 0 
1571326650 0 
1571326651 0 
1571326652 0 
1571326653 0 
1571326654 0 
1571326655 0 
1571326656 0 
1571326657 0 
1571326658 0 
1571326659 0 
1571326660 0 
1571326661 0 
1571326662 0 
1571326663 0 
1571326664 0 
1571326665 0 
1571326666 0 
1571326667 0 
1571326668 0 
1571326669 0 
1571326670 0 
1571326671 0 
1571326672 0 
1571326673 0 
1571326674 0 
1571326675 0 
1571326676 0 
1571326677 0 
1571326678 0 
1571326679 0 
1571326680 0 
1571326681 0 
1571326682 0 
1571326683 0 
1571326684 0 
1571326685 0 
1571326686 0 
1571326687 0 
1571326688 0 
1571326689 0 
1571326690 0 
1571326691 0 
1571326692 0 
1571326693 0 
1571326694 0 
1571326695 0 
1571326696 0 
1571326697 0 
1571326698 0 
1571326699 0 
1571326700 0 
1571326701 0 
1571326702 0 
1571326703 0 
1571326704 0 
1571326705 0 
1571326706 0 
1571326707 0 
1571326708 0 
1571326709 0 
1571326710 0 
1571326711 0 
1571326712 0 
1571326713 0 
1571326714 0 
1571326715 0 
1571326910 0 
1571326911 0 
1571326912 0 
1571326913 0 
1571326914 0 
1571326915 0 
1571326916 0 
1571326917 0 
1571326918 0 
1571326919 0 
1571326920 0 
1571326921 2 
1571326922 0 
1571326923 1 
1571326924 1 
1571326925 2 
1571326926 2 
1571326927 2 
1571326928 1 
1571327119 0 
1571327120 0 
1571327121 0 
1571327122 0 
1571327123 0 
1571327124 0 
1571327125 0 
1571327126 0 
1571327127 0 
1571327128 0 
1571327129 0 
1571327130 0 
1571327131 0 
1571327132 0 
1571327133 1 
1571327134 0 
1571327327 0 
1571327328 0 
1571327329 0 
1571327330 0 
1571327331 0 
1571327332 0 
1571327333 0 
1571327334 0 
1571327335 0 
1571327336 0 
1571327337 0 
1571327338 0 
1571327339 0 
1571327340 0 
1571327341 0 
1571327342 0 
1571327343 0 
1571327344 0 
1571327345 0 
1571327346 0 
1571327347 1 
1571327348 0 
1571327349 0 
1571327737 0 
1571327738 0 
1571327739 0 
1571328128 0 
1571328129 0 
1571328130 0 
1571328508 0 
1571328509 0 
1571328510 0 
1571328511 0 
1571328512 0 
1571328513 0 
1571328514 0 
1571328515 0 
1571328516 0 
1571328517 0 
1571328518 0 
1571328519 0 
1571328520 0 
1571328521 0 
1571328898 0 
1571328899 0 
1571328900 0 
1571328901 0 
1571328902 0 
1571328903 0 
1571328904 0 
1571328905 0 
1571328906 0 
1571328907 0 
1571328908 0 
1571328909 0 
1571328910 1 
1571328911 0 
1571328912 0 
1571329302 0 
1571329303 0 
1571329304 0 
1571329675 0 
1571329676 0 
1571329677 0 
1571329678 0 
1571329679 0 
1571329680 0 
1571329681 0 
1571329682 0 
1571329683 0 
1571329684 0 
1571329685 0 
1571329686 0 
1571329687 0 
1571329688 0 
1571329689 0 
1571329690 0 
1571329691 0 
1571329692 0 
1571329693 0 
1571329694 0 
1571329695 0 
1571329696 0 
1571329697 0 
1571329698 0 
1571329699 0 
1571329700 0 
1571329701 0 
1571329702 0 
1571329703 0 
1571329704 0 
1571329705 0 
1571329706 0 
1571329707 0 
1571329708 0 
1571329709 0 
1571329710 0 
1571329711 0 
1571329712 0 
1571329713 0 
1571329714 0 
1571329715 0 
1571329716 0 
1571329717 0 
1571329718 0 
1571329719 0 
1571329720 0 
1571329721 0 
1571329722 0 
1571329723 0 
1571329724 0 
1571329725 0 
1571329726 0 
1571329727 0 
1571329728 0 
1571329729 0 
1571329730 0 
1571329731 0 
1571329732 0 
1571329733 0 
1571329734 0 
1571329735 0 
1571329736 0 
1571329737 0 
1571329738 0 
1571329739 0 
1571329740 0 
1571329741 0 
1571329742 0 
1571329743 0 
1571329744 0 
1571329745 0 
1571329746 0 
1571329747 0 
1571329748 0 
1571329749 0 
1571329750 0 
1571329751 0 
1571329752 0 
1571329753 0 
1571329754 0 
1571329755 0 
1571329756 0 
1571329757 0 
1571329758 0 
1571329759 0 
1571329760 0 
1571329761 0 
1571329762 0 
1571329763 0 
1571329764 0 
1571329765 0 
1571329766 0 
1571329767 0 
1571329768 0 
1571329769 0 
1571329770 0 
1571329771 0 
1571329772 0 
1571329773 0 
1571329774 0 
1571329775 0 
1571329776 0 
1571329777 0 
1571329778 0 
1571329779 0 
1571329780 0 
1571329781 0 
1571329782 0 
1571329783 0 
1571329784 0 
1571329785 0 
1571329786 0 
1571329787 0 
1571329788 0 
1571329789 0 
1571329790 0 
1571329791 0 
1571329792 0 
1571329793 0 
1571329794 0 
1571329795 0 
1571329796 0 
1571329797 0 
1571329798 0 
1571329799 0 
1571329800 0 
1571329801 0 
1571329802 0 
1571329803 0 
1571329804 0 
1571329805 0 
1571329806 0 
1571329807 0 
1571329808 0 
1571329809 0 
1571329810 0 
1571329811 0 
1571329812 0 
1571329813 0 
1571329814 0 
1571329815 0 
1571329816 0 
1571329817 0 
1571329818 0 
1571329819 0 
1571329820 0 
1571329821 0 
1571329822 0 
1571329823 0 
1571329824 0 
1571329825 0 
1571329826 0 
1571329827 0 
1571329828 0 
1571329829 0 
1571329830 0 
1571329831 0 
1571329832 0 
1571329833 0 
1571329834 0 
1571329835 0 
1571329836 0 
1571329837 0 
1571329838 0 
1571329839 0 
1571329840 0 
1571329841 0 
1571329842 0 
1571329843 0 
1571329844 0 
1571329845 0 
1571329846 0 
1571329847 0 
1571329848 0 
1571329849 0 
1571329850 0 
1571329851 0 
1571329852 0 
1571329853 0 
1571329854 0 
1571329855 0 
1571329856 0 
1571329857 0 
1571329858 0 
1571329859 0 
1571329860 0 
1571329861 0 
1571329862 0 
1571329863 0 
1571329864 0 
1571329865 0 
1571329866 0 
1571329867 0 
1571329868 0 
1571329869 0 
1571329870 0 
1571329871 0 
1571329872 0 
1571329873 0 
1571329874 0 
1571329875 0 
1571329876 0 
1571329877 0 
1571329878 0 
1571329879 0 
1571329880 0 
1571329881 0 
1571329882 0 
1571329883 0 
1571329884 0 
1571329885 0 
1571329886 0 
1571329887 0 
1571329888 0 
1571329889 0 
1571329890 0 
1571329891 0 
1571329892 0 
1571329893 0 
1571329894 0 
1571329895 0 
1571329896 0 