1582113081 5.247752547
1582113250 4.204047462
1582113413 4.358394316
1582113582 4.885955181
1582113743 4.958698355
1582113921 4.161451126
1582114084 4.451861567
1582114247 4.356130208
1582114414 4.156418953
1582114577 4.9118909
1582114742 4.074214899
1582114903 4.321088094
1582115069 4.158139362
1582115235 4.240321517
1582115398 4.352595539
1582115561 4.685433341
1582115726 4.225134092
1582115889 4.364550816
1582116070 4.760471333
1582116459 4.680928602
1582118947 4.412032988
1582119108 4.64775284
1582119278 4.678071202
1582119445 4.486961685
1582119629 5.126511067
1582119793 4.429470602
1582119963 4.946198329
1582120136 4.963196767
1582120319 4.31333552
1582120622 5.296348083
1582120860 4.836431559
1582121027 4.789673839
1582121210 66.185576893
1582121434 4.658267452
1582125178 4.442042582
1582125337 4.408351784
1582125821 4.192591066
1582125987 4.917717223
1582126156 4.230430821
1582126317 4.350119541
1582126483 5.004082304
1582126646 4.615775504
1582126812 4.283899047
1582126974 4.435586276
1582127134 5.16385043
1582127301 4.813684898
1582127471 4.551209391
1582127634 5.136366888
1582127799 4.600939353
1582127959 4.767661378
1582128125 4.261354583
1582128284 4.401244281
1582128467 4.207809102
1582128629 4.496364882
1582128796 4.377512159
1582128958 4.154921238
1582129130 4.602075893
1582129289 4.355481146
1582129450 4.765407121
1582129614 4.20484318
