1572532400 0.940678396
1572532401 0.045555908
1572532401 0.042739709
1572532402 0.043272907
1572532402 0.036989644
1572532402 0.051302533
1572532402 0.003333485
1572532402 0.022780932
1572532402 0.002922094
1572532402 0.046531258
1572532402 0.047146649
1572532402 0.04918454
1572532402 0.035334715
1572532402 0.003031848
1572532402 0.03382284
1572532402 0.053959799
1572532402 0.049476507
1572532402 0.003613261
1572532402 0.026366102
1572532402 0.038089804
1572532402 0.001215186
1572532402 0.042510077
1572532402 0.037001407
1572532402 0.05176652
1572532601 0.81304896
1572532602 0.090999441
1572532602 0.00159511
1572532602 0.010150464
1572532602 0.012878613
1572532602 0.047527133
1572532602 0.001375577
1572532602 0.05059845
1572532602 0.040572041
1572532602 0.001724581
1572532602 0.035572482
1572532602 0.056183379
1572532602 0.000978254
1572532602 0.037851011
1572532602 0.001848193
1572532602 0.009907318
1572532602 0.023895017
1572532602 0.044379123
1572532602 0.000922395
1572532602 0.043854938
1572532602 0.055233326
1572532603 0.024652711
1572532603 0.051191228
1572532603 0.00157558
1572532603 0.044436347
1572532603 0.007190164
1572532603 0.03113016
1572532603 0.040459589
1572532603 0.00086463
1572532603 0.042406956
1572532603 0.001236259
1572532603 0.044972812
1572532603 0.034637975
1572532603 0.054525568
1572532806 0.937717585
1572532807 0.049173499
1572532807 0.007853568
1572532807 0.013403114
1572532807 0.04790735
1572532807 0.048931985
1572532808 0.040351527
1572532808 0.001002749
1572532808 0.034497422
1572532808 0.057294143
1572532808 0.043142271
1572532808 0.04459944
1572532808 0.00144327
1572532808 0.001965773
1572532808 0.027885628
1572532808 0.050275655
1572532808 0.036320714
1572532808 0.001362723
1572532808 0.035777351
1572532808 0.00122188
1572532808 0.054648412
1572532808 0.001207669
1572532808 0.040358184
1572532808 0.042867936
1572532808 0.001361372
1572532808 0.045624988
1572532808 0.00132348
1572532808 0.002261531
1572532808 0.027646633
1572532808 0.033886657
1572532808 0.002564558
1572532808 0.053758026
1572544513 0.816154608
1572544514 0.006475911
1572544514 0.0347325
1572544514 0.03554431
1572544514 0.046535363
1572544514 0.001483086
1572544514 0.034700977
1572544514 0.002148568
1572544514 0.050685343
1572544514 0.043100455
1572544514 0.044270886
1572544514 6.1209e-05
1572544514 0.04267813
1572544514 0.001112608
1572544514 0.005488925
1572544514 0.030182271
1572544514 0.039899098
1572544514 0.036173134
1572544514 0.061326882
1572544514 0.002404141
1572544514 0.035794501
1572544514 0.043937492
1572544514 0.001392174
1572544514 0.042698603
1572544681 0.813067952
1572544682 0.045085643
1572544682 0.041916003
1572544682 0.045459862
1572544682 0.043639654
1572544682 0.000655662
1572544682 0.034882788
1572544682 0.001244834
1572544682 0.019851514
1572544682 0.011843021
1572544682 0.051496766
1572544682 0.042593887
1572544682 0.044507851
1572544682 0.001198399
1572544682 0.044694411
1572544682 0.034815037
1572544682 0.052115151
1572544682 0.043761136
1572544682 0.015594322
1572544682 0.020754645
1572544682 0.043209955
1572544852 0.716931518
1572544853 0.088608683
1572544853 0.041812359
1572544853 0.001454012
1572544853 0.005531344
1572544853 0.01992166
1572544853 0.049455438
1572544853 0.045869464
1572544853 0.043808313
1572544853 0.043153956
1572544853 0.001518365
1572544853 0.041271137
1572544853 0.001319303
1572544853 0.044594753
1572544853 0.042358863
1572544853 0.007152289
1572544853 0.020160261
1572544853 0.050053121
1572544853 0.001385622
1572544853 0.057783287
1572544853 0.032987363
1572544853 0.043016839
1572544853 0.001437361
1572544853 0.046902214
1572545025 0.864663103
1572545025 0.001812838
1572545025 0.003450353
1572545025 0.027929493
1572545025 0.042967507
1572545025 0.001465573
1572545025 0.034573614
1572545026 0.052455029
1572545026 0.059975649
1572545026 0.028040988
1572545026 0.044761931
1572545026 0.043790499
1572545026 0.003068375
1572545026 0.02831298
1572545026 0.035304197
1572545026 0.003338587
1572545026 0.048204218
1572545026 0.048986353
1572545026 0.044046981
1572545198 0.647444914
1572545199 0.044089898
1572545199 0.097161311
1572545199 0.031872242
1572545199 0.051116822
1572545199 0.001225592
1572545199 0.044426765
1572545199 0.006597693
1572545199 0.028996508
1572545199 0.056642047
1572545199 0.026375029
1572545199 0.036359675
1572545199 0.003721236
1572545199 0.051579276
1572545199 0.039929564
1572545199 0.044088455
1572545199 0.043666006
1572545199 0.001775369
1572545199 0.042407426
1572545199 0.001274957
1572545199 0.046491354
