1575026522 0.806807252
1575026523 0.041437506
1575026523 0.046738238
1575026523 0.040874253
1575026523 0.044956821
1575026523 0.00169355
1575026523 0.034586318
1575026523 0.000841482
1575026523 0.04997951
1575026523 0.001485415
1575026523 0.013159575
1575026523 0.017834152
1575026523 0.056776771
1575026523 0.035481592
1575026523 0.044279141
1575026523 0.058223301
1575026524 0.001076855
1575026524 0.02302202
1575026524 0.049224142
1575026684 0.728967891
1575026684 0.045367979
1575026684 0.042461437
1575026684 0.045711441
1575026685 0.001073424
1575026685 0.043351409
1575026685 0.001191519
1575026685 0.042650887
1575026685 0.001440959
1575026685 0.004235684
1575026685 0.020152391
1575026685 0.052189256
1575026685 0.057513362
1575026685 0.034430917
1575026685 0.043676264
1575026685 0.001602176
1575026685 0.043579647
1575026685 0.001504416
1575026685 0.005564346
1575026685 0.020286425
1575026685 0.052336826
1575026685 0.044353863
1575026846 0.773640472
1575026847 0.08752247
1575026847 0.001113518
1575026847 0.057182
1575026847 5.2987e-05
1575026847 0.006814881
1575026847 0.050524654
1575026847 0.044801083
1575026847 0.042929597
1575026847 0.003891544
1575026847 0.044346501
1575026847 0.043991597
1575026847 0.001515978
1575026847 0.042055905
1575026847 0.001397435
1575026847 0.006852918
1575026847 0.022087332
1575026847 0.045800155
1575027005 0.699949957
1575027006 0.009252737
1575027006 0.097462735
1575027006 0.001833089
1575027006 0.043186725
1575027006 0.043203809
1575027006 0.001040693
1575027006 0.035726248
1575027006 0.002011892
1575027006 0.049619648
1575027006 0.012685587
1575027006 0.013114833
1575027006 0.050078627
1575027006 0.053835276
1575027006 0.039291776
1575027006 0.044004887
1575027006 0.035684456
1575027006 0.002932378
1575027006 0.052583895
1575027006 0.000841403
1575027006 0.02697006
1575027006 0.044096039
1575027169 0.643970218
1575027170 0.044667062
1575027170 0.046574055
1575027170 1.3774e-05
1575027170 0.041878654
1575027170 0.060297468
1575027170 0.019184193
1575027170 0.001378439
1575027170 0.055144344
1575027170 0.000789185
1575027170 0.009098027
1575027170 0.011989414
1575027170 0.049246922
1575027170 0.043629277
1575027170 0.002058856
1575027170 0.042851355
1575027170 0.04437728
1575027170 0.001296604
1575027170 0.036025006
1575027170 0.06173118
1575027170 0.03363548
1575027331 0.701330006
1575027331 0.048515525
1575027331 0.043425152
1575027332 0.032364328
1575027332 0.012781557
1575027332 0.014659411
1575027332 0.007247855
1575027332 0.049414004
1575027332 0.047814476
1575027332 0.047698951
1575027332 0.041086273
1575027332 0.045390356
1575027332 1.9619e-05
1575027332 0.037849808
1575027332 0.053027423
1575027332 0.009472779
1575027497 0.712298522
1575027497 0.091488694
1575027497 0.041363157
1575027498 0.001525287
1575027498 0.041205191
1575027498 0.000817556
1575027498 0.005129763
1575027498 0.019794481
1575027498 0.055400605
1575027498 0.042565678
1575027498 0.044444043
1575027498 0.045026141
1575027498 0.042876699
1575027498 0.001363953
1575027498 0.042080539
1575027498 0.007334596
1575027498 0.019931006
1575027498 0.053230059
1575027498 0.047655521
1575027498 0.040254203
1575027654 0.707450929
1575027655 0.048968577
1575027655 0.047412135
1575027655 0.001408717
1575027655 0.042012885
1575027655 0.001477459
1575027655 0.005841213
1575027655 0.028747512
1575027655 0.03287463
1575027655 0.05140714
1575027655 0.044235024
1575027655 0.00129333
1575027655 0.047971465
1575027655 0.04981273
1575027655 0.033147696
1575027655 0.000650775
1575027655 0.047296166
1575027655 0.003064984
1575027655 0.001329896
1575027655 0.019913288
1575027655 0.051539006
1575027818 0.676866981
1575027819 0.040929083
1575027819 0.043179209
1575027819 0.043635187
1575027819 0.037347087
1575027819 0.00114938
1575027819 0.049020383
1575027819 0.001627461
1575027819 0.052707041
1575027819 0.000947701
1575027819 0.027271183
1575027819 0.043338439
1575027819 0.043531902
1575027819 0.001277204
1575027819 0.036323722
1575027820 0.050635011
1575027820 0.043050302
1575027820 0.044186835
1575027820 0.001606326
1575027820 0.042666141
1575027982 0.579135351
1575027983 0.088061931
1575027983 0.036585966
1575027983 0.001694678
1575027983 0.093738935
1575027983 0.006935709
1575027983 0.001502391
1575027983 0.028101226
1575027983 0.040546425
1575027983 0.048247638
1575027983 0.002439281
1575027983 0.04510146
1575027983 0.032251929
1575027983 0.050822094
1575027983 0.044348926
1575027983 0.001113129
1575027983 0.006268478
1575027983 0.028706511
1575027983 0.043957183
1575027983 0.04170563
1575027983 0.001889299
1575027983 0.032566186
1575027983 0.054935818
