1575289792 2
1575289793 2
1575289794 2
1575289795 2
1575289796 2
1575289797 2
1575289798 2
1575289799 2
1575289800 2
1575289958 2
1575289959 2
1575289960 2
1575289961 2
1575289962 2
1575289963 2
1575289964 2
1575289965 2
1575289966 2
1575289967 2
1575290126 2
1575290127 2
1575290128 2
1575290129 2
1575290130 2
1575290131 2
1575290132 2
1575290133 2
1575290134 2
1575290135 2
1575290307 2
1575290308 2
1575290309 2
1575290310 2
1575290311 2
1575290312 2
1575290313 2
1575290314 2
1575290315 2
1575290316 2
1575290317 2
1575290318 2
1575290319 2
1575290320 2
1575290321 2
1575290322 2
1575290483 2
1575290484 2
1575290485 2
1575290486 2
1575290487 2
1575290488 2
1575290489 2
1575290490 2
1575290491 2
1575290659 2
1575290660 2
1575290661 2
1575290662 2
1575290663 2
1575290664 2
1575290665 2
1575290666 2
1575290667 2
1575290824 2
1575290825 2
1575290826 2
1575290827 2
1575290828 2
1575290829 2
1575290830 2
1575290831 2
1575290832 2
1575290981 2
1575290982 2
1575290983 2
1575290984 2
1575290985 2
1575290986 2
1575290987 2
1575290988 2
1575290989 2
1575291144 2
1575291145 2
1575291146 2
1575291147 2
1575291148 2
1575291149 2
1575291150 2
1575291151 2
1575291152 2
1575291305 2
1575291306 2
1575291307 2
1575291308 2
1575291309 2
1575291310 2
1575291311 2
1575291312 2
1575291313 2
