1571395821 3.401236425
1571396018 3.285105682
1571396215 3.282392099
1571396414 3.162624689
1571396811 3.37344083
1571397040 3.306508679
1571397244 3.165480795
1571397640 3.329459926
1571397858 3.268991221
1571398250 3.401024584
1571398645 3.246839451
1571399036 3.451978917
1571399428 3.175780473
1571399824 3.375712763
1571400217 3.107192715
1571400639 3.101782272
1571401430 3.184783571
1571404887 3.164741537
1571405087 3.133516651
1571405483 3.509867186
1571405715 3.248578186
1571406810 3.308014139
1571407200 3.203961853
1571407594 3.152742873
1571407982 3.188193424
1571408905 3.251625875
1571409136 3.132776126
1571409337 3.247351044
1571409536 3.415727177
1571409752 3.426882412
