1582185110 7.341019684
1582185290 7.623393091
1582186023 6.740483575
1582186183 6.840317757
1582188038 9.099755332
1582188198 6.945043008
1582188358 6.784834596
1582193809 6.728239531
1582193972 6.857260662
1582194137 6.703333885
1582194293 6.804476292
1582194454 6.736136544
1582194618 6.884298462
1582194781 6.787152247
1582194948 6.475561761
1582195108 6.767864698
1582195272 6.774540829
1582195766 6.881798874
1582195924 6.873197207
1582196082 6.779385809
1582196242 6.782966097
1582196401 6.850586572
1582196560 6.897997279
1582196718 6.839549389
1582196878 6.885369913
1582197041 6.804006018
1582197208 6.714821101
1582197363 6.581241124
1582197529 6.848635351
1582197700 6.827511057
1582197858 6.897156502
1582198017 6.715180127
1582198173 6.873508479
1582198335 6.827205195
1582198493 6.794563257
1582199124 6.856774642
