1569849944 2
1569849945 2
1569849946 2
1569850148 2
1569850149 2
1569850150 2
1569850961 2
1569850962 2
1569850963 2
1569851168 2
1569851169 2
1569851517 2
1569851518 2
1569851724 2
1569851725 2
1569851726 2
1569851954 2
1569851955 2
1569851956 2
1569852183 2
1569852184 2
1569852185 2
1569852421 2
1569852422 2
1569852638 2
1569852639 2
1569853029 2
1569853030 2
1569853340 2
1569853341 2
1569853580 2
1569853581 2
1569853582 2
1569854221 2
1569854222 2
1569854223 2
1569855193 2
1569855194 2
1569855195 2
1569855627 2
1569855628 2
1569855629 2
