1572268979 2
1572268980 2
1572268981 2
1572268982 2
1572269399 2
1572269400 2
1572269401 2
1572269402 3
1572269813 2
1572269814 2
1572269815 2
1572270220 3
1572270221 3
1572270222 3
1572270223 3
1572270615 2
1572270616 2
1572270617 2
1572272350 2
1572272351 2
1572272352 2
1572272680 2
1572272681 2
1572272682 2
1572273014 2
1572273015 2
1572273016 2
1572273361 2
1572273362 2
1572273363 2
1572273694 2
1572273695 2
1572273696 2
1572276118 2
1572276119 2
1572276120 2
1572276454 3
1572276455 2
1572276456 2
1572276789 2
1572276790 2
1572276791 3
1572277120 2
1572277121 2
1572277122 2
1572277455 2
1572277456 2
1572277457 2
1572277814 2
1572277815 2
1572277816 2
1572278147 2
1572278148 2
1572278149 2
1572278478 2
1572278479 2
1572278480 2
