1579186412 2
1579186413 3
1579186757 2
1579186758 2
1579186759 2
1579187771 2
1579187772 2
1579188103 2
1579188104 2
1579188105 2
1579188548 2
1579188549 2
1579189083 2
1579189084 2
1579189085 2
1579189742 2
1579189743 2
1579189744 2
1579190083 2
1579190084 2
1579190417 2
1579190418 2
1579190419 2
1579190925 2
1579190926 2
1579190927 2
1579191540 2
1579191541 2
1579191542 2
1579192106 2
1579192107 2
1579193251 3
1579193252 3
1579193253 3
1579193840 2
1579193841 2
1579193842 2
1579194406 2
1579194407 2
1579194408 2
1579194975 2
1579194976 2
1579194977 2
1579195564 2
1579195565 2
1579195566 2
1579196128 2
1579196129 2
1579196130 2
