1582185021 6.838360835
1582185201 6.716551519
1582185939 6.037177999
1582186099 6.3564206
1582186258 5.906207167
1582186832 5.752657403
1582187795 6.260286776
1582187952 5.998719965
1582188113 5.896848347
1582188274 5.822578868
1582188728 5.924996942
1582189446 6.171805353
1582190753 5.896643411
1582191043 6.083944879
1582191334 6.130585376
1582191631 5.946795795
1582191926 6.068958721
1582192217 5.804635166
1582192514 6.133148319
1582192802 5.768473595
1582193091 5.754479201
1582193724 6.152512607
1582193887 6.123659867
1582194052 6.180295981
1582194207 6.33660004
1582194534 6.27820436
1582194690 5.916569733
1582194864 5.770227969
1582195024 6.0322553
1582195183 7.498192073
1582195679 6.101505597
1582195840 5.867631959
1582195997 6.321089586
1582196158 6.147709946
1582196317 6.252152708
1582196476 6.001623477
1582196634 5.755776357
1582196793 5.11206683
1582196955 5.708235954
1582197121 6.180455508
1582197278 6.179494131
1582197439 6.391280241
1582197615 6.111205242
1582197773 5.948443229
1582197932 5.706565678
1582198089 6.02170881
1582198251 6.289084777
1582198407 6.169131228
1582198689 6.417635222
1582199037 5.944529679
