1572006710 2
1572006711 2
1572006712 2
1572006713 2
1572006714 2
1572006715 2
1572007335 2
1572007336 2
1572007337 2
1572007338 2
1572007339 2
1572007340 2
1572007341 2
1572007730 2
1572007731 2
1572007732 2
1572007733 2
1572007734 2
1572007735 2
1572008239 2
1572008240 2
1572008241 2
1572008242 2
1572008243 2
1572008244 2
1572008641 2
1572008642 2
1572008643 2
1572008644 2
1572008645 2
1572008646 2
1572009036 2
1572009037 2
1572009038 2
1572009039 2
1572009040 2
1572009041 2
1572009426 2
1572009427 2
1572009428 2
1572009429 2
1572009430 2
1572009431 2
1572009816 2
1572009817 2
1572009818 2
1572009819 2
1572009820 2
1572009821 2
1572010207 2
1572010208 2
1572010209 2
1572010210 1
1572010211 2
1572010212 2
1572010603 2
1572010604 2
1572010605 2
1572010606 2
1572010607 2
1572010608 2
1572010994 2
1572010995 2
1572010996 2
1572010997 2
1572010998 2
1572010999 2
1572013557 2
1572013558 2
1572013559 2
1572013560 2
1572013561 2
1572013562 2
1572013950 2
1572013951 2
1572013952 2
1572013953 2
1572013954 2
1572013955 2
1572014342 2
1572014343 2
1572014344 2
1572014345 2
1572014346 2
1572014347 2
1572014731 2
1572014732 2
1572014733 2
1572014734 2
1572014735 2
1572014736 2
1572015121 2
1572015122 2
1572015123 2
1572015124 2
1572015125 2
1572015126 2
