1579354323 2
1579354324 2
1579354325 2
1579354326 2
1579354327 2
1579354634 2
1579354635 2
1579354636 2
1579354637 2
1579354945 2
1579354946 2
1579354947 2
1579354948 2
1579354949 2
1579355251 2
1579355252 2
1579355253 2
1579355254 2
1579355562 2
1579355563 2
1579355564 2
1579355565 2
1579355566 2
1579355871 2
1579355872 2
1579355873 2
1579355874 2
1579356176 2
1579356177 2
1579356178 2
1579356179 2
1579356180 2
1579356483 2
1579356484 2
1579356485 2
1579356486 2
1579356788 2
1579356789 2
1579356790 2
1579356791 2
1579357266 2
1579357267 2
1579357268 2
1579357269 2
1579357270 2
1579359753 2
1579359754 2
1579359755 2
1579359756 2
1579359757 2
1579360331 2
1579360332 2
1579360333 2
1579360334 2
1579360335 2
1579360890 2
1579360891 2
1579360892 2
1579360893 2
1579360894 2
1579361445 2
1579361446 2
1579361447 2
1579361448 2
1579362000 2
1579362001 2
1579362002 2
1579362003 2
1579362555 2
1579362556 2
1579362557 2
1579362558 2
1579362559 2
1579363115 2
1579363116 2
1579363117 2
1579363118 2
1579363119 2
1579363682 2
1579363683 2
1579363684 2
1579363685 2
1579363686 2
1579364246 2
1579364247 2
1579364248 2
1579364249 2
1579364805 2
1579364806 2
1579364807 2
1579364808 2
