1579351736 3.494779645
1579351903 3.696193171
1579352064 3.608596035
1579352226 3.499749742
1579352388 3.550967125
1579352552 3.761403427
1579352709 3.715582357
1579352871 3.586657651
1579353034 3.588855245
1579353197 3.464070791
1579354079 3.497935932
1579354385 3.459691907
1579354696 3.799076131
1579355007 3.774785274
1579355314 3.698618406
1579355624 3.478409466
1579355934 3.476312296
1579356238 3.719491801
1579356545 3.520183856
1579356851 3.605446665
1579359258 3.583728876
1579359830 3.627817493
1579360394 3.57759719
1579360952 3.546985827
1579361508 3.72254907
1579362062 3.622999267
1579362617 3.551973522
1579363178 3.80510074
1579363747 3.675225251
1579364308 3.506052592
