1573301099 3.926330523
1573301268 4.025728251
1573301437 4.016965874
1573301618 4.285375115
1573301803 4.004365051
1573301976 2.355683964
1573302150 3.885077416
1573302324 3.982992229
1573302493 3.930199402
1573302660 3.852720583
1573303807 3.578655326
1573303975 3.588268706
1573304140 3.740959714
1573304303 3.539959199
1573304465 3.623857654
1573304632 3.897588877
1573304791 3.588064341
1573304950 3.91933888
1573305114 3.548895093
1573305273 3.798721854
1573306411 21.371301019
1573306747 3.688246472
1573307071 3.577730455
1573307407 3.846893869
1573307724 3.676354802
1573308045 3.615270323
1573308359 3.466321596
1573309010 3.589323529
1573309341 3.674483156
1573310182 3.719864029
1573310807 3.636019646
1573311423 3.536630481
1573312039 3.573568021
1573312739 3.543989098
1573313360 3.886895596
1573313981 3.375230714
1573314610 3.614767194
