1572532347 4.820847263
1572532548 4.674683103
1572532754 4.904033541
1572533536 3.902634384
1572533874 3.939171395
1572534228 4.241089623
1572534575 3.624699273
1572534907 3.868591074
1572535255 4.220358293
1572535586 3.971692636
1572535921 4.039429399
1572536253 3.999473057
1572536618 3.966805033
1572537219 3.885251899
1572537874 3.674228844
1572538526 4.051403937
1572539183 3.917803683
1572539835 3.941242379
1572540742 3.970829284
1572541395 3.829013515
1572542044 3.89605288
1572542691 3.974778405
1572543336 3.963601482
1572544468 4.065949599
1572544635 3.902319481
1572544805 3.957366759
1572544979 3.960814964
1572545153 3.835691051
