1571322923 2
1571322924 2
1571323244 2
1571323245 2
1571323246 2
1571323638 2
1571323639 2
1571324039 2
1571324040 2
1571324041 2
1571324439 2
1571324440 2
1571324441 2
1571325045 2
1571325046 2
1571325047 2
1571325242 2
1571325243 2
1571325441 2
1571325442 2
1571325443 2
1571325646 2
1571325647 2
1571325844 2
1571325845 2
1571325846 2
1571326039 2
1571326040 2
1571326041 2
1571326042 2
1571326043 2
1571326044 2
1571326045 2
1571326046 2
1571326047 2
1571326736 2
1571326737 2
1571326948 2
1571326949 2
1571326950 2
1571327155 2
1571327156 2
1571327157 2
1571327370 2
1571327371 2
1571327372 2
1571327760 2
1571327761 2
1571327762 2
1571328151 2
1571328152 2
1571328542 2
1571328543 2
1571328928 2
1571328929 2
1571328930 2
1571328931 2
1571328932 2
1571328933 2
1571328934 2
1571328935 2
1571329325 2
1571329326 2
1571329917 2
1571329918 2
1571329919 2
