1573306579 1
1573306580 1
1573306581 1
1573306582 1
1573306583 2
1573306584 2
1573306585 3
1573306586 2
1573306587 3
1573306588 3
1573306589 3
1573306897 2
1573306898 2
1573306899 2
1573306900 2
1573306901 2
1573306902 3
1573306903 4
1573306904 4
1573306905 4
1573306906 5
1573306907 5
1573306908 5
1573306909 4
1573306910 4
1573307235 1
1573307236 1
1573307237 1
1573307238 1
1573307239 3
1573307240 3
1573307241 3
1573307242 2
1573307243 3
1573307244 3
1573307245 3
1573307556 1
1573307557 1
1573307558 1
1573307559 2
1573307560 2
1573307561 2
1573307562 3
1573307563 3
1573307564 4
1573307565 3
1573307566 3
1573307870 1
1573307871 1
1573307872 1
1573307873 1
1573307874 2
1573307875 2
1573307876 3
1573307877 3
1573307878 3
1573307879 4
1573307880 4
1573308192 1
1573308193 1
1573308194 1
1573308195 2
1573308196 2
1573308197 3
1573308198 2
1573308199 3
1573308200 3
1573308201 3
1573308519 1
1573308520 1
1573308521 1
1573308522 1
1573308523 2
1573308524 2
1573308525 4
1573308526 3
1573308527 4
1573308528 4
1573308529 4
1573308840 3
1573308841 4
1573308842 3
1573308843 4
1573308844 6
1573308845 5
1573308846 5
1573308847 4
1573308848 3
1573308849 4
1573308850 4
1573309160 1
1573309161 1
1573309162 1
1573309163 1
1573309164 3
1573309165 3
1573309166 4
1573309167 2
1573309168 3
1573309169 3
1573309170 3
1573309171 2
1573309491 1
1573309492 1
1573309493 1
1573309494 2
1573309495 3
1573309496 3
1573309497 2
1573309498 3
1573309499 3
1573309500 3
1573310631 2
1573310632 2
1573310633 2
1573310634 2
1573310635 3
1573310636 3
1573310637 3
1573310638 3
1573310639 4
1573310640 4
1573310641 4
1573310642 3
1573311250 1
1573311251 1
1573311252 1
1573311253 1
1573311254 2
1573311255 2
1573311256 3
1573311257 3
1573311258 3
1573311259 3
1573311260 3
1573311861 1
1573311862 1
1573311863 1
1573311864 2
1573311865 2
1573311866 2
1573311867 3
1573311868 3
1573311869 3
1573311870 3
1573311871 3
1573312566 1
1573312567 1
1573312568 1
1573312569 1
1573312570 4
1573312571 3
1573312572 4
1573312573 2
1573312574 3
1573312575 3
1573312576 3
1573313186 1
1573313187 1
1573313188 1
1573313189 2
1573313190 2
1573313191 2
1573313192 3
1573313193 3
1573313194 3
1573313195 3
1573313196 3
1573313808 1
1573313809 1
1573313810 2
1573313811 2
1573313812 2
1573313813 2
1573313814 3
1573313815 2
1573313816 3
1573313817 3
1573313818 3
1573314436 1
1573314437 1
1573314438 1
1573314439 1
1573314440 2
1573314441 2
1573314442 2
1573314443 2
1573314444 3
1573314445 3
1573314446 2
1573315053 1
1573315054 1
1573315055 1
1573315056 1
1573315057 2
1573315058 2
1573315059 3
1573315060 4
1573315061 3
1573315062 3
1573315063 3
