1575028264 1
1575028265 1
1575028266 2
1575028267 4
1575028268 5
1575028269 6
1575028270 7
1575028271 6
1575028272 5
1575028273 6
1575028573 1
1575028574 2
1575028575 3
1575028576 4
1575028577 5
1575028578 6
1575028579 6
1575028580 6
1575028581 5
1575028582 4
1575028884 1
1575028885 1
1575028886 2
1575028887 3
1575028888 4
1575028889 4
1575028890 6
1575028891 4
1575028892 4
1575028893 4
1575029221 1
1575029222 1
1575029223 2
1575029224 3
1575029225 4
1575029226 4
1575029227 4
1575029228 5
1575029229 5
1575029230 5
1575029532 1
1575029533 1
1575029534 2
1575029535 3
1575029536 4
1575029537 4
1575029538 5
1575029539 5
1575029540 4
1575029541 4
1575029842 1
1575029843 1
1575029844 2
1575029845 3
1575029846 3
1575029847 4
1575029848 5
1575029849 5
1575029850 4
1575029851 3
1575030155 1
1575030156 1
1575030157 1
1575030158 3
1575030159 4
1575030160 4
1575030161 5
1575030162 4
1575030163 4
1575030164 4
1575030468 1
1575030469 1
1575030470 3
1575030471 4
1575030472 3
1575030473 4
1575030474 5
1575030475 6
1575030476 5
1575030477 4
1575030478 3
1575030787 1
1575030788 1
1575030789 2
1575030790 3
1575030791 4
1575030792 4
1575030793 5
1575030794 5
1575030795 5
1575030796 5
1575030797 5
1575031114 1
1575031115 1
1575031116 2
1575031117 3
1575031118 4
1575031119 4
1575031120 5
1575031121 5
1575031122 5
1575031123 4
1575031124 3
1575033331 2
1575033332 1
1575033333 2
1575033334 3
1575033335 4
1575033336 4
1575033337 5
1575033338 5
1575033339 5
1575033340 3
1575033899 2
1575033900 2
1575033901 2
1575033902 4
1575033903 3
1575033904 6
1575033905 4
1575033906 5
1575033907 5
1575033908 5
1575034489 3
1575034490 3
1575034491 4
1575034492 5
1575034493 6
1575034494 6
1575034495 8
1575034496 7
1575034497 7
1575034498 6
1575035064 2
1575035065 2
1575035066 3
1575035067 4
1575035068 5
1575035069 4
1575035070 5
1575035071 5
1575035072 4
1575035073 3
1575035625 2
1575035626 2
1575035627 3
1575035628 3
1575035629 4
1575035630 4
1575035631 4
1575035632 5
1575035633 5
1575035634 4
1575035635 3
1575036663 2
1575036664 1
1575036665 2
1575036666 3
1575036667 4
1575036668 4
1575036669 5
1575036670 4
1575036671 4
1575036672 4
1575037224 2
1575037225 2
1575037226 2
1575037227 4
1575037228 5
1575037229 5
1575037230 6
1575037231 5
1575037232 5
1575037233 5
1575037783 1
1575037784 1
1575037785 2
1575037786 3
1575037787 4
1575037788 4
1575037789 6
1575037790 6
1575037791 4
1575037792 4
1575038786 2
1575038787 2
1575038788 3
1575038789 4
1575038790 5
1575038791 5
1575038792 5
1575038793 6
1575038794 5
1575038795 4
1575039358 2
1575039359 3
1575039360 3
1575039361 5
1575039362 5
1575039363 5
1575039364 6
1575039365 7
1575039366 6
1575039367 5
