1582886262 4
1582886263 2
1582886264 1
1582886265 2
1582886266 2
1582886267 2
1582886268 2
1582886269 3
1582886270 3
1582886271 3
1582886551 3
1582886552 2
1582886553 2
1582886554 2
1582886555 2
1582886556 2
1582886557 3
1582886558 3
1582886559 3
1582886846 3
1582886847 3
1582886848 1
1582886849 2
1582886850 2
1582886851 2
1582886852 3
1582886853 3
1582886854 3
1582886855 2
1582887134 4
1582887135 4
1582887136 3
1582887137 4
1582887138 4
1582887139 3
1582887140 3
1582887141 4
1582887142 4
1582887143 4
1582887425 3
1582887426 2
1582887427 2
1582887428 2
1582887429 2
1582887430 3
1582887431 3
1582887432 3
1582887433 3
1582887716 3
1582887717 3
1582887718 3
1582887719 3
1582887720 2
1582887721 2
1582887722 2
1582887723 3
1582887724 3
1582887725 3
1582888001 2
1582888002 2
1582888003 1
1582888004 2
1582888005 2
1582888006 3
1582888007 4
1582888008 3
1582888009 3
1582888010 3
1582888287 4
1582888288 2
1582888289 1
1582888290 2
1582888291 2
1582888292 2
1582888293 3
1582888294 3
1582888295 3
1582888296 3
1582888574 3
1582888575 3
1582888576 2
1582888577 1
1582888578 2
1582888579 2
1582888580 2
1582888581 2
1582888582 3
1582888583 3
1582888584 3
1582888935 3
1582888936 3
1582888937 3
1582888938 2
1582888939 2
1582888940 2
1582888941 3
1582888942 3
1582888943 3
1582888944 3
1582888945 3
1582888946 2
