1579186463 3
1579186464 3
1579186465 4
1579186466 4
1579186467 3
1579186468 3
1579186469 5
1579186470 5
1579186471 4
1579186472 3
1579186473 2
1579186809 3
1579186810 3
1579186811 3
1579186812 3
1579186813 4
1579186814 5
1579186815 6
1579186816 6
1579186817 5
1579186818 4
1579188153 3
1579188154 3
1579188155 2
1579188156 4
1579188157 3
1579188158 3
1579188159 5
1579188160 5
1579188161 4
1579188162 3
1579188600 4
1579188601 3
1579188602 2
1579188603 3
1579188604 4
1579188605 4
1579188606 5
1579188607 4
1579188608 5
1579188609 3
1579189133 3
1579189134 3
1579189135 3
1579189136 3
1579189137 3
1579189138 4
1579189139 5
1579189140 6
1579189141 5
1579189142 3
1579189466 4
1579189467 3
1579189468 2
1579189469 3
1579189470 5
1579189471 7
1579189472 6
1579189473 5
1579189474 5
1579189475 3
1579189792 3
1579189793 4
1579189794 3
1579189795 3
1579189796 3
1579189797 5
1579189798 6
1579189799 4
1579189800 4
1579189801 3
1579190133 3
1579190134 2
1579190135 3
1579190136 3
1579190137 3
1579190138 5
1579190139 6
1579190140 7
1579190141 6
1579190142 3
1579190143 3
1579190469 3
1579190470 3
1579190471 2
1579190472 3
1579190473 3
1579190474 4
1579190475 4
1579190476 4
1579190477 4
1579190478 2
1579191257 3
1579191258 4
1579191259 3
1579191260 3
1579191261 3
1579191262 4
1579191263 5
1579191264 4
1579191265 4
1579191266 3
1579191870 3
1579191871 3
1579191872 2
1579191873 3
1579191874 3
1579191875 4
1579191876 5
1579191877 5
1579191878 4
1579191879 4
1579191880 3
1579193607 3
1579193608 2
1579193609 2
1579193610 3
1579193611 3
1579193612 4
1579193613 5
1579193614 5
1579193615 5
1579193616 3
1579194171 3
1579194172 3
1579194173 3
1579194174 4
1579194175 3
1579194176 3
1579194177 5
1579194178 5
1579194179 5
1579194180 4
1579194181 4
1579194739 3
1579194740 3
1579194741 4
1579194742 3
1579194743 4
1579194744 3
1579194745 5
1579194746 5
1579194747 4
1579194748 4
1579194749 2
1579195306 3
1579195307 3
1579195308 2
1579195309 3
1579195310 4
1579195311 5
1579195312 6
1579195313 4
1579195314 4
1579195895 3
1579195896 2
1579195897 3
1579195898 3
1579195899 3
1579195900 4
1579195901 5
1579195902 6
1579195903 5
1579195904 4
1579195905 3
1579196457 3
1579196458 3
1579196459 3
1579196460 3
1579196461 3
1579196462 4
1579196463 5
1579196464 6
1579196465 4
1579196466 3
