1573209186 1
1573209187 1
1573209188 1
1573209189 1
1573209190 2
1573209191 2
1573209192 3
1573209193 3
1573209194 3
1573209195 3
1573209196 3
1573209857 1
1573209858 1
1573209859 1
1573209860 1
1573209861 2
1573209862 3
1573209863 3
1573209864 3
1573209865 3
1573209866 3
1573209867 2
1573210517 1
1573210518 1
1573210519 1
1573210520 3
1573210521 3
1573210522 2
1573210523 2
1573210524 3
1573210525 3
1573210526 3
1573210527 2
1573211187 1
1573211188 1
1573211189 2
1573211190 2
1573211191 4
1573211192 4
1573211193 2
1573211194 3
1573211195 3
1573211196 3
1573211197 3
1573211845 1
1573211846 1
1573211847 1
1573211848 2
1573211849 2
1573211850 3
1573211851 2
1573211852 3
1573211853 3
1573211854 3
1573212493 2
1573212494 1
1573212495 2
1573212496 1
1573212497 2
1573212498 2
1573212499 3
1573212500 3
1573212501 3
1573212502 3
1573212503 3
1573213145 1
1573213146 1
1573213147 1
1573213148 3
1573213149 2
1573213150 3
1573213151 3
1573213152 3
1573213153 3
1573213154 3
1573213795 1
1573213796 1
1573213797 1
1573213798 3
1573213799 3
1573213800 2
1573213801 3
1573213802 4
1573213803 3
1573213804 3
1573213805 3
1573214467 2
1573214468 2
1573214469 2
1573214470 2
1573214471 3
1573214472 2
1573214473 3
1573214474 3
1573214475 3
1573214476 3
1573214477 3
1573215125 1
1573215126 1
1573215127 1
1573215128 1
1573215129 2
1573215130 2
1573215131 3
1573215132 3
1573215133 3
1573215134 3
1573215135 3
1573218339 1
1573218340 1
1573218341 1
1573218342 2
1573218343 3
1573218344 3
1573218345 2
1573218346 3
1573218347 3
1573218348 3
1573218349 2
1573218670 1
1573218671 1
1573218672 1
1573218673 1
1573218674 2
1573218675 2
1573218676 3
1573218677 4
1573218678 4
1573218679 4
1573218680 4
