1574710870 0 
1574710871 0 
1569854539 1 
1569854540 0 
1569854541 2 
1569856003 0 
1569856004 0 
1569856005 0 
1571330235 1 
1571330236 2 
1571330237 0 
1571766592 0 
1571766593 1 
1571766594 0 
1571767375 0 
1571767376 0 
1572537482 0 
1572537483 0 
1572537484 0 
1572538139 0 
1572538140 0 
1572538799 0 
1572538800 0 
1572539452 0 
1572539453 0 
1572540099 0 
1572540100 0 
1572541004 1 
1572541005 0 
1572541658 1 
1572541659 0 
1572542306 1 
1572542307 0 
1572542308 1 
1572542954 0 
1572542955 0 
1572543619 0 
1572543620 1 
1572871373 1 
1572871374 1 
1572872022 0 
1572872023 0 
1572872024 0 
1572872699 1 
1572872700 0 
1572872701 1 
1572873353 0 
1572873354 0 
1572874006 1 
1572874007 0 
1572874008 1 
1572875068 0 
1572875069 1 
1572875929 0 
1572875930 0 
1572877155 0 
1572877156 0 
1572877804 1 
1572877805 0 
1572879049 1 
1572879050 0 
1572967440 0 
1572967441 0 
1572968096 0 
1572968097 0 
1572969398 1 
1572969399 0 
1572969400 0 
1572970059 1 
1572970060 0 
1572970709 0 
1572970710 0 
1572971362 0 
1572971363 0 
1572972024 1 
1572972025 0 
1572972026 1 
1572972682 1 
1572972683 1 
1572973398 0 
1572973399 0 
1572973400 0 
1572974048 1 
1572974049 1 
1572974699 1 
1572974700 0 
1573208983 0 
1573208984 0 
1573209638 0 
1573209639 0 
1573210312 1 
1573210313 0 
1573210981 0 
1573210982 0 
1573211639 0 
1573211640 0 
1573212288 0 
1573212289 0 
1573212939 0 
1573212940 0 
1573213589 1 
1573213590 0 
1573213591 1 
1573214262 0 
1573214263 0 
1573214919 1 
1573214920 0 
1573214921 0 
1573310435 0 
1573310436 0 
1573311056 1 
1573311057 0 
1573311670 0 
1573311671 0 
1573312375 0 
1573312376 1 
1573312986 1 
1573312987 0 
1573313612 0 
1573313613 0 
1573314245 0 
1573314246 0 
1573314858 1 
1573314859 0 
1573314860 1 
1574696467 1 
1574696468 0 
1574696469 1 
1574697048 0 
1574697049 2 
1574697638 0 
1574697639 0 
1574698212 0 
1574698213 0 
1574698797 0 
1574698798 0 
1574709583 0 
1574709584 1 
1574710870 0 
1574710871 0 