1582026895 0.720560762
1582026895 0.0
1582026895 0.0
1582026895 0.0
1582026896 0.0
1582026896 0.0
1582026896 0.0
1582026896 0.0
1582026896 0.0
1582026896 0.0
1582026896 0.0
1582026896 0.0
1582026896 0.0
1582026896 0.0
1582026896 0.0
1582026896 0.0
1582026896 0.0
1582027057 0.848140017
1582027058 0.0
1582027058 0.0
1582027058 0.0
1582027058 0.0
1582027058 0.0
1582027058 0.0
1582027058 0.0
1582027058 0.0
1582027058 0.0
1582027058 0.0
1582027058 0.0
1582027058 0.0
1582027058 0.0
1582027058 0.0
1582027058 0.0
1582027058 0.0
1582027058 0.0
1582027059 0.0
1582027220 0.7992155
1582027221 0.0
1582027221 0.0
1582027221 0.0
1582027221 0.0
1582027221 0.0
1582027221 0.0
1582027221 0.0
1582027222 0.0
1582027222 0.0
1582027222 0.0
1582027222 0.0
1582027222 0.0
1582027222 0.0
1582027222 0.0
1582027222 0.0
1582027222 0.0
1582027389 0.929856193
1582027390 0.0
1582027390 0.0
1582027390 0.0
1582027390 0.0
1582027390 0.0
1582027390 0.0
1582027390 0.0
1582027390 0.0
1582027390 0.0
1582027390 0.0
1582027390 0.0
1582027390 0.0
1582027390 0.0
1582027391 0.0
1582027391 0.0
1582027391 0.0
1582027391 0.0
1582027801 0.839256337
1582027802 0.0
1582027802 0.063352422
1582027802 0.0
1582027802 0.0
1582027802 0.0
1582027802 0.0
1582027802 0.0
1582027802 0.0
1582027802 0.0
1582027802 0.0
1582027802 0.0
1582027802 0.0
1582027802 0.0
1582027802 0.0
1582027803 0.0
1582027803 0.0
1582027803 0.0
1582027966 0.86692142
1582027967 0.0
1582027967 0.0
1582027967 0.0
1582027967 0.0
1582027967 0.0
1582027967 0.0
1582027967 0.0
1582027967 0.0
1582027967 0.0
1582027967 0.0
1582027967 0.0
1582027967 0.0
1582027967 0.0
1582027967 0.0
1582027967 0.0
1582027967 0.0
1582027967 0.0
1582027967 0.0
1582027967 0.0
1582027967 0.0
1582027967 0.0
1582027967 0.0
1582028134 0.848388804
1582028135 0.0
1582028135 0.0
1582028135 0.0
1582028135 0.0
1582028135 0.0
1582028135 0.0
1582028135 0.0
1582028135 0.0
1582028135 0.0
1582028135 0.0
1582028135 0.0
1582028135 0.0
1582028135 0.0
1582028135 0.0
1582028135 0.0
1582028135 0.0
1582028301 0.893432127
1582028302 0.0
1582028302 0.044158674
1582028302 0.0
1582028302 0.0
1582028302 0.0
1582028302 0.0
1582028302 0.0
1582028302 0.0
1582028302 0.0
1582028302 0.0
1582028302 0.0
1582028302 0.0
1582028302 0.0
1582028302 0.0
1582028302 0.0
1582028302 0.0
1582028302 0.0
1582028302 0.0
1582028302 0.0
1582028303 0.0
1582028303 0.0
1582028303 0.0
1582028303 0.0
1582028303 0.0
1582028303 0.0
1582028303 0.0
1582028469 0.77602853
1582028469 0.0
1582028469 0.121848401
1582028470 0.0
1582028470 0.0
1582028470 0.0
1582028470 0.0
1582028470 0.0
1582028470 0.0
1582028470 0.0
1582028470 0.0
1582028470 0.0
1582028470 0.0
1582028470 0.0
1582028470 0.0
1582028470 0.0
1582028470 0.0
1582028470 0.0
1582028470 0.0
1582028470 0.0
1582028470 0.0
1582028470 0.0
1582028470 0.0
1582028470 0.0
1582028470 0.0
1582028470 0.0
1582028639 0.772062851
1582028640 0.0
1582028640 0.0
1582028640 0.0
1582028640 0.0
1582028640 0.0
1582028640 0.0
1582028640 0.0
1582028640 0.0
1582028640 0.0
1582028640 0.0
1582028640 0.0
1582028640 0.0
1582028640 0.0
1582028640 0.0
1582028640 0.0
1582028640 0.0
1582028640 0.0
1582028640 0.0
1582028640 0.0
1582028640 0.0
1582028640 0.0
1582028640 0.0
1582028640 0.0
1582028640 0.0
1582028640 0.0
1582028641 0.0
1582028641 0.0
1582028641 0.0
