1571752011 0.984856633
1571752012 0.0
1571752012 0.0
1571752012 0.0
1571752012 0.0
1571752013 0.0
1571752013 0.0
1571752013 0.0
1571752013 0.0
1571752013 0.0
1571752013 0.0
1571752013 0.0
1571752013 0.0
1571752013 0.0
1571752013 0.0
1571752013 0.0
1571752013 0.0
1571752013 0.0
1571752013 0.0
1571752013 0.0
1571752013 0.0
1571752013 0.0
1571752013 0.0
1571752013 0.0
1571752013 0.0
1571752013 0.0
1571752013 0.0
1571752207 0.929210785
1571752208 0.0
1571752208 0.0
1571752208 0.0
1571752208 0.0
1571752208 0.0
1571752208 0.0
1571752208 0.0
1571752208 0.0
1571752208 0.0
1571752208 0.0
1571752208 0.0
1571752208 0.0
1571752208 0.0
1571752208 0.0
1571752208 0.0
1571752208 0.0
1571752208 0.0
1571752208 0.0
1571752208 0.0
1571752208 0.0
1571752208 0.0
1571752208 0.0
1571752208 0.0
1571752208 0.0
1571752208 0.0
1571752407 1.112729011
1571752408 0.0
1571752408 0.0
1571752408 0.0
1571752408 0.0
1571752408 0.0
1571752408 0.0
1571752408 0.0
1571752408 0.0
1571752408 0.0
1571752408 0.0
1571752408 0.0
1571752408 0.0
1571752408 0.0
1571752408 0.0
1571752408 0.0
1571752408 0.0
1571752408 0.0
1571752408 0.0
1571752408 0.0
1571752408 0.0
1571752408 0.0
1571752408 0.0
1571752409 0.0
1571752409 0.0
1571752409 0.0
1571752409 0.0
1571752409 0.0
1571752409 0.0
1571752409 0.0
1571752611 0.904496726
1571752612 0.0
1571752612 0.0
1571752612 0.0
1571752612 0.0
1571752612 0.0
1571752612 0.0
1571752612 0.0
1571752612 0.0
1571752612 0.0
1571752612 0.0
1571752612 0.0
1571752612 0.0
1571752612 0.0
1571752612 0.0
1571752612 0.0
1571752612 0.0
1571752612 0.0
1571752612 0.0
1571752613 0.0
1571752613 0.0
1571752613 0.0
1571752613 0.0
1571752613 0.0
1571752613 0.0
1571752613 0.0
1571752806 0.839410406
1571752806 0.0
1571752806 0.0
1571752806 0.0
1571752806 0.0
1571752806 0.0
1571752806 0.0
1571752807 0.0
1571752807 0.049660774
1571752807 0.0
1571752807 0.0
1571752807 0.0
1571752807 0.0
1571752807 0.0
1571752807 0.0
1571752807 0.0
1571752807 0.0
1571752807 0.0
1571752807 0.0
1571752807 0.0
1571752807 0.0
1571752807 0.0
1571752807 0.0
1571752807 0.0
1571752807 0.0
1571752807 0.0
1571752807 0.0
1571752807 0.0
1571752807 0.0
1571752807 0.0
1571752807 0.0
1571752807 0.0
1571752807 0.0
1571752807 0.0
1571753002 0.942132724
1571753003 0.0
1571753003 0.0
1571753003 0.0
1571753003 0.0
1571753003 0.0
1571753003 0.0
1571753003 0.0
1571753003 0.0
1571753003 0.0
1571753003 0.0
1571753003 0.0
1571753003 0.0
1571753003 0.0
1571753003 0.0
1571753003 0.0
1571753003 0.0
1571753003 0.0
1571753003 0.0
1571753003 0.0
1571753003 0.0
1571753003 0.0
1571753003 0.0
1571753003 0.0
1571753003 0.0
1571753199 0.925917778
1571753200 0.0
1571753200 0.0
1571753200 0.0
1571753200 0.0
1571753200 0.0
1571753200 0.0
1571753200 0.0
1571753200 0.0
1571753200 0.0
1571753200 0.0
1571753200 0.0
1571753200 0.0
1571753200 0.0
1571753200 0.0
1571753200 0.0
1571753200 0.0
1571753200 0.0
1571753200 0.0
1571753200 0.0
1571753200 0.0
1571753200 0.0
1571753201 0.0
1571753201 0.0
1571753201 0.0
1571753201 0.0
1571753396 0.895645526
1571753397 0.0
1571753397 0.0
1571753397 0.0
1571753397 0.0
1571753397 0.0
1571753397 0.0
1571753397 0.0
1571753397 0.0
1571753397 0.0
1571753397 0.0
1571753397 0.0
1571753397 0.0
1571753397 0.0
1571753397 0.0
1571753397 0.0
1571753397 0.0
1571753397 0.0
1571753397 0.0
1571753397 0.0
1571753397 0.0
1571753398 0.0
1571753398 0.0
1571753398 0.0
1571753398 0.0
1571753398 0.0
1571753398 0.0
1571753398 0.0
1571753398 0.0
1571753398 0.0
1571753398 0.0
1571753398 0.0
1571753398 0.0
1571753593 1.039166215
1571753594 0.0
1571753594 0.0
1571753595 0.0
1571753595 0.0
1571753595 0.0
1571753595 0.0
1571753595 0.0
1571753595 0.0
1571753595 0.0
1571753595 0.0
1571753595 0.0
1571753595 0.0
1571753595 0.0
1571753595 0.0
1571753595 0.0
1571753595 0.0
1571753595 0.0
1571753595 0.0
1571753595 0.0
1571753595 0.0
1571753595 0.0
1571753595 0.0
1571753595 0.0
1571753790 0.851049585
1571753791 0.0
1571753791 0.0
1571753791 0.0
1571753791 0.0
1571753791 0.0
1571753791 0.0
1571753791 0.0
1571753792 0.0
1571753792 0.0
1571753792 0.0
1571753792 0.0
1571753792 0.0
1571753792 0.0
1571753792 0.0
1571753792 0.0
1571753792 0.0
1571753792 0.0
1571753792 0.0
1571753792 0.0
1571753792 0.0
1571753792 0.0
1571753792 0.0
1571753792 0.0
1571753792 0.0
1571753792 0.0
1571753792 0.0
1571753792 0.0
1571753792 0.0
1571753792 0.0
1571753792 0.0
1571753792 0.0
1571753792 0.0
1571753792 0.0
1571753792 0.0
1571753792 0.0
1571753792 0.0
1571753792 0.0
1571753792 0.0
1571753792 0.0
1571753792 0.0
1571753792 0.0
1571760149 0.845435452
1571760150 0.094042969
1571760150 0.0
1571760150 0.0
1571760150 0.0
1571760150 0.0
1571760150 0.0
1571760150 0.0
1571760150 0.0
1571760150 0.0
1571760150 0.0
1571760150 0.0
1571760150 0.0
1571760150 0.0
1571760150 0.0
1571760150 0.0
1571760150 0.0
1571760150 0.0
1571760150 0.0
1571760150 0.0
1571760150 0.0
1571760150 0.0
1571760150 0.0
1571760150 0.0
1571760150 0.0
1571760150 0.0
1571760151 0.0
1571760151 0.0
1571760151 0.0
1571760344 0.940029999
1571760345 0.0
1571760345 0.0
1571760345 0.0
1571760345 0.0
1571760345 0.0
1571760345 0.0
1571760345 0.0
1571760345 0.0
1571760345 0.0
1571760345 0.0
1571760345 0.0
1571760345 0.0
1571760345 0.0
1571760345 0.0
1571760345 0.0
1571760345 0.0
1571760345 0.0
1571760345 0.0
1571760345 0.0
1571760345 0.0
1571760345 0.0
1571760345 0.0
1571760345 0.0
1571760345 0.0
1571760345 0.0
1571760345 0.0
1571760548 0.986719513
1571760549 0.0
1571760549 0.0
1571760549 0.0
1571760549 0.0
1571760549 0.0
1571760549 0.0
1571760549 0.0
1571760549 0.0
1571760549 0.0
1571760549 0.0
1571760549 0.0
1571760549 0.0
1571760549 0.0
1571760549 0.0
1571760550 0.0
1571760550 0.0
1571760550 0.0
1571760550 0.0
1571760550 0.0
1571760550 0.0
1571760550 0.0
1571760550 0.0
1571760550 0.0
1571760550 0.0
1571760550 0.0
1571760550 0.0
1571760550 0.0
1571760550 0.0
1571760550 0.0
1571760550 0.0
1571760550 0.0
1571760550 0.0
1571760550 0.0
1571760744 0.99471673
1571760745 0.0
1571760745 0.0
1571760745 0.0
1571760745 0.0
1571760745 0.0
1571760745 0.0
1571760745 0.0
1571760745 0.0
1571760745 0.0
1571760745 0.0
1571760745 0.0
1571760745 0.0
1571760745 0.0
1571760745 0.0
1571760745 0.0
1571760745 0.0
1571760745 0.0
1571760745 0.0
1571760745 0.0
1571760745 0.0
1571760745 0.0
1571760745 0.0
1571760745 0.0
1571760745 0.0
1571760745 0.0
1571760745 0.0
1571760745 0.0
1571760746 0.0
1571760746 0.0
1571760746 0.0
1571760946 0.930516194
1571760947 0.041479248
1571760947 0.0
1571760947 0.0
1571760947 0.0
1571760947 0.0
1571760947 0.0
1571760947 0.0
1571760947 0.0
1571760947 0.0
1571760947 0.0
1571760947 0.0
1571760947 0.0
1571760947 0.0
1571760947 0.0
1571760947 0.0
1571760947 0.0
1571760947 0.0
1571760948 0.0
1571760948 0.0
1571760948 0.0
1571760948 0.0
1571760948 0.0
1571760948 0.0
1571760948 0.0
1571760948 0.0
1571760948 0.0
1571760948 0.0
1571760948 0.0
1571761154 0.935356491
1571761155 0.085679673
1571761155 0.0
1571761155 0.0
1571761155 0.0
1571761155 0.0
1571761155 0.0
1571761155 0.0
1571761155 0.0
1571761155 0.0
1571761155 0.0
1571761155 0.0
1571761155 0.0
1571761155 0.0
1571761155 0.0
1571761155 0.0
1571761156 0.0
1571761156 0.0
1571761156 0.0
1571761156 0.0
1571761156 0.0
1571761156 0.0
1571761156 0.0
1571761156 0.0
1571761156 0.0
1571761156 0.0
1571761353 0.890416161
1571761354 0.0
1571761354 0.0
1571761354 0.0
1571761354 0.0
1571761354 0.0
1571761354 0.0
1571761354 0.0
1571761354 0.0
1571761354 0.0
1571761354 0.0
1571761355 0.0
1571761355 0.0
1571761355 0.0
1571761355 0.0
1571761355 0.0
1571761355 0.0
1571761355 0.0
1571761355 0.0
1571761355 0.0
1571761355 0.0
1571761355 0.0
1571761355 0.0
1571761355 0.0
1571761355 0.0
1571761355 0.0
1571761355 0.0
1571761355 0.0
1571761355 0.0
1571761355 0.0
1571761548 0.983095024
1571761549 0.0
1571761549 0.0
1571761549 0.0
1571761549 0.0
1571761549 0.0
1571761549 0.0
1571761549 0.0
1571761549 0.0
1571761550 0.0
1571761550 0.0
1571761550 0.0
1571761550 0.0
1571761550 0.0
1571761550 0.0
1571761550 0.0
1571761550 0.0
1571761550 0.0
1571761550 0.0
1571761550 0.0
1571761550 0.0
1571761550 0.0
1571761550 0.0
1571761744 0.920163273
1571761744 0.0
1571761745 0.0
1571761745 0.0
1571761745 0.0
1571761745 0.0
1571761745 0.0
1571761745 0.0
1571761745 0.0
1571761745 0.0
1571761745 0.0
1571761745 0.0
1571761745 0.0
1571761745 0.0
1571761745 0.0
1571761745 0.0
1571761745 0.0
1571761745 0.0
1571761745 0.0
1571761745 0.0
1571761745 0.0
1571761745 0.0
1571761745 0.0
1571761745 0.0
1571761745 0.0
1571761952 0.898345588
1571761953 0.041751506
1571761953 0.0
1571761953 0.0
1571761953 0.0
1571761953 0.0
1571761953 0.0
1571761953 0.0
1571761953 0.0
1571761953 0.0
1571761953 0.0
1571761953 0.0
1571761953 0.0
1571761953 0.0
1571761953 0.0
1571761953 0.0
1571761953 0.0
1571761953 0.0
1571761953 0.0
1571761953 0.0
1571761953 0.0
1571761954 0.0
1571761954 0.0
1571761954 0.0
1571761954 0.0
