1575294564 3
1575294565 3
1575294566 3
1575294567 3
1575294568 4
1575294569 4
1575294570 3
1575294571 4
1575294572 3
1575294573 2
1575294574 1
1575294575 1
1575294576 2
1575294577 2
1575294578 2
1575294579 2
1575294580 2
1575294581 1
1575294582 2
1575294583 2
1575294584 2
1575294585 2
1575294586 2
1575294587 1
1575294588 2
1575294589 2
1575294590 2
1575294591 2
1575294592 1
1575294593 1
1575294594 2
1575294595 2
1575294596 2
1575294597 2
1575294598 1
1575294599 1
1575294600 2
1575294601 1
1575294602 1
1575294603 2
1575294604 2
1575294605 2
1575294606 1
1575294607 2
1575294608 2
1575294609 2
1575294610 2
1575294611 2
1575294612 2
1575294613 2
1575294614 1
1575294615 2
1575294616 2
1575294617 2
1575294618 2
1575294619 2
1575294620 2
1575294621 2
1575294622 2
1575294623 2
1575294624 2
1575294625 2
1575294626 3
1575294627 3
1575294628 3
1575294629 3
1575294630 3
1575294631 4
1575294632 4
1575294633 3
1575294634 3
1575294635 4
1575294636 4
1575294637 5
1575294638 5
1575294639 4
1575294640 3
1575294641 4
1575294642 3
1575294643 3
1575294644 5
1575294645 3
1575294646 4
1575294647 5
1575294648 4
1575294649 5
1575294650 5
1575294651 4
1575294652 6
1575294653 5
1575294654 4
1575294655 4
1575294656 3
1575294657 3
1575294658 2
1575294659 2
1575294660 1
1575294661 2
1575294662 2
1575294663 2
1575294664 2
1575294665 3
1575294666 2
1575294667 2
1575294668 2
1575294669 3
1575294670 3
1575294671 4
1575294672 4
1575294673 3
1575294674 4
1575294675 3
1575294676 2
1575294677 1
1575294678 1
1575294679 1
1575294680 1
1575294681 1
1575294682 2
1575294683 3
1575294684 2
1575294685 2
1575294686 2
1575294687 2
1575294688 2
1575294689 1
1575294690 2
1575294691 2
1575294692 2
1575294693 3
1575294694 3
1575294695 4
1575294696 3
1575294697 3
1575294698 3
1575294699 3
1575294700 4
1575294701 4
1575294702 5
1575294703 4
1575294704 4
1575294705 3
1575294706 3
1575294707 2
1575294708 2
1575294709 2
1575294710 2
1575294711 2
1575294712 2
1575294713 3
1575294714 3
1575294715 2
1575294716 2
1575294717 2
1575294718 3
1575294719 2
1575294720 2
1575294721 2
1575294722 2
1575294723 2
1575294724 3
1575294725 2
1575294726 3
1575294727 3
1575294728 3
1575294729 2
1575294730 3
1575294731 2
1575294732 2
1575294733 2
1575294734 3
1575294735 4
1575294736 4
1575294737 4
1575294738 4
1575294739 5
1575294740 4
1575294741 4
1575294742 4
1575294743 3
1575294744 2
1575294745 5
1575294746 4
1575294747 4
1575294748 5
1575294749 4
1575294750 4
1575294751 4
1575294752 4
1575294753 4
1575294754 5
1575294755 4
1575294756 4
1575294757 4
1575294758 2
1575294759 3
1575294760 4
1575294761 4
1575294762 5
1575294763 5
1575294764 3
1575294765 3
1575294766 2
1575294767 2
1575294768 2
1575294769 2
1575294770 2
1575294771 3
1575294772 3
1575294773 3
1575294774 1
1575294775 1
1575294776 2
1575294777 2
1575294778 2
1575294779 2
1575294780 2
1575294781 2
1575294782 2
1575294783 2
1575294784 2
1575294785 3
1575294786 3
1575294787 2
1575294788 2
1575294789 2
1575294790 2
1575294791 2
1575294792 4
1575294793 5
1575294794 5
1575294795 5
1575294796 6
1575294797 5
1575294798 6
1575294799 5
1575294800 4
1575294801 3
1575294802 3
1575294803 3
1575294804 3
1575294805 2
1575294806 4
1575294807 3
1575294808 2
1575294809 2
1575294810 2
1575294811 3
1575294812 3
1575294813 2
1575294814 3
1575294815 2
1575294816 2
1575294817 2
1575294818 3
1575294819 3
1575294820 2
1575294821 3
1575294822 3
1575294823 3
1575294824 3
1575294825 4
1575294826 4
1575294827 5
1575294828 4
1575294829 4
1575294830 4
1575294831 4
1575294832 3
1575294833 2
1575294834 1
1575294835 2
1575294836 3
1575294837 2
1575294838 2
1575294839 2
1575294840 3
1575294841 4
1575294842 4
1575294843 5
1575294844 2
1575294845 4
1575294846 4
1575294847 4
1575294848 4
1575294849 3
1575294850 3
1575294851 2
1575294852 2
1575294853 2
1575294854 2
1575294855 3
1575294856 3
1575294857 4
1575294858 4
1575294859 4
1575294860 4
1575294861 4
1575294862 4
1575294863 3
1575294864 3
1575294865 3
1575294866 2
1575294867 2
1575294868 2
1575294869 2
1575294870 2
1575294871 2
1575294872 2
1575294873 2
1575294874 2
1575294875 2
1575294876 2
1575294877 2
1575294878 2
1575294879 2
1575294880 2
1575294881 2
1575294882 2
1575294883 2
1575294884 2
1575294885 2
1575294886 2
1575294887 2
1575294888 2
1575294889 2
1575294890 2
1575294891 2
1575294892 2
1575294893 2
1575294894 2
1575294895 2
1575294896 2
1575294897 3
1575294898 3
1575294899 4
1575294900 4
1575294901 4
1575294902 4
1575294903 4
1575294904 4
1575294905 3
1575294906 3
1575294907 3
1575294908 3
1575294909 3
1575294910 3
1575294911 2
1575294912 3
1575294913 4
1575294914 5
1575294915 4
1575294916 4
1575294917 3
1575294918 3
1575294919 2
1575294920 2
1575294921 2
1575294922 2
1575294923 2
1575294924 2
1575294925 2
1575294926 2
1575294927 2
1575294928 2
1575294929 2
1575294930 2
1575294931 2
1575294932 2
1575294933 2
1575294934 2
1575294935 2
1575294936 2
1575294937 2
1575294938 1
1575294939 1
1575294940 1
1575294941 2
1575294942 2
1575294943 2
1575294944 2
1575294945 2
1575294946 2
1575294947 2
1575294948 2
1575294949 2
1575294950 2
1575294951 2
1575294952 2
1575294953 2
1575294954 2
1575294955 2
1575294956 2
1575294957 2
1575294958 2
1575294959 2
1575294960 2
1575294961 2
1575294962 2
1575294963 2
1575294964 2
1575294965 2
1575294966 2
1575294967 2
1575294968 2
1575294969 2
1575294970 2
1575294971 2
1575294972 2
1575294973 2
1575294974 2
1575294975 2
1575294976 2
1575294977 2
1575294978 2
1575294979 2
1575294980 2
1575294981 2
1575294982 2
1575294983 2
1575294984 2
1575294985 2
1575294986 2
1575294987 2
1575294988 2
1575294989 2
1575294990 2
1575294991 2
1575294992 2
1575294993 2
1575294994 2
1575294995 2
1575294996 2
1575294997 2
1575294998 3
1575294999 3
1575295000 3
1575295001 3
1575295002 3
1575295003 3
1575295004 3
1575295005 4
1575295006 3
1575295007 4
1575295008 4
1575295009 3
1575295010 3
1575295011 3
1575295012 4
1575295013 3
1575295014 3
1575295015 3
1575295016 4
1575295017 5
1575295018 3
1575295019 3
1575295020 4
1575295021 4
1575295022 4
1575295023 2
1575295024 2
1575295025 2
1575295026 2
1575295027 3
1575295028 2
1575295029 1
1575295030 1
1575295031 2
1575295032 2
1575295033 2
1575295034 2
1575295035 2
1575295036 2
1575295037 3
1575295038 3
1575295039 3
1575295040 5
1575295041 4
1575295042 3
1575295043 2
1575295044 2
1575295045 1
1575295046 1
1575295047 1
1575295048 2
1575295049 3
1575295050 2
1575295051 2
1575295052 2
1575295053 3
1575295054 2
1575295055 2
1575295056 2
1575295057 3
1575295058 3
1575295059 4
1575295060 4
1575295061 4
1575295062 4
1575295063 5
1575295064 5
1575295065 6
1575295066 6
1575295067 7
1575295068 3
1575295069 3
1575295070 3
1575295071 3
1575295072 2
1575295073 3
1575295074 2
1575295075 2
1575295076 2
1575295077 3
1575295078 3
1575295079 3
1575295080 3
1575295081 3
1575295082 3
1575295083 3
1575295084 2
1575295085 2
1575295086 1
1575295087 2
1575295088 2
1575295089 3
1575295090 2
1575295091 2
1575295092 3
1575295093 2
1575295094 1
1575295095 3
1575295096 3
1575295097 3
1575295098 4
1575295099 4
1575295100 3
1575295101 4
1575295102 4
1575295103 4
1575295104 2
1575295105 2
1575295106 3
1575295107 4
1575295108 4
1575295109 4
1575295110 4
1575295111 4
1575295112 4
1575295113 5
1575295114 5
1575295115 4
1575295116 5
1575295117 5
1575295118 5
1575295119 3
1575295120 4
1575295121 5
1575295122 4
1575295123 5
1575295124 5
1575295125 5
1575295126 6
1575295127 4
1575295128 3
1575295129 3
1575295130 2
1575295131 1
1575295132 2
1575295133 2
1575295134 2
1575295135 3
1575295136 3
1575295137 3
1575295138 3
1575295139 3
1575295140 3
1575295141 3
1575295142 3
1575295143 3
1575295144 2
1575295145 2
1575295146 2
1575295147 2
1575295148 2
1575295149 3
1575295150 3
1575295151 2
1575295152 2
1575295153 2
1575295154 2
1575295155 2
1575295156 2
1575295157 2
1575295158 2
1575295159 2
1575295160 3
1575295161 4
1575295162 5
1575295163 5
1575295164 5
1575295165 6
1575295166 6
1575295167 5
1575295168 4
1575295169 4
1575295170 4
1575295171 3
1575295172 1
1575295173 5
1575295174 3
1575295175 4
1575295176 4
1575295177 6
1575295178 7
1575295179 6
1575295180 6
1575295181 5
1575295182 5
1575295183 5
1575295184 5
1575295185 5
1575295186 5
1575295187 5
1575295188 6
1575295189 5
1575295190 5
1575295191 5
1575295192 5
1575295193 5
1575295194 6
1575295195 5
1575295196 5
1575295197 5
1575295198 5
1575295199 5
1575295200 5
1575295201 5
1575295202 6
1575295203 4
1575295204 3
1575295205 1
1575295206 1
1575295207 3
1575295208 4
1575295209 4
1575295210 3
1575295211 2
1575295212 3
1575295213 4
1575295214 5
1575295215 4
1575295216 3
1575295217 2
1575295218 2
1575295219 3
1575295220 2
1575295221 2
1575295222 3
1575295223 4
1575295224 4
1575295225 3
1575295226 3
1575295227 3
1575295228 1
1575295229 2
1575295230 2
1575295231 2
1575295232 2
1575295233 2
1575295234 3
1575295235 3
1575295236 3
1575295237 2
1575295238 2
1575295239 3
1575295240 3
1575295241 2
1575295242 3
1575295243 3
1575295244 4
1575295245 4
1575295246 4
1575295247 3
1575295248 5
1575295249 4
1575295250 5
1575295251 4
1575295252 3
1575295253 3
1575295254 2
1575295255 2
1575295256 2
1575295257 4
1575295258 4
1575295259 4
1575295260 4
1575295261 4
1575295262 4
1575295263 4
1575295264 3
1575295265 4
1575295266 3
1575295267 2
1575295268 2
1575295269 2
1575295270 2
1575295271 3
1575295272 2
1575295273 2
1575295274 2
1575295275 2
1575295276 2
1575295277 2
1575295278 2
1575295279 2
1575295280 2
1575295281 2
1575295282 2
1575295283 2
1575295284 2
1575295285 2
1575295286 2
1575295287 2
1575295288 2
1575295289 2
1575295290 2
1575295291 2
1575295292 2
1575295293 2
1575295294 2
1575295295 2
1575295296 2
1575295297 2
1575295298 2
1575295299 2
1575295300 5
1575295301 4
1575295302 4
1575295303 4
1575295304 4
1575295305 4
1575295306 3
1575295307 3
1575295308 4
1575295309 3
1575295310 4
1575295311 5
1575295312 3
1575295313 3
1575295314 3
1575295315 3
1575295316 4
1575295317 5
1575295318 4
1575295319 5
1575295320 5
1575295321 4
1575295322 4
1575295323 4
1575295324 3
1575295325 1
1575295326 1
1575295327 1
1575295328 2
1575295329 2
1575295330 2
1575295331 2
1575295332 2
1575295333 1
1575295334 2
1575295335 2
1575295336 2
1575295337 2
1575295338 1
1575295339 1
1575295340 2
1575295341 2
1575295342 2
1575295343 2
1575295344 1
1575295345 2
1575295346 2
1575295347 1
1575295348 2
1575295349 2
1575295350 2
1575295351 2
1575295352 2
1575295353 2
1575295354 2
1575295355 2
1575295356 2
1575295357 2
1575295358 2
1575295359 2
1575295360 2
1575295361 2
1575295362 2
1575295363 2
1575295364 2
1575295365 2
1575295366 2
1575295367 2
1575295368 2
1575295369 2
1575295370 2
1575295371 2
1575295372 2
1575295373 2
1575295374 2
1575295375 2
1575295376 2
1575295377 2
1575295378 2
1575295379 2
1575295380 2
1575295381 2
1575295382 2
1575295383 2
1575295384 2
1575295385 2
1575295386 2
1575295387 2
1575295388 2
1575295389 2
1575295390 2
1575295391 2
1575295392 2
1575295393 3
1575295394 3
1575295395 3
1575295396 4
1575295397 4
1575295398 4
1575295399 3
1575295400 4
1575295401 3
1575295402 2
1575295403 3
1575295404 3
1575295405 5
1575295406 5
1575295407 4
1575295408 6
1575295409 4
1575295410 4
1575295411 3
1575295412 4
1575295413 4
1575295414 2
1575295415 2
1575295416 3
1575295417 4
1575295418 2
1575295419 1
1575295420 3
1575295421 2
1575295422 3
1575295423 3
1575295424 3
1575295425 3
1575295426 3
1575295427 3
1575295428 3
1575295429 3
1575295430 3
1575295431 2
1575295432 3
1575295433 3
1575295434 2
1575295435 1
1575295436 1
1575295437 1
1575295438 1
1575295439 1
1575295440 2
1575295441 2
1575295442 2
1575295443 3
1575295444 2
1575295445 2
1575295446 2
1575295447 2
1575295448 2
1575295449 2
1575295450 2
1575295451 2
1575295452 3
1575295453 3
1575295454 3
1575295455 4
1575295456 5
1575295457 5
1575295458 3
1575295459 3
1575295460 3
1575295461 3
1575295462 3
1575295463 2
1575295464 2
1575295465 2
1575295466 2
1575295467 2
1575295468 2
1575295469 2
1575295470 2
1575295471 2
1575295472 2
1575295473 3
1575295474 3
1575295475 3
1575295476 3
1575295477 3
1575295478 2
1575295479 2
1575295480 3
1575295481 3
1575295482 3
1575295483 2
1575295484 3
1575295485 2
1575295486 2
1575295487 3
1575295488 3
1575295489 3
1575295490 4
1575295491 4
1575295492 4
1575295493 4
1575295494 4
1575295495 4
1575295496 3
1575295497 2
1575295498 5
1575295499 4
1575295500 4
1575295501 5
1575295502 4
1575295503 4
1575295504 4
1575295505 4
1575295506 4
1575295507 5
1575295508 4
1575295509 3
1575295510 5
1575295511 4
1575295512 2
1575295513 3
1575295514 6
1575295515 5
1575295516 7
1575295517 5
1575295518 3
1575295519 3
1575295520 2
1575295521 2
1575295522 2
1575295523 2
1575295524 2
1575295525 3
1575295526 2
1575295527 2
1575295528 3
1575295529 3
1575295530 3
1575295531 3
1575295532 2
1575295533 2
1575295534 2
1575295535 2
1575295536 2
1575295537 2
1575295538 2
1575295539 3
1575295540 2
1575295541 2
1575295542 2
1575295543 3
1575295544 3
1575295545 2
1575295546 2
1575295547 2
1575295548 2
1575295549 2
1575295550 4
1575295551 5
1575295552 5
1575295553 4
1575295554 3
1575295555 4
1575295556 4
1575295557 4
1575295558 3
1575295559 3
1575295560 2
1575295561 2
1575295562 2
1575295563 2
1575295564 2
1575295565 2
1575295566 2
1575295567 2
1575295568 2
1575295569 3
1575295570 5
1575295571 4
1575295572 4
1575295573 4
1575295574 4
1575295575 4
1575295576 4
1575295577 4
1575295578 4
1575295579 4
1575295580 5
1575295581 5
1575295582 5
1575295583 5
1575295584 4
1575295585 5
1575295586 5
1575295587 5
1575295588 4
1575295589 4
1575295590 4
1575295591 2
1575295592 4
1575295593 4
1575295594 3
1575295595 3
1575295596 3
1575295597 2
1575295598 3
1575295599 4
1575295600 6
1575295601 7
1575295602 5
1575295603 6
1575295604 6
1575295605 5
1575295606 5
1575295607 4
1575295608 5
1575295609 5
1575295610 5
1575295611 6
1575295612 6
1575295613 6
1575295614 5
1575295615 5
1575295616 3
1575295617 5
1575295618 4
1575295619 5
1575295620 5
1575295621 3
1575295622 3
1575295623 2
1575295624 3
1575295625 3
1575295626 2
1575295627 4
1575295628 4
1575295629 4
1575295630 3
1575295631 3
1575295632 3
1575295633 3
1575295634 3
1575295635 3
1575295636 3
1575295637 3
1575295638 2
1575295639 2
1575295640 2
1575295641 2
1575295642 2
1575295643 2
1575295644 2
1575295645 2
1575295646 2
1575295647 2
1575295648 2
1575295649 2
1575295650 2
1575295651 2
1575295652 2
1575295653 2
1575295654 2
1575295655 2
1575295656 2
1575295657 2
1575295658 2
1575295659 2
1575295660 2
1575295661 2
1575295662 2
1575295663 2
1575295664 2
1575295665 2
1575295666 2
1575295667 2
1575295668 3
1575295669 4
1575295670 4
1575295671 4
1575295672 4
1575295673 4
1575295674 3
1575295675 3
1575295676 3
1575295677 3
1575295678 3
1575295679 3
1575295680 3
1575295681 4
1575295682 4
1575295683 4
1575295684 4
1575295685 4
1575295686 4
1575295687 3
1575295688 3
1575295689 2
1575295690 2
1575295691 2
1575295692 2
1575295693 2
1575295694 2
1575295695 2
1575295696 2
1575295697 1
1575295698 1
1575295699 1
1575295700 1
1575295701 1
1575295702 1
1575295703 1
1575295704 1
1575295705 1
1575295706 1
1575295707 1
1575295708 1
1575295709 1
1575295710 1
1575295711 1
1575295712 1
1575295713 1
1575295714 1
1575295715 1
1575295716 1
1575295717 1
1575295718 1
1575295719 1
1575295720 1
1575295721 1
1575295722 1
1575295723 1
1575295724 1
1575295725 2
1575295726 2
1575295727 2
1575295728 2
1575295729 2
1575295730 2
1575295731 2
1575295732 2
1575295733 2
1575295734 2
1575295735 2
1575295736 2
1575295737 2
1575295738 2
1575295739 2
1575295740 2
1575295741 2
1575295742 2
1575295743 4
1575295744 4
1575295745 4
1575295746 4
1575295747 4
1575295748 4
1575295749 4
1575295750 3
1575295751 3
1575295752 4
1575295753 3
1575295754 2
1575295755 3
1575295756 2
1575295757 3
1575295758 3
1575295759 3
1575295760 3
1575295761 4
1575295762 6
1575295763 4
1575295764 3
1575295765 5
1575295766 5
1575295767 5
1575295768 4
1575295769 3
1575295770 2
1575295771 2
1575295772 1
1575295773 2
1575295774 2
1575295775 2
1575295776 3
1575295777 3
1575295778 3
1575295779 3
1575295780 3
1575295781 3
1575295782 1
1575295783 3
1575295784 3
1575295785 4
1575295786 4
1575295787 3
1575295788 3
1575295789 4
1575295790 2
1575295791 1
1575295792 2
1575295793 1
1575295794 1
1575295795 2
1575295796 2
1575295797 2
1575295798 2
1575295799 3
1575295800 2
1575295801 2
1575295802 2
1575295803 2
1575295804 2
1575295805 2
1575295806 2
1575295807 2
1575295808 3
1575295809 3
1575295810 4
1575295811 6
1575295812 6
1575295813 4
1575295814 4
1575295815 4
1575295816 3
1575295817 3
1575295818 3
1575295819 2
1575295820 2
1575295821 2
1575295822 2
1575295823 2
1575295824 3
1575295825 2
1575295826 2
1575295827 2
1575295828 2
1575295829 2
1575295830 2
1575295831 2
1575295832 4
1575295833 3
1575295834 4
1575295835 2
1575295836 2
1575295837 1
1575295838 2
1575295839 3
1575295840 3
1575295841 2
1575295842 2
1575295843 3
1575295844 2
1575295845 1
1575295846 3
1575295847 4
1575295848 4
1575295849 4
1575295850 4
1575295851 4
1575295852 5
1575295853 4
1575295854 4
1575295855 4
1575295856 2
1575295857 3
1575295858 4
1575295859 4
1575295860 4
1575295861 5
1575295862 4
1575295863 4
1575295864 4
1575295865 4
1575295866 4
1575295867 4
1575295868 5
1575295869 5
1575295870 6
1575295871 4
1575295872 4
1575295873 6
1575295874 8
1575295875 7
1575295876 6
1575295877 6
1575295878 5
1575295879 5
1575295880 5
1575295881 3
1575295882 2
1575295883 2
1575295884 2
1575295885 3
1575295886 3
1575295887 3
1575295888 3
1575295889 3
1575295890 3
1575295891 3
1575295892 4
1575295893 4
1575295894 3
1575295895 4
1575295896 4
1575295897 4
1575295898 4
1575295899 4
1575295900 4
1575295901 4
1575295902 4
1575295903 4
1575295904 4
1575295905 4
1575295906 4
1575295907 4
1575295908 4
1575295909 4
1575295910 4
1575295911 4
1575295912 5
1575295913 5
1575295914 5
1575295915 5
1575295916 5
1575295917 5
1575295918 5
1575295919 5
1575295920 5
1575295921 5
1575295922 5
1575295923 5
1575295924 5
1575295925 5
1575295926 5
1575295927 5
1575295928 5
1575295929 5
1575295930 5
1575295931 5
1575295932 5
1575295933 5
1575295934 5
1575295935 5
1575295936 5
1575295937 5
1575295938 5
1575295939 5
1575295940 5
1575295941 5
1575295942 5
1575295943 5
1575295944 5
1575295945 5
1575295946 5
1575295947 5
1575295948 5
1575295949 5
1575295950 5
1575295951 5
1575295952 5
1575295953 5
1575295954 5
1575295955 4
1575295956 5
1575295957 5
1575295958 6
1575295959 4
1575295960 5
1575295961 5
1575295962 5
1575295963 5
1575295964 6
1575295965 5
1575295966 5
1575295967 5
1575295968 5
1575295969 5
1575295970 5
1575295971 5
1575295972 5
1575295973 5
1575295974 5
1575295975 5
1575295976 5
1575295977 5
1575295978 5
1575295979 5
1575295980 5
1575295981 3
1575295982 4
1575295983 5
1575295984 4
1575295985 2
1575295986 2
1575295987 2
1575295988 2
1575295989 2
1575295990 3
1575295991 3
1575295992 3
1575295993 3
1575295994 3
1575295995 3
1575295996 3
1575295997 3
1575295998 4
1575295999 4
1575296000 4
1575296001 3
1575296002 3
1575296003 3
1575296004 3
1575296005 3
1575296006 3
1575296007 3
1575296008 3
1575296009 3
1575296010 3
1575296011 3
1575296012 3
1575296013 3
1575296014 3
1575296015 3
1575296016 3
1575296017 3
1575296018 3
1575296019 3
1575296020 3
1575296021 3
1575296022 3
1575296023 3
1575296024 3
1575296025 3
1575296026 3
1575296027 3
1575296028 3
1575296029 3
1575296030 3
1575296031 3
1575296032 4
1575296033 3
1575296034 4
1575296035 3
1575296036 3
1575296037 3
1575296038 3
1575296039 3
1575296040 3
1575296041 3
1575296042 3
1575296043 3
1575296044 3
1575296045 3
1575296046 3
1575296047 4
1575296048 4
1575296049 4
1575296050 3
1575296051 3
1575296052 3
1575296053 3
1575296054 3
1575296055 3
1575296056 3
1575296057 3
1575296058 3
1575296059 3
1575296060 3
1575296061 3
1575296062 3
1575296063 3
1575296064 3
1575296065 3
1575296066 3
1575296067 3
1575296068 3
1575296069 3
1575296070 4
1575296071 4
1575296072 5
1575296073 5
1575296074 4
1575296075 4
1575296076 4
1575296077 4
1575296078 4
1575296079 4
1575296080 4
1575296081 4
1575296082 4
1575296083 4
1575296084 4
1575296085 4
1575296086 4
1575296087 5
1575296088 5
1575296089 5
1575296090 5
1575296091 5
1575296092 5
1575296093 5
1575296094 5
1575296095 5
1575296096 5
1575296097 5
1575296098 5
1575296099 5
1575296100 5
1575296101 5
1575296102 5
1575296103 5
1575296104 5
1575296105 5
1575296106 5
1575296107 5
1575296108 5
1575296109 5
1575296110 5
1575296111 5
1575296112 5
1575296113 5
1575296114 5
1575296115 5
1575296116 5
1575296117 5
1575296118 5
1575296119 5
1575296120 5
1575296121 5
1575296122 5
1575296123 5
1575296124 5
1575296125 5
1575296126 5
1575296127 5
1575296128 5
1575296129 5
1575296130 5
1575296131 5
1575296132 5
1575296133 5
1575296134 5
1575296135 5
1575296136 5
1575296137 5
1575296138 5
1575296139 4
1575296140 3
1575296141 3
1575296142 2
1575296143 2
1575296144 3
1575296145 3
1575296146 4
1575296147 5
1575296148 4
1575296149 4
1575296150 4
1575296151 4
1575296152 4
1575296153 4
1575296154 4
1575296155 4
1575296156 4
1575296157 4
1575296158 4
1575296159 4
1575296160 4
1575296161 3
1575296162 4
1575296163 5
1575296164 5
1575296165 5
1575296166 5
1575296167 5
1575296168 5
1575296169 5
1575296170 4
1575296171 4
1575296172 4
1575296173 4
1575296174 4
1575296175 4
1575296176 4
1575296177 4
1575296178 4
1575296179 4
1575296180 4
1575296181 4
1575296182 4
1575296183 4
1575296184 4
1575296185 4
1575296186 4
1575296187 4
1575296188 4
1575296189 4
1575296190 4
1575296191 4
1575296192 4
1575296193 4
1575296194 4
1575296195 4
1575296196 4
1575296197 4
1575296198 4
1575296199 4
1575296200 4
1575296201 4
1575296202 4
1575296203 5
1575296204 5
1575296205 5
1575296206 5
1575296207 5
1575296208 5
1575296209 5
1575296210 4
1575296211 4
1575296212 5
1575296213 5
1575296214 5
1575296215 5
1575296216 4
1575296217 4
1575296218 4
1575296219 4
1575296220 4
1575296221 4
1575296222 4
1575296223 4
1575296224 5
1575296225 4
1575296226 4
1575296227 4
1575296228 3
1575296229 3
1575296230 3
1575296231 3
1575296232 3
1575296233 3
1575296234 3
1575296235 3
1575296236 3
1575296237 3
1575296238 3
1575296239 3
1575296240 3
1575296241 3
1575296242 3
1575296243 3
1575296244 3
1575296245 4
1575296246 3
1575296247 3
1575296248 3
1575296249 3
1575296250 3
1575296251 3
1575296252 3
1575296253 3
1575296254 3
1575296255 3
1575296256 3
1575296257 3
1575296258 3
1575296259 3
1575296260 4
1575296261 4
1575296262 4
1575296263 4
1575296264 4
1575296265 4
1575296266 4
1575296267 4
1575296268 4
1575296269 4
1575296270 3
1575296271 3
1575296272 3
1575296273 3
1575296274 3
1575296275 2
1575296276 3
1575296277 3
1575296278 3
1575296279 3
1575296280 2
1575296281 4
1575296282 3
1575296283 2
1575296284 3
1575296285 3
1575296286 2
1575296287 2
1575296288 3
1575296289 3
1575296290 3
1575296291 3
1575296292 3
1575296293 2
1575296294 4
1575296295 5
1575296296 4
1575296297 4
1575296298 4
1575296299 5
1575296300 5
1575296301 5
1575296302 4
1575296303 4
1575296304 4
1575296305 4
1575296306 4
1575296307 4
1575296308 4
1575296309 4
1575296310 4
1575296311 4
1575296312 4
1575296313 4
1575296314 4
1575296315 4
1575296316 4
1575296317 4
1575296318 4
1575296319 4
1575296320 4
1575296321 4
1575296322 4
1575296323 4
1575296324 4
1575296325 4
1575296326 4
1575296327 4
1575296328 4
1575296329 4
1575296330 4
1575296331 4
1575296332 4
1575296333 4
1575296334 4
1575296335 4
1575296336 4
1575296337 4
1575296338 4
1575296339 4
1575296340 4
1575296341 4
1575296342 4
1575296343 4
1575296344 4
1575296345 4
1575296346 4
1575296347 4
1575296348 4
1575296349 4
1575296350 4
1575296351 4
1575296352 4
1575296353 4
1575296354 4
1575296355 4
1575296356 4
1575296357 4
1575296358 4
1575296359 4
1575296360 4
1575296361 4
1575296362 4
1575296363 4
1575296364 4
1575296365 4
1575296366 4
1575296367 4
1575296368 4
1575296369 4
1575296370 4
1575296371 4
1575296372 4
1575296373 4
1575296374 4
1575296375 4
1575296376 4
1575296377 4
1575296378 4
1575296379 4
1575296380 4
1575296381 4
1575296382 4
1575296383 4
1575296384 4
1575296385 4
1575296386 4
1575296387 4
1575296388 4
1575296389 4
1575296390 4
1575296391 4
1575296392 4
1575296393 4
1575296394 4
1575296395 4
1575296396 4
1575296397 4
1575296398 4
1575296399 4
1575296400 4
1575296401 4
1575296402 4
1575296403 4
1575296404 4
1575296405 4
1575296406 4
1575296407 4
1575296408 4
1575296409 4
1575296410 4
1575296411 4
1575296412 4
1575296413 4
1575296414 4
1575296415 4
1575296416 4
1575296417 4
1575296418 4
1575296419 4
1575296420 4
1575296421 4
1575296422 4
1575296423 4
1575296424 4
1575296425 4
1575296426 4
1575296427 4
1575296428 4
1575296429 4
1575296430 4
1575296431 4
1575296432 4
1575296433 4
1575296434 4
1575296435 4
1575296436 4
1575296437 4
1575296438 5
1575296439 5
1575296440 5
1575296441 5
1575296442 5
1575296443 5
1575296444 5
1575296445 6
1575296446 6
1575296447 6
1575296448 6
1575296449 6
1575296450 6
1575296451 6
1575296452 6
1575296453 6
1575296454 6
1575296455 7
1575296456 8
1575296457 7
1575296458 6
1575296459 7
1575296460 7
1575296461 7
1575296462 7
1575296463 7
1575296464 7
1575296465 7
1575296466 7
1575296467 7
1575296468 7
1575296469 7
1575296470 7
1575296471 7
1575296472 7
1575296473 7
1575296474 7
1575296475 7
1575296476 7
1575296477 7
1575296478 7
1575296479 7
1575296480 7
1575296481 7
1575296482 7
1575296483 7
1575296484 7
1575296485 7
1575296486 7
1575296487 7
1575296488 7
1575296489 7
1575296490 7
1575296491 7
1575296492 7
1575296493 7
1575296494 7
1575296495 7
1575296496 7
1575296497 7
1575296498 7
1575296499 7
1575296500 7
1575296501 7
1575296502 7
1575296503 7
1575296504 7
1575296505 7
1575296506 7
1575296507 7
1575296508 7
1575296509 7
1575296510 7
1575296511 7
1575296512 7
1575296513 7
1575296514 7
1575296515 7
1575296516 7
1575296517 7
1575296518 7
1575296519 7
1575296520 6
1575296521 6
1575296522 7
1575296523 7
1575296524 7
1575296525 7
1575296526 7
1575296527 7
1575296528 7
1575296529 7
1575296530 7
1575296531 7
1575296532 7
1575296533 7
1575296534 7
1575296535 7
1575296536 7
1575296537 7
1575296538 7
1575296539 7
1575296540 7
1575296541 7
1575296542 7
1575296543 7
1575296544 7
1575296545 7
1575296546 7
1575296547 7
1575296548 7
1575296549 7
1575296550 7
1575296551 7
1575296552 7
1575296553 7
1575296554 7
1575296555 7
1575296556 7
1575296557 7
1575296558 7
1575296559 7
1575296560 7
1575296561 7
1575296562 7
1575296563 7
1575296564 7
1575296565 7
1575296566 7
1575296567 7
1575296568 7
1575296569 7
1575296570 7
1575296571 7
1575296572 7
1575296573 7
1575296574 7
1575296575 7
1575296576 7
1575296577 7
1575296578 7
1575296579 7
1575296580 7
1575296581 7
1575296582 8
1575296583 7
1575296584 7
1575296585 7
1575296586 7
1575296587 7
1575296588 7
1575296589 7
1575296590 7
1575296591 7
1575296592 7
1575296593 7
1575296594 7
1575296595 6
1575296596 5
1575296597 5
1575296598 5
1575296599 5
1575296600 5
1575296601 5
1575296602 5
1575296603 5
1575296604 4
1575296605 2
1575296606 2
1575296607 1
1575296608 1
1575296609 1
1575296610 1
1575296611 2
1575296612 2
1575296613 2
1575296614 2
1575296615 2
1575296616 2
1575296617 2
1575296618 2
1575296619 2
1575296620 2
1575296621 2
1575296622 1
1575296623 1
1575296624 2
1575296625 1
1575296626 1
1575296627 1
1575296628 1
1575296629 1
1575296630 1
1575296631 1
1575296632 1
1575296633 1
1575296634 1
1575296635 1
1575296636 1
1575296637 1
1575296638 1
1575296639 1
1575296640 1
1575296641 1
1575296642 1
1575296643 1
1575296644 1
1575296645 1
1575296646 1
1575296647 2
1575296648 2
1575296649 2
1575296650 2
1575296651 2
1575296652 2
1575296653 2
1575296654 2
1575296655 2
1575296656 2
1575296657 2
1575296658 2
1575296659 1
1575296660 1
1575296661 1
1575296662 1
1575296663 1
1575296664 1
1575296665 1
1575296666 1
1575296667 1
1575296668 1
1575296669 1
1575296670 1
1575296671 1
1575296672 1
1575296673 1
1575296674 1
1575296675 1
1575296676 1
1575296677 1
1575296678 1
1575296679 1
1575296680 1
1575296681 1
1575296682 1
1575296683 1
1575296684 1
1575296685 1
1575296686 1
1575296687 1
1575296688 1
1575296689 1
1575296690 1
1575296691 1
1575296692 1
1575296693 1
1575296694 1
1575296695 1
1575296696 1
1575296697 1
1575296698 1
1575296699 1
1575296700 1
1575296701 1
1575296702 1
1575296703 1
1575296704 1
1575296705 1
1575296706 1
1575296707 1
1575296708 1
1575296709 1
1575296710 1
1575296711 1
1575296712 1
1575296713 1
1575296714 1
1575296715 1
1575296716 1
1575296717 1
1575296718 1
1575296719 1
1575296720 1
1575296721 1
1575296722 1
1575296723 1
1575296724 1
1575296725 1
1575296726 1
1575296727 1
1575296728 1
1575296729 1
1575296730 1
1575296731 1
1575296732 1
1575296733 1
1575296734 1
1575296735 1
1575296736 1
1575296737 1
1575296738 1
1575296739 1
1575296740 1
1575296741 1
1575296742 1
1575296743 1
1575296744 1
1575296745 1
1575296746 1
1575296747 1
1575296748 1
1575296749 1
1575296750 1
1575296751 1
1575296752 2
1575296753 2
1575296754 2
1575296755 2
1575296756 2
1575296757 1
1575296758 1
1575296759 1
1575296760 1
1575296761 2
1575296762 2
1575296763 2
1575296764 2
1575296765 2
1575296766 3
1575296767 2
1575296768 2
1575296769 2
1575296770 2
1575296771 2
1575296772 2
1575296773 2
1575296774 2
1575296775 2
1575296776 3
1575296777 3
1575296778 4
1575296779 4
1575296780 4
1575296781 4
1575296782 4
1575296783 5
1575296784 3
1575296785 2
1575296786 2
1575296787 2
1575296788 3
1575296789 3
1575296790 3
1575296791 5
1575296792 3
1575296793 2
1575296794 3
1575296795 3
1575296796 2
1575296797 1
1575296798 1
1575296799 1
1575296800 1
1575296801 2
1575296802 2
1575296803 3
1575296804 4
1575296805 4
1575296806 2
1575296807 1
1575296808 1
1575296809 1
1575296810 1
1575296811 1
1575296812 1
1575296813 2
1575296814 3
1575296815 3
1575296816 2
1575296817 2
1575296818 3
1575296819 4
1575296820 4
1575296821 3
1575296822 4
1575296823 5
1575296824 4
1575296825 3
1575296826 3
1575296827 3
1575296828 3
1575296829 5
1575296830 4
1575296831 3
1575296832 3
1575296833 3
1575296834 2
1575296835 2
1575296836 2
1575296837 3
1575296838 4
1575296839 3
1575296840 3
1575296841 3
1575296842 4
1575296843 5
1575296844 6
1575296845 4
1575296846 4
1575296847 3
1575296848 3
1575296849 2
1575296850 2
1575296851 2
1575296852 2
1575296853 2
1575296854 2
1575296855 2
1575296856 2
1575296857 2
1575296858 2
1575296859 2
1575296860 2
1575296861 2
1575296862 2
1575296863 2
1575296864 2
1575296865 2
1575296866 2
1575296867 2
1575296868 2
1575296869 2
1575296870 3
1575296871 2
1575296872 2
1575296873 2
1575296874 2
1575296875 2
1575296876 2
1575296877 2
1575296878 2
1575296879 3
1575296880 4
1575296881 4
1575296882 5
1575296883 4
1575296884 4
1575296885 4
1575296886 3
1575296887 3
1575296888 3
1575296889 3
1575296890 3
1575296891 3
1575296892 3
1575296893 3
1575296894 4
1575296895 4
1575296896 4
1575296897 4
1575296898 4
1575296899 3
1575296900 3
1575296901 2
1575296902 2
1575296903 2
1575296904 2
1575296905 2
1575296906 2
1575296907 2
1575296908 2
1575296909 2
1575296910 2
1575296911 2
1575296912 2
1575296913 2
1575296914 2
1575296915 2
1575296916 2
1575296917 2
1575296918 2
1575296919 2
1575296920 2
1575296921 2
1575296922 2
1575296923 2
1575296924 2
1575296925 2
1575296926 2
1575296927 2
1575296928 2
1575296929 2
1575296930 2
1575296931 2
1575296932 2
1575296933 2
1575296934 2
1575296935 2
1575296936 2
1575296937 2
1575296938 2
1575296939 2
1575296940 2
1575296941 2
1575296942 2
1575296943 2
1575296944 2
1575296945 2
1575296946 2
1575296947 2
1575296948 2
1575296949 2
1575296950 2
1575296951 3
1575296952 3
1575296953 3
1575296954 3
1575296955 3
1575296956 3
1575296957 3
1575296958 3
1575296959 3
1575296960 3
1575296961 2
1575296962 2
1575296963 2
1575296964 3
1575296965 3
1575296966 3
1575296967 3
1575296968 4
1575296969 5
1575296970 3
1575296971 3
1575296972 3
1575296973 3
1575296974 4
1575296975 2
1575296976 2
1575296977 2
1575296978 1
1575296979 1
1575296980 1
1575296981 1
1575296982 2
1575296983 3
1575296984 3
1575296985 3
1575296986 3
1575296987 3
1575296988 2
1575296989 3
1575296990 3
1575296991 3
1575296992 2
1575296993 2
1575296994 2
1575296995 1
1575296996 2
1575296997 2
1575296998 2
1575296999 2
1575297000 3
1575297001 4
1575297002 2
1575297003 3
1575297004 3
1575297005 3
1575297006 3
1575297007 3
1575297008 3
1575297009 2
1575297010 2
1575297011 3
1575297012 3
1575297013 3
1575297014 4
1575297015 5
1575297016 3
1575297017 3
1575297018 4
1575297019 3
1575297020 3
1575297021 2
1575297022 2
1575297023 2
1575297024 2
1575297025 2
1575297026 2
1575297027 3
1575297028 2
1575297029 2
1575297030 3
1575297031 2
1575297032 2
1575297033 2
1575297034 2
1575297035 2
1575297036 2
1575297037 2
1575297038 3
1575297039 3
1575297040 3
1575297041 3
1575297042 4
1575297043 2
1575297044 2
1575297045 3
1575297046 3
1575297047 4
1575297048 4
1575297049 4
1575297050 4
1575297051 5
1575297052 5
1575297053 6
1575297054 4
1575297055 5
1575297056 4
1575297057 3
1575297058 3
1575297059 2
1575297060 5
1575297061 4
1575297062 4
1575297063 4
1575297064 4
1575297065 4
1575297066 4
1575297067 4
1575297068 5
1575297069 5
1575297070 5
1575297071 5
1575297072 3
1575297073 2
1575297074 3
1575297075 4
1575297076 4
1575297077 5
1575297078 4
1575297079 4
1575297080 4
1575297081 4
1575297082 3
1575297083 3
1575297084 3
1575297085 3
1575297086 3
1575297087 3
1575297088 3
1575297089 3
1575297090 4
1575297091 3
1575297092 3
1575297093 3
1575297094 2
1575297095 2
1575297096 2
1575297097 2
1575297098 2
1575297099 2
1575297100 2
1575297101 3
1575297102 2
1575297103 2
1575297104 2
1575297105 3
1575297106 3
1575297107 2
1575297108 2
1575297109 2
1575297110 2
1575297111 2
1575297112 4
1575297113 4
1575297114 5
1575297115 5
1575297116 5
1575297117 5
1575297118 5
1575297119 4
1575297120 3
1575297121 3
1575297122 3
1575297123 4
1575297124 3
1575297125 4
1575297126 3
1575297127 3
1575297128 3
1575297129 3
1575297130 2
1575297131 2
1575297132 2
1575297133 2
1575297134 1
1575297135 1
1575297136 1
1575297137 1
1575297138 2
1575297139 2
1575297140 2
1575297141 2
1575297142 2
1575297143 2
1575297144 2
1575297145 1
1575297146 1
1575297147 1
1575297148 1
1575297149 1
1575297150 2
1575297151 1
1575297152 2
1575297153 2
1575297154 2
1575297155 2
1575297156 3
1575297157 2
1575297158 4
1575297159 4
1575297160 4
1575297161 3
1575297162 3
1575297163 5
1575297164 4
1575297165 5
1575297166 5
1575297167 3
1575297168 3
1575297169 3
1575297170 2
1575297171 2
1575297172 2
1575297173 3
1575297174 3
1575297175 3
1575297176 3
1575297177 3
1575297178 3
1575297179 3
1575297180 3
1575297181 3
1575297182 2
1575297183 2
1575297184 2
1575297185 2
1575297186 2
1575297187 2
1575297188 2
1575297189 2
1575297190 2
1575297191 2
1575297192 2
1575297193 2
1575297194 2
1575297195 2
1575297196 2
1575297197 2
1575297198 2
1575297199 2
1575297200 2
1575297201 2
1575297202 2
1575297203 2
1575297204 2
1575297205 2
1575297206 2
1575297207 2
1575297208 2
1575297209 2
1575297210 2
1575297211 2
1575297212 2
1575297213 2
1575297214 2
1575297215 2
1575297216 2
1575297217 2
1575297218 3
1575297219 4
1575297220 4
1575297221 4
1575297222 4
1575297223 4
1575297224 4
1575297225 4
1575297226 4
1575297227 5
1575297228 4
1575297229 4
1575297230 4
1575297231 4
1575297232 4
1575297233 4
1575297234 4
1575297235 4
1575297236 4
1575297237 4
1575297238 4
1575297239 4
1575297240 4
1575297241 4
1575297242 4
1575297243 4
1575297244 4
1575297245 4
1575297246 4
1575297247 4
1575297248 4
1575297249 4
1575297250 4
1575297251 4
1575297252 4
1575297253 4
1575297254 4
1575297255 4
1575297256 4
1575297257 4
1575297258 4
1575297259 3
1575297260 4
1575297261 4
1575297262 4
1575297263 4
1575297264 4
1575297265 4
1575297266 4
1575297267 4
1575297268 4
1575297269 4
1575297270 4
1575297271 4
1575297272 4
1575297273 3
1575297274 3
1575297275 3
1575297276 3
1575297277 2
1575297278 3
1575297279 2
1575297280 2
1575297281 3
1575297282 3
1575297283 2
1575297284 2
1575297285 2
1575297286 2
1575297287 2
1575297288 2
1575297289 2
1575297290 2
1575297291 2
1575297292 2
1575297293 2
1575297294 2
1575297295 2
1575297296 2
1575297297 2
1575297298 2
1575297299 2
1575297300 2
1575297301 2
1575297302 2
1575297303 2
1575297304 2
1575297305 2
1575297306 2
1575297307 2
1575297308 2
1575297309 2
1575297310 2
1575297311 2
1575297312 2
1575297313 2
1575297314 2
1575297315 2
1575297316 2
1575297317 2
1575297318 2
1575297319 2
1575297320 2
1575297321 2
1575297322 2
1575297323 2
1575297324 2
1575297325 2
1575297326 2
1575297327 2
1575297328 2
1575297329 2
1575297330 2
1575297331 2
1575297332 2
1575297333 2
1575297334 2
1575297335 2
1575297336 2
1575297337 2
1575297338 2
1575297339 2
1575297340 2
1575297341 2
1575297342 2
1575297343 2
1575297344 2
1575297345 2
1575297346 2
1575297347 2
1575297348 2
1575297349 2
1575297350 2
1575297351 2
1575297352 2
1575297353 2
1575297354 2
1575297355 2
1575297356 2
1575297357 2
1575297358 2
1575297359 2
1575297360 2
1575297361 2
1575297362 2
1575297363 3
1575297364 2
1575297365 2
1575297366 2
1575297367 2
1575297368 2
1575297369 2
1575297370 2
1575297371 2
1575297372 2
1575297373 2
1575297374 2
1575297375 2
1575297376 2
1575297377 2
1575297378 2
1575297379 2
1575297380 2
1575297381 3
1575297382 2
1575297383 2
1575297384 2
1575297385 2
1575297386 2
1575297387 2
1575297388 2
1575297389 2
1575297390 3
1575297391 2
1575297392 2
1575297393 2
1575297394 2
1575297395 2
1575297396 3
1575297397 2
1575297398 2
1575297399 2
1575297400 2
1575297401 2
1575297402 2
1575297403 2
1575297404 2
1575297405 2
1575297406 2
1575297407 2
1575297408 2
1575297409 3
1575297410 2
1575297411 2
1575297412 2
1575297413 3
1575297414 2
1575297415 2
1575297416 2
1575297417 2
1575297418 2
1575297419 2
1575297420 2
1575297421 2
1575297422 2
1575297423 2
1575297424 3
1575297425 2
1575297426 2
1575297427 2
1575297428 2
1575297429 2
1575297430 2
1575297431 2
1575297432 2
1575297433 2
1575297434 2
1575297435 3
1575297436 2
1575297437 2
1575297438 2
1575297439 2
1575297440 2
1575297441 2
1575297442 3
1575297443 2
1575297444 2
1575297445 3
1575297446 2
1575297447 2
1575297448 2
1575297449 2
1575297450 2
1575297451 2
1575297452 2
1575297453 2
1575297454 2
1575297455 3
1575297456 2
1575297457 2
1575297458 2
1575297459 2
1575297460 2
1575297461 2
1575297462 2
1575297463 2
1575297464 3
1575297465 2
1575297466 2
1575297467 2
1575297468 2
1575297469 2
1575297470 2
1575297471 2
1575297472 1
1575297473 1
1575297474 1
1575297475 2
1575297476 2
1575297477 2
1575297478 2
1575297479 3
1575297480 4
1575297481 4
1575297482 4
1575297483 4
1575297484 4
1575297485 2
1575297486 2
1575297487 2
1575297488 2
1575297489 2
1575297490 2
1575297491 2
1575297492 2
1575297493 2
1575297494 2
1575297495 2
1575297496 2
1575297497 2
1575297498 2
1575297499 2
1575297500 2
1575297501 2
1575297502 3
1575297503 3
1575297504 2
1575297505 2
1575297506 2
1575297507 2
1575297508 2
1575297509 2
1575297510 2
1575297511 2
1575297512 2
1575297513 2
1575297514 2
1575297515 2
1575297516 2
1575297517 3
1575297518 4
1575297519 4
1575297520 4
1575297521 4
1575297522 3
1575297523 2
1575297524 2
1575297525 3
1575297526 3
1575297527 3
1575297528 4
1575297529 4
1575297530 4
1575297531 4
1575297532 5
1575297533 4
1575297534 4
1575297535 4
1575297536 3
1575297537 2
1575297538 3
1575297539 3
1575297540 2
1575297541 1
1575297542 1
1575297543 1
1575297544 2
1575297545 2
1575297546 2
1575297547 2
1575297548 2
1575297549 3
1575297550 3
1575297551 2
1575297552 1
1575297553 1
1575297554 1
1575297555 1
1575297556 3
1575297557 2
1575297558 2
1575297559 3
1575297560 3
1575297561 3
1575297562 4
1575297563 3
1575297564 3
1575297565 3
1575297566 2
1575297567 3
1575297568 4
1575297569 5
1575297570 6
1575297571 6
1575297572 4
1575297573 6
1575297574 5
1575297575 4
1575297576 4
1575297577 4
1575297578 5
1575297579 5
1575297580 4
1575297581 3
1575297582 2
1575297583 2
1575297584 3
1575297585 3
1575297586 3
1575297587 3
1575297588 3
1575297589 3
1575297590 3
1575297591 3
1575297592 4
1575297593 4
1575297594 3
1575297595 3
1575297596 3
1575297597 3
1575297598 2
1575297599 4
1575297600 4
1575297601 4
1575297602 4
1575297603 4
1575297604 4
1575297605 3
1575297606 3
1575297607 4
1575297608 5
1575297609 5
1575297610 5
1575297611 3
1575297612 4
1575297613 4
1575297614 4
1575297615 4
1575297616 3
1575297617 7
1575297618 7
1575297619 7
1575297620 5
1575297621 3
1575297622 3
1575297623 3
1575297624 2
1575297625 3
1575297626 3
1575297627 3
1575297628 3
1575297629 2
1575297630 2
1575297631 2
1575297632 2
1575297633 2
1575297634 2
1575297635 2
1575297636 4
1575297637 2
1575297638 3
1575297639 3
1575297640 3
1575297641 3
1575297642 3
1575297643 4
1575297644 3
1575297645 2
1575297646 2
1575297647 2
1575297648 3
1575297649 2
1575297650 4
1575297651 4
1575297652 4
1575297653 5
1575297654 3
1575297655 2
1575297656 2
1575297657 2
1575297658 2
1575297659 2
1575297660 2
1575297661 2
1575297662 3
1575297663 2
1575297664 2
1575297665 2
1575297666 2
1575297667 2
1575297668 2
1575297669 2
1575297670 2
1575297671 2
1575297672 2
1575297673 2
1575297674 2
1575297675 2
1575297676 2
1575297677 3
1575297678 2
1575297679 4
1575297680 4
1575297681 3
1575297682 3
1575297683 3
1575297684 2
1575297685 2
1575297686 2
1575297687 2
1575297688 2
1575297689 2
1575297690 3
1575297691 3
1575297692 3
1575297693 4
1575297694 5
1575297695 3
1575297696 3
1575297697 2
1575297698 2
1575297699 3
1575297700 3
1575297701 3
1575297702 2
1575297703 1
1575297704 2
1575297705 2
1575297706 2
1575297707 2
1575297708 2
1575297709 3
1575297710 2
1575297711 4
1575297712 4
1575297713 4
1575297714 6
1575297715 2
1575297716 2
1575297717 2
1575297718 2
1575297719 2
1575297720 2
1575297721 2
1575297722 2
1575297723 3
1575297724 2
1575297725 4
1575297726 4
1575297727 2
1575297728 2
1575297729 2
1575297730 2
1575297731 3
1575297732 2
1575297733 3
1575297734 3
1575297735 3
1575297736 3
1575297737 4
1575297738 2
1575297739 4
1575297740 4
1575297741 4
1575297742 3
1575297743 3
1575297744 3
1575297745 2
1575297746 2
1575297747 2
1575297748 2
1575297749 2
1575297750 2
1575297751 2
1575297752 3
1575297753 3
1575297754 3
1575297755 3
1575297756 3
1575297757 3
1575297758 2
1575297759 2
1575297760 3
1575297761 5
1575297762 5
1575297763 5
1575297764 5
1575297765 6
1575297766 6
1575297767 6
1575297768 6
1575297769 6
1575297770 4
1575297771 4
1575297772 4
1575297773 4
1575297774 5
1575297775 3
1575297776 3
1575297777 2
1575297778 2
1575297779 2
1575297780 2
1575297781 3
1575297782 3
1575297783 3
1575297784 3
1575297785 2
1575297786 2
1575297787 2
1575297788 2
1575297789 2
1575297790 2
1575297791 2
1575297792 2
1575297793 3
1575297794 3
1575297795 5
1575297796 4
1575297797 5
1575297798 5
1575297799 5
1575297800 4
1575297801 3
1575297802 3
1575297803 3
1575297804 3
1575297805 2
1575297806 2
1575297807 2
1575297808 2
1575297809 2
1575297810 3
1575297811 3
1575297812 3
1575297813 2
1575297814 3
1575297815 2
1575297816 2
1575297817 2
1575297818 2
1575297819 2
1575297820 2
1575297821 2
1575297822 2
1575297823 3
1575297824 4
1575297825 4
1575297826 4
1575297827 3
1575297828 2
1575297829 2
1575297830 2
1575297831 2
1575297832 2
1575297833 2
1575297834 2
1575297835 2
1575297836 2
1575297837 2
1575297838 3
1575297839 2
1575297840 2
1575297841 2
1575297842 2
1575297843 3
1575297844 2
1575297845 2
1575297846 2
1575297847 2
1575297848 2
1575297849 2
1575297850 2
1575297851 2
1575297852 2
1575297853 2
1575297854 2
1575297855 3
1575297856 4
1575297857 4
1575297858 4
1575297859 4
1575297860 2
1575297861 2
1575297862 2
1575297863 2
1575297864 2
1575297865 2
1575297866 2
1575297867 2
1575297868 2
1575297869 3
1575297870 2
1575297871 3
1575297872 2
1575297873 2
1575297874 2
1575297875 2
1575297876 2
1575297877 2
1575297878 2
1575297879 2
1575297880 2
1575297881 2
1575297882 2
1575297883 2
1575297884 5
1575297885 4
1575297886 4
1575297887 3
1575297888 3
1575297889 2
1575297890 2
1575297891 2
1575297892 2
1575297893 2
1575297894 2
1575297895 2
1575297896 3
1575297897 2
1575297898 2
1575297899 2
1575297900 3
1575297901 2
1575297902 2
1575297903 2
1575297904 2
1575297905 2
1575297906 3
1575297907 3
1575297908 3
1575297909 3
1575297910 4
1575297911 2
1575297912 3
1575297913 4
1575297914 4
1575297915 5
1575297916 7
1575297917 5
1575297918 4
1575297919 3
1575297920 4
1575297921 4
1575297922 4
1575297923 3
1575297924 3
1575297925 2
1575297926 2
1575297927 2
1575297928 2
1575297929 2
1575297930 3
1575297931 3
1575297932 3
1575297933 3
1575297934 1
1575297935 2
1575297936 2
1575297937 2
1575297938 2
1575297939 2
1575297940 2
1575297941 2
1575297942 2
1575297943 2
1575297944 3
1575297945 3
1575297946 2
1575297947 2
1575297948 2
1575297949 2
1575297950 2
1575297951 3
1575297952 3
1575297953 5
1575297954 4
1575297955 3
1575297956 5
1575297957 5
1575297958 2
1575297959 2
1575297960 2
1575297961 2
1575297962 2
1575297963 3
1575297964 3
1575297965 4
1575297966 3
1575297967 4
1575297968 4
1575297969 4
1575297970 4
1575297971 4
1575297972 3
1575297973 2
1575297974 2
1575297975 2
1575297976 3
1575297977 3
1575297978 4
1575297979 6
1575297980 6
1575297981 5
1575297982 4
1575297983 3
1575297984 3
1575297985 2
1575297986 2
1575297987 2
1575297988 1
1575297990 1
1575297991 1
1575297992 2
1575297993 2
1575297994 2
1575297995 3
1575297996 4
1575297997 5
1575297998 6
1575297999 4
1575298000 4
1575298001 5
1575298002 4
1575298003 4
1575298004 3
1575298005 3
1575298006 2
1575298007 2
1575298008 2
1575298009 2
1575298010 3
1575298011 3
1575298012 3
1575298013 3
1575298014 2
1575298015 2
1575298016 2
1575298017 2
1575298018 2
1575298019 2
1575298020 2
1575298021 2
1575298022 2
1575298023 2
1575298024 2
1575298025 2
1575298026 2
1575298027 2
1575298028 2
1575298029 2
1575298030 2
1575298031 2
1575298032 2
1575298033 2
1575298034 2
1575298035 2
1575298036 2
1575298037 2
1575298038 2
1575298039 2
1575298040 2
1575298041 2
1575298042 2
1575298043 2
1575298044 2
1575298045 2
1575298046 2
1575298047 2
1575298048 3
1575298049 4
1575298050 4
1575298051 4
1575298052 4
1575298053 4
1575298054 4
1575298055 4
1575298056 4
1575298057 3
1575298058 3
1575298059 3
1575298060 2
1575298061 2
1575298062 2
1575298063 3
1575298064 4
1575298065 4
1575298066 4
1575298067 4
1575298068 3
1575298069 2
1575298070 2
1575298071 2
1575298072 2
1575298073 2
1575298074 2
1575298075 2
1575298076 2
1575298077 2
1575298078 2
1575298079 2
1575298080 2
1575298081 2
1575298082 2
1575298083 2
1575298084 2
1575298085 2
1575298086 2
1575298087 2
1575298088 2
1575298089 2
1575298090 2
1575298091 2
1575298092 2
1575298093 2
1575298094 2
1575298095 2
1575298096 2
1575298097 2
1575298098 2
1575298099 2
1575298100 2
1575298101 2
1575298102 2
1575298103 2
1575298104 2
1575298105 2
1575298106 3
1575298107 4
1575298108 3
1575298109 3
1575298110 2
1575298111 2
1575298112 3
1575298113 3
1575298114 3
1575298115 3
1575298116 4
1575298117 4
1575298118 3
1575298119 3
1575298120 3
1575298121 4
1575298122 4
1575298123 5
1575298124 3
1575298125 3
1575298126 3
1575298127 2
1575298128 2
1575298129 2
1575298130 2
1575298131 1
1575298132 2
1575298133 3
1575298134 3
1575298135 3
1575298136 5
1575298137 4
1575298138 3
1575298139 3
1575298140 1
1575298141 1
1575298142 1
1575298143 2
1575298144 3
1575298145 4
1575298146 2
1575298147 4
1575298148 3
1575298149 4
1575298150 3
1575298151 4
1575298152 4
1575298153 3
1575298154 3
1575298155 3
1575298156 3
1575298157 5
1575298158 5
1575298159 4
1575298160 3
1575298161 4
1575298162 3
1575298163 3
1575298164 2
1575298165 2
1575298166 2
1575298167 2
1575298168 2
1575298169 2
1575298170 2
1575298171 2
1575298172 2
1575298173 3
1575298174 3
1575298175 3
1575298176 2
1575298177 2
1575298178 2
1575298179 1
1575298180 2
1575298181 3
1575298182 3
1575298183 2
1575298184 3
1575298185 3
1575298186 1
1575298187 2
1575298188 3
1575298189 4
1575298190 4
1575298191 4
1575298192 3
1575298193 3
1575298194 3
1575298195 3
1575298196 3
1575298197 3
1575298198 4
1575298199 5
1575298200 5
1575298201 3
1575298202 3
1575298203 3
1575298204 4
1575298205 3
1575298206 3
1575298207 3
1575298208 3
1575298209 3
1575298210 2
1575298211 2
1575298212 2
1575298213 2
1575298214 2
1575298215 3
1575298216 3
1575298217 2
1575298218 2
1575298219 2
1575298220 2
1575298221 3
1575298222 4
1575298223 3
1575298224 3
1575298225 2
1575298226 2
1575298227 3
1575298228 2
1575298229 4
1575298230 4
1575298231 4
1575298232 4
1575298233 2
1575298234 2
1575298235 2
1575298236 2
1575298237 2
1575298238 2
1575298239 2
1575298240 2
1575298241 3
1575298242 2
1575298243 2
1575298244 2
1575298245 2
1575298246 2
1575298247 2
1575298248 2
1575298249 2
1575298250 2
1575298251 2
1575298252 2
1575298253 2
1575298254 3
1575298255 2
1575298256 4
1575298257 3
1575298258 4
1575298259 4
1575298260 4
1575298261 3
1575298262 3
1575298263 2
1575298264 2
1575298265 2
1575298266 2
1575298267 2
1575298268 2
1575298269 3
1575298270 3
1575298271 3
1575298272 3
1575298273 3
1575298274 2
1575298275 2
1575298276 2
1575298277 2
1575298278 3
1575298279 3
1575298280 2
1575298281 2
1575298282 2
1575298283 2
1575298284 2
1575298285 2
1575298286 3
1575298287 2
1575298288 4
1575298289 4
1575298290 5
1575298291 4
1575298292 2
1575298293 2
1575298294 2
1575298295 2
1575298296 2
1575298297 2
1575298298 3
1575298299 2
1575298300 3
1575298301 3
1575298302 3
1575298303 3
1575298304 2
1575298305 2
1575298306 2
1575298307 3
1575298308 2
1575298309 2
1575298310 3
1575298311 3
1575298312 3
1575298313 3
1575298314 3
1575298315 2
1575298316 4
1575298317 4
1575298318 4
1575298319 5
1575298320 3
1575298321 3
1575298322 2
1575298323 2
1575298324 2
1575298325 2
1575298326 2
1575298327 3
1575298328 3
1575298329 2
1575298330 2
1575298331 2
1575298332 2
1575298333 3
1575298334 3
1575298335 2
1575298336 2
1575298337 3
1575298338 4
1575298339 4
1575298340 4
1575298341 4
1575298342 5
1575298343 5
1575298344 5
1575298345 5
1575298346 5
1575298347 5
1575298348 5
1575298349 4
1575298350 4
1575298351 4
1575298352 2
1575298353 2
1575298354 2
1575298355 2
1575298356 2
1575298357 2
1575298358 3
1575298359 2
1575298360 2
1575298361 2
1575298362 2
1575298363 2
1575298364 2
1575298365 2
1575298366 2
1575298367 2
1575298368 3
1575298369 4
1575298370 5
1575298371 4
1575298372 4
1575298373 3
1575298374 3
1575298375 3
1575298376 3
1575298377 3
1575298378 3
1575298379 2
1575298380 2
1575298381 2
1575298382 2
1575298383 2
1575298384 3
1575298385 3
1575298386 3
1575298387 2
1575298388 3
1575298389 2
1575298390 2
1575298391 2
1575298392 2
1575298393 2
1575298394 2
1575298395 2
1575298396 2
1575298397 2
1575298398 4
1575298399 4
1575298400 4
1575298401 3
1575298402 2
1575298403 2
1575298404 2
1575298405 2
1575298406 2
1575298407 2
1575298408 2
1575298409 2
1575298410 2
1575298411 2
1575298412 3
1575298413 2
1575298414 2
1575298415 2
1575298416 3
1575298417 2
1575298418 2
1575298419 2
1575298420 2
1575298421 2
1575298422 2
1575298423 2
1575298424 4
1575298425 4
1575298426 4
1575298427 3
1575298428 2
1575298429 4
1575298430 4
1575298431 4
1575298432 3
1575298433 2
1575298434 2
1575298435 2
1575298436 2
1575298437 2
1575298438 2
1575298439 2
1575298440 2
1575298441 2
1575298442 2
1575298443 2
1575298444 3
1575298445 2
1575298446 2
1575298447 2
1575298448 2
1575298449 2
1575298450 2
1575298451 2
1575298452 2
1575298453 2
1575298454 2
1575298455 2
1575298456 2
1575298457 5
1575298458 4
1575298459 4
1575298460 4
1575298461 2
1575298462 2
1575298463 2
1575298464 2
1575298465 2
1575298466 2
1575298467 2
1575298468 2
1575298469 3
1575298470 2
1575298471 2
1575298472 2
1575298473 3
1575298474 2
1575298475 2
1575298476 2
1575298477 2
1575298478 2
1575298479 3
1575298480 4
1575298481 3
1575298482 3
1575298483 4
1575298484 5
1575298485 3
1575298486 3
1575298487 3
1575298488 5
1575298489 5
1575298490 4
1575298491 3
1575298492 3
1575298493 4
1575298494 4
1575298495 6
1575298496 3
1575298497 3
1575298498 2
1575298499 2
1575298500 3
1575298501 2
1575298502 3
1575298503 3
1575298504 5
1575298505 5
1575298506 5
1575298507 4
1575298508 2
1575298509 2
1575298510 2
1575298511 1
1575298512 1
1575298513 2
1575298514 2
1575298515 2
1575298516 2
1575298517 2
1575298518 3
1575298519 3
1575298520 2
1575298521 2
1575298522 2
1575298523 2
1575298524 2
1575298525 4
1575298526 3
1575298527 4
1575298528 3
1575298529 3
1575298530 3
1575298531 5
1575298532 4
1575298533 2
1575298534 2
1575298535 2
1575298536 3
1575298537 3
1575298538 4
1575298539 5
1575298540 3
1575298541 3
1575298542 4
1575298543 4
1575298544 3
1575298545 3
1575298546 1
1575298547 1
1575298548 1
1575298549 1
1575298550 1
1575298551 3
1575298552 2
1575298553 2
1575298554 1
1575298555 1
1575298556 2
1575298557 2
1575298558 2
1575298559 3
1575298560 4
1575298561 3
1575298562 2
1575298563 3
1575298564 3
1575298565 3
1575298566 4
1575298567 4
1575298568 4
1575298569 3
1575298570 3
1575298571 4
1575298572 4
1575298573 5
1575298574 3
1575298575 3
1575298576 2
1575298577 2
1575298578 2
1575298579 2
1575298580 3
1575298581 4
1575298582 3
1575298583 3
1575298584 3
1575298585 2
1575298586 2
1575298587 2
1575298588 2
1575298589 2
1575298590 2
1575298591 2
1575298592 2
1575298593 2
1575298594 2
1575298595 2
1575298596 2
1575298597 2
1575298598 2
1575298599 2
1575298600 2
1575298601 2
1575298602 2
1575298603 2
1575298604 2
1575298605 2
1575298606 2
1575298607 2
1575298608 2
1575298609 2
1575298610 2
1575298611 2
1575298612 2
1575298613 2
1575298614 2
1575298615 2
1575298616 2
1575298617 2
1575298618 2
1575298619 3
1575298620 4
1575298621 4
1575298622 4
1575298623 4
1575298624 4
1575298625 3
1575298626 3
1575298627 3
1575298628 3
1575298629 3
1575298630 3
1575298631 3
1575298632 3
1575298633 3
1575298634 4
1575298635 5
1575298636 4
1575298637 4
1575298638 3
1575298639 3
1575298640 2
1575298641 2
1575298642 2
1575298643 2
1575298644 2
1575298645 2
1575298646 2
1575298647 2
1575298648 2
1575298649 2
1575298650 2
1575298651 2
1575298652 2
1575298653 2
1575298654 2
1575298655 2
1575298656 2
1575298657 2
1575298658 2
1575298659 2
1575298660 2
1575298661 2
1575298662 2
1575298663 2
1575298664 2
1575298665 2
1575298666 2
1575298667 2
1575298668 2
1575298669 2
1575298670 2
1575298671 3
1575298672 4
1575298673 4
1575298674 4
1575298675 3
1575298676 2
1575298677 3
1575298678 3
1575298679 3
1575298680 3
1575298681 3
1575298682 4
1575298683 6
1575298684 4
1575298685 4
1575298686 2
1575298687 4
1575298688 4
1575298689 4
1575298690 2
1575298691 3
1575298692 3
1575298693 4
1575298694 2
1575298695 2
1575298696 1
1575298697 1
1575298698 2
1575298699 2
1575298700 3
1575298701 4
1575298702 4
1575298703 3
1575298704 2
1575298705 1
1575298706 1
1575298707 1
1575298708 2
1575298709 3
1575298710 2
1575298711 2
1575298712 3
1575298713 3
1575298714 3
1575298715 3
1575298716 3
1575298717 3
1575298718 3
1575298719 2
1575298720 3
1575298721 3
1575298722 3
1575298723 5
1575298724 7
1575298725 4
1575298726 3
1575298727 3
1575298728 3
1575298729 3
1575298730 2
1575298731 3
1575298732 2
1575298733 2
1575298734 2
1575298735 2
1575298736 3
1575298737 2
1575298738 4
1575298739 5
1575298740 5
1575298741 4
1575298742 3
1575298743 3
1575298744 3
1575298745 2
1575298746 3
1575298747 4
1575298748 4
1575298749 2
1575298750 2
1575298751 2
1575298752 1
1575298753 2
1575298754 4
1575298755 4
1575298756 4
1575298757 4
1575298758 3
1575298759 3
1575298760 4
1575298761 4
1575298762 3
1575298763 3
1575298764 4
1575298765 6
1575298766 7
1575298767 5
1575298768 4
1575298769 4
1575298770 4
1575298771 4
1575298772 3
1575298773 3
1575298774 3
1575298775 3
1575298776 2
1575298777 2
1575298778 2
1575298779 2
1575298780 2
1575298781 2
1575298782 3
1575298783 3
1575298784 2
1575298785 2
1575298786 2
1575298787 2
1575298788 2
1575298789 2
1575298790 2
1575298791 2
1575298792 2
1575298793 1
1575298794 2
1575298795 2
1575298796 3
1575298797 2
1575298798 4
1575298799 4
1575298800 4
1575298801 3
1575298802 3
1575298803 2
1575298804 2
1575298805 2
1575298806 2
1575298807 2
1575298808 2
1575298809 2
1575298810 2
1575298811 3
1575298812 2
1575298813 2
1575298814 4
1575298815 3
1575298816 2
1575298817 2
1575298818 2
1575298819 2
1575298820 2
1575298821 2
1575298822 2
1575298823 2
1575298824 2
1575298825 2
1575298826 2
1575298827 4
1575298828 4
1575298829 5
1575298830 3
1575298831 2
1575298832 2
1575298833 2
1575298834 2
1575298835 2
1575298836 2
1575298837 2
1575298838 3
1575298839 3
1575298840 3
1575298841 3
1575298842 3
1575298843 2
1575298844 2
1575298845 2
1575298846 3
1575298847 2
1575298848 2
1575298849 2
1575298850 2
1575298851 2
1575298852 2
1575298853 2
1575298854 2
1575298855 2
1575298856 4
1575298857 4
1575298858 5
1575298859 4
1575298860 2
1575298861 2
1575298862 2
1575298863 2
1575298864 2
1575298865 2
1575298866 2
1575298867 2
1575298868 4
1575298869 3
1575298870 3
1575298871 3
1575298872 3
1575298873 2
1575298874 3
1575298875 4
1575298876 2
1575298877 2
1575298878 3
1575298879 3
1575298880 3
1575298881 3
1575298882 3
1575298883 3
1575298884 4
1575298885 5
1575298886 4
1575298887 4
1575298888 3
1575298889 3
1575298890 2
1575298891 2
1575298892 2
1575298893 2
1575298894 2
1575298895 2
1575298896 2
1575298897 2
1575298898 2
1575298899 2
1575298900 2
1575298901 2
1575298902 2
1575298903 2
1575298904 2
1575298905 3
1575298906 4
1575298907 4
1575298908 4
1575298909 5
1575298910 5
1575298911 5
1575298912 5
1575298913 5
1575298914 5
1575298915 5
1575298916 5
1575298917 5
1575298918 4
1575298919 3
1575298920 2
1575298921 2
1575298922 2
1575298923 2
1575298924 2
1575298925 2
1575298926 2
1575298927 2
1575298928 2
1575298929 2
1575298930 2
1575298931 2
1575298932 2
1575298933 2
1575298934 2
1575298935 3
1575298936 3
1575298937 5
1575298938 4
1575298939 3
1575298940 3
1575298941 3
1575298942 2
1575298943 3
1575298944 3
1575298945 3
1575298946 3
1575298947 3
1575298948 3
1575298949 2
1575298950 2
1575298951 2
1575298952 2
1575298953 2
1575298954 3
1575298955 3
1575298956 3
1575298957 2
1575298958 3
1575298959 3
1575298960 2
1575298961 2
1575298962 2
1575298963 2
1575298964 2
1575298965 2
1575298966 2
1575298967 2
1575298968 4
1575298969 5
1575298970 4
1575298971 3
1575298972 2
1575298973 2
1575298974 2
1575298975 2
1575298976 2
1575298977 2
1575298978 2
1575298979 2
1575298980 2
1575298981 3
1575298982 2
1575298983 2
1575298984 2
1575298985 2
1575298986 2
1575298987 2
1575298988 2
1575298989 2
1575298990 2
1575298991 2
1575298992 2
1575298993 2
1575298994 2
1575298995 2
1575298996 2
1575298997 2
1575298998 3
1575298999 4
1575299000 4
1575299001 3
1575299002 3
1575299003 2
1575299004 2
1575299005 2
1575299006 2
1575299007 2
1575299008 2
1575299009 2
1575299010 2
1575299011 2
1575299012 3
1575299013 2
1575299014 2
1575299015 2
1575299016 3
1575299017 2
1575299018 2
1575299019 2
1575299020 2
1575299021 2
1575299022 2
1575299023 2
1575299024 2
1575299025 2
1575299026 3
1575299027 4
1575299028 4
1575299029 4
1575299030 3
1575299031 2
1575299032 2
1575299033 2
1575299034 2
1575299035 2
1575299036 2
1575299037 2
1575299038 3
1575299039 3
1575299040 2
1575299041 2
1575299042 3
1575299043 2
1575299044 2
1575299045 2
1575299046 2
1575299047 2
1575299048 2
1575299049 3
1575299050 3
1575299051 3
1575299052 5
1575299053 3
1575299054 3
1575299055 3
1575299056 3
1575299057 5
1575299058 6
1575299059 4
1575299060 3
1575299061 3
1575299062 4
1575299063 4
1575299064 4
1575299065 3
1575299066 3
1575299067 3
1575299068 2
1575299069 2
1575299070 3
1575299071 3
1575299072 3
1575299073 3
1575299074 4
1575299075 4
1575299076 3
1575299077 2
1575299078 2
1575299079 2
1575299080 2
1575299081 2
1575299082 2
1575299083 3
1575299084 2
1575299085 2
1575299086 3
1575299087 2
1575299088 2
1575299089 1
1575299090 2
1575299091 2
1575299092 2
1575299093 2
1575299094 2
1575299095 3
1575299096 4
1575299097 4
1575299098 4
1575299099 4
1575299100 4
1575299101 3
1575299102 5
1575299103 4
1575299104 4
1575299105 4
1575299106 3
1575299107 4
1575299108 3
1575299109 4
1575299110 3
1575299111 3
1575299112 3
1575299113 4
1575299114 4
1575299115 3
1575299116 3
1575299117 2
1575299118 2
1575299119 2
1575299120 2
1575299121 2
1575299122 3
1575299123 3
1575299124 4
1575299125 3
1575299126 2
1575299127 3
1575299128 2
1575299129 3
1575299130 4
1575299131 5
1575299132 6
1575299133 5
1575299134 4
1575299135 5
1575299136 4
1575299137 5
1575299138 6
1575299139 5
1575299140 4
1575299141 4
1575299142 4
1575299143 4
1575299144 6
1575299145 4
1575299146 5
1575299147 3
1575299148 3
1575299149 2
1575299150 2
1575299151 2
1575299152 2
1575299153 3
1575299154 3
1575299155 3
1575299156 3
1575299157 3
1575299158 3
1575299159 3
1575299160 2
1575299161 2
1575299162 2
1575299163 2
1575299164 2
1575299165 2
1575299166 2
1575299167 2
1575299168 2
1575299169 2
1575299170 2
1575299171 2
1575299172 2
1575299173 2
1575299174 2
1575299175 2
1575299176 2
1575299177 2
1575299178 2
1575299179 2
1575299180 2
1575299181 2
1575299182 2
1575299183 2
1575299184 2
1575299185 2
1575299186 2
1575299187 2
1575299188 2
1575299189 2
1575299190 2
1575299191 2
1575299192 3
1575299193 4
1575299194 4
1575299195 4
1575299196 4
1575299197 4
1575299198 3
1575299199 3
1575299200 3
1575299201 3
1575299202 3
1575299203 4
1575299204 3
1575299205 3
1575299206 3
1575299207 4
1575299208 4
1575299209 4
1575299210 4
1575299211 4
1575299212 3
1575299213 3
1575299214 2
1575299215 2
1575299216 2
1575299217 2
1575299218 2
1575299219 2
1575299220 2
1575299221 2
1575299222 2
1575299223 2
1575299224 2
1575299225 2
1575299226 2
1575299227 2
1575299228 2
1575299229 2
1575299230 2
1575299231 2
1575299232 2
1575299233 2
1575299234 2
1575299235 2
1575299236 2
1575299237 2
1575299238 2
1575299239 2
1575299240 2
1575299241 2
1575299242 2
1575299243 2
1575299244 2
1575299245 2
1575299246 3
1575299247 3
1575299248 3
1575299249 3
1575299250 3
1575299251 3
1575299252 4
1575299253 4
1575299254 3
1575299255 3
1575299256 3
1575299257 3
1575299258 4
1575299259 3
1575299260 5
1575299261 6
1575299262 8
1575299263 5
1575299264 4
1575299265 4
1575299266 4
1575299267 4
1575299268 4
1575299269 3
1575299270 2
1575299271 2
1575299272 3
1575299273 2
1575299274 2
1575299275 1
1575299276 2
1575299277 2
1575299278 3
1575299279 3
1575299280 3
1575299281 2
1575299282 1
1575299283 1
1575299284 1
1575299285 1
1575299286 1
1575299287 2
1575299288 3
1575299289 2
1575299290 2
1575299291 3
1575299292 3
1575299293 3
1575299294 4
1575299295 3
1575299296 3
1575299297 4
1575299298 2
1575299299 3
1575299300 4
1575299301 4
1575299302 5
1575299303 5
1575299304 3
1575299305 4
1575299306 3
1575299307 3
1575299308 3
1575299309 2
1575299310 3
1575299311 3
1575299312 3
1575299313 3
1575299314 3
1575299315 4
1575299316 4
1575299317 2
1575299318 2
1575299319 3
1575299320 3
1575299321 2
1575299322 2
1575299323 1
1575299324 2
1575299325 2
1575299326 3
1575299327 3
1575299328 2
1575299329 3
1575299330 2
1575299331 1
1575299332 2
1575299333 4
1575299334 4
1575299335 5
1575299336 5
1575299337 6
1575299338 6
1575299339 6
1575299340 6
1575299341 5
1575299342 5
1575299343 4
1575299344 3
1575299345 4
1575299346 5
1575299347 3
1575299348 3
1575299349 3
1575299350 4
1575299351 3
1575299352 3
1575299353 3
1575299354 3
1575299355 3
1575299356 2
1575299357 2
1575299358 2
1575299359 2
1575299360 2
1575299361 3
1575299362 3
1575299363 2
1575299364 2
1575299365 2
1575299366 2
1575299367 2
1575299368 2
1575299369 2
1575299370 2
1575299371 2
1575299372 2
1575299373 3
1575299374 2
1575299375 4
1575299376 4
1575299377 4
1575299378 3
1575299379 3
1575299380 2
1575299381 2
1575299382 2
1575299383 2
1575299384 2
1575299385 2
1575299386 2
1575299387 2
1575299388 3
1575299389 2
1575299390 2
1575299391 2
1575299392 3
1575299393 2
1575299394 2
1575299395 2
1575299396 2
1575299397 2
1575299398 2
1575299399 3
1575299400 2
1575299401 2
1575299402 3
1575299403 2
1575299404 4
1575299405 4
1575299406 4
1575299407 5
1575299408 2
1575299409 2
1575299410 2
1575299411 2
1575299412 2
1575299413 2
1575299414 2
1575299415 3
1575299416 3
1575299417 3
1575299418 3
1575299419 4
1575299420 2
1575299421 2
1575299422 2
1575299423 2
1575299424 2
1575299425 2
1575299426 2
1575299427 2
1575299428 2
1575299429 2
1575299430 2
1575299431 2
1575299432 2
1575299433 4
1575299434 2
1575299435 4
1575299436 4
1575299437 5
1575299438 3
1575299439 2
1575299440 2
1575299441 2
1575299442 2
1575299443 2
1575299444 2
1575299445 4
1575299446 2
1575299447 3
1575299448 3
1575299449 2
1575299450 3
1575299451 2
1575299452 2
1575299453 2
1575299454 2
1575299455 2
1575299456 2
1575299457 3
1575299458 3
1575299459 3
1575299460 4
1575299461 3
1575299462 5
1575299463 4
1575299464 4
1575299465 4
1575299466 4
1575299467 3
1575299468 2
1575299469 2
1575299470 2
1575299471 2
1575299472 2
1575299473 2
1575299474 2
1575299475 2
1575299476 2
1575299477 2
1575299478 2
1575299479 2
1575299480 2
1575299481 2
1575299482 2
1575299483 2
1575299484 3
1575299485 5
1575299486 5
1575299487 5
1575299488 6
1575299489 6
1575299490 6
1575299491 6
1575299492 6
1575299493 5
1575299494 5
1575299495 5
1575299496 5
1575299497 6
1575299498 5
1575299499 2
1575299500 2
1575299501 2
1575299502 2
1575299503 2
1575299504 2
1575299505 2
1575299506 2
1575299507 2
1575299508 2
1575299509 3
1575299510 1
1575299511 2
1575299512 2
1575299513 1
1575299514 1
1575299515 1
1575299516 2
1575299517 4
1575299518 4
1575299519 5
1575299520 4
1575299521 4
1575299522 4
1575299523 4
1575299524 4
1575299525 3
1575299526 3
1575299527 3
1575299528 3
1575299529 2
1575299530 2
1575299531 2
1575299532 2
1575299533 2
1575299534 3
1575299535 3
1575299536 3
1575299537 2
1575299538 3
1575299539 3
1575299540 2
1575299541 2
1575299542 2
1575299543 2
1575299544 2
1575299545 2
1575299546 2
1575299547 2
1575299548 4
1575299549 4
1575299550 4
1575299551 2
1575299552 2
1575299553 2
1575299554 2
1575299555 3
1575299556 2
1575299557 2
1575299558 2
1575299559 2
1575299560 2
1575299561 4
1575299562 2
1575299563 2
1575299564 2
1575299565 3
1575299566 2
1575299567 2
1575299568 2
1575299569 2
1575299570 2
1575299571 2
1575299572 2
1575299573 2
1575299574 2
1575299575 2
1575299576 2
1575299577 2
1575299578 4
1575299579 4
1575299580 4
1575299581 3
1575299582 2
1575299583 2
1575299584 2
1575299585 2
1575299586 2
1575299587 2
1575299588 2
1575299589 2
1575299590 2
1575299591 2
1575299592 2
1575299593 3
1575299594 2
1575299595 2
1575299596 2
1575299597 2
1575299598 2
1575299599 2
1575299600 2
1575299601 2
1575299602 3
1575299603 2
1575299604 2
1575299605 2
1575299606 4
1575299607 4
1575299608 4
1575299609 3
1575299610 3
1575299611 2
1575299612 2
1575299613 2
1575299614 2
1575299615 3
1575299616 2
1575299617 2
1575299618 3
1575299619 2
1575299620 2
1575299621 2
1575299622 3
1575299623 2
1575299624 2
1575299625 2
1575299626 2
1575299627 2
1575299628 2
1575299629 3
1575299630 3
1575299631 3
1575299632 4
1575299633 3
1575299634 3
1575299635 3
1575299636 5
1575299637 5
1575299638 5
1575299639 3
1575299640 3
1575299641 3
1575299642 4
1575299643 4
1575299644 6
1575299645 5
1575299646 5
1575299647 3
1575299648 3
1575299649 3
1575299650 3
1575299651 3
1575299652 3
1575299653 3
1575299654 4
1575299655 4
1575299656 4
1575299657 2
1575299658 2
1575299659 2
1575299660 2
1575299661 2
1575299662 2
1575299663 2
1575299664 2
1575299665 2
1575299666 2
1575299667 2
1575299668 2
1575299669 2
1575299670 2
1575299671 2
1575299672 2
1575299673 2
1575299674 3
1575299675 3
1575299676 4
1575299677 4
1575299678 3
1575299679 5
1575299680 5
1575299681 5
1575299682 4
1575299683 2
1575299684 2
1575299685 2
1575299686 3
1575299687 2
1575299688 3
1575299689 3
1575299690 2
1575299691 3
1575299692 2
1575299693 2
1575299694 3
1575299695 1
1575299696 1
1575299697 1
1575299698 1
1575299699 1
1575299700 1
1575299701 2
1575299702 3
1575299703 3
1575299704 2
1575299705 1
1575299706 1
1575299707 1
1575299708 3
1575299709 4
1575299710 3
1575299711 3
1575299712 3
1575299713 3
1575299714 3
1575299715 4
1575299716 5
1575299717 3
1575299718 4
1575299719 5
1575299720 6
1575299721 4
1575299722 5
1575299723 6
1575299724 3
1575299725 2
1575299726 2
1575299727 2
1575299728 3
1575299729 3
1575299730 3
1575299731 3
1575299732 3
1575299733 3
1575299734 3
1575299735 2
1575299736 2
1575299737 2
1575299738 2
1575299739 2
1575299740 2
1575299741 2
1575299742 2
1575299743 2
1575299744 2
1575299745 2
1575299746 2
1575299747 2
1575299748 2
1575299749 2
1575299750 2
1575299751 2
1575299752 2
1575299753 2
1575299754 2
1575299755 2
1575299756 2
1575299757 2
1575299758 2
1575299759 2
1575299760 2
1575299761 2
1575299762 2
1575299763 2
1575299764 2
1575299765 2
1575299766 2
1575299767 2
1575299768 2
1575299769 3
1575299770 4
1575299771 4
1575299772 4
1575299773 4
1575299774 4
1575299775 3
1575299776 3
1575299777 3
1575299778 3
1575299779 3
1575299780 3
1575299781 3
1575299782 3
1575299783 3
1575299784 3
1575299785 4
1575299786 4
1575299787 4
1575299788 3
1575299789 3
1575299790 3
1575299791 2
1575299792 2
1575299793 2
1575299794 2
1575299795 2
1575299796 2
1575299797 2
1575299798 2
1575299799 2
1575299800 2
1575299801 2
1575299802 2
1575299803 2
1575299804 2
1575299805 2
1575299806 2
1575299807 2
1575299808 2
1575299809 2
1575299810 2
1575299811 2
1575299812 2
1575299813 2
1575299814 2
1575299815 2
1575299816 2
1575299817 2
1575299818 2
1575299819 2
1575299820 2
1575299821 2
1575299822 2
1575299823 3
1575299824 3
1575299825 3
1575299826 2
1575299827 2
1575299828 2
1575299829 3
1575299830 3
1575299831 3
1575299832 3
1575299833 4
1575299834 5
1575299835 4
1575299836 3
1575299837 4
1575299838 4
1575299839 4
1575299840 4
1575299841 3
1575299842 3
1575299843 2
1575299844 3
1575299845 2
1575299846 2
1575299847 1
1575299848 1
1575299849 2
1575299850 3
1575299851 3
1575299852 2
1575299853 3
1575299854 2
1575299855 3
1575299856 2
1575299857 1
1575299858 1
1575299859 1
1575299860 2
1575299861 2
1575299862 5
1575299863 2
1575299864 2
1575299865 2
1575299866 2
1575299867 3
1575299868 2
1575299869 2
1575299870 2
1575299871 2
1575299872 2
1575299873 3
1575299874 3
1575299875 4
1575299876 4
1575299877 5
1575299878 3
1575299879 4
1575299880 4
1575299881 4
1575299882 3
1575299883 2
1575299884 2
1575299885 2
1575299886 2
1575299887 2
1575299888 2
1575299889 3
1575299890 2
1575299891 2
1575299892 3
1575299893 2
1575299894 2
1575299895 2
1575299896 2
1575299897 2
1575299898 2
1575299899 2
1575299900 3
1575299901 3
1575299902 3
1575299903 2
1575299904 2
1575299905 2
1575299906 2
1575299907 3
1575299908 3
1575299909 4
1575299910 4
1575299911 4
1575299912 4
1575299913 4
1575299914 4
1575299915 3
1575299916 3
1575299917 3
1575299918 6
1575299919 5
1575299920 4
1575299921 4
1575299922 3
1575299923 3
1575299924 3
1575299925 3
1575299926 3
1575299927 3
1575299928 3
1575299929 2
1575299930 2
1575299931 2
1575299932 2
1575299933 2
1575299934 3
1575299935 3
1575299936 2
1575299937 2
1575299938 2
1575299939 3
1575299940 2
1575299941 2
1575299942 2
1575299943 2
1575299944 2
1575299945 2
1575299946 2
1575299947 2
1575299948 4
1575299949 4
1575299950 4
1575299951 4
1575299952 2
1575299953 2
1575299954 2
1575299955 2
1575299956 2
1575299957 3
1575299958 2
1575299959 3
1575299960 2
1575299961 2
1575299962 2
1575299963 4
1575299964 2
1575299965 2
1575299966 2
1575299967 2
1575299968 2
1575299969 2
1575299970 2
1575299971 2
1575299972 2
1575299973 2
1575299974 3
1575299975 2
1575299976 4
1575299977 4
1575299978 4
1575299979 4
1575299980 2
1575299981 2
1575299982 2
1575299983 2
1575299984 2
1575299985 2
1575299986 2
1575299987 3
1575299988 3
1575299989 3
1575299990 3
1575299991 4
1575299992 2
1575299993 2
1575299994 2
1575299995 3
1575299996 2
1575299997 2
1575299998 2
1575299999 2
1575300000 2
1575300001 2
1575300002 2
1575300003 2
1575300004 2
1575300005 2
1575300006 3
1575300007 4
1575300008 4
1575300009 4
1575300010 3
1575300011 2
1575300012 2
1575300013 2
1575300014 2
1575300015 2
1575300016 2
1575300017 3
1575300018 2
1575300019 2
1575300020 3
1575300021 2
1575300022 5
1575300023 3
1575300024 3
1575300025 2
1575300026 2
1575300027 2
1575300028 2
1575300029 3
1575300030 3
1575300031 3
1575300032 3
1575300033 4
1575300034 3
1575300035 5
1575300036 4
1575300037 4
1575300038 5
1575300039 4
1575300040 3
1575300041 2
1575300042 2
1575300043 2
1575300044 2
1575300045 2
1575300046 2
1575300047 2
1575300048 2
1575300049 2
1575300050 2
1575300051 2
1575300052 2
1575300053 2
1575300054 2
1575300055 2
1575300056 3
1575300057 5
1575300058 5
1575300059 5
1575300060 5
1575300061 6
1575300062 6
1575300063 6
1575300064 6
1575300065 6
1575300066 5
1575300067 5
1575300068 5
1575300069 5
1575300070 5
1575300071 4
1575300072 2
1575300073 2
1575300074 2
1575300075 2
1575300076 2
1575300077 2
1575300078 2
1575300079 2
1575300080 2
1575300081 2
1575300082 2
1575300083 2
1575300084 2
1575300085 2
1575300086 2
1575300087 2
1575300088 2
1575300089 3
1575300090 3
1575300091 5
1575300092 4
1575300093 4
1575300094 4
1575300095 4
1575300096 3
1575300097 4
1575300098 3
1575300099 3
1575300100 3
1575300101 2
1575300102 2
1575300103 2
1575300104 2
1575300105 2
1575300106 3
1575300107 3
1575300108 3
1575300109 3
1575300110 3
1575300111 2
1575300112 2
1575300113 2
1575300114 3
1575300115 2
1575300116 2
1575300117 2
1575300118 2
1575300119 5
1575300120 4
1575300121 4
1575300122 4
1575300123 3
1575300124 3
1575300125 2
1575300126 2
1575300127 2
1575300128 2
1575300129 2
1575300130 2
1575300131 2
1575300132 3
1575300133 2
1575300134 2
1575300135 2
1575300136 2
1575300137 3
1575300138 3
1575300139 3
1575300140 2
1575300141 2
1575300142 2
1575300143 2
1575300144 2
1575300145 2
1575300146 2
1575300147 2
1575300148 2
1575300149 5
1575300150 4
1575300151 4
1575300152 2
1575300153 2
1575300154 2
1575300155 2
1575300156 2
1575300157 2
1575300158 2
1575300159 2
1575300160 2
1575300161 2
1575300162 2
1575300163 3
1575300164 2
1575300165 3
1575300166 2
1575300167 3
1575300168 3
1575300169 2
1575300170 2
1575300171 2
1575300172 2
1575300173 2
1575300174 2
1575300175 2
1575300176 2
1575300177 2
1575300178 4
1575300179 4
1575300180 4
1575300181 2
1575300182 2
1575300183 2
1575300184 2
1575300185 2
1575300186 2
1575300187 2
1575300188 2
1575300189 3
1575300190 3
1575300191 2
1575300192 2
1575300193 3
1575300194 2
1575300195 2
1575300196 2
1575300197 2
1575300198 2
1575300199 2
1575300200 3
1575300201 3
1575300202 3
1575300203 4
1575300204 4
1575300205 4
1575300206 4
1575300207 3
1575300208 3
1575300209 4
1575300210 6
1575300211 5
1575300212 2
1575300213 3
1575300214 4
1575300215 4
1575300216 5
1575300217 5
1575300218 3
1575300219 3
1575300220 2
1575300221 2
1575300222 2
1575300223 2
1575300224 3
1575300225 3
1575300226 3
1575300227 3
1575300228 2
1575300229 1
1575300230 2
1575300231 2
1575300232 2
1575300233 2
1575300234 3
1575300235 3
1575300236 2
1575300237 2
1575300238 2
1575300239 2
1575300240 2
1575300241 2
1575300242 2
1575300243 2
1575300244 2
1575300245 3
1575300246 4
1575300247 4
1575300248 4
1575300249 3
1575300250 4
1575300251 4
1575300252 3
1575300253 2
1575300254 2
1575300255 2
1575300256 3
1575300257 2
1575300258 4
1575300259 5
1575300260 3
1575300261 3
1575300262 2
1575300263 2
1575300264 2
1575300265 1
1575300266 1
1575300267 1
1575300268 1
1575300269 1
1575300270 1
1575300271 2
1575300272 3
1575300273 2
1575300274 2
1575300275 2
1575300276 2
1575300277 2
1575300278 2
1575300279 4
1575300280 3
1575300281 4
1575300282 4
1575300283 4
1575300284 4
1575300285 4
1575300286 4
1575300287 6
1575300288 9
1575300289 6
1575300290 4
1575300291 3
1575300292 2
1575300293 3
1575300294 3
1575300295 3
1575300296 3
1575300297 3
1575300298 3
1575300299 3
1575300300 3
1575300301 3
1575300302 3
1575300303 3
1575300304 3
1575300305 3
1575300306 3
1575300307 3
1575300308 3
1575300309 3
1575300310 3
1575300311 3
1575300312 3
1575300313 3
1575300314 3
1575300315 3
1575300316 3
1575300317 3
1575300318 3
1575300319 3
1575300320 3
1575300321 3
1575300322 3
1575300323 3
1575300324 3
1575300325 3
1575300326 3
1575300327 3
1575300328 3
1575300329 3
1575300330 3
1575300331 3
1575300332 3
1575300333 5
1575300334 4
1575300335 5
1575300336 3
1575300337 3
1575300338 3
1575300339 2
1575300340 2
1575300341 3
1575300342 3
1575300343 4
1575300344 3
1575300345 2
1575300346 2
1575300347 2
1575300348 2
1575300349 2
