1575297747 2
1575297748 2
1575297749 2
1575297750 2
1575297751 2
1575298323 2
1575298324 2
1575298325 2
1575298326 2
1575298327 3
1575298328 3
1575298891 2
1575298892 2
1575298893 2
1575298894 2
1575298895 2
1575298896 2
1575299470 2
1575299471 2
1575299472 2
1575299473 2
1575299474 2
1575300042 2
1575300043 2
1575300044 2
1575300045 2
1575300046 2
1575300660 2
1575300661 2
1575300662 2
1575300663 2
1575300664 2
1575300665 2
1575301231 2
1575301232 2
1575301233 2
1575301234 2
1575301235 2
1575301236 2
1575302043 2
1575302044 2
1575302045 2
1575302046 1
1575302047 2
