1581942487 2
1581942488 2
1581942489 2
1581942490 2
1581942491 2
1581943689 2
1581943690 2
1581943691 2
1581943692 2
1581943693 2
1581944980 2
1581944981 2
1581944982 2
1581944983 2
1581944984 2
1581945960 2
1581945961 2
1581945962 2
1581945963 2
1581945964 2
1581946531 2
1581946532 2
1581946533 2
1581946534 2
1581946535 2
1581947097 2
1581947098 2
1581947099 2
1581947100 2
1581947101 2
1581948020 2
1581948021 2
1581948022 2
1581948023 2
1581948024 2
1581949119 2
1581949120 2
1581949121 2
1581949122 2
1581949123 2
