1574710942 0 
1574710943 0 
1574710944 0 
1569854666 0 
1569854667 0 
1569854668 0 
1569854669 0 
1569856257 2 
1569856258 1 
1569856259 1 
1571330328 0 
1571330329 0 
1571330330 0 
1571330331 0 
1571766685 0 
1571766686 0 
1571766687 0 
1571766688 0 
1571767469 0 
1571767470 0 
1571767471 0 
1571767472 0 
1572537562 0 
1572537563 0 
1572537564 0 
1572537565 0 
1572538216 0 
1572538217 0 
1572538218 0 
1572538876 0 
1572538877 0 
1572538878 0 
1572539528 0 
1572539529 0 
1572539530 0 
1572539531 0 
1572540176 0 
1572540177 0 
1572540178 0 
1572541081 0 
1572541082 0 
1572541083 0 
1572541735 0 
1572541736 0 
1572541737 0 
1572542383 0 
1572542384 0 
1572542385 0 
1572543031 1 
1572543032 0 
1572543033 0 
1572543695 0 
1572543696 0 
1572543697 0 
1572543698 0 