1574950722 2
1574950723 2
1574950724 2
1574950725 2
1574950726 2
1574951044 2
1574951045 2
1574951046 2
1574951047 2
1574951432 2
1574951433 2
1574951434 2
1574951435 2
1574951763 2
1574951764 2
1574951765 2
1574951766 2
1574951767 2
1574951768 2
1574951769 2
1574951770 2
1574951771 2
1574951772 2
1574951773 2
1574951774 2
1574951775 2
1574951776 2
1574951777 2
1574951778 2
1574952089 2
1574952090 2
1574952091 2
1574952092 2
1574952093 2
1574952094 2
1574952095 2
1574952096 2
1574952406 2
1574952407 2
1574952408 2
1574952409 2
1574952820 2
1574952821 2
1574952822 2
1574952823 2
1574952824 2
1574952825 2
1574953191 2
1574953192 2
1574953193 2
1574953194 2
1574953500 2
1574953501 2
1574953502 2
1574953503 2
1574953825 2
1574953826 2
1574953827 2
1574953828 2
1574954154 2
1574954155 2
1574954156 2
1574954157 2
1574954158 2
1574954317 2
1574954318 2
1574954319 2
1574954320 2
1574954492 2
1574954493 2
1574954494 2
1574954495 2
1574954496 2
1574954657 2
1574954658 2
1574954659 2
1574954660 2
1574954842 2
1574954843 2
1574954844 2
1574954845 2
1574954999 2
1574955000 2
1574955001 2
1574955002 2
1574955258 2
1574955259 2
1574955260 2
1574955261 2
1574955262 2
1574955416 2
1574955417 2
1574955418 2
1574955419 2
1574955576 2
1574955577 2
1574955578 2
1574955579 2
1574955580 2
1574955737 2
1574955738 2
1574955739 2
1574955740 2
1574955741 2
1574955994 2
1574955995 2
1574955996 2
1574955997 2
1574956562 2
1574956563 2
1574956564 2
1574956565 2
1574956566 2
1574956567 2
1574956568 2
1574957231 2
1574957232 2
1574957233 2
1574957234 2
1574957842 2
1574957843 2
1574957844 2
1574957845 2
1574957846 2
1574958409 2
1574958410 2
1574958411 2
1574958412 2
1574958413 2
1574958414 2
1574958415 2
1574958416 2
1574958417 2
1574958418 2
1574958419 2
1574958420 2
1574958421 2
1574958422 2
1574958423 2
1574958424 2
1574958425 2
1574958426 2
1574958427 2
1574958428 2
1574958429 2
1574958430 2
1574958431 2
1574958432 2
1574958433 2
1574958434 2
1574958435 2
1574958436 2
1574958437 2
1574958438 2
1574959002 2
1574959003 2
1574959004 2
1574959005 2
1574959006 2
1574959007 2
1574959008 2
1574959009 2
1574959010 2
1574959011 2
1574959012 2
1574959013 2
1574959014 2
1574959015 2
1574959016 2
1574959017 2
1574959018 2
1574959019 2
1574959020 2
1574959021 2
1574959022 2
1574959023 2
1574959024 2
1574959025 2
1574959026 2
1574959027 2
1574959627 2
1574959628 2
1574959629 2
1574959630 2
1574960204 2
1574960205 2
1574960206 2
1574960207 2
1574960817 2
1574960818 2
1574960819 2
1574960820 2
1574961455 2
1574961456 2
1574961457 2
1574961458 2
1574961459 2
