1580304696 2
1580304697 2
1580304698 2
1580304699 2
1580304853 2
1580304854 2
1580304855 2
1580304856 2
1580305015 2
1580305016 2
1580305017 2
1580305018 2
1580305174 2
1580305175 2
1580305176 2
1580305177 2
1580305178 2
1580305359 2
1580305360 2
1580305361 2
1580305362 2
1580305363 2
1580305519 2
1580305520 2
1580305521 2
1580305522 2
1580305681 2
1580305682 2
1580305683 2
1580305684 2
1580305685 2
1580305840 2
1580305841 2
1580305842 2
1580305843 2
1580305844 2
1580305996 2
1580305997 2
1580305998 2
1580305999 2
1580306000 2
1580306155 2
1580306156 2
1580306157 2
1580306158 2
1580306460 2
1580306461 2
1580306462 2
1580306463 2
1580306761 2
1580306762 2
1580306763 2
1580306764 2
1580306765 2
1580307076 2
1580307077 2
1580307078 2
1580307079 2
1580307080 2
1580307637 2
1580307638 2
1580307639 2
1580307640 2
1580307947 2
1580307948 2
1580307949 2
1580307950 2
1580307951 2
1580308259 2
1580308260 2
1580308261 2
1580308262 2
1580310462 2
1580310463 2
1580310464 2
1580310465 2
1580310466 2
1580310776 2
1580310777 2
1580310778 2
1580310779 2
1580311090 2
1580311091 2
1580311092 2
1580311093 2
1580311398 2
1580311399 2
1580311400 2
1580311401 2
1580311402 2
1580311772 2
1580311773 2
1580311774 2
1580311775 2
1580312116 2
1580312117 2
1580312118 2
1580312119 2
1580312702 2
1580312703 2
1580312704 2
1580312705 2
1580313259 2
1580313260 2
1580313261 2
1580313262 2
1580313263 2
1580314223 2
1580314224 2
1580314225 2
1580314226 2
1580314227 2
1580314780 2
1580314781 2
1580314782 2
1580314783 2
1580314784 2
1580315335 2
1580315336 2
1580315337 2
1580315338 2
1580315339 2
1580315899 2
1580315900 2
1580315901 2
1580315902 2
1580315903 2
1580316602 2
1580316603 2
1580316604 2
1580316605 2
