1574685741 2
1574685742 2
1574685743 2
1574685744 2
1574685931 2
1574685932 2
1574685933 2
1574685934 2
1574686104 2
1574686105 2
1574686106 2
1574686107 2
1574686108 2
1574686262 2
1574686263 2
1574686264 2
1574686265 2
1574686424 2
1574686425 2
1574686426 2
1574686427 2
1574686580 2
1574686581 2
1574686582 2
1574686583 2
1574686584 2
1574686585 2
1574686586 2
1574686745 2
1574686746 2
1574686747 2
1574686748 2
1574686911 2
1574686912 2
1574686913 2
1574686914 2
1574686915 2
1574687101 2
1574687102 2
1574687103 2
1574687104 2
1574687105 2
1574687935 2
1574687936 2
1574687937 2
1574687938 2
1574687939 2
1574688248 2
1574688249 2
1574688250 1
1574688251 1
1574688252 1
1574688253 1
1574688254 1
1574688255 1
1574689237 2
1574689238 2
1574689239 2
1574689240 2
1574689608 2
1574689609 2
1574689610 2
1574689611 2
1574689823 2
1574689824 2
1574689825 2
1574689826 2
1574689994 2
1574689995 2
1574689996 2
1574689997 2
1574690155 2
1574690156 2
1574690157 2
1574690158 2
1574690332 2
1574690333 2
1574690334 2
1574690335 2
1574690492 2
1574690493 2
1574690494 2
1574690495 2
1574690662 2
1574690663 2
1574690664 2
1574690665 2
1574690823 2
1574690824 2
1574690825 2
1574690826 2
1574691007 2
1574691008 2
1574691009 2
1574691010 2
1574691186 2
1574691187 2
1574691188 2
1574691189 2
1574691190 2
1574691939 2
1574691940 2
1574691941 2
1574691942 2
1574692258 2
1574692259 2
1574692260 2
1574692261 2
1574692262 2
1574692576 1
1574692577 1
1574692578 1
1574692579 1
1574692580 1
1574692581 1
1574693488 2
1574693489 2
1574693490 2
1574693491 2
1574693812 2
1574693813 2
1574693814 2
1574693815 2
1574693816 2
1574694243 2
1574694244 2
1574694245 2
1574694246 2
1574694247 2
1574694573 2
1574694574 2
1574694575 2
1574694576 2
1574695129 2
1574695130 2
1574695131 2
1574695132 2
1574695133 2
1574695466 2
1574695467 2
1574695468 2
1574695469 2
1574695470 2
1574695779 2
1574695780 2
1574695781 2
1574695782 2
1574696239 2
1574696240 2
1574696241 2
1574696242 2
1574696814 2
1574696815 2
1574696816 2
1574696817 2
1574696818 2
1574697389 2
1574697390 2
1574697391 2
1574697392 2
1574697393 2
1574697982 2
1574697983 2
1574697984 2
1574697985 2
1574697986 2
1574698551 2
1574698552 2
1574698553 2
1574698554 2
1574698555 2
1574698556 2
1574698557 2
1574698558 2
1574698559 2
1574698560 2
1574698561 2
1574698562 2
1574698563 2
1574698564 2
1574698565 2
1574698566 2
1574698567 2
1574698568 2
1574698569 2
1574698570 2
1574698571 2
1574698572 2
1574706672 2
1574706673 2
1574706674 2
1574706675 2
1574706676 2
1574706807 2
1574706808 2
1574706809 2
1574706810 2
1574706811 2
1574707051 2
1574707052 2
1574707053 2
1574707054 2
1574707231 2
1574707232 2
1574707233 2
1574707234 2
1574708018 2
1574708019 2
1574708020 2
1574708021 2
1574708022 2
1574708513 2
1574708514 2
1574708515 2
1574708516 2
1574708714 2
1574708715 2
1574708716 2
1574708717 2
1574709096 2
1574709097 2
1574709098 2
1574709099 2
1574709100 2
1574709330 2
1574709331 2
1574709332 2
1574709333 2
1574710440 2
1574710441 2
1574710442 2
1574710443 2
1574710630 2
1574710631 2
1574710632 2
1574710633 2
