1572265022 2
1572265023 2
1572265024 2
1572265025 2
1572265026 2
1572265027 2
1572265219 2
1572265220 2
1572265221 2
1572265222 2
1572265223 2
1572265224 2
1572265417 2
1572265418 2
1572265419 2
1572265420 2
1572265421 2
1572265422 2
1572265615 2
1572265616 2
1572265617 2
1572265618 2
1572265619 2
1572265620 2
1572265621 2
1572266023 2
1572266024 2
1572266025 2
1572266026 2
1572266027 2
1572266028 2
1572266216 2
1572266217 2
1572266218 2
1572266219 2
1572266220 2
1572266221 2
1572266417 2
1572266418 2
1572266419 2
1572266420 2
1572266421 2
1572266422 2
1572266620 2
1572266621 2
1572266622 2
1572266623 2
1572266624 2
1572266625 2
1572266815 2
1572266816 2
1572266817 2
1572266818 2
1572266819 2
1572266820 2
1572268099 2
1572268100 2
1572268101 2
1572268102 2
1572268103 2
1572268104 2
1572268870 2
1572268871 2
1572268872 2
1572268873 2
1572268874 2
1572268875 2
1572269284 2
1572269285 2
1572269286 2
1572269287 2
1572269288 2
1572269289 2
1572269690 2
1572269691 2
1572269692 2
1572269693 2
1572269694 2
1572270107 2
1572270108 3
1572270109 2
1572270110 2
1572270111 2
1572270112 2
1572270504 2
1572270505 2
1572270506 2
1572270507 2
1572270508 2
1572270509 2
1572270897 2
1572270898 2
1572270899 2
1572270900 2
1572270901 2
1572270902 2
1572272256 2
1572272257 2
1572272258 2
1572272259 2
1572272260 2
1572272587 2
1572272588 2
1572272589 2
1572272590 2
1572272922 2
1572272923 2
1572272924 2
1572272925 2
1572272926 2
1572273254 2
1572273255 2
1572273256 2
1572273257 3
1572273258 2
1572273259 2
1572273260 2
1572273261 2
1572273601 2
1572273602 2
1572273603 2
1572273604 2
1572273605 2
1572274093 2
1572274094 2
1572274095 2
1572274096 2
1572274097 2
1572274436 2
1572274437 2
1572274438 2
1572274439 2
1572274440 2
1572274602 2
1572274603 2
1572274604 2
1572274605 2
1572274606 2
1572274775 2
1572274776 2
1572274777 2
1572274778 2
1572274945 2
1572274946 2
1572274947 2
1572274948 2
1572274949 2
1572275113 2
1572275114 2
1572275115 2
1572275116 2
1572275117 2
1572275292 2
1572275293 2
1572275294 2
1572275295 2
1572275296 2
1572275461 2
1572275462 2
1572275463 2
1572275464 2
1572275636 2
1572275637 2
1572275638 2
1572275639 2
1572276025 2
1572276026 2
1572276027 2
1572276028 2
1572276029 2
1572276358 2
1572276359 2
1572276360 2
1572276361 2
1572276362 2
1572276696 2
1572276697 2
1572276698 2
1572276699 2
1572276700 2
1572277027 2
1572277028 2
1572277029 2
1572277030 2
1572277031 2
1572277357 2
1572277358 2
1572277359 2
1572277360 2
1572277361 2
1572277704 2
1572277705 2
1572277706 2
1572277707 2
1572278051 2
1572278052 2
1572278053 2
1572278054 2
1572278055 2
1572278385 2
1572278386 2
1572278387 2
1572278388 2
1572278389 2
