1575384158 0.041007522
1575384158 0.039705355
1575384158 0.044551733
1575384158 0.001090042
1575384158 0.044885662
1575384158 0.006774044
1575384158 0.035308339
1575384159 0.036752276
1575384159 0.03546004
1575384159 0.001441648
1575384159 0.051080846
1575384159 0.042706743
1575384159 0.001836343
1575384159 0.042006705
1575384159 0.044753537
1575384159 0.001445168
1575384317 0.001278946
1575384317 0.00178498
1575384317 0.014767725
1575384317 0.054357889
1575384318 0.043327524
1575384318 0.045658492
1575384318 0.002553425
1575384318 0.041877161
1575384318 0.041781353
1575384318 0.000977823
1575384318 0.043691701
1575384318 0.001287814
1575384318 0.007056017
1575384318 0.021211386
1575384318 0.046686063
1575384318 0.044025506
1575384318 0.043727706
1575384318 0.001085319
1575384318 0.004414959
1575384318 0.027744646
1575384318 0.042917355
1575384318 0.035884377
1575384318 0.057795054
1575384318 0.00204116
1575384318 0.042695499
1575384318 0.040631701
1575384318 0.009012868
1575384318 0.037204646
1575384318 0.007023731
1575384318 0.029637325
1575384479 0.012078915
1575384479 0.058167675
1575384479 0.035687648
1575384479 0.048084184
1575384479 0.043040245
1575384479 0.001562891
1575384479 0.043283817
1575384479 0.035512625
1575384479 0.022972126
1575384479 0.01260452
1575384479 0.048524895
1575384479 0.043565627
1575384479 0.00134263
1575384479 0.046826185
1575384479 0.002327765
1575384479 0.041093357
1575384479 0.037778347
1575384479 0.05046247
1575384479 0.003383929
1575384637 0.043128626
1575384637 0.025329502
1575384637 0.051114077
1575384637 0.045733389
1575384637 0.001321074
1575384637 0.05092179
1575384637 0.035571855
1575384637 0.001845567
1575384637 0.002200099
1575384637 0.027742944
1575384637 0.035075755
1575384637 0.002505742
1575384637 0.050829631
1575384637 0.042168299
1575384637 0.046389608
1575384637 0.003863074
1575384637 0.040560153
1575384637 0.001612813
1575384637 0.046990673
1575384637 0.041784154
1575384637 0.001468422
1575384637 0.002141609
1575384637 0.017495163
1575384637 0.093041438
1575384801 0.042136079
1575384801 0.044340432
1575384801 0.045981414
1575384801 0.041499397
1575384801 0.043515907
1575384801 0.001691842
1575384801 0.035813992
1575384801 9.9033e-05
1575384801 0.050410401
1575384801 0.002121195
1575384801 0.011093952
1575384801 0.013860033
1575384801 0.050331466
1575384801 0.006774284
1575384801 0.035650758
1575384801 0.043931623
1575384801 0.044687388
1575384801 0.041544621
1575384801 0.053689191
1575384802 0.010831073
1575384802 0.013264245
1575384802 0.047798479
1575384958 0.04249052
1575384958 0.001520876
1575384958 0.043990451
1575384958 0.03684604
1575384958 0.05337639
1575384958 0.041353531
1575384958 0.001992011
1575384958 0.041850544
1575384958 0.00179357
1575384958 0.008264393
1575384958 0.024405692
1575384958 0.044548434
1575384958 0.040591644
1575384958 0.002309464
1575384958 0.034193313
1575384958 0.050931704
1575384958 0.043952087
1575384958 0.049504963
1575384958 0.001425856
1575385119 0.006923367
1575385119 0.029462437
1575385119 0.035860547
1575385119 0.048432933
1575385119 0.042991206
1575385119 0.044190881
1575385119 0.045668534
1575385119 0.043727163
1575385120 0.042405196
1575385120 0.037511139
1575385120 0.02697273
1575385120 0.006467047
1575385120 0.053591491
1575385120 6.737e-05
1575385120 0.039257575
1575385120 0.046514122
1575385120 0.001605385
1575385120 0.04257639
1575385279 0.041404453
1575385279 0.04445379
1575385279 0.045271702
1575385279 0.002371735
1575385279 0.031754288
1575385279 0.021874213
1575385279 0.017344484
1575385279 0.045109084
1575385280 0.001914387
1575385280 0.040271733
1575385280 0.044231069
1575385280 0.047994609
1575385280 0.004678844
1575385280 0.039397094
1575385280 0.037059317
1575385280 0.001202278
1575385280 0.020195178
1575385280 0.014933745
1575385438 0.001271561
1575385438 0.042093058
1575385438 0.00287999
1575385438 0.005815528
1575385438 0.018630314
1575385438 0.048094248
1575385438 0.043631696
1575385438 0.047189538
1575385438 0.041848306
1575385438 0.050163223
1575385438 0.001969194
1575385438 0.035475707
1575385438 0.036431847
1575385438 0.004963323
1575385438 0.019066987
1575385438 0.010413789
1575385438 0.048628039
1575385439 0.044211281
1575385439 0.046782014
1575385602 0.045406979
1575385602 0.043298528
1575385602 0.001283412
1575385602 0.042298142
1575385602 0.001989129
1575385602 0.002653088
1575385602 0.019838633
1575385602 0.048638634
1575385602 0.0008206
1575385602 0.041741093
1575385602 0.04731279
1575385602 0.04364743
1575385602 0.045013543
1575385602 0.032766763
1575385602 0.056473725
1575385602 0.038973967
1575385602 0.001043241
1575385602 0.006607897
1575385602 0.028086295
1575385602 0.039873969
