1579522855 0.043016695
1579522855 0.044801554
1579522855 0.035488682
1579522855 0.057283061
1579522855 0.01308012
1579522855 0.008790161
1579522855 0.049919478
1579522855 0.046345003
1579522855 0.048148587
1579522855 0.005957529
1579522855 0.035711115
1579522855 0.034629897
1579522855 0.002036317
1579522855 0.074926086
1579522856 5.7762e-05
1579522856 0.010348216
1579522856 0.003478123
1579522856 0.048656385
1579522856 0.037902519
1579522856 0.046324958
1579522856 2.3986e-05
1579522856 0.017132544
1579522856 0.050480076
1579522856 0.048514173
1579522856 0.001665499
1579523059 0.045007421
1579523059 0.044323987
1579523059 0.043172069
1579523059 0.001947001
1579523059 0.003032288
1579523059 0.027048244
1579523059 0.036028075
1579523059 0.051116396
1579523059 0.043802023
1579523059 0.044513614
1579523059 0.046090014
1579523059 0.010038789
1579523059 0.047033313
1579523059 0.000680687
1579523059 0.031601189
1579523059 0.003451472
1579523059 0.018967867
1579523059 0.051115789
1579523059 0.001166755
1579523059 0.046499553
1579523059 0.000193205
1579523059 0.043687772
1579523059 0.001187507
1579523059 0.045001943
1579523060 0.044281661
1579523060 0.002494145
1579523249 0.043979849
1579523249 0.045588047
1579523249 0.044618098
1579523249 0.042526716
1579523249 0.046696119
1579523250 0.004219802
1579523250 0.020065271
1579523250 0.048168046
1579523250 0.043383858
1579523250 0.044017552
1579523250 0.001624335
1579523250 0.004043774
1579523250 0.020456272
1579523250 0.049932752
1579523250 0.044362318
1579523250 0.04379686
1579523250 0.056248176
1579523250 0.052587419
1579523415 0.033277248
1579523415 0.052198548
1579523415 0.042895305
1579523415 0.044171331
1579523415 0.043821196
1579523415 0.044642065
1579523415 0.002548459
1579523415 0.04581177
1579523415 0.001499524
1579523415 0.001871481
1579523415 0.020119072
1579523415 0.048261508
1579523415 0.044256125
1579523415 0.047448621
1579523415 0.044352384
1579523415 0.044432701
1579523415 0.000954814
1579523415 0.044112739
1579523415 0.003495232
1579523415 0.003348629
1579523415 0.019114519
1579523415 0.048360495
1579523415 0.175513945
1579523588 0.042715287
1579523589 0.004146331
1579523589 0.028722637
1579523589 0.019165641
1579523589 0.013034028
1579523589 0.052025347
1579523589 0.001664226
1579523589 0.042265215
1579523589 0.042722058
1579523589 0.001368585
1579523589 0.043149705
1579523589 0.035715263
1579523589 0.053727625
1579523589 0.042194816
1579523589 0.003280197
1579523589 0.002007817
1579523589 0.026667219
1579523589 0.039950833
1579523589 0.044911316
1579523589 0.035406451
1579523589 0.001160196
1579523769 0.005753651
1579523769 0.020125733
1579523769 0.049625993
1579523769 0.049121879
1579523769 0.038496664
1579523769 0.045664015
1579523769 0.001216798
1579523769 0.048211349
1579523769 0.050514227
1579523769 0.003126799
1579523769 0.015835694
1579523769 0.047669915
1579523769 0.00123343
1579523769 0.060044011
1579523769 0.034707659
1579523769 0.044752773
1579523769 0.0447357
1579523770 0.044606454
1579523770 0.004251484
1579523770 0.024421753
1579523770 0.045585852
1579523952 0.044975905
1579523952 0.001242054
1579523952 0.041476434
1579523952 0.046345097
1579523952 0.042115616
1579523952 0.043477234
1579523952 0.037419089
1579523952 0.001219983
1579523952 0.020744918
1579523952 0.0140354
1579523952 0.046784177
1579523952 0.044282378
1579523952 0.001441392
1579523952 0.042423364
1579523952 0.045877421
1579523952 0.042508208
1579523952 0.036890191
1579523952 0.051573592
1579523952 0.001611877
1579523952 0.042113726
1579523952 0.00895894
1579524139 0.043484424
1579524139 0.048520808
1579524139 0.039371908
1579524139 0.001327288
1579524139 0.042772173
1579524139 0.045472395
1579524139 0.006567028
1579524139 0.021396364
1579524139 0.046770617
1579524139 0.000960045
1579524139 0.042249622
1579524139 0.04401979
1579524139 0.05755322
1579524139 0.03167405
1579524139 0.045881008
1579524140 0.001557561
1579524140 0.040567141
1579524140 0.01400261
1579524140 0.014526703
1579524306 1.6718e-05
1579524306 0.008814137
1579524306 0.012897033
1579524306 0.049134448
1579524306 0.056967414
1579524306 0.040665309
1579524306 0.047761606
1579524306 0.042519783
1579524306 0.001165634
1579524306 0.003616291
1579524306 0.026588882
1579524306 0.044584335
1579524306 0.043827602
1579524306 0.044173767
1579524306 0.044160231
1579524306 0.0438327
1579524474 0.038149792
1579524474 0.041062017
1579524474 0.001302861
1579524474 0.052654396
1579524474 0.001656964
1579524474 0.019342245
1579524474 0.052229418
1579524474 0.001924203
1579524474 0.044114647
1579524474 0.000976288
1579524474 0.041956705
1579524474 0.044455577
1579524475 5.4965e-05
1579524475 0.044562226
1579524475 0.001407701
1579524475 0.042041982
1579524475 0.001346371
1579524475 0.004138092
1579524475 0.020185396
1579524475 0.049468323
1579524475 0.045430131
1579524475 0.044332056
1579524475 0.001630353
1579524475 0.084131946
1579524475 0.001717622
1579537447 0.010385278
1579537447 0.030347233
1579537447 0.001484188
1579537447 0.007437416
1579537447 0.027271089
1579537447 0.032404386
1579537447 0.003136907
1579537447 0.04821138
1579537447 0.044653384
1579537447 0.043258475
1579537447 0.048629687
1579537447 0.001921921
1579537447 0.042808532
1579537447 0.001104035
1579537447 0.004392903
1579537447 0.028392522
1579537447 0.045192296
1579537447 0.001200009
1579537447 0.035108976
1579537448 0.094861384
