1582026895 0.046613485
1582026895 0.043204906
1582026895 0.033730063
1582026895 0.050923833
1582026896 0.049904653
1582026896 0.040391339
1582026896 0.001320914
1582026896 0.00370257
1582026896 0.028995475
1582026896 0.040277148
1582026896 0.001384566
1582026896 0.035637801
1582026896 0.051959774
1582026896 0.0432007
1582026896 0.043605237
1582026896 0.044365195
1582027058 0.001179176
1582027058 0.041432323
1582027058 0.045020771
1582027058 0.045527313
1582027058 0.034585854
1582027058 0.053403419
1582027058 0.001455892
1582027058 0.043984339
1582027058 0.013531948
1582027058 0.014037433
1582027058 0.045629126
1582027058 0.042830331
1582027058 0.037442172
1582027058 0.020813749
1582027058 0.020818532
1582027058 0.042341632
1582027058 0.00127944
1582027058 0.043090756
1582027221 0.043967399
1582027221 0.044699858
1582027221 0.049109933
1582027221 0.001832771
1582027221 0.050062508
1582027221 0.001339857
1582027221 0.011361813
1582027221 0.054316949
1582027222 0.044820648
1582027222 0.045866824
1582027222 0.041728932
1582027222 0.044122973
1582027222 0.044397529
1582027222 0.001607469
1582027222 0.005594734
1582027222 0.025883076
1582027390 0.043656884
1582027390 0.001188808
1582027390 0.031647586
1582027390 0.038927953
1582027390 0.045231563
1582027390 0.036046021
1582027390 0.055684576
1582027390 0.043380156
1582027390 0.001277061
1582027390 0.04541873
1582027390 0.001083094
1582027390 0.003540175
1582027390 0.027383719
1582027390 0.055976939
1582027391 0.028722237
1582027391 0.001356098
1582027391 0.040213682
1582027802 0.042082278
1582027802 0.044504232
1582027802 0.005664698
1582027802 0.059489056
1582027802 0.035865349
1582027802 0.002390898
1582027802 0.054729681
1582027802 1.4114e-05
1582027802 0.000445652
1582027802 0.010406896
1582027802 0.049590583
1582027802 0.041773802
1582027802 0.008731524
1582027802 0.036043765
1582027802 0.043594661
1582027803 0.089392664
1582027803 0.03480454
1582027967 0.036710548
1582027967 0.044602454
1582027967 0.005734119
1582027967 0.02779616
1582027967 0.046059765
1582027967 0.032568496
1582027967 0.001712441
1582027967 0.051998667
1582027967 0.001923435
1582027967 0.03879491
1582027967 0.009835328
1582027967 0.036659745
1582027967 0.04126906
1582027967 0.04397607
1582027967 0.00904827
1582027967 0.028997679
1582027967 0.038006142
1582027967 0.04447667
1582027967 0.043926101
1582027967 0.001224016
1582027967 0.003615473
1582027967 0.027386937
1582028135 0.0460778
1582028135 0.042169243
1582028135 0.044026912
1582028135 0.044479019
1582028135 0.04799268
1582028135 0.040860451
1582028135 0.034865925
1582028135 0.00224892
1582028135 0.014893874
1582028135 0.013429857
1582028135 0.057554925
1582028135 0.035635908
1582028135 0.044624274
1582028135 0.043105269
1582028135 0.00145868
1582028135 0.036622243
1582028302 0.037410578
1582028302 0.051223078
1582028302 0.001953791
1582028302 0.041698915
1582028302 0.002002196
1582028302 0.003974197
1582028302 0.031198576
1582028302 0.040613654
1582028302 0.043593422
1582028302 0.000507732
1582028302 0.038978801
1582028302 0.002572855
1582028302 0.050589255
1582028302 0.050773657
1582028302 0.035568147
1582028302 0.001254303
1582028302 0.042392021
1582028302 0.001267209
1582028302 0.00426764
1582028302 0.027679761
1582028303 0.037583813
1582028303 0.049926483
1582028303 0.000858164
1582028303 0.041648663
1582028303 0.00113866
1582028303 0.002823296
1582028469 0.005310943
1582028469 0.032607964
1582028469 0.043531857
1582028470 0.002016136
1582028470 0.043605145
1582028470 0.001101324
1582028470 0.04208549
1582028470 0.001302844
1582028470 0.044429799
1582028470 0.042757287
1582028470 0.001215532
1582028470 0.004291296
1582028470 0.020125253
1582028470 0.050450374
1582028470 0.001581626
1582028470 0.042741056
1582028470 0.042174301
1582028470 0.047966153
1582028470 0.048990257
1582028470 0.001727397
1582028470 0.046361122
1582028470 0.001666993
1582028470 0.018826949
1582028470 0.050335296
1582028470 0.001405164
1582028640 0.003657633
1582028640 0.016966767
1582028640 0.050500239
1582028640 0.046384277
1582028640 0.055901124
1582028640 0.032170443
1582028640 0.039935894
1582028640 0.045027917
1582028640 0.00233524
1582028640 0.040634341
1582028640 0.009722024
1582028640 0.018745316
1582028640 0.048953068
1582028640 0.001316546
1582028640 0.041165986
1582028640 0.044213606
1582028640 0.047899905
1582028640 0.043609815
1582028640 0.032880374
1582028640 0.050889355
1582028640 0.002109338
1582028640 0.042808421
1582028640 0.001334193
1582028640 0.003488161
1582028640 0.026471251
1582028640 0.057130424
1582028641 0.025115643
1582028641 0.050959597
