1582185064 0.040749199
1582185064 0.002364431
1582185064 0.040348982
1582185064 0.001140241
1582185064 0.035015971
1582185064 0.054215038
1582185064 0.041058169
1582185064 0.046987446
1582185064 0.040545302
1582185064 0.009792156
1582185064 0.03479834
1582185064 0.001399027
1582185064 0.003367115
1582185064 0.020675808
1582185064 0.050463844
1582185064 0.043694705
1582185064 0.044278326
1582185064 0.047413905
1582185245 0.007006962
1582185245 0.04847969
1582185245 0.015125697
1582185245 0.048549278
1582185245 0.043297381
1582185245 0.047822215
1582185245 0.045053424
1582185245 0.040960363
1582185246 0.043476884
1582185246 0.001433621
1582185246 0.041506092
1582185246 0.001839852
1582185246 0.004002872
1582185246 0.019711955
1582185246 0.050006117
1582185246 0.044073823
1582185246 0.003642802
1582185246 0.048214353
1582185979 0.049236467
1582185979 0.042282121
1582185979 0.043314024
1582185979 0.046548655
1582185979 0.00085019
1582185979 0.00243045
1582185979 0.020213756
1582185980 0.058600519
1582185980 0.035383871
1582185980 0.043224813
1582185980 0.050674571
1582185980 0.041956939
1582185980 0.001134504
1582185980 0.048946563
1582185980 0.002671078
1582185980 1.9509e-05
1582185980 0.019339728
1582185980 0.059933639
1582186140 0.003300402
1582186140 0.039613609
1582186140 0.049067486
1582186140 0.00274473
1582186140 0.019295113
1582186140 0.05207424
1582186140 0.044122483
1582186140 0.043793001
1582186140 0.04365059
1582186140 0.043973876
1582186140 0.003805256
1582186140 0.039783341
1582186140 0.00129816
1582186140 0.007637915
1582186140 0.029916504
1582186140 0.034778486
1582186140 0.051422523
1582186140 0.044602566
1582186140 0.001769998
1582186140 0.084699113
1582186140 0.001111589
1582186303 0.044549701
1582186303 0.044497329
1582186303 0.048017617
1582186303 0.038205047
1582186303 0.06515967
1582186303 0.003547203
1582186303 0.008827584
1582186303 0.039136778
1582186303 0.04330549
1582186303 0.045498066
1582186303 0.045860353
1582186303 0.040887524
1582186303 0.00156196
1582186303 0.039302515
1582186303 0.001826874
1582186303 0.049955618
1582186303 0.001734108
1582186303 0.026350982
1582186303 0.001556478
1582186303 0.045794142
1582186303 0.043419776
1582186402 1.061228194
1582186403 0.039047532
1582186403 0.043372371
1582186403 0.001224804
1582186403 0.035993575
1582186404 0.051515918
1582186404 0.047237437
1582186404 0.001456003
1582186404 0.042364775
1582186404 0.001230541
1582186404 0.042196353
1582186404 0.001571748
1582186404 0.002477055
1582186404 0.029507664
1582186404 0.032824465
1582186404 0.002460982
1582186404 0.054284337
1582186404 0.001616141
1582186404 0.043943847
1582186404 0.000881947
1582186404 0.043864624
1582186404 0.038997733
1582186404 0.045481191
1582186404 0.043995655
1582186404 0.001856418
1582186404 0.040350908
1582186404 0.001077688
1582186404 0.00407268
1582186404 0.019618559
1582186404 0.055648761
1582186404 0.041831023
1582186404 0.038958787
1582186873 0.039188005
1582186873 0.001253993
1582186873 0.044376446
1582186873 0.001261572
1582186873 0.004772493
1582186873 0.021943611
1582186873 0.047049148
1582186873 0.047624637
1582186873 0.001547051
1582186873 0.038212533
1582186873 0.043494849
1582186873 0.001567999
1582186873 0.047169392
1582186873 0.041868024
1582186873 0.035932686
1582186873 0.052204513
1582186873 0.012201488
1582186873 0.021324182
1582186873 0.047761743
1582186873 0.04027127
1582186873 0.04487007
1582186873 0.043787172
1582186873 0.042833676
1582187836 1.3488e-05
1582187836 0.038992445
1582187836 0.001278139
1582187836 0.035216536
1582187836 0.0533972
1582187836 0.043074877
1582187836 0.042977949
1582187836 0.001415024
1582187836 0.042581604
1582187836 0.002070089
1582187836 0.005189395
1582187836 0.030026277
1582187836 0.031708562
1582187836 0.053528637
1582187836 0.001677418
1582187836 0.039563443
1582187836 0.001627727
1582187836 0.002671825
1582187836 0.027357178
1582187836 0.044859131
1582187837 0.04128465
1582187837 0.034980871
1582187837 0.019007839
1582187837 0.012980596
1582187995 0.048841289
1582187995 0.044034769
1582187995 0.001261913
1582187995 0.058772829
1582187995 0.02818738
1582187995 0.001609941
1582187995 0.035780668
1582187995 0.051180822
1582187995 0.000806067
1582187995 0.021214981
1582187995 0.004969375
1582187995 0.053232726
1582187995 0.039487055
1582187995 0.047480087
1582187995 0.04409818
1582187995 0.03779733
1582188153 0.043806466
1582188153 0.04818099
1582188153 0.001123945
1582188153 0.042938695
1582188154 0.053380583
1582188154 0.026835394
1582188154 0.022523729
1582188154 0.012433623
1582188154 0.053113276
1582188154 0.043875185
1582188154 0.044713962
1582188154 0.044147807
1582188154 0.036762019
1582188154 0.051815886
1582188154 0.001718786
1582188154 0.040207118
1582188154 0.001368782
1582188154 0.011462287
1582188154 0.012465573
1582188314 0.044114003
1582188314 0.001814955
1582188314 0.035162119
1582188314 0.053126392
1582188314 0.041860064
1582188314 0.001399418
1582188314 0.042863581
1582188315 0.002012081
1582188315 0.00635991
1582188315 0.028629972
1582188315 0.04372239
1582188315 0.0325507
1582188315 0.051328055
1582188315 0.000830927
1582188315 0.012453305
1582188315 0.011955304
1582188315 0.05311288
1582188315 0.041101344
1582188315 0.044796003
1582188315 0.043806257
1582188315 0.036796286
1582193765 0.034942371
1582193766 0.052512799
1582193766 0.041633002
1582193766 0.004882829
1582193766 0.027564465
1582193766 0.060308412
1582193766 0.01920726
1582193766 0.05150121
1582193766 0.047439346
1582193766 0.043786984
1582193766 0.002632626
1582193766 0.042076946
1582193766 0.015947608
1582193766 0.017789812
1582193766 0.042459235
1582193766 0.001067773
1582193766 0.03507344
1582193766 0.052069111
1582193928 0.053179939
1582193928 0.0417664
1582193928 0.045089236
1582193928 7.714e-06
1582193928 0.000570702
1582193928 0.022832927
1582193928 0.037352576
1582193929 0.051972578
1582193929 0.042428407
1582193929 0.047379308
1582193929 0.001678556
1582193929 0.060908374
1582193929 0.021772166
1582193929 0.005840776
1582193929 0.03841607
1582193929 0.010174872
1582193929 0.01581328
1582193929 0.050439551
1582194093 0.044730732
1582194093 0.001154597
1582194093 0.034574985
1582194093 0.001558752
1582194093 0.050934763
1582194093 0.046921142
1582194093 0.001775445
1582194093 0.004054671
1582194093 0.027893166
1582194093 0.042766711
1582194093 0.001771527
1582194093 0.043278368
1582194093 0.001660954
1582194093 0.041951617
1582194093 0.048950227
1582194093 0.043606343
1582194093 0.001753047
1582194093 0.048959309
1582194093 6.943e-05
1582194093 0.000317765
1582194093 0.027142324
1582194093 0.044890239
1582194093 0.042816606
1582194094 0.001697582
1582194249 0.042602428
1582194249 0.001311889
1582194249 0.043774232
1582194249 0.045681075
1582194249 0.000109829
1582194249 0.03404282
1582194249 0.001190207
1582194249 0.05077202
1582194249 0.001901198
1582194249 0.013538238
1582194249 0.017189191
1582194249 0.047004822
1582194249 0.044737176
1582194249 0.043124296
1582194249 0.043417507
1582194249 0.001890022
1582194249 0.047812137
1582194249 0.038538691
1582194249 0.000874935
1582194411 0.00111699
1582194411 0.002538185
1582194411 0.028678629
1582194411 0.032037216
1582194411 0.052385863
1582194411 0.001022333
1582194411 0.041443677
1582194411 0.046265403
1582194411 0.04469527
1582194411 0.049083376
1582194411 0.051798988
1582194411 0.03676314
1582194411 0.002405851
1582194411 0.016322566
1582194411 0.051600179
1582194411 0.042305967
1582194411 0.043283132
1582194411 0.04411545
1582194411 0.044970904
1582194411 0.001512941
1582194575 0.039861579
1582194575 0.047698484
1582194575 0.001932543
1582194575 0.041693502
1582194575 0.001240535
1582194575 0.035721812
1582194575 0.001551221
1582194575 0.0223393
1582194575 0.011582651
1582194575 0.047527249
1582194575 0.044605052
1582194575 0.047062553
1582194575 1.8006e-05
1582194575 0.003815576
1582194575 0.019200322
1582194575 0.050228458
1582194576 0.043097498
1582194576 0.044791976
1582194576 0.043304277
1582194576 0.043664394
1582194576 0.001576031
1582194735 0.000468985
1582194735 0.011423704
1582194735 0.011836542
1582194735 0.047424663
1582194735 0.051416905
1582194735 0.044575604
1582194735 0.001712647
1582194735 0.016145246
1582194735 0.051488563
1582194736 0.043896508
1582194736 0.042614274
1582194736 0.044928055
1582194736 0.043048176
1582194736 0.038180648
1582194736 0.001448604
1582194736 0.049887539
1582194736 0.002066888
1582194736 0.014832787
1582194736 0.010418585
1582194905 0.04841757
1582194905 0.036111575
1582194905 0.041065449
1582194905 0.001767488
1582194905 0.005157282
1582194905 0.02977027
1582194905 0.035025377
1582194905 0.054553058
1582194905 0.040715895
1582194905 0.044254534
1582194905 0.0488305
1582194905 0.001092448
1582194905 0.041769577
1582194905 0.001830746
1582194905 0.007905595
1582194905 0.023070182
1582194905 0.036923618
1582194905 0.051196568
1582194905 0.055391793
1582194905 0.040483607
1582194905 0.080160422
1582195065 0.045480074
1582195065 0.04181278
1582195065 0.001297889
1582195065 0.042988324
1582195065 0.051255163
1582195065 0.00231304
1582195065 0.018007509
1582195065 0.052846115
1582195065 0.04435281
1582195065 0.055690495
1582195065 0.035370127
1582195065 0.040077541
1582195065 0.043377422
1582195065 0.0480212
1582195065 0.001577074
1582195065 0.000910109
1582195065 0.020210353
1582195065 0.054170008
1582195226 0.047663733
1582195226 0.040260852
1582195226 0.044421264
1582195226 0.000785765
1582195226 0.034795253
1582195226 0.02388145
1582195226 0.010407673
1582195226 0.053546275
1582195226 0.048981833
1582195226 0.001261589
1582195226 0.038304877
1582195226 0.054672895
1582195226 0.032650873
1582195226 0.036419793
1582195226 0.051143952
1582195227 0.0015951
1582195227 0.011629957
1582195227 0.018164476
1582195227 0.045130349
1582195227 0.048105901
1582195720 0.04801384
1582195721 0.042565676
1582195721 0.000691764
1582195721 0.003177352
1582195721 0.019404131
1582195721 0.050461465
1582195721 0.043927195
1582195721 0.043689743
1582195721 0.001320509
1582195721 0.042958009
1582195721 0.001383588
1582195721 0.053301098
1582195721 0.029166805
1582195721 1.0551e-05
1582195721 0.047523083
1582195721 0.001685685
1582195721 0.014344154
1582195721 0.013008683
1582195881 0.05440427
1582195881 0.000110709
1582195881 0.03178654
1582195881 0.034126553
1582195881 0.043019758
1582195881 0.044346262
1582195881 0.048784825
1582195881 0.043634748
1582195881 0.000921622
1582195881 0.049429111
1582195881 5.1756e-05
1582195881 0.001504547
1582195881 0.026121991
1582195881 0.034202095
1582195881 0.055897035
1582195881 0.040433619
1582195881 0.05072436
1582195881 0.043527639
1582195881 0.03882741
1582196038 0.001843535
1582196038 0.037465035
1582196038 0.001295399
1582196038 0.014319996
1582196038 0.013973005
1582196038 0.04993369
1582196038 0.056623
1582196038 0.035501871
1582196038 0.045038608
1582196038 0.036183123
1582196038 0.050903398
1582196038 0.005399599
1582196038 0.011516192
1582196038 0.009253133
1582196038 0.052361605
1582196038 0.041756926
1582196039 0.043736704
1582196039 0.036647336
1582196199 0.044677789
1582196199 0.044029795
1582196199 0.035636434
1582196199 0.052402645
1582196199 0.002321163
1582196199 0.042794735
1582196199 0.045615915
1582196199 0.00361639
1582196199 0.028672398
1582196199 0.039799088
1582196199 0.043647979
1582196199 0.000793817
1582196199 0.035848672
1582196199 0.074004227
1582196199 0.041575796
1582196199 0.028317445
1582196199 0.001093571
1582196199 0.04663779
1582196199 0.004247541
1582196199 0.024513927
1582196199 0.051274474
1582196199 0.029308615
1582196358 0.001187718
1582196358 0.039995725
1582196358 0.039424729
1582196358 0.04743974
1582196358 0.001370828
1582196358 0.046217227
1582196358 0.057416851
1582196358 0.008516781
1582196358 0.024281422
1582196358 0.039932767
1582196358 0.042705898
1582196358 0.006687087
1582196358 0.020413526
1582196358 0.052350306
1582196358 0.042840185
1582196358 0.001476371
1582196358 0.041383062
1582196358 0.003466995
1582196358 0.026341603
1582196358 0.036174458
1582196358 0.048236888
1582196358 0.046558428
1582196358 0.056441214
1582196358 0.037377328
1582196358 0.037254808
1582196358 0.001610323
1582196517 0.043202585
1582196517 0.052451072
1582196517 0.038267818
1582196517 0.002264045
1582196517 0.03935698
1582196517 0.005660257
1582196517 0.020347405
1582196517 0.050857444
1582196517 0.046140176
1582196517 0.059887497
1582196517 0.029481968
1582196517 0.044032939
1582196517 0.044229143
1582196517 0.001342697
1582196517 0.0347666
1582196517 0.01977335
1582196517 0.012551053
1582196517 0.049630472
1582196517 0.047159711
1582196517 0.000891274
1582196675 0.045496567
1582196675 0.042386755
1582196675 0.039319508
1582196675 0.049923131
1582196675 0.042390373
1582196675 0.043964258
1582196675 0.001240631
1582196675 0.041822478
1582196675 0.007641686
1582196675 0.028434729
1582196675 0.040493681
1582196675 0.036372646
1582196675 0.052226555
1582196675 0.043116786
1582196675 0.045887748
1582196675 0.043054802
1582196675 0.047713712
1582196675 0.000894264
1582196675 0.042451283
1582196675 0.001985219
1582196675 0.000935806
1582196675 0.018889566
1582196835 0.012237224
1582196835 0.012095722
1582196835 0.057037951
1582196835 0.038224371
1582196835 0.046947639
1582196835 0.002393781
1582196835 0.030664462
1582196835 0.057673021
1582196835 0.041513533
1582196835 0.044838746
1582196835 0.001959994
1582196835 0.027479223
1582196835 0.050207865
1582196835 0.035280345
1582196835 0.03683479
1582196835 0.001175404
1582196835 0.094041772
1582196835 0.044284321
1582196997 0.044930755
1582196997 0.001830514
1582196997 0.004420212
1582196997 0.027833278
1582196997 0.033266383
1582196997 0.055615572
1582196997 0.044815648
1582196997 0.044384755
1582196997 0.046758862
1582196997 0.00118373
1582196997 0.050635541
1582196997 0.002467987
1582196997 0.021793523
1582196997 0.044151059
1582196997 0.037390128
1582196997 0.051951654
1582196997 0.042743552
1582196997 0.001300656
1582197163 1.0373e-05
1582197163 0.0404851
1582197163 0.044494394
1582197163 0.001644364
1582197163 0.042338713
1582197163 0.044321001
1582197163 0.002002892
1582197163 0.041244182
1582197163 0.001629647
1582197163 0.004698283
1582197163 0.020345986
1582197163 0.050323477
1582197163 0.044134414
1582197163 0.049741002
1582197163 0.041021815
1582197163 0.045934592
1582197163 0.002067722
1582197163 0.039921702
1582197163 0.00856129
1582197163 0.020483161
1582197320 0.045065123
1582197320 0.041850747
1582197320 0.057828971
1582197320 0.030211328
1582197320 0.047495311
1582197320 0.040188767
1582197320 0.001227426
1582197320 0.035318907
1582197320 0.001123608
1582197320 0.018713151
1582197320 0.013040333
1582197320 0.052039624
1582197320 0.045388502
1582197320 3.2081e-05
1582197320 0.040111454
1582197320 0.04465447
1582197320 0.037212637
1582197486 0.017451314
1582197486 0.042428555
1582197486 0.046430618
1582197486 0.001333982
1582197486 0.044359371
1582197486 2.3423e-05
1582197486 0.036904189
1582197486 0.047908468
1582197486 0.044482474
1582197486 0.043375033
1582197486 0.056607875
1582197486 0.000566903
1582197486 0.019556062
1582197486 0.043111171
1582197486 0.036726427
1582197657 0.042345726
1582197657 0.046751033
1582197657 0.000718801
1582197657 0.003906098
1582197657 0.027437468
1582197657 0.041685991
1582197657 0.051942604
1582197657 0.036588657
1582197657 0.04298693
1582197657 0.044310915
1582197657 0.044097795
1582197657 0.044056566
1582197657 0.043678242
1582197658 0.000898397
1582197658 0.005292601
1582197658 0.020031849
1582197658 0.049514702
1582197814 0.044443474
1582197814 1.7894e-05
1582197814 0.044922008
1582197814 0.001397399
1582197814 0.035113247
1582197814 0.048911133
1582197814 0.042811878
1582197815 0.002023143
1582197815 0.016481417
1582197815 0.008045669
1582197815 0.058136687
1582197815 0.035987285
1582197815 0.042996926
1582197815 0.001600436
1582197815 0.002810287
1582197815 0.018992879
1582197815 0.051906341
1582197815 0.042654295
1582197815 0.042969605
1582197815 0.046355005
1582197815 0.034549295
1582197973 0.001350681
1582197973 0.046432532
1582197973 0.001384284
1582197973 0.046265913
1582197973 0.001190414
1582197973 0.00313155
1582197973 0.020546021
1582197973 0.052351811
1582197973 0.045949154
1582197973 0.046399831
1582197973 0.03809097
1582197973 0.045277978
1582197973 0.036582821
1582197973 0.051252093
1582197973 0.002080549
1582197973 0.010692999
1582197973 0.01237182
1582197973 0.051749858
1582197973 0.001320324
1582197973 0.040710101
1582197973 0.051840459
1582198129 0.001721253
1582198129 0.03413341
1582198129 0.059270769
1582198129 0.004228732
1582198129 0.060871091
1582198129 0.027158477
1582198129 0.039934402
1582198129 0.001149747
1582198129 0.003596609
1582198129 0.027770261
1582198129 0.046437597
1582198129 0.042824889
1582198129 0.040463513
1582198130 0.05553429
1582198130 0.000943941
1582198130 0.037536314
1582198130 0.001297169
1582198130 0.042428127
1582198130 0.008675815
1582198130 0.026391182
1582198130 0.041781117
1582198130 0.001303886
1582198130 0.043476987
1582198130 0.035107059
1582198291 0.045807745
1582198291 0.037404927
1582198291 0.0618175
1582198291 3.0826e-05
1582198291 0.03755144
1582198291 0.000578809
1582198291 0.012260417
1582198291 0.013466448
1582198291 0.047914712
1582198291 0.044731167
1582198291 0.047757335
1582198291 0.043797421
1582198292 0.001393889
1582198292 0.047360739
1582198292 0.001424576
1582198292 0.034280081
1582198292 0.001301097
1582198292 0.017669632
1582198292 0.012209907
1582198292 0.048731012
1582198292 0.059025157
1582198292 0.000225122
1582198448 0.012047863
1582198448 0.054729947
1582198448 0.038011298
1582198448 0.044293832
1582198448 0.001034726
1582198448 0.035817256
1582198448 0.053485883
1582198448 0.041599942
1582198448 0.044403362
1582198448 0.002337118
1582198448 0.005226792
1582198448 0.028687227
1582198448 0.044659757
1582198448 0.051742151
1582198448 0.040325563
1582198449 0.035056981
1582198449 0.063470805
1582198449 0.001802823
1582198449 0.031949735
1582198449 0.003538759
1582198449 0.028449224
1582198729 0.001452164
1582198729 0.037090441
1582198729 0.053446931
1582198729 0.042134009
1582198729 0.044717914
1582198729 0.042737793
1582198730 0.001364263
1582198730 0.006529946
1582198730 0.02724608
1582198730 0.043170067
1582198730 0.001713977
1582198730 0.033317959
1582198730 0.051531086
1582198730 0.042839821
1582198730 0.048673647
1582198730 0.001385907
1582198730 0.045582121
1582198730 0.003164164
1582198730 0.038354664
1582198730 0.004995858
1582198730 0.004567024
1582198730 0.024831016
1582198730 0.033880049
1582199078 0.043528967
1582199078 0.045913264
1582199078 0.042491208
1582199078 0.002253146
1582199078 0.034511593
1582199078 0.001191606
1582199078 0.01970977
1582199078 0.012035055
1582199078 0.048904115
1582199078 0.056399005
1582199079 0.042255237
1582199079 0.042441769
1582199079 0.000916344
1582199079 0.038933989
1582199079 0.062274503
1582199079 0.00251326
1582199079 0.007242077
1582199079 0.047310986
