1580304722 0.041588881
1580304722 0.001961649
1580304722 0.047864028
1580304722 0.028881174
1580304722 0.001547014
1580304722 0.051739692
1580304722 0.04325274
1580304722 0.002045928
1580304722 0.042707975
1580304722 0.043203443
1580304722 0.001273373
1580304722 0.006067036
1580304722 0.027649315
1580304722 0.032769344
1580304722 0.052553078
1580304722 0.042200339
1580304722 0.044874405
1580304722 0.048179106
1580304722 0.049737595
1580304722 0.041699866
1580304722 0.000805223
1580304722 0.020842428
1580304722 0.04985268
1580304879 0.04447917
1580304879 0.001406636
1580304879 0.041220654
1580304879 0.001183191
1580304879 0.044309874
1580304879 0.009623516
1580304879 0.000807248
1580304879 0.019035803
1580304879 0.049771866
1580304879 0.001423122
1580304879 0.042590207
1580304879 0.002272759
1580304879 0.045533078
1580304879 0.043621975
1580304879 0.048594277
1580304879 0.043558102
1580304879 0.001049402
1580304879 0.001313977
1580304879 0.01985341
1580304879 0.094193721
1580305040 0.040271786
1580305040 0.043867486
1580305040 0.001665102
1580305040 0.044063951
1580305040 0.007432542
1580305040 0.045876562
1580305040 0.015603241
1580305040 0.000919054
1580305040 0.049963694
1580305040 0.043256564
1580305040 0.046033201
1580305041 0.041517549
1580305041 0.001393887
1580305041 0.042489209
1580305041 0.046933952
1580305041 0.002191035
1580305041 0.045004424
1580305041 0.002538475
1580305041 0.018530869
1580305201 0.0431924
1580305201 0.001575253
1580305201 0.042462059
1580305201 0.00134274
1580305201 0.004851354
1580305201 0.029301157
1580305201 0.032271183
1580305201 0.001115566
1580305201 0.051781572
1580305201 0.041715146
1580305201 0.001621248
1580305201 0.047775869
1580305201 0.038363715
1580305201 0.047382145
1580305201 0.001690782
1580305201 0.040083817
1580305201 0.007903731
1580305201 0.020091099
1580305201 0.047133436
1580305201 0.043921911
1580305201 0.089509391
1580305385 0.01901232
1580305385 0.007523555
1580305385 0.047929782
1580305385 0.049113404
1580305385 0.039651016
1580305385 0.04448929
1580305385 0.035830773
1580305385 0.002336203
1580305385 0.050544816
1580305385 0.041833637
1580305385 0.002133558
1580305385 0.042194877
1580305385 0.00131621
1580305385 0.004916492
1580305385 0.027530728
1580305385 0.045647349
1580305385 0.001215116
1580305385 0.038754711
1580305385 0.054057778
1580305385 0.001819734
1580305545 0.002958053
1580305545 0.043886822
1580305545 0.001847273
1580305545 0.021757086
1580305545 0.055818527
1580305545 0.03666301
1580305545 0.048720277
1580305545 0.043390544
1580305545 0.04455041
1580305545 0.006826697
1580305545 0.03781178
1580305545 0.007210207
1580305545 0.020525558
1580305545 0.055960757
1580305545 0.043295634
1580305545 0.043756878
1580305545 0.043456229
1580305545 0.044565724
1580305545 0.043316844
1580305545 0.001306089
1580305709 0.004982682
1580305709 0.051129359
1580305710 0.04334445
1580305710 0.043888041
1580305710 0.001626669
1580305710 0.035431788
1580305710 0.052329529
1580305710 0.043389221
1580305710 0.000900325
1580305710 0.014946637
1580305710 0.016802238
1580305710 0.042748792
1580305710 0.047467692
1580305710 0.033920253
1580305710 0.053318633
1580305710 0.001167706
1580305710 0.04361083
1580305866 0.046245356
1580305866 0.041714281
1580305866 0.001436305
1580305866 0.035346045
1580305866 0.052474935
1580305867 0.042674418
1580305867 0.001857211
1580305867 0.04344689
1580305867 0.043685143
1580305867 0.000262154
1580305867 0.005309638
1580305867 0.03123834
1580305867 0.031393701
1580305867 0.052802463
1580305867 0.001280253
1580305867 0.041819021
1580305867 0.042756096
1580305867 0.01374876
1580305867 0.031074337
1580305867 0.045175404
1580305867 0.042798191
1580305867 0.001210158
1580306022 0.04177194
1580306022 0.005641969
1580306022 0.03060683
1580306022 0.033661004
1580306022 0.050154117
1580306022 0.045395871
1580306022 0.043335826
1580306022 0.044740744
1580306022 0.045190548
1580306022 0.004560859
1580306022 0.037323407
1580306022 0.007218627
1580306022 0.020596732
1580306022 0.054197599
1580306022 0.040311437
1580306022 0.001035101
1580306022 0.040891563
1580306022 0.002396639
1580306022 0.001391699
1580306022 0.043683001
1580306022 0.115360428
1580306022 0.000890448
1580306182 0.003661635
1580306182 0.031952096
1580306182 0.04106495
1580306182 0.043708287
1580306182 0.036593237
1580306182 5.9007e-05
1580306182 0.051131604
1580306182 0.042641976
1580306182 0.044217572
1580306182 0.045355087
1580306182 0.007712413
1580306182 0.028637506
1580306182 0.057910224
1580306182 0.025355937
1580306182 0.05072409
1580306182 0.001549979
1580306182 0.045991674
1580306182 0.04046658
1580306182 0.001733835
