1580215308 0.037341107
1580215308 0.042997527
1580215308 0.045998712
1580215308 0.041946238
1580215308 0.037092192
1580215308 0.050920547
1580215308 0.002663627
1580215308 0.012139733
1580215308 0.013376588
1580215308 0.048349006
1580215308 0.043864763
1580215308 0.043774884
1580215308 0.001424423
1580215308 0.043277863
1580215308 0.043690581
1580215308 0.04351135
1580215308 0.002842541
1580215308 0.04535194
1580215308 0.044599859
1580215308 0.003643329
1580215308 0.028096767
1580215308 0.04374242
1580215308 0.037416198
1580215308 0.001532033
1580215308 0.051270484
1580215308 0.086072097
1580215502 0.0374067
1580215502 0.048804732
1580215502 0.045105508
1580215502 0.046329944
1580215502 0.040246917
1580215502 0.001130302
1580215502 0.005293019
1580215502 0.020002402
1580215502 0.051068546
1580215502 0.042178458
1580215502 0.044194123
1580215502 0.000705382
1580215502 0.043539653
1580215503 0.043309347
1580215503 0.036875808
1580215503 0.002576236
1580215503 0.049309833
1580215503 0.002532463
1580215503 0.012590043
1580215503 0.024763182
1580215503 0.039756972
1580215503 0.043366496
1580215667 0.035801161
1580215667 0.045141224
1580215667 0.044542732
1580215667 0.042875676
1580215667 0.043114388
1580215668 0.005808677
1580215668 0.019570747
1580215668 0.050260387
1580215668 0.048905742
1580215668 0.043720374
1580215668 0.044392329
1580215668 0.044089802
1580215668 0.001603657
1580215668 0.042706983
1580215668 0.002368944
1580215668 0.003359377
1580215668 0.020056813
1580215826 0.044117121
1580215826 0.000417055
1580215826 0.004175576
1580215826 0.0295586
1580215826 0.034109767
1580215826 0.051278268
1580215826 0.00214229
1580215826 0.044965571
1580215826 0.043694868
1580215826 0.041776235
1580215826 0.043700929
1580215826 0.001239782
1580215826 0.043280191
1580215826 0.007481328
1580215826 0.020373841
1580215826 0.047250122
1580215826 0.045395351
1580215826 0.001879195
1580215826 0.041110592
1580215826 0.004960887
1580215826 0.027884315
1580215826 0.042392328
1580215826 0.001555743
1580215826 0.035706694
1580215826 0.002150941
1580215826 0.050452752
1580215987 0.042966374
1580215987 0.044613426
1580215987 0.043337099
1580215987 0.064737215
1580215987 0.034586347
1580215987 0.001658197
1580215987 0.016948927
1580215987 0.050390937
1580215987 0.044357843
1580215987 0.043626837
1580215987 0.04572259
1580215987 0.044473725
1580215987 0.056851122
1580215987 0.006318342
1580215987 0.01524348
1580215987 0.001399789
1580215987 0.020386974
1580215987 0.010738552
1580215987 0.050645971
1580215987 0.001399421
1580215987 0.044682892
1580215987 0.04306686
1580215987 0.001924792
1580216149 0.014651959
1580216149 0.059033791
1580216149 0.041089167
1580216149 0.002562689
1580216149 0.028515277
1580216149 0.039604095
1580216150 0.043758147
1580216150 0.001504961
1580216150 0.044207739
1580216150 0.001821408
1580216150 0.035038828
1580216150 0.050254432
1580216150 0.048874588
1580216150 0.002412067
1580216150 0.039965257
1580216150 0.002662023
1580216150 0.003151576
1580216150 0.028488149
1580216150 0.04272849
1580216150 0.000918574
1580216150 0.043290411
1580216150 0.001713477
1580216150 0.033931
1580216309 0.052084241
1580216309 0.036418456
1580216309 0.045463579
1580216309 0.001543064
1580216309 0.041938235
1580216309 0.001662287
1580216309 0.004540086
1580216309 0.046209683
1580216309 0.02236621
1580216309 0.044533897
1580216309 0.043458042
1580216309 0.047768273
1580216309 0.040609737
1580216309 0.043159668
1580216309 0.001207697
1580216309 0.035651609
1580216309 0.002167844
1580216309 0.022508432
1580216309 0.010322413
1580216309 0.048311933
1580216309 0.04636001
1580216310 0.011390398
1580216472 0.052455311
1580216472 0.027832963
1580216472 0.000946009
1580216472 0.042280185
1580216472 0.001498311
1580216472 0.001436038
1580216472 0.028876445
1580216472 0.033294869
1580216472 0.053694782
1580216472 0.00191269
1580216472 0.040512285
1580216472 0.044641422
1580216472 0.042699275
1580216472 0.043783997
1580216472 0.045199773
1580216472 0.000357268
1580216472 0.006418599
1580216472 0.023230741
1580216472 0.046292888
1580216472 0.043452206
1580216472 0.000407333
1580216472 0.04314592
1580216629 0.04430264
1580216629 0.046437523
1580216629 0.041411301
1580216629 0.036850317
1580216629 0.051328848
1580216629 0.015987662
1580216629 0.020975858
1580216629 0.045631257
1580216629 0.0420432
1580216629 0.001496605
1580216629 0.043795098
1580216629 0.046389652
1580216630 0.03360343
1580216630 0.000403855
1580216630 0.049850119
1580216630 0.001882868
1580216630 0.042546161
1580216630 0.001299044
1580216630 0.015941952
1580216630 0.008860692
1580216630 0.055469801
1580216630 0.04513076
1580216630 0.043268176
1580216630 0.002681437
1580216630 0.033513453
1580216812 0.001109067
1580216812 0.042769321
1580216812 0.047316385
1580216812 0.047908903
1580216812 0.038298812
1580216812 0.035392099
1580216812 0.052585942
1580216812 0.003037962
1580216812 0.045713927
1580216812 0.001204643
1580216812 0.026104297
1580216812 0.042773472
1580216812 0.045929828
1580216812 0.043403168
1580216812 0.03506672
1580216812 0.001165312
1580216812 0.04986276
1580216812 0.001742497
1580216812 0.046688576
1580216812 0.002642107
1580216812 0.040901383
1580216812 0.005058844
