1574710621 0 
1574710622 0 
1574710623 0 
1574707042 0 
1574707043 0 
1574707044 0 
1574708705 0 
1574708706 0 
1574708707 0 
1569849927 0 
1569849928 0 
1569849929 0 
1569849930 0 
1569850131 0 
1569850132 0 
1569850133 0 
1569850134 0 
1569850941 0 
1569850942 0 
1569850943 0 
1569850944 0 
1569850945 0 
1569851150 0 
1569851151 0 
1569851152 0 
1569851153 0 
1569851496 1 
1569851497 1 
1569851498 0 
1569851499 0 
1569851500 0 
1569851501 1 
1569851502 0 
1569851503 0 
1569851706 0 
1569851707 0 
1569851708 0 
1569851709 0 
1569851710 0 
1569851935 0 
1569851936 0 
1569851937 0 
1569851938 0 
1569851939 0 
1569852165 0 
1569852166 0 
1569852167 0 
1569852168 0 
1569852169 0 
1569852403 0 
1569852404 0 
1569852405 0 
1569852406 0 
1569852407 0 
1569852620 0 
1569852621 0 
1569852622 0 
1569852623 0 
1569853010 0 
1569853011 0 
1569853012 0 
1569853013 0 
1569853014 0 
1569853322 0 
1569853323 0 
1569853324 0 
1569853325 0 
1569853326 0 
1569853563 0 
1569853564 0 
1569853565 0 
1569853566 0 
1569854203 0 
1569854204 0 
1569854205 0 
1569854206 0 
1569854207 0 
1569855162 0 
1569855163 0 
1569855164 0 
1569855165 0 
1569855595 0 
1569855596 0 
1569855597 0 
1569855598 0 
1569855599 0 
1569855600 0 
1569855601 0 
1569855602 0 
1569855603 0 
1569855604 0 
1569855605 0 
1569855606 0 
1569855607 0 
1569855608 0 
1569855609 0 
1569855610 0 
1569855611 0 
1569855612 0 
1570446934 0 
1570446935 0 
1570446936 0 
1570446937 0 
1570448026 0 
1570448027 0 
1570448028 0 
1570448029 0 
1570448030 0 
1570448753 0 
1570448754 0 
1570448755 0 
1570448756 0 
1570448757 0 
1570449222 0 
1570449223 0 
1570449224 0 
1570449225 0 
1570449226 0 
1570449650 0 
1570449651 0 
1570449652 0 
1570449653 0 
1570449654 0 
1570543048 0 
1570543049 0 
1570543050 0 
1570543051 0 
1570543052 0 
1570543408 0 
1570543409 0 
1570543410 0 
1570543411 0 
1570543612 0 
1570543613 0 
1570543614 0 
1570543615 0 
1570544541 0 
1570544542 0 
1570544543 0 
1570544544 0 
1570544545 0 
1570544741 0 
1570544742 0 
1570544743 0 
1570544744 0 
1570544745 0 
1570545002 0 
1570545003 0 
1570545004 0 
1570545005 0 
1570545006 0 
1570545196 0 
1570545197 0 
1570545198 0 
1570545199 0 
1570545200 0 
1570545201 0 
1570545202 0 
1570545203 0 
1570545204 0 
1570545205 0 
1570545206 3 
1570545207 0 
1570545208 0 
1570545209 0 
1570545210 0 
1570545211 0 
1571322920 0 
1571322921 0 
1571322922 0 
1571322923 0 
1571322924 0 
1571323242 0 
1571323243 0 
1571323244 0 
1571323245 0 
1571323246 0 
1571323635 0 
1571323636 0 
1571323637 0 
1571323638 0 
1571323639 0 
1571324037 0 
1571324038 0 
1571324039 0 
1571324040 0 
1571324041 0 
1571324437 0 
1571324438 0 
1571324439 0 
1571324440 0 
1571324441 0 
1571325043 0 
1571325044 0 
1571325045 0 
1571325046 0 
1571325047 0 
1571325240 0 
1571325241 0 
1571325242 0 
1571325243 0 
1571325439 0 
1571325440 0 
1571325441 0 
1571325442 0 
1571325443 0 
1571325644 0 
1571325645 0 
1571325646 0 
1571325647 0 
1571325842 0 
1571325843 0 
1571325844 0 
1571325845 0 
1571325846 0 
1571326042 0 
1571326043 0 
1571326044 0 
1571326045 0 
1571326046 0 
1571326734 0 
1571326735 0 
1571326736 0 
1571326737 0 
1571326946 0 
1571326947 0 
1571326948 0 
1571326949 0 
1571326950 0 
1571327153 0 
1571327154 0 
1571327155 0 
1571327156 0 
1571327157 0 
1571327367 0 
1571327368 0 
1571327369 0 
1571327370 0 
1571327371 0 
1571327758 0 
1571327759 0 
1571327760 0 
1571327761 0 
1571328149 0 
1571328150 0 
1571328151 0 
1571328152 0 
1571328540 0 
1571328541 0 
1571328542 0 
1571328543 0 
1571328930 0 
1571328931 0 
1571328932 0 
1571328933 0 
1571328934 0 
1571329323 0 
1571329324 0 
1571329325 0 
1571329326 0 
1571329915 0 
1571329916 0 
1571329917 0 
1571329918 0 
1571329919 0 
1571395835 0 
1571395836 0 
1571395837 0 
1571395838 0 
1571395839 0 
1571396031 0 
1571396032 0 
1571396033 0 
1571396034 0 
1571396035 0 
1571396228 0 
1571396229 0 
1571396230 0 
1571396231 0 
1571396232 0 
1571396427 0 
1571396428 0 
1571396429 0 
1571396430 0 
1571396625 0 
1571396626 0 
1571396627 0 
1571396628 0 
1571396824 0 
1571396825 0 
1571396826 0 
1571396827 0 
1571396828 0 
1571397054 0 
1571397055 0 
1571397056 0 
1571397057 0 
1571397258 0 
1571397259 0 
1571397260 0 
1571397261 0 
1571397456 0 
1571397457 0 
1571397458 0 
1571397459 0 
1571397653 0 
1571397654 0 
1571397655 0 
1571397656 0 
1571397657 0 
1571397871 0 
1571397872 0 
1571397873 0 
1571397874 0 
1571397875 0 
1571398264 0 
1571398265 0 
1571398266 0 
1571398267 0 
1571398268 0 
1571398659 0 
1571398660 0 
1571398661 0 
1571398662 0 
1571398663 0 
1571399050 0 
1571399051 0 
1571399052 0 
1571399053 0 
1571399442 0 
1571399443 0 
1571399444 0 
1571399445 0 
1571399838 0 
1571399839 0 
1571399840 0 
1571399841 0 
1571400231 0 
1571400232 0 
1571400233 0 
1571400234 0 
1571400653 0 
1571400654 0 
1571400655 0 
1571400656 0 
1571401051 0 
1571401052 0 
1571401053 0 
1571401054 0 
1571401055 0 
1571401444 0 
1571401445 0 
1571401446 0 
1571401447 0 
1571404900 0 
1571404901 0 
1571404902 0 
1571404903 0 
1571404904 0 
1571405100 0 
1571405101 0 
1571405102 0 
1571405103 0 
1571405104 0 
1571405297 0 
1571405298 0 
1571405299 0 
1571405300 0 
1571405497 0 
1571405498 0 
1571405499 0 
1571405500 0 
1571405501 0 
1571405729 0 
1571405730 0 
1571405731 0 
1571405732 0 
1571405733 0 
1571406824 0 
1571406825 0 
1571406826 0 
1571406827 0 
1571406828 0 
1571407214 0 
1571407215 0 
1571407216 0 
1571407217 0 
1571407608 0 
1571407609 0 
1571407610 0 
1571407611 0 
1571407996 0 
1571407997 0 
1571407998 0 
1571407999 0 
1571408388 0 
1571408389 0 
1571408390 0 
1571408391 0 
1571408392 0 
1571408919 0 
1571408920 0 
1571408921 0 
1571408922 0 
1571409150 0 
1571409151 0 
1571409152 0 
1571409153 0 
1571409351 0 
1571409352 0 
1571409353 0 
1571409354 0 
1571409355 0 
1571409550 0 
1571409551 0 
1571409552 0 
1571409553 0 
1571409766 0 
1571409767 0 
1571409768 0 
1571409769 0 
1571664333 0 
1571664334 0 
1571664335 0 
1571664336 0 
1571664337 0 
1571664877 0 
1571664878 0 
1571664879 0 
1571664880 0 
1571665080 0 
1571665081 0 
1571665082 0 
1571665083 0 
1571665084 0 
1571665291 0 
1571665292 0 
1571665293 0 
1571665294 0 
1571665485 0 
1571665486 0 
1571665487 0 
1571665488 0 
1571665489 0 
1571665680 0 
1571665681 0 
1571665682 0 
1571665683 0 
1571665880 0 
1571665881 0 
1571665882 0 
1571665883 0 
1571665884 0 
1571666271 0 
1571666272 0 
1571666273 0 
1571666274 0 
1571666275 0 
1571666662 0 
1571666663 0 
1571666664 0 
1571666665 0 
1571666666 0 
1571667056 0 
1571667057 0 
1571667058 0 
1571667059 0 
1571667060 0 
1571667492 0 
1571667493 0 
1571667494 0 
1571667495 0 
1571667496 0 
1571668098 0 
1571668099 0 
1571668100 0 
1571668101 0 
1571668102 0 
1571668297 0 
1571668298 0 
1571668299 0 
1571668300 0 
1571668301 0 
1571668494 0 
1571668495 0 
1571668496 0 
1571668497 0 
1571668498 0 
1571668499 0 
1571668500 0 
1571668501 0 
1571668502 0 
1571668503 0 
1571668504 0 
1571668695 0 
1571668696 0 
1571668697 0 
1571668698 0 
1571668699 0 
1571668892 0 
1571668893 0 
1571668894 0 
1571668895 0 
1571669144 0 
1571669145 0 
1571669146 0 
1571669147 0 
1571669148 0 
1571669544 0 
1571669545 0 
1571669546 0 
1571669547 0 
1571669548 0 
1571751969 0 
1571751970 0 
1571751971 0 
1571751972 0 
1571752163 0 
1571752164 0 
1571752165 0 
1571752166 0 
1571752167 0 
1571752363 0 
1571752364 0 
1571752365 0 
1571752366 0 
1571752567 0 
1571752568 0 
1571752569 0 
1571752570 0 
1571752571 0 
1571752763 0 
1571752764 0 
1571752765 0 
1571752766 0 
1571752959 0 
1571752960 0 
1571752961 0 
1571752962 0 
1571753156 0 
1571753157 0 
1571753158 0 
1571753159 0 
1571753160 0 
1571753354 0 
1571753355 0 
1571753356 0 
1571753357 0 
1571753551 0 
1571753552 0 
1571753553 0 
1571753554 0 
1571753555 0 
1571753747 0 
1571753748 0 
1571753749 0 
1571753750 0 
1571754055 0 
1571754056 0 
1571754057 0 
1571754058 0 
1571754059 0 
1571754452 0 
1571754453 0 
1571754454 0 
1571754455 0 
1571754456 0 
1571754845 0 
1571754846 0 
1571754847 0 
1571754848 0 
1571754849 0 
1571755248 0 
1571755249 0 
1571755250 0 
1571755251 0 
1571755252 0 
1571755812 0 
1571755813 0 
1571755814 0 
1571755815 0 
1571755816 0 
1571756481 0 
1571756482 0 
1571756483 0 
1571756484 0 
1571756485 0 
1571756893 0 
1571756894 0 
1571756895 0 
1571756896 0 
1571757342 0 
1571757343 0 
1571757344 0 
1571757345 0 
1571757731 0 
1571757732 0 
1571757733 0 
1571757734 0 
1571758130 0 
1571758131 0 
1571758132 0 
1571758133 0 
1571758134 0 
1571758520 0 
1571758521 0 
1571758522 0 
1571758523 0 
1571758524 0 
1571760104 0 
1571760105 0 
1571760106 0 
1571760107 0 
1571760108 0 
1571760301 0 
1571760302 0 
1571760303 0 
1571760304 0 
1571760502 0 
1571760503 0 
1571760504 0 
1571760505 0 
1571760506 0 
1571760701 0 
1571760702 0 
1571760703 0 
1571760704 0 
1571760900 0 
1571760901 0 
1571760902 0 
1571760903 0 
1571761112 0 
1571761113 0 
1571761114 0 
1571761115 0 
1571761311 0 
1571761312 0 
1571761313 0 
1571761314 0 
1571761506 0 
1571761507 0 
1571761508 0 
1571761509 0 
1571761701 0 
1571761702 0 
1571761703 0 
1571761704 0 
1571761705 0 
1571761901 0 
1571761902 0 
1571761903 0 
1571761904 0 
1571761905 0 
1571761906 0 
1571762135 0 
1571762136 0 
1571762137 0 
1571762138 0 
1571762139 0 
1571762924 0 
1571762925 0 
1571762926 0 
1571762927 0 
1571762928 0 
1571763312 0 
1571763313 0 
1571763314 0 
1571763315 0 
1571763316 0 
1571763704 0 
1571763705 0 
1571763706 0 
1571763707 0 
1571764108 0 
1571764109 0 
1571764110 0 
1571764111 0 
1571764112 0 
1571764113 0 
1571764521 0 
1571764522 0 
1571764523 0 
1571764524 0 
1571764525 0 
1571764914 0 
1571764915 0 
1571764916 0 
1571764917 0 
1571765302 0 
1571765303 0 
1571765304 0 
1571765305 0 
1571765693 0 
1571765694 0 
1571765695 0 
1571765696 0 
1571765697 0 
1571766270 0 
1571766271 0 
1571766272 0 
1571766273 0 
1571767053 0 
1571767054 0 
1571767055 0 
1571767056 0 
1571922201 0 
1571922202 0 
1571922203 0 
1571922204 0 
1571922205 0 
1572003212 0 
1572003213 0 
1572003214 0 
1572003215 0 
1572003216 0 
1572003406 0 
1572003407 0 
1572003408 0 
1572003409 0 
1572003410 0 
1572003604 0 
1572003605 0 
1572003606 0 
1572003607 0 
1572003608 0 
1572003802 0 
1572003803 0 
1572003804 0 
1572003805 0 
1572003806 0 
1572003986 0 
1572003987 0 
1572003988 0 
1572003989 0 
1572003990 0 
1572003991 0 
1572003992 0 
1572003993 0 
1572003994 0 
1572003995 0 
1572003996 0 
1572003997 0 
1572003998 0 
1572003999 0 
1572004000 0 
1572004001 0 
1572004002 0 
1572004193 0 
1572004194 0 
1572004195 0 
1572004196 0 
1572004197 0 
1572004388 0 
1572004389 0 
1572004390 0 
1572004391 0 
1572004588 0 
1572004589 0 
1572004590 0 
1572004591 0 
1572004789 0 
1572004790 0 
1572004791 0 
1572004792 0 
1572004793 0 
1572004988 0 
1572004989 0 
1572004990 0 
1572004991 0 
1572004992 0 
1572006279 0 
1572006280 0 
1572006281 0 
1572006282 0 
1572006283 0 
1572007017 0 
1572007018 0 
1572007019 0 
1572007020 0 
1572007410 0 
1572007411 0 
1572007412 0 
1572007413 0 
1572007414 0 
1572007904 0 
1572007905 0 
1572007906 0 
1572007907 0 
1572007908 0 
1572008314 0 
1572008315 0 
1572008316 0 
1572008317 0 
1572008318 0 
1572008717 0 
1572008718 0 
1572008719 0 
1572008720 0 
1572008721 0 
1572009112 0 
1572009113 0 
1572009114 0 
1572009115 0 
1572009501 0 
1572009502 0 
1572009503 0 
1572009504 0 
1572009892 0 
1572009893 0 
1572009894 0 
1572009895 0 
1572009896 0 
1572010287 0 
1572010288 0 
1572010289 0 
1572010290 0 
1572010291 0 
1572010678 0 
1572010679 0 
1572010680 0 
1572010681 0 
1572010682 0 
1572011190 0 
1572011191 0 
1572011192 0 
1572011193 0 
1572011386 0 
1572011387 0 
1572011388 0 
1572011389 0 
1572011390 0 
1572011580 0 
1572011581 0 
1572011582 0 
1572011583 0 
1572011584 0 
1572011779 0 
1572011780 0 
1572011781 0 
1572011782 0 
1572011783 0 
1572011976 0 
1572011977 0 
1572011978 0 
1572011979 0 
1572012173 0 
1572012174 0 
1572012175 0 
1572012176 0 
1572012177 0 
1572012368 0 
1572012369 0 
1572012370 0 
1572012371 0 
1572012372 0 
1572012562 0 
1572012563 0 
1572012564 0 
1572012565 0 
1572012566 0 
1572012757 0 
1572012758 0 
1572012759 0 
1572012760 0 
1572012761 0 
1572012950 0 
1572012951 0 
1572012952 0 
1572012953 0 
1572012954 0 
1572013240 0 
1572013241 0 
1572013242 0 
1572013243 0 
1572013633 0 
1572013634 0 
1572013635 0 
1572013636 0 
1572013637 0 
1572014026 0 
1572014027 0 
1572014028 0 
1572014029 0 
1572014417 0 
1572014418 0 
1572014419 0 
1572014420 0 
1572014806 0 
1572014807 0 
1572014808 0 
1572014809 0 
1572014810 0 
1572265010 0 
1572265011 0 
1572265012 0 
1572265013 0 
1572265207 0 
1572265208 0 
1572265209 0 
1572265210 0 
1572265405 0 
1572265406 0 
1572265407 0 
1572265408 0 
1572265603 0 
1572265604 0 
1572265605 0 
1572265606 0 
1572265607 0 
1572265801 0 
1572265802 0 
1572265803 0 
1572265804 0 
1572266011 0 
1572266012 0 
1572266013 0 
1572266014 0 
1572266015 0 
1572266204 0 
1572266205 0 
1572266206 0 
1572266207 0 
1572266208 0 
1572266405 0 
1572266406 0 
1572266407 0 
1572266408 0 
1572266409 0 
1572266608 0 
1572266609 0 
1572266610 0 
1572266611 0 
1572268087 0 
1572268088 0 
1572268089 0 
1572268090 0 
1572268091 0 
1572268858 0 
1572268859 0 
1572268860 0 
1572268861 0 
1572268862 0 
1572269272 0 
1572269273 0 
1572269274 0 
1572269275 0 
1572269678 0 
1572269679 0 
1572269680 0 
1572269681 0 
1572269682 0 
1572270095 0 
1572270096 0 
1572270097 0 
1572270098 0 
1572270099 0 
1572270491 0 
1572270492 0 
1572270493 0 
1572270494 0 
1572270495 0 
1572270885 0 
1572270886 0 
1572270887 0 
1572270888 0 
1572270889 0 
1572272246 0 
1572272247 0 
1572272248 0 
1572272249 0 
1572272577 0 
1572272578 0 
1572272579 0 
1572272580 0 
1572272912 0 
1572272913 0 
1572272914 0 
1572272915 0 
1572273245 0 
1572273246 0 
1572273247 0 
1572273591 0 
1572273592 0 
1572273593 0 
1572273594 0 
1572274083 0 
1572274084 0 
1572274085 0 
1572274086 0 
1572274251 0 
1572274252 0 
1572274253 0 
1572274254 0 
1572274427 0 
1572274428 0 
1572274429 0 
1572274593 0 
1572274594 0 
1572274595 0 
1572274765 0 
1572274766 0 
1572274767 0 
1572274768 0 
1572274935 0 
1572274936 0 
1572274937 0 
1572274938 0 
1572275104 0 
1572275105 0 
1572275106 0 
1572275282 0 
1572275283 0 
1572275284 0 
1572275285 0 
1572275451 0 
1572275452 0 
1572275453 0 
1572275454 0 
1572275626 0 
1572275627 0 
1572275628 0 
1572275629 0 
1572276013 0 
1572276014 0 
1572276015 0 
1572276016 0 
1572276349 0 
1572276350 0 
1572276351 0 
1572276686 0 
1572276687 0 
1572276688 0 
1572276689 0 
1572277017 0 
1572277018 0 
1572277019 0 
1572277020 0 
1572277348 0 
1572277349 0 
1572277350 0 
1572277655 0 
1572277656 0 
1572277657 0 
1572277658 1 
1572277659 1 
1572277660 1 
1572277661 1 
1572277662 1 
1572277663 2 
1572277664 2 
1572277665 2 
1572277666 1 
1572277667 1 
1572277668 1 
1572277669 2 
1572277670 2 
1572277671 2 
1572277672 2 
1572277673 1 
1572277674 2 
1572277675 1 
1572277676 0 
1572277677 0 
1572277678 0 
1572277679 0 
1572277680 0 
1572277681 0 
1572277682 0 
1572277683 0 
1572277684 0 
1572277685 0 
1572277686 0 
1572277687 0 
1572277688 0 
1572277689 0 
1572277690 0 
1572277691 0 
1572277692 0 
1572277693 0 
1572277694 0 
1572277695 0 
1572277696 0 
1572277697 0 
1572278042 0 
1572278043 0 
1572278044 0 
1572278375 0 
1572278376 0 
1572278377 0 
1572278378 0 
1572361223 0 
1572361224 0 
1572361225 0 
1572361226 0 
1572361421 0 
1572361422 0 
1572361423 0 
1572361424 0 
1572361616 0 
1572361617 0 
1572361618 0 
1572361619 0 
1572361620 0 
1572361811 0 
1572361812 0 
1572361813 0 
1572361814 0 
1572361815 0 
1572362009 0 
1572362010 0 
1572362011 0 
1572362012 0 
1572362204 0 
1572362205 0 
1572362206 0 
1572362207 0 
1572362208 0 
1572362400 0 
1572362401 0 
1572362402 0 
1572362403 0 
1572362596 0 
1572362597 0 
1572362598 0 
1572362599 0 
1572362795 0 
1572362796 0 
1572362797 0 
1572362798 0 
1572362991 0 
1572362992 0 
1572362993 0 
1572362994 0 
1572363434 0 
1572363435 0 
1572363436 0 
1572363437 0 
1572363764 0 
1572363765 0 
1572363766 0 
1572363767 0 
1572364094 0 
1572364095 0 
1572364096 0 
1572364424 0 
1572364425 0 
1572364426 0 
1572364427 0 
1572364757 0 
1572364758 0 
1572364759 0 
1572364760 0 
1572365099 0 
1572365100 0 
1572365101 0 
1572365476 0 
1572365477 0 
1572365478 0 
1572365479 0 
1572365849 0 
1572365850 0 
1572365851 0 
1572366188 0 
1572366189 0 
1572366190 0 
1572366523 0 
1572366524 0 
1572366525 0 
1572366526 0 
1572366875 0 
1572366876 0 
1572366877 0 
1572366878 0 
1572367043 0 
1572367044 0 
1572367045 0 
1572367212 0 
1572367213 0 
1572367214 0 
1572367381 0 
1572367382 0 
1572367383 0 
1572367545 0 
1572367546 0 
1572367547 0 
1572367548 0 
1572367549 0 
1572367550 0 
1572367551 0 
1572367552 0 
1572367553 0 
1572367554 0 
1572367555 0 
1572367556 0 
1572367557 0 
1572367558 0 
1572367559 0 
1572367560 0 
1572367561 0 
1572367562 0 
1572367563 0 
1572367564 0 
1572367565 0 
1572367566 0 
1572367734 0 
1572367735 0 
1572367736 0 
1572367737 0 
1572367910 0 
1572367911 0 
1572367912 0 
1572367913 0 
1572368078 0 
1572368079 0 
1572368080 0 
1572368245 0 
1572368246 0 
1572368247 0 
1572368410 0 
1572368411 0 
1572368412 0 
1572368413 0 
1572369553 0 
1572369554 0 
1572369555 0 
1572369556 0 
1572369883 0 
1572369884 0 
1572369885 0 
1572369886 0 
1572370213 0 
1572370214 0 
1572370215 0 
1572370216 0 
1572370546 0 
1572370547 0 
1572370548 0 
1572370549 0 
1572370874 0 
1572370875 0 
1572370876 0 
1572370877 0 
1572371537 0 
1572371538 0 
1572371539 0 
1572371540 0 
1572371866 0 
1572371867 0 
1572371868 0 
1572371869 0 
1572372196 0 
1572372197 0 
1572372198 0 
1572372524 0 
1572372525 0 
1572372526 0 
1572372527 0 
1572532341 0 
1572532342 0 
1572532343 0 
1572532344 0 
1572532542 0 
1572532543 0 
1572532544 0 
1572532545 0 
1572532546 0 
1572532748 0 
1572532749 0 
1572532750 0 
1572532751 0 
1572533531 0 
1572533532 0 
1572533533 0 
1572533534 0 
1572533869 0 
1572533870 0 
1572533871 0 
1572533872 0 
1572534223 0 
1572534224 0 
1572534225 0 
1572534226 0 
1572534570 0 
1572534571 0 
1572534572 0 
1572534573 0 
1572534902 0 
1572534903 0 
1572534904 0 
1572534905 0 
1572535250 0 
1572535251 0 
1572535252 0 
1572535253 0 
1572535581 0 
1572535582 0 
1572535583 0 
1572535584 0 
1572535917 0 
1572535918 0 
1572535919 0 
1572536248 0 
1572536249 0 
1572536250 0 
1572536251 0 
1572536614 0 
1572536615 0 
1572536616 0 
1572537214 0 
1572537215 0 
1572537216 0 
1572537217 0 
1572537869 0 
1572537870 0 
1572537871 0 
1572537872 0 
1572538521 0 
1572538522 0 
1572538523 0 
1572538524 0 
1572539178 0 
1572539179 0 
1572539180 0 
1572539181 0 
1572539830 0 
1572539831 0 
1572539832 0 
1572539833 0 
1572540737 0 
1572540738 0 
1572540739 0 
1572540740 0 
1572541390 0 
1572541391 0 
1572541392 0 
1572541393 0 
1572542039 0 
1572542040 0 
1572542041 0 
1572542042 0 
1572542686 0 
1572542687 0 
1572542688 0 
1572542689 0 
1572543332 0 
1572543333 0 
1572543334 0 
1572544463 0 
1572544464 0 
1572544465 0 
1572544466 0 
1572544630 0 
1572544631 0 
1572544632 0 
1572544633 0 
1572544800 0 
1572544801 0 
1572544802 0 
1572544803 0 
1572544975 0 
1572544976 0 
1572544977 0 
1572545149 0 
1572545150 0 
1572545151 0 
1572869974 0 
1572869975 0 
1572869976 0 
1572869977 0 
1572870142 0 
1572870143 0 
1572870144 0 
1572870145 0 
1572870363 0 
1572870364 0 
1572870365 0 
1572870366 0 
1572870548 0 
1572870549 0 
1572870550 0 
1572870551 0 
1572870765 0 
1572870766 0 
1572870767 0 
1572870768 0 
1572871104 0 
1572871105 0 
1572871106 0 
1572871755 0 
1572871756 0 
1572871757 0 
1572872403 0 
1572872404 0 
1572872405 0 
1572872406 0 
1572873085 0 
1572873086 0 
1572873087 0 
1572873734 0 
1572873735 0 
1572873736 0 
1572873737 0 
1572874796 0 
1572874797 0 
1572874798 0 
1572874799 0 
1572875647 0 
1572875648 0 
1572875649 0 
1572875650 0 
1572876882 0 
1572876883 0 
1572876884 0 
1572877536 0 
1572877537 0 
1572877538 0 
1572877539 0 
1572878747 0 
1572878748 0 
1572878749 0 
1572878750 0 
1572878751 0 
1572878752 0 
1572878753 0 
1572878754 0 
1572878755 0 
1572878756 0 
1572878757 0 
1572878758 0 
1572878759 0 
1572878760 0 
1572878761 0 
1572878762 0 
1572878763 0 
1572878764 0 
1572878765 1 
1572879876 0 
1572879877 0 
1572879878 0 
1572880158 0 
1572880159 0 
1572880160 0 
1572880493 0 
1572880494 0 
1572880495 0 
1572880496 0 
1572880833 0 
1572880834 0 
1572880835 0 
1572881178 0 
1572881179 0 
1572881180 0 
1572881181 0 
1572881513 0 
1572881514 0 
1572881515 0 
1572881845 0 
1572881846 0 
1572881847 0 
1572881848 0 
1572882176 0 
1572882177 0 
1572882178 0 
1572882179 0 
1572882557 0 
1572882558 0 
1572882559 0 
1572882560 0 
1572882561 0 
1572882562 0 
1572882563 0 
1572882564 0 
1572882565 0 
1572882566 0 
1572882567 0 
1572882568 0 
1572882569 0 
1572882915 0 
1572882916 0 
1572882917 0 
1572882918 0 
1572883256 0 
1572883257 0 
1572883258 0 
1572883259 0 
1572965356 0 
1572965357 0 
1572965358 0 
1572965359 0 
1572965524 0 
1572965525 0 
1572965526 0 
1572965691 0 
1572965692 0 
1572965693 0 
1572965694 0 
1572965860 0 
1572965861 0 
1572965862 0 
1572965863 0 
1572966032 0 
1572966033 0 
1572966034 0 
1572966197 0 
1572966198 0 
1572966199 0 
1572966200 0 
1572966369 0 
1572966370 0 
1572966371 0 
1572966372 0 
1572966553 0 
1572966554 0 
1572966555 0 
1572966556 0 
1572966726 0 
1572966727 0 
1572966728 0 
1572966729 0 
1572966730 0 
1572966731 0 
1572966897 0 
1572966898 0 
1572966899 0 
1572967167 0 
1572967168 0 
1572967169 0 
1572967170 0 
1572967823 0 
1572967824 0 
1572967825 0 
1572967826 0 
1572969127 0 
1572969128 0 
1572969129 0 
1572969130 0 
1572969781 0 
1572969782 0 
1572969783 0 
1572970440 0 
1572970441 0 
1572970442 0 
1572970443 0 
1572971092 0 
1572971093 0 
1572971094 0 
1572971095 0 
1572971754 0 
1572971755 0 
1572971756 0 
1572971757 0 
1572972413 0 
1572972414 0 
1572972415 0 
1572972416 0 
1572973126 0 
1572973127 0 
1572973128 0 
1572973129 0 
1572973780 0 
1572973781 0 
1572973782 0 
1572974429 0 
1572974430 0 
1572974431 0 
1572975158 0 
1572975159 0 
1572975160 0 
1572975161 0 
1572975485 0 
1572975486 0 
1572975487 0 
1572975488 0 
1572975834 0 
1572975835 0 
1572975836 0 
1572975837 0 
1572975838 0 
1572976228 0 
1572976229 0 
1572976230 0 
1572976231 0 
1572976567 0 
1572976568 0 
1572976569 0 
1572976896 0 
1572976897 0 
1572976898 0 
1572976899 0 
1572977226 0 
1572977227 0 
1572977228 0 
1572977229 0 
1572977590 0 
1572977591 0 
1572977592 0 
1572977937 0 
1572977938 0 
1572977939 0 
1572977940 0 
1573207003 0 
1573207004 0 
1573207005 0 
1573207171 0 
1573207172 0 
1573207173 0 
1573207174 0 
1573207340 0 
1573207341 0 
1573207342 0 
1573207343 0 
1573207507 0 
1573207508 0 
1573207509 0 
1573207677 0 
1573207678 0 
1573207679 0 
1573207680 0 
1573207845 0 
1573207846 0 
1573207847 0 
1573208011 0 
1573208012 0 
1573208013 0 
1573208014 0 
1573208176 0 
1573208177 0 
1573208178 0 
1573208343 0 
1573208344 0 
1573208345 0 
1573208346 0 
1573208510 0 
1573208511 0 
1573208512 0 
1573208715 0 
1573208716 0 
1573208717 0 
1573208718 0 
1573209366 0 
1573209367 0 
1573209368 0 
1573210032 0 
1573210033 0 
1573210034 0 
1573210698 0 
1573210699 0 
1573210700 0 
1573211364 0 
1573211365 0 
1573211366 0 
1573212019 0 
1573212020 0 
1573212021 0 
1573212022 0 
1573212668 0 
1573212669 0 
1573212670 0 
1573212671 0 
1573213322 0 
1573213323 0 
1573213324 0 
1573213990 0 
1573213991 0 
1573213992 0 
1573214647 0 
1573214648 0 
1573214649 0 
1573214650 0 
1573218182 0 
1573218183 0 
1573218184 0 
1573218185 0 
1573218511 0 
1573218512 0 
1573218513 0 
1573218902 0 
1573218903 0 
1573218904 0 
1573218905 0 
1573220245 0 
1573220246 0 
1573220247 0 
1573220248 0 
1573220413 0 
1573220414 0 
1573220415 0 
1573220580 0 
1573220581 0 
1573220582 0 
1573220583 0 
1573220749 0 
1573220750 0 
1573220751 0 
1573220752 0 
1573220916 0 
1573220917 0 
1573220918 0 
1573220919 0 
1573221084 0 
1573221085 0 
1573221086 0 
1573221087 0 
1573221249 0 
1573221250 0 
1573221251 0 
1573221417 0 
1573221418 0 
1573221419 0 
1573221420 0 
1573221584 0 
1573221585 0 
1573221586 0 
1573221587 0 
1573221753 0 
1573221754 0 
1573221755 0 
1573221756 0 
1573221943 0 
1573221944 0 
1573221945 0 
1573222114 0 
1573222115 0 
1573222116 0 
1573222117 0 
1573222280 0 
1573222281 0 
1573222282 0 
1573222283 0 
1573222445 0 
1573222446 0 
1573222447 0 
1573222448 0 
1573222614 0 
1573222615 0 
1573222616 0 
1573301094 0 
1573301095 1 
1573301096 0 
1573301097 0 
1573301263 0 
1573301264 1 
1573301265 0 
1573301266 0 
1573301433 0 
1573301434 0 
1573301435 0 
1573301613 0 
1573301614 0 
1573301615 0 
1573301616 0 
1573301798 0 
1573301799 0 
1573301800 0 
1573301801 0 
1573301969 0 
1573301970 0 
1573301971 0 
1573301972 0 
1573302145 0 
1573302146 0 
1573302147 0 
1573302148 0 
1573302320 0 
1573302321 0 
1573302322 0 
1573302488 0 
1573302489 0 
1573302490 0 
1573302491 0 
1573302655 0 
1573302656 0 
1573302657 0 
1573302658 0 
1573303803 0 
1573303804 0 
1573303805 0 
1573303806 0 
1573303971 0 
1573303972 0 
1573303973 0 
1573304136 0 
1573304137 0 
1573304138 0 
1573304298 0 
1573304299 0 
1573304300 0 
1573304301 0 
1573304460 0 
1573304461 0 
1573304462 0 
1573304463 0 
1573304628 0 
1573304629 0 
1573304630 0 
1573304786 0 
1573304787 0 
1573304788 0 
1573304789 0 
1573304945 0 
1573304946 0 
1573304947 0 
1573304948 0 
1573305110 0 
1573305111 0 
1573305112 0 
1573305269 0 
1573305270 0 
1573305271 0 
1573306406 0 
1573306407 0 
1573306408 0 
1573306409 0 
1573306743 0 
1573306744 0 
1573306745 0 
1573307066 0 
1573307067 0 
1573307068 0 
1573307069 0 
1573307402 0 
1573307403 0 
1573307404 0 
1573307405 0 
1573307719 0 
1573307720 0 
1573307721 0 
1573307722 0 
1573308032 0 
1573308033 0 
1573308034 0 
1573308035 0 
1573308036 0 
1573308037 0 
1573308038 0 
1573308039 0 
1573308040 0 
1573308041 0 
1573308042 0 
1573308043 0 
1573308354 0 
1573308355 0 
1573308356 0 
1573308357 0 
1573308685 0 
1573308686 0 
1573308687 0 
1573308688 0 
1573309006 0 
1573309007 0 
1573309008 0 
1573309336 0 
1573309337 0 
1573309338 0 
1573309339 0 
1573310177 0 
1573310178 0 
1573310179 0 
1573310180 0 
1573310803 0 
1573310804 0 
1573310805 0 
1573311418 0 
1573311419 0 
1573311420 0 
1573311421 0 
1573312035 0 
1573312036 0 
1573312037 0 
1573312038 0 
1573312735 0 
1573312736 0 
1573312737 0 
1573313356 0 
1573313357 0 
1573313358 0 
1573313976 0 
1573313977 0 
1573313978 0 
1573313979 0 
1573314605 0 
1573314606 0 
1573314607 0 
1573314608 0 
1573741839 0 
1573741840 0 
1573741841 0 
1573741956 0 
1573741957 0 
1573741958 0 
1573741959 0 
1573743579 0 
1573743580 0 
1573743581 0 
1573743582 0 
1573743583 0 
1573743584 0 
1573743585 0 
1573743586 0 
1573743587 0 
1573743588 0 
1573743589 0 
1573743590 0 
1573743690 0 
1573743691 0 
1573743692 0 
1573743780 0 
1573743781 0 
1573743782 0 
1573743783 0 
1573743784 0 
1573743785 0 
1573743786 0 
1573743787 0 
1573743788 0 
1573743789 0 
1573743790 0 
1573743791 0 
1573743887 0 
1573743888 0 
1573743889 0 
1573743977 0 
1573743978 0 
1573743979 0 
1573743980 0 
1573743981 0 
1573743982 0 
1573743983 0 
1573743984 0 
1573743985 0 
1573743986 0 
1573743987 0 
1573743988 0 
1573743989 0 
1573744074 0 
1573744075 0 
1573744076 0 
1573744077 0 
1573744078 0 
1573744079 0 
1573744080 0 
1573744081 0 
1573744082 0 
1573744083 0 
1573744084 0 
1573744085 0 
1573744172 0 
1573744173 0 
1573744174 0 
1573744175 0 
1573744176 0 
1573744177 0 
1573744178 0 
1573744179 0 
1573744180 0 
1573744181 0 
1573744182 0 
1573744183 0 
1573744279 0 
1573744280 0 
1573744281 0 
1573744366 0 
1573744367 0 
1573744368 0 
1573744369 0 
1573744370 0 
1573744371 0 
1573744372 0 
1573744373 0 
1573744374 0 
1573744375 0 
1573744376 0 
1573744377 0 
1573744457 0 
1573744458 0 
1573744459 0 
1573744460 0 
1573744461 0 
1573744462 0 
1573744463 0 
1573744464 0 
1573744465 0 
1573744466 0 
1573744467 0 
1573744468 0 
1573744577 0 
1573744578 0 
1573744579 0 
1573744580 0 
1573744671 0 
1573744672 0 
1573744673 0 
1573744785 0 
1573744786 0 
1573744787 0 
1573744882 0 
1573744883 0 
1573744884 0 
1573744885 0 
1573745010 0 
1573745011 0 
1573745012 0 
1573745013 0 
1573745014 0 
1573745015 0 
1573745016 0 
1573745017 0 
1573745018 0 
1573745019 0 
1573745020 0 
1573745021 0 
1573745108 0 
1573745109 0 
1573745110 0 
1573745111 0 
1573745112 0 
1573745113 0 
1573745114 0 
1573745115 0 
1573745116 0 
1573745117 0 
1573745118 0 
1573745119 0 
1573745300 0 
1573745301 0 
1573745302 0 
1573745303 0 
1573745388 0 
1573745389 0 
1573745390 0 
1573745391 0 
1573745392 0 
1573745393 0 
1573745394 0 
1573745395 0 
1573745396 0 
1573745397 0 
1573745398 0 
1573745399 0 
1573745400 0 
1573745401 0 
1573745402 0 
1573745403 0 
1573745404 0 
1573745405 0 
1573745500 0 
1573745501 0 
1573745502 0 
1573745600 0 
1573745601 0 
1573745602 0 
1573745690 0 
1573745691 0 
1573745692 0 
1573745693 0 
1573745694 0 
1573745695 0 
1573745696 0 
1573745697 0 
1573745698 0 
1573745699 0 
1573745700 0 
1573745701 0 
1573745801 0 
1573745802 0 
1573745803 0 
1573745804 0 
1573745900 0 
1573745901 0 
1573745902 0 
1573745903 0 
1573745987 0 
1573745988 0 
1573745989 0 
1573745990 0 
1573745991 0 
1573745992 0 
1573745993 0 
1573745994 0 
1573745995 0 
1573745996 0 
1573745997 0 
1573745998 0 
1573746096 0 
1573746097 0 
1573746098 0 
1573746194 0 
1573746195 0 
1573746196 0 
1573746287 0 
1573746288 0 
1573746289 0 
1573746290 0 
1573746291 0 
1573746292 0 
1573746293 0 
1573746294 0 
1573746295 0 
1573746296 0 
1573746297 0 
1573746298 0 
1573746388 0 
1573746389 0 
1573746390 0 
1573746391 0 
1573746392 0 
1573746393 0 
1573746394 0 
1573746395 0 
1573746396 0 
1573746397 0 
1573746398 0 
1573746399 0 
1573746494 0 
1573746495 0 
1573746496 0 
1573746589 0 
1573746590 0 
1573746591 0 
1573746592 0 
1573748909 0 
1573748910 0 
1573748911 0 
1573748912 0 
1573748998 0 
1573748999 0 
1573749000 0 
1573749001 0 
1573749002 0 
1573749003 0 
1573749004 0 
1573749005 0 
1573749006 0 
1573749007 0 
1573749008 0 
1573749009 0 
1573749107 0 
1573749108 0 
1573749109 0 
1573749219 0 
1573749220 0 
1573749221 0 
1573749312 0 
1573749313 0 
1573749314 0 
1573749315 0 
1573749445 0 
1573749446 0 
1573749447 0 
1573749448 0 
1573749551 0 
1573749552 0 
1573749553 0 
1573749650 0 
1573749651 0 
1573749652 0 
1573749739 0 
1573749740 0 
1573749741 0 
1573749742 0 
1573749743 0 
1573749744 0 
1573749745 0 
1573749746 0 
1573749747 0 
1573749748 0 
1573749749 0 
1573749750 0 
1573749751 0 
1573749845 0 
1573749846 0 
1573749847 0 
1573749848 0 
1573752442 0 
1573752443 0 
1573752444 0 
1573752691 0 
1573752692 0 
1573752693 0 
1573752694 0 
1573752695 0 
1573752696 0 
1573752697 0 
1573752698 0 
1573752699 0 
1573752700 0 
1573752701 0 
1573752702 0 
1573752850 0 
1573752851 0 
1573752852 0 
1573752853 0 
1573752854 0 
1573752855 0 
1573752856 0 
1573752857 0 
1573752858 0 
1573752859 0 
1573752860 0 
1573752861 0 
1573753017 0 
1573753018 0 
1573753019 0 
1573753174 0 
1573753175 0 
1573753176 0 
1573753177 0 
1573753329 0 
1573753330 0 
1573753331 0 
1573753480 0 
1573753481 0 
1573753482 0 
1573753483 0 
1573753484 0 
1573753485 0 
1573753486 0 
1573753487 0 
1573753488 0 
1573753489 0 
1573753490 0 
1573753491 0 
1573753641 0 
1573753642 0 
1573753643 0 
1573753644 0 
1573753804 0 
1573753805 0 
1573753806 0 
1573754624 0 
1573754625 0 
1573754626 0 
1573754783 0 
1573754784 0 
1573754785 0 
1573755112 0 
1573755113 0 
1573755114 0 
1573755115 0 
1573755271 0 
1573755272 0 
1573755273 0 
1573755430 0 
1573755431 0 
1573755432 0 
1573755586 0 
1573755587 0 
1573755588 0 
1573755744 0 
1573755745 0 
1573755746 0 
1573755747 0 
1573755902 0 
1573755903 0 
1573755904 0 
1573756060 0 
1573756061 0 
1573756062 0 
1573827954 0 
1573827955 0 
1573827956 0 
1573828257 0 
1573828258 0 
1573828259 0 
1573828260 0 
1573828261 0 
1573828262 0 
1573828263 0 
1573828264 0 
1573828265 0 
1573828266 0 
1573828267 0 
1573828268 0 
1573828568 0 
1573828569 0 
1573828570 0 
1573828571 0 
1573828572 0 
1573828573 0 
1573828574 0 
1573828575 0 
1573828576 0 
1573828577 0 
1573828578 0 
1573828579 0 
1573829187 0 
1573829188 0 
1573829189 0 
1573829493 0 
1573829494 0 
1573829495 0 
1573829874 0 
1573829875 0 
1573829876 0 
1573830360 0 
1573830361 0 
1573830362 0 
1573830659 0 
1573830660 0 
1573830661 0 
1573830662 0 
1573830663 0 
1573830664 0 
1573830665 0 
1573830666 0 
1573830667 0 
1573830668 0 
1573830669 0 
1573830670 0 
1573830967 0 
1573830968 0 
1573830969 0 
1573830970 0 
1573830971 0 
1573830972 0 
1573830973 0 
1573830974 0 
1573830975 0 
1573830976 0 
1573830977 0 
1573830978 0 
1573831368 0 
1573831369 0 
1573831370 0 
1573831525 0 
1573831526 0 
1573831527 0 
1573831683 0 
1573831684 0 
1573831685 0 
1573831856 0 
1573831857 0 
1573831858 0 
1573832008 0 
1573832009 0 
1573832010 0 
1573832011 0 
1573832167 0 
1573832168 0 
1573832169 0 
1573832170 0 
1573832324 0 
1573832325 0 
1573832326 0 
1573832490 0 
1573832491 0 
1573832492 0 
1573832493 0 
1573832646 0 
1573832647 0 
1573832648 0 
1573832800 0 
1573832801 0 
1573832802 0 
1573832803 0 
1573832984 0 
1573832985 0 
1573832986 0 
1573833154 0 
1573833155 0 
1573833156 0 
1573833317 0 
1573833318 0 
1573833319 0 
1573833320 0 
1573833474 0 
1573833475 0 
1573833476 0 
1573833632 0 
1573833633 0 
1573833634 0 
1573901006 0 
1573901007 0 
1573901008 0 
1573901009 0 
1573901156 0 
1573901157 0 
1573901158 0 
1573901159 0 
1573901160 0 
1573901161 0 
1573901162 0 
1573901163 0 
1573901164 0 
1573901165 0 
1573901166 0 
1573901320 0 
1573901321 0 
1573901322 0 
1573901476 0 
1573901477 0 
1573901478 0 
1573901637 0 
1573901638 0 
1573901639 0 
1573901790 0 
1573901791 0 
1573901792 0 
1573901793 0 
1573901945 0 
1573901946 0 
1573901947 0 
1573902104 0 
1573902105 0 
1573902106 0 
1573902260 0 
1573902261 0 
1573902262 0 
1573902263 0 
1573902417 0 
1573902418 0 
1573902419 0 
1573902609 0 
1573902610 0 
1573902611 0 
1573902612 0 
1573902917 0 
1573902918 0 
1573902919 0 
1573903228 0 
1573903229 0 
1573903230 0 
1573903531 0 
1573903532 0 
1573903533 0 
1573903534 0 
1573903535 0 
1573903536 0 
1573903537 0 
1573903538 0 
1573903539 0 
1573903540 0 
1573903541 0 
1573903850 0 
1573903851 0 
1573903852 0 
1573904159 0 
1573904160 0 
1573904161 0 
1573904475 0 
1573904476 0 
1573904477 0 
1573904478 0 
1573904479 0 
1574685732 0 
1574685733 0 
1574685734 0 
1574685922 0 
1574685923 0 
1574685924 0 
1574686096 0 
1574686097 0 
1574686098 0 
1574686253 0 
1574686254 0 
1574686255 0 
1574686415 0 
1574686416 0 
1574686417 0 
1574686571 0 
1574686572 0 
1574686573 0 
1574686574 0 
1574686736 0 
1574686737 0 
1574686738 0 
1574686739 0 
1574686902 0 
1574686903 0 
1574686904 0 
1574686905 0 
1574687092 0 
1574687093 0 
1574687094 0 
1574687095 0 
1574687926 0 
1574687927 0 
1574687928 0 
1574687929 0 
1574688239 0 
1574688240 0 
1574688241 0 
1574689228 0 
1574689229 0 
1574689230 0 
1574689231 0 
1574689599 0 
1574689600 0 
1574689601 0 
1574689602 0 
1574689814 0 
1574689815 0 
1574689816 0 
1574689974 0 
1574689975 0 
1574689976 0 
1574689977 0 
1574689978 0 
1574689979 0 
1574689980 0 
1574689981 0 
1574689982 0 
1574689983 0 
1574689984 0 
1574689985 0 
1574689986 0 
1574689987 0 
1574690146 0 
1574690147 0 
1574690148 0 
1574690323 0 
1574690324 0 
1574690325 0 
1574690483 0 
1574690484 0 
1574690485 0 
1574690653 0 
1574690654 0 
1574690655 0 
1574690814 0 
1574690815 0 
1574690816 0 
1574690998 0 
1574690999 0 
1574691000 0 
1574691177 0 
1574691178 0 
1574691179 0 
1574691930 0 
1574691931 0 
1574691932 0 
1574692249 0 
1574692250 0 
1574692251 0 
1574692252 0 
1574692567 0 
1574692568 0 
1574692569 0 
1574693479 0 
1574693480 0 
1574693481 0 
1574693803 0 
1574693804 0 
1574693805 0 
1574693806 0 
1574694234 0 
1574694235 0 
1574694236 0 
1574694237 0 
1574694564 0 
1574694565 0 
1574694566 0 
1574694875 0 
1574694876 0 
1574694877 0 
1574695120 0 
1574695121 0 
1574695122 0 
1574695123 0 
1574695449 0 
1574695450 0 
1574695451 0 
1574695770 0 
1574695771 0 
1574695772 0 
1574696230 0 
1574696231 0 
1574696232 0 
1574696805 0 
1574696806 0 
1574696807 0 
1574696808 0 
1574697380 0 
1574697381 0 
1574697382 0 
1574697383 0 
1574697973 0 
1574697974 0 
1574697975 0 
1574697976 0 
1574698543 0 
1574698544 0 
1574698545 0 
1574706663 0 
1574706664 0 
1574706665 0 
1574706666 0 
1574706799 0 
1574706800 0 
1574706801 0 
1574707042 0 
1574707043 0 
1574707044 0 
1574707222 0 
1574707223 0 
1574707224 0 
1574708001 1 
1574708002 0 
1574708003 0 
1574708004 0 
1574708005 0 
1574708006 0 
1574708007 0 
1574708008 0 
1574708009 0 
1574708010 0 
1574708011 0 
1574708012 0 
1574708705 0 
1574708706 0 
1574708707 0 
1574709088 0 
1574709089 0 
1574709090 0 
1574709321 0 
1574709322 0 
1574709323 0 
1574710431 0 
1574710432 0 
1574710433 0 
1574710434 0 
1574710621 0 
1574710622 0 
1574710623 0 
1574950713 0 
1574950714 0 
1574950715 0 
1574951025 0 
1574951026 0 
1574951027 0 
1574951399 0 
1574951400 0 
1574951401 0 
1574951754 0 
1574951755 0 
1574951756 0 
1574952080 0 
1574952081 0 
1574952082 0 
1574952083 0 
1574952397 0 
1574952398 0 
1574952399 0 
1574952800 0 
1574952801 0 
1574952802 0 
1574953161 0 
1574953162 0 
1574953163 0 
1574953164 0 
1574953491 0 
1574953492 0 
1574953493 0 
1574953816 0 
1574953817 0 
1574953818 0 
1574954145 0 
1574954146 0 
1574954147 0 
1574954148 0 
1574954308 0 
1574954309 0 
1574954310 0 
1574954484 0 
1574954485 0 
1574954486 0 
1574954648 0 
1574954649 0 
1574954650 0 
1574954833 0 
1574954834 0 
1574954835 0 
1574954990 0 
1574954991 0 
1574954992 0 
1574955150 0 
1574955151 0 
1574955152 0 
1574955407 0 
1574955408 0 
1574955409 0 
1574955410 0 
1574955568 0 
1574955569 0 
1574955570 0 
1574955728 0 
1574955729 0 
1574955730 0 
1574955985 0 
1574955986 0 
1574955987 0 
1574956553 0 
1574956554 0 
1574956555 0 
1574957222 0 
1574957223 0 
1574957224 0 
1574957225 0 
1574957833 0 
1574957834 0 
1574957835 0 
1574957836 0 
1574958400 0 
1574958401 0 
1574958402 0 
1574958994 0 
1574958995 0 
1574958996 0 
1574959594 0 
1574959595 0 
1574959596 1 
1574959597 0 
1574959598 0 
1574959599 0 
1574959600 0 
1574959601 0 
1574959602 0 
1574959603 0 
1574959604 0 
1574959605 0 
1574959606 0 
1574959607 0 
1574959608 0 
1574959609 0 
1574959610 0 
1574959611 0 
1574959612 0 
1574959613 0 
1574959614 0 
1574959615 0 
1574959616 0 
1574959617 0 
1574959618 0 
1574959619 0 
1574959620 0 
1574960182 0 
1574960183 0 
1574960184 0 
1574960185 0 
1574960186 0 
1574960187 0 
1574960188 0 
1574960189 0 
1574960190 0 
1574960191 0 
1574960192 0 
1574960193 0 
1574960194 0 
1574960195 0 
1574960196 0 
1574960197 0 
1574960766 0 
1574960767 0 
1574960768 0 
1574960769 0 
1574960770 0 
1574960771 0 
1574960772 0 
1574960773 0 
1574960774 0 
1574960775 0 
1574960776 0 
1574960777 0 
1574960778 0 
1574960779 0 
1574960780 0 
1574960781 0 
1574960782 0 
1574960783 0 
1574960784 0 
1574960785 0 
1574960786 0 
1574960787 0 
1574960788 0 
1574960789 0 
1574960790 0 
1574960791 0 
1574960792 0 
1574960793 0 
1574960794 0 
1574960795 0 
1574960796 0 
1574960797 0 
1574960798 0 
1574960799 0 
1574960800 0 
1574960801 0 
1574960802 0 
1574960803 0 
1574960804 0 
1574960805 0 
1574960806 0 
1574960807 0 
1574960808 0 
1574960809 0 
1574960810 0 
1574961446 0 
1574961447 0 
1574961448 0 
1574961449 0 
1575026476 0 
1575026477 0 
1575026478 0 
1575026637 0 
1575026638 0 
1575026639 0 
1575026799 0 
1575026800 0 
1575026801 0 
1575026958 0 
1575026959 0 
1575026960 0 
1575026961 0 
1575027122 0 
1575027123 0 
1575027124 0 
1575027284 0 
1575027285 0 
1575027286 0 
1575027450 0 
1575027451 0 
1575027452 0 
1575027606 0 
1575027607 0 
1575027608 0 
1575027770 0 
1575027771 0 
1575027772 0 
1575027773 0 
1575027936 0 
1575027937 0 
1575027938 0 
1575028116 0 
1575028117 0 
1575028118 0 
1575028424 0 
1575028425 0 
1575028426 0 
1575028427 0 
1575028736 0 
1575028737 0 
1575028738 0 
1575028739 0 
1575029069 0 
1575029070 0 
1575029071 0 
1575029072 0 
1575029386 0 
1575029387 0 
1575029388 0 
1575029694 0 
1575029695 0 
1575029696 0 
1575030009 0 
1575030010 0 
1575030011 0 
1575030320 0 
1575030321 0 
1575030322 0 
1575030636 0 
1575030637 0 
1575030638 0 
1575030639 0 
1575030968 0 
1575030969 0 
1575030970 0 
1575032916 0 
1575032917 0 
1575032918 0 
1575032919 0 
1575033483 0 
1575033484 0 
1575033485 0 
1575033486 0 
1575034075 0 
1575034076 0 
1575034077 0 
1575034642 0 
1575034643 0 
1575034644 0 
1575035214 0 
1575035215 0 
1575035216 0 
1575036228 0 
1575036229 0 
1575036230 0 
1575036231 0 
1575036232 0 
1575036233 0 
1575036234 0 
1575036235 0 
1575036236 0 
1575036237 0 
1575036238 0 
1575036239 0 
1575036812 0 
1575036813 0 
1575036814 0 
1575036815 0 
1575037373 0 
1575037374 0 
1575037375 0 
1575037931 0 
1575037932 0 
1575037933 0 
1575038942 0 
1575038943 0 
1575038944 0 
1575112792 0 
1575112793 0 
1575112794 0 
1575112795 0 
1575112954 0 
1575112955 0 
1575112956 0 
1575113115 0 
1575113116 0 
1575113117 0 
1575113276 0 
1575113277 0 
1575113278 0 
1575113434 0 
1575113435 0 
1575113436 0 
1575113594 0 
1575113595 0 
1575113596 0 
1575113751 0 
1575113752 0 
1575113753 0 
1575113908 0 
1575113909 0 
1575113910 0 
1575113911 0 
1575114066 0 
1575114067 0 
1575114068 0 
1575114234 0 
1575114235 0 
1575114236 0 
1575114403 0 
1575114404 0 
1575114405 0 
1575114706 0 
1575114707 0 
1575114708 0 
1575115017 0 
1575115018 0 
1575115019 0 
1575115326 0 
1575115327 0 
1575115328 0 
1575115626 0 
1575115627 0 
1575115628 0 
1575115629 0 
1575115630 0 
1575115631 0 
1575115632 0 
1575115633 0 
1575115634 0 
1575115635 0 
1575115636 0 
1575115637 0 
1575115949 0 
1575115950 0 
1575115951 0 
1575115952 0 
1575116260 0 
1575116261 0 
1575116262 0 
1575116263 0 
1575116572 0 
1575116573 0 
1575116574 0 
1575116879 0 
1575116880 0 
1575116881 0 
1575116882 0 
1575117188 0 
1575117189 0 
1575117190 0 
1575120209 0 
1575120210 0 
1575120211 0 
1575120772 0 
1575120773 0 
1575120774 0 
1575121331 0 
1575121332 0 
1575121333 0 
1575122393 0 
1575122394 0 
1575122395 0 
1575122396 0 
1575122952 0 
1575122953 0 
1575122954 0 
1575122955 0 
1575123508 0 
1575123509 0 
1575123510 0 
1575123511 0 
1575124068 0 
1575124069 0 
1575124070 0 
1575124623 0 
1575124624 0 
1575124625 0 
1575125188 0 
1575125189 0 
1575125190 0 
1575125191 0 
1575125758 0 
1575125759 0 
1575125760 0 
1575289721 0 
1575289722 0 
1575289723 0 
1575289884 0 
1575289885 0 
1575289886 0 
1575290054 0 
1575290055 0 
1575290056 0 
1575290236 0 
1575290237 0 
1575290238 0 
1575290239 0 
1575290405 0 
1575290406 0 
1575290407 0 
1575290754 0 
1575290755 0 
1575290756 0 
1575290913 0 
1575290914 0 
1575290915 0 
1575291073 0 
1575291074 0 
1575291075 0 
1575291234 0 
1575291235 0 
1575291236 0 
1575292910 0 
1575292911 0 
1575292912 0 
1575292913 0 
1575293229 0 
1575293230 0 
1575293231 0 
1575293232 0 
1575293565 0 
1575293566 0 
1575293567 0 
1575293902 0 
1575293903 0 
1575293904 0 
1575293905 0 
1575294240 0 
1575294241 0 
1575294242 0 
1575294929 0 
1575294930 0 
1575294931 0 
1575295703 0 
1575295704 0 
1575295705 0 
1575295706 0 
1575295707 0 
1575295708 0 
1575295709 0 
1575295710 0 
1575295711 0 
1575295712 0 
1575295713 0 
1575295714 0 
1575295715 0 
1575295716 0 
1575295717 0 
1575295718 0 
1575295719 0 
1575295720 0 
1575295721 0 
1575295722 0 
1575295723 0 
1575295724 0 
1575296911 0 
1575296912 0 
1575296913 0 
1575297496 0 
1575297497 0 
1575297498 0 
1575297499 0 
1575298080 0 
1575298081 0 
1575298082 0 
1575298650 0 
1575298651 0 
1575298652 0 
1575299223 0 
1575299224 0 
1575299225 0 
1575299226 0 
1575299801 0 
1575299802 0 
1575299803 0 
1575300426 0 
1575300427 0 
1575300428 0 
1575300983 0 
1575300984 0 
1575300985 0 
1575300986 0 
1575301781 0 
1575301782 0 
1575301783 0 
1575301784 0 
1575384123 0 
1575384124 0 
1575384125 0 
1575384126 0 
1575384283 0 
1575384284 0 
1575384285 0 
1575384444 0 
1575384445 0 
1575384446 0 
1575384602 0 
1575384603 0 
1575384604 0 
1575384767 0 
1575384768 0 
1575384769 0 
1575384921 0 
1575384922 0 
1575384923 0 
1575384924 0 
1575385083 0 
1575385084 0 
1575385085 0 
1575385244 0 
1575385245 0 
1575385246 0 
1575385247 0 
1575385404 0 
1575385405 0 
1575385406 0 
1575385567 0 
1575385568 0 
1575385569 0 
1575385809 0 
1575385810 0 
1575385811 0 
1575386120 0 
1575386121 0 
1575386122 0 
1575386432 0 
1575386433 0 
1575386434 0 
1575386837 1 
1575386838 0 
1575386839 0 
1575387145 0 
1575387146 0 
1575387147 0 
1575387455 0 
1575387456 0 
1575387457 0 
1575387765 0 
1575387766 0 
1575387767 0 
1575388073 0 
1575388074 0 
1575388075 0 
1575388076 0 
1575388382 0 
1575388383 0 
1575388384 0 
1575388688 0 
1575388689 0 
1575388690 0 
1575389990 0 
1575389991 0 
1575389992 0 
1575390558 0 
1575390559 0 
1575390560 0 
1575390561 0 
1575391117 0 
1575391118 0 
1575391119 0 
1575391120 0 
1575391121 0 
1575391122 0 
1575391123 0 
1575391124 0 
1575391125 0 
1575391126 0 
1575391127 0 
1575391128 0 
1575391689 0 
1575391690 0 
1575391691 0 
1575392502 0 
1575392503 0 
1575392504 0 
1575393136 0 
1575393137 0 
1575393138 0 
1575393700 0 
1575393701 0 
1575393702 0 
1575394264 0 
1575394265 0 
1575394266 0 
1575394267 0 
1575394827 0 
1575394828 0 
1575394829 0 
1575395390 0 
1575395391 0 
1575395392 0 
1575397058 0 
1575397059 0 
1575397060 0 
1575397061 0 
1575397062 0 
1575397063 0 
1575397064 0 
1575397065 0 
1575397066 0 
1575397346 0 
1575397347 0 
1575397348 0 
1575397349 0 
1575397350 0 
1575397351 0 
1575397352 0 
1575397353 0 
1575397354 0 
1575397355 0 
1575397356 0 
1575397357 0 
1575397358 0 
1575397359 0 
1575397360 0 
1575397361 0 
1575397531 0 
1575397532 1 
1575397533 1 
1575397534 1 
1575397535 1 
1575397536 2 
1575397537 2 
1575397538 1 
1575397539 1 
1575397540 1 
1575397541 1 
1575397542 2 
1575397543 2 
1575397544 2 
1575397545 2 
1575397546 2 
1575397547 2 
1575397548 2 
1575397549 2 
1575397550 2 
1575397551 2 
1575397552 2 
1575397553 2 
1575397554 2 
1575397555 2 
1575397556 3 
1575397557 2 
1575397558 2 
1575397559 2 
1575397560 2 
1575397561 2 
1575397562 2 
1575397563 2 
1575397564 2 
1575397565 2 
1575397566 2 
1575397567 2 
1575397568 2 
1575397569 1 
1575397570 1 
1575397571 1 
1575397572 0 
1575397573 0 
1575397574 0 
1575397575 0 
1575397576 0 
1575397577 0 
1575397578 0 
1575397579 0 
1575397580 0 
1575397581 0 
1575397582 0 
1575397583 0 
1575397584 0 
1575397585 0 
1575397586 0 
1575397587 0 
1575397588 0 
1575397589 0 
1575397590 0 
1575397591 0 
1575397592 0 
1575397593 0 
1575397594 0 
1575397595 0 
1575397596 0 
1575397597 0 
1575397598 0 
1575397599 0 
1575397949 0 
1575397950 0 
1575397951 0 
1575397952 0 
1575397953 0 
1575397954 0 
1575397955 0 
1575397956 0 
1575397957 0 
1575397958 0 
1575398196 0 
1575398197 0 
1575398198 0 
1575398199 0 
1575398200 0 
1575398201 0 
1575398202 0 
1575398203 0 
1575398204 0 
1575398205 0 
1575398206 0 
1575398207 0 
1575398419 0 
1575398420 0 
1575398421 0 
1575398422 0 
1575398423 0 
1575398424 0 
1575398425 0 
1575398426 0 
1575398427 0 
1575398428 0 
1575398429 0 
1575398430 0 
1575398431 0 
1575398432 0 
1575398433 0 
1575398434 0 
1575473351 0 
1575473352 0 
1575473353 0 
1575474288 0 
1575474289 0 
1575474290 0 
1575474379 0 
1575474380 0 
1575474381 0 
1575556504 0 
1575556505 0 
1575556506 0 
1575556665 0 
1575556666 0 
1575556667 0 
1575556830 0 
1575556831 0 
1575556832 0 
1575557009 0 
1575557010 0 
1575557011 0 
1575557012 0 
1575557192 0 
1575557193 0 
1575557194 0 
1575557376 0 
1575557377 0 
1575557378 0 
1575557550 0 
1575557551 0 
1575557552 0 
1575557553 0 
1575557724 0 
1575557725 0 
1575557726 0 
1575558182 0 
1575558183 0 
1575558184 0 
1575558185 0 
1575558371 0 
1575558372 0 
1575558373 0 
1575558374 0 
1575558569 0 
1575558570 0 
1575558571 0 
1575558881 0 
1575558882 0 
1575558883 0 
1575559209 0 
1575559210 0 
1575559211 0 
1575559519 0 
1575559520 0 
1575559521 0 
1575559894 0 
1575559895 0 
1575559896 0 
1575559897 0 
1575560222 0 
1575560223 0 
1575560224 0 
1575560530 0 
1575560531 0 
1575560532 0 
1575560533 0 
1575560534 0 
1575560535 0 
1575560536 0 
1575560537 0 
1575560538 0 
1575560539 0 
1575560540 0 
1575560541 0 
1575560542 0 
1575560543 0 
1575560544 0 
1575560545 0 
1575560546 0 
1575560547 0 
1575560548 0 
1575560549 0 
1575560550 0 
1575560551 0 
1575560552 0 
1575560553 0 
1575560554 0 
1575560555 0 
1575561084 0 
1575561085 0 
1575561086 0 
1575561431 0 
1575561432 0 
1575561433 0 
1575561434 0 
1575561788 0 
1575561789 0 
1575561790 0 
1575561791 0 
1575562208 0 
1575562209 0 
1575562210 0 
1575562916 0 
1575562917 0 
1575562918 0 
1575563553 0 
1575563554 0 
1575563555 0 
1575564168 0 
1575564169 0 
1575564170 0 
1575564750 0 
1575564751 0 
1575564752 0 
1575564753 0 
1575565318 0 
1575565319 0 
1575565320 0 
1575565879 0 
1575565880 0 
1575565881 0 
1575566450 0 
1575566451 0 
1575566452 0 
1575567786 0 
1575567787 0 
1575567788 0 
1575568397 0 
1575568398 0 
1575568399 0 
1575568400 0 
1579184002 0 
1579184003 0 
1579184004 0 
1579184717 0 
1579184718 0 
1579184719 0 
1579184879 0 
1579184880 0 
1579184881 0 
1579185041 0 
1579185042 0 
1579185043 0 
1579185216 0 
1579185217 0 
1579185218 0 
1579185391 0 
1579185392 0 
1579185393 0 
1579185394 0 
1579185574 0 
1579185575 0 
1579185576 0 
1579185748 0 
1579185749 0 
1579185750 0 
1579185926 0 
1579185927 0 
1579185928 0 
1579185929 0 
1579185930 0 
1579185931 0 
1579185932 0 
1579185933 0 
1579185934 0 
1579185935 0 
1579185936 0 
1579186115 0 
1579186116 0 
1579186117 0 
1579186312 0 
1579186313 0 
1579186314 0 
1579186315 0 
1579186626 0 
1579186627 0 
1579186628 0 
1579187674 0 
1579187675 0 
1579187676 0 
1579187982 0 
1579187983 0 
1579187984 0 
1579188315 0 
1579188316 0 
1579188317 0 
1579188451 0 
1579188452 0 
1579188453 0 
1579188454 0 
1579188971 0 
1579188972 0 
1579188973 0 
1579188974 0 
1579188975 0 
1579188976 0 
1579188977 0 
1579188978 0 
1579188979 0 
1579188980 0 
1579188981 0 
1579188982 0 
1579188983 0 
1579188984 0 
1579188985 0 
1579189296 0 
1579189297 0 
1579189298 0 
1579189645 0 
1579189646 0 
1579189647 0 
1579189980 0 
1579189981 0 
1579189982 0 
1579189983 0 
1579190298 0 
1579190299 0 
1579190300 0 
1579190301 0 
1579190840 0 
1579190841 0 
1579190842 0 
1579191456 0 
1579191457 0 
1579191458 0 
1579191459 0 
1579192021 0 
1579192022 0 
1579192023 0 
1579192024 0 
1579192586 0 
1579192587 0 
1579192588 0 
1579192589 0 
1579193168 0 
1579193169 0 
1579193170 0 
1579193756 0 
1579193757 0 
1579193758 0 
1579194322 0 
1579194323 0 
1579194324 0 
1579194891 0 
1579194892 0 
1579194893 0 
1579194894 0 
1579195455 0 
1579195456 0 
1579195457 0 
1579195458 0 
1579196045 0 
1579196046 0 
1579196047 0 
1579351732 0 
1579351733 0 
1579351734 0 
1579351735 0 
1579351899 0 
1579351900 0 
1579351901 0 
1579351902 0 
1579352060 0 
1579352061 0 
1579352062 0 
1579352221 0 
1579352222 0 
1579352223 0 
1579352383 0 
1579352384 0 
1579352385 0 
1579352386 0 
1579352548 0 
1579352549 0 
1579352550 0 
1579352705 0 
1579352706 0 
1579352707 0 
1579352867 0 
1579352868 0 
1579352869 0 
1579353030 0 
1579353031 0 
1579353032 0 
1579353192 0 
1579353193 0 
1579353194 0 
1579353195 0 
1579354074 0 
1579354075 0 
1579354076 0 
1579354077 0 
1579354381 0 
1579354382 0 
1579354383 0 
1579354692 0 
1579354693 0 
1579354694 0 
1579355003 0 
1579355004 0 
1579355005 0 
1579355310 0 
1579355311 0 
1579355312 0 
1579355620 0 
1579355621 0 
1579355622 0 
1579355929 0 
1579355930 0 
1579355931 1 
1579355932 0 
1579356234 0 
1579356235 0 
1579356236 0 
1579356541 0 
1579356542 0 
1579356543 0 
1579356544 0 
1579356846 0 
1579356847 0 
1579356848 0 
1579356849 0 
1579359254 0 
1579359255 0 
1579359256 0 
1579359826 0 
1579359827 0 
1579359828 0 
1579360390 0 
1579360391 0 
1579360392 0 
1579360948 0 
1579360949 0 
1579360950 0 
1579361504 0 
1579361505 0 
1579361506 0 
1579362057 0 
1579362058 0 
1579362059 0 
1579362060 0 
1579362613 0 
1579362614 0 
1579362615 0 
1579362616 0 
1579363174 0 
1579363175 0 
1579363176 0 
1579363743 0 
1579363744 0 
1579363745 0 
1579364303 0 
1579364304 0 
1579364305 0 