1575556593 0.0
1575556593 0.0
1575556593 0.0
1575556593 0.0
1575556593 0.0
1575556593 0.0
1575556593 0.0
1575556593 0.0
1575556593 0.0
1575556593 0.0
1575556593 0.0
1575556593 0.0
1575556593 0.0
1575556593 0.0
1575556593 0.0
1575556593 0.0
1575556593 0.0
1575556593 0.0
1575556593 0.0
1575556593 0.0
1575556593 0.0
1575556593 0.0
1575556753 0.0
1575556753 0.0
1575556753 0.0
1575556753 0.0
1575556753 0.0
1575556753 0.0
1575556753 0.0
1575556753 0.0
1575556753 0.0
1575556753 0.0
1575556753 0.0
1575556753 0.0
1575556753 0.0
1575556753 0.0
1575556753 0.0
1575556753 0.0
1575556754 0.0
1575556754 0.0
1575556754 0.0
1575556754 0.0
1575556754 0.0
1575556754 0.0
1575556754 0.0
1575556754 0.0
1575556754 0.0
1575556754 0.0
1575556754 0.0
1575556754 0.0
1575556754 0.0
1575556754 0.0
1575556926 0.0
1575556926 0.0
1575556926 0.0
1575556926 0.0
1575556926 0.0
1575556926 0.0
1575556926 0.0
1575556926 0.0
1575556926 0.0
1575556926 0.0
1575556926 0.0
1575556926 0.0
1575556926 0.0
1575556926 0.0
1575556926 0.0
1575556926 0.0
1575556926 0.0
1575556926 0.0
1575556926 0.0
1575556926 0.0
1575556926 0.0
1575557111 0.0
1575557111 0.0
1575557111 0.0
1575557111 0.0
1575557111 0.0
1575557111 0.0
1575557111 0.0
1575557111 0.0
1575557111 0.0
1575557111 0.0
1575557111 0.0
1575557111 0.0
1575557111 0.0
1575557111 0.0
1575557111 0.0
1575557111 0.0
1575557111 0.0
1575557111 0.0
1575557111 0.0
1575557111 0.0
1575557111 0.0
1575557111 0.0
1575557111 0.0
1575557111 0.086230089
1575557111 0.0
1575557281 0.0
1575557281 0.0
1575557281 0.0
1575557281 0.0
1575557281 0.0
1575557281 0.0
1575557281 0.0
1575557281 0.0
1575557281 0.0
1575557281 0.0
1575557281 0.0
1575557281 0.0
1575557281 0.0
1575557281 0.0
1575557281 0.0
1575557281 0.0
1575557281 0.0
1575557281 0.0
1575557281 0.0
1575557281 0.0
1575557281 0.0
1575557281 0.0
1575557281 0.0
1575557464 0.0
1575557464 0.0
1575557464 0.0
1575557464 0.0
1575557464 0.0
1575557464 0.0
1575557464 0.0
1575557464 0.0
1575557464 0.0
1575557464 0.0
1575557464 0.0
1575557464 0.0
1575557464 0.0
1575557464 0.0
1575557464 0.0
1575557464 0.0
1575557464 0.0
1575557464 0.0
1575557464 0.0
1575557464 0.0
1575557464 0.0
1575557464 0.0
1575557464 0.0
1575557464 0.0
1575557464 0.0
1575557464 0.0
1575557464 0.0
1575557464 0.0
1575557464 0.0
1575557465 0.0
1575557465 0.0
1575557640 0.0
1575557640 0.0
1575557640 0.0
1575557640 0.0
1575557640 0.0
1575557640 0.0
1575557640 0.0
1575557640 0.0
1575557640 0.0
1575557640 0.0
1575557640 0.0
1575557640 0.0
1575557640 0.0
1575557640 0.0
1575557641 0.0
1575557641 0.0
1575557641 0.0
1575557641 0.0
1575557641 0.0
1575557641 0.0
1575557641 0.0
1575557641 0.0
1575557812 0.0
1575557812 0.0
1575557812 0.0
1575557812 0.0
1575557812 0.0
1575557812 0.0
1575557812 0.0
1575557812 0.0
1575557812 0.0
1575557812 0.0
1575557812 0.0
1575557813 0.0
1575557813 0.0
1575557813 0.0
1575557813 0.0
1575557813 0.0
1575557813 0.0
1575557813 0.0
1575557813 0.0
1575557813 0.0
1575557813 0.0
1575557813 0.0
1575557813 0.0
1575557813 0.0
1575557813 0.0
1575557813 0.0
1575557813 0.0
1575557813 0.0
1575557813 0.0
1575557813 0.0
1575557813 0.0
1575558272 0.0
1575558272 0.0
1575558272 0.0
1575558272 0.0
1575558272 0.0
1575558272 0.0
1575558272 0.0
1575558272 0.0
1575558272 0.0
1575558272 0.0
1575558272 0.0
1575558272 0.0
1575558272 0.0
1575558272 0.0
1575558272 0.0
1575558272 0.0
1575558272 0.0
1575558273 0.0
1575558273 0.0
1575558273 0.0
1575558273 0.0
1575558273 0.0
1575558273 0.0
1575558273 0.0
1575558273 0.0
1575558458 0.0
1575558458 0.0
1575558458 0.0
1575558458 0.0
1575558458 0.0
1575558458 0.0
1575558458 0.0
1575558458 0.0
1575558458 0.0
1575558458 0.0
1575558458 0.0
1575558458 0.0
1575558458 0.0
1575558458 0.0
1575558458 0.0
1575558458 0.0
1575558458 0.0
1575558458 0.0
1575558458 0.0
1575558458 0.0
1575558459 0.0
1575558459 0.0
