1571664485 0.0
1571664485 0.0
1571664485 0.0
1571664485 0.0
1571664485 0.0
1571664485 0.0
1571664485 0.0
1571664485 0.0
1571664486 0.0
1571664486 0.0
1571664486 0.0
1571664486 0.0
1571664486 0.0
1571664486 0.0
1571664486 0.0
1571664486 0.0
1571664486 0.0
1571664486 0.0
1571664486 0.0
1571664486 0.0
1571664486 0.0
1571664486 0.0
1571664486 0.0
1571664486 0.0
1571664486 0.0
1571664486 0.0
1571664486 0.0
1571664486 0.0
1571664994 0.0
1571664994 0.0
1571664994 0.0
1571664994 0.0
1571664994 0.0
1571664994 0.0
1571664994 0.0
1571664994 0.0
1571664994 0.0
1571664994 0.0
1571664994 0.0
1571664994 0.0
1571664995 0.0
1571664995 0.0
1571664995 0.0
1571664995 0.0
1571664995 0.0
1571664995 0.0
1571664995 0.0
1571664995 0.0
1571664995 0.0
1571664995 0.0
1571664995 0.0
1571664995 0.0
1571664995 0.0
1571665403 0.0
1571665403 0.0
1571665403 0.0
1571665403 0.0
1571665403 0.0
1571665403 0.0
1571665403 0.0
1571665403 0.0
1571665403 0.0
1571665403 0.0
1571665403 0.0
1571665403 0.0
1571665403 0.0
1571665403 0.0
1571665404 0.0
1571665404 0.0
1571665404 0.0
1571665404 0.0
1571665404 0.0
1571665404 0.0
1571665404 0.0
1571665404 0.0
1571665597 0.0
1571665597 0.0
1571665597 0.0
1571665597 0.0
1571665597 0.0
1571665597 0.0
1571665597 0.0
1571665597 0.0
1571665597 0.0
1571665597 0.0
1571665597 0.0
1571665597 0.0
1571665597 0.0
1571665597 0.0
1571665597 0.0
1571665598 0.0
1571665598 0.0
1571665598 0.0
1571665598 0.0
1571665793 0.0
1571665793 0.0
1571665793 0.0
1571665793 0.0
1571665793 0.0
1571665793 0.0
1571665793 0.0
1571665793 0.0
1571665793 0.0
1571665793 0.0
1571665793 0.0
1571665793 0.0
1571665793 0.0
1571665793 0.0
1571665793 0.0
1571665793 0.0
1571665793 0.0
1571665793 0.0
1571665793 0.040452519
1571668210 0.0
1571668210 0.0
1571668210 0.0
1571668210 0.0
1571668210 0.0
1571668210 0.0
1571668210 0.0
1571668210 0.0
1571668210 0.0
1571668210 0.0
1571668210 0.0
1571668211 0.0
1571668211 0.0
1571668211 0.0
1571668211 0.0
1571668211 0.0
1571668211 0.0
1571668211 0.0
1571668409 0.0
1571668409 0.0
1571668409 0.0
1571668409 0.0
1571668409 0.0
1571668409 0.0
1571668409 0.0
1571668409 0.0
1571668409 0.0
1571668409 0.0
1571668409 0.0
1571668409 0.0
1571668409 0.0
1571668409 0.0
1571668409 0.0
1571668409 0.0
1571668409 0.0
1571668409 0.0
1571668409 0.0
1571668409 0.0
1571668409 0.0
1571668409 0.0
1571668409 0.0
1571668409 0.0
1571668409 0.0
1571668409 0.0
1571668409 0.0
1571668409 0.0
1571668613 0.0
1571668613 0.0
1571668613 0.0
1571668613 0.0
1571668613 0.0
1571668613 0.0
1571668613 0.0
1571668613 0.0
1571668613 0.0
1571668613 0.0
1571668613 0.0
1571668613 0.0
1571668613 0.0
1571668613 0.0
1571668613 0.0
1571668613 0.0
1571668613 0.0
1571668613 0.0
1571668613 0.0
1571668613 0.0
1571668613 0.0
1571668613 0.0
1571668613 0.0
1571668613 0.0
1571668613 0.0
1571668807 0.0
1571668807 0.0
1571668807 0.0
1571668807 0.0
1571668807 0.0
1571668808 0.0
1571668808 0.0
1571668808 0.0
1571668808 0.0
1571668808 0.0
1571668808 0.0
1571668808 0.0
1571668808 0.0
1571668808 0.0
1571668808 0.0
1571668808 0.0
1571669008 0.0
1571669008 0.0
1571669008 0.0
1571669008 0.0
1571669008 0.0
1571669008 0.0
1571669009 0.0
1571669009 0.0
1571669009 0.0
1571669009 0.0
1571669009 0.0
1571669009 0.0
1571669009 0.0
1571669009 0.0
1571669009 0.0
