1575473333 2
1575473334 2
1575474230 2
1575474231 2
1575474232 2
1575474233 3
1575474234 2
1575474235 2
1575474236 2
1575474237 2
1575474238 2
1575474239 2
1575474240 2
1575474241 2
1575474242 2
1575474243 2
1575474244 2
1575474245 2
1575474246 2
1575474247 2
1575474248 2
1575474249 2
1575474250 2
1575474251 2
1575474252 2
1575474253 2
1575474254 2
1575474255 2
1575474256 2
1575474257 2
1575474258 2
1575474259 2
1575474260 2
1575474261 2
1575474262 2
1575474263 3
1575474264 2
1575474265 2
1575474266 2
1575474267 2
1575474268 2
1575474269 2
1575474270 2
1575474271 4
1575474272 4
1575474334 4
1575474335 4
1575474336 4
1575474337 5
1575474338 4
1575474339 4
1575474340 4
1575474341 4
1575474342 4
1575474343 4
1575474344 4
1575474345 4
1575474346 4
1575474347 4
1575474348 4
1575474349 4
1575474350 4
1575474351 4
1575474352 4
1575474353 4
1575474354 4
1575474355 4
1575474356 4
1575474357 4
1575474358 4
1575474359 4
1575474360 4
1575474361 4
