1579522797 3
1579522964 2
1579522965 2
1579522966 2
1579522967 3
1579522968 3
1579522969 3
1579522970 3
1579522971 3
1579522972 4
1579522973 4
1579522974 4
1579522975 3
1579522976 3
1579522977 3
1579522978 3
1579522979 3
1579522980 3
1579522981 3
1579522982 3
1579522983 3
1579522984 3
1579522985 3
1579522986 3
1579522987 3
1579522988 3
1579522989 3
1579522990 3
1579522991 3
1579522992 3
1579522993 3
1579522994 3
1579522995 3
1579522996 3
1579522997 3
1579522998 3
1579522999 3
1579523000 3
1579523001 3
1579523002 3
1579523003 3
1579523004 3
1579523005 3
1579523006 3
1579523007 4
1579523008 5
1579523194 3
1579523362 2
1579523363 4
1579523522 3
1579523523 3
1579523524 3
1579523525 3
1579523526 3
1579523527 3
1579523528 3
1579523529 3
1579523530 3
1579523531 3
1579523532 3
1579523533 3
1579523534 3
1579523535 4
1579523536 4
1579523700 3
1579523701 4
1579523702 5
1579523703 4
1579523704 5
1579523705 5
1579523706 5
1579523707 5
1579523708 5
1579523888 4
1579524085 4
1579524086 4
1579524255 3
1579524256 4
1579524422 2
1579524423 4
1579524655 2
1579524656 4
1579524978 3
1579524979 4
1579525706 3
1579525707 4
1579526356 4
1579526357 4
1579526386 4
1579526387 2
1579526388 2
1579526389 2
1579526390 2
1579526391 2
1579526392 2
1579526393 2
1579526394 2
1579526395 2
1579526396 2
1579526397 2
1579526398 2
1579526399 2
1579526400 2
1579526401 2
1579526402 2
1579526403 2
1579526404 3
1579526405 2
1579526406 3
1579526407 2
1579526408 3
1579526409 3
1579526410 3
1579526411 3
1579526412 2
1579526413 3
1579526414 2
1579526415 2
1579526416 1
1579526417 2
1579526418 2
1579526419 2
1579526420 2
1579526421 2
1579526422 2
1579526423 2
1579526424 2
1579526425 2
1579526426 2
1579526427 2
1579526428 2
1579526429 2
1579526430 2
1579526431 2
1579526432 2
1579526433 2
1579526434 2
1579526435 2
1579526436 2
1579526437 2
1579526438 2
1579526439 2
1579526440 2
1579526441 2
1579526442 2
1579526443 2
1579526444 2
1579526445 2
1579526446 2
1579526447 2
1579526448 2
1579526449 2
1579526450 2
1579526451 2
1579526452 2
1579526453 2
1579526454 2
1579526455 2
1579526456 2
1579526457 2
1579526458 2
1579526459 2
1579526460 2
1579526461 2
1579526462 2
1579526463 2
1579526464 2
1579526465 2
1579526466 2
1579526467 2
1579526468 2
1579526469 2
1579526470 2
1579526471 2
1579526472 2
1579526473 2
1579526474 2
1579526475 2
1579526476 2
1579526477 2
1579526478 2
1579526479 2
1579526480 2
1579526481 2
1579526482 2
1579526483 2
1579526484 2
1579526485 2
1579526486 2
1579526487 2
1579526488 2
1579526489 2
1579526490 2
1579526491 2
1579526492 2
1579526493 2
1579526494 2
1579526495 2
1579526496 2
1579526497 2
1579526498 2
1579526499 2
1579526500 2
1579526501 2
1579526502 2
1579526503 2
1579526504 2
1579526505 2
1579526506 2
1579526507 2
1579526508 2
1579526509 2
1579526510 2
1579526511 2
1579526512 2
1579526513 2
1579526514 2
1579526515 2
1579526516 2
1579526517 2
1579526518 2
1579526519 2
1579526520 2
1579526521 2
1579526522 2
1579526523 2
1579526524 2
1579526525 2
1579526526 2
1579526527 2
1579526528 2
1579526529 2
1579526530 2
1579526531 2
1579526532 2
1579526533 2
1579526534 2
1579526535 2
1579526536 2
1579526537 2
1579526538 2
1579526539 2
1579526540 2
1579526541 2
1579526542 2
1579526543 2
1579526544 2
1579526545 2
1579526546 2
1579526547 2
1579526548 2
1579526549 2
1579526550 2
1579526551 2
1579526552 2
1579526553 2
1579526554 2
1579526555 2
1579526556 2
1579526557 2
1579526558 2
1579526559 2
1579526560 2
1579526561 2
1579526562 2
1579526563 2
1579526564 2
1579526565 2
1579526566 2
1579526567 2
1579526568 2
1579526569 2
1579526570 2
1579526571 2
1579526572 2
1579526573 2
1579526574 2
1579526575 2
1579526576 2
1579526577 2
1579526578 2
1579526579 2
1579526580 2
1579526581 2
1579526582 2
1579526583 2
1579526584 2
1579526585 2
1579526586 2
1579526587 2
1579526588 2
1579526589 2
1579526590 2
1579526591 2
1579526592 2
1579526593 2
1579526594 2
1579526595 2
1579526596 2
1579526597 2
1579526598 2
1579526599 2
1579526600 2
1579526601 2
1579526602 2
1579526603 2
1579526604 2
1579526605 2
1579526606 2
1579526607 2
1579526608 2
1579526609 2
1579526610 2
1579526611 2
1579526612 2
1579526613 2
1579526614 2
1579526615 2
1579526616 2
1579526617 2
1579526618 2
1579526619 2
1579526620 2
1579526621 2
1579526622 2
1579526623 2
1579526624 2
1579526625 2
1579526626 2
1579526627 2
1579526628 2
1579526629 2
1579526630 2
1579526631 2
1579526632 2
1579526633 2
1579526634 2
1579526635 2
1579526636 2
1579526637 2
1579526638 2
1579526639 2
1579526640 2
1579526641 2
1579526642 2
1579526643 2
1579526644 2
1579526645 2
1579526646 2
1579526647 2
1579526648 2
1579526649 2
1579526650 2
1579526651 2
1579526652 2
1579526653 2
1579526654 2
1579526655 2
1579526656 2
1579526657 2
1579526658 2
1579526659 2
1579526660 2
1579526661 2
1579526662 2
1579526663 2
1579526664 2
1579526665 2
1579526666 2
1579526667 2
1579526668 2
1579526669 2
1579526670 2
1579526671 2
1579526672 2
1579526673 2
1579526674 2
1579526675 2
1579526676 2
1579526677 2
1579526678 2
1579526679 2
1579526680 3
1579526681 2
1579526682 2
1579526683 2
1579526684 2
1579526685 2
1579526686 2
1579526687 3
1579526688 2
1579526689 2
1579526690 2
1579526691 3
1579526692 3
1579526693 3
1579526694 3
1579526695 3
1579526696 3
1579526697 3
1579526698 3
1579526699 3
1579526700 3
1579526701 2
1579526702 2
1579526703 2
1579526704 2
1579526705 2
1579526706 2
1579526707 2
1579526708 2
1579526709 2
1579526710 2
1579526711 2
1579526712 2
1579526713 2
1579526714 2
1579526715 2
1579526716 2
1579526717 2
1579526718 2
1579526719 2
1579526720 3
1579526721 3
1579526722 3
1579526723 2
1579526724 2
1579526725 2
1579526726 2
1579526727 2
1579526728 2
1579526729 2
1579526730 2
1579526731 2
1579526732 2
1579526733 2
1579526734 2
1579526735 2
1579526736 2
1579526737 2
1579526738 2
1579526739 2
1579526740 2
1579526741 2
1579526742 2
1579526743 2
1579526744 2
1579526745 2
1579526746 2
1579526747 2
1579526748 2
1579526749 2
1579526750 2
1579526751 2
1579526752 2
1579526753 2
1579526754 2
1579526755 2
1579526756 2
1579526757 2
1579526758 2
1579526759 2
1579526760 2
1579526761 2
1579526762 3
1579526763 2
1579526764 2
1579526765 2
1579526766 2
1579526767 3
1579526768 4
1579526769 4
1579526770 4
1579526771 3
1579526772 3
1579526773 3
1579526774 3
1579526775 3
1579526776 3
1579526777 3
1579526778 3
1579526779 3
1579526780 3
1579526781 3
1579526782 3
1579526783 3
1579526784 3
1579526785 3
1579526786 3
1579526787 3
1579526788 2
1579526789 2
1579526790 2
1579526791 2
1579526792 2
1579526793 2
1579526794 2
1579526795 2
1579526796 2
1579526797 2
1579526798 2
1579526799 2
1579526800 2
1579526801 2
1579526802 2
1579526803 2
1579526804 2
1579526805 2
1579526806 2
1579526807 2
1579526808 2
1579526809 2
1579526810 2
1579526811 2
1579526812 2
1579526813 2
1579526814 2
1579526815 2
1579526816 2
1579526817 2
1579526818 2
1579526819 2
1579526820 2
1579526821 2
1579526822 2
1579526823 2
1579526824 2
1579526825 2
1579526826 1
1579526827 2
1579526828 2
1579526829 2
1579526830 2
1579526831 2
1579526832 2
1579526833 2
1579526834 2
1579526835 2
1579526836 2
1579526837 1
1579526838 2
1579526839 2
1579526840 2
1579526841 2
1579526842 2
1579526843 2
1579526844 2
1579526845 2
1579526846 2
1579526847 2
1579526848 2
1579526849 2
1579526850 2
1579526851 2
1579526852 2
1579526853 1
1579526854 2
1579526855 2
1579526856 1
1579526857 1
1579526858 1
1579526859 1
1579526860 2
1579526861 2
1579526862 2
1579526863 2
1579526864 2
1579526865 2
1579526866 2
1579526867 2
1579526868 2
1579526869 2
1579526870 2
1579526871 2
1579526872 2
1579526873 2
1579526874 2
1579526875 2
1579526876 2
1579526877 2
1579526878 2
1579526879 2
1579526880 1
1579526881 2
1579526882 2
1579526883 2
1579526884 2
1579526885 2
1579526886 2
1579526887 2
1579526888 2
1579526889 2
1579526890 2
1579526891 3
1579526892 3
1579526893 2
1579526894 2
1579526895 2
1579526896 2
1579526897 2
1579526898 2
1579526899 2
1579526900 2
1579526901 2
1579526902 2
1579526903 2
1579526904 2
1579526905 2
1579526906 2
1579526907 2
1579526908 2
1579526909 2
1579526910 2
1579526911 2
1579526912 2
1579526913 2
1579526914 2
1579526915 2
1579526916 2
1579526917 2
1579526918 2
1579526919 2
1579526920 2
1579526921 2
1579526922 2
1579526923 2
1579526924 2
1579526925 2
1579526926 2
1579526927 2
1579526928 2
1579526929 2
1579526930 2
1579526931 2
1579526932 2
1579526933 2
1579526934 2
1579526935 2
1579526936 2
1579526937 2
1579526938 2
1579526939 2
1579526940 2
1579526941 2
1579526942 2
1579526943 2
1579526944 2
1579526945 2
1579526946 2
1579526947 2
1579526948 2
1579526949 2
1579526950 2
1579526951 2
1579526952 2
1579526953 2
1579526954 2
1579526955 2
1579526956 2
1579526957 2
1579526958 2
1579526959 2
1579526960 2
1579526961 2
1579526962 2
1579526963 2
1579526964 2
1579526965 2
1579526966 2
1579526967 2
1579526968 2
1579526969 2
1579526970 2
1579526971 2
1579526972 2
1579526973 2
1579526974 2
1579526975 2
1579526976 2
1579526977 2
1579526978 2
1579526979 2
1579526980 1
1579526981 2
1579526982 2
1579526983 2
1579526984 1
1579526985 1
1579526986 1
1579526987 2
1579526988 1
1579526989 2
1579526990 2
1579526991 1
1579526992 1
1579526993 1
1579526994 1
1579526995 1
1579526996 1
1579526997 1
1579526998 1
1579526999 1
1579527000 1
1579527001 1
1579527002 1
1579527003 1
1579527004 1
1579527005 1
1579527006 1
1579527007 1
1579527008 1
1579527009 1
1579527010 1
1579527011 1
1579527012 1
1579527013 1
1579527014 1
1579527015 1
1579527016 1
1579527017 1
1579527018 1
1579527019 1
1579527020 1
1579527021 1
1579527022 1
1579527023 2
1579527024 2
1579527025 2
1579527026 2
1579527027 2
1579527028 2
1579527029 2
1579527030 2
1579527031 2
1579527032 2
1579527033 2
1579527034 2
1579527035 2
1579527036 2
1579527037 2
1579527038 2
1579527039 2
1579527040 1
1579527041 1
1579527042 1
1579527043 1
1579527044 1
1579527045 1
1579527046 1
1579527047 1
1579527048 1
1579527049 1
1579527050 1
1579527051 1
1579527052 1
1579527053 1
1579527054 1
1579527055 1
1579527056 1
1579527057 1
1579527058 1
1579527059 1
1579527060 1
1579527061 1
1579527062 1
1579527063 1
1579527064 1
1579527065 1
1579527066 1
1579527067 1
1579527068 1
1579527069 1
1579527070 1
1579527071 1
1579527072 1
1579527073 1
1579527074 1
1579527075 1
1579527076 1
1579527077 1
1579527078 1
1579527079 1
1579527080 1
1579527081 1
1579527082 1
1579527083 1
1579527084 1
1579527085 1
1579527086 1
1579527087 1
1579527088 1
1579527089 1
1579527090 1
1579527091 1
1579527092 1
1579527093 1
1579527094 1
1579527095 1
1579527096 1
1579527097 1
1579527098 1
1579527099 1
1579527100 1
1579527101 1
1579527102 1
1579527103 1
1579527104 1
1579527105 1
1579527106 1
1579527107 1
1579527108 1
1579527109 1
1579527110 1
1579527111 1
1579527112 1
1579527113 1
1579527114 1
1579527115 1
1579527116 2
1579527117 1
1579527118 1
1579527119 2
1579527120 2
1579527121 2
1579527122 2
1579527123 2
1579527124 2
1579527125 2
1579527126 2
1579527127 2
1579527128 2
1579527129 2
1579527130 2
1579527131 2
1579527132 1
1579527133 1
1579527134 1
1579527135 1
1579527136 1
1579527137 1
1579527138 1
1579527139 1
1579527140 1
1579527141 1
1579527142 2
1579527143 2
1579527144 2
1579527145 2
1579527146 2
1579527147 2
1579527148 2
1579527149 2
1579527150 2
1579527151 2
1579527152 2
1579527153 2
1579527154 2
1579527155 2
1579527156 2
1579527157 2
1579527158 2
1579527159 2
1579527160 2
1579527161 1
1579527162 2
1579527163 1
1579527164 2
1579527165 2
1579527166 2
1579527167 2
1579527168 2
1579527169 2
1579527170 2
1579527171 2
1579527172 2
1579527173 2
1579527174 2
1579527175 2
1579527176 2
1579527177 2
1579527178 2
1579527179 2
1579527180 2
1579527181 2
1579527182 2
1579527183 2
1579527184 2
1579527185 2
1579527186 2
1579527187 2
1579527188 2
1579527189 2
1579527190 2
1579527191 2
1579527192 2
1579527193 2
1579527194 2
1579527195 2
1579527196 2
1579527197 2
1579527198 2
1579527199 2
1579527200 2
1579527201 3
1579527202 2
1579527203 2
1579527204 2
1579527205 2
1579527206 2
1579527207 2
1579527208 2
1579527209 2
1579527210 2
1579527211 2
1579527212 2
1579527213 2
1579527214 2
1579527215 2
1579527216 2
1579527217 2
1579527218 2
1579527219 2
1579527220 2
1579527221 2
1579527222 2
1579527223 2
1579527224 2
1579527225 2
1579527226 2
1579527227 2
1579527228 2
1579527229 2
1579527230 2
1579527231 2
1579527232 2
1579527233 2
1579527234 2
1579527235 2
1579527236 2
1579527237 2
1579527238 2
1579527239 2
1579527240 2
1579527241 2
1579527242 2
1579527243 2
1579527244 2
1579527245 2
1579527246 2
1579527247 2
1579527248 2
1579527249 2
1579527250 2
1579527251 2
1579527252 2
1579527253 2
1579527254 2
1579527255 2
1579527256 2
1579527257 2
1579527258 2
1579527259 2
1579527260 2
1579527261 2
1579527262 2
1579527263 2
1579527264 2
1579527265 2
1579527266 2
1579527267 2
1579527268 2
1579527269 2
1579527270 2
1579527271 2
1579527272 2
1579527273 2
1579527274 2
1579527275 2
1579527276 2
1579527277 2
1579527278 2
1579527279 2
1579527280 2
1579527281 2
1579527282 2
1579527283 2
1579527284 2
1579527285 2
1579527286 2
1579527287 2
1579527288 2
1579527289 2
1579527290 2
1579527291 2
1579527292 2
1579527293 2
1579527294 2
1579527295 2
1579527296 2
1579527297 2
1579527298 2
1579527299 2
1579527300 2
1579527301 2
1579527302 2
1579527303 2
1579527304 2
1579527305 2
1579527306 2
1579527307 2
1579527308 2
1579527309 2
1579527310 2
1579527311 2
1579527312 2
1579527313 2
1579527314 2
1579527315 2
1579527316 2
1579527317 2
1579527318 2
1579527319 2
1579527320 2
1579527321 2
1579527322 2
1579527323 2
1579527324 2
1579527325 2
1579527326 2
1579527327 2
1579527328 2
1579527329 2
1579527330 2
1579527331 2
1579527332 2
1579527333 2
1579527334 2
1579527335 2
1579527336 2
1579527337 2
1579527338 2
1579527339 2
1579527340 2
1579527341 2
1579527342 2
1579527343 2
1579527344 2
1579527345 2
1579527346 2
1579527347 2
1579527348 2
1579527349 2
1579527350 2
1579527351 2
1579527352 2
1579527353 2
1579527354 2
1579527355 2
1579527356 2
1579527357 2
1579527358 2
1579527359 2
1579527360 2
1579527361 3
1579527362 2
1579527363 2
1579527364 2
1579527365 2
1579527366 2
1579527367 2
1579527368 2
1579527369 2
1579527370 2
1579527371 2
1579527372 2
1579527373 2
1579527374 2
1579527375 2
1579527376 2
1579527377 2
1579527378 2
1579527379 2
1579527380 2
1579527381 2
1579527382 2
1579527383 2
1579527384 2
1579527385 2
1579527386 2
1579527387 2
1579527388 2
1579527389 2
1579527390 2
1579527391 2
1579527392 2
1579527393 2
1579527394 2
1579527395 2
1579527396 2
1579527397 2
1579527398 2
1579527399 2
1579527400 2
1579527401 2
1579527402 2
1579527403 2
1579527404 3
1579527405 3
1579527406 3
1579527407 3
1579527408 3
1579527409 3
1579527410 3
1579527411 2
1579527412 1
1579527413 3
1579527414 3
1579527415 2
1579527416 2
1579527417 2
1579527418 2
1579527419 2
1579527420 2
1579527421 2
1579527422 2
1579527423 2
1579527424 2
1579527425 2
1579527426 2
1579527427 2
1579527428 2
1579527429 2
1579527430 2
1579527431 2
1579527432 2
1579527433 2
1579527434 2
1579527435 2
1579527436 2
1579527437 2
1579527438 2
1579527439 2
1579527440 2
1579527441 2
1579527442 2
1579527443 2
1579527444 2
1579527445 2
1579527446 2
1579527447 2
1579527448 2
1579527449 2
1579527450 2
1579527451 2
1579527452 2
1579527453 2
1579527454 2
1579527455 2
1579527456 2
1579527457 2
1579527458 2
1579527459 2
1579527460 2
1579527461 2
1579527462 2
1579527463 2
1579527464 2
1579527465 2
1579527466 2
1579527467 2
1579527468 2
1579527469 2
1579527470 2
1579527471 2
1579527472 2
1579527473 2
1579527474 2
1579527475 2
1579527476 2
1579527477 2
1579527478 2
1579527479 2
1579527480 2
1579527481 2
1579527482 2
1579527483 2
1579527484 2
1579527485 2
1579527486 2
1579527487 2
1579527488 2
1579527489 2
1579527490 2
1579527491 2
1579527492 2
1579527493 2
1579527494 2
1579527495 2
1579527496 2
1579527497 2
1579527498 2
1579527499 2
1579527500 2
1579527501 2
1579527502 2
1579527503 2
1579527504 2
1579527505 2
1579527506 2
1579527507 2
1579527508 2
1579527509 2
1579527510 2
1579527511 2
1579527512 2
1579527513 2
1579527514 2
1579527515 2
1579527516 2
1579527517 2
1579527518 2
1579527519 2
1579527520 2
1579527521 2
1579527522 2
1579527523 2
1579527524 2
1579527525 2
1579527526 2
1579527527 2
1579527528 2
1579527529 2
1579527530 2
1579527531 2
1579527532 2
1579527533 2
1579527534 2
1579527535 2
1579527536 2
1579527537 2
1579527538 2
1579527539 2
1579527540 2
1579527541 2
1579527542 2
1579527543 2
1579527544 2
1579527545 2
1579527546 2
1579527547 2
1579527548 2
1579527549 2
1579527550 2
1579527551 2
1579527552 2
1579527553 2
1579527554 2
1579527555 2
1579527556 2
1579527557 2
1579527558 2
1579527559 2
1579527560 2
1579527561 2
1579527562 2
1579527563 2
1579527564 2
1579527565 2
1579527566 2
1579527567 2
1579527568 2
1579527569 2
1579527570 2
1579527571 2
1579527572 2
1579527573 2
1579527574 2
1579527575 2
1579527576 2
1579527577 2
1579527578 2
1579527579 2
1579527580 2
1579527581 2
1579527582 2
1579527583 2
1579527584 2
1579527585 2
1579527586 2
1579527587 2
1579527588 2
1579527589 2
1579527590 2
1579527591 2
1579527592 2
1579527593 2
1579527594 2
1579527595 2
1579527596 2
1579527597 2
1579527598 2
1579527599 2
1579527600 2
1579527601 2
1579527602 2
1579527603 2
1579527604 2
1579527605 2
1579527606 2
1579527607 2
1579527608 2
1579527609 2
1579527610 2
1579527611 2
1579527612 2
1579527613 2
1579527614 2
1579527615 2
1579527616 2
1579527617 2
1579527618 2
1579527619 2
1579527620 2
1579527621 2
1579527622 2
1579527623 2
1579527624 2
1579527625 2
1579527626 2
1579527627 2
1579527628 2
1579527629 2
1579527630 2
1579527631 2
1579527632 2
1579527633 2
1579527634 2
1579527635 2
1579527636 2
1579527637 2
1579527638 2
1579527639 2
1579527640 2
1579527641 2
1579527642 2
1579527643 2
1579527644 2
1579527645 2
1579527646 2
1579527647 2
1579527648 2
1579527649 2
1579527650 2
1579527651 2
1579527652 2
1579527653 2
1579527654 2
1579527655 2
1579527656 2
1579527657 2
1579527658 2
1579527659 2
1579527660 2
1579527661 2
1579527662 2
1579527663 2
1579527664 2
1579527665 2
1579527666 2
1579527667 2
1579527668 2
1579527669 2
1579527670 2
1579527671 2
1579527672 2
1579527673 2
1579527674 2
1579527675 2
1579527676 2
1579527677 2
1579527678 2
1579527679 2
1579527680 2
1579527681 2
1579527682 2
1579527683 2
1579527684 2
1579527685 2
1579527686 2
1579527687 2
1579527688 2
1579527689 2
1579527690 2
1579527691 2
1579527692 2
1579527693 2
1579527694 2
1579527695 2
1579527696 2
1579527697 2
1579527698 2
1579527699 2
1579527700 2
1579527701 2
1579527702 2
1579527703 2
1579527704 2
1579527705 2
1579527706 2
1579527707 2
1579527708 2
1579527709 2
1579527710 2
1579527711 2
1579527712 2
1579527713 2
1579527714 2
1579527715 2
1579527716 2
1579527717 2
1579527718 2
1579527719 2
1579527720 2
1579527721 2
1579527722 2
1579527723 2
1579527724 2
1579527725 2
1579527726 2
1579527727 2
1579527728 2
1579527729 2
1579527730 2
1579527731 2
1579527732 2
1579527733 2
1579527734 2
1579527735 2
1579527736 2
1579527737 2
1579527738 2
1579527739 2
1579527740 2
1579527741 2
1579527742 2
1579527743 2
1579527744 2
1579527745 2
1579527746 2
1579527747 2
1579527748 2
1579527749 3
1579527750 2
1579527751 2
1579527752 2
1579527753 2
1579527754 2
1579527755 2
1579527756 2
1579527757 2
1579527758 2
1579527759 2
1579527760 2
1579527761 2
1579527762 2
1579527763 2
1579527764 2
1579527765 2
1579527766 2
1579527767 2
1579527768 2
1579527769 2
1579527770 2
1579527771 2
1579527772 2
1579527773 2
1579527774 2
1579527775 2
1579527776 2
1579527777 2
1579527778 2
1579527779 2
1579527780 2
1579527781 2
1579527782 2
1579527783 2
1579527784 2
1579527785 2
1579527786 2
1579527787 2
1579527788 2
1579527789 2
1579527790 2
1579527791 2
1579527792 2
1579527793 2
1579527794 2
1579527795 2
1579527796 2
1579527797 2
1579527798 2
1579527799 2
1579527800 2
1579527801 2
1579527802 2
1579527803 2
1579527804 2
1579527805 2
1579527806 2
1579527807 2
1579527808 2
1579527809 2
1579527810 2
1579527811 2
1579527812 2
1579527813 2
1579527814 2
1579527815 2
1579527816 2
1579527817 2
1579527818 2
1579527819 2
1579527820 2
1579527821 2
1579527822 2
1579527823 2
1579527824 2
1579527825 2
1579527826 2
1579527827 2
1579527828 2
1579527829 2
1579527830 2
1579527831 2
1579527832 2
1579527833 2
1579527834 2
1579527835 2
1579527836 2
1579527837 2
1579527838 2
1579527839 2
1579527840 2
1579527841 2
1579527842 2
1579527843 2
1579527844 2
1579527845 2
1579527846 2
1579527847 2
1579527848 2
1579527849 2
1579527850 2
1579527851 2
1579527852 2
1579527853 2
1579527854 2
1579527855 2
1579527856 2
1579527857 2
1579527858 2
1579527859 2
1579527860 2
1579527861 2
1579527862 2
1579527863 2
1579527864 2
1579527865 2
1579527866 2
1579527867 2
1579527868 2
1579527869 2
1579527870 2
1579527871 2
1579527872 2
1579527873 2
1579527874 2
1579527875 2
1579527876 2
1579527877 2
1579527878 2
1579527879 2
1579527880 2
1579527881 2
1579527882 2
1579527883 2
1579527884 2
1579527885 2
1579527886 2
1579527887 2
1579527888 2
1579527889 2
1579527890 2
1579527891 2
1579527892 2
1579527893 2
1579527894 2
1579527895 2
1579527896 2
1579527897 2
1579527898 2
1579527899 2
1579527900 2
1579527901 2
1579527902 2
1579527903 2
1579527904 2
1579527905 2
1579527906 2
1579527907 2
1579527908 2
1579527909 2
1579527910 2
1579527911 2
1579527912 2
1579527913 2
1579527914 2
1579527915 2
1579527916 2
1579527917 2
1579527918 2
1579527919 2
1579527920 2
1579527921 2
1579527922 3
1579527923 3
1579527924 4
1579527925 3
1579527926 3
1579527927 3
1579527928 2
1579527929 2
1579527930 2
1579527931 2
1579527932 2
1579527933 2
1579527934 2
1579527935 2
1579527936 2
1579527937 2
1579527938 2
1579527939 2
1579527940 2
1579527941 2
1579527942 2
1579527943 2
1579527944 2
1579527945 2
1579527946 2
1579527947 2
1579527948 2
1579527949 2
1579527950 2
1579527951 2
1579527952 2
1579527953 2
1579527954 2
1579527955 2
1579527956 2
1579527957 2
1579527958 2
1579527959 2
1579527960 2
1579527961 2
1579527962 2
1579527963 2
1579527964 2
1579527965 2
1579527966 2
1579527967 2
1579527968 2
1579527969 2
1579527970 2
1579527971 2
1579527972 2
1579527973 2
1579527974 2
1579527975 2
1579527976 2
1579527977 2
1579527978 2
1579527979 2
1579527980 2
1579527981 2
1579527982 2
1579527983 2
1579527984 2
1579527985 2
1579527986 2
1579527987 2
1579527988 2
1579527989 2
1579527990 2
1579527991 2
1579527992 2
1579527993 2
1579527994 2
1579527995 2
1579527996 2
1579527997 2
1579527998 2
1579527999 2
1579528000 2
1579528001 2
1579528002 2
1579528003 2
1579528004 2
1579528005 2
1579528006 2
1579528007 2
1579528008 2
1579528009 2
1579528010 2
1579528011 2
1579528012 2
1579528013 2
1579528014 2
1579528015 2
1579528016 3
1579528017 2
1579528018 2
1579528019 2
1579528020 2
1579528021 2
1579528022 2
1579528023 2
1579528024 2
1579528025 2
1579528026 2
1579528027 2
1579528028 2
1579528029 2
1579528030 2
1579528031 2
1579528032 2
1579528033 2
1579528034 2
1579528035 2
1579528036 2
1579528037 2
1579528038 2
1579528039 2
1579528040 2
1579528041 2
1579528042 2
1579528043 2
1579528044 2
1579528045 2
1579528046 2
1579528047 2
1579528048 2
1579528049 2
1579528050 2
1579528051 2
1579528052 2
1579528053 2
1579528054 2
1579528055 2
1579528056 2
1579528057 2
1579528058 2
1579528059 2
1579528060 2
1579528061 2
1579528062 2
1579528063 2
1579528064 3
1579528065 3
1579528066 3
1579528067 3
1579528068 3
1579528069 3
1579528070 3
1579528071 3
1579528072 3
1579528073 3
1579528074 3
1579528075 3
1579528076 3
1579528077 3
1579528078 3
1579528079 3
1579528080 3
1579528081 3
1579528082 3
1579528083 3
1579528084 3
1579528085 3
1579528086 3
1579528087 3
1579528088 3
1579528089 3
1579528090 3
1579528091 3
1579528092 3
1579528093 3
1579528094 3
1579528095 3
1579528096 3
1579528097 3
1579528098 3
1579528099 3
1579528100 3
1579528101 3
1579528102 3
1579528103 3
1579528104 3
1579528105 3
1579528106 3
1579528107 3
1579528108 3
1579528109 3
1579528110 3
1579528111 3
1579528112 3
1579528113 3
1579528114 3
1579528115 3
1579528116 2
1579528117 2
1579528118 2
1579528119 2
1579528120 2
1579528121 2
1579528122 2
1579528123 2
1579528124 2
1579528125 2
1579528126 2
1579528127 2
1579528128 2
1579528129 2
1579528130 2
1579528131 2
1579528132 2
1579528133 2
1579528134 2
1579528135 2
1579528136 2
1579528137 2
1579528138 2
1579528139 2
1579528140 3
1579528141 2
1579528142 2
1579528143 2
1579528144 3
1579528145 3
1579528146 3
1579528147 3
1579528148 3
1579528149 3
1579528150 3
1579528151 3
1579528152 3
1579528153 3
1579528154 2
1579528155 3
1579528156 2
1579528157 2
1579528158 2
1579528159 2
1579528160 2
1579528161 2
1579528162 2
1579528163 2
1579528164 2
1579528165 2
1579528166 2
1579528167 2
1579528168 2
1579528169 2
1579528170 2
1579528171 2
1579528172 2
1579528173 2
1579528174 2
1579528175 2
1579528176 2
1579528177 2
1579528178 2
1579528179 2
1579528180 2
1579528181 2
1579528182 2
1579528183 2
1579528184 2
1579528185 2
1579528186 2
1579528187 2
1579528188 2
1579528189 2
1579528190 2
1579528191 2
1579528192 2
1579528193 2
1579528194 2
1579528195 2
1579528196 2
1579528197 2
1579528198 2
1579528199 2
1579528200 2
1579528201 2
1579528202 2
1579528203 2
1579528204 2
1579528205 2
1579528206 2
1579528207 2
1579528208 2
1579528209 2
1579528210 2
1579528211 2
1579528212 2
1579528213 2
1579528214 2
1579528215 2
1579528216 2
1579528217 2
1579528218 2
1579528219 2
1579528220 2
1579528221 2
1579528222 2
1579528223 2
1579528224 2
1579528225 2
1579528226 2
1579528227 2
1579528228 2
1579528229 2
1579528230 2
1579528231 2
1579528232 2
1579528233 2
1579528234 2
1579528235 2
1579528236 2
1579528237 2
1579528238 2
1579528239 2
1579528240 2
1579528241 2
1579528242 2
1579528243 2
1579528244 2
1579528245 2
1579528246 2
1579528247 2
1579528248 2
1579528249 2
1579528250 2
1579528251 2
1579528252 2
1579528253 2
1579528254 2
1579528255 2
1579528256 2
1579528257 2
1579528258 2
1579528259 2
1579528260 2
1579528261 2
1579528262 2
1579528263 2
1579528264 2
1579528265 2
1579528266 2
1579528267 2
1579528268 2
1579528269 2
1579528270 2
1579528271 2
1579528272 2
1579528273 2
1579528274 2
1579528275 2
1579528276 2
1579528277 2
1579528278 2
1579528279 2
1579528280 2
1579528281 2
1579528282 2
1579528283 2
1579528284 2
1579528285 2
1579528286 2
1579528287 2
1579528288 2
1579528289 2
1579528290 2
1579528291 2
1579528292 2
1579528293 2
1579528294 2
1579528295 2
1579528296 2
1579528297 2
1579528298 2
1579528299 2
1579528300 2
1579528301 2
1579528302 2
1579528303 2
1579528304 2
1579528305 2
1579528306 3
1579528307 3
1579528308 2
1579528309 2
1579528310 2
1579528311 2
1579528312 2
1579528313 2
1579528314 2
1579528315 2
1579528316 2
1579528317 2
1579528318 2
1579528319 2
1579528320 2
1579528321 2
1579528322 2
1579528323 2
1579528324 2
1579528325 2
1579528326 2
1579528327 2
1579528328 2
1579528329 2
1579528330 2
1579528331 2
1579528332 2
1579528333 2
1579528334 2
1579528335 2
1579528336 2
1579528337 2
1579528338 2
1579528339 2
1579528340 2
1579528341 2
1579528342 2
1579528343 4
1579528663 3
1579529802 3
1579530202 3
1579530203 4
1579530840 3
1579530841 5
1579531891 2
1579531892 3
1579532594 4
1579534464 3
1579534465 4
1579535137 3
1579535138 4
1579536805 3
