1582113055 4
1582113225 3
1582113226 4
1582113388 3
1582113389 4
1582113555 3
1582113717 2
1582113718 4
1582113895 3
1582113896 4
1582114059 3
1582114222 4
1582114389 3
1582114550 2
1582114551 4
1582114717 2
1582114718 4
1582114877 3
1582114878 4
1582115044 2
1582115045 4
1582115209 3
1582115210 4
1582115373 2
1582115374 4
1582115536 2
1582115537 4
1582115700 3
1582115701 5
1582115862 3
1582115863 3
1582116197 3
1582116198 3
1582116199 3
1582116200 3
1582116201 3
1582116202 3
1582116203 3
1582116204 3
1582116205 3
1582116206 3
1582116207 3
1582116208 3
1582116209 3
1582116210 3
1582116211 3
1582116212 3
1582116213 3
1582116214 3
1582116215 3
1582116216 3
1582116217 3
1582116218 3
1582116219 4
1582116220 4
1582116221 4
1582116222 3
1582116223 4
1582116224 3
1582116225 3
1582116226 3
1582116227 3
1582116228 3
1582116229 3
1582116230 3
1582116231 3
1582116232 3
1582116252 3
1582116253 3
1582116254 4
1582116434 3
1582116435 4
1582116599 3
1582116600 4
1582118920 3
1582118921 4
1582119084 3
1582119252 3
1582119420 3
1582119421 4
1582119601 3
1582119602 4
1582119767 2
1582119768 4
1582119935 2
1582119936 4
1582120110 3
1582120111 4
1582120294 3
1582120596 3
1582120597 4
1582120997 2
1582120998 2
1582120999 3
1582121000 4
1582121168 3
1582121169 4
1582121409 3
1582125152 2
1582125153 4
1582125312 3
1582125313 5
1582125796 4
1582125961 2
1582125962 4
1582126291 2
1582126292 4
1582126457 3
1582126458 5
1582126621 2
1582126622 4
1582126788 2
1582126789 4
1582126949 3
1582126950 4
1582127108 2
1582127109 4
1582127275 3
1582127276 5
1582127443 3
1582127444 3
1582127445 5
1582127608 3
1582127609 5
1582127773 3
1582127933 3
1582127934 4
1582128101 3
1582128260 3
1582128261 4
1582128442 3
1582128443 4
1582128603 2
1582128604 4
1582128769 2
1582128770 4
1582128933 2
1582128934 4
1582129104 2
1582129105 4
1582129424 2
1582129425 4
1582129589 4
1582129590 5
