1574710937 0 
1574710938 0 
1574710939 0 
1574710940 0 
1569854660 0 
1569854661 0 
1569854662 0 
1569854663 0 
1569854664 0 
1569856248 0 
1569856249 0 
1569856250 0 
1569856251 0 
1569856252 0 
1569856253 0 
1569856254 1 
1571330322 0 
1571330323 0 
1571330324 0 
1571330325 0 
1571330326 0 
1571766678 1 
1571766679 0 
1571766680 1 
1571766681 0 
1571766682 0 
1571766683 0 
1571767462 0 
1571767463 0 
1571767464 0 
1571767465 0 
1571767466 0 
1572537557 0 
1572537558 0 
1572537559 0 
1572537560 0 
1572538210 0 
1572538211 0 
1572538212 0 
1572538213 0 
1572538214 0 
1572538870 0 
1572538871 0 
1572538872 0 
1572538873 0 
1572539523 0 
1572539524 0 
1572539525 0 
1572539526 0 
1572540170 1 
1572540171 0 
1572540172 0 
1572540173 0 
1572540174 0 
1572541076 0 
1572541077 1 
1572541078 0 
1572541079 0 
1572541729 1 
1572541730 0 
1572541731 0 
1572541732 0 
1572541733 0 
1572542378 0 
1572542379 1 
1572542380 0 
1572542381 0 
1572543025 0 
1572543026 0 
1572543027 0 
1572543028 0 
1572543029 0 
1572543690 0 
1572543691 1 
1572543692 0 
1572543693 0 
1572871444 0 
1572871445 0 
1572871446 0 
1572871447 0 
1572872095 0 
1572872096 0 
1572872097 0 
1572872098 0 
1572872099 0 
1572872773 0 
1572872774 0 
1572872775 0 
1572872776 0 
1572873425 0 
1572873426 0 
1572873427 0 
1572873428 0 
1572874083 0 
1572874084 0 
1572874085 0 
1572874086 0 
1572875147 0 
1572875148 0 
1572875149 0 
1572875150 0 
1572876000 1 
1572876001 0 
1572876002 0 
1572876003 0 
1572876004 0 
1572877226 1 
1572877227 0 
1572877228 0 
1572877229 0 
1572877230 0 
1572877881 0 
1572877882 0 
1572877883 0 
1572877884 0 
1572879121 1 
1572879122 0 
1572879123 0 
1572879124 0 
1572879125 0 
1572967512 0 
1572967513 0 
1572967514 0 
1572967515 0 
1572968169 0 
1572968170 0 
1572968171 0 
1572968172 0 
1572969470 0 
1572969471 1 
1572969472 0 
1572969473 0 
1572970131 1 
1572970132 0 
1572970133 0 
1572970134 0 
1572970135 0 
1572970781 1 
1572970782 0 
1572970783 0 
1572970784 0 
1572970785 0 
1572971442 0 
1572971443 0 
1572971444 0 
1572971445 0 
1572972105 0 
1572972106 1 
1572972107 0 
1572972108 0 
1572972754 0 
1572972755 0 
1572972756 0 
1572972757 0 
1572973470 0 
1572973471 0 
1572973472 0 
1572973473 0 
1572974119 0 
1572974120 0 
1572974121 0 
1572974122 0 
1572974123 0 
1572974771 0 
1572974772 0 
1572974773 0 
1572974774 0 
1572974775 0 
1573209054 0 
1573209055 0 
1573209056 0 
1573209057 0 
1573209709 0 
1573209710 0 
1573209711 0 
1573209712 0 
1573209713 0 
1573210385 0 
1573210386 0 
1573210387 0 
1573210388 0 
1573211053 0 
1573211054 0 
1573211055 0 
1573211056 0 
1573211711 0 
1573211712 0 
1573211713 0 
1573211714 0 
1573212359 1 
1573212360 0 
1573212361 0 
1573212362 0 
1573212363 0 
1573213013 0 
1573213014 0 
1573213015 0 
1573213016 0 
1573213661 1 
1573213662 0 
1573213663 0 
1573213664 0 
1573213665 0 
1573214333 0 
1573214334 0 
1573214335 0 
1573214336 0 
1573214337 0 
1573214992 0 
1573214993 0 
1573214994 0 
1573214995 0 
1573310506 0 
1573310507 0 
1573310508 0 
1573310509 0 
1573311123 0 
1573311124 0 
1573311125 0 
1573311126 0 
1573311736 0 
1573311737 0 
1573311738 0 
1573311739 0 
1573311740 0 
1573312443 0 
1573312444 0 
1573312445 0 
1573312446 0 
1573313056 0 
1573313057 0 
1573313058 0 
1573313059 0 
1573313682 0 
1573313683 0 
1573313684 0 
1573313685 0 
1573314311 0 
1573314312 0 
1573314313 0 
1573314314 0 
1573314315 0 
1573314926 1 
1573314927 0 
1573314928 0 
1573314929 0 
1574696534 0 
1574696535 0 
1574696536 0 
1574696537 0 
1574697114 0 
1574697115 0 
1574697116 0 
1574697117 0 
1574697118 0 
1574697706 0 
1574697707 0 
1574697708 0 
1574697709 0 
1574698278 0 
1574698279 0 
1574698280 0 
1574698281 0 
1574698866 1 
1574698867 0 
1574698868 0 
1574698869 0 
1574698870 0 
1574709677 1 
1574709678 0 
1574709679 0 
1574709680 0 
1574710937 0 
1574710938 0 
1574710939 0 
1574710940 0 
1574956286 0 
1574956287 0 
1574956288 0 
1574956289 0 
1574956948 1 
1574956949 0 
1574956950 0 
1574956951 0 
1574957549 0 
1574957550 0 
1574957551 0 
1574957552 0 
1574958131 0 
1574958132 0 
1574958133 0 
1574958134 0 
1574958724 0 
1574958725 0 
1574958726 0 
1574958727 0 
1574959313 0 
1574959314 0 
1574959315 0 
1574959316 0 
1574959913 1 
1574959914 0 
1574959915 1 
1574959916 0 
1574959917 0 
1574960491 0 
1574960492 0 
1574960493 0 
1574960494 0 
1574961101 0 
1574961102 0 
1574961103 0 
1574961104 0 
1574961737 0 
1574961738 0 
1574961739 0 
1574961740 0 
1575033213 0 
1575033214 0 
1575033215 0 
1575033216 0 
1575033781 0 
1575033782 0 
1575033783 0 
1575033784 0 
1575034371 1 
1575034372 0 
1575034373 0 
1575034374 0 
1575034945 0 
1575034946 0 
1575034947 0 
1575034948 0 
1575035508 0 
1575035509 0 
1575035510 0 
1575035511 0 
1575036546 0 
1575036547 0 
1575036548 0 
1575036549 0 
1575037108 0 
1575037109 0 
1575037110 0 
1575037111 0 
1575037667 0 
1575037668 0 
1575037669 0 
1575037670 0 
1575038669 0 
1575038670 0 
1575038671 0 
1575038672 0 
1575039240 0 
1575039241 0 
1575039242 0 
1575039243 0 
1575120501 0 
1575120502 0 
1575120503 0 
1575120504 0 
1575121066 1 
1575121067 0 
1575121068 0 
1575121069 0 
1575122061 0 
1575122062 0 
1575122063 0 
1575122064 0 
1575122687 0 
1575122688 0 
1575122689 0 
1575122690 0 
1575123244 0 
1575123245 0 
1575123246 0 
1575123247 0 
1575123803 0 
1575123804 0 
1575123805 0 
1575123806 0 
1575124360 0 
1575124361 0 
1575124362 0 
1575124363 0 
1575124926 1 
1575124927 0 
1575124928 1 
1575124929 0 
1575125489 0 
1575125490 1 
1575125491 0 
1575125492 0 
1575126055 0 
1575126056 0 
1575126057 0 
1575126058 0 
1575297806 0 
1575297807 0 
1575297808 0 
1575297809 0 
1575298380 0 
1575298381 0 
1575298382 0 
1575298383 0 
1575298950 0 
1575298951 0 
1575298952 0 
1575298953 0 
1575299530 0 
1575299531 0 
1575299532 0 
1575299533 0 
1575300101 0 
1575300102 0 
1575300103 0 
1575300104 0 
1575300719 0 
1575300720 0 
1575300721 0 
1575300722 0 
1575301491 0 
1575301492 0 
1575301493 0 
1575301494 0 
1575302099 0 
1575302100 0 
1575302101 0 
1575302102 0 
1575390288 0 
1575390289 0 
1575390290 0 
1575390291 0 
1575390857 1 
1575390858 0 
1575390859 0 
1575390860 0 
1575390861 0 
1575391421 0 
1575391422 0 
1575391423 0 
1575391424 0 
1575391987 0 
1575391988 0 
1575391989 0 
1575391990 0 
1575392796 0 
1575392797 0 
1575392798 0 
1575392799 0 
1575393433 1 
1575393434 0 
1575393435 0 
1575393436 0 
1575393437 0 
1575393992 1 
1575393993 0 
1575393994 0 
1575393995 0 
1575394558 0 
1575394559 0 
1575394560 0 
1575394561 0 
1575395122 0 
1575395123 0 
1575395124 0 
1575395125 0 
1575395686 0 
1575395687 0 
1575395688 0 
1575395689 0 
1575562520 0 
1575562521 0 
1575562522 0 
1575562523 0 
1575563217 0 
1575563218 0 
1575563219 0 
1575563220 0 
1575563866 0 
1575563867 0 
1575563868 0 
1575563869 0 
1575564464 0 
1575564465 0 
1575564466 0 
1575564467 0 
1575565045 0 
1575565046 0 
1575565047 0 
1575565048 0 
1575565610 0 
1575565611 0 
1575565612 0 
1575565613 0 
1575565614 0 
1575566185 0 
1575566186 0 
1575566187 0 
1575566188 0 
1575566766 0 
1575566767 0 
1575566768 0 
1575566769 0 
1575568111 0 
1575568112 0 
1575568113 0 
1575568114 0 
1575568696 0 
1575568697 0 
1575568698 0 
1575568699 0 
1579191140 0 
1579191141 0 
1579191142 0 
1579191143 0 
1579191752 0 
1579191753 0 
1579191754 0 
1579191755 0 
1579192319 0 
1579192320 0 
1579192321 0 
1579192322 0 
1579192898 0 
1579192899 0 
1579192900 0 
1579192901 0 
1579193466 0 
1579193467 0 
1579193468 0 
1579193469 0 
1579194054 1 
1579194055 0 
1579194056 0 
1579194057 0 
1579194623 0 
1579194624 0 
1579194625 0 
1579194626 0 
1579195187 0 
1579195188 0 
1579195189 0 
1579195190 0 
1579195777 0 
1579195778 0 
1579195779 0 
1579195780 0 
1579196341 0 
1579196342 1 
1579196343 0 
1579196344 0 
1579359546 0 
1579359547 0 
1579359548 0 
1579359549 0 
1579360123 0 
1579360124 0 
1579360125 0 
1579360126 0 
1579360683 0 
1579360684 0 
1579360685 0 
1579360686 0 
1579361239 0 
1579361240 0 
1579361241 0 
1579361242 0 
1579361794 0 
1579361795 0 
1579361796 0 
1579361797 0 
1579361798 0 
1579362348 0 
1579362349 0 
1579362350 0 
1579362351 0 
1579362352 0 
1579362905 0 
1579362906 0 
1579362907 0 
1579362908 0 
1579363472 0 
1579363473 0 
1579363474 0 
1579363475 0 
1579364039 0 
1579364040 0 
1579364041 0 
1579364042 0 
1579364598 1 
1579364599 0 
1579364600 0 
1579364601 0 
1579364602 0 