1572265170 4
1572265171 4
1572265172 4
1572265371 4
1572265372 4
1572265568 4
1572265569 4
1572265767 4
1572265768 4
1572265970 5
1572265971 4
1572266171 4
1572266172 4
1572266370 4
1572266371 4
1572266372 4
1572266569 4
1572266570 4
1572266769 4
1572266770 4
1572266975 4
1572266976 4
1572266977 4
1572269237 4
1572269238 4
1572269644 4
1572269645 4
1572270061 4
1572270062 4
1572270457 4
1572270458 4
1572270849 4
1572270850 4
1572271375 4
1572271376 4
1572272546 4
1572272547 4
1572272882 4
1572272883 4
1572273215 4
1572273216 4
1572273217 4
1572273561 4
1572273562 4
1572273896 4
1572273897 4
1572274222 4
1572274223 4
1572274397 4
1572274398 4
1572274563 6
1572274564 5
1572274735 5
1572274736 4
1572274905 4
1572274906 4
1572275074 4
1572275075 4
1572275249 5
1572275250 4
1572275251 4
1572275596 4
1572275597 4
1572275762 4
1572275763 4
1572276317 4
1572276318 4
1572276657 4
1572276658 4
1572276987 4
1572276988 4
1572277318 4
1572277319 4
1572277652 4
1572277653 3
1572277654 3
1572278011 4
1572278012 4
1572278013 4
1572278344 4
1572278345 4
1572278675 5
1572278676 4
