1572003372 4
1572003570 4
1572003571 4
1572003766 4
1572003767 4
1572003768 4
1572003963 4
1572004158 4
1572004159 4
1572004354 4
1572004355 4
1572004551 4
1572004552 4
1572004753 4
1572004754 4
1572004952 4
1572004953 4
1572005148 4
1572005149 4
1572006242 2
1572006243 2
1572006777 4
1572006778 4
1572006958 4
1572006959 3
1572007376 4
1572007377 4
1572007771 4
1572007772 4
1572007781 4
1572007782 4
1572007783 4
1572007784 4
1572007785 4
1572007786 4
1572007787 4
1572007788 4
1572007789 4
1572007790 4
1572007791 4
1572007792 4
1572007793 4
1572007794 4
1572007795 4
1572007796 4
1572007797 4
1572007798 4
1572007799 4
1572007800 4
1572007801 4
1572007802 4
1572007803 4
1572007804 4
1572007805 4
1572007806 4
1572007807 4
1572007808 4
1572007809 4
1572007810 4
1572007811 4
1572007812 4
1572007813 4
1572007814 4
1572007815 4
1572007816 4
1572007817 4
1572007818 4
1572007819 4
1572007820 4
1572007821 4
1572007822 4
1572007823 4
1572007824 4
1572007825 4
1572007826 4
1572007827 4
1572007828 4
1572007829 4
1572007830 4
1572007831 4
1572007832 4
1572007833 4
1572007834 4
1572007835 4
1572007836 4
1572007837 4
1572007838 4
1572007839 4
1572007840 4
1572007841 4
1572007842 4
1572007843 4
1572007844 4
1572007845 4
1572007846 4
1572007847 4
1572007848 4
1572007849 4
1572007850 4
1572007851 4
1572007852 4
1572007853 4
1572007854 4
1572007855 4
1572007856 4
1572007857 4
1572007858 4
1572007859 4
1572007860 4
1572007861 4
1572007862 4
1572007863 4
1572007864 4
1572007865 4
1572007866 4
1572007867 4
1572007868 4
1572007869 4
1572007870 4
1572007871 4
1572008280 4
1572008281 4
1572008681 4
1572008682 4
1572008683 4
1572009078 4
1572009079 4
1572009466 4
1572009467 4
1572009856 4
1572009857 4
1572009858 4
1572010247 4
1572010248 4
1572010249 4
1572010644 4
1572010645 4
1572011034 4
1572011035 4
1572011351 4
1572011352 4
1572011353 4
1572011546 4
1572011547 4
1572011548 4
1572011746 4
1572011747 4
1572011940 4
1572011941 4
1572012137 4
1572012138 4
1572012333 5
1572012334 4
1572012528 4
1572012529 4
1572012721 4
1572012722 4
1572012916 4
1572012917 4
1572013111 4
1572013112 4
1572013597 4
1572013598 4
1572013990 4
1572013991 4
1572013992 4
1572014382 4
1572014383 4
1572014772 4
1572014773 4
1572015161 4
1572015162 4
