1573900823 2
1573900824 2
1573900825 2
1573900826 2
1573900827 2
1573900828 2
1573900829 2
1573900830 2
1573900831 2
1573900832 2
1573900833 2
1573900834 2
1573900835 2
1573900836 1
1573900837 2
1573900838 2
1573900839 2
1573900840 2
1573900841 2
1573900842 2
1573900843 2
1573900844 2
1573900845 2
1573900846 2
1573900847 2
1573900848 2
1573900849 2
1573900850 2
1573900851 2
1573900852 3
1573900853 2
1573900854 2
1573900855 2
1573900856 1
1573900857 1
1573900858 1
1573900859 2
1573900860 3
1573900861 3
1573900862 3
1573900863 2
1573900864 3
1573900865 3
1573900866 2
1573900867 2
1573900868 2
1573900869 2
1573900870 3
1573900871 3
1573900872 3
1573900873 3
1573900874 3
1573900875 3
1573900876 3
1573900877 3
1573900878 3
1573900879 3
1573900880 3
1573900881 3
1573900882 3
1573900883 3
1573900884 5
1573900885 3
1573900886 2
1573900887 2
1573900888 2
1573900889 2
1573900890 2
1573900891 2
1573900892 2
1573900893 2
1573900894 2
1573900895 2
1573900896 2
1573900897 2
1573900898 2
1573900899 3
1573900900 3
1573900901 2
1573900902 2
1573900903 2
1573900904 2
1573900905 2
1573900906 2
1573900907 2
1573900908 2
1573900909 2
1573900910 2
1573900911 2
1573900912 2
1573900913 2
1573900914 2
1573900915 2
1573900916 2
1573900917 2
1573900918 2
1573900919 2
1573900920 2
1573900921 2
1573900922 2
1573900923 2
1573900924 2
1573900925 2
1573900926 2
1573900927 2
1573900928 2
1573900929 2
1573900930 2
1573900931 2
1573900932 2
1573900933 2
1573900934 2
1573900935 2
1573900936 2
1573900937 2
1573900938 2
1573900939 2
1573900940 2
1573900941 2
1573900942 2
1573900943 2
1573900944 2
1573900945 2
1573900946 2
1573900947 2
1573900948 2
1573900949 2
1573900950 2
1573900951 2
1573900952 2
1573900953 2
1573900954 2
1573900955 2
1573900956 2
1573900957 2
1573900958 2
1573900959 2
1573900960 2
1573900961 2
1573900962 2
1573900963 2
1573900964 2
1573900965 2
1573901135 4
1573901136 4
1573901290 4
1573901291 4
1573901445 4
1573901446 4
1573901609 4
1573901610 4
1573901763 4
1573901764 4
1573901917 4
1573901918 4
1573902074 4
1573902230 4
1573902231 4
1573902386 4
1573902387 4
1573902545 4
1573902546 5
1573902887 4
1573902888 4
1573903197 4
1573903198 4
1573903512 4
1573903513 4
1573903821 4
1573903822 4
1573904131 4
1573904132 4
1573904438 4
1573904439 4
1573904628 3
1573904629 3
1573904630 3
1573904631 3
1573904632 3
1573904633 3
1573904634 3
1573904635 3
1573904636 3
1573904637 3
1573904638 3
1573904639 3
1573904640 3
1573904641 3
1573904642 3
1573904643 3
1573904644 3
1573904645 3
1573904646 3
1573904647 3
1573904648 3
1573904649 3
1573904650 3
1573904651 3
1573904652 3
1573904653 3
1573904654 3
1573904655 3
1573904656 3
1573904657 3
1573904658 3
1573904659 3
1573904660 3
1573904661 3
1573904662 3
1573904663 3
1573904664 3
1573904665 3
1573904666 3
1573904667 3
1573904668 3
1573904669 3
1573904670 3
1573904671 3
1573904672 3
1573904673 3
1573904674 3
1573904675 3
1573904676 3
1573904677 3
1573904678 3
1573904679 3
1573904680 3
1573904681 3
1573904682 3
1573904683 3
1573904684 3
1573904685 3
1573904686 3
1573904687 3
1573904688 3
1573904689 3
1573904690 3
1573904691 3
1573904692 3
1573904693 3
1573904694 3
1573904695 3
1573904696 3
1573904697 3
