1582113213 4
1582113214 4
1582113377 4
1582113378 4
1582113543 4
1582113544 4
1582113545 4
1582113706 4
1582113707 4
1582113883 4
1582113884 4
1582114048 4
1582114049 4
1582114211 4
1582114212 4
1582114377 4
1582114378 4
1582114538 4
1582114539 4
1582114703 4
1582114704 4
1582114866 4
1582114867 4
1582115034 4
1582115035 4
1582115196 4
1582115197 4
1582115362 4
1582115363 4
1582115364 4
1582115524 4
1582115525 4
1582115689 4
1582115690 4
1582115851 3
1582115852 3
1582116015 3
1582116016 3
1582116017 3
1582116018 3
1582116019 3
1582116020 3
1582116021 4
1582116022 4
1582116023 4
1582116024 5
1582116239 4
1582116240 4
1582116241 4
1582116412 4
1582116413 4
1582116588 4
1582116589 4
1582116751 4
1582116752 4
1582119072 4
1582119073 4
1582119240 4
1582119241 4
1582119409 4
1582119410 4
1582119589 4
1582119756 4
1582119757 4
1582119924 3
1582119925 3
1582120097 4
1582120098 4
1582120099 4
1582120269 4
1582120584 4
1582120585 4
1582120586 4
1582120807 4
1582120808 4
1582120809 4
1582120810 4
1582120811 4
1582120812 4
1582120813 4
1582120814 4
1582120815 4
1582120816 4
1582120817 4
1582120818 4
1582120819 4
1582120820 4
1582120821 4
1582120822 4
1582120823 4
1582120824 4
1582120986 4
1582120987 4
1582121156 4
1582121157 4
1582121398 4
1582121399 4
1582125086 4
1582125087 4
1582125088 4
1582125089 4
1582125090 4
1582125302 4
1582125303 4
1582125757 4
1582125758 4
1582125759 4
1582125760 4
1582125761 4
1582125762 4
1582125950 4
1582125951 4
1582126120 4
1582126121 4
1582126279 4
1582126280 4
1582126444 4
1582126445 4
1582126611 4
1582126612 4
1582126776 4
1582126777 4
1582126938 4
1582126939 4
1582127097 4
1582127098 4
1582127264 4
1582127265 4
1582127432 3
1582127433 3
1582127597 4
1582127598 4
1582127762 4
1582127763 4
1582127923 4
1582127924 4
1582128089 4
1582128090 4
1582128249 5
1582128250 4
1582128431 4
1582128432 4
1582128590 4
1582128591 4
1582128592 4
1582128757 4
1582128758 4
1582128923 4
1582128924 4
1582129092 4
1582129093 4
1582129252 4
1582129253 4
1582129254 4
1582129413 4
1582129414 4
1582129576 4
1582129577 4
1582129578 4
1582129737 4
