1572870113 4
1572870114 4
1572870333 4
1572870334 4
1572870517 4
1572870518 4
1572870736 4
1572870905 4
1572870906 4
1572871724 4
1572871725 4
1572871726 4
1572872373 4
1572872374 4
1572873054 4
1572873055 4
1572873704 4
1572873705 4
1572873706 4
1572874375 4
1572874376 4
1572875427 4
1572875428 4
1572876333 4
1572876334 5
1572877506 4
1572877507 4
1572878180 4
1572878181 4
1572879404 4
1572879405 4
1572880036 5
1572880037 4
1572880464 4
1572880465 4
1572880802 5
1572880803 4
1572880804 4
1572881149 4
1572881150 4
1572881481 4
1572881482 4
1572881816 4
1572881817 4
1572882146 4
1572882147 4
1572882537 4
1572882538 4
1572882867 4
1572882868 4
1572883226 4
1572883227 4
1572883562 4
1572883563 4
