1574685821 2.506118831
1574686014 2.305419555
1574686182 2.426367728
1574686344 2.43651122
1574686501 2.650096572
1574686667 2.599916542
1574686831 2.73699604
1574687018 2.608090868
1574687193 2.495202976
1574687357 2.343111856
1574689686 2.436759339
1574689902 2.619589367
1574690071 2.645722985
1574690240 2.390691655
1574690411 2.560006077
1574690571 2.731913844
1574690742 2.515859352
1574690901 2.429017857
1574691085 2.443107188
1574691264 2.429006073
1574706886 2.397701095
1574707128 2.361168541
