1575296967 3
1575296968 4
1575296969 5
1575296970 3
1575296971 3
1575296972 3
1575296973 3
1575296974 4
1575296975 2
1575296976 2
1575296977 2
1575296978 1
1575296979 1
1575296980 1
1575296981 1
1575296982 2
1575296983 3
1575296984 3
1575296985 3
1575296986 3
1575296987 3
1575296988 2
1575296989 3
1575296990 3
1575296991 3
1575296992 2
1575296993 2
1575296994 2
1575296995 1
1575296996 2
1575296997 2
1575296998 2
1575296999 2
1575297000 3
1575297001 4
1575297002 2
1575297003 3
1575297004 3
1575297005 3
1575297006 3
1575297007 3
1575297008 3
1575297009 2
1575297010 2
1575297011 3
1575297012 3
1575297013 3
1575297014 4
1575297015 5
1575297016 3
1575297017 3
1575297018 4
1575297019 3
1575297020 3
1575297021 2
1575297022 2
1575297023 2
1575297024 2
1575297025 2
1575297026 2
1575297027 3
1575297028 2
1575297029 2
1575297030 3
1575297031 2
1575297032 2
1575297033 2
1575297034 2
1575297035 2
1575297036 2
1575297037 2
1575297038 3
1575297039 3
1575297040 3
1575297041 3
1575297042 4
1575297043 2
1575297044 2
1575297045 3
1575297046 3
1575297047 4
1575297048 4
1575297049 4
1575297050 4
1575297051 5
1575297052 5
1575297053 6
1575297054 4
1575297055 5
1575297056 4
1575297057 3
1575297058 3
1575297059 2
1575297060 5
1575297061 4
1575297062 4
1575297063 4
1575297064 4
1575297065 4
1575297066 4
1575297067 4
1575297068 5
1575297069 5
1575297070 5
1575297071 5
1575297072 3
1575297073 2
1575297074 3
1575297075 4
1575297076 4
1575297077 5
1575297078 4
1575297079 4
1575297080 4
1575297081 4
1575297082 3
1575297083 3
1575297084 3
1575297085 3
1575297086 3
1575297087 3
1575297088 3
1575297089 3
1575297090 4
1575297091 3
1575297092 3
1575297093 3
1575297094 2
1575297095 2
1575297096 2
1575297097 2
1575297098 2
1575297099 2
1575297100 2
1575297101 3
1575297102 2
1575297103 2
1575297104 2
1575297105 3
1575297106 3
1575297107 2
1575297108 2
1575297109 2
1575297110 2
1575297111 2
1575297112 4
1575297113 4
1575297114 5
1575297115 5
1575297116 5
1575297117 5
1575297118 5
1575297119 4
1575297120 3
1575297121 3
1575297122 3
1575297123 4
1575297124 3
1575297125 4
1575297126 3
1575297127 3
1575297128 3
1575297129 3
1575297130 2
1575297131 2
1575297132 2
1575297133 2
1575297134 1
1575297135 1
1575297136 1
1575297137 1
1575297138 2
1575297139 2
1575297140 2
1575297141 2
1575297142 2
1575297143 2
1575297144 2
1575297145 1
1575297146 1
1575297147 1
1575297148 1
1575297149 1
1575297150 2
1575297151 1
1575297152 2
1575297153 2
1575297154 2
1575297155 2
1575297156 3
1575297157 2
1575297158 4
