1573741851 1.73153981
1573741968 1.787972264
1573743600 1.70575344
1573743702 1.636969725
1573743801 1.781464163
1573743898 1.840894799
1573743998 1.851314483
1573744095 1.875735399
1573744192 1.750247749
1573744291 1.703012087
1573744386 1.532540272
1573744478 1.929961716
1573744590 1.714184293
1573744683 1.652398809
1573744797 1.804019092
1573744894 1.615638596
1573745031 1.913150999
1573745215 1.77971015
1573745312 1.909660602
1573745414 1.79604346
1573745512 1.867397501
1573745612 1.840178864
1573745710 1.879499201
1573745813 1.754005597
1573745912 1.873577507
1573746007 2.208578041
1573746108 1.657935353
1573746206 1.879406413
1573746308 1.823510259
1573746408 1.76008184
1573746506 1.846113485
1573746601 1.909765476
1573748922 1.848053341
1573749018 1.918176873
1573749119 1.780953133
1573749231 1.975072717
1573749324 1.87180658
1573749457 1.973115405
1573749563 1.991572957
1573749662 1.827609523
1573749761 1.669779193
1573749857 1.827106073
1573752454 1.732398558
1573752711 1.929375844
1573752871 2.015768659
1573753029 1.742240499
1573753187 1.839623484
1573753341 1.917224567
1573753500 1.658135676
1573753654 1.739625719
1573753815 1.878537118
1573754635 1.78720806
1573754794 2.097747539
1573754956 1.87790798
1573755124 1.707529757
1573755282 1.871147167
1573755442 1.667775898
1573755598 1.839260937
1573755757 1.668506756
1573755914 2.039133072
1573756071 1.707422609
