1581935199 1.67467344
1581935358 1.750074307
1581935518 1.849777747
1581935684 1.833960253
1581935852 1.642462394
1581936023 1.671537689
1581936195 1.675841279
1581936354 1.793687889
1581936515 1.696843286
1581936691 1.843677746
1581936868 1.666423126
1581937184 1.656662161
1581937528 1.663345848
1581937833 1.874115672
1581938167 1.829454871
1581938490 1.804718336
1581938799 1.708134302
1581939115 1.675117626
1581939460 1.764585968
1581939761 1.7619322
1581942168 1.963864602
1581942846 1.637972027
1581944443 1.753720795
1581945729 1.700631172
1581946300 1.84843952
1581946871 1.651244129
1581947791 1.706551427
1581948859 1.916764266
