1575112804 1.958305567
1575112966 1.56809631
1575113128 1.618824883
1575113288 1.773374556
1575113446 1.803679968
1575113606 1.71066199
1575113763 1.710203229
1575113920 1.712368169
1575114246 1.923440579
1575114415 1.835487421
1575114718 1.624288342
1575115029 1.880057132
1575115338 1.800887368
1575115647 1.755695324
1575115962 1.681179834
1575116273 1.845038113
1575116584 1.792938392
1575116892 1.706536461
1575117200 1.778113759
1575120221 1.833157466
1575120784 1.664730437
1575121343 1.615065387
1575122405 1.816442214
1575122964 1.782232172
1575123521 1.799297258
1575124080 1.874721855
1575124635 1.827837173
1575125200 1.716387981
1575125770 2.016159678
