1582185041 1.965196022
1582185222 2.175928299
1582185957 1.789451747
1582186117 1.909447444
1582186276 1.834100825
1582186850 1.780922496
1582187814 1.756596356
1582187971 1.786069266
1582188131 1.712686664
1582188292 1.788778112
1582188746 1.793865235
1582189464 1.872887593
1582190771 1.664963517
1582191062 1.84504704
1582191353 1.875699465
1582191649 1.788584927
1582191945 1.869805138
1582192235 1.732687555
1582192533 1.833081709
1582192821 1.785982674
1582193109 2.090097925
1582193742 1.766565357
1582193905 1.718090921
1582194070 1.802538399
1582194226 2.000752631
1582194387 1.84648696
1582194552 1.784703648
1582194711 1.702168779
1582194882 1.667787605
1582195042 1.688403941
1582195204 1.748382205
1582195698 1.676646043
1582195858 1.787730234
1582196016 1.738300318
1582196176 1.75108912
1582196335 1.790969565
1582196495 1.627383153
1582196652 1.864264691
1582196811 1.801399264
1582196973 1.904397604
1582197140 1.628203696
1582197297 1.973973234
1582197463 1.785678948
1582197633 1.922051163
1582197791 1.674680038
1582197951 1.71482379
1582198107 1.752558597
1582198269 1.729507274
1582198426 1.830102835
1582198707 1.68703165
1582199056 1.625800953
