1572871356 2
1572871357 3
1572871358 2
1572872006 2
1572872007 3
1572872008 2
1572872682 3
1572872683 2
1572872684 3
1572872685 2
1572873336 3
1572873337 2
1572873338 2
1572873989 3
1572873990 2
1572873991 3
1572873992 2
1572875051 2
1572875052 3
1572875053 2
1572875912 3
1572875913 3
1572875914 3
1572875915 2
1572877138 3
1572877139 3
1572877140 2
1572877787 4
1572877788 2
1572877789 3
1572879019 3
1572879020 3
1572879021 3
1572879022 4
1572879023 3
1572879024 3
1572879025 3
1572879026 3
1572879027 3
1572879028 3
1572879029 3
1572879030 3
1572879031 3
1572879032 3
1572879033 4
1572879034 4
