1574956205 2
1574956206 3
1574956207 2
1574956866 3
1574956867 2
1574956868 2
1574956869 2
1574957468 3
1574957469 2
1574957470 2
1574958047 3
1574958048 4
1574958049 3
1574958639 4
1574958640 3
1574958641 3
1574959228 2
1574959229 2
1574959230 2
1574959831 3
1574959832 2
1574959833 2
1574959834 2
1574960409 2
1574960410 2
1574960411 3
1574961013 3
1574961014 2
1574961015 2
1574961016 2
1574961017 2
1574961018 2
1574961019 2
1574961020 3
1574961021 3
1574961022 4
1574961656 2
1574961657 4
1574961658 3
