1570543115 0.0
1570543115 0.0
1570543115 0.0
1570543115 0.0
1570543115 0.0
1570543115 0.0
1570543115 0.0
1570543115 0.0
1570543115 0.0
1570543115 0.0
1570543115 0.0
1570543115 0.0
1570543115 0.0
1570543115 0.0
1570543115 0.0
1570543115 0.0
1570543115 0.0
1570543115 0.0
1570543115 0.0
1570543115 0.0
1570543115 0.0
1570543115 0.0
1570543115 0.0
1570543115 0.0
1570543115 0.0
1570543477 0.0
1570543477 0.0
1570543477 0.0
1570543477 0.0
1570543477 0.0
1570543477 0.0
1570543477 0.0
1570543477 0.0
1570543477 0.0
1570543477 0.0
1570543477 0.0
1570543477 0.0
1570543477 0.0
1570543477 0.0
1570543477 0.0
1570543477 0.0
1570543477 0.0
1570543478 0.0
1570543478 0.0
1570543478 0.0
1570543478 0.0
1570543478 0.0
1570543478 0.0
1570543478 0.0
1570543478 0.0
1570543478 0.052282926
1570543681 0.0
1570543681 0.0
1570543681 0.0
1570543681 0.0
1570543681 0.0
1570543681 0.0
1570543681 0.0
1570543681 0.0
1570543681 0.0
1570543681 0.0
1570543681 0.0
1570544604 0.0
1570544604 0.0
1570544604 0.0
1570544604 0.0
1570544604 0.0
1570544604 0.0
1570544604 0.0
1570544604 0.0
1570544604 0.0
1570544604 0.0
1570544604 0.0
1570544604 0.0
1570544604 0.0
1570544604 0.0
1570544604 0.0
1570544604 0.0
1570544604 0.0
1570544604 0.0
1570544604 0.0
1570544604 0.0
1570544604 0.0
1570544604 0.0
1570544604 0.0
1570544604 0.0
1570544604 0.0
1570544604 0.0
1570544859 0.0
1570544859 0.0
1570544859 0.0
1570544859 0.0
1570544859 0.0
1570544859 0.0
1570544859 0.0
1570544859 0.0
1570544859 0.0
1570544859 0.0
1570544859 0.0
1570544859 0.0
1570544859 0.0
1570544859 0.0
1570544859 0.0
1570544859 0.0
1570544859 0.0
1570544859 0.0
1570544859 0.0
1570544859 0.0
1570544859 0.0
1570544859 0.0
1570544859 0.0
1570544859 0.0
1570544859 0.0
1570544859 0.0
1570544859 0.0
1570544859 0.0
1570544860 0.0
1570544860 0.0
1570544860 0.0
1570544860 0.0
1570544860 0.0
1570545063 0.0
1570545063 0.0
1570545063 0.0
1570545063 0.0
1570545063 0.0
1570545064 0.0
1570545064 0.0
1570545064 0.0
1570545064 0.0
1570545064 0.0
1570545064 0.0
1570545064 0.0
1570545064 0.0
1570545064 0.0
1570545064 0.0
1570545064 0.0
1570545064 0.0
1570545064 0.0
1570545064 0.0
1570545064 0.0
1570545064 0.0
1570545064 0.0
1570545280 0.0
1570545280 0.0
1570545280 0.0
1570545280 0.0
1570545280 0.0
1570545280 0.0
1570545280 0.0
1570545280 0.0
1570545281 0.0
1570545281 0.0
1570545281 0.0
1570545281 0.0
1570545281 0.0
1570545281 0.0
1570545281 0.0
1570545281 0.0
1570545281 0.0
1570545281 0.0
1570545281 0.0
1570545281 0.0
1570545281 0.0
1570545281 0.0
