1582189532 2
1582189533 2
1582189534 2
1582189535 2
1582191004 2
1582191005 2
1582191006 2
1582191007 2
1582191296 2
1582191297 2
1582191298 2
1582191299 2
1582191592 2
1582191593 2
1582191594 2
1582191595 2
1582191887 2
1582191888 2
1582191889 2
1582191890 2
1582192175 2
1582192176 2
1582192177 2
1582192178 2
1582192475 2
1582192476 2
1582192477 2
1582192478 2
1582192764 2
1582192765 2
1582192766 2
1582192767 2
1582193052 2
1582193053 2
1582193054 2
1582193055 2
1582193346 2
1582193347 2
1582193348 2
1582193349 2
1582193350 2
