1573741890 2
1573741891 2
1573741892 2
1573741893 2
1573743742 2
1573743743 2
1573743744 2
1573743745 2
1573743840 2
1573743841 2
1573743842 2
1573743843 2
1573743940 2
1573743941 2
1573743942 2
1573743943 2
1573744038 2
1573744039 2
1573744040 2
1573744041 2
1573744134 2
1573744135 2
1573744136 2
1573744137 2
1573744233 2
1573744234 2
1573744235 2
1573744330 2
1573744331 2
1573744332 2
1573744333 2
1573744422 2
1573744423 2
1573744424 2
1573744425 2
1573744517 2
1573744518 2
1573744519 2
1573744520 2
1573744521 2
1573744624 2
1573744625 2
1573744626 2
1573744627 2
1573744723 3
1573744724 2
1573744725 2
1573744726 2
1573744838 2
1573744839 2
1573744840 2
1573744841 2
1573744974 2
1573744975 2
1573744976 2
1573744977 2
1573745072 2
1573745073 2
1573745074 2
1573745075 2
1573745255 2
1573745256 2
1573745257 2
1573745258 2
1573745454 2
1573745455 2
1573745456 2
1573745457 2
1573745551 2
1573745552 2
1573745553 2
1573745554 2
1573745751 2
1573745752 2
1573745753 2
1573745754 2
1573745854 2
1573745855 2
1573745856 2
1573745857 2
1573745951 2
1573745952 2
1573745953 2
1573745954 2
1573746048 2
1573746049 2
1573746050 2
1573746051 2
1573746247 2
1573746248 2
1573746249 2
1573746250 2
1573746347 2
1573746348 2
1573746349 2
1573746350 2
1573746448 2
1573746449 2
1573746450 2
1573746451 2
1573746545 2
1573746546 2
1573746547 2
1573746548 2
1573746641 2
1573746642 2
1573746643 2
1573746644 2
1573748961 2
1573748962 2
1573748963 2
1573748964 2
1573749057 2
1573749058 2
1573749059 2
1573749060 2
1573749061 2
1573749270 2
1573749271 2
1573749272 2
1573749273 2
1573749368 2
1573749369 2
1573749370 2
1573749371 2
1573749503 2
1573749504 2
1573749505 2
1573749506 2
1573749602 2
1573749603 2
1573749604 2
1573749605 2
1573749801 2
1573749802 2
1573749803 2
1573749804 2
