1572361342 4
1572361343 4
1572361344 4
1572361345 4
1572361346 4
1572361347 4
1572361348 4
1572361349 4
1572361350 4
1572361351 4
1572361352 3
1572361353 1
1572361354 2
1572361355 2
1572361356 3
1572361357 6
1572361358 7
1572361359 7
1572361360 5
1572361361 8
1572361362 8
1572361363 7
1572361364 13
1572361365 8
1572361366 9
1572361367 8
1572361368 10
1572361369 9
1572361370 7
1572361371 7
1572361372 2
1572361373 1
1572361374 2
1572361375 2
1572361376 1
1572361377 1
1572361378 2
1572361379 1
1572361380 1
1572361381 2
1572361382 3
1572361383 3
1572361384 4
1572361385 4
1572361386 4
1572361387 4
1572361538 4
1572361539 5
1572361540 5
1572361541 4
1572361542 4
1572361543 4
1572361544 4
1572361545 4
1572361546 4
1572361547 3
1572361548 1
1572361549 1
1572361550 2
1572361551 3
1572361552 6
1572361553 5
1572361554 7
1572361555 7
1572361556 10
1572361557 11
1572361558 7
1572361559 8
1572361560 9
1572361561 9
1572361562 9
1572361563 10
1572361564 8
1572361565 8
1572361566 8
1572361567 4
1572361568 7
1572361569 6
1572361570 8
1572361571 5
1572361572 3
1572361573 3
1572361574 2
1572361575 1
1572361576 1
1572361577 3
1572361578 3
1572361579 5
1572361580 4
1572361581 4
1572361582 4
1572361583 4
1572361732 4
1572361733 4
1572361734 4
1572361735 4
1572361736 4
1572361737 4
1572361738 4
1572361739 4
1572361740 4
1572361741 3
1572361742 2
1572361743 2
1572361744 1
1572361745 3
1572361746 7
1572361747 7
1572361748 5
1572361749 6
1572361750 10
1572361751 9
1572361752 8
1572361753 9
1572361754 10
1572361755 8
1572361756 8
1572361757 7
1572361758 9
1572361759 6
1572361760 7
1572361761 7
1572361762 6
1572361763 5
1572361764 6
1572361765 4
1572361766 4
1572361767 4
1572361768 4
1572361769 3
1572361770 3
1572361771 2
1572361772 2
1572361773 3
1572361774 3
1572361775 4
1572361776 4
1572361777 4
1572361778 4
1572361779 4
1572361927 4
1572361928 4
1572361929 4
1572361930 4
1572361931 4
1572361932 4
1572361933 4
1572361934 4
1572361935 4
1572361936 3
1572361937 3
1572361938 2
1572361939 1
1572361940 3
1572361941 5
1572361942 7
1572361943 5
1572361944 7
1572361945 8
1572361946 10
1572361947 8
1572361948 9
1572361949 10
1572361950 6
1572361951 8
1572361952 7
1572361953 7
1572361954 6
1572361955 7
1572361956 8
1572361957 5
1572361958 5
1572361959 4
1572361960 5
1572361961 5
1572361962 5
1572361963 4
1572361964 4
1572361965 3
1572361966 2
1572361967 2
1572361968 1
1572361969 1
1572361970 2
1572361971 3
1572361972 4
1572361973 4
1572361974 4
1572361975 4
1572362126 4
1572362127 4
1572362128 4
1572362129 4
1572362130 4
1572362131 5
1572362132 4
1572362133 4
1572362134 4
1572362135 4
1572362136 2
1572362137 2
1572362138 1
1572362139 3
1572362140 6
1572362141 6
1572362142 6
1572362143 6
1572362144 9
1572362145 9
1572362146 7
1572362147 5
1572362148 8
1572362149 5
1572362150 7
1572362151 5
1572362152 10
1572362153 7
1572362154 5
1572362155 6
1572362156 4
1572362157 5
1572362158 6
1572362159 4
1572362160 4
1572362161 3
1572362162 3
1572362163 3
1572362164 1
1572362165 2
1572362166 2
1572362167 4
1572362168 4
1572362169 4
1572362170 4
1572362171 4
1572362320 4
1572362321 4
1572362322 4
1572362323 4
1572362324 4
1572362325 5
1572362326 4
1572362327 4
1572362328 4
1572362329 4
1572362330 3
1572362331 1
1572362332 2
1572362333 2
1572362334 3
1572362335 6
1572362336 9
1572362337 6
1572362338 9
1572362339 10
1572362340 9
1572362341 11
1572362342 11
1572362343 7
1572362344 8
1572362345 8
1572362346 10
1572362347 6
1572362348 7
1572362349 7
1572362350 4
1572362351 5
1572362352 5
1572362353 7
1572362354 7
1572362355 5
1572362356 5
1572362357 5
1572362358 4
1572362359 3
1572362360 3
1572362361 3
1572362362 3
1572362363 4
1572362364 4
1572362365 4
1572362366 4
1572362516 5
1572362517 4
1572362518 4
1572362519 4
1572362520 4
1572362521 4
1572362522 4
1572362523 4
1572362524 4
1572362525 4
1572362526 3
1572362527 2
1572362528 2
1572362529 3
1572362530 3
1572362531 6
1572362532 9
1572362533 5
1572362534 9
1572362535 9
1572362536 9
1572362537 11
1572362538 11
1572362539 7
1572362540 8
1572362541 7
1572362542 9
1572362543 6
1572362544 7
1572362545 6
1572362546 5
1572362547 6
1572362548 6
1572362549 6
1572362550 6
1572362551 5
1572362552 5
1572362553 3
1572362554 2
1572362555 2
1572362556 1
1572362557 4
1572362558 4
1572362559 4
1572362560 4
1572362561 4
1572362562 4
1572362715 6
1572362716 5
1572362717 5
1572362718 4
1572362719 4
1572362720 4
1572362721 4
1572362722 4
1572362723 4
1572362724 4
1572362725 3
1572362726 2
1572362727 1
1572362728 2
1572362729 3
1572362730 6
1572362731 5
1572362732 6
1572362733 6
1572362734 10
1572362735 10
1572362736 8
1572362737 9
1572362738 13
1572362739 8
1572362740 9
1572362741 11
1572362742 8
1572362743 7
1572362744 4
1572362745 3
1572362746 5
1572362747 5
1572362748 6
1572362749 5
1572362750 5
1572362751 5
1572362752 4
1572362753 4
1572362754 3
1572362755 2
1572362756 3
1572362757 3
1572362758 4
1572362759 4
1572362760 4
1572362761 4
1572362762 4
1572362911 4
1572362912 4
1572362913 4
1572362914 4
1572362915 4
1572362916 4
1572362917 4
1572362918 4
1572362919 4
1572362920 3
1572362921 1
1572362922 1
1572362923 2
1572362924 3
1572362925 6
1572362926 5
1572362927 7
1572362928 8
1572362929 10
1572362930 8
1572362931 9
1572362932 10
1572362933 12
1572362934 8
1572362935 9
1572362936 8
1572362937 7
1572362938 7
1572362939 6
1572362940 4
1572362941 3
1572362942 3
1572362943 5
1572362944 3
1572362945 3
1572362946 4
1572362947 2
1572362948 1
1572362949 1
1572362950 3
1572362951 3
1572362952 5
1572362953 4
1572362954 4
1572362955 4
1572362956 4
1572366973 4
1572366974 4
1572366975 4
1572366976 4
1572366977 4
1572366978 4
1572366979 4
1572366980 4
1572366981 4
1572366982 2
1572366983 2
1572366984 2
1572366985 3
1572366986 6
1572366987 6
1572366988 6
1572366989 9
1572366990 9
1572366991 8
1572366992 7
1572366993 5
1572366994 7
1572366995 8
1572366996 7
1572366997 5
1572366998 1
1572366999 2
1572367000 2
1572367001 4
1572367002 4
1572367003 4
1572367004 3
1572367005 4
1572367006 5
1572367007 3
1572367008 2
1572367009 2
1572367010 3
1572367011 3
1572367012 4
1572367013 4
1572367014 4
1572367015 4
1572367141 4
1572367142 4
1572367143 4
1572367144 4
1572367145 4
1572367146 4
1572367147 5
1572367148 5
1572367149 5
1572367150 3
1572367151 1
1572367152 2
1572367153 3
1572367154 7
1572367155 8
1572367156 7
1572367157 10
1572367158 12
1572367159 11
1572367160 12
1572367161 8
1572367162 9
1572367163 9
1572367164 9
1572367165 9
1572367166 6
1572367167 8
1572367168 9
1572367169 8
1572367170 9
1572367171 8
1572367172 8
1572367173 6
1572367174 4
1572367175 3
1572367176 2
1572367177 1
1572367178 2
1572367179 3
1572367180 4
1572367181 4
1572367182 4
1572367183 4
1572367313 4
1572367314 4
1572367315 5
1572367316 5
1572367317 4
1572367318 4
1572367319 5
1572367320 5
1572367321 5
1572367322 3
1572367323 1
1572367324 1
1572367325 3
1572367326 6
1572367327 9
1572367328 8
1572367329 11
1572367330 8
1572367331 10
1572367332 12
1572367333 9
1572367334 11
1572367335 10
1572367336 9
1572367337 8
1572367338 8
1572367339 6
1572367340 6
1572367341 7
1572367342 5
1572367343 4
1572367344 3
1572367345 2
1572367346 1
1572367347 3
1572367348 3
1572367349 4
1572367350 4
1572367351 4
1572367352 4
1572367479 4
1572367480 4
1572367481 4
1572367482 4
1572367483 4
1572367484 4
1572367485 4
1572367486 4
1572367487 4
1572367488 2
1572367489 1
1572367490 2
1572367491 3
1572367492 6
1572367493 7
1572367494 6
1572367495 9
1572367496 8
1572367497 9
1572367498 9
1572367499 5
1572367500 8
1572367501 7
1572367502 8
1572367503 4
1572367504 4
1572367505 6
1572367506 6
1572367507 6
1572367508 5
1572367509 3
1572367510 3
1572367511 2
1572367512 1
1572367513 1
1572367514 3
1572367515 3
1572367516 4
1572367517 5
1572367518 5
1572367519 4
1572367520 4
1572367662 4
1572367663 4
1572367664 4
1572367665 4
1572367666 4
1572367667 4
1572367668 4
1572367669 4
1572367670 4
1572367671 2
1572367672 1
1572367673 2
1572367674 6
1572367675 7
1572367676 5
1572367677 8
1572367678 9
1572367679 7
1572367680 9
1572367681 9
1572367682 6
1572367683 7
1572367684 6
1572367685 7
1572367686 9
1572367687 3
1572367688 3
1572367689 5
1572367690 3
1572367691 4
1572367692 4
1572367693 5
1572367694 4
1572367695 3
1572367696 3
1572367697 2
1572367698 1
1572367699 1
1572367700 2
1572367701 4
1572367702 4
1572367703 4
1572367704 4
1572367705 4
1572367839 4
1572367840 4
1572367841 4
1572367842 4
1572367843 4
1572367844 4
1572367845 5
1572367846 5
1572367847 5
1572367848 3
1572367849 2
1572367850 2
1572367851 3
1572367852 6
1572367853 7
1572367854 5
1572367855 6
1572367856 8
1572367857 8
1572367858 8
1572367859 5
1572367860 5
1572367861 9
1572367862 8
1572367863 7
1572367864 3
1572367865 4
1572367866 4
1572367867 4
1572367868 4
1572367869 4
1572367870 4
1572367871 3
1572367872 3
1572367873 3
1572367874 2
1572367875 1
1572367876 1
1572367877 2
1572367878 3
1572367879 4
1572367880 4
1572367881 4
1572368008 4
1572368009 4
1572368010 4
1572368011 4
1572368012 4
1572368013 4
1572368014 4
1572368015 4
1572368016 4
1572368017 2
1572368018 1
1572368019 2
1572368020 4
1572368021 6
1572368022 6
1572368023 7
1572368024 9
1572368025 7
1572368026 8
1572368027 8
1572368028 7
1572368029 7
1572368030 6
1572368031 7
1572368032 5
1572368033 3
1572368034 4
1572368035 4
1572368036 6
1572368037 6
1572368038 6
1572368039 6
1572368040 6
1572368041 5
1572368042 3
1572368043 2
1572368044 1
1572368045 2
1572368046 6
1572368047 4
1572368048 4
1572368049 4
1572368176 5
1572368177 4
1572368178 4
1572368179 4
1572368180 4
1572368181 4
1572368182 5
1572368183 5
1572368184 5
1572368185 4
1572368186 2
1572368187 1
1572368188 2
1572368189 3
1572368190 7
1572368191 7
1572368192 5
1572368193 8
1572368194 6
1572368195 10
1572368196 9
1572368197 6
1572368198 6
1572368199 8
1572368200 7
1572368201 6
1572368202 4
1572368203 2
1572368204 2
1572368205 3
1572368206 3
1572368207 5
1572368208 4
1572368209 3
1572368210 2
1572368211 1
1572368212 2
1572368213 3
1572368214 2
1572368215 4
1572368216 5
1572368217 6
1572368218 3
1572368219 3
1572368343 4
1572368344 4
1572368345 4
1572368346 4
1572368347 4
1572368348 4
1572368349 4
1572368350 4
1572368351 4
1572368352 4
1572368353 1
1572368354 1
1572368355 3
1572368356 6
1572368357 7
1572368358 9
1572368359 5
1572368360 12
1572368361 8
1572368362 11
1572368363 9
1572368364 10
1572368365 9
1572368366 8
1572368367 5
1572368368 5
1572368369 4
1572368370 3
1572368371 6
1572368372 3
1572368373 3
1572368374 2
1572368375 1
1572368376 1
1572368377 3
1572368378 3
1572368379 4
1572368380 4
1572368381 4
1572368382 4
1572368508 5
1572368509 4
1572368510 4
1572368511 4
1572368512 4
1572368513 4
1572368514 4
1572368515 4
1572368516 4
1572368517 3
1572368518 2
1572368519 2
1572368520 3
1572368521 7
1572368522 7
1572368523 5
1572368524 10
1572368525 10
1572368526 8
1572368527 10
1572368528 8
1572368529 9
1572368530 8
1572368531 8
1572368532 7
1572368533 3
1572368534 3
1572368535 4
1572368536 5
1572368537 4
1572368538 5
1572368539 6
1572368540 6
1572368541 5
1572368542 5
1572368543 5
1572368544 3
1572368545 3
1572368546 3
1572368547 3
1572368548 1
1572368549 1
1572368550 2
1572368551 4
1572368552 4
1572368553 4
1572368554 4
1572368555 4
