1582631366 2
1582631367 2
1582631368 2
1582631526 2
1582631527 2
1582631528 2
1582631682 2
1582631683 2
1582631684 2
1582631685 2
1582631840 2
1582631841 2
1582631842 2
1582631996 2
1582631997 2
1582631998 2
1582632154 2
1582632155 2
1582632156 2
1582632314 2
1582632315 2
1582632316 2
1582632317 2
1582632476 2
1582632477 2
1582632478 2
1582632479 2
1582632634 2
1582632635 2
1582632636 2
1582632797 2
1582632798 2
1582632799 2
1582634892 2
1582634893 2
1582634894 2
1582635175 2
1582635176 2
1582635177 2
1582635458 2
1582635459 2
1582635460 2
1582635742 2
1582635743 2
1582635744 2
1582635745 2
1582636028 2
1582636029 2
1582636030 2
1582636315 1
1582636316 1
1582636317 2
1582636318 2
1582636319 2
1582636606 1
1582636607 1
1582636608 2
1582636609 2
1582636897 2
1582636898 2
1582636899 2
1582637197 2
1582637198 2
1582637199 2
1582637200 2
1582637493 2
1582637494 2
1582637495 2
1582637789 2
1582637790 2
1582637791 2
1582638348 2
1582638349 2
1582638350 2
1582638351 2
1582638925 2
1582638926 2
1582638927 2
1582640604 2
1582640605 2
1582640606 2
1582641163 2
1582641164 2
1582641165 2
1582641724 2
1582641725 2
1582641726 2
1582642298 2
1582642299 2
1582642300 2
1582642874 2
1582642875 2
1582642876 2
1582642877 2
1582643476 2
1582643477 2
1582643478 2
1582643479 2
1582644034 2
1582644035 2
1582644036 2
