1574710594 0 
1574710595 0 
1574710596 0 
1574710597 0 
1574710598 0 
1574710599 0 
1574710600 0 
1574710601 0 
1574710602 0 
1574710603 0 
1574706992 0 
1574706993 0 
1574706994 0 
1574706995 0 
1574706996 0 
1574706997 0 
1574706998 0 
1574706999 0 
1574707000 0 
1574707001 0 
1574707002 0 
1574707003 0 
1574707004 0 
1574707005 0 
1574707006 0 
1574707007 0 
1574707008 0 
1574707009 0 
1574707010 0 
1574707011 0 
1574707012 0 
1574707013 0 
1574707014 0 
1574707015 0 
1574707016 0 
1574707017 0 
1574707018 0 
1574707019 0 
1574707020 0 
1574707021 0 
1574707022 0 
1574707023 0 
1574707024 0 