1579359472 2
1579359473 2
1579359474 2
1579359475 2
1579360049 2
1579360050 2
1579360051 2
1579360052 2
1579360610 2
1579360611 2
1579360612 2
1579360613 3
1579361166 2
1579361167 2
1579361168 2
1579361169 3
1579361721 2
1579361722 2
1579361723 2
1579361724 2
1579362276 2
1579362277 2
1579362278 2
1579362831 2
1579362832 2
1579362833 2
1579362834 3
1579363398 2
1579363399 2
1579363400 2
1579363401 3
1579363965 2
1579363966 2
1579363967 2
1579363968 2
1579363969 3
1579364524 2
1579364525 2
1579364526 2
1579364527 3
