1574710643 0 
1574710644 0 
1574710645 0 
1574710646 0 
1574710647 0 
1574710648 0 
1574710649 0 
1574710650 0 
1574710651 0 
1574710652 0 
1574710653 0 
1574710654 0 
1574710655 0 
1574710656 0 
1574710657 0 
1574710658 0 
1574710659 0 
1574710660 0 
1574710661 0 
1574710662 0 
1574710663 0 
1574710664 0 
1574710665 0 
1574710666 0 
1574710667 0 
1574710668 0 
1574710669 0 
1574710670 0 
1574710671 0 
1574710672 0 
1574710673 0 
1574710676 0 
1574710677 0 
1574710678 0 
1574710679 0 
1574710680 0 
1574710681 0 
1574710682 0 
1574710683 0 
1574710684 0 
1574710685 0 
1574710686 0 
1574710687 0 
1574710688 0 
1574710689 0 
1574710690 0 
1574710691 0 
1574710692 0 
1574710693 0 
1574710694 0 
1574710695 0 
1574710696 0 
1574710697 0 
1574710698 0 
1574710699 0 
1574710700 0 
1574710701 0 
1574710702 0 
1574710703 0 
1574710704 0 
1574710705 0 
1574710706 0 
1574710707 0 
1574710708 0 
1574710709 0 
1574710710 0 
1574710711 0 
1574710712 0 
1574710713 0 
1574710714 0 
1574710715 0 
1574710716 0 
1574710717 0 
1574710718 0 
1574710719 0 
1574710720 0 
1574710721 0 
1574710722 0 
1574710723 0 
1574710724 0 
1574710725 0 
1574710726 0 
1574710727 0 
1574710728 0 
1574710729 0 
1574710730 0 
1574710731 0 
1574710732 0 
1574710733 0 
1574710734 0 
1574710735 0 
1574710736 0 
1574710737 0 
1574710738 0 
1574710739 0 
1574710740 0 
1574710741 0 
1574710742 0 
1574710743 0 
1574710744 0 
1574710745 0 
1574710746 0 
1574710747 0 
1574710748 0 
1574710749 0 
1569853644 0 
1569853645 0 
1569853646 0 
1569853647 0 
1569853648 0 
1569853649 0 
1569853650 0 
1569853651 0 
1569853652 0 
1569853653 0 
1569853654 0 
1569853655 0 
1569853656 0 
1569853657 2 
1569853658 1 
1569853659 1 
1569853660 1 
1569853661 1 
1569853662 2 
1569853663 1 
1569853664 1 
1569853665 1 
1569853666 0 
1569853667 0 
1569853668 0 
1569853669 1 
1569853670 1 
1569853671 2 
1569853672 2 
1569853673 3 
1569853674 2 
1569853675 2 
1569853676 2 
1569853677 1 
1569853678 1 
1569853679 0 
1569853680 0 
1569853681 0 
1569853682 1 
1569853683 0 
1569853684 0 
1569853685 0 
1569853686 0 
1569853687 0 
1569853688 0 
1569853689 0 
1569853690 0 
1569853691 0 
1569853692 0 
1569853693 0 
1569853694 0 
1569853695 0 
1569853696 0 
1569853697 0 
1569853698 0 
1569853699 0 
1569853700 0 
1569853701 0 
1569853702 0 
1569853703 0 
1569853704 0 
1569853705 0 
1569853706 0 
1569853707 0 
1569853708 0 
1569853709 0 
1569853710 0 
1569853711 0 
1569853712 0 
1569853713 0 
1569853714 0 
1569853715 0 
1569853716 0 
1569853717 0 
1569853718 0 
1569853719 0 
1569853720 0 
1569853721 0 
1569853722 0 
1569853723 0 
1569853724 0 
1569853725 0 
1569853726 0 
1569853727 0 
1569853728 0 
1569853729 0 
1569853730 0 
1569853731 0 
1569853732 0 
1569853733 0 
1569854234 0 
1569854235 0 
1569854236 0 
1569854237 0 
1569854238 0 
1569854239 0 
1569854240 0 
1569854241 0 
1569854242 0 
1569854243 0 
1569854244 0 
1569854245 0 
1569854246 0 
1569854247 0 
1569854248 0 
1569854249 1 
1569854250 1 
1569854251 0 
1569854252 0 
1569854253 2 
1569854254 1 
1569854255 3 
1569854256 0 
1569854257 1 
1569854258 2 
1569854259 1 
1569854260 1 
1569854261 2 
1569854262 1 
1569854263 0 
1569854264 0 
1569854265 0 
1569854266 0 
1569854267 0 
1569854268 0 
1569854269 0 
1569854270 0 
1569854271 0 
1569854272 0 
1569854273 0 
1569854274 0 
1569854275 0 
1569854276 0 
1569854277 0 
1569854278 0 
1569854279 0 
1569854280 0 
1569854281 0 
1569854282 0 
1569854283 0 
1569854284 0 
1569854285 0 
1569854286 0 
1569854287 0 
1569854288 0 
1569854289 0 
1569854290 0 
1569854291 0 
1569854292 0 
1569854293 0 
1569854294 0 
1569854295 0 
1569854296 0 
1569854297 1 
1569854298 0 
1569854299 0 
1569854300 0 
1569854301 0 
1569854302 0 
1569854303 1 
1569854304 0 
1569854305 0 
1569854306 0 
1569854307 0 
1569854308 0 
1569854309 0 
1569854310 0 
1569854311 0 
1569854312 0 
1569854313 0 
1569854314 0 
1569854315 0 
1569854316 0 
1569854317 0 
1569854318 0 
1569854319 2 
1569854320 1 
1569854321 3 
1569854322 2 
1569854323 1 
1569854324 0 
1569854325 0 
1569854326 0 
1569854327 0 
1569854328 0 
1569854329 0 
1569854330 0 
1569854331 0 
1569854332 0 
1569854333 0 
1569854334 0 
1569854335 0 
1569854336 0 
1569854337 0 
1569854338 0 
1569854339 0 
1569854340 0 
1569854341 0 
1569854342 0 
1569854343 0 
1569854344 0 
1569854345 0 
1569854346 0 
1569854347 0 
1569854348 0 
1569854349 0 
1569854350 0 
1569854351 0 
1569854352 0 
1569854353 0 
1569854354 0 
1569854355 0 
1569854356 0 
1569854357 0 
1569854358 0 
1569854359 0 
1569854360 0 
1569854361 0 
1569854362 0 
1569854363 0 
1569854364 0 
1569854365 0 
1569854366 0 
1569854367 0 
1569854368 0 
1569854369 0 
1569854370 0 
1569854371 0 
1569854372 0 
1569854373 0 
1569854374 0 
1569854375 2 
1569855258 0 
1569855259 0 
1569855260 0 
1569855261 0 
1569855262 0 
1569855263 0 
1569855264 0 
1569855265 0 
1569855266 0 
1569855267 0 
1569855268 0 
1569855269 0 
1569855270 0 
1569855271 0 
1569855272 0 
1569855273 0 
1569855274 0 
1569855275 0 
1569855276 0 
1569855277 0 
1569855278 0 
1569855279 0 
1569855280 0 
1569855281 0 
1569855282 0 
1569855283 0 
1569855284 0 
1569855285 0 
1569855286 0 
1569855287 0 
1569855288 0 
1569855289 0 
1569855290 0 
1569855291 0 
1569855292 0 
1569855293 1 
1569855294 2 
1569855295 2 
1569855296 1 
1569855297 2 
1569855298 1 
1569855299 0 
1569855300 0 
1569855301 0 
1569855302 0 
1569855303 0 
1569855304 0 
1569855305 0 
1569855306 0 
1569855307 0 
1569855308 0 
1569855309 0 
1569855310 0 
1569855311 0 
1569855312 0 
1569855313 0 
1569855314 0 
1569855315 0 
1569855316 0 
1569855317 0 
1569855318 0 
1569855319 0 
1569855320 0 
1569855321 0 
1569855322 0 
1569855323 0 
1569855324 0 
1569855325 0 
1569855326 0 
1569855327 1 
1569855328 1 
1569855329 0 
1569855330 0 
1569855331 0 
1569855332 0 
1569855333 1 
1569855334 0 
1569855335 0 
1569855336 0 
1569855337 0 
1569855338 0 
1569855339 0 
1569855340 0 
1569855341 0 
1569855342 0 
1569855343 0 
1569855344 0 
1569855345 0 
1569855346 0 
1569855347 0 
1569855348 0 
1569855349 1 
1569855350 3 
1569855640 2 
1569855641 2 
1569855642 2 
1569855643 2 
1569855644 2 
1569855645 2 
1569855646 2 
1569855647 2 
1569855648 2 
1569855649 2 
1569855650 2 
1569855651 1 
1569855652 0 
1569855653 0 
1569855654 0 
1569855655 0 
1569855656 0 
1569855657 0 
1569855658 0 
1569855659 0 
1569855660 1 
1569855661 1 
1569855662 2 
1569855663 0 
1569855664 0 
1569855665 0 
1569855666 0 
1569855667 1 
1569855668 0 
1569855669 0 
1569855670 0 
1569855671 0 
1569855672 0 
1569855673 0 
1569855674 0 
1569855675 0 
1569855676 0 
1569855677 0 
1569855678 0 
1569855679 0 
1569855683 0 
1569855684 0 
1569855685 0 
1569855686 0 
1569855687 0 
1569855688 0 
1569855689 0 
1569855690 1 
1569855691 3 
1569855692 3 
1569855693 4 
1569855694 3 
1569855695 2 
1569855696 2 
1569855697 0 
1569855698 1 
1569855699 0 
1569855700 0 
1569855701 0 
1569855702 0 
1569855703 0 
1569855704 0 
1569855705 0 
1569855706 0 
1569855707 0 
1569855708 0 
1569855709 0 
1569855710 0 
1569855711 0 
1569855712 0 
1569855713 0 
1569855714 0 
1569855715 0 
1569855716 0 
1569855717 0 
1569855718 0 
1569855719 0 
1569855720 0 
1569855721 0 
1569855722 0 
1569855723 0 
1569855724 0 
1569855725 0 
1569855726 0 
1569855727 0 
1569855728 0 
1569855729 0 
1569855730 2 
1569855731 2 
1569855732 2 
1569855733 1 
1569855734 0 
1569855735 1 
1569855736 0 
1569855737 0 
1569855738 0 
1569855739 0 
1569855740 0 
1569855741 0 
1569855742 0 
1569855743 0 
1569855744 0 
1569855745 0 
1569855746 0 
1569855747 0 
1569855748 0 
1569855749 0 
1569855750 1 
1569855751 0 
1569855752 0 
1569855753 0 
1569855754 0 
1569855755 1 
1569855756 1 
1569855757 0 
1569855758 0 
1569855759 0 
1569855760 0 
1569855761 0 
1569855762 0 
1569855763 0 
1569855764 0 
1569855765 0 
1569855766 0 
1569855767 0 
1569855768 0 
1569855769 0 
1569855770 0 
1569855771 0 
1569855772 0 
1569855773 0 
1569855774 0 
1569855775 0 
1569855776 0 
1569855777 0 
1569855778 0 
1569855779 0 
1569855780 0 
1569855781 0 
1569855782 0 
1569855783 0 
1569855784 0 
1569855785 0 
1569855786 0 
1569855787 3 
1570447015 1 
1570447016 1 
1570447017 3 
1570447018 1 
1570447019 1 
1570447020 0 
1570447021 0 
1570447022 0 
1570447023 1 
1570447024 0 
1570447025 0 
1570447026 0 
1570447027 0 
1570447028 0 
1570447029 0 
1570447030 0 
1570447031 0 
1570447032 1 
1570447033 1 
1570447034 0 
1570447035 0 
1570447036 0 
1570447037 0 
1570447038 0 
1570447039 0 
1570447040 0 
1570447041 0 
1570447042 0 
1570447043 0 
1570447044 0 
1570447045 0 
1570447046 0 
1570447047 1 
1570447048 1 
1570447049 1 
1570447050 1 
1570447051 1 
1570447052 1 
1570447053 1 
1570447054 1 
1570447055 0 
1570447056 3 
1570447057 3 
1570447058 5 
1570447059 4 
1570447060 5 
1570447061 5 
1570447062 4 
1570447063 2 
1570447064 2 
1570447065 2 
1570447066 1 
1570447067 0 
1570447068 0 
1570447069 0 
1570447070 0 
1570447071 0 
1570447072 0 
1570447073 0 
1570447074 0 
1570447075 0 
1570447076 0 
1570447077 0 
1570447078 0 
1570447079 0 
1570447080 0 
1570447081 0 
1570447082 0 
1570447083 0 
1570447084 0 
1570447085 0 
1570447086 0 
1570447087 0 
1570447088 0 
1570447089 0 
1570447090 0 
1570447091 0 
1570447092 0 
1570447093 0 
1570447094 1 
1570447095 1 
1570447096 1 
1570447097 0 
1570447098 1 
1570447099 1 
1570447100 0 
1570447101 0 
1570447102 0 
1570447103 0 
1570447104 2 
1570447105 3 
1570447106 4 
1570447107 5 
1570447108 5 
1570447109 4 
1570447110 3 
1570447111 3 
1570447112 1 
1570447113 1 
1570447114 0 
1570447115 2 
1570447116 1 
1571329988 0 
1571329989 0 
1571329990 0 
1571329991 0 
1571329992 0 
1571329993 0 
1571329994 0 
1571329995 0 
1571329996 0 
1571329997 0 
1571329998 0 
1571329999 0 
1571330000 0 
1571330001 0 
1571330002 0 
1571330003 0 
1571330004 0 
1571330005 0 
1571330006 0 
1571330007 0 
1571330008 0 
1571330009 0 
1571330010 0 
1571330011 0 
1571330012 0 
1571330013 0 
1571330014 0 
1571330015 0 
1571330016 0 
1571330017 0 
1571330018 0 
1571330019 0 
1571330020 0 
1571330021 0 
1571330022 0 
1571330023 0 
1571330024 1 
1571330025 0 
1571330026 0 
1571330027 0 
1571330028 0 
1571330029 0 
1571330030 0 
1571330031 0 
1571330032 0 
1571330033 0 
1571330034 0 
1571330035 0 
1571330036 0 
1571330037 0 
1571330038 0 
1571330039 0 
1571330040 0 
1571330041 0 
1571330042 0 
1571330043 0 
1571330044 0 
1571330045 0 
1571330046 0 
1571330047 0 
1571330048 0 
1571330049 0 
1571330050 0 
1571330051 0 
1571330052 0 
1571330053 0 
1571330054 0 
1571330055 0 
1571330056 0 
1571330057 0 
1571330058 0 
1571330059 0 
1571330060 0 
1571330061 0 
1571330062 0 
1571330063 0 
1571330064 0 
1571330065 0 
1571330066 0 
1571330067 0 
1571330068 0 
1571330069 0 
1571330070 0 
1571330071 0 
1571330072 0 
1571330073 0 
1571330074 0 
1571330075 0 
1571330076 0 
1571330077 0 
1571330078 2 
1571399129 0 
1571399130 0 
1571399131 0 
1571399132 0 
1571399133 0 
1571399134 0 
1571399135 0 
1571399136 0 
1571399137 0 
1571399138 0 
1571399139 0 
1571399140 0 
1571399141 0 
1571399142 0 
1571399143 0 
1571399144 0 
1571399145 0 
1571399146 0 
1571399147 0 
1571399148 0 
1571399149 0 
1571399150 0 
1571399151 0 
1571399152 0 
1571399153 0 
1571399154 0 
1571399155 1 
1571399156 0 
1571399157 0 
1571399158 0 
1571399159 1 
1571399160 1 
1571399161 0 
1571399162 0 
1571399163 1 
1571399164 1 
1571399165 0 
1571399166 0 
1571399167 0 
1571399168 0 
1571399169 0 
1571399170 0 
1571399171 0 
1571399172 0 
1571399173 0 
1571399174 0 
1571399175 0 
1571399176 0 
1571399177 0 
1571399178 0 
1571399179 0 
1571399180 0 
1571399181 0 
1571399182 0 
1571399183 0 
1571399184 0 
1571399185 0 
1571399186 0 
1571399187 0 
1571399188 0 
1571399189 0 
1571399190 0 
1571399191 1 
1571399192 1 
1571399193 0 
1571399194 0 
1571399195 0 
1571399196 0 
1571399197 0 
1571399198 0 
1571399199 0 
1571399200 0 
1571399201 0 
1571399202 0 
1571399203 0 
1571399204 0 
1571399205 0 
1571399206 0 
1571399207 0 
1571399208 0 
1571399209 0 
1571399210 0 
1571399211 0 
1571399212 0 
1571399213 0 
1571399214 2 
1571754928 1 
1571754929 2 
1571754930 2 
1571754931 2 
1571754932 3 
1571754933 3 
1571754934 2 
1571754935 2 
1571754936 0 
1571754937 0 
1571754938 0 
1571754939 0 
1571754940 0 
1571754941 0 
1571754942 0 
1571754943 0 
1571754944 0 
1571754945 0 
1571754946 0 
1571754947 0 
1571754948 0 
1571754949 0 
1571754950 0 
1571754951 0 
1571754952 0 
1571754953 0 
1571754954 0 
1571754955 0 
1571754956 0 
1571754957 0 
1571754958 0 
1571754959 0 
1571754960 0 
1571754961 1 
1571754962 3 
1571754963 1 
1571754964 0 
1571754965 1 
1571754966 0 
1571754967 0 
1571754968 0 
1571754969 0 
1571754970 0 
1571754971 0 
1571754972 0 
1571754973 0 
1571754974 0 
1571754975 0 
1571754976 0 
1571754977 0 
1571754978 0 
1571754979 0 
1571754980 0 
1571754981 0 
1571754982 0 
1571754983 0 
1571754984 0 
1571754985 0 
1571754986 0 
1571754987 0 
1571754988 0 
1571754989 0 
1571754990 0 
1571754991 0 
1571754992 0 
1571754993 1 
1571754994 1 
1571754995 0 
1571754996 0 
1571754997 0 
1571754998 0 
1571754999 0 
1571755000 0 
1571755001 0 
1571755002 0 
1571755003 0 
1571755004 0 
1571755005 0 
1571755006 0 
1571755007 0 
1571755008 0 
1571755009 0 
1571755010 0 
1571755011 0 
1571755012 0 
1571755013 0 
1571755014 0 
1571755015 0 
1571755016 1 
1571763784 1 
1571763785 0 
1571763786 0 
1571763787 0 
1571763788 0 
1571763789 0 
1571763790 0 
1571763791 0 
1571763792 0 
1571763793 0 
1571763794 0 
1571763795 0 
1571763796 0 
1571763797 0 
1571763798 0 
1571763799 0 
1571763800 0 
1571763801 1 
1571763802 2 
1571763803 2 
1571763804 3 
1571763805 2 
1571763806 1 
1571763807 1 
1571763808 0 
1571763809 0 
1571763810 0 
1571763811 0 
1571763812 0 
1571763813 0 
1571763814 2 
1571763815 2 
1571763816 1 
1571763817 1 
1571763818 1 
1571763819 1 
1571763820 1 
1571763821 1 
1571763822 1 
1571763823 0 
1571763824 0 
1571763825 0 
1571763826 0 
1571763827 0 
1571763828 0 
1571763829 0 
1571763830 0 
1571763831 0 
1571763832 0 
1571763833 0 
1571763834 0 
1571763835 0 
1571763836 0 
1571763837 0 
1571763838 0 
1571763839 0 
1571763840 0 
1571763841 0 
1571763842 0 
1571763843 0 
1571763844 0 
1571763845 0 
1571763846 1 
1571763847 1 
1571763848 0 
1571763849 0 
1571763850 0 
1571763851 1 
1571763852 0 
1571763853 0 
1571763854 0 
1571763855 0 
1571763856 0 
1571763857 0 
1571763858 0 
1571763859 0 
1571763860 0 
1571763861 0 
1571763862 0 
1571763863 0 
1571763864 0 
1571763865 0 
1571763866 0 
1571763867 0 
1571763868 0 
1571763869 2 
1571766343 0 
1571766344 0 
1571766345 0 
1571766346 0 
1571766347 0 
1571766348 0 
1571766349 0 
1571766350 0 
1571766351 0 
1571766352 0 
1571766353 0 
1571766354 0 
1571766355 0 
1571766356 0 
1571766357 0 
1571766358 0 
1571766359 0 
1571766360 0 
1571766361 1 
1571766362 1 
1571766363 1 
1571766364 1 
1571766365 2 
1571766366 2 
1571766367 3 
1571766368 3 
1571766369 3 
1571766370 2 
1571766371 2 
1571766372 1 
1571766373 2 
1571766374 0 
1571766375 0 
1571766376 0 
1571766377 0 
1571766378 0 
1571766379 3 
1571766380 2 
1571766381 1 
1571766382 2 
1571766383 3 
1571766384 3 
1571766385 3 
1571766386 2 
1571766387 1 
1571766388 0 
1571766389 0 
1571766390 0 
1571766391 0 
1571766392 0 
1571766393 0 
1571766394 0 
1571766395 0 
1571766396 0 
1571766397 0 
1571766398 0 
1571766399 0 
1571766400 0 
1571766401 0 
1571766402 0 
1571766403 0 
1571766404 1 
1571766405 0 
1571766406 0 
1571766407 0 
1571766408 0 
1571766409 0 
1571766410 0 
1571766411 1 
1571766412 1 
1571766413 0 
1571766414 0 
1571766415 0 
1571766416 0 
1571766417 0 
1571766418 0 
1571766419 0 
1571766420 0 
1571766421 0 
1571766422 0 
1571766423 0 
1571766424 0 
1571766425 0 
1571766426 0 
1571766427 0 
1571766428 0 
1571766429 0 
1571766430 0 
1571766431 0 
1571766432 0 
1571766433 1 
1571766434 3 
1571767082 0 
1571767083 0 
1571767084 0 
1571767085 0 
1571767086 0 
1571767087 0 
1571767088 0 
1571767089 0 
1571767090 0 
1571767091 0 
1571767092 0 
1571767093 0 
1571767094 0 
1571767095 0 
1571767096 0 
1571767097 0 
1571767098 1 
1571767099 0 
1571767100 0 
1571767101 0 
1571767102 2 
1571767103 2 
1571767104 3 
1571767105 4 
1571767106 0 
1571767107 0 
1571767108 0 
1571767109 2 
1571767110 2 
1571767111 2 
1571767112 1 
1571767113 0 
1571767114 0 
1571767115 0 
1571767116 0 
1571767117 0 
1571767118 0 
1571767119 0 
1571767120 0 
1571767122 0 
1571767123 0 
1571767124 0 
1571767125 0 
1571767126 0 
1571767127 0 
1571767128 0 
1571767129 0 
1571767130 0 
1571767131 0 
1571767132 0 
1571767133 0 
1571767134 0 
1571767135 0 
1571767136 0 
1571767137 0 
1571767138 0 
1571767139 0 
1571767140 0 
1571767141 0 
1571767142 0 
1571767143 0 
1571767144 0 
1571767145 0 
1571767146 1 
1571767147 0 
1571767148 0 
1571767149 1 
1571767150 1 
1571767151 2 
1571767152 2 
1571767153 3 
1571767154 2 
1571767155 1 
1571767156 1 
1571767157 1 
1571767158 1 
1571767159 0 
1571767160 0 
1571767161 1 
1571767162 2 
1571767163 1 
1571767164 0 
1571767165 0 
1571767166 1 
1571767167 1 
1571767168 1 
1571767169 0 
1571767170 0 
1571767171 0 
1571767172 0 
1571767173 0 
1571767174 0 
1571767175 0 
1571767176 0 
1571767177 0 
1571767178 0 
1571767179 0 
1571767180 0 
1571767181 0 
1571767182 0 
1571767183 0 
1571767184 0 
1571767185 0 
1571767186 0 
1571767187 0 
1571767188 0 
1571767189 0 
1571767190 0 
1571767191 0 
1571767192 0 
1571767193 1 
1571767194 1 
1571767195 2 
1571767196 2 
1571767197 0 
1571767198 1 
1571767199 1 
1571767200 0 
1571767201 0 
1571767202 0 
1571767203 0 
1571767204 0 
1571767205 0 
1571767206 0 
1571767207 0 
1571767208 0 
1571767209 0 
1571767210 0 
1571767211 0 
1571767212 0 
1571767213 0 
1571767214 0 
1571767215 1 
1571767216 3 
1572007490 1 
1572007491 1 
1572007492 0 
1572007493 0 
1572007494 0 
1572007495 0 
1572007496 0 
1572007497 0 
1572007498 0 
1572007499 0 
1572007500 0 
1572007501 0 
1572007502 0 
1572007503 0 
1572007504 0 
1572007505 0 
1572007506 0 
1572007507 0 
1572007508 0 
1572007509 0 
1572007510 0 
1572007511 0 
1572007512 0 
1572007513 0 
1572007514 0 
1572007515 0 
1572007516 1 
1572007517 1 
1572007518 1 
1572007519 1 
1572007520 3 
1572007521 2 
1572007522 3 
1572007523 1 
1572007524 0 
1572007525 0 
1572007526 1 
1572007527 1 
1572007528 1 
1572007529 1 
1572007530 0 
1572007531 0 
1572007532 0 
1572007533 0 
1572007534 0 
1572007535 0 
1572007536 0 
1572007537 0 
1572007538 0 
1572007539 0 
1572007540 0 
1572007541 0 
1572007542 0 
1572007543 0 
1572007544 0 
1572007545 0 
1572007546 0 
1572007547 0 
1572007548 0 
1572007549 0 
1572007550 0 
1572007551 0 
1572007552 0 
1572007553 0 
1572007554 0 
1572007555 0 
1572007556 0 
1572007557 0 
1572007558 0 
1572007559 0 
1572007560 0 
1572007561 0 
1572007562 0 
1572007563 0 
1572007564 0 
1572007565 0 
1572007566 0 
1572007567 0 
1572007568 1 
1572007569 1 
1572007570 1 
1572007571 0 
1572007572 0 
1572007573 0 
1572007574 3 
1572007575 3 
1572007991 2 
1572007992 1 
1572007993 1 
1572007994 1 
1572007995 1 
1572007996 0 
1572007997 0 
1572007998 0 
1572007999 0 
1572008000 0 
1572008001 0 
1572008002 0 
1572008003 0 
1572008004 0 
1572008005 0 
1572008006 0 
1572008007 0 
1572008008 0 
1572008009 0 
1572008010 0 
1572008011 0 
1572008012 0 
1572008013 0 
1572008014 0 
1572008015 0 
1572008016 0 
1572008017 1 
1572008018 0 
1572008019 1 
1572008020 0 
1572008021 0 
1572008022 3 
1572008023 1 
1572008024 0 
1572008025 1 
1572008026 1 
1572008027 2 
1572008028 2 
1572008029 1 
1572008030 0 
1572008031 0 
1572008032 0 
1572008033 0 
1572008034 0 
1572008035 0 
1572008036 0 
1572008037 0 
1572008038 0 
1572008039 0 
1572008040 0 
1572008041 0 
1572008042 0 
1572008043 0 
1572008044 0 
1572008045 0 
1572008046 0 
1572008047 0 
1572008048 0 
1572008049 0 
1572008050 0 
1572008051 0 
1572008052 0 
1572008053 0 
1572008054 0 
1572008055 0 
1572008056 0 
1572008057 0 
1572008058 0 
1572008059 0 
1572008060 0 
1572008061 0 
1572008062 0 
1572008063 0 
1572008064 0 
1572008065 0 
1572008066 1 
1572008067 1 
1572008068 0 
1572008069 0 
1572008070 1 
1572008071 2 
1572008072 3 
1572008073 3 
1572008074 1 
1572008075 1 
1572008076 2 
1572008077 3 
1572008392 0 
1572008393 0 
1572008394 0 
1572008395 0 
1572008396 0 
1572008397 0 
1572008398 0 
1572008399 0 
1572008400 0 
1572008401 0 
1572008402 0 
1572008403 0 
1572008404 0 
1572008405 0 
1572008406 0 
1572008407 0 
1572008408 0 
1572008409 0 
1572008410 0 
1572008411 0 
1572008412 0 
1572008413 0 
1572008414 0 
1572008415 0 
1572008416 0 
1572008417 0 
1572008418 0 
1572008419 0 
1572008420 0 
1572008421 0 
1572008422 0 
1572008423 2 
1572008424 1 
1572008425 2 
1572008426 0 
1572008427 0 
1572008428 0 
1572008429 0 
1572008430 0 
1572008431 0 
1572008432 0 
1572008433 0 
1572008434 0 
1572008435 0 
1572008436 0 
1572008437 0 
1572008438 0 
1572008439 0 
1572008440 0 
1572008441 0 
1572008442 0 
1572008443 0 
1572008444 0 
1572008445 0 
1572008446 0 
1572008447 0 
1572008448 0 
1572008449 0 
1572008450 0 
1572008451 0 
1572008452 0 
1572008453 0 
1572008454 0 
1572008455 0 
1572008456 0 
1572008457 0 
1572008458 0 
1572008459 0 
1572008460 0 
1572008461 0 
1572008462 0 
1572008463 1 
1572008464 1 
1572008465 1 
1572008466 1 
1572008467 1 
1572008468 1 
1572008469 1 
1572008470 0 
1572008471 1 
1572008472 2 
1572008473 2 
1572008474 2 
1572008475 1 
1572008476 0 
1572008477 2 
1572008478 2 
1572008479 2 
1572008480 2 
1572008481 1 
1572008482 1 
1572008483 2 
1572008484 0 
1572008485 0 
1572008486 0 
1572008487 0 
1572008488 4 
1572008795 1 
1572008796 1 
1572008797 2 
1572008798 0 
1572008799 0 
1572008800 0 
1572008801 0 
1572008802 0 
1572008803 0 
1572008804 0 
1572008805 0 
1572008806 0 
1572008807 0 
1572008808 0 
1572008809 0 
1572008810 0 
1572008811 0 
1572008812 0 
1572008813 0 
1572008814 0 
1572008815 0 
1572008816 0 
1572008817 0 
1572008818 0 
1572008819 0 
1572008820 0 
1572008821 0 
1572008822 1 
1572008823 1 
1572008824 0 
1572008825 0 
1572008826 2 
1572008827 2 
1572008828 0 
1572008829 0 
1572008830 0 
1572008831 0 
1572008832 0 
1572008833 0 
1572008834 0 
1572008835 0 
1572008836 0 
1572008837 0 
1572008838 0 
1572008839 0 
1572008840 0 
1572008841 0 
1572008842 0 
1572008843 0 
1572008844 0 
1572008845 0 
1572008846 0 
1572008847 0 
1572008848 0 
1572008849 0 
1572008850 0 
1572008851 0 
1572008852 0 
1572008853 0 
1572008854 0 
1572008855 0 
1572008856 0 
1572008857 0 
1572008858 0 
1572008859 1 
1572008860 1 
1572008861 0 
1572008862 1 
1572008863 1 
1572008864 0 
1572008865 0 
1572008866 0 
1572008867 0 
1572008868 0 
1572008869 0 
1572008870 0 
1572008871 0 
1572008872 0 
1572008873 0 
1572008874 0 
1572008875 0 
1572008876 0 
1572008877 0 
1572008878 0 
1572008879 0 
1572008880 2 
1572008881 2 
1572537239 0 
1572537240 0 
1572537241 0 
1572537242 0 
1572537243 0 
1572537244 0 
1572537245 0 
1572537246 0 
1572537247 0 
1572537248 0 
1572537249 0 
1572537250 0 
1572537251 0 
1572537252 0 
1572537253 1 
1572537254 0 
1572537255 1 
1572537256 2 
1572537257 3 
1572537258 4 
1572537259 3 
1572537260 2 
1572537261 0 
1572537262 2 
1572537263 3 
1572537264 1 
1572537265 1 
1572537266 2 
1572537267 3 
1572537268 3 
1572537269 3 
1572537270 1 
1572537271 1 
1572537272 1 
1572537273 0 
1572537274 0 
1572537275 0 
1572537276 0 
1572537277 0 
1572537278 0 
1572537279 0 
1572537280 0 
1572537281 0 
1572537282 0 
1572537283 0 
1572537284 0 
1572537285 1 
1572537286 1 
1572537287 0 
1572537288 0 
1572537289 0 
1572537290 0 
1572537291 0 
1572537292 1 
1572537293 2 
1572537294 2 
1572537295 1 
1572537296 1 
1572537297 1 
1572537298 1 
1572537299 1 
1572537300 1 
1572537301 1 
1572537302 1 
1572537303 3 
1572537304 3 
1572537305 3 
1572537306 2 
1572537307 3 
1572537308 6 
1572537309 3 
1572537310 3 
1572537311 3 
1572537312 3 
1572537313 3 
1572537314 2 
1572537315 2 
1572537316 1 
1572537317 2 
1572537318 1 
1572537319 1 
1572537320 1 
1572537321 3 
1572537322 3 
1572537323 2 
1572537324 1 
1572537325 2 
1572537326 2 
1572537327 1 
1572537328 1 
1572537329 1 
1572537330 1 
1572537331 1 
1572537332 2 
1572537333 3 
1572537334 3 
1572537335 3 
1572537336 3 
1572537337 3 
1572537338 2 
1572537339 2 
1572537340 1 
1572537341 1 
1572537342 1 
1572537343 2 
1572537344 2 
1572537345 2 
1572537346 2 
1572537347 1 
1572537348 1 
1572537349 1 
1572537350 1 
1572537351 2 
1572537352 4 
1572537893 2 
1572537894 2 
1572537895 2 
1572537896 2 
1572537897 2 
1572537898 2 
1572537899 3 
1572537900 3 
1572537901 3 
1572537902 3 
1572537903 2 
1572537904 2 
1572537905 1 
1572537906 2 
1572537907 2 
1572537908 2 
1572537909 2 
1572537910 3 
1572537911 4 
1572537912 3 
1572537913 4 
1572537914 3 
1572537915 1 
1572537916 3 
1572537917 3 
1572537918 4 
1572537919 2 
1572537920 1 
1572537921 2 
1572537922 1 
1572537923 2 
1572537924 1 
1572537925 3 
1572537926 2 
1572537927 2 
1572537928 2 
1572537929 1 
1572537930 0 
1572537931 1 
1572537932 1 
1572537933 1 
1572537934 1 
1572537935 2 
1572537936 1 
1572537937 1 
1572537938 1 
1572537939 1 
1572537940 2 
1572537941 3 
1572537942 3 
1572537943 0 
1572537944 0 
1572537945 0 
1572537946 0 
1572537947 0 
1572537948 0 
1572537949 0 
1572537950 0 
1572537951 0 
1572537952 0 
1572537953 0 
1572537954 0 
1572537955 0 
1572537956 0 
1572537957 0 
1572537958 0 
1572537959 0 
1572537960 0 
1572537961 0 
1572537962 0 
1572537963 0 
1572537964 0 
1572537965 1 
1572537966 0 
1572537967 0 
1572537968 0 
1572537969 0 
1572537970 0 
1572537971 0 
1572537972 0 
1572537973 0 
1572537974 0 
1572537975 0 
1572537976 0 
1572537977 0 
1572537978 0 
1572537979 0 
1572537980 0 
1572537981 0 
1572537982 0 
1572537983 0 
1572537984 0 
1572537985 0 
1572537986 0 
1572537987 0 
1572537988 0 
1572537989 0 
1572537990 0 
1572537991 0 
1572537992 0 
1572537993 0 
1572537994 0 
1572537995 0 
1572537996 0 
1572537997 0 
1572537998 0 
1572537999 0 
1572538000 0 
1572538001 0 
1572538002 0 
1572538003 0 
1572538004 0 
1572538005 0 
1572538006 0 
1572538007 0 
1572538008 0 
1572538009 1 
1572538550 0 
1572538551 0 
1572538552 0 
1572538553 0 
1572538554 0 
1572538555 0 
1572538556 0 
1572538557 0 
1572538558 0 
1572538559 0 
1572538560 0 
1572538561 0 
1572538562 0 
1572538563 0 
1572538564 0 
1572538565 0 
1572538566 0 
1572538567 0 
1572538568 0 
1572538569 0 
1572538570 0 
1572538571 0 
1572538572 2 
1572538573 1 
1572538574 1 
1572538575 0 
1572538576 0 
1572538577 0 
1572538578 1 
1572538579 0 
1572538580 0 
1572538581 0 
1572538582 0 
1572538583 0 
1572538584 0 
1572538585 0 
1572538586 0 
1572538587 0 
1572538588 0 
1572538589 0 
1572538590 0 
1572538591 0 
1572538592 0 
1572538593 0 
1572538594 0 
1572538595 0 
1572538596 0 
1572538597 0 
1572538598 0 
1572538599 0 
1572538600 0 
1572538601 0 
1572538602 0 
1572538603 0 
1572538604 0 
1572538605 0 
1572538606 0 
1572538607 0 
1572538608 0 
1572538609 0 
1572538610 1 
1572538611 0 
1572538612 0 
1572538613 1 
1572538614 1 
1572538615 1 
1572538616 1 
1572538617 1 
1572538618 2 
1572538619 3 
1572538620 2 
1572538621 1 
1572538622 1 
1572538623 2 
1572538624 1 
1572538625 0 
1572538626 0 
1572538627 0 
1572538628 0 
1572538629 0 
1572538630 0 
1572538631 0 
1572538632 0 
1572538633 0 
1572538634 0 
1572538635 0 
1572538636 0 
1572538637 0 
1572538638 1 
1572538639 0 
1572538640 0 
1572538641 0 
1572538642 0 
1572538643 0 
1572538644 0 
1572538645 0 
1572538646 0 
1572538647 0 
1572538648 0 
1572538649 0 
1572538650 0 
1572538651 0 
1572538652 0 
1572538653 0 
1572538654 0 
1572538655 0 
1572538656 0 
1572538657 0 
1572538658 0 
1572538659 0 
1572538660 0 
1572538661 0 
1572538662 0 
1572538663 0 
1572538664 0 
1572538665 0 
1572538666 0 
1572538667 0 
1572538668 0 
1572538669 1 
1572539202 0 
1572539203 1 
1572539204 1 
1572539205 1 
1572539206 1 
1572539207 0 
1572539208 0 
1572539209 0 
1572539210 0 
1572539211 0 
1572539212 0 
1572539213 0 
1572539214 0 
1572539215 0 
1572539216 0 
1572539217 0 
1572539218 0 
1572539219 1 
1572539220 1 
1572539221 2 
1572539222 1 
1572539223 1 
1572539224 0 
1572539225 1 
1572539226 1 
1572539227 0 
1572539228 0 
1572539229 0 
1572539230 0 
1572539231 0 
1572539232 0 
1572539233 0 
1572539234 0 
1572539235 0 
1572539236 0 
1572539237 0 
1572539238 0 
1572539239 0 
1572539240 0 
1572539241 0 
1572539242 0 
1572539243 0 
1572539244 0 
1572539245 0 
1572539246 0 
1572539247 0 
1572539248 0 
1572539249 0 
1572539250 0 
1572539251 0 
1572539252 0 
1572539253 0 
1572539254 0 
1572539255 0 
1572539256 0 
1572539257 0 
1572539258 1 
1572539259 1 
1572539260 0 
1572539261 2 
1572539262 3 
1572539263 2 
1572539264 1 
1572539265 1 
1572539266 2 
1572539267 2 
1572539268 0 
1572539269 0 
1572539270 0 
1572539271 2 
1572539272 1 
1572539273 1 
1572539274 1 
1572539275 1 
1572539276 0 
1572539277 0 
1572539278 0 
1572539279 0 
1572539280 0 
1572539281 0 
1572539282 0 
1572539283 0 
1572539284 0 
1572539285 0 
1572539286 1 
1572539287 0 
1572539288 0 
1572539289 1 
1572539290 1 
1572539291 0 
1572539292 0 
1572539293 0 
1572539294 0 
1572539295 0 
1572539296 0 
1572539297 0 
1572539298 0 
1572539299 0 
1572539300 0 
1572539301 1 
1572539302 1 
1572539303 2 
1572539304 2 
1572539305 2 
1572539306 3 
1572539307 2 
1572539308 0 
1572539309 0 
1572539310 0 
1572539311 0 
1572539312 0 
1572539313 1 
1572539314 0 
1572539315 0 
1572539316 0 
1572539317 0 
1572539318 1 
1572539319 0 
1572539320 0 
1572539321 3 
1572539855 0 
1572539856 0 
1572539857 0 
1572539858 0 
1572539859 0 
1572539860 1 
1572539861 0 
1572539862 1 
1572539863 0 
1572539864 0 
1572539865 0 
1572539866 0 
1572539867 0 
1572539868 0 
1572539869 0 
1572539870 0 
1572539871 0 
1572539872 0 
1572539873 1 
1572539874 2 
1572539875 1 
1572539876 0 
1572539877 0 
1572539878 0 
1572539879 1 
1572539880 0 
1572539881 2 
1572539882 2 
1572539883 2 
1572539884 2 
1572539885 0 
1572539886 0 
1572539887 0 
1572539888 1 
1572539889 1 
1572539890 1 
1572539891 0 
1572539892 1 
1572539893 1 
1572539894 0 
1572539895 0 
1572539896 0 
1572539897 0 
1572539898 0 
1572539899 0 
1572539900 2 
1572539901 3 
1572539902 3 
1572539903 1 
1572539904 1 
1572539905 1 
1572539906 1 
1572539907 2 
1572539908 3 
1572539909 3 
1572539910 3 
1572539911 3 
1572539912 3 
1572539913 2 
1572539914 3 
1572539915 4 
1572539916 3 
1572539917 5 
1572539918 4 
1572539919 3 
1572539920 4 
1572539921 3 
1572539922 3 
1572539923 3 
1572539924 4 
1572539925 3 
1572539926 3 
1572539927 3 
1572539928 2 
1572539929 2 
1572539930 2 
1572539931 2 
1572539932 1 
1572539933 1 
1572539934 1 
1572539935 1 
1572539936 1 
1572539937 2 
1572539938 1 
1572539939 1 
1572539940 1 
1572539941 1 
1572539942 1 
1572539943 0 
1572539944 0 
1572539945 0 
1572539946 0 
1572539947 0 
1572539948 1 
1572539949 2 
1572539950 2 
1572539951 2 
1572539952 2 
1572539953 2 
1572539954 2 
1572539955 1 
1572539956 1 
1572539957 0 
1572539958 0 
1572539959 1 
1572539960 1 
1572539961 2 
1572539962 2 
1572539963 2 
1572539964 2 
1572539965 1 
1572539966 0 
1572539967 0 
1572539968 2 
1572540761 2 
1572540762 1 
1572540763 1 
1572540764 2 
1572540765 2 
1572540766 1 
1572540767 1 
1572540768 1 
1572540769 2 
1572540770 3 
1572540771 2 
1572540772 2 
1572540773 2 
1572540774 1 
1572540775 3 
1572540776 3 
1572540777 3 
1572540778 3 
1572540779 3 
1572540780 4 
1572540781 3 
1572540782 3 
1572540783 2 
1572540784 2 
1572540785 3 
1572540786 3 
1572540787 2 
1572540788 1 
1572540789 1 
1572540790 1 
1572540791 1 
1572540792 0 
1572540793 0 
1572540794 0 
1572540795 0 
1572540796 1 
1572540797 1 
1572540798 1 
1572540799 1 
1572540800 0 
1572540801 0 
1572540802 0 
1572540803 0 
1572540804 0 
1572540805 0 
1572540806 0 
1572540807 0 
1572540808 0 
1572540809 0 
1572540810 0 
1572540811 0 
1572540812 0 
1572540813 0 
1572540814 0 
1572540815 0 
1572540816 0 
1572540817 0 
1572540818 0 
1572540819 0 
1572540820 0 
1572540821 1 
1572540822 0 
1572540823 1 
1572540824 1 
1572540825 0 
1572540826 1 
1572540827 0 
1572540828 0 
1572540829 1 
1572540830 2 
1572540831 1 
1572540832 0 
1572540833 0 
1572540834 0 
1572540835 0 
1572540836 0 
1572540837 0 
1572540838 0 
1572540839 0 
1572540840 0 
1572540841 0 
1572540842 0 
1572540843 0 
1572540844 0 
1572540845 0 
1572540846 0 
1572540847 0 
1572540848 0 
1572540849 0 
1572540850 0 
1572540851 0 
1572540852 0 
1572540853 0 
1572540854 1 
1572540855 1 
1572540856 1 
1572540857 0 
1572540858 0 
1572540859 1 
1572540860 0 
1572540861 0 
1572540862 0 
1572540863 0 
1572540864 0 
1572540865 0 
1572540866 0 
1572540867 0 
1572540868 0 
1572540869 0 
1572540870 1 
1572540871 1 
1572540872 0 
1572540873 1 
1572540874 2 
1572541415 0 
1572541416 0 
1572541417 0 
1572541418 0 
1572541419 0 
1572541420 0 
1572541421 0 
1572541422 0 
1572541423 0 
1572541424 0 
1572541425 0 
1572541426 0 
1572541427 0 
1572541428 0 
1572541429 0 
1572541430 0 
1572541431 0 
1572541432 1 
1572541433 1 
1572541434 2 
1572541435 1 
1572541436 1 
1572541437 0 
1572541438 1 
1572541439 1 
1572541440 0 
1572541441 0 
1572541442 0 
1572541443 0 
1572541444 0 
1572541445 0 
1572541446 0 
1572541447 0 
1572541448 0 
1572541449 0 
1572541450 0 
1572541451 0 
1572541452 0 
1572541453 0 
1572541454 1 
1572541455 1 
1572541456 2 
1572541457 2 
1572541458 1 
1572541459 2 
1572541460 1 
1572541461 2 
1572541462 1 
1572541463 0 
1572541464 0 
1572541465 0 
1572541466 0 
1572541467 0 
1572541468 0 
1572541469 2 
1572541470 1 
1572541471 1 
1572541472 1 
1572541473 0 
1572541474 1 
1572541475 2 
1572541476 0 
1572541477 1 
1572541478 1 
1572541479 2 
1572541480 2 
1572541481 1 
1572541482 1 
1572541483 1 
1572541484 3 
1572541485 0 
1572541486 1 
1572541487 0 
1572541488 1 
1572541489 1 
1572541490 0 
1572541491 0 
1572541492 0 
1572541493 0 
1572541494 0 
1572541495 0 
1572541496 0 
1572541497 0 
1572541498 0 
1572541499 0 
1572541500 0 
1572541501 0 
1572541502 0 
1572541503 0 
1572541504 0 
1572541505 0 
1572541506 0 
1572541507 0 
1572541508 0 
1572541509 0 
1572541510 0 
1572541511 0 
1572541512 0 
1572541513 1 
1572541514 1 
1572541515 0 
1572541516 0 
1572541517 0 
1572541518 0 
1572541519 0 
1572541520 0 
1572541521 0 
1572541522 0 
1572541523 0 
1572541524 0 
1572541525 0 
1572541526 0 
1572541527 0 
1572541528 2 
1572542064 0 
1572542065 0 
1572542066 0 
1572542067 1 
1572542068 0 
1572542069 0 
1572542070 0 
1572542071 0 
1572542072 0 
1572542073 0 
1572542074 0 
1572542075 0 
1572542076 0 
1572542077 0 
1572542078 0 
1572542079 0 
1572542080 0 
1572542081 1 
1572542082 2 
1572542083 2 
1572542084 1 
1572542085 0 
1572542086 0 
1572542087 1 
1572542088 1 
1572542089 0 
1572542090 0 
1572542091 0 
1572542092 0 
1572542093 0 
1572542094 0 
1572542095 0 
1572542096 0 
1572542097 0 
1572542098 0 
1572542099 0 
1572542100 0 
1572542101 0 
1572542102 0 
1572542103 1 
1572542104 2 
1572542105 2 
1572542106 0 
1572542107 0 
1572542108 0 
1572542109 0 
1572542110 0 
1572542111 0 
1572542112 0 
1572542113 0 
1572542114 0 
1572542115 0 
1572542116 0 
1572542117 0 
1572542118 0 
1572542119 0 
1572542120 1 
1572542121 0 
1572542122 0 
1572542123 1 
1572542124 2 
1572542125 3 
1572542126 2 
1572542127 3 
1572542128 3 
1572542129 3 
1572542130 1 
1572542131 2 
1572542132 2 
1572542133 2 
1572542134 1 
1572542135 1 
1572542136 1 
1572542137 0 
1572542138 0 
1572542139 0 
1572542140 0 
1572542141 0 
1572542142 0 
1572542143 0 
1572542144 0 
1572542145 0 
1572542146 0 
1572542147 0 
1572542148 0 
1572542149 0 
1572542150 0 
1572542151 0 
1572542152 0 
1572542153 0 
1572542154 0 
1572542155 0 
1572542156 0 
1572542157 0 
1572542158 0 
1572542159 0 
1572542160 0 
1572542161 1 
1572542162 2 
1572542163 2 
1572542164 1 
1572542165 0 
1572542166 0 
1572542167 1 
1572542168 1 
1572542169 1 
1572542170 2 
1572542171 2 
1572542172 1 
1572542173 1 
1572542174 0 
1572542175 0 
1572542176 2 
1572542711 0 
1572542712 0 
1572542713 0 
1572542714 0 
1572542715 0 
1572542716 0 
1572542717 0 
1572542718 0 
1572542719 0 
1572542720 0 
1572542721 0 
1572542722 0 
1572542723 0 
1572542724 0 
1572542725 0 
1572542726 0 
1572542727 0 
1572542728 1 
1572542729 2 
1572542730 2 
1572542731 2 
1572542732 1 
1572542733 1 
1572542734 1 
1572542735 1 
1572542736 0 
1572542737 0 
1572542738 0 
1572542739 0 
1572542740 0 
1572542741 0 
1572542742 0 
1572542743 0 
1572542744 0 
1572542745 0 
1572542746 0 
1572542747 0 
1572542748 0 
1572542749 0 
1572542750 0 
1572542751 0 
1572542752 0 
1572542753 0 
1572542754 0 
1572542755 0 
1572542756 0 
1572542757 0 
1572542758 0 
1572542759 0 
1572542760 0 
1572542761 0 
1572542762 0 
1572542763 0 
1572542764 0 
1572542765 0 
1572542766 0 
1572542767 1 
1572542768 1 
1572542769 0 
1572542770 1 
1572542771 0 
1572542772 2 
1572542773 3 
1572542774 0 
1572542775 0 
1572542776 0 
1572542777 0 
1572542778 0 
1572542779 0 
1572542780 1 
1572542781 0 
1572542782 0 
1572542783 0 
1572542784 0 
1572542785 0 
1572542786 0 
1572542787 0 
1572542788 0 
1572542789 0 
1572542790 0 
1572542791 0 
1572542792 0 
1572542793 0 
1572542794 0 
1572542795 0 
1572542796 0 
1572542797 0 
1572542798 0 
1572542799 0 
1572542800 0 
1572542801 0 
1572542802 0 
1572542803 0 
1572542804 0 
1572542805 0 
1572542806 0 
1572542807 0 
1572542808 0 
1572542809 0 
1572542810 0 
1572542811 0 
1572542812 0 
1572542813 0 
1572542814 0 
1572542815 0 
1572542816 0 
1572542817 0 
1572542818 0 
1572542819 0 
1572542820 1 
1572542821 0 
1572542822 0 
1572542823 3 
1572543356 0 
1572543357 1 
1572543358 1 
1572543359 0 
1572543360 0 
1572543361 0 
1572543362 0 
1572543363 0 
1572543364 0 
1572543365 2 
1572543366 2 
1572543367 2 
1572543368 2 
1572543369 2 
1572543370 3 
1572543371 4 
1572543372 2 
1572543373 2 
1572543374 2 
1572543375 2 
1572543376 2 
1572543377 3 
1572543378 2 
1572543379 2 
1572543380 1 
1572543381 1 
1572543382 1 
1572543383 0 
1572543384 0 
1572543385 0 
1572543386 0 
1572543387 0 
1572543388 0 
1572543389 0 
1572543390 0 
1572543391 0 
1572543392 0 
1572543393 0 
1572543394 0 
1572543395 0 
1572543396 0 
1572543397 0 
1572543398 1 
1572543399 0 
1572543400 0 
1572543401 0 
1572543402 0 
1572543403 0 
1572543404 0 
1572543405 0 
1572543406 0 
1572543407 0 
1572543408 0 
1572543409 0 
1572543410 0 
1572543411 0 
1572543412 0 
1572543413 0 
1572543414 0 
1572543415 0 
1572543416 0 
1572543417 0 
1572543418 0 
1572543419 0 
1572543420 0 
1572543421 0 
1572543422 0 
1572543423 0 
1572543424 0 
1572543425 0 
1572543426 0 
1572543427 0 
1572543428 0 
1572543429 0 
1572543430 0 
1572543431 0 
1572543432 0 
1572543433 0 
1572543434 0 
1572543435 0 
1572543436 1 
1572543437 2 
1572543438 3 
1572543439 2 
1572543440 4 
1572543441 2 
1572543442 1 
1572543443 1 
1572543444 2 
1572543445 1 
1572543446 1 
1572543447 1 
1572543448 0 
1572543449 0 
1572543450 0 
1572543451 0 
1572543452 0 
1572543453 0 
1572543454 0 
1572543455 0 
1572543456 0 
1572543457 1 
1572543458 0 
1572543459 0 
1572543460 0 
1572543461 0 
1572543462 0 
1572543463 0 
1572543464 0 
1572543465 0 
1572543466 0 
1572543467 0 
1572543468 1 
1572543469 1 
1572543470 1 
1572543471 1 
1572543472 0 
1572543473 1 
1572543474 1 
1572543475 1 
1572543476 0 
1572543477 0 
1572543478 1 
1572543479 1 
1572543480 0 
1572543481 1 
1572543482 0 
1572543483 0 
1572543484 0 
1572543485 0 
1572543486 0 
1572543487 0 
1572543488 0 
1572543489 2 