1572265115 2
1572265116 2
1572265117 2
1572265118 2
1572265119 2
1572265120 2
1572265312 2
1572265313 2
1572265314 2
1572265315 2
1572265316 2
1572265317 2
1572265511 2
1572265512 2
1572265513 2
1572265514 2
1572265515 2
1572265516 2
1572265708 2
1572265709 2
1572265710 2
1572265711 2
1572265712 2
1572265713 2
1572265714 2
1572265914 2
1572265915 2
1572265916 2
1572265917 2
1572265918 2
1572265919 2
1572266116 2
1572266117 2
1572266118 2
1572266119 2
1572266120 2
1572266313 2
1572266314 2
1572266315 2
1572266316 2
1572266317 2
1572266318 2
1572266514 2
1572266515 2
1572266516 2
1572266517 2
1572266518 2
1572266519 2
1572266712 2
1572266713 2
1572266714 2
1572266715 2
1572266716 2
1572266717 2
1572266915 2
1572266916 2
1572266917 2
1572266918 2
1572266919 2
1572266920 2
1572274172 2
1572274173 2
1572274174 2
1572274175 2
1572274176 2
1572274345 2
1572274346 2
1572274347 2
1572274348 2
1572274349 2
1572274514 2
1572274515 2
1572274516 2
1572274517 2
1572274686 2
1572274687 2
1572274688 2
1572274689 2
1572274690 2
1572274854 2
1572274855 2
1572274856 2
1572274857 2
1572275023 2
1572275024 2
1572275025 2
1572275026 2
1572275027 2
1572275195 2
1572275196 2
1572275197 2
1572275198 2
1572275199 2
1572275371 2
1572275372 2
1572275373 2
1572275374 2
1572275375 2
1572275376 2
1572275541 2
1572275542 2
1572275543 2
1572275544 2
1572275545 2
1572275714 2
1572275715 2
1572275716 2
1572275717 2
1572275718 2
