1569850035 2
1569850036 2
1569850037 2
1569850038 2
1569850039 2
1569850040 2
1569850239 2
1569850240 2
1569850241 2
1569850242 2
1569850243 2
1569850244 2
1569850791 2
1569850792 2
1569850793 2
1569850794 2
1569850795 2
1569850796 2
1569850797 2
1569850798 2
1569850799 2
1569850800 2
1569850801 2
1569851053 2
1569851054 2
1569851055 2
1569851056 2
1569851057 2
1569851058 2
1569851259 2
1569851260 2
1569851261 2
1569851262 2
1569851263 2
1569851264 2
1569851608 2
1569851609 2
1569851610 2
1569851611 2
1569851612 2
1569851613 2
1569851821 2
1569851822 2
1569851823 2
1569851824 2
1569851825 2
1569851826 2
1569852050 2
1569852051 2
1569852052 2
1569852053 2
1569852054 2
1569852055 2
1569852274 2
1569852275 2
1569852276 2
1569852277 2
1569852278 2
1569852279 2
1569852511 2
1569852512 2
1569852513 2
1569852514 2
1569852515 2
1569852516 2
1569853121 2
1569853122 2
1569853123 2
1569853124 1
1569853125 2
1569853126 1
1569853127 2
1569853128 2
1569853129 2
1569853130 2
1569853131 2
1569853132 2
1569853133 2
1569853134 2
1569853135 2
1569853136 2
1569853439 2
1569853440 2
1569853441 2
1569853442 2
1569853443 2
1569853444 2
