1580304770 2
1580304771 2
1580304772 2
1580304773 2
1580304926 2
1580304927 2
1580304928 2
1580304929 2
1580304930 2
1580305089 2
1580305090 2
1580305091 2
1580305092 2
1580305250 2
1580305251 2
1580305252 2
1580305253 2
1580305433 2
1580305434 2
1580305435 2
1580305436 2
1580305437 2
1580305596 2
1580305597 2
1580305598 2
1580305599 2
1580305758 2
1580305759 2
1580305760 2
1580305761 2
1580305914 2
1580305915 2
1580305916 2
1580305917 2
1580305918 2
1580306070 2
1580306071 2
1580306072 2
1580306073 2
1580306231 2
1580306232 2
1580306233 2
1580306234 2
