1573828221 2
1573828222 2
1573828223 2
1573828224 2
1573828225 2
1573828226 2
1573828227 2
1573828228 2
1573828229 2
1573828230 2
1573828231 2
1573828232 2
1573828233 2
1573828234 2
1573828539 2
1573828540 2
1573828541 2
1573828542 2
1573828543 3
1573828832 2
1573828833 2
1573828834 2
1573828835 2
1573828836 2
1573828837 2
1573828838 2
1573828839 2
1573828840 2
1573828841 2
1573828842 2
1573828843 2
1573828844 2
1573828845 2
1573828846 2
1573828847 2
1573828848 2
1573828849 2
1573829150 2
1573829151 2
1573829152 2
1573829153 2
1573829445 2
1573829446 2
1573829447 2
1573829448 2
1573829449 2
1573829450 2
1573829451 2
1573829452 2
1573829453 2
1573829454 2
1573829455 2
1573829456 2
1573829457 2
1573829458 2
1573829826 2
1573829827 2
1573829828 2
1573829829 2
1573829830 2
1573829831 2
1573829832 2
1573829833 2
1573829834 2
1573829835 2
1573829836 2
1573829837 2
1573829838 2
1573830314 2
1573830315 2
1573830316 2
1573830317 2
1573830318 2
1573830319 2
1573830320 2
1573830321 2
1573830322 2
1573830323 2
1573830324 2
1573830325 2
1573830326 2
1573830623 2
1573830624 2
1573830625 2
1573830626 2
1573830627 2
1573830628 2
1573830629 2
1573830630 2
1573830631 2
1573830632 2
1573830633 2
1573830634 2
1573830635 2
1573830929 2
1573830930 2
1573830931 2
1573830932 2
1573830933 2
1573830934 2
1573830935 2
1573830936 2
1573830937 2
1573830938 2
1573830939 2
1573830940 2
1573830941 2
1573831243 2
1573831244 2
1573831245 2
1573831246 2
1573831247 2
