1572533831 2
1572533832 2
1572533833 2
1572533834 2
1572533835 2
1572534185 2
1572534186 2
1572534187 2
1572534188 2
1572534189 2
1572534532 2
1572534533 2
1572534534 2
1572534535 2
1572534536 2
1572534864 2
1572534865 2
1572534866 2
1572534867 2
1572534868 2
1572535212 2
1572535213 2
1572535214 2
1572535215 2
1572535216 2
1572535543 2
1572535544 2
1572535545 2
1572535546 2
1572535547 2
1572535863 2
1572535864 2
1572535865 2
1572535866 1
1572535867 1
1572535868 2
1572535869 2
1572535870 2
1572535871 2
1572535872 2
1572535873 2
1572535874 2
1572535875 2
1572535876 2
1572535877 2
1572535878 2
1572535879 2
1572535880 2
1572535881 2
1572536208 2
1572536209 2
1572536210 2
1572536211 2
1572536212 2
1572536572 2
1572536573 2
1572536574 2
1572536575 2
1572536576 2
1572536909 2
1572536910 2
1572536911 2
1572536912 2
1572537830 2
1572537831 2
1572537832 2
1572537833 2
1572537834 2
1572538483 2
1572538484 2
1572538485 2
1572538486 2
1572538487 2
1572539139 2
1572539140 2
1572539141 2
1572539142 2
1572539143 2
1572539792 2
1572539793 2
1572539794 2
1572539795 2
1572539796 2
1572540447 2
1572540448 2
1572540449 2
1572540450 2
1572540451 2
1572541351 2
1572541352 2
1572541353 2
1572541354 2
1572541355 2
1572542000 2
1572542001 2
1572542002 2
1572542003 2
1572542004 2
1572542648 2
1572542649 2
1572542650 2
1572542651 2
1572542652 2
1572543293 2
1572543294 2
1572543295 2
1572543296 2
1572543297 2
1572543967 2
1572543968 2
1572543969 2
1572543970 2
1572543971 2
