1582191004 2
1582191005 2
1582191006 2
1582191007 2
1582191008 2
1582191009 2
1582191010 2
1582191011 2
1582191012 2
1582191013 2
1582191014 2
1582191015 2
1582191016 2
1582191017 2
1582191296 2
1582191297 2
1582191298 2
1582191299 2
1582191300 2
1582191301 2
1582191302 2
1582191303 2
1582191304 2
1582191305 2
1582191306 2
1582191307 2
1582191308 2
1582191887 2
1582191888 2
1582191889 2
1582191890 2
1582191891 2
1582191892 2
1582191893 2
1582191894 2
1582191895 2
1582191896 2
1582191897 2
1582191898 2
1582191899 2
1582191900 2
1582192175 2
1582192176 2
1582192177 2
1582192178 2
1582192179 2
1582192180 2
1582192181 2
1582192182 2
1582192183 2
1582192184 2
1582192185 2
1582192186 2
1582192187 2
1582192188 2
1582192764 2
1582192765 2
1582192766 2
1582192767 2
1582192768 2
1582192769 2
1582192770 2
1582192771 2
1582192772 2
1582192773 2
1582192774 2
1582192775 2
1582192776 2
1582193052 2
1582193053 2
1582193054 2
1582193055 2
1582193056 2
1582193057 2
1582193058 2
1582193059 2
1582193060 2
1582193061 2
1582193062 2
1582193063 2
1582193064 2
1582193065 3
1582193346 2
1582193347 2
1582193348 2
1582193349 2
1582193350 2
1582193351 2
1582193352 2
1582193353 2
1582193354 2
1582193355 2
1582193356 2
1582193357 2
1582193358 2
1582193359 2
