1580222502 1
1580222503 1
1580222504 1
1580222505 1
1580222506 1
1580222507 1
1580222815 1
1580222816 1
1580222817 1
1580222818 1
1580222819 1
1580222820 1
1580222821 2
1580224064 2
1580224065 2
1580224066 2
1580224067 2
1580224068 2
1580224069 2
1580224070 2
1580224071 2
1580224072 2
1580224073 2
1580224074 2
1580224075 2
1580224076 2
1580224077 2
1580224078 2
1580224079 2
1580224080 2
1580224081 2
1580224082 2
1580225184 2
1580225185 2
1580225186 2
1580225187 2
1580225188 2
1580225189 2
1580225190 2
1580225191 2
1580225192 2
1580225193 2
1580225194 2
1580225195 2
1580225196 2
1580226323 2
1580226324 2
1580226325 2
1580226326 2
1580226327 2
1580226328 2
1580226329 2
1580226330 2
1580226331 2
1580226332 2
1580226333 2
1580226334 2
1580226335 2
1580226336 2
1580226337 2
1580226338 2
1580226339 2
1580226340 2
1580226891 2
1580226892 2
1580226893 2
1580226894 2
1580226895 2
1580226896 2
1580226897 2
1580226898 2
1580226899 2
1580226900 2
1580226901 2
1580226902 2
1580226903 2
1580226904 2
1580226905 2
1580226906 2
1580226907 2
1580226908 2
1580226909 3
1580227502 2
1580227503 2
1580227504 2
1580227505 2
1580227506 3
1580228074 2
1580228075 2
1580228076 2
1580228077 2
1580228078 2
1580228079 2
1580228080 2
1580228081 2
1580228082 2
1580228083 2
1580228084 2
1580228085 2
1580228086 2
1580228087 2
1580228088 2
1580228089 2
1580228090 2
1580228091 2
1580228092 2
1580228639 2
1580228640 2
1580228641 2
1580228642 2
1580228643 2
1580228644 2
1580228645 2
1580228646 2
1580228647 2
1580228648 2
1580228649 2
1580228650 2
1580228651 2
