1571320004 2
1571320005 2
1571320006 2
1571320007 2
1571320008 2
1571320009 2
1571320010 2
1571320011 2
1571320012 1
1571320013 1
1571320014 1
1571320015 1
1571320016 1
1571320017 1
1571320018 1
1571320019 1
1571320020 1
1571320021 1
1571320022 1
1571320023 1
1571320024 1
1571320025 1
1571320026 1
1571320027 1
1571320028 1
1571320029 1
1571320030 1
1571320031 1
1571320032 1
1571320033 1
1571320034 1
1571320035 1
1571320036 1
1571320037 1
1571320038 1
1571320039 1
1571320040 1
1571320041 1
1571320042 1
1571320043 1
1571320044 1
1571320045 1
1571320046 1
1571320047 1
1571320049 1
1571320050 1
1571320051 1
1571320052 1
1571320053 1
1571320054 1
1571320055 1
1571320056 1
1571320057 1
1571320058 1
1571320059 1
1571320060 1
1571320061 1
1571320062 1
1571320063 1
1571320064 1
1571320065 1
1571320066 1
1571320067 1
1571320068 1
1571320069 1
1571320070 1
1571320071 1
1571320072 1
1571320073 1
1571320074 1
1571320075 1
1571320076 1
1571320077 1
1571320078 1
1571320079 1
1571320080 1
1571320081 1
1571320082 1
1571320083 1
1571320084 1
1571320085 1
1571320086 1
1571320087 1
1571320088 1
1571320089 1
1571320090 1
1571320091 1
1571320092 1
1571320093 1
1571320094 1
1571320095 1
1571320096 1
1571320097 1
1571320098 1
1571320099 1
1571320100 1
1571320101 1
1571320102 1
1571320183 2
1571320184 2
1571320185 1
1571320186 2
1571320187 1
1571320188 2
1571320189 2
1571320190 2
1571320191 2
1571320192 2
1571320193 2
1571320194 2
1571320195 2
1571320196 2
1571320197 2
1571320198 2
1571320199 2
1571320200 2
1571320201 2
1571320202 2
1571320203 2
1571320204 2
1571320205 2
1571320206 2
1571320207 2
1571320208 2
1571320209 2
1571320210 2
1571320211 2
1571320212 2
1571320213 2
1571320214 2
1571320215 2
1571320216 2
1571320217 2
1571320218 2
1571320219 2
1571320220 2
1571320221 2
1571320222 2
1571320223 2
1571320224 2
1571320225 2
1571320226 2
1571320490 2
1571320491 2
1571320492 2
1571320493 2
1571320494 2
1571320495 2
1571320496 2
1571320497 2
1571320498 2
1571320499 2
1571320500 2
1571320501 2
1571320502 2
1571320503 2
1571320504 2
1571320505 2
1571320506 2
1571320507 2
1571320508 2
1571320509 2
1571320510 2
1571320511 2
1571320512 2
1571320513 2
1571320514 2
1571320515 2
1571320516 2
1571320517 2
1571320518 2
1571320519 2
1571320520 2
1571320521 2
1571320522 2
1571320523 2
1571320524 1
1571320713 1
1571320714 1
1571320715 1
1571320716 1
1571320717 1
1571320718 1
1571320719 1
1571320720 1
1571320721 1
1571320722 1
1571320723 1
1571320724 1
1571320725 1
1571320726 1
1571320727 1
1571320728 1
1571320729 1
1571320730 1
1571320731 1
1571320732 1
1571320733 1
1571320734 1
1571320735 1
1571320736 1
1571320737 1
1571320738 1
1571320739 1
1571320740 1
1571320741 1
1571320742 2
1571320743 1
1571320744 1
1571320745 1
1571320746 1
1571320747 1
1571320748 1
1571320749 1
1571320750 1
1571320751 1
1571320752 1
1571320753 1
1571320754 1
1571320755 1
1571320756 1
1571320757 1
1571320758 1
1571320759 1
1571320760 1
1571320761 1
1571320762 1
1571320763 1
1571320764 1
1571320765 1
1571320766 1
1571320767 1
1571320768 1
1571320769 1
1571320770 1
1571320771 1
1571320772 1
1571320773 1
1571320774 1
1571320775 1
1571320776 1
1571320777 1
1571320778 1
1571320779 1
1571320780 1
1571320781 1
1571320782 1
1571320783 1
1571320784 1
1571320785 1
1571320786 1
1571320787 1
1571320788 1
1571320789 1
1571320870 3
1571320871 4
1571320872 4
1571320873 4
1571320874 4
1571320875 4
1571320876 4
1571320877 3
1571320878 2
1571320879 2
1571320880 2
1571320881 2
1571320882 2
1571320883 2
1571320884 2
1571320885 2
1571320886 3
1571320887 3
1571320888 4
1571320889 4
1571320890 4
1571320891 4
1571320892 4
1571320893 4
1571320894 4
1571320895 4
1571320896 4
1571320897 4
1571320898 4
1571320899 4
1571320900 4
1571320901 4
1571320902 4
1571320903 5
1571320904 4
1571320905 4
1571320906 4
1571320907 4
1571320908 4
1571320909 4
1571320910 4
1571320911 4
1571320912 4
1571320913 4
1571320914 4
1571320915 4
1571320916 3
1571320917 2
1571320918 2
1571320919 2
1571320920 2
1571320921 2
1571320922 2
1571320923 2
1571320924 2
1571320925 2
1571320926 2
1571320927 2
1571320928 2
1571320929 2
1571320930 2
1571320931 2
1571320932 2
1571320933 3
1571320934 3
1571320935 4
1571320936 4
1571320937 4
1571320938 4
1571320939 4
1571320940 4
1571320941 4
1571320942 4
1571320943 4
1571320944 4
1571320945 4
1571320946 4
1571320947 3
1571320948 3
1571320949 2
1571320950 2
1571320951 3
1571320952 3
1571320953 3
1571320954 3
1571320955 3
1571320956 3
1571320957 3
1571320958 3
1571320959 3
1571320960 4
1571320961 3
1571320962 3
1571320963 3
1571320964 2
1571320965 3
1571320966 3
1571320967 2
1571320968 2
1571320969 2
1571320970 2
1571320971 2
1571320972 2
1571320973 2
1571320974 2
1571320975 2
1571320976 2
1571320977 2
1571320978 3
1571320979 3
1571320980 2
1571320981 2
1571320982 3
1571320983 4
1571320984 4
1571320985 4
1571320986 4
1571320987 4
1571320988 4
1571320989 4
1571320990 4
1571320991 4
1571320992 4
1571320993 4
1571320994 4
1571320995 3
1571320996 3
1571320997 3
1571320998 3
1571320999 3
1571321000 3
1571321001 3
1571321002 3
1571321003 3
1571321004 3
1571321005 3
1571321006 3
1571321007 3
1571321008 3
1571321009 3
1571321010 3
1571321011 3
1571321012 3
1571321013 3
1571321014 3
1571321015 3
1571321016 3
1571321017 3
1571321018 3
1571321019 3
1571321020 3
1571321021 3
1571321022 3
1571321023 3
1571321024 3
1571321025 3
1571321026 3
1571321027 3
1571321028 3
1571321029 3
1571321030 3
1571321031 3
1571321032 3
1571321033 3
1571321034 3
1571321035 3
1571321036 3
1571321037 3
1571321038 3
1571321039 3
1571321040 3
1571321041 3
1571321042 3
1571321043 3
1571321044 3
1571321045 3
1571321046 3
1571321047 3
1571321048 3
1571321049 3
1571321050 3
1571321051 3
1571321052 3
1571321053 3
1571321054 3
1571321055 3
1571321056 3
1571321057 3
1571321058 3
1571321059 3
1571321060 3
1571321061 3
1571321062 3
1571321063 3
1571321064 3
1571321065 3
1571321066 3
1571321067 3
1571321068 3
1571322714 2
1571322715 3
1571322716 3
1571322717 3
1571322718 3
1571322719 3
1571322720 3
1571322721 3
1571322722 3
1571322723 3
1571322724 3
1571322725 3
1571322726 3
1571322727 3
1571322728 3
1571322729 2
1571322730 2
1571322731 2
1571322732 2
1571322733 2
1571322734 2
1571322735 2
1571322736 2
1571322737 2
1571322738 2
1571322739 2
1571322740 2
1571322741 1
1571322742 2
1571322743 1
1571322744 2
1571322745 2
1571322746 2
1571322747 2
1571322748 1
1571322749 1
1571322750 1
1571322751 1
1571322752 1
1571322753 2
1571322754 2
1571322755 2
1571322756 2
1571322757 2
1571322758 2
1571322759 2
1571322760 2
1571322761 2
1571322762 2
1571322763 2
1571322764 2
1571322765 2
1571322766 2
1571322767 2
1571322768 2
1571322769 2
1571322770 2
1571322771 2
1571322772 3
1571322773 4
1571322774 4
1571322775 4
1571322776 4
1571322777 4
1571322778 4
1571322779 4
1571322780 4
1571322781 4
1571322782 4
1571322783 4
1571322784 4
1571322785 4
1571322786 4
1571322787 4
1571322788 4
1571322789 4
1571322790 4
1571322791 4
1571322792 4
1571322793 4
1571322794 4
1571322795 4
1571322796 4
1571322797 4
1571322798 4
1571322799 4
1571322800 4
1571322801 4
1571322802 4
1571322803 4
1571322804 4
1571322805 4
1571322806 4
1571322807 4
1571322808 4
1571322809 4
1571322810 4
1571322811 4
1571322812 4
1571322813 4
1571322814 4
1571322815 4
1571322816 4
1571322817 4
1571322818 4
1571322819 4
1571322820 4
1571322821 4
1571322822 4
1571322823 4
1571322824 4
1571322825 4
1571322826 4
1571322827 4
1571322828 4
1571322829 4
1571322830 4
1571322831 4
1571322832 4
1571322833 4
1571322834 4
1571322835 4
1571322836 4
1571322837 4
1571322838 4
1571322839 4
1571322840 4
1571322841 4
1571322842 4
1571322843 4
1571322844 4
1571322845 4
1571322846 4
1571322847 4
1571322848 4
1571322849 4
1571322850 4
1571322851 4
1571322852 4
1571322853 4
1571322854 4
1571322855 4
1571322856 4
1571322857 4
1571322858 4
1571322859 4
1571322860 4
1571322861 4
1571322862 4
1571322863 4
1571322864 4
1571322865 4
1571322866 4
1571322867 4
1571322868 4
1571322869 4
1571322870 4
1571322871 4
1571322872 4
1571322873 4
1571322874 4
1571322875 4
1571322876 4
1571322877 4
1571322878 4
1571322879 4
1571322880 4
1571322881 4
1571322882 4
1571322883 4
1571322884 4
1571322885 3
1571322886 3
1571322887 4
1571322888 4
1571322889 4
1571322890 4
1571322891 3
1571322892 3
1571322893 3
1571322894 3
1571322895 3
1571322896 3
1571322897 3
1571322898 3
1571322899 4
1571322900 5
1571322901 4
1571322902 4
1571322903 4
1571322904 3
1571322905 3
1571322906 3
1571322907 2
1571322908 2
1571322909 2
1571322910 2
1571322911 2
1571322912 2
1571322913 2
1571322914 2
1571322915 2
1571322916 2
1571322917 2
1571322918 2
1571322919 2
1571322920 2
1571322921 2
1571322922 2
1571322923 2
1571322924 2
1571322925 2
1571322926 2
1571322927 2
1571322928 2
1571322929 2
1571322930 2
1571322931 2
1571322932 2
1571322933 2
1571322934 2
1571322935 2
1571322936 2
1571322937 2
1571322938 2
1571322939 2
1571322940 2
1571322941 2
1571322942 2
1571322943 2
1571322944 2
1571322945 2
1571322946 2
1571322947 2
1571322948 2
1571322949 3
1571322950 3
1571322951 3
1571322952 3
1571322953 3
1571322954 3
1571322955 3
1571322956 3
1571322957 3
1571322958 3
1571322959 3
1571322960 3
1571322961 3
1571322962 3
1571322963 2
1571322964 2
1571322965 3
1571322966 4
1571322967 5
1571322968 7
1571322969 6
1571322970 5
1571322971 6
1571322972 7
1571322973 6
1571322974 7
1571322975 6
1571322976 7
1571322977 6
1571322978 5
1571322979 5
1571322980 5
1571322981 6
1571322982 5
1571322983 3
1571322984 5
1571322985 6
1571322986 6
1571322987 6
1571322988 7
1571322989 3
1571322990 3
1571322991 3
1571322992 3
1571322993 2
1571322994 2
1571322995 2
1571322996 3
1571322997 3
1571322998 4
1571322999 3
1571323000 3
1571323001 3
1571323002 3
1571323003 5
1571323004 5
1571323005 5
1571323006 4
1571323007 4
1571323008 3
1571323009 3
1571323010 2
1571323011 2
1571323012 2
1571323013 2
1571323014 2
1571323015 2
1571323016 2
1571323017 2
1571323018 2
1571323019 2
1571323020 2
1571323021 2
1571323022 2
1571323023 2
1571323024 2
1571323025 2
1571323026 2
1571323027 2
1571323028 2
1571323029 2
1571323030 2
1571323031 2
1571323032 2
1571323033 2
1571323034 3
1571323035 2
1571323036 2
1571323037 2
1571323038 2
1571323039 2
1571323040 2
1571323041 4
1571323042 4
1571323043 5
1571323044 5
1571323045 4
1571323046 4
1571323047 4
1571323048 4
1571323049 6
1571323050 4
1571323051 4
1571323052 4
1571323053 4
1571323054 3
1571323055 1
1571323056 1
1571323057 3
1571323058 6
1571323059 6
1571323060 7
1571323061 10
1571323062 10
1571323063 12
1571323064 10
1571323065 11
1571323066 13
1571323067 8
1571323068 10
1571323069 13
1571323070 8
1571323071 7
1571323072 8
1571323073 7
1571323074 5
1571323075 4
1571323076 6
1571323077 5
1571323078 5
1571323079 4
1571323080 3
1571323081 2
1571323082 2
1571323083 2
1571323084 2
1571323085 4
1571323086 4
1571323087 4
1571323088 4
1571323089 4
1571323090 3
1571323091 3
1571323092 3
1571323093 3
1571323094 3
1571323095 3
1571323096 3
1571323097 3
1571323098 3
1571323099 3
1571323100 3
1571323101 3
1571323102 3
1571323103 3
1571323104 3
1571323105 3
1571323106 3
1571323107 3
1571323108 3
1571323109 3
1571323110 3
1571323111 3
1571323112 3
1571323113 3
1571323114 3
1571323115 3
1571323116 3
1571323117 3
1571323118 3
1571323119 3
1571323120 3
1571323121 3
1571323122 3
1571323123 3
1571323124 3
1571323125 3
1571323126 3
1571323127 3
1571323128 3
1571323129 3
1571323130 3
1571323131 3
1571323132 3
1571323133 3
1571323134 3
1571323135 3
1571323136 3
1571323137 3
1571323138 3
1571323139 3
1571323140 3
1571323141 3
1571323142 3
1571323143 3
1571323144 3
1571323145 3
1571323146 3
1571323147 3
1571323148 3
1571323149 3
1571323150 3
1571323151 3
1571323152 3
1571323153 3
1571323154 3
1571323155 3
1571323156 3
1571323157 3
1571323158 3
1571323159 3
1571323160 3
1571323161 3
1571323162 3
1571323163 3
1571323164 3
1571323165 3
1571323166 3
1571323167 3
1571323168 3
1571323169 3
1571323170 3
1571323171 3
1571323172 3
1571323173 3
1571323174 3
1571323175 3
1571323176 3
1571323177 3
1571323178 3
1571323179 3
1571323180 3
1571323181 3
1571323182 3
1571323183 3
1571323184 3
1571323185 3
1571323186 3
1571323187 3
1571323188 3
1571323189 3
1571323190 3
1571323191 3
1571323192 3
1571323193 3
1571323194 3
1571323195 3
1571323196 3
1571323197 3
1571323198 3
1571323199 3
1571323200 3
1571323201 3
1571323202 3
1571323203 3
1571323204 3
1571323205 3
1571323206 3
1571323207 3
1571323208 3
1571323209 3
1571323210 3
1571323211 3
1571323212 3
1571323213 3
1571323214 3
1571323215 3
1571323216 3
1571323217 3
1571323218 2
1571323219 2
1571323220 4
1571323221 4
1571323222 4
1571323223 4
1571323224 4
1571323225 4
1571323226 3
1571323227 3
1571323228 3
1571323229 2
1571323230 2
1571323231 2
1571323232 2
1571323233 2
1571323234 2
1571323235 2
1571323236 2
1571323237 2
1571323238 2
1571323239 2
1571323240 2
1571323241 2
1571323242 2
1571323243 2
1571323244 2
1571323245 2
1571323246 2
1571323247 2
1571323248 2
1571323249 2
1571323250 2
1571323251 2
1571323252 2
1571323253 2
1571323254 2
1571323255 2
1571323256 2
1571323257 2
1571323258 2
1571323259 2
1571323260 2
1571323261 2
1571323262 2
1571323263 2
1571323264 2
1571323265 2
1571323266 2
1571323267 2
1571323268 2
1571323269 2
1571323270 3
1571323271 3
1571323272 3
1571323273 3
1571323274 3
1571323275 3
1571323276 3
1571323277 3
1571323278 3
1571323279 3
1571323280 3
1571323281 3
1571323282 3
1571323283 2
1571323284 2
1571323285 2
1571323286 2
1571323665 3
1571323666 3
1571323667 3
1571323668 3
1571323669 3
1571323670 3
1571323671 3
1571323672 3
1571323673 3
1571323674 3
1571323675 3
1571323676 3
1571323677 4
1571323678 2
1571323679 2
1571324067 3
1571324068 3
1571324069 3
1571324070 3
1571324071 3
1571324072 3
1571324073 3
1571324074 3
1571324075 3
1571324076 3
1571324077 3
1571324078 2
1571324079 2
1571324080 2
1571324467 3
1571324468 3
1571324469 3
1571324470 3
1571324471 3
1571324472 4
1571324473 5
1571324474 4
1571324475 4
1571324476 4
1571324477 4
1571324478 2
1571324479 2
1571324480 2
1571325073 3
1571325074 3
1571325075 3
1571325076 3
1571325077 3
1571325078 3
1571325079 3
1571325080 3
1571325081 3
1571325082 3
1571325083 3
1571325084 2
1571325085 2
1571325086 2
1571325087 2
1571325088 3
1571325089 4
1571325090 6
1571325091 6
1571325092 6
1571325093 6
1571325094 6
1571325095 7
1571325096 6
1571325097 8
1571325098 7
1571325099 6
1571325100 6
1571325101 4
1571325102 6
1571325103 6
1571325104 6
1571325105 4
1571325106 5
1571325107 3
1571325108 3
1571325109 2
1571325110 2
1571325111 2
1571325112 2
1571325113 3
1571325114 4
1571325115 4
1571325116 5
1571325117 4
1571325118 4
1571325119 4
1571325120 3
1571325121 3
1571325122 3
1571325123 4
1571325124 2
1571325125 2
1571325126 2
1571325127 2
1571325128 2
1571325129 2
1571325130 2
1571325131 2
1571325132 2
1571325133 2
1571325134 2
1571325135 2
1571325136 2
1571325137 2
1571325138 2
1571325139 2
1571325140 2
1571325141 2
1571325142 2
1571325143 2
1571325144 2
1571325145 2
1571325146 2
1571325147 2
1571325148 2
1571325149 2
1571325150 2
1571325151 2
1571325152 2
1571325153 2
1571325154 2
1571325155 2
1571325156 2
1571325157 2
1571325158 2
1571325159 4
1571325160 4
1571325161 6
1571325162 4
1571325163 4
1571325164 4
1571325165 4
1571325166 5
1571325167 5
1571325168 5
1571325169 5
1571325170 4
1571325171 2
1571325172 1
1571325173 1
1571325174 3
1571325175 3
1571325176 5
1571325177 7
1571325178 6
1571325179 10
1571325180 11
1571325181 9
1571325182 10
1571325183 9
1571325184 8
1571325185 5
1571325186 9
1571325187 9
1571325188 7
1571325189 7
1571325190 10
1571325191 4
1571325192 6
1571325193 6
1571325194 6
1571325195 6
1571325196 4
1571325197 2
1571325198 2
1571325199 1
1571325200 1
1571325201 3
1571325202 3
1571325203 4
1571325204 4
1571325205 4
1571325206 4
1571325207 4
1571325208 4
1571325209 3
1571325210 3
1571325211 3
1571325212 3
1571325213 3
1571325214 2
1571325215 2
1571325216 2
1571325217 2
1571325218 3
1571325219 4
1571325220 4
1571325221 4
1571325222 4
1571325223 4
1571325224 5
1571325225 2
1571325226 2
1571325227 2
1571325228 2
1571325229 2
1571325230 2
1571325231 2
1571325232 2
1571325233 2
1571325234 2
1571325235 2
1571325236 2
1571325237 2
1571325238 2
1571325239 2
1571325240 2
1571325241 2
1571325242 2
1571325243 2
1571325244 2
1571325245 2
1571325246 2
1571325247 2
1571325248 2
1571325249 2
1571325250 2
1571325251 2
1571325252 2
1571325253 2
1571325254 2
1571325255 2
1571325256 2
1571325257 2
1571325258 2
1571325259 2
1571325260 2
1571325261 2
1571325262 2
1571325263 2
1571325264 2
1571325265 2
1571325266 2
1571325267 2
1571325268 2
1571325269 3
1571325270 3
1571325271 3
1571325272 3
1571325273 3
1571325274 3
1571325275 3
1571325276 3
1571325277 3
1571325278 3
1571325279 3
1571325280 2
1571325281 2
1571325282 2
1571325283 2
1571325284 3
1571325285 5
1571325286 5
1571325287 6
1571325288 6
1571325289 6
1571325290 7
1571325291 5
1571325292 8
1571325293 8
1571325294 7
1571325295 5
1571325296 6
1571325297 5
1571325298 5
1571325299 6
1571325300 5
1571325301 5
1571325302 6
1571325303 4
1571325304 3
1571325305 2
1571325306 2
1571325307 2
1571325308 2
1571325309 2
1571325310 4
1571325311 4
1571325312 4
1571325313 3
1571325314 3
1571325315 3
1571325316 3
1571325317 4
1571325318 4
1571325319 4
1571325320 4
1571325321 3
1571325322 3
1571325323 2
1571325324 2
1571325325 2
1571325326 2
1571325327 2
1571325328 2
1571325329 2
1571325330 2
1571325331 2
1571325332 2
1571325333 2
1571325334 2
1571325335 2
1571325336 2
1571325337 2
1571325338 2
1571325339 2
1571325340 2
1571325341 2
1571325342 2
1571325343 2
1571325344 2
1571325345 2
1571325346 2
1571325347 2
1571325348 2
1571325349 2
1571325350 2
1571325351 2
1571325352 2
1571325353 2
1571325354 2
1571325355 4
1571325356 5
1571325357 5
1571325358 5
1571325359 5
1571325360 5
1571325361 5
1571325362 6
1571325363 6
1571325364 6
1571325365 6
1571325366 6
1571325367 2
1571325368 2
1571325369 1
1571325370 2
1571325371 4
1571325372 6
1571325373 6
1571325374 6
1571325375 9
1571325376 10
1571325377 11
1571325378 10
1571325379 12
1571325380 11
1571325381 8
1571325382 8
1571325383 7
1571325384 5
1571325385 6
1571325386 9
1571325387 6
1571325388 6
1571325389 7
1571325390 8
1571325391 6
1571325392 8
1571325393 8
1571325394 8
1571325395 6
1571325396 4
1571325397 2
1571325398 1
1571325399 2
1571325400 4
1571325401 3
1571325402 5
1571325403 4
1571325404 4
1571325405 4
1571325406 4
1571325407 4
1571325408 4
1571325409 4
1571325410 4
1571325411 4
1571325412 4
1571325413 3
1571325414 4
1571325415 3
1571325416 3
1571325417 4
1571325418 4
1571325419 4
1571325420 4
1571325421 4
1571325422 4
1571325423 4
1571325424 3
1571325425 2
1571325426 2
1571325427 2
1571325428 2
1571325429 2
1571325430 2
1571325431 2
1571325432 2
1571325433 2
1571325434 2
1571325435 2
1571325436 2
1571325437 2
1571325438 2
1571325439 2
1571325440 2
1571325441 2
1571325442 2
1571325443 2
1571325444 2
1571325445 2
1571325446 2
1571325447 2
1571325448 2
1571325449 2
1571325450 2
1571325451 2
1571325452 2
1571325453 2
1571325454 2
1571325455 2
1571325456 2
1571325457 2
1571325458 2
1571325459 2
1571325460 2
1571325461 2
1571325462 2
1571325463 2
1571325464 2
1571325465 2
1571325466 2
1571325467 2
1571325468 3
1571325469 3
1571325470 3
1571325471 3
1571325472 3
1571325473 3
1571325474 3
1571325475 3
1571325476 3
1571325477 3
1571325478 3
1571325479 2
1571325480 2
1571325481 2
1571325482 2
1571325483 3
1571325484 4
1571325485 4
1571325486 6
1571325487 6
1571325488 6
1571325489 7
1571325490 6
1571325491 5
1571325492 6
1571325493 7
1571325494 6
1571325495 5
1571325496 6
1571325497 4
1571325498 5
1571325499 6
1571325500 4
1571325501 4
1571325502 6
1571325503 7
1571325504 6
1571325505 5
1571325506 6
1571325507 9
1571325508 6
1571325509 6
1571325510 5
1571325511 4
1571325512 3
1571325513 2
1571325514 2
1571325515 3
1571325516 3
1571325517 4
1571325518 3
1571325519 3
1571325520 3
1571325521 3
1571325522 3
1571325523 3
1571325524 3
1571325525 3
1571325526 3
1571325527 2
1571325528 2
1571325529 2
1571325530 2
1571325531 2
1571325532 2
1571325533 2
1571325534 2
1571325535 2
1571325536 2
1571325537 2
1571325538 2
1571325539 2
1571325540 2
1571325541 2
1571325542 2
1571325543 2
1571325544 2
1571325545 2
1571325546 2
1571325547 2
1571325548 2
1571325549 2
1571325550 2
1571325551 2
1571325552 2
1571325553 2
1571325554 2
1571325555 2
1571325556 2
1571325557 2
1571325558 2
1571325559 2
1571325560 2
1571325561 5
1571325562 4
1571325563 5
1571325564 5
1571325565 5
1571325566 6
1571325567 5
1571325568 4
1571325569 4
1571325570 5
1571325571 4
1571325572 4
1571325573 2
1571325574 2
1571325575 1
1571325576 3
1571325577 5
1571325578 7
1571325579 7
1571325580 8
1571325581 10
1571325582 14
1571325583 10
1571325584 10
1571325585 11
1571325586 7
1571325587 8
1571325588 8
1571325589 7
1571325590 8
1571325591 8
1571325592 7
1571325593 6
1571325594 6
1571325595 7
1571325596 5
1571325597 3
1571325598 3
1571325599 2
1571325600 1
1571325601 1
1571325602 1
1571325603 2
1571325604 4
1571325605 4
1571325606 4
1571325607 4
1571325608 4
1571325609 4
1571325610 4
1571325611 4
1571325612 4
1571325613 4
1571325614 4
1571325615 4
1571325616 4
1571325617 4
1571325618 3
1571325619 2
1571325620 2
1571325621 3
1571325622 4
1571325623 4
1571325624 5
1571325625 4
1571325626 4
1571325627 4
1571325628 3
1571325629 3
1571325630 2
1571325631 2
1571325632 2
1571325633 2
1571325634 2
1571325635 2
1571325636 2
1571325637 2
1571325638 2
1571325639 2
1571325640 2
1571325641 2
1571325642 2
1571325643 2
1571325644 2
1571325645 2
1571325646 2
1571325647 2
1571325648 2
1571325649 2
1571325650 2
1571325651 2
1571325652 2
1571325653 2
1571325654 2
1571325655 2
1571325656 2
1571325657 2
1571325658 2
1571325659 2
1571325660 2
1571325661 2
1571325662 2
1571325663 2
1571325664 2
1571325665 2
1571325666 2
1571325667 2
1571325668 2
1571325669 2
1571325670 2
1571325671 2
1571325672 3
1571325673 3
1571325674 3
1571325675 3
1571325676 3
1571325677 3
1571325678 3
1571325679 3
1571325680 3
1571325681 3
1571325682 3
1571325683 3
1571325684 2
1571325685 2
1571325686 2
1571325687 2
1571325688 3
1571325689 4
1571325690 5
1571325691 6
1571325692 6
1571325693 6
1571325694 5
1571325695 4
1571325696 5
1571325697 5
1571325698 5
1571325699 3
1571325700 5
1571325701 7
1571325702 4
1571325703 3
1571325704 4
1571325705 5
1571325706 6
1571325707 5
1571325708 5
1571325709 3
1571325710 3
1571325711 3
1571325712 3
1571325713 2
1571325714 2
1571325715 3
1571325716 4
1571325717 4
1571325718 5
1571325719 3
1571325720 3
1571325721 3
1571325722 3
1571325723 3
1571325724 3
1571325725 3
1571325726 3
1571325727 3
1571325728 2
1571325729 2
1571325730 2
1571325731 2
1571325732 2
1571325733 2
1571325734 2
1571325735 2
1571325736 2
1571325737 2
1571325738 2
1571325739 2
1571325740 2
1571325741 2
1571325742 2
1571325743 2
1571325744 2
1571325745 2
1571325746 2
1571325747 2
1571325748 2
1571325749 2
1571325750 2
1571325751 2
1571325752 2
1571325753 2
1571325754 2
1571325755 2
1571325756 2
1571325757 2
1571325758 2
1571325759 2
1571325760 2
1571325761 4
1571325762 4
1571325763 5
1571325764 5
1571325765 5
1571325766 5
1571325767 5
1571325768 5
1571325769 5
1571325770 5
1571325771 5
1571325772 4
1571325773 2
1571325774 2
1571325775 2
1571325776 3
1571325777 3
1571325778 6
1571325779 7
1571325780 9
1571325781 8
1571325782 13
1571325783 8
1571325784 9
1571325785 12
1571325786 7
1571325787 8
1571325788 10
1571325789 8
1571325790 5
1571325791 7
1571325792 6
1571325793 4
1571325794 6
1571325795 7
1571325796 7
1571325797 4
1571325798 4
1571325799 4
1571325800 4
1571325801 3
1571325802 2
1571325803 2
1571325804 3
1571325805 4
1571325806 4
1571325807 4
1571325808 4
1571325809 4
1571325810 4
1571325811 4
1571325812 3
1571325813 3
1571325814 3
1571325815 3
1571325816 3
1571325817 3
1571325818 2
1571325819 2
1571325820 3
1571325821 4
1571325822 5
1571325823 4
1571325824 4
1571325825 4
1571325826 3
1571325827 3
1571325828 3
1571325829 2
1571325830 2
1571325831 2
1571325832 2
1571325833 2
1571325834 2
1571325835 2
1571325836 2
1571325837 2
1571325838 2
1571325839 2
1571325840 2
1571325841 2
1571325842 2
1571325843 2
1571325844 2
1571325845 2
1571325846 2
1571325847 2
1571325848 2
1571325849 2
1571325850 2
1571325851 2
1571325852 2
1571325853 2
1571325854 2
1571325855 2
1571325856 2
1571325857 2
1571325858 2
1571325859 2
1571325860 2
1571325861 2
1571325862 2
1571325863 2
1571325864 2
1571325865 2
1571325866 2
1571325867 2
1571325868 2
1571325869 2
1571325870 2
1571325871 3
1571325872 3
1571325873 3
1571325874 3
1571325875 3
1571325876 3
1571325877 3
1571325878 3
1571325879 4
1571325880 4
1571325881 4
1571325882 3
1571325883 3
1571325884 3
1571325885 2
1571325886 2
1571325887 4
1571325888 4
1571325889 7
1571325890 7
1571325891 6
1571325892 6
1571325893 6
1571325894 7
1571325895 8
1571325896 7
1571325897 7
1571325898 5
1571325899 3
1571325900 4
1571325901 6
1571325902 6
1571325903 5
1571325904 5
1571325905 3
1571325906 3
1571325907 3
1571325908 2
1571325909 2
1571325910 2
1571325911 3
1571325912 3
1571325913 3
1571325914 5
1571325915 4
1571325916 6
1571325917 5
1571325918 5
1571325919 5
1571325920 4
1571325921 4
1571325922 4
1571325923 4
1571325924 3
1571325925 2
1571325926 2
1571325927 2
1571325928 2
1571325929 2
1571325930 2
1571325931 2
1571325932 2
1571325933 2
1571325934 2
1571325935 2
1571325936 2
1571325937 2
1571325938 2
1571325939 2
1571325940 2
1571325941 2
1571325942 2
1571325943 2
1571325944 2
1571325945 2
1571325946 2
1571325947 2
1571325948 2
1571325949 2
1571325950 3
1571325951 2
1571325952 2
1571325953 2
1571325954 2
1571325955 2
1571325956 2
1571325957 4
1571325958 4
1571325959 5
1571325960 5
1571325961 5
1571325962 5
1571325963 5
1571325964 5
1571325965 6
1571325966 6
1571325967 6
1571325968 5
1571325969 3
1571325970 2
1571325971 1
1571325972 2
1571325973 3
1571325974 6
1571325975 7
1571325976 8
1571325977 8
1571325978 11
1571325979 8
1571325980 10
1571325981 13
1571325982 9
1571325983 8
1571325984 11
1571325985 10
1571325986 8
1571325987 8
1571325988 9
1571325989 6
1571325990 7
1571325991 6
1571325992 7
1571325993 7
1571325994 6
1571325995 6
1571325996 5
1571325997 4
1571325998 4
1571325999 2
1571326000 1
1571326001 2
1571326002 3
1571326003 4
1571326004 4
1571326005 4
1571326006 4
1571326007 3
1571326008 3
1571326009 2
1571326010 2
1571326011 2
1571326012 2
1571326013 2
1571326014 2
1571326015 2
1571326016 2
1571326017 3
1571326018 2
1571326019 2
1571326020 3
1571326021 4
1571326022 5
1571326023 4
1571326024 4
1571326025 4
1571326026 3
1571326027 3
1571326028 2
1571326029 2
1571326030 2
1571326031 2
1571326032 2
1571326033 2
1571326034 2
1571326035 2
1571326036 2
1571326037 2
1571326038 2
1571326039 2
1571326040 2
1571326041 2
1571326042 2
1571326043 2
1571326044 2
1571326045 2
1571326046 2
1571326047 2
1571326048 2
1571326049 2
1571326050 2
1571326051 2
1571326052 2
1571326053 2
1571326054 2
1571326055 2
1571326056 2
1571326057 2
1571326058 2
1571326059 2
1571326060 2
1571326061 2
1571326062 2
1571326063 2
1571326064 2
1571326065 2
1571326066 2
1571326067 2
1571326068 2
1571326069 2
1571326070 2
1571326071 2
1571326072 3
1571326073 3
1571326074 3
1571326075 3
1571326076 3
1571326077 3
1571326078 3
1571326079 3
1571326080 3
1571326081 3
1571326082 3
1571326083 3
1571326084 2
1571326085 2
1571326086 2
1571326087 3
1571326088 4
1571326089 4
1571326090 6
1571326091 6
1571326092 5
1571326093 6
1571326094 7
1571326095 9
1571326096 7
1571326097 7
1571326098 7
1571326099 6
1571326100 5
1571326101 5
1571326102 8
1571326103 5
1571326104 4
1571326105 5
1571326106 4
1571326107 3
1571326108 3
1571326109 2
1571326110 2
1571326111 2
1571326112 2
1571326113 4
1571326114 4
1571326115 4
1571326116 4
1571326117 3
1571326118 3
1571326119 3
1571326120 4
1571326121 4
1571326122 4
1571326123 3
1571326124 2
1571326125 2
1571326126 2
1571326127 2
1571326128 2
1571326129 2
1571326130 2
1571326131 2
1571326132 2
1571326133 2
1571326134 2
1571326135 2
1571326136 2
1571326137 2
1571326138 2
1571326139 2
1571326140 2
1571326141 2
1571326142 2
1571326143 2
1571326144 2
1571326145 2
1571326146 2
1571326147 2
1571326148 2
1571326149 2
1571326150 2
1571326151 3
1571326152 2
1571326153 2
1571326154 1
1571326155 1
1571326156 2
1571326157 2
1571326158 5
1571326159 5
1571326160 5
1571326161 5
1571326162 5
1571326163 6
1571326164 4
1571326165 3
1571326166 2
1571326167 3
1571326168 3
1571326169 3
1571326170 3
1571326171 3
1571326172 3
1571326173 3
1571326174 2
1571326175 2
1571326176 2
1571326177 2
1571326178 2
1571326179 2
1571326180 2
1571326181 2
1571326182 2
1571326183 2
1571326184 1
1571326185 1
1571326186 1
1571326187 1
1571326188 1
1571326189 1
1571326190 1
1571326191 1
1571326192 1
1571326193 1
1571326194 2
1571326195 2
1571326196 2
1571326197 2
1571326198 2
1571326199 2
1571326200 2
1571326201 2
1571326202 2
1571326203 2
1571326204 2
1571326205 2
1571326206 2
1571326207 2
1571326208 2
1571326209 2
1571326210 2
1571326211 2
1571326212 2
1571326213 2
1571326214 2
1571326215 2
1571326216 2
1571326217 2
1571326218 2
1571326219 2
1571326220 2
1571326221 2
1571326222 2
1571326223 2
1571326224 1
1571326225 1
1571326226 1
1571326227 1
1571326228 1
1571326229 1
1571326230 1
1571326231 1
1571326232 1
1571326233 1
1571326234 1
1571326235 1
1571326236 1
1571326237 1
1571326238 1
1571326239 1
1571326240 1
1571326241 1
1571326242 1
1571326243 1
1571326244 1
1571326245 1
1571326246 1
1571326247 1
1571326248 1
1571326249 1
1571326250 1
1571326251 1
1571326252 1
1571326253 1
1571326254 1
1571326255 1
1571326256 1
1571326257 1
1571326258 1
1571326259 1
1571326260 1
1571326261 1
1571326262 1
1571326263 1
1571326264 1
1571326265 1
1571326266 1
1571326267 1
1571326268 1
1571326269 1
1571326270 1
1571326271 1
1571326272 1
1571326273 1
1571326274 1
1571326275 1
1571326276 1
1571326277 1
1571326278 1
1571326279 1
1571326280 1
1571326281 2
1571326282 1
1571326283 1
1571326284 1
1571326285 1
1571326286 1
1571326287 2
1571326288 2
1571326289 2
1571326290 2
1571326291 2
1571326292 2
1571326293 3
1571326294 2
1571326295 2
1571326296 2
1571326297 3
1571326298 3
1571326299 3
1571326300 3
1571326301 4
1571326302 4
1571326303 4
1571326304 5
1571326305 5
1571326306 5
1571326307 6
1571326308 5
1571326309 4
1571326310 2
1571326311 2
1571326312 1
1571326313 1
1571326314 2
1571326315 2
1571326316 2
1571326317 2
1571326318 1
1571326319 2
1571326320 2
1571326321 2
1571326322 2
1571326323 2
1571326324 2
1571326325 2
1571326326 2
1571326327 2
1571326328 2
1571326329 2
1571326330 2
1571326331 2
1571326332 2
1571326333 2
1571326334 2
1571326335 2
1571326336 2
1571326337 2
1571326338 2
1571326339 1
1571326340 1
1571326341 1
1571326342 1
1571326343 1
1571326344 3
1571326345 3
1571326346 3
1571326347 2
1571326348 2
1571326349 3
1571326350 3
1571326351 3
1571326352 4
1571326353 6
1571326354 6
1571326355 9
1571326356 9
1571326357 11
1571326358 10
1571326359 11
1571326360 9
1571326361 13
1571326362 8
1571326363 10
1571326364 9
1571326365 10
1571326366 10
1571326367 11
1571326368 10
1571326369 6
1571326370 9
1571326371 10
1571326372 7
1571326373 6
1571326374 3
1571326375 2
1571326376 1
1571326377 1
1571326378 3
1571326379 3
1571326380 3
1571326381 3
1571326382 3
1571326383 3
1571326384 5
1571326385 4
1571326386 4
1571326387 4
1571326388 4
1571326389 5
1571326390 4
1571326391 4
1571326392 4
1571326393 4
1571326394 4
1571326395 4
1571326396 4
1571326397 4
1571326398 4
1571326399 4
1571326400 4
1571326401 4
1571326402 4
1571326403 4
1571326404 4
1571326405 4
1571326406 4
1571326407 4
1571326408 4
1571326409 4
1571326410 4
1571326411 4
1571326412 4
1571326413 4
1571326414 4
1571326415 4
1571326416 4
1571326417 4
1571326418 4
1571326419 4
1571326420 4
1571326421 4
1571326422 4
1571326423 4
1571326424 4
1571326425 4
1571326426 4
1571326427 4
1571326428 4
1571326429 4
1571326430 4
1571326431 4
1571326432 4
1571326433 4
1571326434 4
1571326435 4
1571326436 4
1571326437 4
1571326438 4
1571326439 4
1571326440 4
1571326441 4
1571326442 4
1571326443 4
1571326444 4
1571326445 4
1571326446 4
1571326447 4
1571326448 4
1571326449 4
1571326450 4
1571326451 4
1571326452 4
1571326453 4
1571326454 4
1571326455 4
1571326456 4
1571326457 4
1571326458 4
1571326459 4
1571326460 4
1571326461 4
1571326462 4
1571326463 4
1571326464 4
1571326465 4
1571326466 4
1571326467 4
1571326468 4
1571326469 4
1571326470 4
1571326471 4
1571326472 4
1571326473 4
1571326474 4
1571326475 4
1571326476 4
1571326477 4
1571326478 4
1571326479 4
1571326480 4
1571326481 4
1571326482 4
1571326483 4
1571326484 4
1571326485 4
1571326486 4
1571326487 4
1571326488 4
1571326489 4
1571326490 4
1571326491 4
1571326492 4
1571326493 4
1571326494 4
1571326495 4
1571326496 4
1571326497 4
1571326498 4
1571326499 4
1571326500 4
1571326501 4
1571326502 4
1571326503 4
1571326504 4
1571326505 4
1571326506 4
1571326507 4
1571326508 4
1571326509 4
1571326510 4
1571326511 4
1571326512 4
1571326513 4
1571326514 4
1571326515 4
1571326516 4
1571326517 4
1571326518 4
1571326519 4
1571326520 4
1571326521 4
1571326522 4
1571326523 4
1571326524 4
1571326525 4
1571326526 4
1571326527 4
1571326528 3
1571326529 3
1571326530 3
1571326531 3
1571326532 3
1571326533 3
1571326534 3
1571326535 3
1571326536 3
1571326537 3
1571326538 3
1571326539 3
1571326540 3
1571326541 3
1571326542 3
1571326543 3
1571326544 3
1571326545 3
1571326546 3
1571326547 3
1571326548 3
1571326549 3
1571326550 3
1571326551 3
1571326552 3
1571326553 3
1571326554 3
1571326555 3
1571326556 3
1571326557 3
1571326558 3
1571326559 3
1571326560 3
1571326561 3
1571326562 3
1571326563 3
1571326564 3
1571326565 3
1571326566 3
1571326567 3
1571326568 3
1571326569 3
1571326570 3
1571326571 3
1571326572 3
1571326573 3
1571326574 3
1571326575 3
1571326576 3
1571326577 3
1571326578 3
1571326579 3
1571326580 3
1571326581 3
1571326582 3
1571326583 3
1571326584 3
1571326585 3
1571326586 3
1571326587 3
1571326588 3
1571326589 3
1571326590 3
1571326591 3
1571326592 3
1571326593 3
1571326594 3
1571326595 3
1571326596 3
1571326597 3
1571326598 3
1571326599 4
1571326600 4
1571326601 4
1571326602 4
1571326603 3
1571326604 3
1571326605 3
1571326606 3
1571326607 3
1571326608 3
1571326609 3
1571326610 3
1571326611 3
1571326612 3
1571326613 3
1571326614 3
1571326615 3
1571326616 3
1571326617 3
1571326618 4
1571326619 4
1571326620 3
1571326621 3
1571326622 3
1571326623 3
1571326624 3
1571326625 3
1571326626 3
1571326627 3
1571326628 3
1571326629 3
1571326630 3
1571326631 3
1571326632 3
1571326633 3
1571326634 3
1571326635 3
1571326636 3
1571326637 3
1571326638 3
1571326639 3
1571326640 3
1571326641 3
1571326642 3
1571326643 3
1571326644 3
1571326645 3
1571326646 3
1571326647 3
1571326648 3
1571326649 3
1571326650 3
1571326651 3
1571326652 3
1571326653 3
1571326654 3
1571326655 3
1571326656 3
1571326657 3
1571326658 3
1571326659 3
1571326660 3
1571326661 3
1571326662 3
1571326663 3
1571326664 3
1571326665 3
1571326666 3
1571326667 3
1571326668 3
1571326669 3
1571326670 3
1571326671 3
1571326672 3
1571326673 3
1571326674 3
1571326675 3
1571326676 3
1571326677 3
1571326678 3
1571326679 3
1571326680 3
1571326681 3
1571326682 3
1571326683 3
1571326684 3
1571326685 3
1571326686 3
1571326687 3
1571326688 3
1571326689 3
1571326690 3
1571326691 3
1571326692 3
1571326693 3
1571326694 3
1571326695 3
1571326696 3
1571326697 3
1571326698 3
1571326699 3
1571326700 3
1571326701 3
1571326702 2
1571326703 2
1571326704 2
1571326705 2
1571326706 2
1571326707 2
1571326708 2
1571326709 2
1571326710 2
1571326711 3
1571326712 4
1571326713 4
1571326714 4
1571326715 4
1571326716 4
1571326717 4
1571326718 4
1571326719 2
1571326720 2
1571326721 2
1571326722 2
1571326723 2
1571326724 2
1571326725 2
1571326726 2
1571326727 2
1571326728 2
1571326729 2
1571326730 2
1571326731 2
1571326732 2
1571326733 2
1571326734 2
1571326735 2
1571326736 2
1571326737 2
1571326738 2
1571326739 2
1571326740 2
1571326741 2
1571326742 2
1571326743 2
1571326744 2
1571326745 2
1571326746 2
1571326747 2
1571326748 2
1571326749 2
1571326750 2
1571326751 2
1571326752 2
1571326753 2
1571326754 2
1571326755 2
1571326756 2
1571326757 2
1571326758 2
1571326759 2
1571326760 2
1571326761 2
1571326762 2
1571326763 3
1571326764 3
1571326765 3
1571326766 3
1571326767 3
1571326768 3
1571326769 3
1571326770 4
1571326771 3
1571326772 3
1571326773 3
1571326774 2
1571326775 2
1571326776 2
1571326777 2
1571326778 3
1571326779 4
1571326780 4
1571326781 6
1571326782 6
1571326783 6
1571326784 7
1571326785 6
1571326786 6
1571326787 8
1571326788 7
1571326789 6
1571326790 5
1571326791 4
1571326792 5
1571326793 7
1571326794 5
1571326795 4
1571326796 6
1571326797 4
1571326798 4
1571326799 2
1571326800 2
1571326801 2
1571326802 2
1571326803 2
1571326804 4
1571326805 3
1571326806 4
1571326807 4
1571326808 5
1571326809 4
1571326810 4
1571326811 4
1571326812 4
1571326813 4
1571326814 4
1571326815 4
1571326816 3
1571326817 3
1571326818 3
1571326819 2
1571326820 2
1571326821 2
1571326822 2
1571326823 2
1571326824 2
1571326825 2
1571326826 2
1571326827 2
1571326828 2
1571326829 2
1571326830 2
1571326831 2
1571326832 2
1571326833 2
1571326834 2
1571326835 2
1571326836 2
1571326837 2
1571326838 2
1571326839 2
1571326840 2
1571326841 2
1571326842 2
1571326843 2
1571326844 2
1571326845 2
1571326846 2
1571326847 2
1571326848 2
1571326849 4
1571326850 5
1571326851 5
1571326852 5
1571326853 5
1571326854 5
1571326855 5
1571326856 5
1571326857 5
1571326858 5
1571326859 5
1571326860 5
1571326861 2
1571326862 2
1571326863 1
1571326864 2
1571326865 3
1571326866 7
1571326867 6
1571326868 5
1571326869 8
1571326870 9
1571326871 9
1571326872 10
1571326873 14
1571326874 11
1571326875 8
1571326876 8
1571326877 8
1571326878 9
1571326879 7
1571326880 9
1571326881 5
1571326882 7
1571326883 4
1571326884 8
1571326885 7
1571326886 6
1571326887 5
1571326888 6
1571326889 6
1571326890 6
1571326891 5
1571326892 5
1571326893 5
1571326894 5
1571326895 5
1571326896 5
1571326897 5
1571326898 4
1571326899 5
1571326900 4
1571326901 2
1571326902 2
1571326903 3
1571326904 3
1571326905 4
1571326906 4
1571326907 4
1571326908 4
1571326909 4
1571326910 4
1571326911 4
1571326912 4
1571326913 4
1571326914 4
1571326915 4
1571326916 4
1571326917 4
1571326918 2
1571326919 3
1571326920 4
1571326921 6
1571326922 4
1571326923 5
1571326924 5
1571326925 6
1571326926 6
1571326927 6
1571326928 5
1571326929 5
1571326930 4
1571326931 4
1571326932 4
1571326933 3
1571326934 2
1571326935 2
1571326936 2
1571326937 2
1571326938 2
1571326939 2
1571326940 2
1571326941 2
1571326942 2
1571326943 2
1571326944 2
1571326945 2
1571326946 2
1571326947 2
1571326948 2
1571326949 2
1571326950 2
1571326951 2
1571326952 2
1571326953 2
1571326954 2
1571326955 2
1571326956 2
1571326957 2
1571326958 2
1571326959 2
1571326960 2
1571326961 2
1571326962 2
1571326963 2
1571326964 2
1571326965 2
1571326966 2
1571326967 2
1571326968 2
1571326969 2
1571326970 2
1571326971 2
1571326972 2
1571326973 2
1571326974 2
1571326975 3
1571326976 3
1571326977 3
1571326978 3
1571326979 3
1571326980 3
1571326981 3
1571326982 2
1571326983 2
1571326984 3
1571326985 2
1571326986 2
1571326987 2
1571326988 2
1571326989 2
1571326990 3
1571326991 4
1571326992 5
1571326993 6
1571326994 6
1571326995 6
1571326996 5
1571326997 5
1571326998 6
1571326999 6
1571327000 6
1571327001 7
1571327002 6
1571327003 8
1571327004 6
1571327005 5
1571327006 6
1571327007 5
1571327008 5
1571327009 6
1571327010 5
1571327011 6
1571327012 7
1571327013 3
1571327014 3
1571327015 3
1571327016 2
1571327017 2
1571327018 2
1571327019 5
1571327020 4
1571327021 4
1571327022 4
1571327023 3
1571327024 4
1571327025 5
1571327026 5
1571327027 5
1571327028 5
1571327029 5
1571327030 5
1571327031 4
1571327032 3
1571327033 3
1571327034 2
1571327035 2
1571327036 2
1571327037 2
1571327038 2
1571327039 2
1571327040 2
1571327041 2
1571327042 2
1571327043 2
1571327044 2
1571327045 2
1571327046 2
1571327047 2
1571327048 2
1571327049 2
1571327050 2
1571327051 2
1571327052 2
1571327053 2
1571327054 2
1571327055 2
1571327056 2
1571327057 2
1571327058 2
1571327059 2
1571327060 2
1571327061 2
1571327062 2
1571327063 2
1571327064 2
1571327065 4
1571327066 4
1571327067 5
1571327068 5
1571327069 5
1571327070 5
1571327071 6
1571327072 5
1571327073 5
1571327074 5
1571327075 5
1571327076 5
1571327077 2
1571327078 2
1571327079 2
1571327080 3
1571327081 3
1571327082 6
1571327083 5
1571327084 5
1571327085 8
1571327086 12
1571327087 9
1571327088 10
1571327089 11
1571327090 9
1571327091 7
1571327092 9
1571327093 9
1571327094 8
1571327095 6
1571327096 7
1571327097 5
1571327098 7
1571327099 8
1571327100 8
1571327101 7
1571327102 8
1571327103 8
1571327104 6
1571327105 6
1571327106 6
1571327107 5
1571327108 4
1571327109 4
1571327110 2
1571327111 2
1571327112 3
1571327113 3
1571327114 4
1571327115 4
1571327116 4
1571327117 4
1571327118 4
1571327119 4
1571327120 4
1571327121 4
1571327122 4
1571327123 4
1571327124 4
1571327125 3
1571327126 3
1571327127 3
1571327128 4
1571327129 2
1571327130 2
1571327131 3
1571327132 4
1571327133 5
1571327134 4
1571327135 4
1571327136 4
1571327137 3
1571327138 3
1571327139 3
1571327140 2
1571327141 2
1571327142 2
1571327143 2
1571327144 2
1571327145 2
1571327146 2
1571327147 2
1571327148 2
1571327149 2
1571327150 2
1571327151 2
1571327152 2
1571327153 2
1571327154 2
1571327155 2
1571327156 2
1571327157 2
1571327158 2
1571327159 2
1571327160 2
1571327161 2
1571327162 2
1571327163 2
1571327164 2
1571327165 2
1571327166 2
1571327167 2
1571327168 2
1571327169 2
1571327170 2
1571327171 2
1571327172 2
1571327173 2
1571327174 2
1571327175 2
1571327176 2
1571327177 2
1571327178 2
1571327179 2
1571327180 2
1571327181 2
1571327182 3
1571327183 3
1571327184 3
1571327185 3
1571327186 3
1571327187 3
1571327188 3
1571327189 3
1571327190 2
1571327191 3
1571327192 3
1571327193 3
1571327194 3
1571327195 2
1571327196 2
1571327197 2
1571327198 4
1571327199 4
1571327200 6
1571327201 6
1571327202 6
1571327203 6
1571327204 6
1571327205 5
1571327206 7
1571327207 6
1571327208 7
1571327209 5
1571327210 6
1571327211 4
1571327212 5
1571327213 5
1571327214 5
1571327215 4
1571327216 4
1571327217 7
1571327218 6
1571327219 7
1571327220 7
1571327221 5
1571327222 4
1571327223 4
1571327224 4
1571327225 3
1571327226 2
1571327227 2
1571327228 3
1571327229 4
1571327230 3
1571327231 4
1571327232 4
1571327233 3
1571327234 3
1571327235 3
1571327236 3
1571327237 3
1571327238 3
1571327239 3
1571327240 3
1571327241 2
1571327242 2
1571327243 2
1571327244 2
1571327245 2
1571327246 2
1571327247 2
1571327248 2
1571327249 2
1571327250 2
1571327251 2
1571327252 2
1571327253 2
1571327254 2
1571327255 2
1571327256 2
1571327257 2
1571327258 2
1571327259 2
1571327260 2
1571327261 2
1571327262 2
1571327263 2
1571327264 2
1571327265 2
1571327266 2
1571327267 2
1571327268 2
1571327269 2
1571327270 2
1571327271 2
1571327272 2
1571327273 2
1571327274 4
1571327275 4
1571327276 5
1571327277 5
1571327278 5
1571327279 5
1571327280 5
1571327281 5
1571327282 5
1571327283 5
1571327284 5
1571327285 4
1571327286 3
1571327287 2
1571327288 1
1571327289 2
1571327290 4
1571327291 7
1571327292 8
1571327293 7
1571327294 7
1571327295 7
1571327296 5
1571327297 8
1571327298 11
1571327299 9
1571327300 6
1571327301 9
1571327302 10
1571327303 9
1571327304 6
1571327305 7
1571327306 5
1571327307 8
1571327308 7
1571327309 8
1571327310 6
1571327311 5
1571327312 5
1571327313 3
1571327314 2
1571327315 1
1571327316 2
1571327317 3
1571327318 3
1571327319 4
1571327320 5
1571327321 5
1571327322 5
1571327323 3
1571327324 4
1571327325 4
1571327326 4
1571327327 3
1571327328 3
1571327329 3
1571327330 3
1571327331 3
1571327332 3
1571327333 3
1571327334 3
1571327335 3
1571327336 3
1571327337 3
1571327338 3
1571327339 3
1571327340 3
1571327341 3
1571327342 3
1571327343 2
1571327344 2
1571327345 3
1571327346 4
1571327347 5
1571327348 4
1571327349 4
1571327350 4
1571327351 3
1571327352 3
1571327353 3
1571327354 2
1571327355 2
1571327356 3
1571327357 2
1571327358 2
1571327359 2
1571327360 2
1571327361 2
1571327362 2
1571327363 2
1571327364 2
1571327365 2
1571327366 2
1571327367 2
1571327368 2
1571327369 2
1571327370 2
1571327371 2
1571327372 2
1571327373 2
1571327374 2
1571327375 2
1571327376 2
1571327377 2
1571327378 2
1571327379 2
1571327380 2
1571327381 2
1571327382 2
1571327383 2
1571327384 2
1571327385 2
1571327386 2
1571327387 2
1571327388 2
1571327389 2
1571327390 2
1571327391 2
1571327392 2
1571327393 2
1571327394 2
1571327395 2
1571327396 2
1571327397 3
1571327398 3
1571327399 3
1571327400 3
1571327401 3
1571327402 3
1571327403 3
1571327404 3
1571327405 2
1571327406 2
1571327407 2
1571327408 2
1571327409 2
1571327410 2
1571327411 2
1571327788 3
1571327789 3
1571327790 3
1571327791 3
1571327792 3
1571327793 3
1571327794 4
1571327795 2
1571327796 3
1571327797 3
1571327798 3
1571327799 2
1571327800 2
1571327801 2
1571328178 3
1571328179 3
1571328180 3
1571328181 3
1571328182 3
1571328183 3
1571328184 3
1571328185 3
1571328186 3
1571328187 3
1571328188 3
1571328189 3
1571328190 2
1571328191 2
1571328192 2
1571328570 3
1571328571 3
1571328572 3
1571328573 3
1571328574 3
1571328575 3
1571328576 4
1571328577 3
1571328578 3
1571328579 3
1571328580 3
1571328581 3
1571328582 2
1571328583 2
1571328961 3
1571328962 3
1571328963 3
1571328964 3
1571328965 3
1571328966 3
1571328967 3
1571328968 3
1571328969 3
1571328970 3
1571328971 3
1571328972 3
1571328973 2
1571328974 2
1571328975 2
1571329353 3
1571329354 4
1571329355 4
1571329356 4
1571329357 4
1571329358 3
1571329359 4
1571329360 3
1571329361 3
1571329362 3
1571329363 3
1571329364 3
1571329365 2
1571329366 2
1571329945 3
1571329946 3
1571329947 3
1571329948 3
1571329949 3
1571329950 3
1571329951 3
1571329952 3
1571329953 3
1571329954 3
1571329955 3
1571329956 2
1571329957 2
1571329958 2
1571329959 2
