1575289870 4
1575289871 4
1575289872 3
1575289873 2
1575289874 2
1575290040 4
1575290041 3
1575290042 3
1575290043 3
1575290044 2
1575290045 2
1575290565 4
1575290566 3
1575290567 3
1575290568 3
1575290569 2
1575290570 2
1575291060 4
1575291061 3
1575291062 2
1575291063 2
1575292898 4
1575292899 3
1575292900 3
1575292901 2
1575292902 2
1575293889 4
1575293890 4
1575293891 3
1575293892 2
1575293893 2
1575294570 3
1575294571 4
1575294572 3
1575294573 2
1575294574 1
1575295320 5
1575295321 4
1575295322 4
1575295323 4
1575295324 3
1575295325 1
1575295686 4
1575295687 3
1575295688 3
1575295689 2
1575295690 2
1575297483 4
1575297484 4
1575297485 2
1575297486 2
1575297487 2
1575300395 4
1575300396 4
1575300397 3
1575300398 2
1575300399 2
1575300400 2
1575300401 2
1575300402 2
1575300403 2
1575300404 2
1575300405 2
1575300406 2
1575300407 2
1575300408 2
1575300409 2
1575300410 2
1575300411 2
1575300412 2
1575300413 2
1575300414 2
1575300415 2
1575300416 2
1575300970 4
1575300971 4
1575300972 3
1575300973 2
1575300974 2
