1575558692 3
1575558693 3
1575558694 3
1575558695 2
1575558696 3
1575558697 5
1575558698 5
1575558699 5
1575558700 6
1575558701 5
1575558702 5
1575558703 4
1575558704 5
1575558705 4
1575558706 4
1575558707 5
1575558708 4
1575558709 3
1575558710 2
1575558711 3
1575558712 3
1575558713 3
1575558714 4
1575558715 3
1575558716 3
1575558717 3
1575558718 2
1575559330 4
1575559331 3
1575559332 3
1575559333 3
1575559334 3
1575559335 3
1575559336 5
1575559337 5
1575559338 5
1575559339 6
1575559340 5
1575559341 5
1575559342 5
1575559343 5
1575559344 5
1575559345 4
1575559346 4
1575559347 3
1575559348 4
1575559349 2
1575559350 3
1575559351 3
1575559352 4
1575559353 4
1575559354 4
1575559355 3
1575559356 3
1575559357 2
1575559650 4
1575559651 3
1575559652 3
1575559653 2
1575559654 2
1575559655 3
1575559656 4
1575559657 4
1575559658 4
1575559659 5
1575559660 4
1575559661 4
1575559662 3
1575559663 3
1575559664 3
1575559665 3
1575559666 4
1575559667 5
1575559668 2
1575559669 2
1575559670 3
1575559671 3
1575559672 3
1575559673 4
1575559674 3
1575559675 3
1575559676 3
1575559677 2
1575559678 2
1575560346 4
1575560347 3
1575560348 3
1575560349 3
1575560350 3
1575560351 4
1575560352 5
1575560353 4
1575560354 4
1575560355 5
1575560356 5
1575560357 4
1575560358 4
1575560359 4
1575560360 4
1575560361 4
1575560362 3
1575560363 3
1575560364 3
1575560365 4
1575560366 3
1575560367 3
1575560368 3
1575560369 4
1575560370 5
1575560371 5
1575560372 4
1575560373 4
1575560374 3
1575560375 3
1575560679 4
1575560680 4
1575560681 4
1575560682 2
1575560683 2
1575560684 5
1575560685 4
1575560686 4
1575560687 4
1575560688 5
1575560689 4
1575560690 4
1575560691 4
1575560692 5
1575560693 4
1575560694 3
1575560695 3
1575560696 2
1575560697 2
1575560698 3
1575560699 3
1575560700 3
1575560701 4
1575560702 4
1575560703 3
1575560704 3
1575560705 3
1575560706 2
1575561213 4
1575561214 4
1575561215 3
1575561216 3
1575561217 2
1575561218 3
1575561219 4
1575561220 4
1575561221 4
1575561222 5
1575561223 4
1575561224 4
1575561225 4
1575561226 5
1575561227 3
1575561228 3
1575561229 4
1575561230 3
1575561231 2
1575561232 3
1575561233 3
1575561234 3
1575561235 3
1575561236 3
1575561237 3
1575561238 2
1575561239 2
1575561240 2
1575561241 3
1575561242 2
1575561555 4
1575561556 3
1575561557 3
1575561558 3
1575561559 3
1575561560 4
1575561561 5
1575561562 4
1575561563 4
1575561564 4
1575561565 5
1575561566 4
1575561567 4
1575561568 4
1575561569 5
1575561570 3
1575561571 3
1575561572 3
1575561573 3
1575561574 3
1575561575 3
1575561576 3
1575561577 3
1575561578 4
1575561579 3
1575561580 3
1575561581 3
1575561582 3
1575561583 3
1575561913 4
1575561914 4
1575561915 4
1575561916 2
1575561917 4
1575561918 5
1575561919 4
1575561920 4
1575561921 5
1575561922 4
1575561923 4
1575561924 4
1575561925 4
1575561926 4
1575561927 4
1575561928 4
1575561929 4
1575561930 5
1575561931 2
1575561932 2
1575561933 3
1575561934 3
1575561935 4
1575561936 4
1575561937 3
1575561938 3
1575561939 3
1575561940 2
1575561941 2
1575562319 4
1575562320 4
1575562321 3
1575562322 3
1575562323 2
1575562324 4
1575562325 5
1575562326 4
1575562327 3
1575562328 3
1575562329 2
1575562330 2
1575562331 3
1575562332 3
1575562333 3
1575562334 3
1575562335 3
1575562336 2
1575562337 2
1575562338 2
1575562339 2
1575562340 2
1575562341 2
1575562342 2
1575562343 2
1575562344 2
1575562345 2
1575562346 2
1575562347 2
1575562348 2
1575562349 2
1575562350 3
1575562351 3
1575562352 2
1575562353 2
1575562354 2
1575562355 2
1575562356 2
1575562357 2
1575562358 2
1575562359 2
1575562360 2
1575562361 2
1575562362 2
1575562363 2
1575562364 2
1575562365 2
1575562366 2
1575562367 2
1575562368 2
1575562369 2
1575562370 4
1575562371 4
1575562372 4
1575562373 3
1575562374 2
1575562375 2
1575562376 2
1575562377 2
1575562378 2
1575562379 2
1575562380 2
1575562381 3
1575562382 2
1575562383 3
1575562384 3
1575562385 5
1575562386 3
1575562387 3
1575562388 3
1575562389 2
1575562390 2
1575562391 2
1575562392 2
1575562393 2
1575562394 2
1575562395 2
1575562396 2
1575562397 2
1575562398 4
1575562399 4
1575562400 4
1575562401 3
1575562402 2
1575562403 2
1575562404 2
1575562405 2
1575562406 2
1575562407 2
1575562408 2
1575562409 2
1575562410 2
1575562411 2
1575562412 3
1575562413 2
1575562414 2
1575562415 2
1575562416 2
1575562417 2
1575562418 3
1575562419 3
1575562420 2
1575562421 2
1575562422 2
1575562423 2
1575562424 2
1575562425 2
1575562426 2
1575562427 4
1575562428 4
1575562429 4
1575562430 4
1575562431 3
1575562432 2
1575562433 2
1575562434 2
1575562435 2
1575562436 2
1575562437 2
1575562438 2
1575562439 3
1575562440 2
1575562441 4
1575562442 4
1575562443 3
1575562444 2
1575562445 2
1575562446 2
1575562447 2
1575562448 2
1575562449 3
1575562450 3
1575562451 3
1575562452 4
1575562453 4
1575562454 2
1575562455 4
1575562456 4
1575562457 4
1575562458 3
1575562459 3
1575562460 3
1575562461 2
1575562462 3
1575562463 2
1575562464 2
1575562465 2
1575562466 2
1575562467 2
1575562468 2
1575562469 2
1575562470 2
1575562471 2
1575562472 2
1575562473 2
1575562474 3
1575562475 3
1575562476 2
1575562477 4
1575562478 5
1575562479 4
1575562480 4
1575562481 5
1575562482 5
1575562483 5
1575562484 5
1575562485 5
1575562486 5
1575562487 4
1575562488 4
1575562489 4
1575562490 3
1575562491 3
1575562492 3
1575562493 2
1575562494 2
1575562495 2
1575562496 2
1575562497 2
1575562498 2
1575562499 2
1575562500 2
1575562501 2
1575562502 2
1575562503 2
1575562504 2
1575562505 2
1575562506 2
1575562507 2
1575562508 3
1575562509 3
1575562510 5
1575562511 4
1575562512 4
1575562513 3
1575562514 4
1575562515 3
1575562516 3
1575562517 3
1575562518 3
1575562519 3
1575562520 2
1575562521 2
1575562522 2
1575562523 2
1575562524 3
1575562525 3
1575562526 3
1575562527 3
1575562528 3
1575562529 3
1575562530 3
1575562531 3
1575562532 3
1575562533 3
1575562534 3
1575562535 3
1575562536 4
1575562537 4
1575562538 4
1575562539 3
1575562540 4
1575562541 3
1575562542 2
1575562543 2
1575562544 2
1575562545 2
1575562546 2
1575562547 2
1575562548 2
1575562549 2
1575562550 4
1575562551 4
1575562552 4
1575562553 4
1575562554 2
1575562555 2
1575562556 2
1575562557 2
1575562558 2
1575562559 2
1575562560 2
1575562561 2
1575562562 2
1575562563 3
1575562564 2
1575562565 2
1575562566 2
1575562567 2
1575562568 2
1575562569 2
1575562570 2
1575562571 2
1575562572 2
1575562573 2
1575562574 2
1575562575 2
1575562576 2
1575562577 2
1575562578 2
1575562579 3
1575562580 3
1575562581 4
1575562582 4
1575562583 4
1575562584 3
1575562585 2
1575562586 2
1575562587 2
1575562588 2
1575562589 2
1575562590 2
1575562591 2
1575562592 2
1575562593 2
1575562594 3
1575562595 2
1575562596 3
1575562597 2
1575562598 2
1575562599 2
1575562600 2
1575562601 2
1575562602 2
1575562603 2
1575562604 2
1575562605 2
1575562606 2
1575562607 2
1575562608 2
1575562609 5
1575562610 4
1575562611 4
1575562612 3
1575562613 2
1575562614 2
1575562615 2
1575562616 3
1575562617 2
1575562618 2
1575562619 2
1575562620 2
1575562621 2
1575562622 2
1575562623 2
1575562624 2
1575562625 2
1575562626 3
1575562627 2
1575562628 2
1575562629 2
1575562630 2
1575562631 3
1575562632 3
1575562633 2
1575562634 2
1575562635 2
1575562636 2
1575562637 2
1575562638 2
1575562639 3
1575562640 3
1575562641 3
1575562642 3
1575562643 3
1575562644 3
1575562645 3
1575562646 3
1575562647 3
1575562648 3
1575562649 3
1575562650 3
1575562651 3
1575562652 3
1575562653 3
1575562654 3
1575562655 3
1575562656 3
1575562657 3
1575562658 3
1575562659 3
1575562660 3
1575562661 3
1575562662 3
1575562663 3
1575562664 3
1575562665 3
1575562666 3
1575562667 3
1575562668 3
1575562669 3
1575562670 3
1575562671 3
1575562672 3
1575562673 3
1575562674 3
1575562675 3
1575562676 3
1575562677 3
1575562678 3
1575562679 3
1575562680 3
1575562681 3
1575562682 3
1575562683 3
1575562684 3
1575562685 3
1575562686 3
1575562687 3
1575562688 3
1575562689 3
1575562690 3
1575562691 3
1575562692 4
1575562693 4
1575562694 4
1575562695 4
1575562696 4
1575562697 4
1575562698 4
1575562699 4
1575562700 4
1575562701 4
1575562702 4
1575562703 3
1575562704 3
1575562705 3
1575562706 3
1575562707 3
1575562708 3
1575562709 3
1575562710 4
1575562711 4
1575562712 3
1575562713 3
1575562714 3
1575562715 3
1575562716 5
1575562717 5
1575562718 2
1575562719 3
1575562720 3
1575562721 3
1575562722 5
1575562723 3
1575562724 3
1575562725 3
1575562726 3
1575562727 2
1575562728 3
1575565426 3
1575565427 3
1575565428 3
1575565429 2
1575565430 2
1575565431 3
1575565432 5
1575565433 4
1575565434 4
1575565435 5
1575565436 5
1575565437 5
1575565438 4
1575565439 3
1575565440 3
1575565441 3
1575565442 2
1575565443 2
1575565444 2
1575565445 2
1575565446 3
1575565447 4
1575565448 2
1575565449 2
1575565450 2
1575565451 2
1575565452 2
1575565453 2
1575565454 2
1575565455 2
1575565456 2
1575565457 2
1575565458 2
1575565459 3
1575565460 2
1575565461 4
1575565462 4
1575565463 4
1575565464 3
1575565465 3
1575565466 2
1575565467 2
1575565468 2
1575565469 2
1575565470 2
1575565471 2
1575565472 3
1575565473 2
1575565474 2
1575565475 2
1575565476 2
1575565477 3
1575565478 2
1575565479 2
1575565480 2
1575565481 2
1575565482 2
1575565483 2
1575565484 2
1575565485 2
1575565486 2
1575565487 3
1575565488 2
1575565489 4
1575565490 4
1575565491 5
1575565492 3
1575565493 2
1575565494 2
1575565495 2
1575565496 2
1575565497 2
1575565498 2
1575565499 2
1575565500 2
1575565501 2
1575565502 2
1575565503 2
1575565504 4
1575565505 2
1575565506 2
1575565507 2
1575565508 3
1575565509 3
1575565510 2
1575565511 2
1575565512 2
1575565513 2
1575565514 2
1575565515 2
1575565516 3
1575565517 2
1575565518 4
1575565519 4
1575565520 4
1575565521 4
1575565522 2
1575565523 2
1575565524 2
1575565525 2
1575565526 2
1575565527 2
1575565528 3
1575565529 2
1575565530 3
1575565531 2
1575565532 2
1575565533 3
1575565534 2
1575565535 2
1575565536 2
1575565537 2
1575565538 2
1575565539 2
1575565540 3
1575565541 3
1575565542 3
1575565543 3
1575565544 4
1575565545 3
1575565546 4
1575565547 4
1575565548 4
1575565549 4
1575565550 3
1575565551 2
1575565552 2
1575565553 2
1575565554 2
1575565555 2
1575565556 2
1575565557 2
1575565558 2
1575565559 2
1575565560 2
1575565561 2
1575565562 2
1575565563 2
1575565564 2
1575565565 3
1575565566 2
1575565567 3
1575565568 4
1575565569 4
1575565570 4
1575565571 5
1575565572 5
1575565573 5
1575565574 5
1575565575 5
1575565576 5
1575565577 5
1575565578 5
1575565579 5
1575565580 5
1575565581 2
1575565582 2
1575565583 3
1575565584 3
1575565585 2
1575565586 2
1575565587 2
1575565588 2
1575565589 2
1575565590 2
1575565591 2
1575565592 2
1575565593 2
1575565594 2
1575565595 2
1575565596 2
1575565597 2
1575565598 3
1575565599 3
1575565600 5
1575565601 4
1575565602 4
1575565603 3
1575565604 3
1575565605 3
1575565606 3
1575565607 3
1575565608 3
1575565609 2
1575565610 2
1575565611 2
1575565612 2
1575565613 2
1575565614 2
1575565615 3
1575565616 3
1575565617 3
1575565618 3
1575565619 3
1575565620 3
1575565621 2
1575565622 2
1575565623 2
1575565624 3
1575565625 2
1575565626 2
1575565627 2
1575565628 4
1575565629 4
1575565630 4
1575565631 3
1575565632 2
1575565633 2
1575565634 2
1575565635 2
1575565636 2
1575565637 2
1575565638 2
1575565639 2
1575565640 2
1575565641 3
1575565642 2
1575565643 2
1575565644 2
1575565645 3
1575565646 3
1575565647 2
1575565648 2
1575565649 2
1575565650 2
1575565651 2
1575565652 2
1575565653 2
1575565654 2
1575565655 2
1575565656 2
1575565657 2
1575565658 3
1575565659 4
1575565660 4
1575565661 4
1575565662 2
1575565663 2
1575565664 2
1575565665 2
1575565666 2
1575565667 2
1575565668 2
1575565669 2
1575565670 2
1575565671 2
1575565672 3
1575565673 2
1575565674 3
1575565675 2
1575565676 3
1575565677 2
1575565678 2
1575565679 2
1575565680 2
1575565681 2
1575565682 2
1575565683 2
1575565684 2
1575565685 2
1575565686 2
1575565687 4
1575565688 4
1575565689 4
1575565690 3
1575565691 2
1575565692 2
1575565693 2
1575565694 2
1575565695 2
1575565696 2
1575565697 4
1575565698 3
1575565699 2
1575565700 2
1575565701 2
1575565702 2
1575565703 2
1575565704 2
1575565705 2
1575565706 2
1575565707 2
1575565708 2
1575565709 3
1575565710 3
1575565711 3
1575565712 3
1575565713 4
1575565714 3
1575565715 4
1575565716 4
1575565717 4
1575565718 6
1575565719 5
1575565720 3
1575565721 3
1575565722 3
1575565723 3
1575565724 3
1575565725 4
1575565726 3
1575565727 3
1575565728 3
1575565729 2
1575565995 3
1575565996 3
1575565997 3
1575565998 2
1575565999 3
1575566000 3
1575566001 3
1575566002 4
1575566003 4
1575566004 4
1575566005 4
1575566006 4
1575566007 3
1575566008 3
1575566009 3
1575566010 3
1575566011 2
1575566012 2
1575566013 2
1575566014 2
1575566015 3
1575566016 2
1575566017 2
1575566018 2
1575566019 2
1575566020 2
1575566021 2
1575566022 2
1575566023 2
1575566024 2
1575566025 2
1575566026 2
1575566027 3
1575566028 2
1575566029 4
1575566030 4
1575566031 4
1575566032 3
1575566033 3
1575566034 2
1575566035 2
1575566036 2
1575566037 2
1575566038 2
1575566039 2
1575566040 2
1575566041 2
1575566042 3
1575566043 2
1575566044 2
1575566045 4
1575566046 2
1575566047 2
1575566048 2
1575566049 2
1575566050 2
1575566051 2
1575566052 2
1575566053 2
1575566054 2
1575566055 3
1575566056 2
1575566057 4
1575566058 4
1575566059 5
1575566060 4
1575566061 2
1575566062 2
1575566063 2
1575566064 2
1575566065 2
1575566066 2
1575566067 2
1575566068 2
1575566069 2
1575566070 2
1575566071 2
1575566072 3
1575566073 2
1575566074 2
1575566075 2
1575566076 2
1575566077 2
1575566078 2
1575566079 2
1575566080 2
1575566081 2
1575566082 2
1575566083 2
1575566084 2
1575566085 2
1575566086 4
1575566087 2
1575566088 4
1575566089 4
1575566090 4
1575566091 3
1575566092 2
1575566093 2
1575566094 2
1575566095 2
1575566096 2
1575566097 3
1575566098 3
1575566099 2
1575566100 3
1575566101 2
1575566102 2
1575566103 3
1575566104 3
1575566105 2
1575566106 2
1575566107 2
1575566108 2
1575566109 2
1575566110 3
1575566111 3
1575566112 3
1575566113 4
1575566114 3
1575566115 5
1575566116 4
1575566117 4
1575566118 4
1575566119 4
1575566120 3
1575566121 3
1575566122 2
1575566123 2
1575566124 2
1575566125 2
1575566126 2
1575566127 2
1575566128 2
1575566129 2
1575566130 1
1575566131 1
1575566132 1
1575566133 1
1575566134 2
1575566135 2
1575566136 2
1575566137 2
1575566138 2
1575566139 2
1575566140 3
1575566141 5
1575566142 6
1575566143 6
1575566144 7
1575566145 7
1575566146 7
1575566147 7
1575566148 7
1575566149 7
1575566150 5
1575566151 5
1575566152 5
1575566153 5
1575566154 5
1575566155 4
1575566156 2
1575566157 2
1575566158 3
1575566159 2
1575566160 3
1575566161 2
1575566162 2
1575566163 2
1575566164 2
1575566165 2
1575566166 2
1575566167 2
1575566168 2
1575566169 2
1575566170 2
1575566171 2
1575566172 2
1575566173 3
1575566174 5
1575566175 4
1575566176 4
1575566177 4
1575566178 4
1575566179 3
1575566180 3
1575566181 3
1575566182 3
1575566183 3
1575566184 2
1575566185 2
1575566186 2
1575566187 2
1575566188 2
1575566189 2
1575566190 3
1575566191 3
1575566192 3
1575566193 2
1575566194 2
1575566195 2
1575566196 2
1575566197 2
1575566198 2
1575566199 2
1575566200 2
1575566201 2
1575566202 3
1575566203 4
1575566204 4
1575566205 3
1575566206 2
1575566207 2
1575566208 2
1575566209 2
1575566210 2
1575566211 2
1575566212 2
1575566213 2
1575566214 2
1575566215 3
1575566216 2
1575566217 2
1575566218 2
1575566219 2
1575566220 3
1575566221 3
1575566222 2
1575566223 2
1575566224 2
1575566225 2
1575566226 2
1575566227 2
1575566228 2
1575566229 2
1575566230 2
1575566231 2
1575566232 5
1575566233 4
1575566234 4
1575566235 2
1575566236 2
1575566237 2
1575566238 2
1575566239 2
1575566240 2
1575566241 2
1575566242 2
1575566243 2
1575566244 2
1575566245 2
1575566246 3
1575566247 2
1575566248 3
1575566249 2
1575566250 3
1575566251 2
1575566252 2
1575566253 2
1575566254 2
1575566255 2
1575566256 2
1575566257 2
1575566258 2
1575566259 2
1575566260 4
1575566261 4
1575566262 4
1575566263 4
1575566264 2
1575566265 2
1575566266 2
1575566267 2
1575566268 2
1575566269 2
1575566270 2
1575566271 5
1575566272 2
1575566273 2
1575566274 2
1575566275 2
1575566276 2
1575566277 2
1575566278 2
1575566279 2
1575566280 2
1575566281 2
1575566282 2
1575566283 3
1575566284 3
1575566285 3
1575566286 4
1575566287 4
1575566288 4
1575566289 5
1575566290 4
1575566291 4
1575566292 6
1575566293 4
1575566294 4
1575566295 2
1575566296 3
1575566297 3
1575566298 3
1575566299 4
1575566300 4
1575566301 3
1575566302 3
1575566303 2
1575566581 4
1575566582 3
1575566583 4
1575566584 3
1575566585 4
1575566586 5
1575566587 5
1575566588 4
1575566589 4
1575566590 4
1575566591 4
1575566592 3
1575566593 3
1575566594 2
1575566595 2
1575566596 2
1575566597 2
1575566598 2
1575566599 2
1575566600 2
1575566601 3
1575566602 2
1575566603 2
1575566604 2
1575566605 2
1575566606 3
1575566607 3
1575566608 2
1575566609 2
1575566610 2
1575566611 2
1575566612 2
1575566613 3
1575566614 2
1575566615 4
1575566616 4
1575566617 4
1575566618 4
1575566619 2
1575566620 2
1575566621 2
1575566622 2
1575566623 2
1575566624 2
1575566625 2
1575566626 3
1575566627 2
1575566628 3
1575566629 2
1575566630 4
1575566631 2
1575566632 2
1575566633 2
1575566634 2
1575566635 2
1575566636 2
1575566637 2
1575566638 2
1575566639 2
1575566640 2
1575566641 3
1575566642 2
1575566643 4
1575566644 4
1575566645 5
1575566646 4
1575566647 2
1575566648 2
1575566649 2
1575566650 3
1575566651 2
1575566652 2
1575566653 2
1575566654 2
1575566655 2
1575566656 2
1575566657 2
1575566658 4
1575566659 2
1575566660 2
1575566661 2
1575566662 2
1575566663 2
1575566664 2
1575566665 2
1575566666 2
1575566667 2
1575566668 2
1575566669 2
1575566670 2
1575566671 2
1575566672 2
1575566673 4
1575566674 4
1575566675 4
1575566676 3
1575566677 3
1575566678 2
1575566679 2
1575566680 2
1575566681 2
1575566682 2
1575566683 2
1575566684 2
1575566685 3
1575566686 2
1575566687 2
1575566688 4
1575566689 4
1575566690 2
1575566691 2
1575566692 2
1575566693 2
1575566694 2
1575566695 3
1575566696 3
1575566697 3
1575566698 3
1575566699 4
1575566700 3
1575566701 4
1575566702 4
1575566703 4
1575566704 4
1575566705 3
1575566706 3
1575566707 2
1575566708 2
1575566709 2
1575566710 2
1575566711 2
1575566712 2
1575566713 2
1575566714 2
1575566715 2
1575566716 2
1575566717 2
1575566718 2
1575566719 2
1575566720 2
1575566721 2
1575566722 2
1575566723 5
1575566724 5
1575566725 5
1575566726 6
1575566727 6
1575566728 6
1575566729 6
1575566730 6
1575566731 6
1575566732 5
1575566733 5
1575566734 4
1575566735 4
1575566736 4
1575566737 2
1575566738 2
1575566739 2
1575566740 2
1575566741 2
1575566742 2
1575566743 2
1575566744 2
1575566745 2
1575566746 2
1575566747 2
1575566748 2
1575566749 2
1575566750 2
1575566751 2
1575566752 2
1575566753 2
1575566754 3
1575566755 3
1575566756 4
1575566757 4
1575566758 4
1575566759 4
1575566760 3
1575566761 3
1575566762 3
1575566763 3
1575566764 3
1575566765 3
1575566766 2
1575566767 2
1575566768 2
1575566769 2
1575566770 3
1575566771 3
1575566772 3
1575566773 2
1575566774 2
1575566775 2
1575566776 2
1575566777 2
1575566778 2
1575566779 2
1575566780 2
1575566781 2
1575566782 2
1575566783 2
1575566784 4
1575566785 4
1575566786 4
1575566787 3
1575566788 2
1575566789 2
1575566790 2
1575566791 2
1575566792 2
1575566793 2
1575566794 2
1575566795 2
1575566796 2
1575566797 3
1575566798 2
1575566799 2
1575566800 2
1575566801 2
1575566802 3
1575566803 2
1575566804 2
1575566805 2
1575566806 2
1575566807 2
1575566808 2
1575566809 2
1575566810 2
1575566811 2
1575566812 2
1575566813 2
1575566814 4
1575566815 4
1575566816 5
1575566817 2
1575566818 2
1575566819 2
1575566820 2
1575566821 2
1575566822 2
1575566823 2
1575566824 2
1575566825 2
1575566826 2
1575566827 2
1575566828 2
1575566829 2
1575566830 2
1575566831 2
1575566832 2
1575566833 2
1575566834 2
1575566835 2
1575566836 2
1575566837 2
1575566838 2
1575566839 2
1575566840 2
1575566841 2
1575566842 2
1575566843 2
1575566844 2
1575566845 2
1575566846 2
1575566847 3
1575566848 2
1575566849 2
1575566850 3
1575566851 3
1575566852 2
1575566853 2
1575566854 2
1575566855 3
1575566856 2
1575566857 2
1575566858 2
1575566859 2
1575566860 5
1575566861 4
1575566862 5
1575566863 4
1575566864 3
1575566865 3
1575566866 2
1575566867 2
1575566868 2
1575566869 2
1575566870 2
1575566871 5
1575566872 2
1575566873 2
1575566874 2
1575566875 2
1575566876 2
1575566877 2
1575566878 2
1575566879 2
1575566880 2
1575566881 2
1575566882 3
1575566883 3
1575566884 3
1575566885 3
1575566886 4
1575566887 3
1575566888 4
1575566889 4
1575566890 4
1575566891 4
1575566892 5
1575566893 5
1575566894 3
1575566895 3
1575566896 3
1575566897 3
1575566898 4
1575566899 4
1575566900 3
1575566901 3
1575566902 2
1575566903 3
1575567896 5
1575567897 4
1575567898 4
1575567899 4
1575567900 3
1575567901 5
1575567902 6
1575567903 6
1575567904 5
1575567905 5
1575567906 6
1575567907 6
1575567908 5
1575567909 6
1575567910 4
1575567911 3
1575567912 4
1575567913 4
1575567914 4
1575567915 4
1575567916 3
1575567917 2
1575567918 2
1575567919 2
1575567920 2
1575567921 2
1575567922 3
1575567923 2
1575567924 2
1575567925 2
1575567926 2
1575567927 2
1575567928 2
1575567929 2
1575567930 2
1575567931 2
1575567932 3
1575567933 2
1575567934 4
1575567935 4
1575567936 4
1575567937 5
1575567938 2
1575567939 2
1575567940 2
1575567941 2
1575567942 2
1575567943 2
1575567944 2
1575567945 2
1575567946 2
1575567947 3
1575567948 3
1575567949 4
1575567950 4
1575567951 3
1575567952 2
1575567953 2
1575567954 2
1575567955 2
1575567956 2
1575567957 2
1575567958 2
1575567959 2
1575567960 2
1575567961 2
1575567962 2
1575567963 4
1575567964 4
1575567965 4
1575567966 2
1575567967 2
1575567968 2
1575567969 2
1575567970 2
1575567971 2
1575567972 2
1575567973 2
1575567974 2
1575567975 2
1575567976 2
1575567977 2
1575567978 3
1575567979 2
1575567980 2
1575567981 2
1575567982 2
1575567983 2
1575567984 2
1575567985 2
1575567986 2
1575567987 2
1575567988 2
1575567989 2
1575567990 2
1575567991 3
1575567992 2
1575567993 4
1575567994 4
1575567995 4
1575567996 3
1575567997 3
1575567998 2
1575567999 2
1575568000 2
1575568001 2
1575568002 2
1575568003 2
1575568004 3
1575568005 2
1575568006 2
1575568007 2
1575568008 4
1575568009 4
1575568010 3
1575568011 2
1575568012 2
1575568013 2
1575568014 2
1575568015 3
1575568016 3
1575568017 3
1575568018 3
1575568019 4
1575568020 4
1575568021 4
1575568022 4
1575568023 4
1575568024 4
1575568025 3
1575568026 3
1575568027 3
1575568028 2
1575568029 2
1575568030 2
1575568031 2
1575568032 2
1575568033 2
1575568034 2
1575568035 2
1575568036 2
1575568037 2
1575568038 2
1575568039 2
1575568040 2
1575568041 2
1575568042 2
1575568043 3
1575568044 4
1575568045 4
1575568046 4
1575568047 5
1575568048 5
1575568049 5
1575568050 5
1575568051 5
1575568052 4
1575568053 3
1575568054 3
1575568055 3
1575568056 3
1575568057 3
1575568058 3
1575568059 2
1575568060 3
1575568061 3
1575568062 2
1575568063 2
1575568064 2
1575568065 2
1575568066 2
1575568067 2
1575568068 1
1575568069 1
1575568070 1
1575568071 1
1575568072 2
1575568073 1
1575568074 1
1575568075 1
1575568076 1
1575568077 1
1575568078 1
1575568079 1
1575568080 1
1575568081 1
1575568082 1
1575568083 1
1575568084 1
1575568085 1
1575568086 1
1575568087 2
1575568088 1
1575568089 1
1575568090 1
1575568091 1
1575568092 1
1575568093 1
1575568094 1
1575568095 2
1575568096 2
1575568097 2
1575568098 2
1575568099 3
1575568100 4
1575568101 4
1575568102 4
1575568103 4
1575568104 4
1575568105 3
1575568106 3
1575568107 3
1575568108 3
1575568109 3
1575568110 3
1575568111 2
1575568112 2
1575568113 2
1575568114 2
1575568115 3
1575568116 3
1575568117 3
1575568118 3
1575568119 2
1575568120 2
1575568121 2
1575568122 2
1575568123 2
1575568124 2
1575568125 2
1575568126 2
1575568127 2
1575568128 2
1575568129 4
1575568130 4
1575568131 4
1575568132 3
1575568133 2
1575568134 2
1575568135 2
1575568136 2
1575568137 2
1575568138 2
1575568139 2
1575568140 2
1575568141 2
1575568142 4
1575568143 2
1575568144 2
1575568145 2
1575568146 2
1575568147 3
1575568148 2
1575568149 2
1575568150 2
1575568151 2
1575568152 2
1575568153 2
1575568154 2
1575568155 2
1575568156 2
1575568157 2
1575568158 2
1575568159 4
1575568160 4
1575568161 4
1575568162 3
1575568163 2
1575568164 2
1575568165 2
1575568166 2
1575568167 2
1575568168 2
1575568169 2
1575568170 2
1575568171 2
1575568172 2
1575568173 2
1575568174 3
1575568175 3
1575568176 2
1575568177 3
1575568178 3
1575568179 2
1575568180 2
1575568181 2
1575568182 2
1575568183 2
1575568184 2
1575568185 2
1575568186 2
1575568187 4
1575568188 4
1575568189 4
1575568190 4
1575568191 2
1575568192 2
1575568193 2
1575568194 2
1575568195 2
1575568196 2
1575568197 2
1575568198 4
1575568199 2
1575568200 2
1575568201 2
1575568202 2
1575568203 2
1575568204 2
1575568205 2
1575568206 2
1575568207 2
1575568208 2
1575568209 2
1575568210 3
1575568211 3
1575568212 3
1575568213 4
1575568214 3
1575568215 4
1575568216 4
1575568217 4
1575568218 4
1575568219 5
1575568220 5
1575568221 3
1575568222 2
1575568223 3
1575568224 3
1575568225 4
1575568226 4
1575568227 4
1575568228 3
1575568229 2
1575568230 2
1575568231 3
1575568506 4
1575568507 3
1575568508 3
1575568509 3
1575568510 2
1575568511 5
1575568512 6
1575568513 4
1575568514 4
1575568515 5
1575568516 4
1575568517 3
1575568518 3
1575568519 3
1575568520 3
1575568521 3
1575568522 3
1575568523 2
1575568524 2
1575568525 2
1575568526 2
1575568527 3
1575568528 2
1575568529 2
1575568530 2
1575568531 2
1575568532 2
1575568533 2
1575568534 2
1575568535 2
1575568536 2
1575568537 2
1575568538 2
1575568539 2
1575568540 4
1575568541 4
1575568542 4
1575568543 5
1575568544 3
1575568545 2
1575568546 2
1575568547 2
1575568548 2
1575568549 2
1575568550 2
1575568551 2
1575568552 2
1575568553 2
1575568554 2
1575568555 3
1575568556 3
1575568557 3
1575568558 2
1575568559 2
1575568560 2
1575568561 2
1575568562 2
1575568563 2
1575568564 2
1575568565 2
1575568566 2
1575568567 2
1575568568 2
1575568569 4
1575568570 4
1575568571 4
1575568572 2
1575568573 2
1575568574 2
1575568575 2
1575568576 2
1575568577 2
1575568578 2
1575568579 2
1575568580 2
1575568581 2
1575568582 2
1575568583 2
1575568584 2
1575568585 2
1575568586 2
1575568587 2
1575568588 2
1575568589 2
1575568590 2
1575568591 2
1575568592 2
1575568593 2
1575568594 2
1575568595 2
1575568596 2
1575568597 3
1575568598 2
1575568599 5
1575568600 5
1575568601 4
1575568602 3
1575568603 3
1575568604 3
1575568605 2
1575568606 2
1575568607 2
1575568608 2
1575568609 2
1575568610 2
1575568611 2
1575568612 4
1575568613 3
1575568614 3
1575568615 4
1575568616 4
1575568617 3
1575568618 2
1575568619 2
1575568620 2
1575568621 2
1575568622 3
1575568623 3
1575568624 3
1575568625 5
1575568626 5
1575568627 2
1575568628 4
1575568629 4
1575568630 4
1575568631 3
1575568632 3
1575568633 3
1575568634 3
1575568635 2
1575568636 2
1575568637 2
1575568638 2
1575568639 2
1575568640 2
1575568641 2
1575568642 2
1575568643 2
1575568644 2
1575568645 2
1575568646 2
1575568647 3
1575568648 2
1575568649 3
1575568650 5
1575568651 4
1575568652 4
1575568653 5
1575568654 5
1575568655 5
1575568656 5
1575568657 5
1575568658 5
1575568659 5
1575568660 5
1575568661 4
1575568662 4
1575568663 5
1575568664 2
1575568665 3
1575568666 3
1575568667 3
1575568668 2
1575568669 2
1575568670 2
1575568671 2
1575568672 2
1575568673 2
1575568674 2
1575568675 2
1575568676 2
1575568677 2
1575568678 2
1575568679 2
1575568680 2
1575568681 2
1575568682 2
1575568683 3
1575568684 3
1575568685 5
1575568686 4
1575568687 4
1575568688 4
1575568689 4
1575568690 3
1575568691 4
1575568692 3
1575568693 3
1575568694 3
1575568695 3
1575568696 2
1575568697 2
1575568698 2
1575568699 2
1575568700 3
1575568701 3
1575568702 3
1575568703 3
1575568704 2
1575568705 2
1575568706 2
1575568707 2
1575568708 2
1575568709 2
1575568710 2
1575568711 2
1575568712 2
1575568713 3
1575568714 4
1575568715 4
1575568716 3
1575568717 3
1575568718 2
1575568719 2
1575568720 2
1575568721 2
1575568722 2
1575568723 2
1575568724 2
1575568725 2
1575568726 3
1575568727 2
1575568728 2
1575568729 2
1575568730 2
1575568731 2
1575568732 3
1575568733 2
1575568734 3
1575568735 2
1575568736 2
1575568737 2
1575568738 2
1575568739 2
1575568740 2
1575568741 2
1575568742 3
1575568743 3
1575568744 4
1575568745 4
1575568746 3
1575568747 3
1575568748 2
1575568749 2
1575568750 2
1575568751 2
1575568752 2
1575568753 2
1575568754 2
1575568755 2
1575568756 2
1575568757 3
1575568758 2
1575568759 3
1575568760 2
1575568761 3
1575568762 3
1575568763 2
1575568764 2
1575568765 2
1575568766 2
1575568767 2
1575568768 2
1575568769 2
1575568770 2
1575568771 2
1575568772 4
1575568773 4
1575568774 4
1575568775 2
1575568776 2
1575568777 2
1575568778 2
1575568779 2
1575568780 2
1575568781 2
1575568782 3
1575568783 2
1575568784 2
1575568785 2
1575568786 2
1575568787 2
1575568788 2
1575568789 2
1575568790 2
1575568791 2
1575568792 2
1575568793 2
1575568794 3
1575568795 3
1575568796 3
1575568797 4
1575568798 4
1575568799 4
1575568800 4
1575568801 4
1575568802 5
1575568803 5
1575568804 6
1575568805 3
1575568806 2
1575568807 3
1575568808 3
1575568809 4
1575568810 4
1575568811 3
1575568812 3
1575568813 2
1575568814 2
