1580217954 3
1580217955 4
1580217956 4
1580217957 4
1580217958 3
1580217959 4
1580217960 3
1580218263 4
1580218264 3
1580218265 3
1580218266 2
1580218267 3
1580218268 5
1580218269 5
1580218270 5
1580218271 6
1580218272 5
1580218273 5
1580218274 4
1580218275 5
1580218276 5
1580218277 6
1580218278 5
1580218279 4
1580218280 2
1580218281 2
1580218282 3
1580218283 3
1580218284 4
1580218285 4
1580218286 3
1580218287 4
1580218288 3
1580218289 3
1580218913 5
1580218914 4
1580218915 3
1580218916 2
1580218917 2
1580218918 4
1580218919 6
1580218920 7
1580218921 6
1580218922 7
1580218923 6
1580218924 6
1580218925 6
1580218926 6
1580218927 6
1580218928 4
1580218929 4
1580218930 5
1580218931 5
1580218932 4
1580218933 4
1580218934 4
1580218935 4
1580218936 4
1580218937 4
1580218938 4
1580218939 4
1580218940 3
1580218941 4
1580219289 4
1580219290 4
1580219291 3
1580219292 2
1580219293 2
1580219294 5
1580219295 4
1580219296 4
1580219297 5
1580219298 6
1580219299 5
1580219300 5
1580219301 5
1580219302 5
1580219303 5
1580219304 6
1580219305 5
1580219306 4
1580219307 3
1580219308 4
1580219309 4
1580219310 4
1580219311 4
1580219312 3
1580219313 4
1580219314 2
1580219315 3
1580219316 3
1580219633 4
1580219634 4
1580219635 3
1580219636 3
1580219637 2
1580219638 4
1580219639 5
1580219640 5
1580219641 6
1580219642 7
1580219643 6
1580219644 7
1580219645 7
1580219646 6
1580219647 4
1580219648 4
1580219649 4
1580219650 4
1580219651 3
1580219652 3
1580219653 5
1580219654 3
1580219655 4
1580219656 4
1580219657 3
1580219658 3
1580219659 2
1580219660 2
1580219661 3
1580222664 4
1580222665 4
1580222666 3
1580222667 3
1580222668 3
1580222669 4
1580222670 4
1580222671 4
1580222672 5
1580222673 4
1580222674 5
1580222675 5
1580222676 6
1580222677 6
1580222678 6
1580222679 6
1580222680 5
1580222681 4
1580222682 3
1580222683 4
1580222684 5
1580222685 5
1580222686 3
1580222687 3
1580222688 3
1580222689 3
1580222690 4
1580222975 4
1580222976 3
1580222977 3
1580222978 2
1580222979 3
1580222980 6
1580222981 5
1580222982 5
1580222983 6
1580222984 5
1580222985 5
1580222986 4
1580222987 5
1580222988 4
1580222989 4
1580222990 5
1580222991 6
1580222992 3
1580222993 2
1580222994 3
1580222995 3
1580222996 5
1580222997 4
1580222998 3
1580222999 3
1580223000 3
1580223001 4
1580223002 4
1580223662 4
1580223663 4
1580223664 4
1580223665 4
1580223666 4
1580223667 4
1580223668 6
1580223669 4
1580223670 6
1580223671 5
1580223672 6
1580223673 5
1580223674 3
1580223675 2
1580223676 2
1580223677 2
1580223678 3
1580223679 2
1580223680 2
1580223681 2
1580223682 3
1580223683 3
1580223684 3
1580223685 2
1580223686 2
1580223687 3
1580223688 2
1580223689 2
1580223690 2
1580223691 2
1580223692 2
1580223693 2
1580223694 2
1580223695 4
1580223696 2
1580223697 4
1580223698 4
1580223699 5
1580223700 4
1580223701 2
1580223702 2
1580223703 2
1580223704 2
1580223705 2
1580223706 2
1580223707 2
1580223708 2
1580223709 2
1580223710 3
1580223711 2
1580223712 2
1580223713 3
1580223714 2
1580223715 2
1580223716 2
1580223717 2
1580223718 2
1580223719 2
1580223720 2
1580223721 2
1580223722 2
1580223723 2
1580223724 3
1580223725 2
1580223726 4
1580223727 4
1580223728 4
1580223729 3
1580223730 3
1580223731 2
1580223732 2
1580223733 2
1580223734 2
1580223735 2
1580223736 2
1580223737 2
1580223738 2
1580223739 2
1580223740 2
1580223741 2
1580223742 3
1580223743 2
1580223744 2
1580223745 2
1580223746 3
1580223747 3
1580223748 3
1580223749 3
1580223750 2
1580223751 2
1580223752 2
1580223753 2
1580223754 2
1580223755 2
1580223756 4
1580223757 4
1580223758 4
1580223759 5
1580223760 4
1580223761 2
1580223762 2
1580223763 2
1580223764 2
1580223765 2
1580223766 2
1580223767 3
1580223768 2
1580223769 3
1580223770 3
1580223771 4
1580223772 4
1580223773 2
1580223774 2
1580223775 2
1580223776 2
1580223777 2
1580223778 2
1580223779 3
1580223780 3
1580223781 3
1580223782 5
1580223783 6
1580223784 5
1580223785 4
1580223786 4
1580223787 4
1580223788 3
1580223789 3
1580223790 3
1580223791 2
1580223792 2
1580223793 2
1580223794 2
1580223795 2
1580223796 2
1580223797 2
1580223798 2
1580223799 2
1580223800 2
1580223801 2
1580223802 2
1580223803 2
1580223804 2
1580223805 2
1580223806 3
1580223807 4
1580223808 4
1580223809 4
1580223810 5
1580223811 5
1580223812 5
1580223813 5
1580223814 5
1580223815 4
1580223816 4
1580223817 4
1580223818 4
1580223819 4
1580223820 3
1580223821 2
1580223822 2
1580223823 2
1580223824 2
1580223825 2
1580223826 2
1580223827 2
1580223828 2
1580223829 2
1580223830 2
1580223831 2
1580223832 2
1580223833 2
1580223834 2
1580223835 2
1580223836 2
1580223837 3
1580223838 5
1580223839 4
1580223840 4
1580223841 4
1580223842 3
1580223843 3
1580223844 3
1580223845 3
1580223846 4
1580223847 3
1580223848 3
1580223849 2
1580223850 2
1580223851 2
1580223852 2
1580223853 3
1580223854 3
1580223855 3
1580223856 2
1580223857 2
1580223858 2
1580223859 2
1580223860 2
1580223861 2
1580223862 2
1580223863 2
1580223864 2
1580223865 2
1580223866 2
1580223867 5
1580223868 4
1580223869 4
1580223870 4
1580223871 3
1580223872 2
1580223873 2
1580223874 2
1580223875 2
1580223876 2
1580223877 2
1580223878 2
1580223879 2
1580223880 3
1580223881 2
1580223882 2
1580223883 2
1580223884 2
1580223885 2
1580223886 2
1580223887 2
1580223888 2
1580223889 2
1580223890 2
1580223891 2
1580223892 2
1580223893 2
1580223894 2
1580223895 2
1580223896 2
1580223897 4
1580223898 4
1580223899 4
1580223900 4
1580223901 4
1580223902 3
1580223903 2
1580223904 2
1580223905 2
1580223906 2
1580223907 2
1580223908 2
1580223909 2
1580223910 2
1580223911 3
1580223912 2
1580223913 2
1580223914 2
1580223915 2
1580223916 2
1580223917 2
1580223918 2
1580223919 2
1580223920 2
1580223921 2
1580223922 2
1580223923 2
1580223924 2
1580223925 3
1580223926 4
1580223927 4
1580223928 3
1580223929 3
1580223930 2
1580223931 2
1580223932 2
1580223933 2
1580223934 2
1580223935 2
1580223936 3
1580223937 2
1580223938 3
1580223939 2
1580223940 2
1580223941 3
1580223942 3
1580223943 3
1580223944 2
1580223945 2
1580223946 2
1580223947 2
1580223948 3
1580223949 3
1580223950 3
1580223951 3
1580223952 4
1580223953 3
1580223954 4
1580223955 4
1580223956 4
1580223957 5
1580223958 7
1580223959 5
1580223960 4
1580223961 4
1580223962 3
1580223963 4
1580223964 4
1580223965 3
1580223966 3
1580223967 2
1580223968 2
1580223969 3
1580224223 4
1580224224 4
1580224225 3
1580224226 3
1580224227 2
1580224228 6
1580224229 6
1580224230 4
1580224231 3
1580224232 3
1580224233 3
1580224234 3
1580224235 3
1580224236 3
1580224237 3
1580224238 3
1580224239 2
1580224240 2
1580224241 2
1580224242 2
1580224243 2
1580224244 3
1580224245 3
1580224246 2
1580224247 4
1580224248 3
1580224249 2
1580224250 2
1580224251 2
1580224252 2
1580224253 2
1580224254 2
1580224255 3
1580224256 2
1580224257 4
1580224258 4
1580224259 4
1580224260 4
1580224261 2
1580224262 2
1580224263 2
1580224264 2
1580224265 2
1580224266 2
1580224267 2
1580224268 2
1580224269 2
1580224270 3
1580224271 2
1580224272 2
1580224273 2
1580224274 2
1580224275 2
1580224276 2
1580224277 2
1580224278 2
1580224279 2
1580224280 2
1580224281 2
1580224282 2
1580224283 3
1580224284 2
1580224285 4
1580224286 4
1580224287 4
1580224288 3
1580224289 3
1580224290 2
1580224291 2
1580224292 2
1580224293 2
1580224294 2
1580224295 2
1580224296 2
1580224297 2
1580224298 2
1580224299 2
1580224300 3
1580224301 2
1580224302 2
1580224303 2
1580224304 2
1580224305 2
1580224306 2
1580224307 2
1580224308 2
1580224309 2
1580224310 2
1580224311 2
1580224312 2
1580224313 4
1580224314 2
1580224315 4
1580224316 4
1580224317 4
1580224318 3
1580224319 3
1580224320 2
1580224321 2
1580224322 2
1580224323 2
1580224324 2
1580224325 2
1580224326 2
1580224327 3
1580224328 2
1580224329 4
1580224330 4
1580224331 3
1580224332 2
1580224333 2
1580224334 2
1580224335 2
1580224336 2
1580224337 3
1580224338 3
1580224339 3
1580224340 4
1580224341 4
1580224342 3
1580224343 4
1580224344 4
1580224345 4
1580224346 3
1580224347 3
1580224348 3
1580224349 2
1580224350 3
1580224351 2
1580224352 2
1580224353 2
1580224354 2
1580224355 2
1580224356 2
1580224357 2
1580224358 2
1580224359 2
1580224360 2
1580224361 2
1580224362 2
1580224363 2
1580224364 3
1580224365 4
1580224366 4
1580224367 4
1580224368 5
1580224369 5
1580224370 5
1580224371 5
1580224372 5
1580224373 5
1580224374 4
1580224375 4
1580224376 4
1580224377 4
1580224378 3
1580224379 2
1580224380 2
1580224381 2
1580224382 2
1580224383 2
1580224384 2
1580224385 2
1580224386 2
1580224387 2
1580224388 2
1580224389 2
1580224390 2
1580224391 2
1580224392 2
1580224393 2
1580224394 2
1580224395 3
1580224396 3
1580224397 5
1580224398 4
1580224399 4
1580224400 4
1580224401 4
1580224402 3
1580224403 3
1580224404 3
1580224405 3
1580224406 3
1580224407 3
1580224408 2
1580224409 2
1580224410 2
1580224411 2
1580224412 3
1580224413 3
1580224414 3
1580224415 2
1580224416 2
1580224417 2
1580224418 2
1580224419 2
1580224420 2
1580224421 2
1580224422 2
1580224423 2
1580224424 2
1580224425 4
1580224426 4
1580224427 4
1580224428 3
1580224429 3
1580224430 2
1580224431 2
1580224432 2
1580224433 2
1580224434 2
1580224435 2
1580224436 2
1580224437 2
1580224438 3
1580224439 2
1580224440 2
1580224441 2
1580224442 2
1580224443 2
1580224444 2
1580224445 2
1580224446 2
1580224447 2
1580224448 2
1580224449 2
1580224450 2
1580224451 2
1580224452 2
1580224453 2
1580224454 3
1580224455 3
1580224456 4
1580224457 4
1580224458 3
1580224459 3
1580224460 2
1580224461 2
1580224462 2
1580224463 2
1580224464 2
1580224465 2
1580224466 2
1580224467 2
1580224468 2
1580224469 2
1580224470 2
1580224471 3
1580224472 2
1580224473 2
1580224474 2
1580224475 2
1580224476 2
1580224477 2
1580224478 2
1580224479 2
1580224480 2
1580224481 2
1580224482 2
1580224483 2
1580224484 4
1580224485 4
1580224486 4
1580224487 2
1580224488 2
1580224489 2
1580224490 2
1580224491 3
1580224492 2
1580224493 2
1580224494 2
1580224495 2
1580224496 3
1580224497 2
1580224498 2
1580224499 3
1580224500 3
1580224501 2
1580224502 2
1580224503 2
1580224504 2
1580224505 2
1580224506 3
1580224507 3
1580224508 3
1580224509 4
1580224510 4
1580224511 4
1580224512 4
1580224513 4
1580224514 4
1580224515 5
1580224516 4
1580224517 3
1580224518 2
1580224519 3
1580224520 3
1580224521 4
1580224522 4
1580224523 3
1580224524 3
1580224525 3
1580224526 3
1580224778 4
1580224779 4
1580224780 3
1580224781 3
1580224782 2
1580224783 6
1580224784 5
1580224785 3
1580224786 3
1580224787 4
1580224788 3
1580224789 3
1580224790 3
1580224791 3
1580224792 3
1580224793 3
1580224794 3
1580224795 2
1580224796 2
1580224797 2
1580224798 3
1580224799 3
1580224800 3
1580224801 2
1580224802 4
1580224803 4
1580224804 2
1580224805 2
1580224806 2
1580224807 2
1580224808 2
1580224809 2
1580224810 3
1580224811 2
1580224812 4
1580224813 4
1580224814 4
1580224815 5
1580224816 3
1580224817 2
1580224818 2
1580224819 2
1580224820 2
1580224821 2
1580224822 2
1580224823 2
1580224824 3
1580224825 2
1580224826 2
1580224827 2
1580224828 5
1580224829 3
1580224830 2
1580224831 2
1580224832 2
1580224833 2
1580224834 2
1580224835 2
1580224836 2
1580224837 2
1580224838 2
1580224839 3
1580224840 2
1580224841 4
1580224842 4
1580224843 4
1580224844 2
1580224845 2
1580224846 2
1580224847 2
1580224848 2
1580224849 2
1580224850 2
1580224851 2
1580224852 2
1580224853 2
1580224854 2
1580224855 2
1580224856 4
1580224857 2
1580224858 2
1580224859 2
1580224860 2
1580224861 2
1580224862 3
1580224863 2
1580224864 2
1580224865 2
1580224866 2
1580224867 2
1580224868 2
1580224869 2
1580224870 3
1580224871 4
1580224872 4
1580224873 3
1580224874 3
1580224875 3
1580224876 2
1580224877 2
1580224878 2
1580224879 2
1580224880 2
1580224881 3
1580224882 2
1580224883 3
1580224884 2
1580224885 4
1580224886 4
1580224887 3
1580224888 2
1580224889 2
1580224890 2
1580224891 2
1580224892 2
1580224893 3
1580224894 3
1580224895 3
1580224896 4
1580224897 3
1580224898 3
1580224899 4
1580224900 4
1580224901 4
1580224902 3
1580224903 3
1580224904 4
1580224905 2
1580224906 2
1580224907 2
1580224908 2
1580224909 2
1580224910 2
1580224911 2
1580224912 2
1580224913 2
1580224914 2
1580224915 2
1580224916 2
1580224917 2
1580224918 2
1580224919 2
1580224920 3
1580224921 4
1580224922 4
1580224923 4
1580224924 5
1580224925 5
1580224926 5
1580224927 5
1580224928 4
1580224929 4
1580224930 4
1580224931 4
1580224932 4
1580224933 4
1580224934 4
1580224935 3
1580224936 2
1580224937 2
1580224938 2
1580224939 2
1580224940 2
1580224941 2
1580224942 2
1580224943 2
1580224944 2
1580224945 2
1580224946 2
1580224947 2
1580224948 2
1580224949 2
1580224950 2
1580224951 2
1580224952 3
1580224953 3
1580224954 5
1580224955 4
1580224956 4
1580224957 4
1580224958 4
1580224959 3
1580224960 3
1580224961 3
1580224962 3
1580224963 3
1580224964 3
1580224965 2
1580224966 2
1580224967 2
1580224968 3
1580224969 3
1580224970 3
1580224971 2
1580224972 2
1580224973 2
1580224974 2
1580224975 2
1580224976 2
1580224977 2
1580224978 2
1580224979 2
1580224980 2
1580224981 2
1580224982 5
1580224983 4
1580224984 4
1580224985 3
1580224986 2
1580224987 2
1580224988 2
1580224989 2
1580224990 2
1580224991 2
1580224992 2
1580224993 2
1580224994 2
1580224995 3
1580224996 2
1580224997 2
1580224998 2
1580224999 2
1580225000 3
1580225001 3
1580225002 2
1580225003 3
1580225004 2
1580225005 2
1580225006 2
1580225007 2
1580225008 2
1580225009 2
1580225010 2
1580225011 2
1580225012 5
1580225013 4
1580225014 4
1580225015 3
1580225016 2
1580225017 2
1580225018 2
1580225019 2
1580225020 2
1580225021 2
1580225022 2
1580225023 2
1580225024 2
1580225025 2
1580225026 3
1580225027 2
1580225028 3
1580225029 2
1580225030 3
1580225031 3
1580225032 2
1580225033 2
1580225034 2
1580225035 2
1580225036 2
1580225037 2
1580225038 2
1580225039 2
1580225040 3
1580225041 4
1580225042 4
1580225043 4
1580225044 2
1580225045 2
1580225046 2
1580225047 2
1580225048 2
1580225049 2
1580225050 2
1580225051 3
1580225052 3
1580225053 4
1580225054 3
1580225055 4
1580225056 3
1580225057 2
1580225058 2
1580225059 2
1580225060 2
1580225061 2
1580225062 2
1580225063 3
1580225064 3
1580225065 3
1580225066 4
1580225067 4
1580225068 4
1580225069 5
1580225070 5
1580225071 5
1580225072 6
1580225073 4
1580225074 3
1580225075 2
1580225076 4
1580225077 3
1580225078 5
1580225079 5
1580225080 5
1580225081 4
1580225082 4
1580225083 4
1580225341 4
1580225342 4
1580225343 3
1580225344 3
1580225345 2
1580225346 3
1580225347 6
1580225348 4
1580225349 4
1580225350 4
1580225351 4
1580225352 3
1580225353 3
1580225354 3
1580225355 3
1580225356 3
1580225357 3
1580225358 2
1580225359 2
1580225360 2
1580225361 2
1580225362 3
1580225363 3
1580225364 2
1580225365 2
1580225366 3
1580225367 2
1580225368 2
1580225369 2
1580225370 2
1580225371 2
1580225372 2
1580225373 2
1580225374 3
1580225375 2
1580225376 4
1580225377 4
1580225378 4
1580225379 4
1580225380 3
1580225381 2
1580225382 2
1580225383 2
1580225384 2
1580225385 2
1580225386 2
1580225387 2
1580225388 3
1580225389 2
1580225390 2
1580225391 4
1580225392 4
1580225393 2
1580225394 2
1580225395 2
1580225396 2
1580225397 2
1580225398 2
1580225399 2
1580225400 2
1580225401 2
1580225402 2
1580225403 2
1580225404 2
1580225405 4
1580225406 4
1580225407 4
1580225408 3
1580225409 2
1580225410 2
1580225411 2
1580225412 2
1580225413 2
1580225414 2
1580225415 2
1580225416 2
1580225417 2
1580225418 2
1580225419 2
1580225420 4
1580225421 2
1580225422 2
1580225423 2
1580225424 2
1580225425 2
1580225426 2
1580225427 2
1580225428 2
1580225429 2
1580225430 2
1580225431 2
1580225432 2
1580225433 3
1580225434 2
1580225435 4
1580225436 4
1580225437 4
1580225438 4
1580225439 3
1580225440 2
1580225441 2
1580225442 2
1580225443 2
1580225444 2
1580225445 2
1580225446 2
1580225447 3
1580225448 2
1580225449 2
1580225450 2
1580225451 3
1580225452 2
1580225453 2
1580225454 2
1580225455 2
1580225456 2
1580225457 2
1580225458 3
1580225459 3
1580225460 3
1580225461 4
1580225462 3
1580225463 4
1580225464 4
1580225465 4
1580225466 4
1580225467 4
1580225468 3
1580225469 3
1580225470 2
1580225471 2
1580225472 2
1580225473 2
1580225474 2
1580225475 2
1580225476 2
1580225477 2
1580225478 2
1580225479 2
1580225480 2
1580225481 2
1580225482 2
1580225483 2
1580225484 2
1580225485 2
1580225486 4
1580225487 4
1580225488 4
1580225489 4
1580225490 5
1580225491 5
1580225492 5
1580225493 5
1580225494 4
1580225495 4
1580225496 4
1580225497 4
1580225498 4
1580225499 2
1580225500 2
1580225501 2
1580225502 2
1580225503 2
1580225504 2
1580225505 2
1580225506 2
1580225507 2
1580225508 2
1580225509 2
1580225510 2
1580225511 2
1580225512 2
1580225513 2
1580225514 2
1580225515 2
1580225516 3
1580225517 3
1580225518 5
1580225519 4
1580225520 4
1580225521 3
1580225522 3
1580225523 3
1580225524 3
1580225525 3
1580225526 3
1580225527 2
1580225528 2
1580225529 2
1580225530 2
1580225531 2
1580225532 3
1580225533 3
1580225534 3
1580225535 2
1580225536 3
1580225537 2
1580225538 2
1580225539 2
1580225540 2
1580225541 2
1580225542 2
1580225543 2
1580225544 2
1580225545 2
1580225546 5
1580225547 4
1580225548 4
1580225549 3
1580225550 2
1580225551 2
1580225552 2
1580225553 2
1580225554 2
1580225555 3
1580225556 2
1580225557 2
1580225558 2
1580225559 3
1580225560 2
1580225561 2
1580225562 2
1580225563 3
1580225564 3
1580225565 2
1580225566 2
1580225567 2
1580225568 2
1580225569 2
1580225570 2
1580225571 2
1580225572 2
1580225573 2
1580225574 2
1580225575 2
1580225576 4
1580225577 5
1580225578 5
1580225579 4
1580225580 3
1580225581 2
1580225582 2
1580225583 2
1580225584 2
1580225585 4
1580225586 3
1580225587 3
1580225588 3
1580225589 3
1580225590 3
1580225591 4
1580225592 2
1580225593 2
1580225594 3
1580225595 2
1580225596 2
1580225597 2
1580225598 2
1580225599 2
1580225600 2
1580225601 2
1580225602 2
1580225603 2
1580225604 3
1580225605 4
1580225606 4
1580225607 4
1580225608 3
1580225609 2
1580225610 2
1580225611 2
1580225612 2
1580225613 2
1580225614 2
1580225615 2
1580225616 2
1580225617 3
1580225618 2
1580225619 2
1580225620 3
1580225621 2
1580225622 2
1580225623 2
1580225624 2
1580225625 2
1580225626 2
1580225627 3
1580225628 3
1580225629 3
1580225630 3
1580225631 4
1580225632 4
1580225633 4
1580225634 4
1580225635 5
1580225636 6
1580225637 6
1580225638 4
1580225639 3
1580225640 3
1580225641 3
1580225642 4
1580225643 4
1580225644 5
1580225645 4
1580225646 4
1580225647 6
1580225648 6
1580225903 4
1580225904 3
1580225905 4
1580225906 3
1580225907 3
1580225908 4
1580225909 3
1580225910 3
1580225911 3
1580225912 3
1580225913 3
1580225914 3
1580225915 4
1580225916 4
1580225917 4
1580225918 3
1580225919 3
1580225920 2
1580225921 2
1580225922 2
1580225923 3
1580225924 3
1580225925 2
1580225926 2
1580225927 2
1580225928 3
1580225929 3
1580225930 3
1580225931 2
1580225932 2
1580225933 2
1580225934 2
1580225935 2
1580225936 2
1580225937 4
1580225938 4
1580225939 3
1580225940 3
1580225941 3
1580225942 2
1580225943 2
1580225944 2
1580225945 2
1580225946 2
1580225947 2
1580225948 3
1580225949 2
1580225950 2
1580225951 2
1580225952 4
1580225953 4
1580225954 2
1580225955 2
1580225956 2
1580225957 2
1580225958 2
1580225959 2
1580225960 2
1580225961 2
1580225962 2
1580225963 2
1580225964 2
1580225965 4
1580225966 4
1580225967 5
1580225968 3
1580225969 2
1580225970 2
1580225971 2
1580225972 2
1580225973 2
1580225974 2
1580225975 2
1580225976 2
1580225977 2
1580225978 2
1580225979 2
1580225980 4
1580225981 2
1580225982 2
1580225983 2
1580225984 3
1580225985 2
1580225986 2
1580225987 2
1580225988 2
1580225989 2
1580225990 2
1580225991 2
1580225992 2
1580225993 2
1580225994 4
1580225995 4
1580225996 4
1580225997 4
1580225998 2
1580225999 2
1580226000 2
1580226001 2
1580226002 2
1580226003 3
1580226004 3
1580226005 2
1580226006 4
1580226007 3
1580226008 3
1580226009 3
1580226010 3
1580226011 2
1580226012 2
1580226013 3
1580226014 2
1580226015 2
1580226016 3
1580226017 3
1580226018 3
1580226019 3
1580226020 4
1580226021 3
1580226022 4
1580226023 4
1580226024 4
1580226025 4
1580226026 4
1580226027 3
1580226028 2
1580226029 2
1580226030 2
1580226031 2
1580226032 2
1580226033 2
1580226034 2
1580226035 2
1580226036 2
1580226037 2
1580226038 2
1580226039 2
1580226040 2
1580226041 2
1580226042 2
1580226043 2
1580226044 4
1580226045 5
1580226046 4
1580226047 5
1580226048 5
1580226049 5
1580226050 5
1580226051 5
1580226052 4
1580226053 4
1580226054 4
1580226055 4
1580226056 4
1580226057 4
1580226058 3
1580226059 2
1580226060 2
1580226061 2
1580226062 2
1580226063 2
1580226064 2
1580226065 2
1580226066 2
1580226067 2
1580226068 2
1580226069 2
1580226070 2
1580226071 2
1580226072 2
1580226073 2
1580226074 2
1580226075 3
1580226076 3
1580226077 5
1580226078 4
1580226079 4
1580226080 3
1580226081 3
1580226082 3
1580226083 3
1580226084 3
1580226085 3
1580226086 2
1580226087 2
1580226088 2
1580226089 2
1580226090 2
1580226091 3
1580226092 3
1580226093 3
1580226094 2
1580226095 3
1580226096 3
1580226097 2
1580226098 2
1580226099 2
1580226100 2
1580226101 2
1580226102 2
1580226103 2
1580226104 2
1580226105 4
1580226106 4
1580226107 4
1580226108 2
1580226109 2
1580226110 2
1580226111 2
1580226112 2
1580226113 2
1580226114 2
1580226115 2
1580226116 2
1580226117 3
1580226118 3
1580226119 2
1580226120 2
1580226121 2
1580226122 3
1580226123 2
1580226124 2
1580226125 2
1580226126 2
1580226127 2
1580226128 2
1580226129 2
1580226130 2
1580226131 2
1580226132 2
1580226133 2
1580226134 3
1580226135 4
1580226136 4
1580226137 4
1580226138 3
1580226139 2
1580226140 2
1580226141 2
1580226142 2
1580226143 2
1580226144 2
1580226145 2
1580226146 2
1580226147 2
1580226148 2
1580226149 2
1580226150 3
1580226151 2
1580226152 2
1580226153 2
1580226154 2
1580226155 2
1580226156 2
1580226157 2
1580226158 2
1580226159 2
1580226160 2
1580226161 2
1580226162 2
1580226163 5
1580226164 4
1580226165 4
1580226166 4
1580226167 3
1580226168 2
1580226169 2
1580226170 2
1580226171 2
1580226172 2
1580226173 2
1580226174 2
1580226175 3
1580226176 2
1580226177 2
1580226178 2
1580226179 2
1580226180 2
1580226181 2
1580226182 2
1580226183 2
1580226184 2
1580226185 3
1580226186 3
1580226187 3
1580226188 3
1580226189 4
1580226190 2
1580226191 3
1580226192 3
1580226193 3
1580226194 4
1580226195 4
1580226196 3
1580226197 2
1580226198 3
1580226199 3
1580226200 4
1580226201 3
1580226202 3
1580226203 2
1580226204 3
1580226205 2
1580226206 3
1580227651 4
1580227652 4
1580227653 3
1580227654 3
1580227655 3
1580227656 4
1580227657 5
1580227658 4
1580227659 3
1580227660 3
1580227661 6
1580227662 3
1580227663 3
1580227664 3
1580227665 3
1580227666 2
1580227667 2
1580227668 2
1580227669 2
1580227670 2
1580227671 2
1580227672 3
1580227673 3
1580227674 3
1580227675 3
1580227676 3
1580227677 3
1580227678 2
1580227679 2
1580227680 2
1580227681 2
1580227682 2
1580227683 2
1580227684 4
1580227685 2
1580227686 4
1580227687 4
1580227688 4
1580227689 4
1580227690 2
1580227691 2
1580227692 2
1580227693 3
1580227694 2
1580227695 2
1580227696 2
1580227697 2
1580227698 2
1580227699 3
1580227700 2
1580227701 2
1580227702 2
1580227703 2
1580227704 2
1580227705 2
1580227706 2
1580227707 2
1580227708 2
1580227709 2
1580227710 2
1580227711 2
1580227712 2
1580227713 3
1580227714 2
1580227715 4
1580227716 4
1580227717 4
1580227718 3
1580227719 3
1580227720 2
1580227721 2
1580227722 2
1580227723 2
1580227724 2
1580227725 2
1580227726 2
1580227727 2
1580227728 2
1580227729 2
1580227730 3
1580227731 2
1580227732 2
1580227733 2
1580227734 2
1580227735 2
1580227736 3
1580227737 3
1580227738 2
1580227739 2
1580227740 2
1580227741 2
1580227742 2
1580227743 3
1580227744 2
1580227745 4
1580227746 4
1580227747 4
1580227748 5
1580227749 2
1580227750 2
1580227751 2
1580227752 2
1580227753 2
1580227754 2
1580227755 2
1580227756 3
1580227757 3
1580227758 3
1580227759 4
1580227760 4
1580227761 2
1580227762 2
1580227763 2
1580227764 2
1580227765 2
1580227766 2
1580227767 3
1580227768 3
1580227769 3
1580227770 3
1580227771 4
1580227772 2
1580227773 4
1580227774 4
1580227775 4
1580227776 4
1580227777 4
1580227778 4
1580227779 2
1580227780 2
1580227781 2
1580227782 2
1580227783 2
1580227784 2
1580227785 2
1580227786 2
1580227787 2
1580227788 2
1580227789 2
1580227790 2
1580227791 2
1580227792 2
1580227793 2
1580227794 2
1580227795 4
1580227796 5
1580227797 4
1580227798 4
1580227799 5
1580227800 5
1580227801 5
1580227802 5
1580227803 4
1580227804 4
1580227805 4
1580227806 5
1580227807 5
1580227808 4
1580227809 3
1580227810 2
1580227811 2
1580227812 2
1580227813 2
1580227814 2
1580227815 2
1580227816 2
1580227817 2
1580227818 2
1580227819 2
1580227820 2
1580227821 2
1580227822 2
1580227823 2
1580227824 2
1580227825 3
1580227826 3
1580227827 5
1580227828 4
1580227829 4
1580227830 3
1580227831 3
1580227832 3
1580227833 3
1580227834 4
1580227835 3
1580227836 3
1580227837 2
1580227838 2
1580227839 2
1580227840 2
1580227841 3
1580227842 3
1580227843 3
1580227844 2
1580227845 2
1580227846 2
1580227847 2
1580227848 2
1580227849 2
1580227850 2
1580227851 2
1580227852 2
1580227853 2
1580227854 2
1580227855 5
1580227856 4
1580227857 4
1580227858 4
1580227859 3
1580227860 2
1580227861 2
1580227862 2
1580227863 2
1580227864 2
1580227865 2
1580227866 2
1580227867 2
1580227868 3
1580227869 2
1580227870 2
1580227871 2
1580227872 2
1580227873 2
1580227874 2
1580227875 2
1580227876 2
1580227877 2
1580227878 2
1580227879 2
1580227880 2
1580227881 2
1580227882 2
1580227883 2
1580227884 4
1580227885 3
1580227886 4
1580227887 4
1580227888 4
1580227889 3
1580227890 2
1580227891 2
1580227892 2
1580227893 2
1580227894 2
1580227895 2
1580227896 2
1580227897 2
1580227898 2
1580227899 2
1580227900 2
1580227901 3
1580227902 2
1580227903 2
1580227904 2
1580227905 2
1580227906 2
1580227907 2
1580227908 2
1580227909 2
1580227910 2
1580227911 2
1580227912 2
1580227913 2
1580227914 4
1580227915 4
1580227916 4
1580227917 3
1580227918 3
1580227919 2
1580227920 2
1580227921 2
1580227922 2
1580227923 2
1580227924 2
1580227925 2
1580227926 2
1580227927 3
1580227928 2
1580227929 2
1580227930 3
1580227931 3
1580227932 3
1580227933 2
1580227934 2
1580227935 2
1580227936 2
1580227937 3
1580227938 3
1580227939 3
1580227940 3
1580227941 4
1580227942 5
1580227943 4
1580227944 4
1580227945 4
1580227946 4
1580227947 5
1580227948 5
1580227949 2
1580227950 3
1580227951 3
1580227952 3
1580227953 3
1580227954 3
1580227955 3
1580227956 3
1580227957 4
1580227958 4
1580228233 5
1580228234 5
1580228235 4
1580228236 4
1580228237 2
1580228238 5
1580228239 7
1580228240 5
1580228241 4
1580228242 4
1580228243 5
1580228244 3
1580228245 3
1580228246 3
1580228247 3
1580228248 3
1580228249 2
1580228250 2
1580228251 2
1580228252 2
1580228253 2
1580228254 3
1580228255 3
1580228256 3
1580228257 4
1580228258 3
1580228259 3
1580228260 3
1580228261 3
1580228262 2
1580228263 2
1580228264 2
1580228265 2
1580228266 2
1580228267 4
1580228268 4
1580228269 4
1580228270 4
1580228271 3
1580228272 2
1580228273 2
1580228274 2
1580228275 2
1580228276 2
1580228277 2
1580228278 2
1580228279 2
1580228280 3
1580228281 2
1580228282 2
1580228283 2
1580228284 2
1580228285 2
1580228286 2
1580228287 2
1580228288 2
1580228289 2
1580228290 2
1580228291 2
1580228292 2
1580228293 3
1580228294 2
1580228295 4
1580228296 4
1580228297 4
1580228298 4
1580228299 3
1580228300 2
1580228301 2
1580228302 2
1580228303 2
1580228304 2
1580228305 2
1580228306 2
1580228307 2
1580228308 2
1580228309 2
1580228310 2
1580228311 3
1580228312 2
1580228313 2
1580228314 2
1580228315 2
1580228316 2
1580228317 2
1580228318 3
1580228319 2
1580228320 2
1580228321 2
1580228322 2
1580228323 2
1580228324 4
1580228325 2
1580228326 4
1580228327 4
1580228328 4
1580228329 4
1580228330 2
1580228331 2
1580228332 2
1580228333 2
1580228334 2
1580228335 2
1580228336 2
1580228337 2
1580228338 3
1580228339 2
1580228340 2
1580228341 3
1580228342 3
1580228343 2
1580228344 2
1580228345 2
1580228346 2
1580228347 2
1580228348 3
1580228349 3
1580228350 3
1580228351 3
1580228352 4
1580228353 2
1580228354 4
1580228355 4
1580228356 4
1580228357 3
1580228358 3
1580228359 3
1580228360 2
1580228361 3
1580228362 2
1580228363 2
1580228364 2
1580228365 2
1580228366 2
1580228367 2
1580228368 2
1580228369 2
1580228370 2
1580228371 2
1580228372 2
1580228373 2
1580228374 2
1580228375 2
1580228376 4
1580228377 4
1580228378 4
1580228379 5
1580228380 5
1580228381 5
1580228382 5
1580228383 5
1580228384 4
1580228385 4
1580228386 4
1580228387 4
1580228388 4
1580228389 3
1580228390 3
1580228391 2
1580228392 2
1580228393 2
1580228394 2
1580228395 2
1580228396 2
1580228397 2
1580228398 2
1580228399 2
1580228400 2
1580228401 2
1580228402 2
1580228403 2
1580228404 2
1580228405 2
1580228406 3
1580228407 3
1580228408 5
1580228409 4
1580228410 4
1580228411 4
1580228412 4
1580228413 3
1580228414 3
1580228415 3
1580228416 4
1580228417 3
1580228418 2
1580228419 2
1580228420 2
1580228421 2
1580228422 2
1580228423 3
1580228424 3
1580228425 3
1580228426 2
1580228427 2
1580228428 2
1580228429 2
1580228430 2
1580228431 2
1580228432 2
1580228433 2
1580228434 2
1580228435 2
1580228436 5
1580228437 4
1580228438 4
1580228439 4
1580228440 3
1580228441 2
1580228442 2
1580228443 2
1580228444 2
1580228445 2
1580228446 2
1580228447 2
1580228448 2
1580228449 3
1580228450 3
1580228451 2
1580228452 2
1580228453 2
1580228454 2
1580228455 2
1580228456 2
1580228457 2
1580228458 2
1580228459 2
1580228460 2
1580228461 2
1580228462 2
1580228463 2
1580228464 2
1580228465 2
1580228466 2
1580228467 4
1580228468 4
1580228469 4
1580228470 3
1580228471 2
1580228472 2
1580228473 2
1580228474 2
1580228475 2
1580228476 2
1580228477 2
1580228478 2
1580228479 2
1580228480 2
1580228481 2
1580228482 3
1580228483 2
1580228484 2
1580228485 2
1580228486 2
1580228487 2
1580228488 2
1580228489 2
1580228490 2
1580228491 2
1580228492 2
1580228493 2
1580228494 2
1580228495 5
1580228496 4
1580228497 4
1580228498 3
1580228499 2
1580228500 2
1580228501 2
1580228502 2
1580228503 2
1580228504 2
1580228505 2
1580228506 2
1580228507 3
1580228508 2
1580228509 2
1580228510 3
1580228511 3
1580228512 3
1580228513 2
1580228514 2
1580228515 2
1580228516 2
1580228517 3
1580228518 3
1580228519 3
1580228520 3
1580228521 4
1580228522 4
1580228523 4
1580228524 4
1580228525 4
1580228526 4
1580228527 5
1580228528 4
1580228529 2
1580228530 3
1580228531 3
1580228532 4
1580228533 4
1580228534 4
1580228535 3
1580228536 2
1580228537 3
1580228538 3
1580228792 4
1580228793 3
1580228794 3
1580228795 3
1580228796 4
1580228797 6
1580228798 7
1580228799 6
1580228800 5
1580228801 5
1580228802 4
1580228803 4
1580228804 3
1580228805 3
1580228806 3
1580228807 3
1580228808 3
1580228809 2
1580228810 2
1580228811 2
1580228812 2
1580228813 3
1580228814 3
1580228815 3
1580228816 4
1580228817 4
1580228818 2
1580228819 2
1580228820 2
1580228821 2
1580228822 2
1580228823 2
1580228824 3
1580228825 2
1580228826 4
1580228827 4
1580228828 4
1580228829 4
1580228830 3
1580228831 2
1580228832 2
1580228833 2
1580228834 2
1580228835 2
1580228836 2
1580228837 2
1580228838 2
1580228839 3
1580228840 2
1580228841 2
1580228842 3
1580228843 2
1580228844 2
1580228845 2
1580228846 2
1580228847 2
1580228848 2
1580228849 2
1580228850 2
1580228851 2
1580228852 2
1580228853 4
1580228854 2
1580228855 4
1580228856 4
1580228857 4
1580228858 3
1580228859 2
1580228860 2
1580228861 2
1580228862 2
1580228863 2
1580228864 2
1580228865 2
1580228866 2
1580228867 2
1580228868 2
1580228869 2
1580228870 4
1580228871 2
1580228872 2
1580228873 2
1580228874 2
1580228875 2
1580228876 2
1580228877 2
1580228878 2
1580228879 2
1580228880 2
1580228881 2
1580228882 2
1580228883 4
1580228884 2
1580228885 4
1580228886 4
1580228887 4
1580228888 3
1580228889 3
1580228890 2
1580228891 2
1580228892 2
1580228893 2
1580228894 2
1580228895 2
1580228896 2
1580228897 3
1580228898 2
1580228899 2
1580228900 3
1580228901 3
1580228902 2
1580228903 2
1580228904 2
1580228905 2
1580228906 2
1580228907 3
1580228908 3
1580228909 3
1580228910 4
1580228911 3
1580228912 4
1580228913 4
1580228914 4
1580228915 4
1580228916 3
1580228917 3
1580228918 3
1580228919 3
1580228920 2
1580228921 2
1580228922 2
1580228923 2
1580228924 2
1580228925 2
1580228926 2
1580228927 2
1580228928 2
1580228929 2
1580228930 2
1580228931 2
1580228932 2
1580228933 2
1580228934 2
1580228935 4
1580228936 4
1580228937 4
1580228938 5
1580228939 5
1580228940 5
1580228941 5
1580228942 5
1580228943 4
1580228944 4
1580228945 4
1580228946 4
1580228947 4
1580228948 4
1580228949 3
1580228950 2
1580228951 2
1580228952 3
1580228953 2
1580228954 2
1580228955 2
1580228956 2
1580228957 2
1580228958 2
1580228959 2
1580228960 2
1580228961 2
1580228962 2
1580228963 2
1580228964 2
1580228965 2
1580228966 3
1580228967 3
1580228968 5
1580228969 4
1580228970 4
1580228971 4
1580228972 4
1580228973 3
1580228974 3
1580228975 3
1580228976 3
1580228977 3
1580228978 2
1580228979 2
1580228980 2
1580228981 2
1580228982 2
1580228983 3
1580228984 3
1580228985 2
1580228986 2
1580228987 2
1580228988 2
1580228989 2
1580228990 2
1580228991 2
1580228992 2
1580228993 2
1580228994 2
1580228995 2
1580228996 5
1580228997 4
1580228998 4
1580228999 3
1580229000 3
1580229001 2
1580229002 2
1580229003 2
1580229004 2
1580229005 2
1580229006 2
1580229007 2
1580229008 2
1580229009 3
1580229010 2
1580229011 2
1580229012 2
1580229013 2
1580229014 2
1580229015 2
1580229016 2
1580229017 2
1580229018 2
1580229019 2
1580229020 2
1580229021 2
1580229022 2
1580229023 2
1580229024 2
1580229025 2
1580229026 3
1580229027 4
1580229028 4
1580229029 3
1580229030 3
1580229031 2
1580229032 2
1580229033 2
1580229034 2
1580229035 2
1580229036 2
1580229037 2
1580229038 2
1580229039 2
1580229040 3
1580229041 2
1580229042 3
1580229043 2
1580229044 2
1580229045 3
1580229046 2
1580229047 2
1580229048 2
1580229049 2
1580229050 2
1580229051 2
1580229052 2
1580229053 2
1580229054 2
1580229055 4
1580229056 4
1580229057 4
1580229058 2
1580229059 2
1580229060 2
1580229061 2
1580229062 3
1580229063 2
1580229064 2
1580229065 2
1580229066 2
1580229067 3
1580229068 2
1580229069 2
1580229070 3
1580229071 3
1580229072 2
1580229073 2
1580229074 2
1580229075 2
1580229076 2
1580229077 3
1580229078 3
1580229079 3
1580229080 3
1580229081 4
1580229082 5
1580229083 5
1580229084 4
1580229085 5
1580229086 4
1580229087 5
1580229088 4
1580229089 3
1580229090 4
1580229091 3
1580229092 4
1580229093 4
1580229094 3
1580229095 3
1580229096 2
1580229097 3
1580229098 3
