1579352651 1
1579352652 3
1579352653 4
1579352654 6
1579352655 5
1579352656 5
1579352657 9
1579352658 10
1579352659 10
1579352660 9
1579352661 7
1579352662 7
1579352663 9
1579352664 9
1579352665 8
1579352666 6
1579352667 5
1579352668 10
1579352669 6
1579352670 5
1579352671 3
1579352672 2
1579352673 2
1579352808 2
1579352809 3
1579352810 5
1579352811 8
1579352812 11
1579352813 11
1579352814 9
1579352815 11
1579352816 9
1579352817 8
1579352818 7
1579352819 9
1579352820 8
1579352821 8
1579352822 7
1579352823 8
1579352824 7
1579352825 6
1579352826 5
1579352827 4
1579352828 3
1579352829 3
1579352830 3
1579352831 2
1579352832 1
1579352833 1
1579353133 1
1579353134 4
1579353135 7
1579353136 7
1579353137 6
1579353138 10
1579353139 9
1579353140 10
1579353141 12
1579353142 7
1579353143 8
1579353144 8
1579353145 11
1579353146 9
1579353147 8
1579353148 6
1579353149 7
1579353150 7
1579353151 7
1579353152 5
1579353153 5
1579353154 5
1579353155 4
1579353156 4
1579353157 3
1579353158 2
1579353159 1
1579354000 3
1579354001 4
1579354002 8
1579354003 8
1579354004 5
1579354005 11
1579354006 8
1579354007 9
1579354008 7
1579354009 11
1579354010 10
1579354011 10
1579354012 8
1579354013 7
1579354014 7
1579354015 5
1579354016 5
1579354017 7
1579354018 6
1579354019 5
1579354020 5
1579354021 5
1579354022 4
1579354023 3
1579354024 2
1579354025 1
