1573753121 2
1573753122 3
1573753123 6
1573753124 8
1573753125 11
1573753126 14
1573753127 11
1573753128 12
1573753129 10
1573753130 12
1573753131 11
1573753132 10
1573753133 10
1573753134 6
1573753135 9
1573753136 9
1573753137 8
1573753138 5
1573753139 2
1573753140 1
1573753141 1
1573753432 1
1573753433 2
1573753434 3
1573753435 5
1573753436 4
1573753437 8
1573753438 8
1573753439 9
1573753440 7
1573753441 11
1573753442 8
1573753443 9
1573753444 7
1573753445 6
1573753446 7
1573753447 6
1573753448 7
1573753449 8
1573753450 6
1573753451 5
1573753452 5
1573753453 3
1573753454 2
1573753455 2
1573753591 2
1573753592 6
1573753593 5
1573753594 9
1573753595 8
1573753596 11
1573753597 9
1573753598 7
1573753599 6
1573753600 7
1573753601 6
1573753602 7
1573753603 7
1573753604 7
1573753605 9
1573753606 7
1573753607 5
1573753608 3
1573753609 2
1573753610 1
1573753906 3
1573753907 3
1573753908 6
1573753909 7
1573753910 5
1573753911 9
1573753912 11
1573753913 10
1573753914 12
1573753915 8
1573753916 9
1573753917 11
1573753918 12
1573753919 7
1573753920 7
1573753921 8
1573753922 8
1573753923 6
1573753924 3
1573753925 1
1573753926 1
1573754725 1
1573754726 3
1573754727 3
1573754728 6
1573754729 9
1573754730 10
1573754731 11
1573754732 7
1573754733 11
1573754734 7
1573754735 8
1573754736 10
1573754737 9
1573754738 5
1573754739 3
1573754740 4
1573754741 6
1573754742 6
1573754743 6
1573754744 4
1573754745 4
1573754746 4
1573754747 1
1573754748 1
1573754886 2
1573754887 6
1573754888 8
1573754889 6
1573754890 8
1573754891 7
1573754892 6
1573754893 7
1573754894 7
1573754895 7
1573754896 8
1573754897 9
1573754898 6
1573754899 5
1573754900 7
1573754901 8
1573754902 9
1573754903 8
1573754904 7
1573754905 4
1573754906 2
1573754907 1
1573754908 2
1573755047 2
1573755048 3
1573755049 3
1573755050 4
1573755051 5
1573755052 5
1573755053 8
1573755054 11
1573755055 12
1573755056 13
1573755057 10
1573755058 9
1573755059 9
1573755060 8
1573755061 10
1573755062 9
1573755063 4
1573755064 7
1573755065 7
1573755066 9
1573755067 7
1573755068 7
1573755069 7
1573755070 6
1573755071 6
1573755072 6
1573755073 5
1573755074 2
1573755075 1
1573755076 1
1573755375 1
1573755376 3
1573755377 6
1573755378 7
1573755379 9
1573755380 13
1573755381 7
1573755382 12
1573755383 7
1573755384 8
1573755385 8
1573755386 7
1573755387 7
1573755388 6
1573755389 8
1573755390 5
1573755391 5
1573755392 4
1573755393 4
1573755394 4
1573755395 2
1573755396 2
1573755397 1
1573755687 1
1573755688 3
1573755689 7
1573755690 7
1573755691 8
1573755692 10
1573755693 10
1573755694 11
1573755695 12
1573755696 8
1573755697 9
1573755698 10
1573755699 10
1573755700 5
1573755701 4
1573755702 6
1573755703 7
1573755704 6
1573755705 6
1573755706 6
1573755707 5
1573755708 5
1573755709 5
1573755710 4
1573755711 2
1573755712 2
1573755846 2
1573755847 6
1573755848 5
1573755849 3
1573755850 7
1573755851 8
1573755852 8
1573755853 9
1573755854 7
1573755855 8
1573755856 8
1573755857 7
1573755858 7
1573755859 4
1573755860 6
1573755861 7
1573755862 6
1573755863 8
1573755864 7
1573755865 7
1573755866 7
1573755867 5
1573755868 3
1573755869 1
1573756004 3
1573756005 6
1573756006 9
1573756007 7
1573756008 9
1573756009 8
1573756010 9
1573756011 9
1573756012 9
1573756013 9
1573756014 8
1573756015 8
1573756016 5
1573756017 9
1573756018 8
1573756019 9
1573756020 9
1573756021 7
1573756022 6
1573756023 5
1573756024 3
1573756025 2
1573756160 1
1573756161 3
1573756162 3
1573756163 3
1573756164 3
1573756165 4
1573756166 6
1573756167 5
1573756168 5
1573756169 7
1573756170 14
1573756171 11
1573756172 7
1573756173 6
1573756174 9
1573756175 9
1573756176 7
1573756177 8
1573756178 10
1573756179 8
1573756180 9
1573756181 4
1573756182 4
1573756183 5
1573756184 7
1573756185 4
1573756186 2
1573756187 1
1573756188 1
