1572003340 2
1572003341 4
1572003342 6
1572003343 7
1572003344 7
1572003345 6
1572003346 9
1572003347 9
1572003348 8
1572003349 7
1572003350 9
1572003351 9
1572003352 9
1572003353 10
1572003354 7
1572003355 6
1572003356 7
1572003357 8
1572003358 4
1572003359 5
1572003360 7
1572003361 5
1572003362 3
1572003363 3
1572003364 2
1572003365 1
1572003366 1
1572003537 2
1572003538 3
1572003539 7
1572003540 7
1572003541 6
1572003542 7
1572003543 8
1572003544 7
1572003545 6
1572003546 8
1572003547 5
1572003548 5
1572003549 6
1572003550 9
1572003551 8
1572003552 8
1572003553 6
1572003554 2
1572003555 3
1572003556 4
1572003557 4
1572003558 5
1572003559 4
1572003560 3
1572003561 3
1572003562 2
1572003563 1
1572003564 1
1572003565 1
1572003732 1
1572003733 2
1572003734 4
1572003735 6
1572003736 7
1572003737 9
1572003738 8
1572003739 11
1572003740 8
1572003741 6
1572003742 9
1572003743 6
1572003744 8
1572003745 6
1572003746 8
1572003747 6
1572003748 8
1572003749 4
1572003750 4
1572003751 5
1572003752 4
1572003753 4
1572003754 4
1572003755 3
1572003756 3
1572003757 2
1572003758 2
1572003759 1
1572003760 1
1572003761 1
1572003930 2
1572003931 3
1572003932 6
1572003933 6
1572003934 6
1572003935 10
1572003936 13
1572003937 8
1572003938 12
1572003939 12
1572003940 10
1572003941 6
1572003942 8
1572003943 8
1572003944 6
1572003945 7
1572003946 8
1572003947 4
1572003948 3
1572003949 3
1572003950 7
1572003951 7
1572003952 5
1572003953 5
1572003954 5
1572003955 4
1572003956 3
1572003957 2
1572004127 2
1572004128 3
1572004129 6
1572004130 8
1572004131 8
1572004132 10
1572004133 11
1572004134 8
1572004135 10
1572004136 10
1572004137 7
1572004138 8
1572004139 10
1572004140 8
1572004141 7
1572004142 9
1572004143 8
1572004144 5
1572004145 4
1572004146 5
1572004147 5
1572004148 5
1572004149 5
1572004150 4
1572004151 4
1572004152 3
1572004323 2
1572004324 5
1572004325 6
1572004326 6
1572004327 8
1572004328 8
1572004329 11
1572004330 10
1572004331 10
1572004332 12
1572004333 8
1572004334 10
1572004335 12
1572004336 10
1572004337 9
1572004338 9
1572004339 10
1572004340 5
1572004341 6
1572004342 6
1572004343 5
1572004344 5
1572004345 4
1572004346 2
1572004347 2
1572004348 1
1572004517 3
1572004518 3
1572004519 6
1572004520 5
1572004521 4
1572004522 8
1572004523 8
1572004524 9
1572004525 9
1572004526 10
1572004527 8
1572004528 6
1572004529 7
1572004530 8
1572004531 7
1572004532 6
1572004533 8
1572004534 3
1572004535 5
1572004536 5
1572004537 5
1572004538 4
1572004539 3
1572004540 3
1572004541 3
1572004542 3
1572004543 2
1572004544 1
1572004545 1
1572004716 3
1572004717 4
1572004718 7
1572004719 5
1572004720 5
1572004721 6
1572004722 8
1572004723 7
1572004724 7
1572004725 7
1572004726 6
1572004727 9
1572004728 6
1572004729 6
1572004730 7
1572004731 4
1572004732 6
1572004733 2
1572004734 2
1572004735 5
1572004736 4
1572004737 4
1572004738 5
1572004739 5
1572004740 4
1572004741 4
1572004742 3
1572004743 3
1572004744 3
1572004745 2
1572004746 2
1572004747 2
1572004748 2
1572004918 1
1572004919 3
1572004920 3
1572004921 6
1572004922 7
1572004923 5
1572004924 10
1572004925 8
1572004926 5
1572004927 9
1572004928 10
1572004929 8
1572004930 6
1572004931 7
1572004932 7
1572004933 9
1572004934 9
1572004935 8
1572004936 4
1572004937 4
1572004938 5
1572004939 4
1572004940 6
1572004941 5
1572004942 5
1572004943 3
1572004944 1
1572004945 2
1572004946 1
1572005116 1
1572005117 3
1572005118 6
1572005119 6
1572005120 8
1572005121 7
1572005122 7
1572005123 9
1572005124 10
1572005125 9
1572005126 10
1572005127 7
1572005128 9
1572005129 10
1572005130 7
1572005131 6
1572005132 7
1572005133 5
1572005134 2
1572005135 2
1572005136 3
1572005137 2
1572005138 3
1572005139 2
1572005140 2
1572005141 3
1572005142 1
1572011318 2
1572011319 3
1572011320 6
1572011321 6
1572011322 7
1572011323 6
1572011324 6
1572011325 5
1572011326 5
1572011327 8
1572011328 8
1572011329 8
1572011330 7
1572011331 8
1572011332 6
1572011333 7
1572011334 6
1572011335 3
1572011336 3
1572011337 3
1572011338 3
1572011339 4
1572011340 3
1572011341 3
1572011342 3
1572011343 2
1572011344 2
1572011345 1
1572011346 1
1572011515 3
1572011516 6
1572011517 7
1572011518 8
1572011519 12
1572011520 8
1572011521 12
1572011522 7
1572011523 9
1572011524 12
1572011525 6
1572011526 10
1572011527 11
1572011528 8
1572011529 7
1572011530 9
1572011531 7
1572011532 7
1572011533 7
1572011534 6
1572011535 7
1572011536 5
1572011537 4
1572011538 4
1572011539 2
1572011540 3
1572011541 1
1572011710 1
1572011711 2
1572011712 2
1572011713 2
1572011714 2
1572011715 2
1572011716 4
1572011717 8
1572011718 6
1572011719 5
1572011720 7
1572011721 9
1572011722 7
1572011723 6
1572011724 9
1572011725 8
1572011726 7
1572011727 6
1572011728 9
1572011729 8
1572011730 7
1572011731 5
1572011732 3
1572011733 4
1572011734 6
1572011735 5
1572011736 3
1572011737 4
1572011738 2
1572011739 1
1572011740 1
1572011908 1
1572011909 3
1572011910 6
1572011911 7
1572011912 6
1572011913 7
1572011914 7
1572011915 10
1572011916 8
1572011917 9
1572011918 11
1572011919 6
1572011920 9
1572011921 10
1572011922 9
1572011923 8
1572011924 7
1572011925 5
1572011926 5
1572011927 6
1572011928 8
1572011929 6
1572011930 5
1572011931 3
1572011932 2
1572011933 1
1572011934 1
1572012104 1
1572012105 4
1572012106 6
1572012107 7
1572012108 5
1572012109 8
1572012110 9
1572012111 10
1572012112 8
1572012113 9
1572012114 11
1572012115 10
1572012116 9
1572012117 8
1572012118 8
1572012119 7
1572012120 8
1572012121 9
1572012122 5
1572012123 5
1572012124 7
1572012125 4
1572012126 4
1572012127 4
1572012128 3
1572012129 2
1572012130 1
1572012131 1
1572012132 1
1572012496 1
1572012497 3
1572012498 3
1572012499 6
1572012500 5
1572012501 6
1572012502 6
1572012503 8
1572012504 10
1572012505 6
1572012506 7
1572012507 5
1572012508 8
1572012509 9
1572012510 7
1572012511 6
1572012512 6
1572012513 8
1572012514 3
1572012515 3
1572012516 4
1572012517 4
1572012518 3
1572012519 2
1572012520 2
1572012521 1
1572012522 1
1572012523 1
1572012690 1
1572012691 3
1572012692 6
1572012693 5
1572012694 6
1572012695 8
1572012696 7
1572012697 10
1572012698 7
1572012699 8
1572012700 10
1572012701 6
1572012702 8
1572012703 9
1572012704 9
1572012705 5
1572012706 5
1572012707 3
1572012708 5
1572012709 4
1572012710 7
1572012711 5
1572012712 5
1572012713 4
1572012714 3
1572012715 2
1572012716 1
1572012885 1
1572012886 2
1572012887 6
1572012888 6
1572012889 5
1572012890 6
1572012891 8
1572012892 10
1572012893 8
1572012894 11
1572012895 9
1572012896 7
1572012897 10
1572012898 8
1572012899 7
1572012900 6
1572012901 5
1572012902 3
1572012903 2
1572012904 4
1572012905 6
1572012906 5
1572012907 4
1572012908 6
1572012909 3
1572012910 2
1572012911 1
1572013080 2
1572013081 3
1572013082 6
1572013083 7
1572013084 6
1572013085 9
1572013086 7
1572013087 7
1572013088 6
1572013089 9
1572013090 7
1572013091 10
1572013092 8
1572013093 7
1572013094 6
1572013095 7
1572013096 7
1572013097 6
1572013098 7
1572013099 6
1572013100 7
1572013101 5
1572013102 4
1572013103 3
1572013104 2
1572013105 1
1572013106 1
