1580214556 1
1580214557 1
1580214558 1
1580214559 1
1580214560 1
1580214561 1
1580214562 1
1580214563 1
1580214564 1
1580214565 1
1580214566 1
1580214567 1
1580214568 1
1580214569 1
1580214570 1
1580214571 1
1580214572 1
1580214573 1
1580214574 1
1580214575 1
1580214576 1
1580214577 1
1580214578 1
1580214579 1
1580214580 1
1580214581 1
1580214582 1
1580214583 1
1580214584 1
1580214585 1
1580214586 1
1580214587 1
1580214588 1
1580214589 1
1580214590 1
1580214591 1
1580214592 1
1580214593 1
1580214594 1
1580214595 1
1580214596 1
1580214597 1
1580214598 1
1580214599 1
1580214600 1
1580214601 1
1580214602 1
1580214603 1
1580214604 2
1580214605 2
1580214606 3
1580214607 2
1580214608 1
1580214609 1
1580214610 1
1580214611 1
1580214612 1
1580214613 2
1580214614 2
1580214615 1
1580214616 1
1580214617 1
1580214618 1
1580214619 1
1580214620 1
1580214621 1
1580214622 1
1580214623 1
1580214624 1
1580214625 1
1580214626 1
1580214627 1
1580214628 1
1580214629 1
1580214630 1
1580214631 1
1580214632 1
1580214633 1
1580214634 1
1580214635 1
1580214636 1
1580214637 1
1580214638 1
1580214639 1
1580214640 1
1580214641 1
1580214642 1
1580214643 1
1580214644 1
1580214645 1
1580214646 1
1580214647 1
1580214648 1
1580214649 1
1580214650 1
1580214651 1
1580214652 1
1580214653 1
1580214654 1
1580214655 1
1580214656 1
1580214657 1
1580214893 1
1580214894 1
1580214895 1
1580214896 1
1580214897 1
1580214898 1
1580214899 1
1580214900 1
1580214901 1
1580214902 1
1580214903 1
1580214904 1
1580214905 1
1580214906 1
1580214907 1
1580214908 1
1580214909 1
1580214910 1
1580214911 1
1580214912 1
1580214913 1
1580214914 1
1580214915 1
1580214916 1
1580214917 1
1580214918 1
1580214919 1
1580214920 1
1580214921 1
1580214922 1
1580214923 1
1580214924 1
1580214925 1
1580214926 1
1580214927 1
1580214928 1
1580214929 1
1580214930 1
1580214931 1
1580214932 1
1580214933 1
1580214934 1
1580214935 1
1580214936 1
1580214937 1
1580214938 1
1580214939 1
1580214940 1
1580214941 1
1580214942 1
1580214943 1
1580214944 1
1580214945 1
1580214946 1
1580214947 1
1580214948 1
1580214949 1
1580214950 1
1580214951 1
1580214952 1
1580214953 1
1580214954 1
1580214955 1
1580214956 1
1580214957 1
1580214958 1
1580214959 1
1580214960 1
1580214961 1
1580214962 1
1580214963 1
1580214964 1
1580214965 1
1580214966 1
1580214967 1
1580214968 1
1580214969 1
1580214970 1
1580214971 1
1580214972 1
1580214973 1
1580214974 1
1580214975 1
1580214976 1
1580214977 1
1580214978 1
1580214979 1
1580214980 1
1580214981 1
1580214982 1
1580214983 1
1580214984 1
1580214985 1
1580214986 1
1580214987 1
1580214988 1
1580214989 1
1580214990 1
1580214991 1
1580214992 1
1580214993 1
1580214994 1
1580214995 1
1580214996 1
1580214997 1
1580214998 1
1580214999 1
1580215000 1
1580215001 1
1580215002 1
1580215003 1
1580215004 1
1580215005 1
1580215006 1
1580215007 1
1580215008 1
1580215009 1
1580215010 1
1580215011 1
1580215012 1
1580215013 1
1580215014 1
1580215015 1
1580215016 1
1580215017 1
1580215018 1
1580215019 1
1580215020 1
1580215021 1
1580215022 1
1580215023 1
1580215024 1
1580215025 1
1580215026 1
1580215027 1
1580215028 1
1580215029 1
1580215030 1
1580215031 1
1580215032 1
1580215033 1
1580215034 1
1580215035 1
1580215036 1
1580215037 1
1580215038 1
1580215039 1
1580215040 1
1580215041 1
1580215042 1
1580215043 1
1580215044 1
1580215045 1
1580215046 1
1580215047 1
1580215048 1
1580215049 1
1580215050 1
1580215051 1
1580215052 1
1580215053 1
1580215054 1
1580215055 1
1580215056 1
1580215057 1
1580215058 1
1580215059 1
1580215060 1
1580215061 1
1580215062 1
1580215063 1
1580215064 1
1580215065 1
1580215066 1
1580215067 1
1580215068 1
1580215069 1
1580215070 1
1580215071 1
1580215072 1
1580215073 1
1580215074 1
1580215075 1
1580215076 1
1580215077 1
1580215078 1
1580215079 1
1580215080 1
1580215081 1
1580215082 1
1580215083 1
1580215084 1
1580215085 1
1580215086 1
1580215087 1
1580215088 1
1580215089 1
1580215090 1
1580215091 1
1580215092 1
1580215093 1
1580215094 1
1580215095 1
1580215096 1
1580215097 1
1580215098 1
1580215099 1
1580215100 1
1580215101 1
1580215102 1
1580215103 1
1580215104 1
1580215105 1
1580215106 1
1580215107 1
1580215108 1
1580215109 1
1580215110 1
1580215111 1
1580215112 1
1580215113 1
1580215114 1
1580215115 1
1580215116 1
1580215117 1
1580215118 1
1580215119 2
1580215120 2
1580215121 2
1580215122 2
1580215123 2
1580215124 2
1580215125 2
1580215126 2
1580215127 2
1580215128 2
1580215129 2
1580215130 2
1580215131 1
1580215132 1
1580215133 1
1580215134 2
1580215135 2
1580215136 1
1580215137 1
1580215138 1
1580215139 1
1580215140 1
1580215141 2
1580215142 1
1580215143 1
1580215144 2
1580215145 2
1580215146 2
1580215147 2
1580215148 2
1580215149 2
1580215150 4
1580215151 3
1580215152 3
1580215153 3
1580215154 3
1580215155 3
1580215156 3
1580215157 3
1580215158 2
1580215159 2
1580215160 2
1580215161 2
1580215162 2
1580215163 2
1580215164 2
1580215165 2
1580215166 2
1580215167 2
1580215168 2
1580215169 2
1580215170 2
1580215171 2
1580215172 2
1580215173 2
1580215174 2
1580215175 2
1580215176 2
1580215177 2
1580215178 2
1580215179 2
1580215180 2
1580215181 2
1580215182 2
1580215183 2
1580215184 2
1580215185 2
1580215186 2
1580215187 2
1580215188 2
1580215189 2
1580215190 2
1580215191 2
1580215192 2
1580215193 2
1580215194 2
1580215195 2
1580215196 2
1580215197 2
1580215198 2
1580215199 2
1580215200 2
1580215201 2
1580215202 2
1580215203 2
1580215204 2
1580215205 2
1580215206 2
1580215207 2
1580215208 2
1580215209 2
1580215210 2
1580215211 2
1580215212 2
1580215213 2
1580215214 2
1580215215 2
1580215216 2
1580215217 2
1580215218 2
1580215219 2
1580215220 2
1580215221 2
1580215222 2
1580215223 2
1580215224 2
1580215225 2
1580215226 2
1580215227 2
1580215228 2
1580215229 2
1580215230 2
1580215231 2
1580215232 2
1580215233 2
1580215234 2
1580215235 2
1580215236 2
1580215237 2
1580215238 2
1580215239 2
1580215240 2
1580215241 2
1580215242 2
1580215243 2
1580215244 2
1580215245 2
1580215246 2
1580215247 2
1580215248 2
1580215249 2
1580215250 2
1580215251 2
1580215252 2
1580215253 2
1580215254 2
1580215255 2
1580215256 3
1580215257 5
1580215258 4
1580215259 4
1580215260 4
1580215261 2
1580215262 2
1580215263 2
1580215264 2
1580215265 2
1580215266 2
1580215267 2
1580215268 2
1580215269 2
1580215270 2
1580215271 2
1580215272 2
1580215273 2
1580215274 2
1580215275 2
1580215276 2
1580215277 2
1580215278 2
1580215279 2
1580215280 2
1580215281 2
1580215282 2
1580215283 2
1580215284 2
1580215285 2
1580215286 2
1580215287 2
1580215288 2
1580215289 2
1580215290 2
1580215291 2
1580215292 2
1580215293 3
1580215294 3
1580215295 3
1580215296 3
1580215297 3
1580215298 3
1580215299 3
1580215300 3
1580215301 3
1580215302 4
1580215303 4
1580215304 4
1580215305 3
1580215306 3
1580215307 2
1580215308 3
1580215309 3
1580215310 3
1580215311 4
1580215312 5
1580215313 6
1580215314 5
1580215315 4
1580215316 4
1580215317 4
1580215318 3
1580215319 6
1580215320 7
1580215321 5
1580215322 7
1580215323 5
1580215324 4
1580215325 3
1580215326 3
1580215327 2
1580215328 3
1580215329 3
1580215330 3
1580215331 4
1580215332 3
1580215333 3
1580215334 3
1580215335 4
1580215336 4
1580215337 3
1580215338 2
1580215339 1
1580215340 1
1580215341 1
1580215342 1
1580215343 1
1580215344 1
1580215345 1
1580215346 1
1580215347 1
1580215348 1
1580215349 1
1580215350 2
1580215351 2
1580215352 2
1580215353 2
1580215354 2
1580215355 2
1580215356 2
1580215357 2
1580215358 1
1580215359 2
1580215360 2
1580215361 2
1580215362 2
1580215363 2
1580215364 2
1580215365 2
1580215366 2
1580215367 2
1580215368 2
1580215369 1
1580215370 1
1580215371 1
1580215372 1
1580215373 1
1580215374 1
1580215375 1
1580215376 1
1580215377 1
1580215378 1
1580215379 1
1580215380 1
1580215381 1
1580215382 1
1580215383 1
1580215384 1
1580215385 1
1580215386 1
1580215387 1
1580215388 2
1580215389 3
1580215390 3
1580215391 3
1580215392 4
1580215393 4
1580215394 4
1580215395 4
1580215396 4
1580215397 5
1580215398 5
1580215399 5
1580215400 2
1580215401 2
1580215402 1
1580215403 2
1580215404 3
1580215405 7
1580215406 7
1580215407 6
1580215408 6
1580215409 10
1580215410 6
1580215411 9
1580215412 6
1580215413 7
1580215414 9
1580215415 9
1580215416 3
1580215417 3
1580215418 6
1580215419 7
1580215420 6
1580215421 6
1580215422 5
1580215423 4
1580215424 3
1580215425 3
1580215426 3
1580215427 3
1580215428 4
1580215429 4
1580215430 3
1580215431 2
1580215432 1
1580215433 2
1580215434 2
1580215435 3
1580215436 3
1580215437 4
1580215438 4
1580215439 3
1580215440 3
1580215441 3
1580215442 3
1580215443 3
1580215444 3
1580215445 3
1580215446 3
1580215447 3
1580215448 3
1580215449 3
1580215450 3
1580215451 3
1580215452 3
1580215453 2
1580215454 2
1580215455 2
1580215456 2
1580215457 2
1580215458 2
1580215459 2
1580215460 2
1580215461 2
1580215462 2
1580215463 2
1580215464 2
1580215465 2
1580215466 2
1580215467 2
1580215468 2
1580215469 2
1580215470 2
1580215471 2
1580215472 2
1580215473 2
1580215474 2
1580215475 2
1580215476 2
1580215477 2
1580215478 2
1580215479 2
1580215480 2
1580215481 2
1580215482 2
1580215483 2
1580215484 2
1580215485 2
1580215486 3
1580215487 3
1580215488 3
1580215489 3
1580215490 3
1580215491 3
1580215492 3
1580215493 4
1580215494 5
1580215495 5
1580215496 5
1580215497 5
1580215498 5
1580215499 1
1580215500 1
1580215501 1
1580215502 3
1580215503 3
1580215504 3
1580215505 5
1580215506 7
1580215507 6
1580215508 5
1580215509 7
1580215510 5
1580215511 5
1580215512 3
1580215513 6
1580215514 7
1580215515 7
1580215516 8
1580215517 5
1580215518 4
1580215519 3
1580215520 2
1580215521 2
1580215522 2
1580215523 4
1580215524 3
1580215525 3
1580215526 4
1580215527 2
1580215528 2
1580215529 2
1580215530 3
1580215531 2
1580215532 2
1580215533 3
1580215534 2
1580215535 2
1580215536 2
1580215537 2
1580215538 2
1580215539 2
1580215540 2
1580215541 2
1580215542 2
1580215543 2
1580215544 2
1580215545 2
1580215546 2
1580215547 2
1580215548 2
1580215549 2
1580215550 2
1580215551 2
1580215552 2
1580215553 2
1580215554 2
1580215555 2
1580215556 2
1580215557 2
1580215558 2
1580215559 4
1580215560 4
1580215561 4
1580215562 5
1580215563 6
1580215564 5
1580215565 5
1580215566 5
1580215567 5
1580215568 5
1580215569 5
1580215570 4
1580215571 2
1580215572 1
1580215573 1
1580215574 3
1580215575 5
1580215576 6
1580215577 7
1580215578 9
1580215579 6
1580215580 11
1580215581 6
1580215582 7
1580215583 8
1580215584 7
1580215585 4
1580215586 3
1580215587 3
1580215588 3
1580215589 4
1580215590 6
1580215591 3
1580215592 3
1580215593 3
1580215594 2
1580215595 2
1580215596 1
1580215597 1
1580215598 1
1580215599 3
1580215600 5
1580215601 4
1580215602 4
1580215603 4
1580215604 4
1580215605 4
1580215606 4
1580215607 4
1580215608 4
1580215609 4
1580215610 4
1580215611 4
1580215612 3
1580215613 2
1580215614 3
1580215615 3
1580215616 4
1580215617 4
1580215618 5
1580215619 4
1580215620 4
1580215621 3
1580215622 2
1580215623 2
1580215624 2
1580215625 2
1580215626 2
1580215627 2
1580215628 2
1580215629 2
1580215630 2
1580215631 2
1580215632 2
1580215633 2
1580215634 2
1580215635 2
1580215636 2
1580215637 2
1580215638 2
1580215639 2
1580215640 2
1580215641 2
1580215642 2
1580215643 2
1580215644 2
1580215645 2
1580215646 2
1580215647 2
1580215648 2
1580215649 2
1580215650 2
1580215651 2
1580215652 3
1580215653 2
1580215654 3
1580215655 3
1580215656 4
1580215657 4
1580215658 4
1580215659 4
1580215660 4
1580215661 4
1580215662 4
1580215663 3
1580215664 3
1580215665 3
1580215666 2
1580215667 2
1580215668 3
1580215669 3
1580215670 4
1580215671 5
1580215672 5
1580215673 3
1580215674 4
1580215675 5
1580215676 5
1580215677 4
1580215678 6
1580215679 7
1580215680 7
1580215681 5
1580215682 3
1580215683 2
1580215684 2
1580215685 2
1580215686 3
1580215687 3
1580215688 3
1580215689 4
1580215690 4
1580215691 5
1580215692 4
1580215693 3
1580215694 3
1580215695 3
1580215696 2
1580215697 2
1580215698 2
1580215699 2
1580215700 2
1580215701 2
1580215702 2
1580215703 2
1580215704 2
1580215705 2
1580215706 2
1580215707 2
1580215708 2
1580215709 2
1580215710 2
1580215711 2
1580215712 2
1580215713 2
1580215714 2
1580215715 2
1580215716 2
1580215717 2
1580215718 2
1580215719 2
1580215720 2
1580215721 2
1580215722 4
1580215723 4
1580215724 4
1580215725 6
1580215726 6
1580215727 5
1580215728 6
1580215729 5
1580215730 6
1580215731 6
1580215732 6
1580215733 4
1580215734 2
1580215735 2
1580215736 2
1580215737 6
1580215738 7
1580215739 5
1580215740 8
1580215741 8
1580215742 11
1580215743 11
1580215744 8
1580215745 7
1580215746 5
1580215747 7
1580215748 6
1580215749 4
1580215750 5
1580215751 5
1580215752 8
1580215753 7
1580215754 5
1580215755 5
1580215756 4
1580215757 2
1580215758 2
1580215759 1
1580215760 3
1580215761 3
1580215762 4
1580215763 4
1580215764 4
1580215765 4
1580215766 3
1580215767 3
1580215768 3
1580215769 3
1580215770 3
1580215771 3
1580215772 3
1580215773 3
1580215774 3
1580215775 4
1580215776 5
1580215777 4
1580215778 4
1580215779 3
1580215780 3
1580215781 2
1580215782 2
1580215783 2
1580215784 2
1580215785 2
1580215786 2
1580215787 2
1580215788 2
1580215789 2
1580215790 2
1580215791 2
1580215792 2
1580215793 2
1580215794 2
1580215795 2
1580215796 2
1580215797 2
1580215798 2
1580215799 2
1580215800 2
1580215801 2
1580215802 2
1580215803 2
1580215804 2
1580215805 2
1580215806 2
1580215807 2
1580215808 2
1580215809 2
1580215810 2
1580215811 5
1580215812 3
1580215813 3
1580215814 3
1580215815 3
1580215816 4
1580215817 4
1580215818 3
1580215819 4
1580215820 5
1580215821 5
1580215822 4
1580215823 2
1580215824 2
1580215825 2
1580215826 3
1580215827 4
1580215828 4
1580215829 5
1580215830 7
1580215831 5
1580215832 4
1580215833 5
1580215834 6
1580215835 3
1580215836 6
1580215837 6
1580215838 7
1580215839 8
1580215840 4
1580215841 3
1580215842 3
1580215843 2
1580215844 3
1580215845 3
1580215846 4
1580215847 4
1580215848 4
1580215849 3
1580215850 3
1580215851 3
1580215852 3
1580215853 3
1580215854 3
1580215855 3
1580215856 2
1580215857 2
1580215858 2
1580215859 2
1580215860 2
1580215861 2
1580215862 2
1580215863 2
1580215864 2
1580215865 2
1580215866 2
1580215867 2
1580215868 2
1580215869 2
1580215870 2
1580215871 2
1580215872 2
1580215873 2
1580215874 2
1580215875 2
1580215876 2
1580215877 2
1580215878 2
1580215879 2
1580215880 2
1580215881 3
1580215882 4
1580215883 4
1580215884 5
1580215885 5
1580215886 5
1580215887 5
1580215888 5
1580215889 5
1580215890 6
1580215891 6
1580215892 4
1580215893 2
1580215894 1
1580215895 1
1580215896 3
1580215897 6
1580215898 7
1580215899 9
1580215900 9
1580215901 8
1580215902 7
1580215903 4
1580215904 5
1580215905 9
1580215906 7
1580215907 8
1580215908 1
1580215909 3
1580215910 3
1580215911 4
1580215912 6
1580215913 5
1580215914 4
1580215915 5
1580215916 3
1580215917 2
1580215918 1
1580215919 2
1580215920 3
1580215921 4
1580215922 4
1580215923 4
1580215924 4
1580215925 4
1580215926 4
1580215927 4
1580215928 4
1580215929 4
1580215930 4
1580215931 4
1580215932 3
1580215933 3
1580215934 2
1580215935 3
1580215936 4
1580215937 4
1580215938 4
1580215939 4
1580215940 4
1580215941 2
1580215942 2
1580215943 2
1580215944 2
1580215945 2
1580215946 2
1580215947 2
1580215948 2
1580215949 2
1580215950 2
1580215951 2
1580215952 2
1580215953 2
1580215954 2
1580215955 2
1580215956 2
1580215957 2
1580215958 2
1580215959 2
1580215960 2
1580215961 2
1580215962 2
1580215963 2
1580215964 2
1580215965 2
1580215966 2
1580215967 2
1580215968 2
1580215969 2
1580215970 2
1580215971 3
1580215972 4
1580215973 4
1580215974 3
1580215975 3
1580215976 3
1580215977 3
1580215978 3
1580215979 3
1580215980 3
1580215981 3
1580215982 3
1580215983 3
1580215984 2
1580215985 2
1580215986 2
1580215987 3
1580215988 3
1580215989 4
1580215990 6
1580215991 6
1580215992 4
1580215993 5
1580215994 5
1580215995 5
1580215996 4
1580215997 6
1580215998 7
1580215999 6
1580216000 7
1580216001 5
1580216002 3
1580216003 3
1580216004 2
1580216005 2
1580216006 3
1580216007 3
1580216008 4
1580216009 5
1580216010 4
1580216011 3
1580216012 4
1580216013 3
1580216014 3
1580216015 4
1580216016 2
1580216017 2
1580216018 2
1580216019 2
1580216020 2
1580216021 2
1580216022 2
1580216023 2
1580216024 2
1580216025 2
1580216026 2
1580216027 2
1580216028 2
1580216029 2
1580216030 2
1580216031 2
1580216032 2
1580216033 2
1580216034 2
1580216035 2
1580216036 2
1580216037 2
1580216038 2
1580216039 2
1580216040 2
1580216041 2
1580216042 4
1580216043 5
1580216044 4
1580216045 5
1580216046 5
1580216047 5
1580216048 5
1580216049 5
1580216050 5
1580216051 5
1580216052 5
1580216053 2
1580216054 2
1580216055 2
1580216056 3
1580216057 7
1580216058 9
1580216059 6
1580216060 6
1580216061 5
1580216062 9
1580216063 5
1580216064 8
1580216065 7
1580216066 10
1580216067 9
1580216068 9
1580216069 7
1580216070 7
1580216071 7
1580216072 7
1580216073 5
1580216074 4
1580216075 2
1580216076 1
1580216077 1
1580216078 3
1580216079 3
1580216080 4
1580216081 4
1580216082 4
1580216083 4
1580216084 3
1580216085 3
1580216086 3
1580216087 3
1580216088 3
1580216089 3
1580216090 3
1580216091 3
1580216092 3
1580216093 3
1580216094 3
1580216095 3
1580216096 3
1580216097 3
1580216098 4
1580216099 4
1580216100 4
1580216101 4
1580216102 3
1580216103 3
1580216104 3
1580216105 2
1580216106 3
1580216107 2
1580216108 2
1580216109 2
1580216110 2
1580216111 2
1580216112 2
1580216113 2
1580216114 2
1580216115 2
1580216116 2
1580216117 2
1580216118 2
1580216119 2
1580216120 2
1580216121 2
1580216122 2
1580216123 2
1580216124 2
1580216125 2
1580216126 2
1580216127 2
1580216128 2
1580216129 2
1580216130 2
1580216131 2
1580216132 2
1580216133 2
1580216134 2
1580216135 2
1580216136 4
1580216137 4
1580216138 4
1580216139 3
1580216140 3
1580216141 3
1580216142 3
1580216143 3
1580216144 3
1580216145 3
1580216146 3
1580216147 2
1580216148 2
1580216149 2
1580216150 4
1580216151 3
1580216152 4
1580216153 5
1580216154 5
1580216155 4
1580216156 5
1580216157 6
1580216158 6
1580216159 4
1580216160 6
1580216161 6
1580216162 4
1580216163 3
1580216164 3
1580216165 3
1580216166 2
1580216167 2
1580216168 3
1580216169 3
1580216170 3
1580216171 3
1580216172 3
1580216173 3
1580216174 3
1580216175 3
1580216176 3
1580216177 3
1580216178 3
1580216179 3
1580216180 2
1580216181 2
1580216182 2
1580216183 2
1580216184 2
1580216185 2
1580216186 2
1580216187 2
1580216188 2
1580216189 2
1580216190 2
1580216191 2
1580216192 2
1580216193 2
1580216194 2
1580216195 2
1580216196 2
1580216197 2
1580216198 2
1580216199 2
1580216200 2
1580216201 2
1580216202 2
1580216203 2
1580216204 2
1580216205 4
1580216206 4
1580216207 4
1580216208 5
1580216209 5
1580216210 6
1580216211 6
1580216212 6
1580216213 6
1580216214 6
1580216215 4
1580216216 1
1580216217 1
1580216218 4
1580216219 6
1580216220 4
1580216221 5
1580216222 6
1580216223 11
1580216224 8
1580216225 11
1580216226 5
1580216227 6
1580216228 10
1580216229 7
1580216230 6
1580216231 4
1580216232 5
1580216233 5
1580216234 6
1580216235 7
1580216236 4
1580216237 4
1580216238 4
1580216239 3
1580216240 2
1580216241 1
1580216242 2
1580216243 3
1580216244 4
1580216245 4
1580216246 4
1580216247 4
1580216248 4
1580216249 4
1580216250 4
1580216251 4
1580216252 4
1580216253 4
1580216254 4
1580216255 3
1580216256 2
1580216257 2
1580216258 4
1580216259 4
1580216260 4
1580216261 4
1580216262 4
1580216263 4
1580216264 2
1580216265 2
1580216266 2
1580216267 2
1580216268 2
1580216269 2
1580216270 2
1580216271 2
1580216272 2
1580216273 2
1580216274 2
1580216275 2
1580216276 2
1580216277 2
1580216278 2
1580216279 2
1580216280 2
1580216281 2
1580216282 2
1580216283 2
1580216284 2
1580216285 2
1580216286 2
1580216287 2
1580216288 2
1580216289 2
1580216290 2
1580216291 2
1580216292 2
1580216293 2
1580216294 2
1580216295 2
1580216296 3
1580216297 3
1580216298 3
1580216299 3
1580216300 3
1580216301 3
1580216302 3
1580216303 3
1580216304 4
1580216305 4
1580216306 4
1580216307 3
1580216308 3
1580216309 3
1580216310 4
1580216311 4
1580216312 5
1580216313 6
1580216314 4
1580216315 4
1580216316 5
1580216317 5
1580216318 5
1580216319 6
1580216320 7
1580216321 6
1580216322 7
1580216323 5
1580216324 3
1580216325 3
1580216326 3
1580216327 2
1580216328 3
1580216329 3
1580216330 4
1580216331 5
1580216332 4
1580216333 4
1580216334 3
1580216335 4
1580216336 4
1580216337 4
1580216338 3
1580216339 3
1580216340 2
1580216341 2
1580216342 2
1580216343 2
1580216344 2
1580216345 2
1580216346 2
1580216347 2
1580216348 2
1580216349 2
1580216350 2
1580216351 2
1580216352 2
1580216353 2
1580216354 2
1580216355 2
1580216356 2
1580216357 2
1580216358 2
1580216359 2
1580216360 2
1580216361 2
1580216362 2
1580216363 2
1580216364 4
1580216365 4
1580216366 4
1580216367 5
1580216368 5
1580216369 5
1580216370 5
1580216371 5
1580216372 5
1580216373 5
1580216374 5
1580216375 3
1580216376 2
1580216377 1
1580216378 2
1580216379 3
1580216380 7
1580216381 7
1580216382 9
1580216383 12
1580216384 11
1580216385 13
1580216386 7
1580216387 12
1580216388 13
1580216389 10
1580216390 9
1580216391 8
1580216392 8
1580216393 8
1580216394 8
1580216395 7
1580216396 6
1580216397 6
1580216398 4
1580216399 3
1580216400 2
1580216401 1
1580216402 2
1580216403 3
1580216404 4
1580216405 4
1580216406 4
1580216407 4
1580216408 4
1580216409 3
1580216410 3
1580216411 3
1580216412 3
1580216413 3
1580216414 3
1580216415 3
1580216416 3
1580216417 3
1580216418 4
1580216419 4
1580216420 4
1580216421 4
1580216422 4
1580216423 3
1580216424 3
1580216425 2
1580216426 2
1580216427 2
1580216428 2
1580216429 2
1580216430 2
1580216431 2
1580216432 2
1580216433 2
1580216434 2
1580216435 2
1580216436 2
1580216437 2
1580216438 2
1580216439 2
1580216440 2
1580216441 2
1580216442 2
1580216443 2
1580216444 2
1580216445 2
1580216446 2
1580216447 2
1580216448 2
1580216449 2
1580216450 2
1580216451 2
1580216452 2
1580216453 2
1580216454 3
1580216455 3
1580216456 3
1580216457 3
1580216458 3
1580216459 3
1580216460 3
1580216461 4
1580216462 4
1580216463 4
1580216464 4
1580216465 3
1580216466 4
1580216467 3
1580216468 4
1580216469 3
1580216470 3
1580216471 3
1580216472 4
1580216473 4
1580216474 4
1580216475 6
1580216476 6
1580216477 6
1580216478 6
1580216479 5
1580216480 6
1580216481 5
1580216482 6
1580216483 8
1580216484 7
1580216485 5
1580216486 4
1580216487 3
1580216488 2
1580216489 2
1580216490 3
1580216491 3
1580216492 3
1580216493 5
1580216494 4
1580216495 3
1580216496 3
1580216497 3
1580216498 3
1580216499 3
1580216500 3
1580216501 3
1580216502 3
1580216503 2
1580216504 2
1580216505 2
1580216506 2
1580216507 2
1580216508 2
1580216509 2
1580216510 2
1580216511 2
1580216512 2
1580216513 2
1580216514 2
1580216515 2
1580216516 2
1580216517 2
1580216518 2
1580216519 2
1580216520 2
1580216521 2
1580216522 2
1580216523 2
1580216524 2
1580216525 2
1580216526 2
1580216527 2
1580216528 5
1580216529 4
1580216530 5
1580216531 5
1580216532 6
1580216533 5
1580216534 5
1580216535 5
1580216536 5
1580216537 5
1580216538 4
1580216539 1
1580216540 1
1580216541 1
1580216542 2
1580216543 3
1580216544 6
1580216545 9
1580216546 7
1580216547 10
1580216548 9
1580216549 10
1580216550 8
1580216551 8
1580216552 9
1580216553 7
1580216554 7
1580216555 5
1580216556 6
1580216557 6
1580216558 4
1580216559 3
1580216560 3
1580216561 2
1580216562 1
1580216563 2
1580216564 3
1580216565 4
1580216566 4
1580216567 4
1580216568 4
1580216569 4
1580216570 4
1580216571 4
1580216572 4
1580216573 4
1580216574 4
1580216575 4
1580216576 2
1580216577 2
1580216578 3
1580216579 4
1580216580 4
1580216581 4
1580216582 4
1580216583 4
1580216584 2
1580216585 2
1580216586 3
1580216587 2
1580216588 2
1580216589 2
1580216590 2
1580216591 2
1580216592 2
1580216593 2
1580216594 2
1580216595 2
1580216596 2
1580216597 2
1580216598 2
1580216599 2
1580216600 2
1580216601 2
1580216602 2
1580216603 2
1580216604 2
1580216605 2
1580216606 2
1580216607 2
1580216608 2
1580216609 2
1580216610 2
1580216611 2
1580216612 2
1580216613 2
1580216614 2
1580216615 4
1580216616 4
1580216617 4
1580216618 4
1580216619 4
1580216620 4
1580216621 4
1580216622 3
1580216623 3
1580216624 3
1580216625 3
1580216626 1
1580216627 1
1580216628 2
1580216629 3
1580216630 3
1580216631 3
1580216632 5
1580216633 6
1580216634 5
1580216635 5
1580216636 4
1580216637 5
1580216638 5
1580216639 4
1580216640 6
1580216641 7
1580216642 6
1580216643 4
1580216644 4
1580216645 2
1580216646 2
1580216647 2
1580216648 2
1580216649 3
1580216650 3
1580216651 4
1580216652 3
1580216653 3
1580216654 3
1580216655 4
1580216656 3
1580216657 3
1580216658 3
1580216659 2
1580216660 2
1580216661 2
1580216662 2
1580216663 2
1580216664 2
1580216665 3
1580216666 2
1580216667 1
1580216668 1
1580216669 1
1580216670 1
1580216671 1
1580216672 1
1580216673 2
1580216674 2
1580216675 2
1580216676 2
1580216677 2
1580216678 2
1580216679 2
1580216680 2
1580216681 2
1580216682 2
1580216683 2
1580216684 2
1580216685 2
1580216686 2
1580216687 4
1580216688 4
1580216689 4
1580216690 5
1580216691 5
1580216692 5
1580216693 5
1580216694 5
1580216695 5
1580216696 5
1580216697 5
1580216698 3
1580216699 2
1580216700 2
1580216701 1
1580216702 2
1580216703 3
1580216704 7
1580216705 8
1580216706 6
1580216707 9
1580216708 11
1580216709 15
1580216710 11
1580216711 10
1580216712 9
1580216713 7
1580216714 9
1580216715 8
1580216716 8
1580216717 8
1580216718 8
1580216719 10
1580216720 7
1580216721 7
1580216722 5
1580216723 5
1580216724 3
1580216725 2
1580216726 1
1580216727 3
1580216728 4
1580216729 5
1580216730 5
1580216731 5
1580216732 5
1580216733 5
1580216734 4
1580216735 4
1580216736 4
1580216737 4
1580216738 4
1580216739 4
1580216740 4
1580216741 4
1580216742 3
1580216743 4
1580216744 5
1580216745 5
1580216746 5
1580216747 5
1580216748 3
1580216749 3
1580216750 3
1580216751 3
1580216752 3
1580216753 3
1580216754 3
1580216755 3
1580216756 3
1580216757 3
1580216758 3
1580216759 3
1580216760 3
1580216761 3
1580216762 3
1580216763 3
1580216764 3
1580216765 3
1580216766 2
1580216767 2
1580216768 2
1580216769 2
1580216770 2
1580216771 2
1580216772 2
1580216773 2
1580216774 2
1580216775 2
1580216776 2
1580216777 2
1580216778 2
1580216779 2
1580216780 2
1580216781 2
1580216782 2
1580216783 2
1580216784 2
1580216785 2
1580216786 2
1580216787 2
1580216788 2
1580216789 2
1580216790 2
1580216791 2
1580216792 2
1580216793 2
1580216794 2
1580216795 2
1580216796 2
1580216797 2
1580216798 3
1580216799 3
1580216800 3
1580216801 3
1580216802 3
1580216803 3
1580216804 3
1580216805 3
1580216806 3
1580216807 3
1580216808 3
1580216809 2
1580216810 3
1580216811 3
1580216812 4
1580216813 3
1580216814 4
1580216815 5
1580216816 5
1580216817 5
1580216818 6
1580216819 5
1580216820 6
1580216821 4
1580216822 5
1580216823 7
1580216824 6
1580216825 9
1580216826 7
1580216827 4
1580216828 3
1580216829 3
1580216830 2
1580216831 2
1580216832 4
1580216833 4
1580216834 4
1580216835 6
1580216836 4
1580216837 4
1580216838 4
1580216839 4
1580216840 4
1580216841 4
1580216842 4
1580216843 3
1580216844 2
1580216845 2
1580216846 2
1580216847 2
1580216848 2
1580216849 2
1580216850 2
1580216851 2
1580216852 2
1580216853 2
1580216854 2
1580216855 2
1580216856 2
1580216857 2
1580216858 2
1580216859 2
1580216860 2
1580216861 2
1580216862 2
1580216863 2
1580216864 2
1580216865 2
1580216866 2
1580216867 2
1580216868 4
1580216869 4
1580216870 4
1580216871 5
1580216872 4
1580216873 4
1580216874 6
1580216875 5
1580216876 5
1580216877 5
1580216878 4
1580216879 3
1580216880 1
1580216881 1
1580216882 1
1580216883 2
1580216884 3
1580216885 6
1580216886 5
1580216887 5
1580216888 8
1580216889 9
1580216890 10
1580216891 11
1580216892 6
1580216893 6
1580216894 9
1580216895 8
1580216896 4
1580216897 3
1580216898 3
1580216899 4
1580216900 7
1580216901 6
1580216902 5
1580216903 5
1580216904 6
1580216905 4
1580216906 2
1580216907 1
1580216908 2
1580216909 3
1580216910 4
1580216911 4
1580216912 4
1580216913 4
1580216914 4
1580216915 4
1580216916 4
1580216917 4
1580216918 4
1580216919 4
1580216920 4
1580216921 4
1580216922 4
1580216923 4
1580216924 4
1580216925 4
1580216926 4
1580216927 4
1580216928 4
1580216929 4
1580216930 4
1580216931 4
1580216932 4
1580216933 4
1580216934 4
1580216935 4
1580216936 4
1580216937 4
1580216938 4
1580216939 4
1580216940 4
1580216941 4
1580216942 4
1580216943 4
1580216944 4
1580216945 4
1580216946 4
1580216947 4
1580216948 4
1580216949 4
1580216950 4
1580216951 4
1580216952 4
1580216953 4
1580216954 4
1580216955 4
1580216956 4
1580216957 4
1580216958 4
1580216959 4
1580216960 4
1580216961 4
1580216962 4
1580216963 4
1580216964 4
1580216965 4
1580216966 4
1580216967 4
1580216968 4
1580216969 4
1580216970 4
1580216971 4
1580216972 4
1580216973 4
1580216974 4
1580216975 4
1580216976 4
1580216977 4
1580216978 4
1580216979 4
1580216980 4
1580216981 4
1580216982 4
1580216983 4
1580216984 4
1580216985 4
1580216986 4
1580216987 4
1580216988 4
1580216989 4
1580216990 4
1580216991 4
1580216992 4
1580216993 4
1580216994 4
1580216995 4
1580216996 4
1580216997 4
1580216998 4
1580216999 4
1580217000 4
1580217001 4
1580217002 4
1580217003 4
1580217004 4
1580217005 4
1580217006 4
1580217007 4
1580217008 4
1580217009 4
1580217010 4
1580217011 4
1580217012 4
1580217013 4
1580217014 4
1580217305 2
1580217306 2
1580217307 2
1580217308 2
1580217309 2
1580217310 2
1580217311 2
1580217312 2
1580217313 2
1580217314 2
1580217315 2
1580217316 2
1580217317 2
1580217318 2
1580217319 2
1580217320 2
1580217321 2
1580217322 2
1580217323 2
1580217324 2
1580217325 2
1580217326 2
1580217327 2
1580217328 2
1580217329 2
1580217330 2
1580217331 2
1580217332 2
1580217333 2
1580217334 2
1580217335 2
1580217336 2
1580217337 2
1580217338 2
1580217339 2
1580217340 2
1580217341 2
1580217342 2
1580217343 2
1580217344 2
1580217345 2
1580217346 2
1580217347 2
1580217348 2
1580217349 2
1580217350 2
1580217351 2
1580217352 2
1580217353 2
1580217354 2
1580217355 2
1580217356 2
1580217357 2
1580217358 2
1580217359 2
1580217360 2
1580217361 2
1580217362 2
1580217363 2
1580217364 2
1580217365 2
1580217366 2
1580217367 2
1580217368 2
1580217369 2
1580217370 2
1580217371 2
1580217372 2
1580217373 2
1580217374 2
1580217375 2
1580217376 2
1580217377 2
1580217378 2
1580217379 2
1580217380 2
1580217381 2
1580217382 2
1580217383 2
1580217384 2
1580217385 2
1580217386 2
1580217387 2
1580217388 2
1580217389 2
1580217390 2
1580217391 2
1580217392 2
1580217393 2
1580217394 1
1580217395 1
1580217396 1
1580217397 1
1580217398 3
1580217399 2
1580217400 3
1580217401 3
1580217402 2
1580217403 3
1580217404 3
1580217405 3
1580217406 3
1580217407 3
1580217408 3
1580217409 2
1580217410 3
1580217411 3
1580217412 3
1580217413 3
1580217414 2
1580217415 3
1580217416 3
1580217417 3
1580217418 3
1580217419 3
1580217420 3
1580217421 3
1580217422 3
1580217423 3
1580217424 3
1580217425 3
1580217426 3
1580217427 3
1580217428 3
1580217429 3
1580217430 3
1580217431 3
1580217432 3
1580217433 3
1580217434 3
1580217435 3
1580217436 3
1580217437 3
1580217438 3
1580217439 3
1580217440 3
1580217441 2
1580217442 3
1580217443 3
1580217444 3
1580217445 2
1580217446 2
1580217447 2
1580217448 2
1580217449 3
1580217450 3
1580217451 2
1580217452 2
1580217453 2
1580217454 3
1580217455 3
1580217456 2
1580217457 3
1580217458 3
1580217459 3
1580217460 3
1580217461 3
1580217462 3
1580217463 3
1580217464 2
1580217465 2
1580217466 2
1580217467 2
1580217468 2
1580217469 2
1580217470 3
1580217471 3
1580217472 3
1580217473 3
1580217474 3
1580217475 3
1580217476 3
1580217477 3
1580217478 3
1580217479 3
1580217480 3
1580217481 3
1580217482 3
1580217483 3
1580217484 3
1580217485 3
1580217486 3
1580217487 3
1580217488 3
1580217489 3
1580217490 3
1580217491 3
1580217492 3
1580217493 3
1580217494 3
1580217495 3
1580217496 3
1580217497 3
1580217498 3
1580217499 3
1580217500 3
1580217501 3
1580217502 3
1580217503 3
1580217504 3
1580217505 3
1580217506 3
1580217507 3
1580217508 3
1580217509 3
1580217510 3
1580217511 3
1580217512 2
1580217513 3
1580217514 3
1580217515 3
1580217516 3
1580217517 3
1580217518 3
1580217519 3
1580217520 3
1580217521 3
1580217522 3
1580217523 3
1580217524 3
1580217525 3
1580217526 3
1580217527 3
1580217528 3
1580217529 3
1580217530 3
1580217531 3
1580217532 3
1580217533 3
1580217534 3
1580217535 3
1580217536 2
1580217537 3
1580217538 3
1580217539 3
1580217540 3
1580217541 3
1580217542 3
1580217543 3
1580217544 3
1580217545 3
1580217546 3
1580217547 3
1580217548 3
1580217549 3
1580217550 3
1580217551 3
1580217552 3
1580217553 3
1580217554 3
1580217555 3
1580217556 3
1580217557 3
1580217558 3
1580217559 3
1580217560 3
1580217561 3
1580217562 3
1580217563 3
1580217564 3
1580217565 3
1580217566 2
1580217567 3
1580217568 3
1580217569 2
1580217570 3
1580217571 3
1580217572 3
1580217573 3
1580217574 3
1580217575 3
1580217576 3
1580217577 3
1580217578 3
1580217579 3
1580217580 3
1580217581 3
1580217582 3
1580217583 3
1580217584 2
1580217585 2
1580217586 2
1580217587 2
1580217588 2
1580217589 2
1580217590 2
1580217591 2
1580217592 2
1580217593 2
1580217594 2
1580217595 2
1580217596 2
1580217597 2
1580217598 2
1580217599 3
1580217600 3
1580217601 3
1580217602 3
1580217603 3
1580217604 3
1580217605 3
1580217606 2
1580217607 3
1580217608 3
1580217609 3
1580217610 3
1580217611 3
1580217612 3
1580217613 3
1580217614 3
1580217615 3
1580217616 4
1580217617 3
1580217618 3
1580217619 3
1580217620 3
1580217621 3
1580217622 3
1580217623 3
1580217624 3
1580217625 3
1580217626 3
1580217627 3
1580217628 3
1580217629 3
1580217630 3
1580217631 3
1580217632 3
1580217633 3
1580217634 3
1580217635 3
1580217636 2
1580217637 2
1580217638 3
1580217639 2
1580217640 2
1580217641 2
1580217642 2
1580217643 2
1580217644 2
1580217645 2
1580217646 2
1580217647 2
1580217648 2
1580217649 2
1580217650 2
1580217651 2
1580217652 2
1580217653 2
1580217654 2
1580217655 2
1580217656 2
1580217657 2
1580217658 2
1580217659 2
1580217660 3
1580217661 2
1580217662 2
1580217663 2
1580217664 2
1580217665 2
1580217666 2
1580217667 2
1580217668 2
1580217669 2
1580217670 2
1580217671 2
1580217672 2
1580217673 2
1580217674 2
1580217675 2
1580217676 2
1580217677 2
1580217678 2
1580217679 2
1580217680 2
1580217681 2
1580217682 2
1580217683 2
1580217684 2
1580217685 2
1580217686 2
1580217687 2
1580217688 2
1580217689 2
1580217690 2
1580217691 2
1580217692 1
1580217693 1
1580217694 1
1580217695 1
1580217696 1
1580217697 1
1580217698 2
1580217699 2
1580217700 2
1580217701 2
1580217702 2
1580217703 2
1580217704 2
1580217705 2
1580217706 2
1580217707 2
1580217708 2
1580217709 2
1580217710 2
1580217711 2
1580217712 2
1580217713 2
1580217714 2
1580217715 2
1580217716 3
1580217717 3
1580217718 3
1580217719 3
1580217720 3
1580217721 3
1580217722 2
1580217723 2
1580217724 2
1580217725 2
1580217726 2
1580217727 2
1580217728 2
1580217729 2
1580217730 2
1580217731 2
1580217732 2
1580217733 2
1580217734 2
1580217735 2
1580217736 2
1580217737 2
1580217738 2
1580217739 2
1580217740 2
1580217741 2
1580217742 2
1580217743 2
1580217744 2
1580217745 2
1580217746 2
1580217747 2
1580217748 2
1580217749 2
1580217750 2
1580217751 2
1580217752 3
1580217753 2
1580217754 3
1580217755 2
1580217756 2
1580217757 2
1580217758 2
1580217759 2
1580217760 2
1580217761 2
1580217762 2
1580217763 2
1580217764 2
1580217765 2
1580217766 2
1580217767 2
1580217768 2
1580217769 2
1580217770 2
1580217771 2
1580217772 2
1580217773 2
1580217774 2
1580217775 2
1580217776 2
1580217777 2
1580217778 2
1580217779 2
1580217780 2
1580217781 2
1580217782 2
1580217783 2
1580217784 2
1580217785 2
1580217786 2
1580217787 2
1580217788 2
1580217789 2
1580217790 2
1580217791 3
1580217792 4
1580217793 4
1580217794 4
1580217795 4
1580217796 3
1580217797 3
1580217798 2
1580217799 2
1580217800 2
1580217801 2
1580217802 2
1580217803 2
1580217804 2
1580217805 2
1580217806 2
1580217807 2
1580217808 2
1580217809 2
1580217810 2
1580217811 2
1580217812 2
1580217813 2
1580217814 2
1580217815 2
1580217816 2
1580217817 2
1580217818 2
1580217819 2
1580217820 2
1580217821 2
1580217822 2
1580217823 2
1580217824 2
1580217825 2
1580217826 2
1580217827 2
1580217828 2
1580217829 2
1580217830 3
1580217831 3
1580217832 3
1580217833 3
1580217834 3
1580217835 3
1580217836 3
1580217837 3
1580217838 3
1580217839 3
1580217840 3
1580217841 2
1580217842 2
1580217843 2
1580217844 2
1580217845 3
1580217846 3
1580217847 3
1580217848 4
1580217849 7
1580217850 4
1580217851 4
1580217852 4
1580218013 2
1580218014 3
1580218015 3
1580218016 3
1580218017 2
1580218018 2
1580218019 3
1580218020 4
1580218021 4
1580218022 4
1580218023 4
1580218024 4
1580218025 4
1580218026 4
1580218027 4
1580218028 3
1580218029 1
1580218030 1
1580218031 1
1580218032 2
1580218033 2
1580218034 3
1580218035 3
1580218036 3
1580218037 3
1580218038 4
1580218039 6
1580218040 6
1580218041 5
1580218042 5
1580218043 5
1580218044 4
1580218045 4
1580218046 3
1580218047 3
1580218048 3
1580218049 4
1580218050 5
1580218051 4
1580218052 3
1580218053 3
1580218054 3
1580218055 3
1580218056 3
1580218057 3
1580218058 3
1580218059 2
1580218060 2
1580218061 2
1580218062 2
1580218063 2
1580218064 2
1580218065 2
1580218066 2
1580218067 2
1580218068 2
1580218069 2
1580218070 2
1580218071 2
1580218072 2
1580218073 2
1580218074 2
1580218075 2
1580218076 2
1580218077 2
1580218078 2
1580218079 2
1580218080 2
1580218081 2
1580218082 2
1580218083 2
1580218084 2
1580218085 2
1580218086 2
1580218087 2
1580218088 2
1580218089 2
1580218090 2
1580218091 2
1580218092 4
1580218093 4
1580218094 4
1580218095 4
1580218096 4
1580218097 4
1580218098 4
1580218099 4
1580218100 4
1580218101 4
1580218102 4
1580218103 5
1580218104 4
1580218105 4
1580218106 4
1580218107 4
1580218108 4
1580218109 4
1580218110 3
1580218111 3
1580218112 3
1580218113 4
1580218114 3
1580218115 3
1580218116 4
1580218117 4
1580218118 4
1580218119 3
1580218120 4
1580218121 4
1580218122 4
1580218123 3
1580218124 2
1580218125 2
1580218126 2
1580218127 2
1580218128 2
1580218129 2
1580218130 2
1580218131 2
1580218132 2
1580218133 2
1580218134 2
1580218135 2
1580218136 2
1580218137 2
1580218138 2
1580218139 2
1580218140 2
1580218141 2
1580218142 2
1580218143 2
1580218144 2
1580218145 2
1580218146 2
1580218147 2
1580218148 2
1580218149 2
1580218150 2
1580218151 2
1580218152 2
1580218153 2
1580218154 2
1580218155 1
1580218156 2
1580218157 2
1580218158 4
1580218159 4
1580218160 4
1580218161 4
1580218162 5
1580218163 4
1580218164 4
1580218165 4
1580218166 4
1580218167 4
1580218168 3
1580218169 3
1580218170 3
1580218171 3
1580218172 3
1580218173 2
1580218174 4
1580218175 4
1580218176 3
1580218177 4
1580218178 4
1580218179 6
1580218180 4
1580218181 5
1580218182 6
1580218491 4
1580218492 5
1580218493 3
1580218494 3
1580218495 4
1580218678 5
1580218679 4
1580218680 4
1580218681 3
1580218682 4
1580218683 3
1580218684 3
1580218685 2
1580218686 2
1580218687 2
1580218688 2
1580218689 3
1580218690 2
1580218691 3
1580218692 2
1580218693 2
1580218694 2
1580218695 4
1580218696 2
1580218697 2
1580218698 3
1580218699 4
1580218700 4
1580218701 4
1580218702 4
1580218703 5
1580218704 5
1580218705 5
1580218706 3
1580218707 3
1580218708 3
1580218709 2
1580218710 2
1580218711 2
1580218712 2
1580218713 3
1580218714 3
1580218715 3
1580218716 2
1580218717 3
1580218718 3
1580218719 3
1580218720 3
1580218721 2
1580218722 2
1580218723 2
1580218724 2
1580218725 2
1580218726 2
1580218727 2
1580218728 2
1580218729 2
1580218730 2
1580218731 2
1580218732 2
1580218733 2
1580218734 2
1580218735 2
1580218736 2
1580218737 2
1580218738 2
1580218739 2
1580218740 2
1580218741 2
1580218742 2
1580218743 2
1580218744 2
1580218745 2
1580218746 2
1580218747 2
1580218748 2
1580218749 2
1580218750 2
1580218751 2
1580218752 2
1580218753 2
1580218754 3
1580218755 4
1580218756 4
1580218757 4
1580218758 4
1580218759 4
1580218760 4
1580218761 4
1580218762 4
1580218763 4
1580218764 4
1580218765 4
1580218766 3
1580218767 3
1580218768 3
1580218769 4
1580218770 4
1580218771 4
1580218772 5
1580218773 5
1580218774 4
1580218775 3
1580218776 3
1580218777 2
1580218778 2
1580218779 2
1580218780 2
1580218781 2
1580218782 2
1580218783 2
1580218784 2
1580218785 2
1580218786 2
1580218787 2
1580218788 2
1580218789 2
1580218790 2
1580218791 2
1580218792 2
1580218793 2
1580218794 2
1580218795 2
1580218796 2
1580218797 2
1580218798 2
1580218799 2
1580218800 2
1580218801 2
1580218802 2
1580218803 2
1580218804 2
1580218805 2
1580218806 3
1580218807 4
1580218808 4
1580218809 3
1580218810 3
1580218811 3
1580218812 3
1580218813 3
1580218814 3
1580218815 3
1580218816 3
1580218817 3
1580218818 3
1580218819 2
1580218820 3
1580218821 3
1580218822 5
1580218823 5
1580218824 3
1580218825 4
1580218826 4
1580218827 4
1580218828 4
1580218829 8
1580218830 6
1580219016 1
1580219017 3
1580219018 3
1580219019 3
1580219020 3
1580219021 1
1580219022 4
1580219023 3
1580219024 3
1580219025 3
1580219026 3
1580219027 3
1580219028 3
1580219029 4
1580219030 5
1580219031 5
1580219032 6
1580219033 5
1580219034 5
1580219035 5
1580219036 5
1580219037 6
1580219038 4
1580219039 3
1580219040 3
1580219041 3
1580219042 5
1580219043 5
1580219044 5
1580219045 5
1580219046 4
1580219047 6
1580219048 3
1580219049 4
1580219050 4
1580219051 4
1580219052 5
1580219053 5
1580219054 5
1580219055 5
1580219056 3
1580219057 3
1580219058 2
1580219059 2
1580219060 2
1580219061 2
1580219062 3
1580219063 3
1580219064 3
1580219065 4
1580219066 4
1580219067 5
1580219068 4
1580219069 4
1580219070 4
1580219071 4
1580219072 4
1580219073 3
1580219074 2
1580219075 2
1580219076 2
1580219077 2
1580219078 2
1580219079 2
1580219080 2
1580219081 2
1580219082 2
1580219083 2
1580219084 2
1580219085 2
1580219086 2
1580219087 2
1580219088 2
1580219089 2
1580219090 2
1580219091 2
1580219092 2
1580219093 2
1580219094 2
1580219095 2
1580219096 2
1580219097 2
1580219098 2
1580219099 2
1580219100 2
1580219101 2
1580219102 2
1580219103 2
1580219104 3
1580219105 4
1580219106 4
1580219107 4
1580219108 4
1580219109 4
1580219110 3
1580219111 3
1580219112 3
1580219113 3
1580219114 3
1580219115 3
1580219116 3
1580219117 3
1580219118 3
1580219119 3
1580219120 3
1580219121 3
1580219122 4
1580219123 4
1580219124 4
1580219125 4
1580219126 3
1580219127 3
1580219128 2
1580219129 2
1580219130 2
1580219131 2
1580219132 2
1580219133 2
1580219134 2
1580219135 2
1580219136 2
1580219137 2
1580219138 2
1580219139 2
1580219140 2
1580219141 2
1580219142 2
1580219143 2
1580219144 2
1580219145 2
1580219146 2
1580219147 2
1580219148 2
1580219149 2
1580219150 2
1580219151 2
1580219152 2
1580219153 2
1580219154 2
1580219155 2
1580219156 2
1580219157 2
1580219158 3
1580219159 3
1580219160 3
1580219161 3
1580219162 3
1580219163 3
1580219164 3
1580219165 3
1580219166 4
1580219167 4
1580219168 3
1580219169 3
1580219170 2
1580219171 2
1580219172 2
1580219173 2
1580219174 3
1580219175 4
1580219176 4
1580219177 5
1580219178 7
1580219179 7
1580219180 5
1580219181 4
1580219537 4
1580219538 6
1580219539 4
1580219540 3
1580219541 2
1580222265 4
1580222266 4
1580222267 4
1580222268 3
1580222269 3
1580222270 3
1580222894 4
1580222895 4
1580222896 4
1580222897 3
1580222898 2
1580223195 3
1580223196 4
1580223197 4
1580223198 3
1580223199 5
1580223200 5
1580223201 5
1580223202 4
1580223203 3
1580223579 4
1580223580 4
1580223581 3
1580223582 4
1580223583 3
1580224018 1
1580224019 2
1580224020 2
1580224021 2
1580224022 2
1580224024 1
1580224025 1
1580224026 3
1580224027 3
1580224028 3
1580224029 4
1580224030 5
1580224031 5
1580224032 5
1580224033 4
1580224034 4
1580224035 3
1580224036 4
1580224037 3
1580224038 4
1580224039 4
1580224040 5
1580224041 4
1580224042 3
1580224043 3
1580224044 3
1580224045 2
1580224046 2
1580224047 3
1580224048 3
1580224049 4
1580224050 3
1580224051 2
1580224052 2
1580224053 2
1580224054 2
1580224055 2
1580224056 2
1580224057 2
1580224058 2
1580224059 2
1580224060 2
1580224061 2
1580224062 2
1580224063 2
1580224064 2
1580224065 2
1580224066 2
1580224067 2
1580224068 2
1580224069 2
1580224070 2
1580224071 2
1580224072 2
1580224073 2
1580224074 2
1580224075 2
1580224076 2
1580224077 2
1580224078 2
1580224079 2
1580224080 2
1580224081 2
1580224082 2
1580224083 3
1580224084 4
1580224085 4
1580224086 4
1580224087 4
1580224088 4
1580224089 4
1580224090 4
1580224091 4
1580224092 4
1580224093 4
1580224094 4
1580224095 3
1580224096 3
1580224097 3
1580224098 4
1580224099 4
1580224100 4
1580224101 4
1580224102 4
1580224103 2
1580224104 2
1580224105 2
1580224106 2
1580224107 2
1580224108 2
1580224109 2
1580224110 2
1580224111 2
1580224112 2
1580224113 2
1580224114 2
1580224115 2
1580224116 2
1580224117 2
1580224118 2
1580224119 2
1580224120 2
1580224121 2
1580224122 2
1580224123 2
1580224124 2
1580224125 2
1580224126 2
1580224127 2
1580224128 2
1580224129 2
1580224130 2
1580224131 2
1580224132 2
1580224133 2
1580224134 2
1580224135 2
1580224136 3
1580224137 3
1580224138 3
1580224139 2
1580224140 2
1580224141 2
1580224142 2
1580224143 5
1580224144 3
1580224145 3
1580224146 4
1580224147 4
1580224148 5
1580224149 4
1580224150 4
1580224151 4
1580224704 4
1580224705 5
1580224706 3
1580224707 4
1580224708 3
1580225262 5
1580225263 5
1580225264 4
1580225265 4
1580225266 3
1580225267 4
1580225697 1
1580225698 2
1580225699 4
1580225700 5
1580225701 3
1580225702 3
1580225703 3
1580225704 3
1580225705 3
1580225706 4
1580225707 3
1580225708 5
1580225709 5
1580225710 5
1580225711 6
1580225712 5
1580225713 3
1580225714 4
1580225715 3
1580225716 4
1580225717 5
1580225718 5
1580225719 6
1580225720 5
1580225721 4
1580225722 2
1580225723 2
1580225724 2
1580225725 2
1580225726 3
1580225727 3
1580225728 3
1580225729 3
1580225730 3
1580225731 2
1580225732 2
1580225733 2
1580225734 2
1580225735 2
1580225736 2
1580225737 2
1580225738 2
1580225739 2
1580225740 2
1580225741 2
1580225742 2
1580225743 2
1580225744 2
1580225745 2
1580225746 2
1580225747 2
1580225748 2
1580225749 2
1580225750 2
1580225751 2
1580225752 2
1580225753 2
1580225754 2
1580225755 2
1580225756 2
1580225757 2
1580225758 2
1580225759 2
1580225760 2
1580225761 2
1580225762 3
1580225763 4
1580225764 4
1580225765 4
1580225766 4
1580225767 4
1580225768 3
1580225769 3
1580225770 3
1580225771 3
1580225772 3
1580225773 3
1580225774 3
1580225775 4
1580225776 4
1580225777 4
1580225778 4
1580225779 4
1580225780 5
1580225781 4
1580225782 4
1580225783 3
1580225784 3
1580225785 2
1580225786 2
1580225787 2
1580225788 2
1580225789 2
1580225790 2
1580225791 2
1580225792 2
1580225793 2
1580225794 2
1580225795 2
1580225796 2
1580225797 2
1580225798 2
1580225799 2
1580225800 2
1580225801 2
1580225802 2
1580225803 2
1580225804 2
1580225805 2
1580225806 2
1580225807 2
1580225808 2
1580225809 2
1580225810 2
1580225811 2
1580225812 2
1580225813 2
1580225814 2
1580225815 2
1580225816 3
1580225817 4
1580225818 4
1580225819 3
1580225820 2
1580225821 3
1580225822 2
1580225823 2
1580225824 3
1580225825 3
1580225826 3
1580225827 4
1580225828 4
1580225829 6
1580225830 3
1580225831 3
1580225832 4
1580226405 5
1580226406 4
1580226407 3
1580226408 4
1580226409 4
1580226410 4
1580226975 4
1580226976 4
1580226977 4
1580226978 5
1580226979 2
1580226980 4
1580227572 5
1580227573 4
1580227574 3
1580227575 4
1580227576 4
1580227577 4
1580228157 4
1580228158 4
1580228159 4
1580228160 3
1580228161 3
1580228716 4
1580228717 4
1580228718 4
1580228719 3
1580228720 3
