1573208757 4
1573208758 5
1573208759 6
1573208760 5
1573208761 4
1573208762 3
1573209408 3
1573209409 3
1573209410 4
1573209411 5
1573209412 4
1573210074 3
1573210075 3
1573210076 3
1573210077 3
1573210078 5
1573210079 4
1573210080 4
1573210740 3
1573210741 3
1573210742 4
1573210743 3
1573210744 3
1573211406 2
1573211407 3
1573211408 4
1573211409 4
1573211410 6
1573211411 8
1573212061 3
1573212062 4
1573212063 3
1573212064 4
1573212065 7
1573212066 5
1573212711 4
1573212712 4
1573212713 4
1573212714 6
1573212715 5
1573212716 4
1573213364 4
1573213365 4
1573213366 3
1573213367 4
1573213368 5
1573213369 4
1573214690 3
1573214691 3
1573214692 4
1573214693 5
1573214694 4
1573218225 3
1573218226 5
1573218227 4
1573218228 5
1573218229 4
1573218553 3
1573218554 4
1573218555 3
1573218556 5
1573218557 5
1573218558 4
