1580306792 5
1580306793 4
1580306794 4
1580306795 3
1580306796 4
1580306950 3
1580306951 3
1580306952 4
1580306953 5
1580306954 5
1580306955 4
1580306956 6
1580306957 7
1580306958 5
1580306959 5
1580306960 3
1580306961 4
1580306962 4
1580306963 4
1580306964 3
1580306965 3
1580306966 2
1580306967 2
1580306969 2
1580306970 1
1580306971 2
1580306972 2
1580306973 3
1580306974 5
1580306975 4
1580306976 7
1580306977 7
1580306978 5
1580306979 5
1580306980 6
1580306981 5
1580306982 4
1580306983 4
1580306984 4
1580306985 4
1580306986 4
1580306987 4
1580306988 3
1580306989 2
1580306990 2
1580306991 3
1580306992 2
1580306993 3
1580306994 3
1580306995 4
1580306996 5
1580306997 4
1580306998 4
1580306999 4
1580307000 4
1580307001 4
1580307002 4
1580307003 3
1580307004 2
1580307005 2
1580307006 2
1580307007 2
1580307008 2
1580307009 2
1580307010 2
1580307011 2
1580307012 2
1580307013 2
1580307014 2
1580307015 2
1580307016 2
1580307017 2
1580307018 2
1580307019 2
1580307020 2
1580307021 2
1580307022 2
1580307023 2
1580307024 2
1580307025 2
1580307026 2
1580307027 2
1580307028 2
1580307029 2
1580307030 2
1580307031 2
1580307032 2
1580307033 2
1580307034 3
1580307035 4
1580307036 4
1580307037 4
1580307038 4
1580307039 4
1580307040 4
1580307041 4
1580307042 4
1580307043 3
1580307044 3
1580307045 3
1580307046 3
1580307047 3
1580307048 3
1580307049 3
1580307050 3
1580307051 4
1580307052 4
1580307053 4
1580307054 4
1580307055 3
1580307056 3
1580307057 2
1580307058 2
1580307059 2
1580307060 2
1580307061 2
1580307062 2
1580307063 2
1580307064 2
1580307065 2
1580307066 2
1580307067 2
1580307068 2
1580307069 2
1580307070 2
1580307071 2
1580307072 2
1580307073 2
1580307074 2
1580307075 2
1580307076 2
1580307077 2
1580307078 2
1580307079 2
1580307080 2
1580307081 2
1580307082 2
1580307083 2
1580307084 2
1580307085 2
1580307086 2
1580307087 2
1580307088 2
1580307089 2
1580307090 2
1580307091 2
1580307092 2
1580307093 2
1580307094 2
1580307095 2
1580307096 2
1580307097 2
1580307098 2
1580307099 2
1580307100 2
1580307101 2
1580307102 2
1580307103 2
1580307104 2
1580307105 2
1580307106 2
1580307107 2
1580307108 2
1580307109 2
1580307110 2
1580307111 2
1580307112 2
1580307113 2
1580307114 2
1580307115 2
1580307116 2
1580307117 2
1580307118 2
1580307119 2
1580307120 2
1580307121 2
1580307122 2
1580307123 2
1580307124 2
1580307125 3
1580307126 3
1580307127 4
1580307128 3
1580307129 3
1580307130 3
1580307131 3
1580307132 3
1580307133 3
1580307134 3
1580307135 3
1580307136 3
1580307137 3
1580307138 3
1580307139 3
1580307140 3
1580307141 3
1580307142 3
1580307143 2
1580307144 2
1580307145 2
1580307146 2
1580307147 3
1580307148 2
1580307149 3
1580307150 2
1580307151 2
1580307152 3
1580307153 3
1580307154 3
1580307155 3
1580307156 3
1580307157 3
1580307158 3
1580307159 3
1580307160 3
1580307161 3
1580307162 3
1580307163 3
1580307164 3
1580307165 3
1580307166 3
1580307167 3
1580307168 3
1580307169 3
1580307170 2
1580307171 2
1580307172 3
1580307173 3
1580307174 4
1580307175 4
1580307176 4
1580307177 4
1580307178 4
1580307179 4
1580307180 4
1580307181 4
1580307182 3
1580307183 3
1580307184 2
1580307185 2
1580307186 2
1580307187 3
1580307188 3
1580307189 3
1580307190 4
1580307191 4
1580307192 4
1580307193 3
1580307194 2
1580307668 4
1580307669 4
1580307670 3
1580307671 3
1580307672 3
1580307978 5
1580307979 5
1580307980 4
1580307981 3
1580307982 5
1580307983 5
1580308291 4
1580308292 3
1580308293 4
1580308294 4
1580308295 3
1580310495 4
1580310496 3
1580310497 4
1580310498 3
1580310499 3
1580310807 4
1580310808 5
1580310809 5
1580310810 3
1580310811 4
1580311120 5
1580311121 4
1580311122 3
1580311123 5
1580311124 3
1580311125 5
1580311429 4
1580311430 5
1580311431 5
1580311432 5
1580311433 7
1580311434 6
1580311435 5
1580311436 4
1580311803 4
1580311804 6
1580311805 5
1580311806 3
1580311807 5
1580312143 5
1580312144 4
1580312145 3
1580312146 4
1580312147 3
1580312725 4
1580312726 4
1580312727 4
1580312728 5
1580312729 3
1580312730 5
1580312731 5
1580313283 4
1580313284 6
1580313285 2
1580313286 2
1580313287 4
1580314247 5
1580314248 4
1580314249 4
1580314250 4
1580314251 3
1580314673 1
1580314674 2
1580314675 2
1580314676 2
1580314677 2
1580314678 1
1580314679 1
1580314680 2
1580314681 2
1580314682 2
1580314683 2
1580314684 3
1580314685 4
1580314686 3
1580314687 3
1580314688 3
1580314689 2
1580314690 4
1580314691 3
1580314692 3
1580314693 4
1580314694 4
1580314695 4
1580314696 3
1580314697 3
1580314698 3
1580314699 3
1580314700 2
1580314701 2
1580314702 2
1580314703 3
1580314704 3
1580314705 5
1580314706 2
1580314707 2
1580314708 2
1580314709 2
1580314710 2
1580314711 2
1580314712 2
1580314713 2
1580314714 2
1580314715 2
1580314716 2
1580314717 2
1580314718 2
1580314719 2
1580314720 2
1580314721 2
1580314722 2
1580314723 2
1580314724 2
1580314725 2
1580314726 2
1580314727 2
1580314728 2
1580314729 2
1580314730 2
1580314731 2
1580314732 2
1580314733 2
1580314734 2
1580314735 2
1580314736 2
1580314737 2
1580314738 3
1580314739 4
1580314740 4
1580314741 4
1580314742 4
1580314743 4
1580314744 4
1580314745 4
1580314746 4
1580314747 4
1580314748 4
1580314749 4
1580314750 4
1580314751 3
1580314752 2
1580314753 2
1580314754 4
1580314755 4
1580314756 4
1580314757 4
1580314758 4
1580314759 3
1580314760 2
1580314761 3
1580314762 2
1580314763 2
1580314764 2
1580314765 2
1580314766 2
1580314767 2
1580314768 2
1580314769 2
1580314770 2
1580314771 2
1580314772 2
1580314773 2
1580314774 2
1580314775 2
1580314776 2
1580314777 2
1580314778 2
1580314779 2
1580314780 2
1580314781 2
1580314782 2
1580314783 2
1580314784 2
1580314785 2
1580314786 2
1580314787 2
1580314788 2
1580314789 2
1580314790 2
1580314791 2
1580314792 3
1580314793 3
1580314794 3
1580314795 3
1580314796 3
1580314797 2
1580314798 2
1580314799 2
1580314800 2
1580314801 3
1580314802 3
1580314803 3
1580314804 4
1580314805 4
1580314806 3
1580314807 2
1580314808 4
1580315359 4
1580315360 3
1580315361 2
1580315362 3
1580315363 4
1580315922 4
1580315923 4
1580315924 4
1580315925 4
1580315926 3
1580315927 5
1580316625 4
1580316626 4
1580316627 4
1580316628 2
1580316629 4
1580317198 5
1580317199 4
1580317200 4
1580317201 4
1580317202 5
