1580304692 2
1580304693 2
1580304694 2
1580304695 2
1580304849 2
1580304850 2
1580304851 2
1580304852 2
1580305011 2
1580305012 2
1580305013 2
1580305014 2
1580305171 2
1580305172 2
1580305173 2
1580305356 2
1580305357 2
1580305358 2
1580305515 2
1580305516 2
1580305517 2
1580305518 2
1580305678 2
1580305679 2
1580305680 2
1580305837 2
1580305838 2
1580305839 2
1580305993 2
1580305994 2
1580305995 2
1580306151 2
1580306152 2
1580306153 2
1580306154 2
1580306456 2
1580306457 2
1580306458 2
1580306459 2
1580306757 2
1580306758 2
1580306759 2
1580306760 2
1580307073 2
1580307074 2
1580307075 2
1580307633 2
1580307634 2
1580307635 2
1580307636 2
1580307943 2
1580307944 2
1580307945 2
1580307946 2
1580308255 2
1580308256 2
1580308257 2
1580308258 2
1580310459 2
1580310460 2
1580310461 2
1580310772 2
1580310773 2
1580310774 2
1580310775 2
1580311086 2
1580311087 2
1580311088 2
1580311089 2
1580311395 2
1580311396 2
1580311397 2
1580311768 2
1580311769 2
1580311770 2
1580311771 2
1580312112 2
1580312113 2
1580312114 2
1580312115 2
1580312698 2
1580312699 2
1580312700 2
1580312701 2
1580313256 2
1580313257 2
1580313258 2
1580314220 2
1580314221 2
1580314222 2
1580314777 2
1580314778 2
1580314779 2
1580315332 2
1580315333 2
1580315334 2
1580315895 2
1580315896 2
1580315897 2
1580315898 2
1580316598 2
1580316599 2
1580316600 2
1580316601 2
1580317171 2
1580317172 2
1580317173 2
