1574685737 2
1574685738 2
1574685739 2
1574685740 2
1574685927 2
1574685928 2
1574685929 2
1574685930 2
1574686101 2
1574686102 2
1574686103 2
1574686258 2
1574686259 2
1574686260 2
1574686261 2
1574686420 2
1574686421 2
1574686422 2
1574686423 2
1574686577 2
1574686578 2
1574686579 2
1574686741 2
1574686742 2
1574686743 2
1574686744 2
1574686908 2
1574686909 2
1574686910 1
1574687098 2
1574687099 2
1574687100 2
1574687264 2
1574687265 2
1574687266 2
1574687267 2
1574687268 1
1574687269 1
1574687270 1
1574687271 2
1574687272 2
1574687273 2
1574687274 2
1574687275 2
1574687276 2
1574687932 2
1574687933 2
1574687934 2
1574688244 2
1574688245 2
1574688246 2
1574688247 2
1574689233 2
1574689234 2
1574689235 2
1574689236 2
1574689604 2
1574689605 2
1574689606 2
1574689607 2
1574689819 2
1574689820 2
1574689821 2
1574689822 2
1574689990 1
1574689991 2
1574689992 2
1574689993 2
1574690151 2
1574690152 2
1574690153 2
1574690154 2
1574690328 2
1574690329 2
1574690330 2
1574690331 2
1574690488 2
1574690489 2
1574690490 2
1574690491 2
1574690658 2
1574690659 2
1574690660 2
1574690661 2
1574690819 2
1574690820 2
1574690821 2
1574690822 2
1574691003 2
1574691004 2
1574691005 2
1574691006 2
1574691182 2
1574691183 2
1574691184 2
1574691185 2
1574691935 2
1574691936 2
1574691937 2
1574691938 2
1574692254 2
1574692255 2
1574692256 2
1574692257 2
1574692572 2
1574692573 2
1574692574 1
1574692575 1
1574693484 2
1574693485 2
1574693486 2
1574693487 2
1574693809 2
1574693810 2
1574693811 2
1574694240 2
1574694241 2
1574694242 2
1574694569 2
1574694570 2
1574694571 2
1574694572 2
1574694880 2
1574694881 2
1574694882 2
1574694883 2
1574695126 2
1574695127 2
1574695128 2
1574695454 2
1574695455 2
1574695456 2
1574695457 2
1574695458 2
1574695459 2
1574695460 2
1574695461 2
1574695462 2
1574695463 2
1574695464 2
1574695465 2
1574695775 2
1574695776 2
1574695777 2
1574695778 2
1574696235 2
1574696236 2
1574696237 2
1574696238 2
1574696810 2
1574696811 2
1574696812 2
1574696813 2
1574697386 2
1574697387 2
1574697388 2
1574697979 2
1574697980 2
1574697981 2
1574698548 2
1574698549 2
1574698550 2
1574706669 2
1574706670 2
1574706671 2
1574706804 2
1574706805 2
1574706806 2
1574707047 2
1574707048 2
1574707049 2
1574707050 2
1574707227 2
1574707228 2
1574707229 2
1574707230 2
1574708015 2
1574708016 2
1574708017 2
1574708456 3
1574708457 2
1574708458 2
1574708459 2
1574708460 2
1574708461 2
1574708462 1
1574708463 2
1574708464 2
1574708465 2
1574708466 2
1574708467 2
1574708468 2
1574708469 2
1574708470 2
1574708471 2
1574708472 2
1574708473 2
1574708474 2
1574708475 2
1574708476 2
1574708477 2
1574708478 2
1574708479 2
1574708480 2
1574708481 2
1574708482 2
1574708483 2
1574708484 2
1574708485 2
1574708486 2
1574708487 3
1574708488 4
1574708489 5
1574708490 4
1574708491 4
1574708492 3
1574708493 3
1574708494 2
1574708495 2
1574708496 2
1574708497 2
1574708498 2
1574708499 2
1574708500 2
1574708501 2
1574708502 2
1574708503 2
1574708504 2
1574708505 2
1574708506 2
1574708507 2
1574708508 2
1574708509 2
1574708510 2
1574708511 2
1574708512 2
1574708711 2
1574708712 2
1574708713 2
1574709093 2
1574709094 2
1574709095 2
1574709326 2
1574709327 2
1574709328 2
1574709329 2
1574710436 2
1574710437 2
1574710438 2
1574710439 2
1574710626 2
1574710627 2
1574710628 2
1574710629 2
