1572965362 2
1572965363 2
1572965364 2
1572965365 2
1572965529 2
1572965530 2
1572965531 2
1572965532 2
1572965697 2
1572965698 2
1572965699 2
1572965700 2
1572965866 2
1572965867 2
1572965868 2
1572965869 2
1572966037 2
1572966038 2
1572966039 2
1572966040 2
1572966203 2
1572966204 2
1572966205 2
1572966206 2
1572966375 2
1572966376 2
1572966377 2
1572966378 2
1572966559 2
1572966560 2
1572966561 2
1572966562 2
1572966739 2
1572966740 2
1572966741 2
1572966742 2
1572966902 2
1572966903 2
1572966904 2
1572966905 2
1572967173 2
1572967174 2
1572967175 2
1572967176 2
1572967829 2
1572967830 2
1572967831 2
1572967832 2
1572969133 2
1572969134 2
1572969135 2
1572969136 2
1572969786 2
1572969787 2
1572969788 2
1572969789 2
1572970446 2
1572970447 2
1572970448 2
1572970449 2
1572971098 2
1572971099 2
1572971100 2
1572971760 2
1572971761 2
1572971762 2
1572971763 2
1572972419 2
1572972420 2
1572972421 2
1572972422 2
1572973132 2
1572973133 2
1572973134 2
1572973135 2
1572973785 2
1572973786 2
1572973787 2
1572973788 2
1572974434 2
1572974435 2
1572974436 2
1572974437 2
1572975164 2
1572975165 2
1572975166 2
1572975167 2
1572975491 2
1572975492 2
1572975493 2
1572975494 2
1572975842 2
1572975843 2
1572975844 2
1572975845 2
1572975846 2
1572976234 2
1572976235 2
1572976236 2
1572976237 2
1572976572 2
1572976573 2
1572976574 2
1572976575 2
1572976902 2
1572976903 2
1572976904 2
1572976905 2
1572977232 2
1572977233 2
1572977234 2
1572977235 2
1572977595 2
1572977596 2
1572977597 2
1572977598 2
1572977943 2
1572977944 2
1572977945 2
1572977946 2
