1582884484 2
1582884485 2
1582884486 2
1582884664 2
1582884665 2
1582884666 2
1582884831 2
1582884832 2
1582884833 2
1582884834 2
1582884993 2
1582884994 2
1582884995 2
1582885159 2
1582885160 2
1582885161 2
1582885162 2
1582885322 2
1582885323 2
1582885324 2
1582885481 2
1582885482 2
1582885483 2
1582885484 2
1582885643 2
1582885644 2
1582885645 2
1582885646 2
1582885804 2
1582885805 2
1582885806 2
1582885807 2
1582885966 2
1582885967 2
1582885968 2
1582885969 2
1582886134 2
1582886135 2
1582886136 2
1582886137 2
1582886416 2
1582886417 2
1582886418 2
1582886710 2
1582886711 2
1582886712 2
1582886713 2
1582887002 2
1582887003 2
1582887004 2
1582887005 2
1582887291 2
1582887292 2
1582887293 2
1582887577 2
1582887578 2
1582887579 2
1582887580 2
1582887872 2
1582887873 2
1582887874 2
1582888158 2
1582888159 2
1582888160 2
1582888161 2
1582888446 2
1582888447 2
1582888448 2
1582888449 2
1582888733 2
1582888734 2
1582888735 2
1582888736 2
