1572265017 2
1572265018 2
1572265019 2
1572265020 2
1572265021 2
1572265214 2
1572265215 2
1572265216 2
1572265217 2
1572265218 2
1572265412 4
1572265413 3
1572265414 3
1572265415 2
1572265416 2
1572265610 2
1572265611 3
1572265612 2
1572265613 2
1572265614 2
1572265808 2
1572265809 2
1572265810 2
1572265811 2
1572265812 2
1572266018 2
1572266019 2
1572266020 2
1572266021 2
1572266022 2
1572266211 2
1572266212 2
1572266213 2
1572266214 2
1572266215 2
1572266412 2
1572266413 2
1572266414 2
1572266415 2
1572266416 2
1572266615 2
1572266616 2
1572266617 2
1572266618 2
1572266619 2
1572266810 2
1572266811 2
1572266812 2
1572266813 2
1572266814 2
1572268094 2
1572268095 2
1572268096 2
1572268097 2
1572268098 2
1572268865 2
1572268866 2
1572268867 2
1572268868 2
1572268869 2
1572269279 2
1572269280 2
1572269281 2
1572269282 2
1572269283 2
1572269685 2
1572269686 2
1572269687 2
1572269688 2
1572269689 2
1572270102 2
1572270103 2
1572270104 2
1572270105 2
1572270106 2
1572270498 2
1572270499 2
1572270500 2
1572270501 2
1572270502 2
1572270503 2
1572270892 2
1572270893 2
1572270894 2
1572270895 2
1572270896 2
1572272252 2
1572272253 2
1572272254 2
1572272255 2
1572272583 2
1572272584 2
1572272585 2
1572272586 2
1572272918 2
1572272919 2
1572272920 2
1572272921 2
1572273250 2
1572273251 2
1572273252 2
1572273253 2
1572273597 2
1572273598 2
1572273599 2
1572273600 2
1572274089 2
1572274090 2
1572274091 2
1572274092 2
1572274257 2
1572274258 2
1572274259 2
1572274260 2
1572274432 2
1572274433 2
1572274434 2
1572274435 2
1572274598 2
1572274599 2
1572274600 2
1572274601 2
1572274771 2
1572274772 2
1572274773 2
1572274774 2
1572274941 2
1572274942 2
1572274943 2
1572274944 2
1572275109 2
1572275110 2
1572275111 2
1572275112 2
1572275288 2
1572275289 2
1572275290 2
1572275291 2
1572275457 2
1572275458 2
1572275459 2
1572275460 2
1572275632 2
1572275633 2
1572275634 2
1572275635 2
1572276021 2
1572276022 2
1572276023 2
1572276024 2
1572276354 2
1572276355 2
1572276356 2
1572276357 2
1572276692 2
1572276693 2
1572276694 2
1572276695 2
1572277023 2
1572277024 2
1572277025 2
1572277026 2
1572277353 2
1572277354 2
1572277355 2
1572277356 2
1572277700 2
1572277701 2
1572277702 2
1572277703 2
1572278048 2
1572278049 2
1572278050 2
1572278381 2
1572278382 2
1572278383 2
1572278384 2
