1573827976 3
1573827977 3
1573827978 3
1573827979 3
1573827980 3
1573827981 3
1573827982 3
1573827983 3
1573827984 3
1573827985 3
1573827986 2
1573827987 3
1573827988 3
1573827989 3
1573827990 2
1573827991 3
1573827992 3
1573827993 4
1573827994 5
1573827995 6
1573827996 3
1573827997 3
1573827998 5
1573827999 5
1573828000 5
1573828001 3
1573828002 3
1573828003 3
1573828004 3
1573828005 3
1573828006 2
1573828007 1
1573828008 1
1573828009 3
1573828010 3
1573828011 3
1573828012 3
1573828013 3
1573828014 4
1573828015 4
1573828016 4
1573828017 4
1573828018 3
1573828019 4
1573828020 4
1573828021 4
1573828022 3
1573828023 2
1573828024 2
1573828025 2
1573828026 1
1573828027 3
1573828028 4
1573828029 3
1573828030 2
1573828031 2
1573828032 2
1573828033 2
1573828034 2
1573828035 3
1573828036 3
1573828037 2
1573828038 3
1573828039 3
1573828040 3
1573828041 5
1573828042 3
1573828043 3
1573828044 3
1573828045 4
1573828046 4
1573828047 3
1573828048 3
1573828049 3
1573828050 2
1573828051 2
1573828052 2
1573828053 2
1573828054 3
1573828055 2
1573828056 2
1573828057 2
1573828058 2
1573828059 2
1573828060 2
1573828061 1
1573828062 1
1573828063 1
1573828064 1
1573828065 2
1573828066 4
1573828067 4
1573828068 5
1573828069 5
1573828302 2
1573828303 3
1573828304 3
1573828305 4
1573828306 5
1573828307 5
1573828308 2
1573828309 2
1573828310 3
1573828311 4
1573828312 2
1573828313 2
1573828314 2
1573828315 2
1573828316 2
1573828317 1
1573828318 1
1573828319 1
1573828320 1
1573828321 2
1573828322 1
1573828323 1
1573828324 1
1573828325 1
1573828326 1
1573828327 2
1573828328 2
1573828329 2
1573828330 3
1573828331 2
1573828332 2
1573828333 1
1573828334 1
1573828335 1
1573828336 1
1573828337 1
1573828338 3
1573828339 3
1573828340 3
1573828341 2
1573828342 2
1573828343 2
1573828344 3
1573828345 2
1573828346 3
1573828347 2
1573828348 3
1573828349 4
1573828350 4
1573828351 5
1573828352 4
1573828353 4
1573828354 3
1573828355 4
1573828356 5
1573828357 5
1573828358 3
1573828359 3
1573828360 2
1573828361 2
1573828362 2
1573828363 2
1573828364 2
1573828365 3
1573828366 2
1573828367 2
1573828368 2
1573828369 1
1573828370 1
1573828371 1
1573828372 1
1573828373 1
1573828374 1
1573828375 3
1573828376 4
1573828377 5
1573828378 5
1573828379 5
1573828599 3
1573828600 3
1573828601 3
1573828602 3
1573828603 3
1573828604 3
1573828605 3
1573828606 3
1573828607 3
1573828608 3
1573828609 2
1573828610 2
1573828611 3
1573828612 2
1573828613 3
1573828614 3
1573828615 4
1573828616 4
1573828617 3
1573828618 4
1573828619 2
1573828620 4
1573828621 4
1573828622 3
1573828623 3
1573828624 2
1573828625 2
1573828626 2
1573828627 1
1573828628 1
1573828629 1
1573828630 1
1573828631 2
1573828632 1
1573828633 1
1573828634 1
1573828635 1
1573828636 1
1573828637 2
1573828638 3
1573828639 3
1573828640 3
1573828641 3
1573828642 2
1573828643 1
1573828644 1
1573828645 1
1573828646 1
1573828647 1
1573828648 3
1573828649 4
1573828650 4
1573828651 3
1573828652 2
1573828653 2
1573828654 2
1573828655 3
1573828656 3
1573828657 3
1573828658 3
1573828659 4
1573828660 4
1573828661 3
1573828662 5
1573828663 5
1573828664 5
1573828665 3
1573828666 5
1573828667 4
1573828668 4
1573828669 3
1573828670 2
1573828671 2
1573828672 2
1573828673 2
1573828674 2
1573828675 2
1573828676 2
1573828677 2
1573828678 2
1573828679 1
1573828680 1
1573828681 1
1573828682 1
1573828683 1
1573828684 1
1573828685 2
1573828686 4
1573828687 4
1573828688 5
1573828689 5
1573828904 3
1573828905 3
1573828906 3
1573828907 3
1573828908 3
1573828909 3
1573828910 4
1573828911 3
1573828912 3
1573828913 2
1573828914 2
1573828915 2
1573828916 2
1573828917 3
1573828918 3
1573828919 4
1573828920 4
1573828921 4
1573828922 5
1573828923 3
1573828924 3
1573828925 2
1573828926 4
1573828927 4
1573828928 3
1573828929 3
1573828930 3
1573828931 3
1573828932 3
1573828933 2
1573828934 1
1573828935 1
1573828936 1
1573828937 2
1573828938 3
1573828939 3
1573828940 3
1573828941 3
1573828942 3
1573828943 3
1573828944 3
1573828945 3
1573828946 3
1573828947 3
1573828948 3
1573828949 2
1573828950 2
1573828951 1
1573828952 1
1573828953 1
1573828954 4
1573828955 5
1573828956 5
1573828957 4
1573828958 3
1573828959 2
1573828960 2
1573828961 2
1573828962 3
1573828963 2
1573828964 2
1573828965 4
1573828966 4
1573828967 4
1573828968 6
1573828969 4
1573828970 3
1573828971 3
1573828972 3
1573828973 3
1573828974 3
1573828975 3
1573828976 2
1573828977 3
1573828978 2
1573828979 2
1573828980 3
1573828981 2
1573828982 2
1573828983 2
1573828984 2
1573828985 2
1573828986 1
1573828987 1
1573828988 1
1573828989 1
1573828990 1
1573828991 4
1573828992 4
1573828993 5
1573828994 4
1573829209 3
1573829210 3
1573829211 3
1573829212 3
1573829213 3
1573829214 3
1573829215 3
1573829216 3
1573829217 2
1573829218 2
1573829219 2
1573829220 3
1573829221 4
1573829222 3
1573829223 3
1573829224 3
1573829225 4
1573829226 5
1573829227 5
1573829228 3
1573829229 2
1573829230 4
1573829231 4
1573829232 2
1573829233 2
1573829234 2
1573829235 2
1573829236 1
1573829237 1
1573829238 1
1573829239 1
1573829240 2
1573829241 2
1573829242 2
1573829243 2
1573829244 2
1573829245 2
1573829246 4
1573829247 4
1573829248 4
1573829249 4
1573829250 4
1573829251 3
1573829252 3
1573829253 2
1573829254 2
1573829255 2
1573829256 1
1573829257 3
1573829258 4
1573829259 4
1573829260 3
1573829261 3
1573829262 2
1573829263 3
1573829264 2
1573829265 2
1573829266 3
1573829267 3
1573829268 3
1573829269 3
1573829270 3
1573829271 5
1573829272 4
1573829273 3
1573829274 3
1573829275 3
1573829276 3
1573829277 3
1573829278 2
1573829279 2
1573829280 2
1573829281 2
1573829282 2
1573829283 2
1573829284 3
1573829285 2
1573829286 2
1573829287 2
1573829288 1
1573829289 1
1573829290 1
1573829291 1
1573829292 1
1573829293 1
1573829294 3
1573829295 4
1573829296 5
1573829297 4
1573829298 5
1573829515 3
1573829516 3
1573829517 3
1573829518 3
1573829519 3
1573829520 3
1573829521 3
1573829522 4
1573829523 4
1573829524 3
1573829525 2
1573829526 2
1573829527 3
1573829528 3
1573829529 3
1573829530 3
1573829531 5
1573829532 4
1573829533 4
1573829534 4
1573829535 4
1573829536 3
1573829537 4
1573829538 3
1573829539 4
1573829540 3
1573829541 3
1573829542 2
1573829543 1
1573829544 1
1573829545 1
1573829546 1
1573829547 2
1573829548 2
1573829549 2
1573829550 2
1573829551 2
1573829552 2
1573829553 2
1573829554 2
1573829555 3
1573829556 3
1573829557 3
1573829558 4
1573829559 5
1573829560 4
1573829561 4
1573829562 3
1573829563 3
1573829564 3
1573829565 1
1573829566 2
1573829567 4
1573829568 4
1573829569 3
1573829570 2
1573829571 2
1573829572 2
1573829573 3
1573829574 2
1573829575 3
1573829576 3
1573829577 3
1573829578 4
1573829579 4
1573829580 4
1573829581 5
1573829582 4
1573829583 5
1573829584 4
1573829585 4
1573829586 4
1573829587 4
1573829588 3
1573829589 2
1573829590 2
1573829591 2
1573829592 2
1573829593 1
1573829594 2
1573829595 2
1573829596 2
1573829597 2
1573829598 2
1573829599 1
1573829600 1
1573829601 1
1573829602 1
1573829603 2
1573829604 4
1573829605 5
1573829606 5
1573829607 6
1573829896 3
1573829897 3
1573829898 3
1573829899 3
1573829900 3
1573829901 3
1573829902 3
1573829903 3
1573829904 3
1573829905 3
1573829906 2
1573829907 2
1573829908 3
1573829909 3
1573829910 2
1573829911 3
1573829912 4
1573829913 4
1573829914 5
1573829915 3
1573829916 3
1573829917 3
1573829918 4
1573829919 3
1573829920 2
1573829921 2
1573829922 3
1573829923 3
1573829924 3
1573829925 2
1573829926 2
1573829927 1
1573829928 1
1573829929 1
1573829930 2
1573829931 3
1573829932 2
1573829933 3
1573829934 3
1573829935 3
1573829936 3
1573829937 3
1573829938 3
1573829939 3
1573829940 3
1573829941 3
1573829942 3
1573829943 3
1573829944 3
1573829945 3
1573829946 3
1573829947 3
1573829948 3
1573829949 3
1573829950 3
1573829951 3
1573829952 3
1573829953 3
1573829954 3
1573829955 3
1573829956 4
1573829957 3
1573829958 3
1573829959 3
1573829960 4
1573829961 3
1573829962 3
1573829963 3
1573829964 3
1573829965 3
1573829966 3
1573829967 3
1573829968 3
1573829969 3
1573829970 3
1573829971 3
1573829972 3
1573829973 3
1573829974 3
1573829975 3
1573829976 4
1573829977 4
1573829978 4
1573829979 4
1573829980 4
1573829981 4
1573829982 4
1573829983 4
1573829984 3
1573829985 3
1573829986 3
1573829987 3
1573829988 3
1573829989 3
1573829990 3
1573829991 3
1573829992 3
1573829993 3
1573829994 3
1573829995 3
1573829996 3
1573829997 3
1573829998 3
1573829999 3
1573830000 3
1573830001 3
1573830002 3
1573830003 3
1573830004 3
1573830005 3
1573830006 3
1573830007 3
1573830008 3
1573830009 3
1573830010 3
1573830011 3
1573830012 3
1573830013 3
1573830014 3
1573830015 3
1573830016 3
1573830017 3
1573830018 3
1573830019 3
1573830020 3
1573830021 3
1573830022 3
1573830023 3
1573830024 3
1573830025 3
1573830026 3
1573830027 3
1573830028 3
1573830029 3
1573830030 4
1573830031 4
1573830032 4
1573830033 4
1573830034 4
1573830035 4
1573830036 4
1573830037 4
1573830038 4
1573830039 3
1573830040 3
1573830041 3
1573830042 3
1573830043 3
1573830044 3
1573830045 3
1573830046 3
1573830047 3
1573830048 3
1573830049 3
1573830050 3
1573830051 3
1573830052 3
1573830053 3
1573830054 3
1573830055 3
1573830056 3
1573830057 3
1573830058 3
1573830059 3
1573830060 3
1573830061 3
1573830062 3
1573830063 3
1573830064 3
1573830065 3
1573830066 3
1573830067 3
1573830068 3
1573830069 3
1573830070 3
1573830071 3
1573830072 3
1573830073 3
1573830074 3
1573830075 3
1573830076 3
1573830077 3
1573830078 3
1573830079 3
1573830080 3
1573830081 3
1573830082 3
1573830083 3
1573830084 3
1573830085 3
1573830086 3
1573830087 3
1573830088 3
1573830089 3
1573830090 3
1573830091 3
1573830092 3
1573830093 3
1573830094 3
1573830095 3
1573830096 3
1573830097 3
1573830098 3
1573830099 3
1573830100 3
1573830101 3
1573830102 3
1573830103 3
1573830104 3
1573830105 3
1573830106 3
1573830107 3
1573830108 4
1573830109 3
1573830110 4
1573830111 4
1573830112 4
1573830113 4
1573830114 3
1573830115 4
1573830116 4
1573830117 3
1573830118 4
1573830119 4
1573830120 4
1573830121 3
1573830122 3
1573830123 5
1573830124 5
1573830125 4
1573830126 2
1573830127 2
1573830128 2
1573830129 2
1573830130 3
1573830131 2
1573830132 2
1573830133 3
1573830134 4
1573830135 4
1573830136 5
1573830137 6
1573830138 4
1573830139 4
1573830140 4
1573830141 4
1573830142 3
1573830143 3
1573830144 2
1573830145 2
1573830146 2
1573830147 2
1573830148 2
1573830149 3
1573830150 2
1573830151 2
1573830152 2
1573830153 2
1573830154 3
1573830155 1
1573830156 1
1573830157 1
1573830158 1
1573830159 1
1573830160 4
1573830161 4
1573830162 5
1573830163 5
1573830164 6
1573830382 3
1573830383 3
1573830384 3
1573830385 3
1573830386 3
1573830387 3
1573830388 3
1573830389 3
1573830390 3
1573830391 2
1573830392 2
1573830393 3
1573830394 3
1573830395 2
1573830396 4
1573830397 3
1573830398 4
1573830399 5
1573830400 5
1573830401 6
1573830402 4
1573830403 2
1573830404 4
1573830405 3
1573830406 4
1573830407 4
1573830408 2
1573830409 2
1573830410 3
1573830411 2
1573830412 1
1573830413 1
1573830414 1
1573830415 1
1573830416 2
1573830417 3
1573830418 3
1573830419 3
1573830420 3
1573830421 2
1573830422 2
1573830423 3
1573830424 3
1573830425 3
1573830426 4
1573830427 3
1573830428 1
1573830429 1
1573830430 1
1573830431 1
1573830432 1
1573830433 3
1573830434 4
1573830435 4
1573830436 3
1573830437 2
1573830438 2
1573830439 3
1573830440 3
1573830441 2
1573830442 3
1573830443 2
1573830444 4
1573830445 4
1573830446 4
1573830447 6
1573830448 4
1573830449 4
1573830450 3
1573830451 3
1573830452 3
1573830453 3
1573830454 2
1573830455 2
1573830456 2
1573830457 2
1573830458 2
1573830459 2
1573830460 3
1573830461 2
1573830462 2
1573830463 2
1573830464 2
1573830465 1
1573830466 1
1573830467 1
1573830468 1
1573830469 1
1573830470 3
1573830471 4
1573830472 4
1573830473 5
1573830474 5
1573830690 3
1573830691 3
1573830692 3
1573830693 3
1573830694 3
1573830695 3
1573830696 3
1573830697 3
1573830698 3
1573830699 3
1573830700 2
1573830701 3
1573830702 3
1573830703 2
1573830704 3
1573830705 3
1573830706 4
1573830707 4
1573830708 4
1573830709 3
1573830710 3
1573830711 4
1573830712 3
1573830713 3
1573830714 3
1573830715 2
1573830716 3
1573830717 2
1573830718 3
1573830719 3
1573830720 3
1573830721 2
1573830722 3
1573830723 4
1573830724 4
1573830725 3
1573830726 3
1573830727 3
1573830728 3
1573830729 3
1573830730 4
1573830731 4
1573830732 3
1573830733 4
1573830734 3
1573830735 3
1573830736 2
1573830737 2
1573830738 2
1573830739 1
1573830740 2
1573830741 4
1573830742 3
1573830743 3
1573830744 2
1573830745 2
1573830746 2
1573830747 2
1573830748 2
1573830749 2
1573830750 3
1573830751 3
1573830752 4
1573830753 3
1573830754 4
1573830755 6
1573830756 5
1573830757 3
1573830758 4
1573830759 4
1573830760 4
1573830761 4
1573830762 2
1573830763 2
1573830764 2
1573830765 2
1573830766 2
1573830767 2
1573830768 2
1573830769 2
1573830770 2
1573830771 2
1573830772 1
1573830773 1
1573830774 1
1573830775 1
1573830776 1
1573830777 2
1573830778 4
1573830779 5
1573830780 4
1573830781 6
1573830998 3
1573830999 3
1573831000 3
1573831001 3
1573831002 3
1573831003 3
1573831004 4
1573831005 3
1573831006 3
1573831007 2
1573831008 2
1573831009 2
1573831010 2
1573831011 3
1573831012 3
1573831013 3
1573831014 4
1573831015 4
1573831016 6
1573831017 3
1573831018 3
1573831019 6
1573831020 4
1573831021 4
1573831022 2
1573831023 2
1573831024 2
1573831025 2
1573831026 2
1573831027 2
1573831028 1
1573831029 1
1573831030 1
1573831031 2
1573831032 2
1573831033 2
1573831034 2
1573831035 3
1573831036 3
1573831037 3
1573831038 3
1573831039 3
1573831040 4
1573831041 4
1573831042 4
1573831043 3
1573831044 2
1573831045 2
1573831046 1
1573831047 1
1573831048 3
1573831049 4
1573831050 3
1573831051 2
1573831052 2
1573831053 2
1573831054 2
1573831055 2
1573831056 3
1573831057 3
1573831058 2
1573831059 4
1573831060 4
1573831061 5
1573831062 7
1573831063 6
1573831064 5
1573831065 7
1573831066 4
1573831067 4
1573831068 3
1573831069 2
1573831070 2
1573831071 2
1573831072 2
1573831073 2
1573831074 2
1573831075 2
1573831076 2
1573831077 3
1573831078 3
1573831079 3
1573831080 2
1573831081 2
1573831082 1
1573831083 1
1573831084 2
1573831085 4
1573831086 5
1573831087 5
1573831088 6
