1580217831 3
1580217832 3
1580217833 3
1580217834 3
1580217835 3
1580217836 3
1580217837 3
1580217838 3
1580217839 3
1580217840 3
1580217841 2
1580217842 2
1580217843 2
1580217844 2
1580217845 3
1580217846 3
1580217847 3
1580217848 4
1580217849 7
1580217850 4
1580217851 4
1580217852 4
1580217853 4
1580217854 4
1580217855 2
1580217856 3
1580217857 2
1580217858 2
1580217859 2
1580217860 2
1580217861 3
1580217862 4
1580217863 4
1580217864 5
1580217865 5
1580217866 4
1580217867 4
1580217868 5
1580217869 3
1580217870 3
1580217871 4
1580217872 4
1580217873 4
1580217874 4
1580217875 5
1580217876 4
1580217877 3
1580217878 3
1580217879 2
1580217880 1
1580217881 1
1580217882 2
1580217883 2
1580217884 3
1580217885 3
1580217886 3
1580217887 3
1580217888 3
1580217889 3
1580217890 2
1580217891 2
1580217892 2
1580217893 2
1580217894 2
1580217895 3
1580217896 3
1580217897 4
1580217898 5
1580217899 8
1580217900 6
1580217901 6
1580217902 4
1580217903 4
1580217904 4
1580217905 3
1580217906 2
1580217907 2
1580217908 2
1580217909 2
1580217910 2
1580217911 3
1580217912 2
1580217913 2
1580217914 2
1580217915 3
1580217916 3
1580217917 3
1580217918 2
1580217919 3
1580217920 3
1580217921 5
1580217922 6
1580217923 3
1580217924 4
1580217925 5
1580218173 2
1580218174 4
1580218175 4
1580218176 3
1580218177 4
1580218178 4
1580218179 6
1580218180 4
1580218181 5
1580218182 6
1580218183 6
1580218184 3
1580218185 2
1580218186 3
1580218187 3
1580218188 4
1580218189 3
1580218190 2
1580218191 2
1580218192 3
1580218193 3
1580218194 3
1580218195 3
1580218196 2
1580218197 2
1580218198 2
1580218199 2
1580218200 3
1580218201 3
1580218202 2
1580218203 3
1580218204 2
1580218205 2
1580218206 1
1580218207 1
1580218208 1
1580218209 2
1580218210 2
1580218211 3
1580218212 5
1580218213 1
1580218214 2
1580218215 2
1580218216 2
1580218217 2
1580218218 2
1580218219 2
1580218220 2
1580218221 2
1580218222 2
1580218223 3
1580218224 3
1580218225 3
1580218226 4
1580218227 5
1580218228 4
1580218229 3
1580218230 4
1580218231 4
1580218232 3
1580218233 3
1580218234 2
1580218235 2
1580218236 2
1580218237 2
1580218238 3
1580218239 3
1580218240 2
1580218241 2
1580218242 2
1580218243 3
1580218244 2
1580218245 2
1580218246 2
1580218247 1
1580218248 2
1580218249 2
1580218250 3
1580218251 3
1580218252 2
1580218487 3
1580218488 3
1580218489 3
1580218490 4
1580218491 4
1580218492 5
1580218493 3
1580218494 3
1580218495 4
1580218496 5
1580218497 3
1580218498 4
1580218499 3
1580218500 3
1580218501 3
1580218502 2
1580218503 3
1580218504 3
1580218505 3
1580218506 3
1580218507 2
1580218508 2
1580218509 2
1580218510 2
1580218511 2
1580218512 2
1580218513 3
1580218514 3
1580218515 2
1580218516 3
1580218517 2
1580218518 2
1580218519 1
1580218520 1
1580218521 1
1580218522 2
1580218523 2
1580218524 3
1580218525 5
1580218526 4
1580218527 4
1580218528 3
1580218529 4
1580218530 2
1580218531 3
1580218532 4
1580218533 5
1580218534 5
1580218535 4
1580218536 5
1580218537 4
1580218538 4
1580218539 3
1580218540 3
1580218541 3
1580218542 3
1580218543 3
1580218544 2
1580218545 2
1580218546 3
1580218547 3
1580218548 2
1580218549 3
1580218550 3
1580218551 4
1580218552 3
1580218553 3
1580218554 3
1580218555 3
1580218556 4
1580218557 4
1580218558 2
1580218559 2
1580218560 2
1580218561 2
1580218562 2
1580218563 2
1580218564 3
1580218565 2
1580218566 2
1580218567 2
1580218568 3
1580218569 2
1580218570 2
1580218571 2
1580218572 3
1580218573 3
1580218574 3
1580218575 4
1580218576 4
1580218577 4
1580218578 5
1580218896 2
1580218897 2
1580218898 2
1580218899 1
1580218900 1
1580218901 2
1580218902 3
1580218903 3
1580218904 3
1580219160 3
1580219161 3
1580219162 3
1580219163 3
1580219164 3
1580219165 3
1580219166 4
1580219167 4
1580219168 3
1580219169 3
1580219170 2
1580219171 2
1580219172 2
1580219173 2
1580219174 3
1580219175 4
1580219176 4
1580219177 5
1580219178 7
1580219179 7
1580219180 5
1580219181 4
1580219182 5
1580219183 6
1580219184 4
1580219185 4
1580219186 6
1580219187 7
1580219188 6
1580219189 7
1580219190 8
1580219191 8
1580219192 8
1580219193 8
1580219194 6
1580219195 7
1580219196 6
1580219197 6
1580219198 6
1580219199 5
1580219200 5
1580219201 5
1580219202 5
1580219203 6
1580219204 5
1580219205 5
1580219206 5
1580219207 5
1580219208 6
1580219209 6
1580219210 6
1580219211 5
1580219212 5
1580219213 6
1580219214 5
1580219215 4
1580219216 4
1580219217 3
1580219218 3
1580219219 3
1580219220 4
1580219221 3
1580219222 4
1580219223 3
1580219224 2
1580219225 2
1580219226 2
1580219227 2
1580219228 1
1580219229 1
1580219230 1
1580219231 1
1580219232 1
1580219233 1
1580219234 1
1580219235 1
1580219236 2
1580219237 2
1580219238 2
1580219239 2
1580219240 2
1580219241 1
1580219242 1
1580219243 1
1580219244 3
1580219245 2
1580219246 2
1580219247 2
1580219248 3
1580219249 3
1580219250 3
1580219251 3
1580219252 3
1580219253 4
1580219254 5
1580219255 4
1580219256 5
1580219257 5
1580219258 4
1580219259 4
1580219260 3
1580219261 4
1580219262 3
1580219263 3
1580219264 4
1580219265 3
1580219266 5
1580219267 5
1580219268 4
1580219269 3
1580219270 3
1580219271 3
1580219272 2
1580219273 2
1580219274 2
1580219275 2
1580219276 2
1580219277 2
1580219278 3
1580219279 3
1580219280 2
1580219520 3
1580219521 3
1580219522 3
1580219523 3
1580219524 3
1580219525 3
1580219526 3
1580219527 5
1580219528 4
1580219529 3
1580219530 2
1580219531 3
1580219532 2
1580219533 2
1580219534 4
1580219535 3
1580219536 3
1580219537 4
1580219538 6
1580219539 4
1580219540 3
1580219541 2
1580219542 5
1580219543 6
1580219544 4
1580219545 5
1580219546 6
1580219547 6
1580219548 6
1580219549 6
1580219550 6
1580219551 8
1580219552 7
1580219553 6
1580219554 5
1580219555 6
1580219556 5
1580219557 6
1580219558 6
1580219559 6
1580219560 7
1580219561 7
1580219562 7
1580219563 7
1580219564 6
1580219565 6
1580219566 6
1580219567 6
1580219568 6
1580219569 7
1580219570 6
1580219571 6
1580219572 6
1580219573 5
1580219574 5
1580219575 5
1580219576 4
1580219577 2
1580219578 2
1580219579 1
1580219580 1
1580219581 1
1580219582 2
1580219583 2
1580219584 2
1580219585 3
1580219586 2
1580219587 2
1580219588 2
1580219589 2
1580219590 2
1580219591 2
1580219592 2
1580219593 2
1580219594 2
1580219595 3
1580219596 3
1580219597 4
1580219598 3
1580219599 3
1580219600 4
1580219601 3
1580219602 4
1580219603 3
1580219604 2
1580219605 2
1580219606 2
1580219607 2
1580219608 2
1580219609 2
1580219610 3
1580219611 2
1580219612 2
1580219613 2
1580219614 3
1580219615 2
1580219616 2
1580219617 2
1580219618 2
1580219619 2
1580219620 2
1580219621 2
1580219622 3
1580219623 3
1580219624 4
1580222261 2
1580222262 3
1580222263 3
1580222264 3
1580222265 4
1580222266 4
1580222267 4
1580222268 3
1580222269 3
1580222270 3
1580222271 3
1580222272 3
1580222273 3
1580222274 3
1580222275 2
1580222276 2
1580222277 1
1580222278 3
1580222279 3
1580222280 4
1580222281 4
1580222282 3
1580222283 3
1580222284 3
1580222285 2
1580222286 2
1580222287 2
1580222288 3
1580222289 3
1580222290 3
1580222291 3
1580222292 3
1580222293 2
1580222294 1
1580222295 1
1580222296 1
1580222297 2
1580222298 2
1580222299 3
1580222300 3
1580222301 2
1580222302 2
1580222303 2
1580222304 2
1580222305 2
1580222306 2
1580222307 2
1580222308 2
1580222309 2
1580222310 3
1580222311 3
1580222312 4
1580222313 4
1580222314 5
1580222315 4
1580222316 4
1580222317 4
1580222318 4
1580222319 3
1580222320 2
1580222321 2
1580222322 2
1580222323 2
1580222324 2
1580222325 2
1580222326 2
1580222327 2
1580222328 2
1580222329 2
1580222330 3
1580222331 2
1580222332 2
1580222333 2
1580222334 2
1580222335 3
1580222336 2
1580222337 3
1580222338 4
1580222339 4
1580222340 5
1580222563 3
1580222564 3
1580222565 3
1580222566 3
1580222567 3
1580222568 3
1580222569 3
1580222570 3
1580222571 3
1580222572 3
1580222573 4
1580222574 3
1580222575 2
1580222576 1
1580222577 5
1580222578 3
1580222579 3
1580222580 4
1580222581 4
1580222582 3
1580222583 4
1580222584 4
1580222585 5
1580222586 4
1580222587 3
1580222588 2
1580222589 3
1580222590 3
1580222591 3
1580222592 3
1580222593 2
1580222594 2
1580222595 2
1580222596 2
1580222597 2
1580222598 2
1580222599 2
1580222600 2
1580222601 2
1580222602 1
1580222603 3
1580222604 3
1580222605 3
1580222606 4
1580222607 4
1580222608 3
1580222609 5
1580222610 4
1580222611 4
1580222612 4
1580222613 4
1580222614 4
1580222615 5
1580222616 4
1580222617 3
1580222618 3
1580222619 5
1580222620 3
1580222621 4
1580222622 2
1580222623 2
1580222624 2
1580222625 3
1580222626 3
1580222627 3
1580222628 5
1580222629 5
1580222630 5
1580222631 4
1580222632 4
1580222633 3
1580222634 3
1580222635 2
1580222636 2
1580222637 2
1580222638 2
1580222639 2
1580222640 2
1580222641 2
1580222642 2
1580222643 2
1580222644 2
1580222645 3
1580222646 3
1580222647 2
1580222648 2
1580222649 2
1580222650 1
1580222651 2
1580222652 3
1580222653 3
1580222654 3
1580222655 3
1580222890 2
1580222891 3
1580222892 3
1580222893 3
1580222894 4
1580222895 4
1580222896 4
1580222897 3
1580222898 2
1580222899 4
1580222900 4
1580222901 3
1580222902 3
1580222903 3
1580222904 3
1580222905 3
1580222906 2
1580222907 2
1580222908 2
1580222909 3
1580222910 2
1580222911 1
1580222912 1
1580222913 1
1580222914 2
1580222915 3
1580222916 4
1580222917 4
1580222918 4
1580222919 5
1580222920 4
1580222921 2
1580222922 1
1580222923 1
1580222924 1
1580222925 2
1580222926 3
1580222927 4
1580222928 4
1580222929 3
1580222930 2
1580222931 2
1580222932 2
1580222933 2
1580222934 2
1580222935 2
1580222936 2
1580222937 3
1580222938 3
1580222939 3
1580222940 3
1580222941 5
1580222942 3
1580222943 4
1580222944 3
1580222945 3
1580222946 3
1580222947 3
1580222948 2
1580222949 2
1580222950 2
1580222951 2
1580222952 2
1580222953 3
1580222954 2
1580222955 2
1580222956 2
1580222957 3
1580222958 2
1580222959 2
1580222960 2
1580222961 1
1580222962 2
1580222963 2
1580222964 3
1580222965 3
1580222966 3
1580223195 3
1580223196 4
1580223197 4
1580223198 3
1580223199 5
1580223200 5
1580223201 5
1580223202 4
1580223203 3
1580223204 3
1580223205 3
1580223206 3
1580223207 4
1580223208 3
1580223209 3
1580223210 2
1580223211 2
1580223212 2
1580223213 3
1580223214 3
1580223215 3
1580223216 2
1580223217 1
1580223218 2
1580223219 3
1580223220 2
1580223221 4
1580223222 4
1580223223 4
1580223224 5
1580223225 4
1580223226 3
1580223227 2
1580223228 2
1580223229 3
1580223230 3
1580223231 2
1580223232 4
1580223233 3
1580223234 2
1580223235 2
1580223236 2
1580223237 2
1580223238 2
1580223239 2
1580223240 2
1580223241 2
1580223242 3
1580223243 3
1580223244 3
1580223245 4
1580223246 5
1580223247 3
1580223248 3
1580223249 3
1580223250 3
1580223251 3
1580223252 2
1580223253 2
1580223254 2
1580223255 2
1580223256 2
1580223257 2
1580223258 2
1580223259 2
1580223260 2
1580223261 3
1580223262 2
1580223263 2
1580223264 2
1580223265 2
1580223266 2
1580223267 1
1580223268 3
1580223269 3
1580223270 3
1580223271 4
1580223566 2
1580223567 2
1580223568 2
1580223569 3
1580223570 3
1580223571 3
1580223572 3
1580223573 2
1580223574 2
1580223575 2
1580223576 3
1580223577 3
1580223578 3
1580223579 4
1580223580 4
1580223581 3
1580223582 4
1580223583 3
1580223584 4
1580223585 3
1580223586 3
1580223587 3
1580223588 3
1580223589 4
1580223590 3
1580223591 2
1580223592 2
1580223593 2
1580223594 3
1580223595 2
1580223596 3
1580223597 3
1580223598 6
1580223599 5
1580223600 6
1580223601 6
1580223602 4
1580223603 3
1580223604 2
1580223605 2
1580223606 2
1580223607 5
1580223608 6
1580223609 3
1580223610 3
1580223611 2
1580223612 2
1580223613 2
1580223614 3
1580223615 2
1580223616 1
1580223617 1
1580223618 3
1580223619 3
1580223620 3
1580223621 5
1580223622 5
1580223623 4
1580223624 4
1580223625 7
1580223626 5
1580223627 4
1580223628 3
1580223629 3
1580223630 3
1580223631 3
1580223632 2
1580223633 2
1580223634 2
1580223635 2
1580223636 2
1580223637 2
1580223638 2
1580223639 2
1580223640 2
1580223641 2
1580223642 3
1580223643 3
1580223644 2
1580223645 2
1580223646 2
1580223647 2
1580223648 2
1580223649 2
1580223650 3
1580223651 3
1580223652 3
1580224133 2
1580224134 2
1580224135 2
1580224136 3
1580224137 3
1580224138 3
1580224139 2
1580224140 2
1580224141 2
1580224142 2
1580224143 5
1580224144 3
1580224145 3
1580224146 4
1580224147 4
1580224148 5
1580224149 4
1580224150 4
1580224151 4
1580224152 3
1580224153 4
1580224154 3
1580224155 4
1580224156 2
1580224157 1
1580224158 2
1580224159 2
1580224160 2
1580224161 1
1580224162 2
1580224163 2
1580224164 3
1580224165 4
1580224166 4
1580224167 3
1580224168 4
1580224169 3
1580224170 3
1580224171 4
1580224172 3
1580224173 4
1580224174 2
1580224175 2
1580224176 2
1580224177 2
1580224178 2
1580224179 2
1580224180 2
1580224181 2
1580224182 2
1580224183 2
1580224184 3
1580224185 3
1580224186 3
1580224187 4
1580224188 5
1580224189 3
1580224190 3
1580224191 3
1580224192 3
1580224193 2
1580224194 2
1580224195 2
1580224196 2
1580224197 2
1580224198 2
1580224199 2
1580224200 2
1580224201 2
1580224202 2
1580224203 2
1580224204 3
1580224205 2
1580224206 2
1580224207 2
1580224208 2
1580224209 2
1580224210 2
1580224211 3
1580224212 3
1580224213 3
1580224214 3
1580224691 2
1580224692 3
1580224693 4
1580224694 4
1580224695 3
1580224696 2
1580224697 2
1580224698 2
1580224699 2
1580224700 3
1580224701 3
1580224702 3
1580224703 4
1580224704 4
1580224705 5
1580224706 3
1580224707 4
1580224708 3
1580224709 4
1580224710 3
1580224711 3
1580224712 3
1580224713 3
1580224714 3
1580224715 2
1580224716 2
1580224717 3
1580224718 3
1580224719 3
1580224720 4
1580224721 4
1580224722 4
1580224723 4
1580224724 4
1580224725 3
1580224726 3
1580224727 3
1580224728 2
1580224729 2
1580224730 2
1580224731 3
1580224732 2
1580224733 2
1580224734 2
1580224735 2
1580224736 2
1580224737 2
1580224738 2
1580224739 2
1580224740 2
1580224741 3
1580224742 3
1580224743 4
1580224744 4
1580224745 3
1580224746 3
1580224747 3
1580224748 3
1580224749 3
1580224750 2
1580224751 2
1580224752 2
1580224753 2
1580224754 2
1580224755 2
1580224756 3
1580224757 2
1580224758 2
1580224759 2
1580224760 3
1580224761 2
1580224762 2
1580224763 2
1580224764 2
1580224765 3
1580224766 2
1580224767 3
1580224768 3
1580224769 4
1580225249 2
1580225250 2
1580225251 2
1580225252 3
1580225253 3
1580225254 3
1580225255 2
1580225256 3
1580225257 2
1580225258 2
1580225259 3
1580225260 4
1580225261 4
1580225262 5
1580225263 5
1580225264 4
1580225265 4
1580225266 3
1580225267 4
1580225268 4
1580225269 3
1580225270 3
1580225271 4
1580225272 4
1580225273 3
1580225274 3
1580225275 3
1580225276 3
1580225277 3
1580225278 3
1580225279 2
1580225280 3
1580225281 2
1580225282 2
1580225283 3
1580225284 3
1580225285 2
1580225286 2
1580225287 2
1580225288 3
1580225289 3
1580225290 5
1580225291 4
1580225292 3
1580225293 4
1580225294 3
1580225295 3
1580225296 3
1580225297 3
1580225298 3
1580225299 2
1580225300 2
1580225301 2
1580225302 2
1580225303 3
1580225304 3
1580225305 4
1580225306 3
1580225307 4
1580225308 3
1580225309 3
1580225310 3
1580225311 3
1580225312 3
1580225313 2
1580225314 2
1580225315 2
1580225316 2
1580225317 2
1580225318 3
1580225319 3
1580225320 2
1580225321 2
1580225322 3
1580225323 2
1580225324 2
1580225325 2
1580225326 2
1580225327 2
1580225328 2
1580225329 2
1580225330 3
1580225331 3
1580225332 3
1580225333 4
1580225814 2
1580225815 2
1580225816 3
1580225817 4
1580225818 4
1580225819 3
1580225820 2
1580225821 3
1580225822 2
1580225823 2
1580225824 3
1580225825 3
1580225826 3
1580225827 4
1580225828 4
1580225829 6
1580225830 3
1580225831 3
1580225832 4
1580225833 6
1580225834 5
1580225835 5
1580225836 5
1580225837 6
1580225838 4
1580225839 4
1580225840 4
1580225841 3
1580225842 4
1580225843 5
1580225844 3
1580225845 5
1580225846 4
1580225847 3
1580225848 2
1580225849 1
1580225850 1
1580225851 1
1580225852 2
1580225853 2
1580225854 2
1580225855 4
1580225856 3
1580225857 2
1580225858 2
1580225859 2
1580225860 2
1580225861 2
1580225862 2
1580225863 2
1580225864 2
1580225865 3
1580225866 3
1580225867 5
1580225868 5
1580225869 4
1580225870 5
1580225871 3
1580225872 3
1580225873 3
1580225874 3
1580225875 3
1580225876 2
1580225877 2
1580225878 2
1580225879 2
1580225880 3
1580225881 3
1580225882 2
1580225883 2
1580225884 2
1580225885 3
1580225886 2
1580225887 2
1580225888 2
1580225889 1
1580225890 2
1580225891 2
1580225892 4
1580225893 4
1580225894 3
1580226392 2
1580226393 4
1580226394 3
1580226395 3
1580226396 3
1580226397 3
1580226398 2
1580226399 1
1580226400 3
1580226401 3
1580226402 4
1580226403 3
1580226404 4
1580226405 5
1580226406 4
1580226407 3
1580226408 4
1580226409 4
1580226410 4
1580226411 4
1580226412 3
1580226413 4
1580226414 4
1580226415 5
1580226416 6
1580226417 5
1580226418 5
1580226419 7
1580226420 7
1580226421 7
1580226422 7
1580226423 8
1580226424 6
1580226425 5
1580226426 4
1580226427 3
1580226428 2
1580226429 1
1580226430 1
1580226431 1
1580226432 4
1580226433 4
1580226434 5
1580226435 5
1580226436 3
1580226437 4
1580226438 3
1580226439 2
1580226440 3
1580226441 3
1580226442 2
1580226443 2
1580226444 2
1580226445 2
1580226446 3
1580226447 3
1580226448 3
1580226449 6
1580226450 5
1580226451 4
1580226452 5
1580226453 4
1580226454 4
1580226455 3
1580226456 3
1580226457 2
1580226458 2
1580226459 2
1580226460 2
1580226461 2
1580226462 3
1580226463 2
1580226464 2
1580226465 2
1580226466 2
1580226467 3
1580226468 3
1580226469 2
1580226470 2
1580226471 1
1580226472 2
1580226473 2
1580226474 3
1580226475 3
1580226476 3
1580226960 2
1580226961 2
1580226962 3
1580226963 3
1580226964 3
1580226965 3
1580226966 3
1580226967 3
1580226968 2
1580226969 2
1580226970 2
1580226971 2
1580226972 3
1580226973 3
1580226974 4
1580226975 4
1580226976 4
1580226977 4
1580226978 5
1580226979 2
1580226980 4
1580226981 4
1580226982 3
1580226983 2
1580226984 3
1580226985 4
1580226986 4
1580226987 3
1580226988 2
1580226989 2
1580226990 2
1580226991 1
1580226992 2
1580226993 2
1580226994 2
1580226995 3
1580226996 2
1580226997 2
1580226998 1
1580226999 1
1580227000 1
1580227001 2
1580227002 2
1580227003 3
1580227004 3
1580227005 2
1580227006 2
1580227007 2
1580227008 3
1580227009 2
1580227010 2
1580227011 2
1580227012 2
1580227013 3
1580227014 3
1580227015 3
1580227016 4
1580227017 5
1580227018 4
1580227019 4
1580227020 3
1580227021 3
1580227022 3
1580227023 4
1580227024 2
1580227025 2
1580227026 2
1580227027 2
1580227028 2
1580227029 2
1580227030 2
1580227031 2
1580227032 2
1580227033 2
1580227034 3
1580227035 3
1580227036 3
1580227037 2
1580227038 2
1580227039 2
1580227040 1
1580227041 2
1580227042 3
1580227043 3
1580227044 3
1580227045 4
1580227558 2
1580227559 2
1580227560 2
1580227561 3
1580227562 3
1580227563 3
1580227564 3
1580227565 4
1580227566 2
1580227567 2
1580227568 3
1580227569 3
1580227570 3
1580227571 4
1580227572 5
1580227573 4
1580227574 3
1580227575 4
1580227576 4
1580227577 4
1580227578 3
1580227579 3
1580227580 4
1580227581 4
1580227582 3
1580227583 5
1580227584 5
1580227585 3
1580227586 3
1580227587 4
1580227588 3
1580227589 3
1580227590 4
1580227591 4
1580227592 5
1580227593 5
1580227594 3
1580227595 3
1580227596 1
1580227597 2
1580227598 2
1580227599 2
1580227600 4
1580227601 4
1580227602 2
1580227603 2
1580227604 3
1580227605 3
1580227606 2
1580227607 2
1580227608 2
1580227609 2
1580227610 3
1580227611 3
1580227612 4
1580227613 6
1580227614 5
1580227615 6
1580227616 3
1580227617 4
1580227618 4
1580227619 4
1580227620 3
1580227621 2
1580227622 2
1580227623 2
1580227624 2
1580227625 2
1580227626 2
1580227627 2
1580227628 2
1580227629 2
1580227630 3
1580227631 4
1580227632 4
1580227633 3
1580227634 3
1580227635 3
1580227636 3
1580227637 2
1580227638 4
1580227639 4
1580227640 4
1580227641 5
1580227642 5
1580228152 2
1580228153 3
1580228154 3
1580228155 3
1580228156 4
1580228157 4
1580228158 4
1580228159 4
1580228160 3
1580228161 3
1580228162 2
1580228163 3
1580228164 3
1580228165 4
1580228166 3
1580228167 3
1580228168 2
1580228169 2
1580228170 2
1580228171 0
1580228172 1
1580228173 1
1580228174 2
1580228175 2
1580228176 3
1580228177 2
1580228178 2
1580228179 1
1580228180 2
1580228181 3
1580228182 3
1580228183 3
1580228184 3
1580228185 3
1580228186 3
1580228187 3
1580228188 2
1580228189 2
1580228190 2
1580228191 2
1580228192 2
1580228193 2
1580228194 3
1580228195 3
1580228196 4
1580228197 5
1580228198 5
1580228199 4
1580228200 4
1580228201 4
1580228202 4
1580228203 4
1580228204 2
1580228205 2
1580228206 2
1580228207 2
1580228208 2
1580228209 2
1580228210 2
1580228211 2
1580228212 2
1580228213 2
1580228214 3
1580228215 2
1580228216 2
1580228217 2
1580228218 2
1580228219 2
1580228220 2
1580228221 3
1580228222 4
1580228223 4
1580228224 5
1580228702 2
1580228703 2
1580228704 3
1580228705 3
1580228706 3
1580228707 3
1580228708 3
1580228709 2
1580228710 2
1580228711 2
1580228712 3
1580228713 3
1580228714 3
1580228715 4
1580228716 4
1580228717 4
1580228718 4
1580228719 3
1580228720 3
1580228721 3
1580228722 3
1580228723 3
1580228724 3
1580228725 2
1580228726 2
1580228727 2
1580228728 2
1580228729 2
1580228730 1
1580228731 2
1580228732 2
1580228733 3
1580228734 3
1580228735 4
1580228736 3
1580228737 2
1580228738 2
1580228739 1
1580228740 1
1580228741 2
1580228742 2
1580228743 2
1580228744 2
1580228745 2
1580228746 2
1580228747 2
1580228748 2
1580228749 2
1580228750 2
1580228751 2
1580228752 2
1580228753 2
1580228754 3
1580228755 3
1580228756 4
1580228757 4
1580228758 3
1580228759 3
1580228760 3
1580228761 3
1580228762 3
1580228763 2
1580228764 2
1580228765 2
1580228766 2
1580228767 2
1580228768 2
1580228769 2
1580228770 2
1580228771 2
1580228772 2
1580228773 3
1580228774 2
1580228775 2
1580228776 2
1580228777 2
1580228778 2
1580228779 2
1580228780 3
1580228781 3
1580228782 5
1580228783 6
