1571754195 2
1571754196 2
1571754197 2
1571754198 2
1571754199 2
1571754200 2
1571754201 2
1571754202 3
1571754203 3
1571754204 3
1571754205 3
1571754206 2
1571754482 3
1571754483 3
1571754484 3
1571754485 3
1571754486 3
1571754487 3
1571754488 4
1571754489 3
1571754490 3
1571754491 3
1571754492 3
1571754493 4
1571754494 4
1571754495 3
1571754496 3
1571754497 3
1571754498 3
1571754499 3
1571754500 3
1571754501 3
1571754502 4
1571754503 4
1571754504 4
1571754505 5
1571754506 4
1571754507 3
1571754508 4
1571754509 6
1571754510 5
1571754511 4
1571754512 4
1571754513 2
1571754514 2
1571754515 2
1571754516 2
1571754517 1
1571754518 1
1571754519 1
1571754520 1
1571754521 2
1571754522 2
1571754523 2
1571754524 2
1571754525 1
1571754526 1
1571754527 1
1571754528 2
1571754529 2
1571754530 2
1571754531 2
1571754532 3
1571754533 2
1571754534 2
1571754535 2
1571754536 1
1571754537 1
1571754538 1
1571754539 1
1571754540 1
1571754541 2
1571754542 2
1571754543 3
1571754544 2
1571754545 3
1571754546 2
1571754547 2
1571754548 2
1571754549 3
1571754550 3
1571754551 2
1571754552 2
1571754553 2
1571754554 2
1571754555 2
1571754556 2
1571754557 3
1571754558 3
1571754559 4
1571754560 4
1571754561 5
1571754562 4
1571754563 5
1571754564 3
1571754565 3
1571754566 3
1571754567 3
1571754568 3
1571754569 3
1571754570 2
1571754571 2
1571754572 2
1571754573 3
1571754574 3
1571754575 2
1571754576 2
1571754577 2
1571754578 3
1571754579 3
1571754580 3
1571754581 2
1571754582 2
1571754583 3
1571754584 3
1571754585 2
1571754586 2
1571754587 2
1571754588 2
1571754589 2
1571754590 3
1571754591 2
1571754592 2
1571754593 4
1571754594 4
1571754595 4
1571754596 3
1571754597 2
1571754986 3
1571754987 2
1571754988 2
1571754989 2
1571754990 2
1571754991 2
1571754992 2
1571754993 4
1571754994 4
1571754995 3
1571754996 3
1571754997 2
1571755278 4
1571755279 4
1571755280 3
1571755281 3
1571755282 4
1571755283 4
1571755284 4
1571755285 4
1571755286 4
1571755287 3
1571755288 3
1571755289 3
1571755290 3
1571755291 3
1571755292 2
1571755293 2
1571755294 2
1571755295 3
1571755296 3
1571755297 3
1571755298 3
1571755299 3
1571755300 4
1571755301 4
1571755302 5
1571755303 4
1571755304 2
1571755305 3
1571755306 3
1571755307 4
1571755308 3
1571755309 3
1571755310 3
1571755311 2
1571755312 2
1571755313 2
1571755314 1
1571755315 1
1571755316 1
1571755317 1
1571755318 2
1571755319 2
1571755320 1
1571755321 1
1571755322 1
1571755323 1
1571755324 1
1571755325 2
1571755326 2
1571755327 3
1571755328 2
1571755329 3
1571755330 2
1571755331 2
1571755332 3
1571755333 1
1571755334 1
1571755335 1
1571755336 1
1571755337 1
1571755338 1
1571755339 2
1571755340 3
1571755341 2
1571755342 3
1571755343 2
1571755344 2
1571755345 2
1571755346 3
1571755347 2
1571755348 2
1571755349 2
1571755350 2
1571755351 2
1571755352 2
1571755353 2
1571755354 3
1571755355 4
1571755356 3
1571755357 3
1571755358 5
1571755359 4
1571755360 5
1571755361 4
1571755362 3
1571755363 3
1571755364 3
1571755365 3
1571755366 3
1571755367 2
1571755368 2
1571755369 2
1571755370 2
1571755371 2
1571755372 2
1571755373 2
1571755374 2
1571755375 3
1571755376 2
1571755377 2
1571755378 2
1571755379 2
1571755380 3
1571755381 3
1571755382 2
1571755383 2
1571755384 2
1571755385 2
1571755386 2
1571755387 2
1571755388 2
1571755389 3
1571755390 4
1571755391 4
1571755392 3
1571755393 3
1571755394 3
1571756511 3
1571756512 3
1571756513 3
1571756514 3
1571756515 3
1571756516 3
1571756517 3
1571756518 2
1571756519 2
1571756520 2
1571756521 2
1571756522 2
1571756523 2
1571756524 2
1571756525 2
1571756526 3
1571756527 4
1571756528 3
1571756529 3
1571756530 3
1571756531 4
1571756532 5
1571756533 5
1571756534 3
1571756535 2
1571756536 3
1571756537 3
1571756538 4
1571756539 4
1571756540 5
1571756541 2
1571756542 2
1571756543 3
1571756544 3
1571756545 2
1571756546 1
1571756547 1
1571756548 1
1571756549 1
1571756550 2
1571756551 2
1571756552 2
1571756553 2
1571756554 2
1571756555 3
1571756556 3
1571756557 4
1571756558 4
1571756559 3
1571756560 2
1571756561 3
1571756562 2
1571756563 2
1571756564 2
1571756565 2
1571756566 2
1571756567 3
1571756568 2
1571756569 1
1571756570 2
1571756571 2
1571756572 3
1571756573 2
1571756574 2
1571756575 2
1571756576 2
1571756577 2
1571756578 2
1571756579 2
1571756580 2
1571756581 2
1571756582 2
1571756583 2
1571756584 3
1571756585 3
1571756586 3
1571756587 3
1571756588 3
1571756589 4
1571756590 4
1571756591 6
1571756592 3
1571756593 3
1571756594 3
1571756595 3
1571756596 3
1571756597 3
1571756598 3
1571756599 3
1571756600 2
1571756601 2
1571756602 2
1571756603 2
1571756604 2
1571756605 2
1571756606 3
1571756607 3
1571756608 3
1571756609 2
1571756610 2
1571756611 2
1571756612 3
1571756613 3
1571756614 3
1571756615 2
1571756616 2
1571756617 2
1571756618 1
1571756619 2
1571756620 2
1571756621 3
1571756622 4
1571756623 3
1571756624 3
1571756625 2
1571757045 2
1571757046 2
1571757047 2
1571757048 2
1571757049 2
1571757050 2
1571757051 3
1571757052 4
1571757053 4
1571757054 4
1571757055 4
1571757056 3
1571757372 3
1571757373 3
1571757374 3
1571757375 3
1571757376 3
1571757377 3
1571757378 4
1571757379 3
1571757380 3
1571757381 3
1571757382 3
1571757383 3
1571757384 2
1571757385 2
1571757386 3
1571757387 4
1571757388 3
1571757389 3
1571757390 3
1571757391 4
1571757392 4
1571757393 5
1571757394 5
1571757395 2
1571757396 3
1571757397 3
1571757398 4
1571757399 5
1571757400 4
1571757401 3
1571757402 2
1571757403 2
1571757404 2
1571757405 1
1571757406 1
1571757407 1
1571757408 1
1571757409 1
1571757410 2
1571757411 2
1571757412 1
1571757413 1
1571757414 1
1571757415 1
1571757416 1
1571757417 2
1571757418 2
1571757419 2
1571757420 3
1571757421 2
1571757422 2
1571757423 1
1571757424 1
1571757425 1
1571757426 1
1571757427 1
1571757428 1
1571757429 1
1571757430 2
1571757431 2
1571757432 3
1571757433 3
1571757434 2
1571757435 2
1571757436 2
1571757437 2
1571757438 3
1571757439 2
1571757440 2
1571757441 2
1571757442 2
1571757443 2
1571757444 2
1571757445 4
1571757446 4
1571757447 4
1571757448 4
1571757449 4
1571757450 4
1571757451 5
1571757452 3
1571757453 3
1571757454 3
1571757455 3
1571757456 3
1571757457 3
1571757458 2
1571757459 2
1571757460 2
1571757461 2
1571757462 2
1571757463 2
1571757464 2
1571757465 2
1571757466 3
1571757467 3
1571757468 2
1571757469 2
1571757470 2
1571757471 2
1571757472 3
1571757473 2
1571757474 2
1571757475 2
1571757476 2
1571757477 2
1571757478 2
1571757479 2
1571757480 2
1571757481 4
1571757482 4
1571757483 3
1571757484 3
1571757485 2
1571757776 3
1571757777 3
1571757778 3
1571757779 3
1571757780 4
1571757781 4
1571757782 5
1571757783 4
1571757784 4
1571757785 5
1571757786 5
1571757787 7
1571757788 6
1571757789 5
1571757790 5
1571757791 8
1571757792 7
1571757793 7
1571757794 5
1571757795 4
1571757796 5
1571757797 5
1571757798 4
1571757799 4
1571757800 4
1571757801 4
1571757802 3
1571757803 3
1571757804 3
1571757805 4
1571757806 4
1571757807 4
1571757808 4
1571757809 3
1571757810 3
1571757811 3
1571757812 3
1571757813 2
1571757814 2
1571757815 2
1571757816 3
1571757817 3
1571757818 3
1571757819 3
1571757820 2
1571757821 2
1571757822 1
1571757823 1
1571757824 1
1571757825 1
1571757826 2
1571757827 3
1571757828 2
1571757829 3
1571757830 2
1571757831 2
1571757832 2
1571757833 2
1571757834 2
1571757835 2
1571757836 2
1571757837 2
1571757838 2
1571757839 2
1571757840 2
1571757841 4
1571757842 4
1571757843 4
1571757844 4
1571757845 6
1571757846 6
1571757847 4
1571757848 4
1571757849 4
1571757850 4
1571757851 4
1571757852 4
1571757853 3
1571757854 3
1571757855 3
1571757856 2
1571757857 2
1571757858 3
1571757859 2
1571757860 3
1571757861 3
1571757862 3
1571757863 3
1571757864 2
1571757865 2
1571757866 2
1571757867 2
1571757868 3
1571757869 3
1571757870 3
1571757871 2
1571757872 2
1571757873 2
1571757874 1
1571757875 2
1571757876 2
1571757877 4
1571757878 3
1571757879 3
1571757880 2
1571757881 2
1571758264 2
1571758265 2
1571758266 2
1571758267 2
1571758268 3
1571758269 2
1571758270 2
1571758271 3
1571758272 3
1571758273 3
1571758274 3
1571758275 3
1571758550 3
1571758551 3
1571758552 3
1571758553 3
1571758554 3
1571758555 3
1571758556 3
1571758557 3
1571758558 3
1571758559 3
1571758560 3
1571758561 2
1571758562 2
1571758563 3
1571758564 2
1571758565 3
1571758566 4
1571758567 3
1571758568 3
1571758569 3
1571758570 4
1571758571 4
1571758572 6
1571758573 4
1571758574 3
1571758575 4
1571758576 2
1571758577 3
1571758578 4
1571758579 4
1571758580 2
1571758581 2
1571758582 2
1571758583 2
1571758584 2
1571758585 1
1571758586 1
1571758587 1
1571758588 2
1571758589 2
1571758590 2
1571758591 2
1571758592 2
1571758593 2
1571758594 2
1571758595 1
1571758596 2
1571758597 2
1571758598 2
1571758599 3
1571758600 3
1571758601 3
1571758602 2
1571758603 2
1571758604 2
1571758605 2
1571758606 2
1571758607 1
1571758608 1
1571758609 1
1571758610 3
1571758611 4
1571758612 3
1571758613 4
1571758614 5
1571758615 5
1571758616 4
1571758617 5
1571758618 6
1571758619 6
1571758620 6
1571758621 6
1571758622 4
1571758623 4
1571758624 4
1571758625 4
1571758626 4
1571758627 3
1571758628 4
1571758629 5
1571758630 6
1571758631 3
1571758632 3
1571758633 3
1571758634 3
1571758635 3
1571758636 3
1571758637 3
1571758638 3
1571758639 2
1571758640 2
1571758641 2
1571758642 2
1571758643 2
1571758644 2
1571758645 3
1571758646 3
1571758647 3
1571758648 2
1571758649 2
1571758650 2
1571758651 3
1571758652 3
1571758653 3
1571758654 3
1571758655 2
1571758656 2
1571758657 1
1571758658 2
1571758659 2
1571758660 2
1571758661 4
1571758662 3
1571758663 3
1571758664 2
1571762268 2
1571762269 2
1571762270 2
1571762271 2
1571762272 3
1571762273 2
1571762274 3
1571762275 4
1571762276 3
1571762277 3
1571762278 3
1571762279 3
1571762565 3
1571762566 3
1571762567 3
1571762568 3
1571762569 3
1571762570 3
1571762571 3
1571762572 3
1571762573 2
1571762574 2
1571762575 3
1571762576 3
1571762577 3
1571762578 3
1571762579 3
1571762580 4
1571762581 4
1571762582 5
1571762583 5
1571762584 4
1571762585 4
1571762586 2
1571762587 4
1571762588 4
1571762589 4
1571762590 4
1571762591 2
1571762592 3
1571762593 3
1571762594 3
1571762595 2
1571762596 1
1571762597 1
1571762598 1
1571762599 1
1571762600 2
1571762601 2
1571762602 3
1571762603 3
1571762604 4
1571762605 4
1571762606 3
1571762607 4
1571762608 4
1571762609 4
1571762610 4
1571762611 4
1571762612 4
1571762613 3
1571762614 3
1571762615 3
1571762616 3
1571762617 2
1571762618 1
1571762619 1
1571762620 1
1571762621 2
1571762622 3
1571762623 2
1571762624 3
1571762625 4
1571762626 4
1571762627 4
1571762628 5
1571762629 6
1571762630 6
1571762631 5
1571762632 5
1571762633 4
1571762634 3
1571762635 3
1571762636 3
1571762637 3
1571762638 3
1571762639 5
1571762640 5
1571762641 3
1571762642 3
1571762643 4
1571762644 4
1571762645 3
1571762646 3
1571762647 3
1571762648 3
1571762649 3
1571762650 2
1571762651 2
1571762652 2
1571762653 2
1571762654 2
1571762655 2
1571762656 3
1571762657 3
1571762658 2
1571762659 2
1571762660 2
1571762661 2
1571762662 3
1571762663 3
1571762664 3
1571762665 3
1571762666 2
1571762667 2
1571762668 1
1571762669 2
1571762670 2
1571762671 4
1571762672 4
1571762673 3
1571762674 3
1571762675 2
1571762954 3
1571762955 3
1571762956 3
1571762957 3
1571762958 3
1571762959 3
1571762960 3
1571762961 3
1571762962 3
1571762963 3
1571762964 3
1571762965 3
1571762966 2
1571762967 2
1571762968 2
1571762969 3
1571762970 3
1571762971 3
1571762972 3
1571762973 3
1571762974 4
1571762975 4
1571762976 4
1571762977 3
1571762978 4
1571762979 4
1571762980 2
1571762981 4
1571762982 3
1571762983 3
1571762984 3
1571762985 3
1571762986 2
1571762987 2
1571762988 1
1571762989 1
1571762990 1
1571762991 1
1571762992 1
1571762993 2
1571762994 3
1571762995 2
1571762996 2
1571762997 2
1571762998 2
1571762999 3
1571763000 3
1571763001 3
1571763002 3
1571763003 4
1571763004 4
1571763005 4
1571763006 4
1571763007 4
1571763008 3
1571763009 3
1571763010 2
1571763011 2
1571763012 2
1571763013 4
1571763014 4
1571763015 5
1571763016 6
1571763017 5
1571763018 4
1571763019 3
1571763020 5
1571763021 6
1571763022 5
1571763023 6
1571763024 6
1571763025 5
1571763026 6
1571763027 4
1571763028 6
1571763029 5
1571763030 5
1571763031 4
1571763032 6
1571763033 6
1571763034 6
1571763035 7
1571763036 4
1571763037 3
1571763038 3
1571763039 3
1571763040 3
1571763041 2
1571763042 2
1571763043 2
1571763044 2
1571763045 2
1571763046 2
1571763047 2
1571763048 2
1571763049 2
1571763050 2
1571763051 2
1571763052 2
1571763053 2
1571763054 3
1571763055 3
1571763056 2
1571763057 2
1571763058 2
1571763059 2
1571763060 2
1571763061 3
1571763062 3
1571763063 4
1571763064 5
1571763065 4
1571763066 4
1571763067 4
1571763068 4
1571763342 3
1571763343 3
1571763344 3
1571763345 3
1571763346 3
1571763347 3
1571763348 3
1571763349 2
1571763350 3
1571763351 3
1571763352 3
1571763353 2
1571763354 2
1571763355 2
1571763356 2
1571763357 3
1571763358 3
1571763359 3
1571763360 3
1571763361 3
1571763362 4
1571763363 5
1571763364 5
1571763365 4
1571763366 3
1571763367 3
1571763368 3
1571763369 4
1571763370 4
1571763371 3
1571763372 2
1571763373 2
1571763374 2
1571763375 2
1571763376 1
1571763377 1
1571763378 1
1571763379 1
1571763380 2
1571763381 3
1571763382 3
1571763383 4
1571763384 4
1571763385 4
1571763386 3
1571763387 3
1571763388 4
1571763389 4
1571763390 4
1571763391 4
1571763392 4
1571763393 3
1571763394 3
1571763395 2
1571763396 2
1571763397 2
1571763398 1
1571763399 1
1571763400 1
1571763401 2
1571763402 2
1571763403 3
1571763404 3
1571763405 3
1571763406 3
1571763407 4
1571763408 5
1571763409 5
1571763410 7
1571763411 6
1571763412 5
1571763413 4
1571763414 3
1571763415 4
1571763416 4
1571763417 4
1571763418 4
1571763419 4
1571763420 4
1571763421 4
1571763422 4
1571763423 4
1571763424 4
1571763425 3
1571763426 3
1571763427 3
1571763428 3
1571763429 3
1571763430 2
1571763431 2
1571763432 2
1571763433 2
1571763434 2
1571763435 2
1571763436 2
1571763437 3
1571763438 3
1571763439 2
1571763440 2
1571763441 2
1571763442 3
1571763443 3
1571763444 2
1571763445 2
1571763446 2
1571763447 2
1571763448 2
1571763449 1
1571763450 2
1571763451 3
1571763452 4
1571763453 4
1571763454 5
1571763455 4
1571763456 4
1571763839 2
1571763840 2
1571763841 2
1571763842 2
1571763843 2
1571763844 2
1571763845 3
1571763846 4
1571763847 4
1571763848 3
1571763849 3
1571763850 3
1571764142 4
1571764143 3
1571764144 3
1571764145 3
1571764146 3
1571764147 3
1571764148 4
1571764149 4
1571764150 4
1571764151 3
1571764152 3
1571764153 2
1571764154 2
1571764155 2
1571764156 3
1571764157 2
1571764158 3
1571764159 3
1571764160 3
1571764161 4
1571764162 5
1571764163 7
1571764164 6
1571764165 3
1571764166 4
1571764167 4
1571764168 5
1571764169 4
1571764170 3
1571764171 3
1571764172 3
1571764173 3
1571764174 4
1571764175 4
1571764176 3
1571764177 2
1571764178 2
1571764179 2
1571764180 3
1571764181 3
1571764182 3
1571764183 2
1571764184 2
1571764185 2
1571764186 2
1571764187 2
1571764188 4
1571764189 4
1571764190 3
1571764191 4
1571764192 3
1571764193 3
1571764194 2
1571764195 2
1571764196 1
1571764197 1
1571764198 1
1571764199 1
1571764200 1
1571764201 2
1571764202 2
1571764203 4
1571764204 3
1571764205 4
1571764206 3
1571764207 4
1571764208 5
1571764209 6
1571764210 7
1571764211 6
1571764212 5
1571764213 5
1571764214 5
1571764215 4
1571764216 4
1571764217 4
1571764218 3
1571764219 3
1571764220 4
1571764221 4
1571764222 4
1571764223 4
1571764224 3
1571764225 3
1571764226 3
1571764227 3
1571764228 3
1571764229 2
1571764230 2
1571764231 2
1571764232 2
1571764233 2
1571764234 2
1571764235 2
1571764236 2
1571764237 3
1571764238 3
1571764239 2
1571764240 2
1571764241 2
1571764242 3
1571764243 3
1571764244 2
1571764245 2
1571764246 2
1571764247 2
1571764248 2
1571764249 2
1571764250 2
1571764251 2
1571764252 4
1571764253 4
1571764254 3
1571764255 2
1571764256 2
1571764551 3
1571764552 3
1571764553 3
1571764554 3
1571764555 3
1571764556 3
1571764557 3
1571764558 4
1571764559 4
1571764560 3
1571764561 3
1571764562 3
1571764563 1
1571764564 2
1571764565 2
1571764566 3
1571764567 4
1571764568 3
1571764569 3
1571764570 5
1571764571 4
1571764572 4
1571764573 6
1571764574 5
1571764575 4
1571764576 3
1571764577 3
1571764578 4
1571764579 4
1571764580 4
1571764581 2
1571764582 3
1571764583 3
1571764584 3
1571764585 4
1571764586 3
1571764587 2
1571764588 2
1571764589 2
1571764590 3
1571764591 4
1571764592 4
1571764593 5
1571764594 5
1571764595 5
1571764596 5
1571764597 4
1571764598 4
1571764599 4
1571764600 4
1571764601 4
1571764602 4
1571764603 4
1571764604 3
1571764605 3
1571764606 3
1571764607 2
1571764608 2
1571764609 2
1571764610 2
1571764611 3
1571764612 3
1571764613 4
1571764614 5
1571764615 5
1571764616 4
1571764617 4
1571764618 5
1571764619 5
1571764620 6
1571764621 6
1571764622 5
1571764623 6
1571764624 4
1571764625 2
1571764626 3
1571764627 3
1571764628 3
1571764629 3
1571764630 6
1571764631 5
1571764632 4
1571764633 4
1571764634 4
1571764635 3
1571764636 3
1571764637 3
1571764638 3
1571764639 3
1571764640 2
1571764641 2
1571764642 3
1571764643 2
1571764644 2
1571764645 2
1571764646 2
1571764647 3
1571764648 2
1571764649 2
1571764650 2
1571764651 2
1571764652 3
1571764653 3
1571764654 3
1571764655 2
1571764656 2
1571764657 2
1571764658 2
1571764659 2
1571764660 2
1571764661 3
1571764662 4
1571764663 4
1571764664 3
1571764665 3
1571764666 2
1571764944 3
1571764945 3
1571764946 3
1571764947 3
1571764948 3
1571764949 3
1571764950 3
1571764951 3
1571764952 3
1571764953 3
1571764954 3
1571764955 3
1571764956 2
1571764957 2
1571764958 3
1571764959 4
1571764960 3
1571764961 3
1571764962 3
1571764963 4
1571764964 4
1571764965 5
1571764966 5
1571764967 3
1571764968 3
1571764969 2
1571764970 4
1571764971 4
1571764972 3
1571764973 3
1571764974 2
1571764975 2
1571764976 2
1571764977 1
1571764978 1
1571764979 1
1571764980 1
1571764981 2
1571764982 3
1571764983 3
1571764984 3
1571764985 3
1571764986 3
1571764987 3
1571764988 3
1571764989 4
1571764990 4
1571764991 4
1571764992 4
1571764993 3
1571764994 3
1571764995 3
1571764996 1
1571764997 1
1571764998 1
1571764999 1
1571765000 1
1571765001 1
1571765002 2
1571765003 2
1571765004 4
1571765005 3
1571765006 2
1571765007 4
1571765008 4
1571765009 5
1571765010 6
1571765011 6
1571765012 5
1571765013 5
1571765014 4
1571765015 3
1571765016 3
1571765017 2
1571765018 3
1571765019 3
1571765020 4
1571765021 5
1571765022 4
1571765023 5
1571765024 3
1571765025 3
1571765026 4
1571765027 4
1571765028 4
1571765029 4
1571765030 3
1571765031 2
1571765032 2
1571765033 2
1571765034 2
1571765035 2
1571765036 2
1571765037 2
1571765038 3
1571765039 3
1571765040 2
1571765041 2
1571765042 2
1571765043 3
1571765044 3
1571765045 2
1571765046 2
1571765047 2
1571765048 2
1571765049 2
1571765050 2
1571765051 2
1571765052 2
1571765053 4
1571765054 4
1571765055 3
1571765056 3
1571765057 3
1571765435 3
1571765436 1
1571765437 1
1571765438 1
1571765439 1
1571765440 2
1571765441 2
1571765442 3
1571765443 3
1571765444 3
1571765445 2
1571765446 2
1571765723 3
1571765724 3
1571765725 3
1571765726 3
1571765727 3
1571765728 3
1571765729 3
1571765730 3
1571765731 3
1571765732 3
1571765733 3
1571765734 3
1571765735 3
1571765736 2
1571765737 2
1571765738 3
1571765739 4
1571765740 3
1571765741 3
1571765742 3
1571765743 4
1571765744 4
1571765745 6
1571765746 5
1571765747 3
1571765748 3
1571765749 2
1571765750 4
1571765751 4
1571765752 3
1571765753 4
1571765754 2
1571765755 2
1571765756 2
1571765757 1
1571765758 1
1571765759 1
1571765760 1
1571765761 1
1571765762 2
1571765763 2
1571765764 1
1571765765 1
1571765766 1
1571765767 1
1571765768 1
1571765769 2
1571765770 2
1571765771 2
1571765772 3
1571765773 3
1571765774 2
1571765775 2
1571765776 2
1571765777 1
1571765778 1
1571765779 1
1571765780 1
1571765781 1
1571765782 1
1571765783 2
1571765784 3
1571765785 2
1571765786 3
1571765787 3
1571765788 4
1571765789 4
1571765790 6
1571765791 6
1571765792 6
1571765793 6
1571765794 5
1571765795 5
1571765796 4
1571765797 3
1571765798 5
1571765799 4
1571765800 4
1571765801 5
1571765802 4
1571765803 5
1571765804 3
1571765805 3
1571765806 4
1571765807 4
1571765808 4
1571765809 4
1571765810 3
1571765811 2
1571765812 2
1571765813 2
1571765814 2
1571765815 2
1571765816 2
1571765817 2
1571765818 3
1571765819 2
1571765820 2
1571765821 2
1571765822 2
1571765823 3
1571765824 3
1571765825 2
1571765826 2
1571765827 2
1571765828 2
1571765829 2
1571765830 2
1571765831 2
1571765832 2
1571765833 4
1571765834 4
1571765835 3
1571765836 3
1571765837 2
1571766404 4
1571766405 3
1571766406 3
1571766407 3
1571766408 3
1571766409 2
1571766410 2
1571766411 4
1571766412 4
1571766413 3
1571766414 2
1571766415 2
1571767083 3
1571767084 3
1571767085 3
1571767086 3
1571767087 3
1571767088 3
1571767089 3
1571767090 3
1571767091 3
1571767092 3
1571767093 2
1571767094 3
1571767095 2
1571767096 2
1571767097 3
1571767098 4
1571767099 3
1571767100 3
1571767101 3
1571767102 5
1571767103 5
1571767104 6
1571767105 7
1571767106 2
1571767107 3
1571767108 3
1571767109 5
1571767110 5
1571767111 5
1571767112 4
1571767113 3
1571767114 3
1571767115 2
1571767116 2
1571767117 2
1571767118 1
1571767119 1
1571767120 1
1571767122 1
1571767123 1
1571767124 1
1571767125 2
1571767126 2
1571767127 2
1571767128 1
1571767129 1
1571767130 1
1571767131 1
1571767132 2
1571767133 2
1571767134 3
1571767135 2
1571767136 1
1571767137 1
1571767138 1
1571767139 1
1571767140 1
1571767141 1
1571767142 2
1571767143 2
1571767144 3
1571767145 3
1571767146 4
1571767147 2
1571767148 3
1571767149 4
1571767150 4
1571767151 5
1571767152 5
1571767153 6
1571767154 5
1571767155 4
1571767156 4
1571767157 4
1571767158 4
1571767159 3
1571767160 3
1571767161 4
1571767162 5
1571767163 4
1571767164 3
1571767165 3
1571767166 4
1571767167 4
1571767168 4
1571767169 3
1571767170 3
1571767171 3
1571767172 2
1571767173 2
1571767174 2
1571767175 2
1571767176 2
1571767177 2
1571767178 3
1571767179 3
1571767180 2
1571767181 2
1571767182 2
1571767183 3
1571767184 3
1571767185 3
1571767186 3
1571767187 2
1571767188 2
1571767189 2
1571767190 1
1571767191 2
1571767192 3
1571767193 4
1571767194 4
1571767195 5
1571767196 5
1571767197 3
