1571755843 3
1571755844 3
1571755845 3
1571755846 3
1571755847 3
1571755848 3
1571755849 3
1571755850 3
1571755851 3
1571755852 4
1571755853 3
1571755854 3
1571755855 4
1571755856 4
1571755857 4
1571755858 4
1571755859 4
1571755860 4
1571755861 4
1571755862 4
1571755863 4
1571755864 4
1571755865 4
1571755866 4
1571755867 3
1571755868 3
1571755869 3
1571755870 3
1571755871 3
1571755872 3
1571755873 3
1571755874 3
1571755875 3
1571755876 3
1571755877 3
1571755878 3
1571755879 3
1571755880 3
1571755881 3
1571755882 3
1571755883 3
1571755884 3
1571755885 3
1571755886 3
1571755887 3
1571755888 3
1571755889 3
1571755890 3
1571755891 3
1571755892 3
1571755893 3
1571755894 3
1571755895 3
1571755896 3
1571755897 3
1571755898 3
1571755899 3
1571755900 3
1571755901 3
1571755902 3
1571755903 4
1571755904 4
1571755905 5
1571755906 5
1571755907 5
1571755908 4
1571755909 4
1571755910 4
1571755911 4
1571755912 2
1571755913 2
1571755914 2
1571755915 2
1571755916 2
1571755917 2
1571755918 2
1571755919 2
1571755920 2
1571755921 2
1571755922 3
1571755923 3
1571755924 3
1571755925 3
1571755926 3
1571755927 3
1571755928 3
1571755929 3
1571755930 4
1571755931 3
1571755932 3
1571755933 4
1571755934 3
1571755935 3
1571755936 3
1571755937 3
1571755938 3
1571755939 3
1571755940 3
1571755941 4
1571755942 3
1571755943 3
1571755944 3
1571755945 3
1571755946 3
1571755947 3
1571755948 3
1571755949 3
1571755950 3
1571755951 3
1571755952 3
1571755953 3
1571755954 3
1571755955 3
1571755956 3
1571755957 3
1571755958 3
1571755959 3
1571755960 3
1571755961 3
1571755962 3
1571755963 3
1571755964 3
1571755965 3
1571755966 3
1571755967 2
1571755968 2
1571755969 3
1571755970 3
1571755971 3
1571755972 3
1571755973 3
1571755974 3
1571755975 4
1571755976 4
1571755977 4
1571755978 4
1571755979 4
1571755980 5
1571755981 3
1571755982 2
1571755983 2
1571755984 2
1571755985 2
1571755986 3
1571755987 2
1571755988 2
1571755989 2
1571755990 2
1571755991 2
1571755992 2
1571755993 2
1571755994 2
1571755995 2
1571755996 2
1571755997 2
1571755998 2
1571755999 2
1571756000 2
1571756001 2
1571756002 2
1571756003 2
1571756004 2
1571756005 2
1571756006 2
1571756007 2
1571756008 2
1571756009 2
1571756010 2
1571756011 2
1571756012 2
1571756013 2
1571756014 2
1571756015 3
1571756016 2
1571756017 2
1571756018 2
1571756019 2
1571756020 2
1571756021 2
1571756022 2
1571756023 2
1571756024 2
1571756025 2
1571756026 2
1571756027 2
1571756028 2
1571756029 2
1571756030 2
1571756031 2
1571756032 2
1571756033 2
1571756034 2
1571756035 2
1571756036 2
1571756037 2
1571756415 2
1571756416 2
1571756417 2
1571756418 2
1571756419 2
1571756420 2
1571756421 2
1571756422 2
1571756423 2
1571756424 2
1571756425 2
1571756426 2
1571756427 2
1571756428 2
1571756429 2
1571756430 2
1571756431 2
1571756432 2
1571756433 2
1571756434 2
1571756435 2
1571756436 2
1571756437 2
1571756438 2
1571756439 2
1571756440 2
1571756441 2
1571756442 2
1571756443 2
1571756444 2
1571756445 2
1571756446 2
1571756447 3
1571766916 4
1571766917 4
1571766918 4
1571766919 4
1571766920 3
1571766921 3
1571766922 4
1571766923 3
1571766924 2
1571766925 1
1571766926 2
1571766927 1
1571766929 1
1571766930 1
1571766931 1
1571766932 2
1571766933 2
1571766934 2
1571766935 4
1571766936 4
1571766937 4
1571766938 4
1571766939 3
1571766940 3
1571766941 3
1571766942 3
1571766943 5
1571766944 5
1571766945 4
1571766946 3
1571766947 3
1571766948 2
1571766949 2
1571766950 2
1571766951 3
1571766952 3
1571766953 4
1571766954 4
1571766955 5
1571766956 5
1571766957 5
1571766958 5
1571766959 5
1571766960 5
1571766961 5
1571766962 5
1571766963 5
1571766964 5
1571766965 4
1571766966 4
1571766967 4
1571766968 4
1571766969 4
1571766970 3
1571766971 2
1571766972 2
1571766973 2
1571766974 2
1571766975 2
1571766976 2
1571766977 2
1571766978 2
1571766979 2
1571766980 2
1571766981 2
1571766982 2
1571766983 2
1571766984 2
1571766985 2
1571766986 2
1571766987 2
1571766988 2
1571766989 2
1571766990 2
1571766991 2
1571766992 2
1571766993 2
1571766994 2
1571766995 2
1571766996 2
1571766997 2
1571766998 2
1571766999 2
1571767000 2
1571767001 2
1571767002 2
1571767003 2
1571767004 2
1571767005 2
1571767006 2
1571767007 2
1571767008 2
1571767009 2
1571767010 2
1571767011 2
1571767012 3
1571767013 3
1571767014 4
1571767015 4
1571767016 4
1571767017 4
1571767018 4
1571767019 4
