1582033222 6
1582033223 6
1582033224 6
1582033225 7
1582033226 6
1582033227 7
1582033228 7
1582033229 4
1582033230 4
1582033231 4
1582033232 5
1582033233 3
1582033234 4
1582033235 4
1582033236 5
1582033237 4
1582033238 4
1582033239 3
1582033240 3
1582033241 3
1582033242 2
1582033243 3
1582033244 3
1582033245 4
1582033246 4
1582033247 4
1582033248 5
1582033249 6
1582033250 6
1582033251 6
1582033252 7
1582033253 6
1582033254 6
1582033255 6
1582033256 5
1582033257 6
1582033258 5
1582033259 5
1582033260 5
1582033261 6
1582033262 7
1582033263 6
1582033264 5
1582033265 4
1582033266 3
1582033267 3
1582033268 2
1582033269 3
1582033270 3
1582033271 3
1582033272 4
1582033273 3
1582033274 3
1582033275 4
1582033276 5
1582033277 4
1582033278 2
1582033279 1
1582033280 1
1582033281 1
1582033282 1
1582033283 2
1582033284 3
1582033285 2
1582033286 3
1582033287 3
1582033288 3
1582033289 2
1582033290 2
1582033291 2
1582033292 2
1582033293 1
1582033294 1
1582033295 1
1582033296 1
1582033297 2
1582033298 2
1582033299 3
1582033300 2
1582033301 2
1582033302 2
1582033303 1
1582033304 1
1582033305 1
1582033306 2
1582033307 6
1582033308 4
1582033309 3
1582033310 3
1582033311 5
1582033312 2
1582033313 3
1582033314 4
1582033315 4
1582033316 3
1582033317 5
1582033318 4
1582033319 5
1582033320 4
1582033321 4
1582033322 3
1582033323 2
1582033324 2
1582033325 2
1582033326 3
1582033327 3
1582033328 4
1582033329 4
1582033330 4
1582033331 3
1582033332 3
1582033333 2
1582033334 2
1582033335 2
1582033336 2
1582033337 2
1582033338 2
1582033339 2
1582033340 2
1582033341 2
1582033342 2
1582033343 2
1582033344 2
1582033345 2
1582033346 2
1582033347 2
1582033348 2
1582033349 2
1582033350 2
1582033351 2
1582033352 2
1582033353 2
1582033354 2
1582033355 2
1582033356 2
1582033357 2
1582033358 2
1582033359 2
1582033360 2
1582033361 2
1582033362 2
1582033363 3
1582033364 3
1582033365 5
1582033366 5
1582033367 5
1582033368 5
1582033369 5
1582033370 5
1582033371 5
1582033372 5
1582033373 5
1582033374 5
1582033375 5
1582033376 5
1582033377 5
1582033378 5
1582033379 5
1582033380 6
1582033381 5
1582033382 5
1582033383 5
1582033384 5
1582033385 5
1582033386 5
1582033387 5
1582033388 5
1582033389 5
1582033390 5
1582033391 5
1582033392 5
1582033393 5
1582033394 5
1582033395 5
1582033396 5
1582033397 5
1582033398 5
1582033399 5
1582033400 5
1582033401 5
1582033402 5
1582033403 5
1582033404 5
1582033405 5
1582033406 5
1582033407 5
1582033408 5
1582033409 5
1582033410 5
1582033411 5
1582033412 5
1582033413 5
1582033414 5
1582033415 5
1582033416 5
1582033417 5
1582033418 5
1582033419 5
1582033420 5
1582033421 5
1582033422 5
1582033423 5
1582033424 5
1582033425 5
1582033426 5
1582033427 5
1582033428 4
1582033429 4
1582033430 3
1582033431 3
1582033432 3
1582033433 4
1582033434 4
1582033435 5
1582033436 4
1582033437 4
1582033438 2
1582033439 2
1582033440 2
1582033441 2
1582033442 2
1582033443 2
1582033444 2
1582033445 2
1582033446 2
1582033447 2
1582033448 2
1582033449 2
1582033450 2
1582033451 2
1582033452 2
1582033453 2
1582033454 2
1582033455 2
1582033456 2
1582033457 2
1582033458 2
1582033459 2
1582033460 2
1582033461 2
1582033462 2
1582033463 2
1582033464 2
1582033465 2
1582033466 2
1582033467 2
1582033468 2
1582033469 2
1582033470 2
1582033471 2
1582033472 3
1582033473 4
1582033474 4
1582033475 4
1582033476 3
1582033477 2
1582033478 2
1582033479 2
1582033480 2
1582033481 3
1582033482 3
1582033483 3
1582033484 4
1582033485 4
1582033486 3
1582033487 3
1582033488 3
1582033489 8
1582033490 7
1582033491 6
1582033492 4
1582033493 2
1582033494 3
1582033495 4
1582033496 3
1582033497 5
1582033498 2
1582033499 2
1582033500 2
1582033501 1
1582033502 1
1582033503 2
1582033504 2
1582033505 3
1582033506 3
1582033507 2
1582033508 2
1582033509 1
1582033510 1
1582033511 2
1582033512 2
1582033513 4
1582033514 4
1582033515 4
1582033516 3
1582033517 3
1582033518 2
1582033519 1
1582033520 1
1582033521 1
1582033522 1
1582033523 1
1582033524 1
1582033525 2
1582033526 3
1582033527 4
1582033528 4
1582033529 2
1582033530 4
1582033531 4
1582033532 5
1582033533 4
1582033534 4
1582033535 4
1582033536 3
1582033537 2
1582033538 2
1582033539 2
1582033540 2
1582033541 2
1582033542 2
1582033543 3
1582033544 3
1582033545 2
1582033546 2
1582033547 3
1582033548 3
1582033549 2
1582033550 2
1582033551 2
1582033552 2
1582033553 2
1582033554 3
1582033555 2
1582033556 3
1582033557 3
1582033558 2
1582033559 3
1582033560 2
1582033561 1
1582033562 1
1582033563 2
1582033564 2
1582033565 3
1582033566 3
1582033567 3
1582033568 4
1582033569 4
1582033570 3
1582033571 3
1582033572 3
1582033573 2
1582033574 4
1582033575 5
1582033576 7
1582033577 6
1582033578 7
1582033579 7
1582033580 7
1582033581 7
1582033582 8
1582033583 6
1582033584 6
1582033585 6
1582033586 6
1582033587 6
1582033588 5
1582033589 6
1582033590 5
1582033591 5
1582033592 7
1582033593 8
1582033594 9
1582033595 7
1582033596 6
1582033597 6
1582033598 6
1582033599 6
1582033600 6
1582033601 5
1582033602 4
1582033603 3
1582033604 3
1582033605 3
1582033606 2
1582033607 3
1582033608 3
1582033609 3
1582033610 2
1582033611 2
1582033612 3
1582033613 3
1582033614 4
1582033615 3
1582033616 3
1582033617 2
1582033618 2
1582033619 3
1582033620 3
1582033621 3
1582033622 2
1582033623 2
1582033624 2
1582033625 2
1582033626 3
1582033627 3
1582033628 4
1582033629 3
1582033630 5
1582033631 2
1582033632 3
1582033633 5
1582033634 4
1582033635 3
1582033636 1
1582033637 1
1582033638 1
1582033639 1
1582033640 2
1582033641 2
1582033642 3
1582033643 3
1582033644 3
1582033645 2
1582033646 2
1582033647 2
1582033648 2
1582033649 2
1582033650 2
1582033651 1
1582033652 1
1582033653 1
1582033654 2
1582033655 3
1582033656 4
1582033657 3
1582033658 4
1582033659 4
1582033660 3
1582033661 3
1582033662 2
1582033663 3
1582033664 6
1582033665 3
1582033666 2
1582033667 2
1582033668 3
1582033669 4
1582033670 2
1582033671 4
1582033672 4
1582033673 4
1582033674 6
1582033675 3
1582033676 3
1582033677 6
1582033678 5
1582033679 4
1582033680 3
1582033681 3
1582033682 3
1582033683 4
1582033684 5
1582033685 5
1582033686 5
1582033687 4
1582033688 3
1582033689 3
1582033690 2
1582033691 2
1582033692 2
1582033693 2
1582033694 2
1582033695 2
1582033696 2
1582033697 2
1582033698 2
1582033699 2
1582033700 2
1582033701 2
1582033702 2
1582033703 2
1582033704 2
1582033705 2
1582033706 2
1582033707 2
1582033708 2
1582033709 2
1582033710 2
1582033711 2
1582033712 2
1582033713 2
1582033714 2
1582033715 2
1582033716 2
1582033717 2
1582033718 2
1582033719 2
1582033720 2
1582033721 2
1582033722 3
1582033723 4
1582033724 4
1582033725 4
1582033726 4
