1575392405 3
1575392406 2
1575392407 2
1575392409 1
1575392410 1
1575392411 2
1575392412 2
1575392413 3
1575392414 2
1575392415 2
1575392416 2
1575392417 4
1575392418 4
1575392419 3
1575392420 4
1575392421 4
1575392422 4
1575392423 6
1575392424 4
1575392425 4
1575392426 5
1575392427 3
1575392428 2
1575392429 2
1575392430 2
1575392431 2
1575392432 4
1575392433 6
1575392434 5
1575392435 5
1575392436 5
1575392437 3
1575392438 3
1575392439 2
1575392440 2
1575392441 2
1575392442 2
1575392443 2
1575392444 2
1575392445 2
1575392446 2
1575392447 2
1575392448 2
1575392449 2
1575392450 2
1575392451 2
1575392452 2
1575392453 2
1575392454 2
1575392455 2
1575392456 2
1575392457 2
1575392458 2
1575392459 2
1575392460 2
1575392461 2
1575392462 2
1575392463 2
1575392464 2
1575392465 2
1575392466 2
1575392467 2
1575392468 3
1575392469 4
1575392470 4
1575392471 4
1575392472 4
1575392473 4
1575392474 3
1575392475 3
1575392476 3
1575392477 3
1575392478 3
1575392479 3
1575392480 4
1575392481 5
1575392482 4
1575392483 5
1575392484 5
1575392485 4
1575392486 5
1575392487 5
1575392488 5
1575392489 4
1575392490 3
1575392491 3
1575392492 2
1575392493 2
1575392494 2
1575392495 2
1575392496 2
1575392497 2
1575392498 2
1575392499 2
1575392500 2
1575392501 2
1575392502 2
1575392503 2
1575392504 2
1575392505 2
1575392506 2
1575392507 2
1575392508 2
1575392509 2
1575392510 1
1575392511 1
1575392512 2
1575392513 2
1575392514 2
1575392515 2
1575392516 2
1575392517 2
1575392518 2
1575392519 2
1575392520 2
1575392521 2
1575392522 2
1575392523 2
1575392524 2
1575392525 2
1575392526 3
1575392527 3
1575392528 3
1575392529 2
1575392530 2
1575392531 2
1575392532 3
1575392533 3
1575392534 3
1575392535 3
1575392536 4
1575392537 5
1575392538 4
1575392539 3
1575392540 3
1575392541 4
1575392542 4
1575392543 3
1575392544 2
1575392545 2
1575392546 2
1575392547 1
1575392548 1
1575392551 1
1575392552 2
1575392553 2
1575392554 2
1575392555 2
1575392556 1
1575392557 1
1575392558 1
1575392559 1
1575392560 1
1575392561 2
1575392562 3
1575392563 2
1575392564 2
1575392565 2
1575392566 2
1575392567 2
1575392568 2
1575392569 1
1575392570 1
1575392571 2
1575392572 3
1575392573 4
1575392574 4
1575392575 4
1575392576 4
1575392577 4
1575392578 4
1575392579 4
1575392580 3
1575392581 3
1575392582 3
1575392583 2
1575392584 2
1575392585 2
1575392586 2
1575392587 2
1575392588 3
1575392589 2
1575392590 2
1575392591 3
1575392592 3
1575392593 2
1575392594 2
1575392595 2
1575392596 3
1575392597 3
1575392598 2
1575392599 3
1575392600 2
1575392601 2
1575392602 3
1575392603 2
1575392604 2
1575392605 1
1575392606 2
1575392607 3
1575392608 3
1575392609 3
1575392610 4
1575392611 5
1575392612 3
1575392613 3
1575392614 3
1575392615 2
1575392616 5
