1570447015 4
1570447016 4
1570447017 6
1570447018 4
1570447019 4
1570447020 3
1570447021 2
1570447022 3
1570447023 4
1570447024 3
1570447025 2
1570447026 2
1570447027 3
1570447028 3
1570447029 3
1570447030 2
1570447031 3
1570447032 4
1570447033 4
1570447034 3
1570447035 3
1570447036 2
1570447037 2
1570447038 2
1570447039 2
1570447040 2
1570447041 2
1570447042 2
1570447043 2
1570447044 2
1570447045 3
1570447046 3
1570447047 4
1570447048 4
1570447049 4
1570447050 4
1570447051 4
1570447052 4
1570447053 4
1570447054 4
1570447055 3
1570447056 6
1570447057 6
1570447058 8
1570447059 7
1570447060 8
1570447061 8
1570447062 7
1570447063 5
1570447064 5
1570447065 5
1570447066 4
1570447067 3
1570447068 3
1570447069 3
1570447070 2
1570447071 2
1570447072 3
1570447073 2
1570447074 2
1570447075 2
1570447076 3
1570447077 3
1570447078 2
1570447079 2
1570447080 2
1570447081 2
1570447082 2
1570447083 3
1570447084 3
1570447085 2
1570447086 2
1570447087 2
1570447088 2
1570447089 2
1570447090 2
1570447091 2
1570447092 2
1570447093 3
1570447094 4
1570447095 4
1570447096 4
1570447097 3
1570447098 4
1570447099 4
1570447100 2
1570447101 2
1570447102 2
1570447103 3
1570447104 5
1570447105 6
1570447106 7
1570447107 8
1570447108 8
1570447109 7
1570447110 6
1570447111 6
1570447112 4
1570447113 4
1570447114 2
1570447115 5
1570447116 4
