1571329946 3
1571329947 3
1571329948 3
1571329949 3
1571329950 3
1571329951 3
1571329952 3
1571329953 3
1571329954 3
1571329955 3
1571329956 2
1571329957 2
1571329958 2
1571329959 2
1571329960 3
1571329961 3
1571329962 3
1571329963 3
1571329964 3
1571329965 4
1571329966 5
1571329967 5
1571329968 4
1571329969 3
1571329970 3
1571329971 3
1571329972 4
1571329973 4
1571329974 3
1571329975 2
1571329976 2
1571329977 2
1571329978 2
1571329979 2
1571329980 1
1571329981 2
1571329982 2
1571329983 2
1571329984 3
1571329985 2
1571329986 2
1571329987 3
1571329988 3
1571329989 3
1571329990 3
1571329991 3
1571329992 3
1571329993 2
1571329994 1
1571329995 1
1571329996 2
1571329997 2
1571329998 2
1571329999 1
1571330000 1
1571330001 1
1571330002 1
1571330003 1
1571330004 1
1571330005 2
1571330006 3
1571330007 3
1571330008 2
1571330009 2
1571330010 3
1571330011 3
1571330012 3
1571330013 4
1571330014 3
1571330015 5
1571330016 5
1571330017 4
1571330018 4
1571330019 4
1571330020 4
1571330021 4
1571330022 3
1571330023 3
1571330024 6
1571330025 5
1571330026 3
1571330027 4
1571330028 3
1571330029 3
1571330030 3
1571330031 3
1571330032 3
1571330033 3
1571330034 2
1571330035 2
1571330036 3
1571330037 2
1571330038 2
1571330039 2
1571330040 4
1571330041 4
1571330042 3
1571330043 3
1571330044 3
1571330045 3
1571330046 3
1571330047 3
1571330048 3
1571330049 2
1571330050 2
1571330051 2
1571330052 2
1571330053 2
1571330054 2
1571330055 3
1571330056 4
1571330057 3
1571330058 3
1571330059 3
1571330060 3
1571330061 3
1571330062 3
1571330063 2
1571330064 1
1571330065 1
1571330066 1
1571330067 1
1571330068 1
1571330069 1
1571330070 2
1571330071 2
1571330072 2
1571330073 2
1571330074 2
1571330075 2
1571330076 2
1571330077 3
1571330078 6
1571330079 6
