1569854235 3
1569854236 3
1569854237 3
1569854238 3
1569854239 3
1569854240 3
1569854241 3
1569854242 2
1569854243 2
1569854244 2
1569854245 3
1569854246 2
1569854247 2
1569854248 3
1569854249 4
1569854250 3
1569854251 3
1569854252 3
1569854253 4
1569854254 4
1569854255 6
1569854256 3
1569854257 4
1569854258 5
1569854259 4
1569854260 4
1569854261 5
1569854262 4
1569854263 3
1569854264 3
1569854265 3
1569854266 3
1569854267 2
1569854268 2
1569854269 3
1569854270 2
1569854271 3
1569854272 3
1569854273 3
1569854274 2
1569854275 2
1569854276 2
1569854277 2
1569854278 3
1569854279 3
1569854280 2
1569854281 2
1569854282 2
1569854283 2
1569854284 2
1569854285 2
1569854286 1
1569854287 2
1569854288 1
1569854289 1
1569854290 1
1569854291 1
1569854292 1
1569854293 1
1569854294 1
1569854295 1
1569854296 1
1569854297 3
1569854298 2
1569854299 2
1569854300 2
1569854301 2
1569854302 3
1569854303 5
1569854304 2
1569854305 1
1569854306 1
1569854307 1
1569854308 3
1569854309 3
1569854310 1
1569854311 1
1569854312 1
1569854313 1
1569854314 3
1569854315 1
1569854316 3
1569854317 3
1569854318 3
1569854319 6
1569854320 5
1569854321 7
1569854322 6
1569854323 5
1569854324 3
1569854325 3
1569854326 3
1569854327 3
1569854328 3
1569854329 2
1569854330 2
1569854331 2
1569854332 2
1569854333 2
1569854334 2
1569854335 2
1569854336 3
1569854337 2
1569854338 2
1569854339 2
1569854340 2
1569854341 2
1569854342 2
1569854343 3
1569854344 2
1569854345 2
1569854346 2
1569854347 2
1569854348 2
1569854349 2
1569854350 2
1569854351 2
1569854352 2
1569854353 3
1569854354 3
1569854355 3
1569854356 3
1569854357 3
1569854358 3
1569854359 2
1569854360 2
1569854361 2
1569854362 1
1569854363 1
1569854364 1
1569854365 2
1569854366 2
1569854367 3
1569854368 3
1569854369 3
1569854370 2
1569854371 2
1569854372 2
1569854373 2
1569854374 2
1569854375 6
1569854376 5
1569854377 5
1569855641 3
1569855642 3
1569855643 3
1569855644 3
1569855645 3
1569855646 3
1569855647 3
1569855648 3
1569855649 3
1569855650 3
1569855651 2
1569855652 2
1569855653 2
1569855654 2
1569855655 3
1569855656 3
1569855657 3
1569855658 3
1569855659 3
1569855660 5
1569855661 5
1569855662 6
1569855663 4
1569855664 3
1569855665 3
1569855666 3
1569855667 5
1569855668 3
1569855669 3
1569855670 3
1569855671 3
1569855672 4
1569855673 4
1569855674 4
1569855675 3
1569855676 3
1569855677 3
1569855678 3
1569855679 1
1569855683 1
1569855684 2
1569855685 3
1569855686 3
1569855687 4
1569855688 4
1569855689 4
1569855690 5
1569855691 7
1569855692 7
1569855693 8
1569855694 7
1569855695 6
1569855696 6
1569855697 4
1569855698 5
1569855699 4
1569855700 3
1569855701 4
1569855702 4
1569855703 3
1569855704 2
1569855705 3
1569855706 2
1569855707 4
1569855708 3
1569855709 3
1569855710 2
1569855711 2
1569855712 3
1569855713 3
1569855714 1
1569855715 2
1569855716 1
1569855717 1
1569855718 1
1569855719 1
1569855720 1
1569855721 1
1569855722 1
1569855723 1
1569855724 1
1569855725 1
1569855726 1
1569855727 2
1569855728 2
1569855729 3
1569855730 5
1569855731 5
1569855732 5
1569855733 4
1569855734 3
1569855735 4
1569855736 3
1569855737 3
1569855738 3
1569855739 3
1569855740 2
1569855741 2
1569855742 2
1569855743 2
1569855744 2
1569855745 2
1569855746 2
1569855747 2
1569855748 3
1569855749 3
1569855750 4
1569855751 2
1569855752 2
1569855753 3
1569855754 3
1569855755 4
1569855756 4
1569855757 3
1569855758 3
1569855759 3
1569855760 3
1569855761 3
1569855762 2
1569855763 3
1569855764 3
1569855765 3
1569855766 3
1569855767 2
1569855768 2
1569855769 2
1569855770 3
1569855771 1
1569855772 1
1569855773 1
1569855774 1
1569855775 1
1569855776 2
1569855777 3
1569855778 2
1569855779 3
1569855780 3
1569855781 2
1569855782 2
1569855783 2
1569855784 2
1569855785 2
1569855786 3
1569855787 6
1569855788 5
1569855789 5
