1582033004 5
1582033005 5
1582033006 4
1582033007 4
1582033008 4
1582033009 4
1582033010 2
1582033011 2
1582033012 3
1582033013 2
1582033014 2
1582033015 2
1582033016 3
1582033017 3
1582033018 2
1582033019 4
1582033020 4
1582033021 3
1582033022 3
1582033023 4
1582033024 4
1582033025 5
1582033026 4
1582033027 4
1582033028 2
1582033029 2
1582033030 2
1582033031 2
1582033032 2
1582033033 3
1582033034 3
1582033035 3
1582033036 3
1582033037 2
1582033038 2
1582033039 2
1582033040 2
1582033041 2
1582033042 2
1582033043 2
1582033044 2
1582033045 2
1582033046 2
1582033047 2
1582033048 2
1582033049 2
1582033050 2
1582033051 2
1582033052 2
1582033053 2
1582033054 2
1582033055 2
1582033056 2
1582033057 2
1582033058 2
1582033059 2
1582033060 2
1582033061 2
1582033062 2
1582033063 2
1582033064 2
1582033065 2
1582033066 2
1582033067 2
1582033068 2
1582033069 3
1582033070 4
1582033071 4
1582033072 3
1582033073 3
1582033074 3
1582033075 3
1582033076 3
1582033077 3
1582033078 3
1582033079 3
1582033080 3
1582033081 3
1582033082 2
1582033083 2
1582033084 2
1582033085 2
1582033086 3
1582033087 3
1582033088 6
1582033089 4
1582033090 3
1582033091 2
1582033092 2
1582033093 2
1582033094 2
1582033095 2
1582033096 2
1582033097 2
1582033098 2
1582033099 2
1582033100 2
1582033101 2
1582033102 2
1582033103 2
1582033104 2
1582033105 2
1582033106 2
1582033107 2
1582033108 2
1582033109 2
1582033110 2
1582033111 2
1582033112 2
1582033113 2
1582033114 2
1582033115 2
1582033116 2
1582033117 2
1582033118 2
1582033119 2
1582033120 2
1582033121 2
1582033122 2
1582033123 3
1582033124 3
1582033125 3
1582033126 3
1582033127 2
1582033128 2
1582033129 2
1582033130 4
1582033131 3
1582033132 3
1582033133 4
1582033134 4
1582033135 4
1582033136 4
1582033137 4
1582033138 3
1582033139 4
1582033140 5
1582033141 5
1582033142 5
1582033143 4
1582033144 4
1582033145 4
1582033146 4
1582033147 4
1582033148 1
1582033149 1
1582033150 1
1582033151 1
1582033152 2
1582033153 3
1582033154 4
1582033155 5
1582033156 5
1582033157 6
1582033158 3
1582033159 2
1582033160 2
1582033161 2
1582033162 4
1582033163 4
1582033164 4
1582033165 3
1582033166 3
1582033167 4
1582033168 3
1582033169 2
1582033170 2
1582033171 2
1582033172 2
1582033173 2
1582033174 4
1582033175 5
1582033176 6
1582033177 4
1582033178 4
1582033179 5
1582033180 4
1582033181 3
1582033182 3
1582033183 3
1582033184 2
1582033185 2
1582033186 2
1582033187 2
1582033188 2
1582033189 2
1582033190 3
1582033191 2
1582033192 2
1582033193 2
1582033194 2
1582033195 2
1582033196 2
1582033197 2
1582033198 2
1582033199 3
1582033200 2
1582033201 3
1582033202 4
1582033203 3
1582033204 3
1582033205 4
1582033206 4
1582033207 3
1582033208 2
1582033209 3
1582033210 3
1582033211 4
1582033212 4
1582033213 3
1582033214 4
1582033215 4
1582033216 3
1582033217 4
1582033218 4
1582033219 3
1582033220 4
1582033221 5
1582045557 4
1582045558 3
1582045559 3
1582045560 2
1582045561 2
1582045562 1
1582045563 2
1582045564 3
1582045565 2
1582045566 2
1582045567 2
1582045568 3
1582045569 3
1582045570 4
1582045571 4
1582045572 5
1582045573 3
1582045574 3
1582045575 3
1582045576 4
1582045577 3
1582045578 4
1582045579 3
1582045580 3
1582045581 3
1582045582 2
1582045583 2
1582045584 3
1582045585 3
1582045586 3
1582045587 4
1582045588 4
1582045589 2
1582045590 2
1582045591 2
1582045592 2
1582045593 2
1582045594 2
1582045595 2
1582045596 2
1582045597 2
1582045598 2
1582045599 2
1582045600 2
1582045601 2
1582045602 2
1582045603 2
1582045604 2
1582045605 2
1582045606 2
1582045607 2
1582045608 2
1582045609 2
1582045610 2
1582045611 2
1582045612 2
1582045613 2
1582045614 2
1582045615 2
1582045616 2
1582045617 2
1582045618 2
1582045619 2
1582045620 2
1582045621 2
1582045622 3
1582045623 4
1582045624 4
1582045625 4
1582045626 4
1582045627 4
1582045628 3
1582045629 3
1582045630 3
1582045631 3
1582045632 3
1582045633 3
1582045634 3
1582045635 3
1582045636 3
1582045637 3
1582045638 3
1582045639 3
1582045640 3
1582045641 3
1582045642 3
1582045643 3
1582045644 2
1582045645 2
1582045646 2
1582045647 2
1582045648 3
1582045649 4
1582045650 4
1582045651 4
1582045652 4
1582045653 4
1582045654 2
1582045655 2
1582045656 2
1582045657 2
1582045658 2
1582045659 2
1582045660 2
1582045661 2
1582045662 2
1582045663 2
1582045664 2
1582045665 2
1582045666 2
1582045667 2
1582045668 2
1582045669 2
1582045670 2
1582045671 2
1582045672 2
1582045673 2
1582045674 2
1582045675 2
1582045676 2
1582045677 2
1582045678 2
1582045679 2
1582045680 2
1582045681 2
1582045682 2
1582045683 2
1582045684 2
1582045685 2
1582045686 2
1582045687 2
1582045688 2
1582045689 2
1582045690 3
1582045691 3
1582045692 3
1582045693 2
1582045694 2
1582045695 2
1582045696 2
1582045697 3
1582045698 3
1582045699 3
1582045700 4
1582045701 4
1582045702 5
1582045703 4
1582045704 4
1582045705 3
1582045706 4
1582045707 4
1582045708 5
1582045709 4
1582045710 4
1582045711 2
1582045712 2
1582045713 2
1582045714 2
1582045716 1
1582045717 1
1582045718 2
1582045719 3
1582045720 3
1582045721 3
1582045722 3
1582045723 2
1582045724 2
1582045725 1
1582045726 1
1582045727 1
1582045728 2
1582045729 2
1582045730 3
1582045731 3
1582045732 2
1582045733 2
1582045734 2
1582045735 2
1582045736 1
1582045737 1
1582045738 1
1582045739 1
1582045740 1
1582045741 2
1582045742 2
1582045743 3
1582045744 2
1582045745 3
1582045746 3
1582045747 4
1582045748 3
1582045749 3
1582045750 3
1582045751 2
1582045752 2
1582045753 2
1582045754 2
1582045755 2
1582045756 2
1582045757 2
1582045758 3
1582045759 2
1582045760 2
1582045761 2
1582045762 2
1582045763 3
1582045764 2
1582045765 2
1582045766 2
1582045767 2
1582045768 3
1582045769 4
1582045770 2
1582045771 3
1582045772 3
1582045773 3
1582045774 3
1582045775 5
1582045776 3
1582045777 2
1582045778 3
1582045779 3
1582045780 2
1582045781 3
1582045782 3
1582045783 3
1582045784 4
1582045785 4
1582045786 3
1582045787 3
1582045788 3
1582045789 2
1582045790 3
1582045791 5
1582045792 5
1582045793 5
1582045794 6
1582045795 5
1582045796 5
1582045797 5
1582045798 5
1582045799 5
1582045800 4
1582045801 3
1582045802 3
1582045803 3
1582045804 2
1582045805 3
1582045806 3
1582045807 3
1582045808 4
1582045809 4
1582045810 3
1582045811 3
1582045812 2
1582045813 2
1582045814 4
1582045815 3
1582045816 4
1582045817 4
1582045818 4
1582045819 3
1582045820 3
1582045821 4
1582045822 3
1582045823 3
1582045824 3
1582045825 2
1582045826 2
1582045827 2
1582045828 2
1582045829 3
1582045830 2
1582045831 2
1582045832 2
1582045833 2
1582045834 3
1582045835 2
1582045836 2
1582045837 2
1582045838 2
1582045839 2
1582045840 2
1582045841 3
1582045842 3
1582045843 4
1582045844 4
1582045845 4
1582045846 3
1582045847 2
1582045848 2
1582045849 1
1582045850 1
1582045851 1
1582045852 1
1582045853 1
1582045854 2
1582045855 2
1582045856 3
1582045857 2
1582045858 2
1582045859 2
1582045860 2
1582045861 2
1582045862 2
1582045863 2
1582045864 2
1582045865 1
1582045866 1
1582045867 2
1582045868 3
1582045869 4
1582045870 5
1582045871 4
1582045872 4
1582045873 2
1582045874 3
1582045875 2
1582045876 3
1582045877 3
1582045878 2
1582045879 3
1582045880 3
1582045881 3
1582045882 4
1582045883 4
1582045884 4
1582045885 4
1582045886 3
1582045887 3
1582045888 3
1582045889 5
1582045890 4
1582045891 4
1582045892 2
1582045893 2
1582045894 2
1582045895 2
1582045896 2
1582045897 2
1582045898 3
1582045899 3
1582045900 3
1582045901 3
1582045902 3
1582045903 2
1582045904 2
1582045905 2
1582045906 2
1582045907 2
1582045908 2
1582045909 2
1582045910 2
1582045911 2
1582045912 2
1582045913 2
1582045914 2
1582045915 2
1582045916 2
1582045917 2
1582045918 2
1582045919 2
1582045920 2
1582045921 2
1582045922 2
1582045923 2
1582045924 2
1582045925 2
1582045926 2
1582045927 2
1582045928 2
1582045929 2
1582045930 2
1582045931 2
1582045932 2
1582045933 2
1582045934 2
1582045935 3
1582045936 3
1582045937 4
1582045938 4
1582045939 4
1582045940 4
1582045941 4
1582045942 4
1582045943 3
1582045944 3
1582045945 3
1582045946 3
1582045947 3
1582045948 2
1582045949 2
1582045950 3
1582045951 5
1582045952 4
1582045953 4
1582045954 4
1582045955 2
1582045956 2
1582045957 2
1582045958 2
1582045959 2
1582045960 2
1582045961 2
1582045962 2
1582045963 2
1582045964 2
1582045965 2
1582045966 2
1582045967 2
1582045968 2
1582045969 2
1582045970 2
1582045971 2
1582045972 2
1582045973 2
1582045974 2
1582045975 2
1582045976 2
1582045977 2
1582045978 2
1582045979 2
1582045980 2
1582045981 2
1582045982 2
1582045983 2
1582045984 2
1582045985 2
1582045986 2
1582045987 2
1582045988 3
1582045989 3
1582045990 3
1582045991 3
1582045992 2
1582045993 3
1582045994 3
1582045995 3
1582045996 4
1582045997 3
1582045998 3
1582045999 4
1582046000 4
1582046001 6
1582046002 4
1582046003 4
1582046004 5
1582046005 4
1582046006 4
1582046007 2
1582046008 2
1582046009 3
1582046010 3
1582046011 3
1582046012 4
1582046013 2
1582046014 1
1582046015 2
1582046016 2
1582046017 3
1582046018 4
1582046019 4
1582046020 5
1582046021 4
1582046022 3
1582046023 2
1582046024 2
1582046025 3
1582046026 3
1582046027 3
1582046028 2
1582046029 2
1582046030 2
1582046031 2
1582046032 3
1582046033 3
1582046034 2
1582046035 2
1582046036 2
1582046037 3
1582046038 4
1582046039 4
1582046040 4
1582046041 4
1582046042 4
1582046043 4
1582046044 3
1582046045 3
1582046046 3
1582046047 3
1582046048 3
1582046049 2
1582046050 2
1582046051 2
1582046052 2
1582046053 2
1582046054 2
1582046055 3
1582046056 2
1582046057 2
1582046058 2
1582046059 2
1582046060 3
1582046061 2
1582046062 2
1582046063 3
1582046064 2
1582046065 3
1582046066 3
1582046067 2
1582046068 3
1582046069 3
1582046070 3
1582046071 3
1582046072 3
1582046073 3
1582046074 2
1582046075 2
1582046076 2
1582046077 2
1582046078 3
1582046079 3
1582046080 3
1582046081 4
1582046082 4
1582046083 3
1582046084 3
1582046085 2
1582046086 2
1582046087 3
1582046088 6
