1574691998 4
1574691999 4
1574692000 4
1574692001 3
1574692002 2
1574692003 2
1574692004 2
1574692005 1
1574692006 1
1574692007 1
1574692008 3
1574692009 3
1574692010 2
1574692011 2
1574692012 3
1574692013 3
1574692014 2
1574692015 2
1574692016 2
1574692017 3
1574692018 4
1574692019 4
1574692020 3
1574692021 3
1574692022 5
1574692023 5
1574692024 4
1574692025 3
1574692026 3
1574692027 3
1574692028 3
1574692029 2
1574692030 2
1574692031 2
1574692032 2
1574692033 2
1574692034 2
1574692035 3
1574692036 4
1574692037 4
1574692038 4
1574692039 4
1574692040 4
1574692041 4
1574692042 3
1574692043 3
1574692044 3
1574692045 2
1574692046 3
1574692047 4
1574692048 3
1574692049 3
1574692050 2
1574692051 3
1574692052 3
1574692053 1
1574692054 1
1574692055 1
1574692056 1
1574692057 2
1574692058 2
1574692059 3
1574692060 2
1574692061 2
1574692062 2
1574692063 4
1574696706 1
1574696707 2
1574696708 1
1574696711 1
1574696712 2
1574696713 2
1574696714 4
1574696715 5
1574696716 5
1574696717 5
1574696718 5
1574696719 6
1574696720 6
1574696721 5
1574696722 5
1574696723 6
1574696724 5
1574696725 7
1574696726 6
1574696727 6
1574696728 3
1574696729 3
1574696730 2
1574696731 2
1574696732 2
1574696733 2
1574696734 3
1574696735 3
1574696736 3
1574696737 3
1574696738 3
1574696739 2
1574696740 2
1574696741 2
1574696742 2
1574696743 2
1574696744 2
1574696745 2
1574696746 2
1574696747 2
1574696748 2
1574696749 2
1574696750 2
1574696751 2
1574696752 2
1574696753 2
1574696754 2
1574696755 2
1574696756 2
1574696757 2
1574696758 2
1574696759 2
1574696760 2
1574696761 2
1574696762 2
1574696763 2
1574696764 2
1574696765 2
1574696766 2
1574696767 2
1574696768 2
1574696769 2
1574696770 2
1574696771 2
1574696772 2
1574696773 4
1574696774 4
1574696775 4
1574696776 4
1574696777 4
1574696778 4
1574696779 3
1574696780 3
1574696781 3
1574696782 3
1574696783 3
1574696784 3
1574696785 3
1574696786 3
1574696787 3
1574696788 3
1574696789 4
1574696790 4
1574696791 4
1574696792 4
1574696793 3
1574696794 3
1574696795 3
1574696796 2
1574696797 2
1574696798 2
1574696799 2
1574696800 2
1574696801 2
1574696802 2
1574696803 2
1574696804 2
1574696805 2
1574696806 2
1574696807 2
1574696808 2
1574696809 2
1574696810 2
1574696811 2
1574696812 2
1574696813 2
1574696814 2
1574696815 2
1574696816 2
1574696817 2
1574696818 2
1574696819 2
1574696820 2
1574696821 2
1574696822 2
1574696823 2
1574696824 2
1574696825 2
1574696826 2
1574696827 2
1574696828 2
1574696829 2
1574696830 2
1574696831 3
1574696832 3
1574696833 4
1574696834 4
1574696835 4
1574696836 2
1574696837 2
1574696838 2
1574696839 3
1574696840 3
1574696841 3
1574696842 3
1574696843 4
1574696844 5
1574696845 3
1574696846 3
1574696847 4
1574696848 5
1574696849 5
1574696850 3
1574696851 3
1574696852 3
1574696853 2
1574696854 2
1574696855 2
1574696856 1
1574696857 1
1574696858 2
1574696859 3
1574696860 3
1574696861 3
1574696862 2
1574696863 1
1574696864 1
1574696865 1
1574696866 1
1574696867 1
1574696868 1
1574696869 2
1574696870 2
1574696871 2
1574696872 2
1574696873 2
1574696874 2
1574696875 2
1574696876 2
1574696877 2
1574696878 2
1574696879 2
1574696880 3
1574696881 3
1574696882 3
1574696883 4
1574696884 5
1574696885 4
1574696886 3
1574696887 3
1574696888 3
1574696889 3
1574696890 3
1574696891 2
1574696892 2
1574696893 2
1574696894 2
1574696895 3
1574696896 4
1574696897 5
1574696898 4
1574696899 4
1574696900 4
1574696901 5
1574696902 5
1574696903 5
1574696904 4
1574696905 4
1574696906 5
1574696907 3
1574696908 3
1574696909 3
1574696910 3
1574696911 3
1574696912 3
1574696913 3
1574696914 3
1574696915 4
1574696916 3
1574696917 4
1574696918 3
1574696919 2
1574696920 2
1574696921 2
1574696922 2
1574696923 2
1574696924 3
1574696925 4
1574696926 4
1574696927 4
1574696928 3
1574696929 5
1574709343 3
1574709344 3
1574709345 3
1574709346 3
1574709347 3
1574709348 3
1574709349 3
1574709350 3
1574709351 3
1574709352 3
1574709353 2
1574709354 3
1574709355 2
1574709356 3
1574709357 3
1574709358 3
1574709359 3
1574709360 4
1574709361 4
1574709362 5
1574709363 4
1574709364 4
1574709365 3
1574709366 5
1574709367 4
1574709368 3
1574709369 3
1574709370 3
1574709371 3
1574709372 2
1574709373 1
1574709376 1
1574709377 1
1574709378 1
1574709379 2
1574709380 2
1574709381 2
1574709382 2
1574709383 2
1574709384 2
1574709385 2
1574709386 2
1574709387 2
1574709388 2
1574709389 2
1574709390 2
1574709391 2
1574709392 2
1574709393 2
1574709394 2
1574709395 3
1574709396 3
1574709397 3
1574709398 1
1574709399 2
1574709400 1
1574709401 1
1574709402 1
1574709403 1
1574709404 1
1574709405 1
1574709406 1
1574709407 3
1574709408 2
1574709409 3
1574709410 4
1574709411 4
1574709412 4
1574709413 5
1574709414 5
1574709415 3
1574709416 3
1574709417 3
1574709418 3
1574709419 3
1574709420 4
1574709421 4
1574709422 3
1574709423 3
1574709424 3
1574709425 3
1574709426 3
1574709427 3
1574709428 3
1574709429 2
1574709430 2
1574709431 2
1574709432 2
1574709433 2
1574709434 3
1574709435 2
1574709436 2
1574709437 3
1574709438 2
1574709439 2
1574709440 2
1574709441 2
1574709442 2
1574709443 2
1574709444 2
1574709445 3
1574709446 3
1574709447 3
1574709448 2
1574709449 2
1574709450 2
1574709451 2
1574709452 1
1574709453 1
1574709454 1
1574709455 2
1574709456 2
1574709457 2
1574709458 2
1574709459 2
1574709460 2
1574709461 3
1574709462 5
1574710643 3
1574710644 3
1574710645 3
1574710646 3
1574710647 3
1574710648 3
1574710649 3
1574710650 4
1574710651 4
1574710652 3
1574710653 2
1574710654 3
1574710655 2
1574710656 3
1574710657 3
1574710658 3
1574710659 3
1574710660 4
1574710661 4
1574710662 5
1574710663 5
1574710664 5
1574710665 4
1574710666 4
1574710667 3
1574710668 3
1574710669 3
1574710670 3
1574710671 1
1574710672 1
1574710673 1
1574710676 1
1574710677 1
1574710678 1
1574710679 2
1574710680 2
1574710681 2
1574710682 2
1574710683 2
1574710684 2
1574710685 2
1574710686 2
1574710687 1
1574710688 1
1574710689 1
1574710690 1
1574710691 1
1574710692 1
1574710693 1
1574710694 3
1574710695 3
1574710696 3
1574710697 4
1574710698 4
1574710699 4
1574710700 5
1574710701 5
1574710702 5
1574710703 4
1574710704 3
1574710705 3
1574710706 3
1574710707 4
1574710708 3
1574710709 3
1574710710 3
1574710711 3
1574710712 3
1574710713 3
1574710714 2
1574710715 2
1574710716 2
1574710717 2
1574710718 2
1574710719 2
1574710720 3
1574710721 2
1574710722 2
1574710723 2
1574710724 3
1574710725 2
1574710726 3
1574710727 2
1574710728 2
1574710729 2
1574710730 2
1574710731 2
1574710732 3
1574710733 3
1574710734 3
1574710735 4
1574710736 2
1574710737 2
1574710738 2
1574710739 1
1574710740 1
1574710741 1
1574710742 2
1574710743 2
1574710744 3
1574710745 2
1574710746 2
1574710747 2
1574710748 3
1574710749 5
