1569850044 1.584581752
1569850045 0.043002742
1569850248 1.723772521
1569850249 0.004109586
1569850249 0.03509592
1569850044 1.584581752
1569850045 0.043002742
1569850248 1.723772521
1569850249 0.004109586
1569850249 0.03509592
1569850805 1.522511065
1569851061 1.610175585
1569851267 1.489312887
1569851268 0.036124054
1569851268 0.051867833
1569851617 1.532549801
1569851829 1.536310062
1569851831 0.045707181
1569852058 1.491757121
1569852283 1.580599013
1569852520 1.698336972
1569853139 1.306290925
1569853140 0.044583396
1569853448 1.569846216
