1571752052 3
1571752053 2
1571752054 2
1571752055 2
1571752056 2
1571752248 2
1571752249 2
1571752250 2
1571752251 2
1571752252 2
1571752447 2
1571752448 2
1571752449 2
1571752450 2
1571752451 2
1571752652 2
1571752653 2
1571752654 2
1571752655 2
1571752656 2
1571752847 2
1571752848 2
1571752849 2
1571752850 2
1571753043 2
1571753044 2
1571753045 2
1571753046 2
1571753240 2
1571753241 2
1571753242 2
1571753243 2
1571753244 2
1571753635 2
1571753636 2
1571753637 2
1571753638 2
1571753832 2
1571753833 2
1571753834 2
1571753835 2
1571753836 2
1571760189 2
1571760190 2
1571760191 2
1571760192 2
1571760193 2
1571760384 2
1571760385 2
1571760386 2
1571760387 2
1571760388 2
1571760589 2
1571760590 2
1571760591 2
1571760592 2
1571760593 2
1571760785 2
1571760786 2
1571760787 2
1571760788 2
1571761394 2
1571761395 2
1571761396 2
1571761397 2
1571761398 2
1571761589 2
1571761590 2
1571761591 2
1571761592 2
1571761593 2
1571761785 2
1571761786 2
1571761787 2
1571761788 2
1571761789 2
1571761993 2
1571761994 2
1571761995 2
1571761996 2
