1569850014 2
1569850015 2
1569850016 2
1569850017 2
1569850018 2
1569850218 2
1569850219 2
1569850220 2
1569850221 2
1569850748 2
1569850749 2
1569850750 2
1569850751 2
1569850752 2
1569851031 2
1569851032 3
1569851033 2
1569851034 2
1569851035 2
1569851237 2
1569851238 2
1569851239 2
1569851240 2
1569851241 2
1569851587 2
1569851588 2
1569851589 2
1569851590 2
1569851799 2
1569851800 2
1569851801 2
1569851802 2
1569851803 2
1569852023 2
1569852024 2
1569852025 2
1569852026 2
1569852027 2
1569852252 2
1569852253 2
1569852254 2
1569852255 2
1569852256 2
1569852490 2
1569852491 2
1569852492 2
1569852493 2
1569852494 2
1569853099 2
1569853100 2
1569853101 2
1569853102 2
1569853103 2
1569853412 2
1569853413 2
1569853414 2
1569853415 2
1569853416 2
1569853417 2
