1571401862 2
1571401863 2
1571401864 2
1571401865 2
1571401866 2
1571401867 3
1571401868 2
1571401869 2
1571401870 2
1571401871 2
1571401872 2
1571401873 2
1571401874 2
1571401875 2
1571401876 2
1571401877 2
1571401878 2
1571401879 2
1571401880 2
1571401881 2
1571401882 2
1571401883 2
1571401884 2
1571401885 2
1571401886 2
1571401887 2
1571401888 2
1571401889 2
1571401890 2
1571401891 2
1571401892 2
1571401893 2
1571401894 2
1571401895 2
1571401896 2
1571401897 2
1571401898 2
1571401899 2
1571401900 2
1571401901 2
1571401902 2
1571401903 2
1571401904 2
1571401905 2
1571401906 2
1571401907 2
1571401908 2
1571401909 2
1571401910 2
1571401911 2
1571401912 2
1571401913 2
1571401914 2
1571401915 2
1571401916 2
1571401917 2
1571401918 2
1571401919 2
1571401920 2
1571401921 2
1571401922 2
1571401923 2
1571401924 2
1571401925 2
1571401926 2
1571401927 2
1571401928 2
1571401929 2
1571401930 2
1571401931 2
1571401932 2
1571401933 2
1571401934 2
1571401935 2
1571401936 2
1571401937 2
1571401938 2
1571401939 2
1571401940 2
1571401941 2
1571401942 2
1571401943 2
1571401944 2
1571401945 2
1571401946 2
1571401947 2
1571401948 2
1571401949 2
1571401950 2
1571401951 2
1571401952 2
1571401953 2
1571401954 2
1571401955 2
1571401956 2
1571401957 2
1571401958 2
1571401959 2
1571401960 2
1571401961 2
1571401962 2
1571401963 2
1571401964 2
1571401965 2
1571401966 2
1571401967 2
1571401968 2
1571401969 2
1571401970 2
1571401971 2
1571401972 2
1571401973 2
1571401974 2
1571404116 3
1571404117 3
1571404118 3
1571404119 2
1571404120 2
1571404121 2
1571404122 2
1571404123 2
1571404124 2
1571404125 2
1571404126 2
1571404127 2
1571404128 2
1571404129 2
1571404130 2
1571404131 2
1571404132 2
1571404133 2
1571404134 2
1571404135 2
1571404136 2
1571404137 2
1571404138 2
1571404139 2
1571404140 2
1571404141 2
1571404142 2
1571404143 2
1571404144 2
1571404145 2
1571404146 2
1571404147 2
1571404148 2
1571404149 2
1571404150 2
1571404151 2
1571404152 2
1571404153 2
1571404154 2
1571404155 2
1571404156 2
1571404157 2
1571404158 2
1571404159 2
1571404160 2
1571404161 2
1571404162 2
1571404163 2
1571404164 2
1571404165 2
1571404166 2
1571404167 2
1571404168 2
1571404169 2
1571404170 2
1571404171 2
1571404172 2
1571404173 2
1571404174 2
1571404175 2
1571404176 2
1571404177 2
1571404178 2
1571404179 2
1571404180 2
1571404181 2
1571404182 2
1571404183 2
1571404184 2
1571404185 2
1571404186 2
1571404187 2
1571404188 2
1571404189 2
1571404190 2
1571404191 2
1571404192 2
1571404193 2
1571404194 2
1571404195 2
1571404196 2
1571404197 2
1571404198 2
1571404199 2
1571404200 2
1571404201 2
1571404202 2
1571404203 2
1571404204 2
1571404205 2
1571404206 2
1571404207 2
1571404208 2
1571404209 2
1571404210 2
1571404211 2
1571404212 2
1571404213 2
1571404214 2
1571404215 2
1571404216 2
1571404217 2
1571404218 2
1571404219 2
1571404220 2
1571404221 2
1571404222 2
1571404223 2
1571404224 2
1571404225 2
1571404226 2
1571404227 2
1571404228 2
1571404229 2
1571404230 2
1571404231 2
1571404232 2
1571404233 2
1571404234 2
1571404235 2
1571404236 2
1571404237 2
1571404238 2
1571404239 2
1571404240 2
1571404241 2
1571404242 2
1571404243 2
1571404244 2
1571404245 2
1571404246 2
1571404247 2
1571404248 2
1571404249 2
1571404250 2
1571404251 2
1571404252 2
1571404253 2
1571404254 2
1571404255 2
1571404256 2
1571404257 2
1571404258 2
1571404259 2
1571404260 2
1571404261 2
1571404262 2
1571404263 2
1571404264 2
1571404265 2
1571404266 2
1571404267 2
1571404268 2
1571404269 2
1571404270 2
1571404271 2
1571404272 2
1571404273 2
1571404274 2
1571404275 2
1571404276 2
1571404277 2
1571404278 2
1571404279 2
1571404280 2
1571404281 2
1571404282 2
1571404283 2
1571404284 2
1571404285 2
1571404286 2
1571404287 2
1571404288 2
1571404289 2
1571404290 2
1571404291 2
1571404292 2
1571404293 2
1571404294 2
1571404295 2
1571404296 2
1571404297 2
1571404298 2
1571404299 2
1571404300 2
1571404301 2
1571404302 2
1571404303 2
1571404304 2
1571404305 2
1571404306 2
1571404307 2
1571404308 2
1571404309 2
1571404310 2
1571404311 2
1571404312 2
1571404313 2
1571404314 2
1571404315 2
1571404316 2
1571404317 2
1571404318 2
1571404319 2
1571404320 2
1571404321 2
1571404322 2
1571404323 2
1571404324 2
1571404325 2
1571404326 2
1571404327 2
1571404328 2
1571404329 2
1571404330 2
1571404331 2
1571404332 2
1571404333 2
1571404334 2
1571404335 2
1571404336 2
1571404337 2
1571404338 2
1571404339 2
1571404340 2
1571404341 2
1571404342 2
1571404343 2
1571404344 2
1571404345 2
1571404346 2
1571404347 2
1571404348 2
1571404349 2
1571404350 2
1571404351 2
1571404352 2
1571404353 2
1571404354 2
1571404355 2
1571404356 2
1571404357 2
1571404358 2
1571404359 2
1571404360 2
1571404361 2
1571404362 2
1571404363 2
1571404364 2
1571404365 2
1571404366 2
1571404367 2
1571404368 2
1571404369 2
1571404370 2
1571404371 2
1571404372 2
1571404373 2
1571404374 2
1571404375 2
1571404376 2
1571404377 2
1571404378 2
1571404379 2
1571404380 2
1571404381 2
1571404382 2
1571404383 2
1571404384 2
1571404385 2
1571404386 2
1571404387 2
1571404388 2
1571404389 2
1571404390 2
1571404391 2
1571404392 2
1571404393 2
1571404394 2
1571404395 2
1571404396 2
1571404397 2
1571404398 2
1571404399 2
1571404400 2
1571404401 2
1571404402 2
1571404403 2
1571404404 2
1571404405 2
1571404406 2
1571404407 2
1571404408 2
1571404409 2
1571404410 2
1571404411 2
1571404412 2
1571404413 2
1571404414 2
1571404415 2
1571404416 2
1571404417 2
1571404418 2
1571404419 2
1571404420 2
1571404421 2
1571404422 2
1571404423 2
1571404424 2
1571404425 2
1571404426 2
1571404427 2
1571404428 2
1571404429 2
1571404430 2
1571404431 2
1571404432 2
1571404433 2
1571404434 2
1571404435 2
1571404436 2
1571404437 2
1571404438 2
1571404439 2
1571404440 2
1571404441 2
1571404442 2
1571404443 2
1571404444 2
1571404445 2
1571404446 2
1571404447 2
1571404448 2
1571404449 2
1571404450 2
1571404451 2
1571404452 2
1571404453 2
1571404454 2
1571404455 2
1571404456 2
1571404457 2
1571404458 2
1571404459 2
1571404460 2
1571404461 2
1571404462 2
1571404463 2
1571404464 2
1571404465 2
1571404466 2
1571404467 2
1571404468 2
1571404469 2
1571404470 2
1571404471 2
1571404472 2
1571404473 2
1571404474 2
1571404475 2
1571404476 2
1571404477 2
1571404478 2
1571404479 2
1571404480 2
1571404481 2
1571404482 2
1571404483 2
1571404484 2
1571404485 2
1571404486 2
1571404487 2
1571404488 2
1571404489 2
1571404490 2
1571404491 2
1571404492 2
1571404493 3
1571404494 3
1571404495 2
1571404496 2
1571404497 2
1571404498 2
1571404499 2
1571404500 2
1571404501 2
1571404502 2
1571404503 2
1571404504 2
1571404505 2
1571404506 2
1571404507 2
1571404508 2
1571404509 2
1571404510 2
1571404511 2
1571404512 2
1571404513 2
1571404514 2
1571404515 2
1571404516 2
1571404517 2
1571404518 2
1571404519 2
1571404520 2
1571404521 2
1571404522 2
1571404523 2
1571404524 2
1571404525 2
1571404526 2
1571404527 2
1571404528 2
1571404529 2
1571404530 2
1571404531 2
1571404532 2
1571404533 2
1571404534 2
1571404535 2
1571404536 2
1571404537 2
1571404538 2
1571404539 2
1571404540 2
1571404541 2
1571404542 2
1571404543 2
1571404544 2
1571404545 2
1571404546 2
1571404547 2
1571404548 2
1571404549 2
1571404550 2
1571404551 2
1571404552 2
1571404553 2
1571404554 2
1571404555 2
1571404556 2
1571404557 2
1571404558 2
1571404559 2
1571404560 2
1571404561 2
1571404562 2
1571404563 2
1571404564 2
1571404565 2
1571404566 2
1571404567 2
1571404568 2
1571404569 2
1571404570 2
1571404571 2
1571404572 2
1571404573 2
1571404574 2
1571404575 2
1571404576 2
1571404577 2
1571404578 2
1571404579 2
1571404580 2
1571404581 2
1571404582 2
1571404583 2
1571404584 2
1571404585 2
1571404586 2
1571404587 2
1571404588 2
1571404589 2
1571404590 2
1571404591 2
1571404592 2
1571404593 2
1571404594 2
1571404595 2
1571404596 2
1571404597 2
1571404598 2
1571404599 2
1571404600 2
1571404601 2
1571404602 2
1571404603 2
1571404604 2
1571404605 2
1571404606 2
1571404607 2
1571404608 2
1571404609 2
1571404610 2
1571404611 2
1571404612 2
1571404613 2
1571404614 2
1571404615 2
1571404616 2
1571404617 2
1571404618 2
1571404619 2
1571404620 2
1571404621 2
1571404622 2
1571404623 2
1571404624 2
1571404625 2
1571404626 2
1571404627 2
1571404628 2
1571404629 2
1571404630 2
1571404631 2
1571404632 2
1571404633 2
1571404634 2
1571404635 2
1571404636 2
1571404637 2
1571404638 2
1571404639 2
1571404640 2
1571404641 2
1571404642 2
1571404643 2
1571404644 2
1571404645 2
1571404646 2
1571404647 2
1571404648 2
1571404649 2
1571404650 2
1571404651 2
1571404652 2
1571404653 2
1571404654 2
1571404655 2
1571404656 2
1571404657 2
1571404658 2
1571404659 2
1571404660 2
1571404661 2
1571404662 2
1571404663 2
1571404664 2
1571404665 2
1571404666 2
1571404667 2
1571404668 2
1571404669 2
1571404670 2
1571404671 2
1571404672 2
1571404673 2
1571404674 2
1571404675 2
1571404676 2
1571404677 2
1571404678 2
1571404679 2
1571404680 2
1571404681 2
1571404682 2
1571404683 2
1571404684 2
1571404685 2
1571404686 2
1571404687 2
1571404688 2
1571404689 2
1571404690 2
1571404691 2
1571404692 2
1571404693 2
1571404694 2
1571404695 2
1571404696 2
1571404697 2
1571404698 2
1571404699 2
1571404700 2
1571404701 2
1571404702 2
1571404703 2
1571404704 2
1571404705 2
1571404706 2
1571404707 2
1571404708 2
1571404709 2
1571404710 2
1571404711 2
1571404712 2
1571404713 2
1571404714 2
1571404715 2
1571404716 2
1571404717 2
1571404718 2
1571404719 2
1571404720 2
1571404721 2
1571404722 2
1571404723 2
1571404724 2
1571404725 2
1571404726 2
1571404727 2
1571404728 2
1571404729 2
1571404730 2
1571404731 2
1571404732 2
1571404733 2
1571404734 2
1571404735 2
1571404736 2
1571404737 2
1571404738 2
1571404739 2
1571404740 2
1571404741 2
1571404742 2
1571404743 2
1571404744 2
1571404745 2
1571404746 2
1571404747 2
1571404748 2
1571404749 2
1571404750 2
1571404751 2
1571404752 2
1571404753 2
1571404754 2
1571404755 2
1571404756 2
1571404757 2
1571404758 2
1571404759 2
1571404760 2
1571404761 2
1571404762 2
1571404763 2
1571404764 2
1571404765 2
1571404766 2
1571404767 2
1571404768 2
1571404769 2
1571404770 2
1571404771 2
1571404772 2
1571404773 2
1571404774 2
1571404775 2
1571404776 2
1571404777 2
1571404778 2
1571404779 2
1571404780 2
1571404781 2
1571404782 2
1571404783 2
1571404784 2
1571404785 2
1571404786 2
1571404787 2
1571404788 2
1571404789 2
1571404790 2
1571404791 2
1571404792 2
1571404793 2
1571404794 2
1571404795 2
1571404796 2
1571404797 2
1571404798 2
1571404799 3
1571404800 2
1571404801 2
1571404802 2
1571404803 2
1571404804 2
1571404805 2
1571404806 2
1571404807 2
1571404808 2
1571404809 2
1571404810 2
1571404811 2
1571404812 2
1571404813 2
1571404814 2
1571404815 2
1571404816 2
1571404817 2
1571404818 2
1571404819 2
1571404820 2
1571404821 2
1571404822 2
1571404823 2
1571404824 2
1571404825 2
1571404826 2
1571404827 2
1571404828 2
1571404829 2
1571404830 2
1571404831 2
1571404832 2
1571404833 2
1571404834 2
1571404835 2
1571404836 2
1571404837 2
1571404838 2
1571404839 2
1571404840 2
1571404841 2
1571404842 2
1571404843 2
1571404844 2
1571404845 2
1571404846 2
1571404847 2
1571404848 2
1571404849 2
1571404850 2
1571404851 2
1571404852 2
1571404853 2
1571404854 2
1571404855 2
1571404856 2
1571404857 2
1571404858 2
1571404859 4
1571404860 4
1571404861 4
1571404862 4
1571404863 3
1571404864 3
1571404865 3
1571404866 2
1571404867 2
1571404868 2
1571404869 2
1571404870 2
1571404871 2
1571404872 2
1571404873 2
1571404874 2
1571404875 2
1571404876 2
1571404877 2
1571404878 2
1571404879 4
1571406708 2
1571406709 2
1571406710 2
1571406711 2
1571406712 2
1571406713 2
1571406714 2
1571406715 2
1571406716 2
1571406717 2
1571406718 2
1571406719 2
1571406720 2
1571406721 2
1571406722 2
1571406723 2
1571406724 2
1571406725 2
1571406726 2
1571406727 2
1571406728 2
1571406729 2
1571406730 2
1571406731 2
1571406732 2
1571406733 2
1571406734 2
1571406735 2
1571406736 2
1571406737 2
1571406738 2
1571406739 2
1571406740 2
1571406741 2
1571406742 2
1571406743 2
1571406744 2
1571406745 2
1571406746 2
1571406747 2
1571406748 2
1571406749 2
1571406750 2
1571406751 2
1571406752 2
1571406753 2
1571406754 2
1571406755 2
1571406756 2
1571406757 2
1571406758 2
1571406759 2
1571406760 2
1571406761 2
1571406762 2
1571406763 2
1571406764 2
1571406765 2
1571406766 2
1571406767 2
1571406768 2
1571406769 2
1571406770 2
1571406771 2
1571406772 2
1571406773 2
1571406774 2
1571406775 2
1571406776 2
1571406777 2
1571406778 2
1571406779 2
1571406780 2
1571406781 2
1571406782 2
1571406783 2
1571406784 2
1571406785 2
1571406786 2
1571406787 2
1571406788 2
1571406789 2
1571406790 2
1571406791 2
1571406792 2
1571406793 2
1571406794 2
1571406795 2
1571406796 2
1571406797 2
1571406798 2
1571406799 2
1571406800 2
1571406801 2
1571406802 3
1571406803 4
