1582113169 14.974519655
1582113334 9.643661991
1582113499 10.457394571
1582113666 13.079946034
1582113834 9.254373796
1582114009 9.415030507
1582114334 9.234333841
1582114665 9.774782308
1582114825 9.520472535
1582115154 9.708132887
1582115322 9.517352298
1582115486 9.331017307
1582115975 9.183301002
1582116369 9.31421208
1582116547 9.635387783
1582116712 9.524079027
1582119193 9.298801746
1582119717 9.40480734
1582119878 9.35891167
1582120947 9.336585533
1582121114 9.490500889
1582121358 9.149233618
1582125263 9.488993001
1582125703 18.507565435
1582125906 10.328166617
1582126072 9.767182464
1582126241 8.983449916
1582126402 9.841490089
1582126570 9.700526364
1582126734 9.542651414
1582126897 9.450055784
1582127058 9.353181587
1582127223 9.580308817
1582127392 9.217846221
1582127557 9.801997863
1582127721 9.548191942
1582128045 9.443475184
1582128390 9.317034535
1582128552 9.500536759
1582128715 9.166043728
1582128880 9.292694451
1582129047 9.135411802
1582129216 9.299386277
1582129374 9.320045242
1582129698 9.39671111
