1574685825 9.272539708
1574686018 11.659275416
1574686186 9.095262622
1574686348 9.395044498
1574686506 9.093308911
1574686672 9.244822982
1574686836 9.250902508
1574687022 9.336182693
1574687197 9.365742797
1574687361 9.44910141
1574689690 9.246798241
1574689906 9.31836969
1574690075 9.303037536
1574690245 9.273929888
1574690415 9.040119513
1574690575 9.358055537
1574690746 9.145979731
1574690905 9.136246558
1574691090 9.318094581
1574691269 9.340868144
1574706890 9.43675304
1574707133 9.508116965
