1571322943 1.969624556
1571323265 1.885740222
1571323658 1.804557259
1571324060 1.88200224
1571324352 0.296905414
1571324353 0.082819174
1571324460 1.812861281
1571325066 1.830622309
1571325263 1.768141088
1571325462 1.828939815
1571325666 1.898385653
1571325865 1.830785266
1571326066 1.946965475
1571326756 1.915572651
1571326969 1.968594135
1571327176 1.968664297
1571327390 1.885520029
1571327780 1.866409883
1571328171 1.878894968
1571328562 1.966325977
1571328954 1.956425909
1571329345 1.783552659
1571329938 1.839903005
