1573300873 0.0
1573300873 0.0
1573300873 0.0
1573300873 0.0
1573300873 0.0
1573300874 0.0
1573300874 0.0
1573300874 0.0
1573300874 0.0
1573300874 0.0
1573300874 0.0
1573300874 0.0
1573300874 0.0
1573300874 0.0
1573300874 0.0
1573300874 0.0
1573300874 0.0
1573300874 0.0
1573300874 0.0
1573300874 0.0
1573300874 0.0
1573300874 0.0
1573300874 0.0
1573300874 0.0
1573300874 0.0
1573300874 0.0
1573300874 0.0
1573300874 0.0
1573300874 0.0
1573300874 0.0
1573300874 0.0
1573300874 0.0
1573300874 0.0
1573300874 0.0
1573300875 0.0
1573300875 0.0
1573300875 0.0
1573300875 0.0
1573300875 0.0
1573300875 0.0
1573300875 0.0
1573300875 0.0
1573300875 0.0
1573300875 0.0
1573300875 0.0
1573300875 0.0
1573300875 0.0
1573300875 0.0
1573300875 0.0
1573300875 0.0
1573300875 0.0
1573300875 0.0
1573300875 0.0
1573300875 0.0
1573300875 0.0
1573300875 0.0
1573300875 0.0
1573300875 0.0
1573300875 0.0
1573300875 0.0
1573300875 0.0
1573300875 0.0
1573300875 0.0
1573300875 0.0
1573300875 0.0
1573300875 0.0
1573300875 0.0
1573300875 0.0
1573300875 0.0
1573300876 0.0
1573300876 0.0
1573300876 0.0
1573300876 0.0
1573300876 0.0
1573300876 0.0
1573300876 0.0
1573300876 0.0
1573300876 0.0
1573300876 0.0
1573300876 0.0
1573300876 0.0
1573300876 0.0
1573300876 0.0
1573300876 0.0
1573300876 0.0
1573300876 0.0
1573300876 0.0
1573300876 0.0
1573300876 0.0
1573300876 0.0
1573300876 0.0
1573300876 0.0
1573300876 0.0
1573300876 0.0
1573300876 0.0
1573300876 0.0
1573300876 0.0
1573300876 0.0
1573300876 0.0
1573300876 0.0
1573300876 0.0
1573300876 0.0
1573300876 0.0
1573300876 0.0
1573300876 0.0
1573300877 0.0
1573300877 0.0
1573300877 0.0
1573300877 0.0
1573300877 0.0
1573300877 0.0
1573300877 0.0
1573300877 0.0
1573300877 0.0
1573300877 0.0
1573300877 0.0
1573300877 0.0
1573300877 0.0
1573300877 0.0
1573300877 0.0
1573300877 0.0
1573300877 0.0
1573300877 0.0
1573300877 0.0
1573300877 0.0
1573300877 0.0
1573300877 0.0
1573300877 0.0
1573300877 0.0
1573300877 0.0
1573300877 0.0
1573300877 0.0
1573300877 0.0
1573300877 0.0
1573300877 0.0
1573300877 0.0
1573300877 0.0
1573300877 0.0
1573300877 0.0
1573300878 0.0
1573300878 0.0
1573300878 0.0
1573300878 0.0
1573300878 0.0
1573300878 0.0
1573300878 0.0
1573300878 0.0
1573300878 0.0
1573300878 0.0
1573300878 0.0
1573300878 0.0
1573300878 0.0
1573300878 0.0
1573300878 0.0
1573300878 0.0
1573300878 0.0
1573300878 0.0
1573300878 0.0
1573300878 0.0
1573300878 0.0
1573300878 0.0
1573300878 0.0
1573300878 0.0
1573300878 0.0
1573300878 0.0
1573300878 0.0
1573300878 0.0
1573300878 0.0
1573300878 0.0
1573300878 0.0
1573300878 0.0
1573300878 0.0
1573300878 0.0
1573300878 0.0
1573300878 0.0
1573300878 0.0
1573300878 0.0
1573300878 0.0
1573300879 0.0
1573300879 0.0
1573300879 0.0
1573300879 0.0
1573300879 0.0
1573300879 0.0
1573300879 0.0
1573300879 0.0
1573300879 0.0
1573300879 0.0
1573300879 0.0
1573300879 0.0
1573300879 0.0
1573300879 0.0
1573300879 0.0
1573300879 0.0
1573300879 0.0
1573300879 0.0
1573300879 0.0
1573300879 0.0
1573300879 0.0
1573300879 0.0
1573300879 0.0
1573300879 0.0
1573300879 0.0
1573300879 0.0
1573300879 0.0
1573300879 0.0
1573300879 0.0
1573300879 0.0
1573300879 0.131086608
1573300880 0.0
1573315454 2.362546367
1573315457 0.0
1573315457 0.0
1573315457 0.0
1573315457 0.0
1573315457 0.0
1573315457 0.0
1573315457 0.0
1573315457 0.0
1573315457 0.0
1573315457 0.0
1573315457 0.0
1573315457 0.0
1573315457 0.0
1573315457 0.0
1573315457 0.0
1573315457 0.0
1573315457 0.0
1573315457 0.0
1573315457 0.0
1573315457 0.0
1573315457 0.0
1573315457 0.0
1573315457 0.0
1573315457 0.0
1573315457 0.0
1573315457 0.0
1573315457 0.0
1573315457 0.0
1573315457 0.0
1573315457 0.0
1573315458 0.0
1573315458 0.0
1573315458 0.0
1573315458 0.0
1573315458 0.0
1573315458 0.0
1573315458 0.0
1573315458 0.0
1573315458 0.0
1573315458 0.0
1573315458 0.0
1573315458 0.0
1573315458 0.0
1573315458 0.0
1573315458 0.0
1573315458 0.0
1573315458 0.0
1573315458 0.0
1573315458 0.0
1573315458 0.0
1573315458 0.0
1573315458 0.0
1573315458 0.0
1573315458 0.0
1573315458 0.0
1573315458 0.0
1573315458 0.0
1573315458 0.0
1573315458 0.0
1573315458 0.0
1573315458 0.0
1573315459 0.0
1573315459 0.0
1573315459 0.0
