1575472841 0.0
1575472841 0.0
1575472841 0.0
1575472841 0.0
1575472841 0.0
1575472842 0.0
1575472842 0.0
1575472842 0.0
1575472842 0.0
1575472842 0.0
1575472842 0.0
1575472842 0.0
1575472842 0.0
1575472842 0.0
1575472842 0.0
1575472842 0.0
1575472842 0.0
1575472842 0.0
1575472842 0.0
1575472842 0.0
1575472842 0.0
1575472842 0.0
1575472842 0.0
1575472842 0.0
1575472842 0.0
1575472842 0.0
1575472842 0.0
1575472842 0.0
1575472842 0.0
1575472842 0.0
1575472842 0.0
1575472842 0.0
1575472842 0.0
1575472842 0.0
1575472843 0.0
1575472843 0.0
1575472843 0.0
1575472843 0.0
1575472843 0.0
1575472843 0.0
1575472843 0.0
1575472843 0.0
1575472843 0.0
1575472843 0.0
1575474624 1.155326682
1575474625 0.0
1575474625 0.0
1575474625 0.0
1575474625 0.0
1575474625 0.0
1575474625 0.0
1575474625 0.0
1575474625 0.0
1575474625 0.0
1575474625 0.0
1575474625 0.0
1575474625 0.0
1575474625 0.0
1575474625 0.0
1575474625 0.0
1575474625 0.0
1575474625 0.0
1575474626 0.0
1575474626 0.0
1575474626 0.0
1575474626 0.0
1575474626 0.0
1575474626 0.0
1575474626 0.0
1575474626 0.0
1575474626 0.0
1575474626 0.0
1575474626 0.0
1575474626 0.0
1575474626 0.0
1575474626 0.0
1575474626 0.0
1575474626 0.0
1575474626 0.0
1575474626 0.0
1575474626 0.0
1575474626 0.0
1575474626 0.0
1575474626 0.0
1575474626 0.0
1575474626 0.0
1575474626 0.0
1575474626 0.0
1575474626 0.0
1575474626 0.0
1575474626 0.0
1575474626 0.0
1575474626 0.0
1575474626 0.0
1575474626 0.0
1575474626 0.0
1575474626 0.0
1575474627 0.0
1575474627 0.0
1575474627 0.0
1575474627 0.0
1575474627 0.0
1575474627 0.0
1575474627 0.0
1575474627 0.0
1575474627 0.0
1575474627 0.0
1575474627 0.0
1575474627 0.0
1575474627 0.0
1575474627 0.0
1575474627 0.0
1575474627 0.0
1575474627 0.0
1575474627 0.0
1575474627 0.0
1575474627 0.0
1575474627 0.0
1575474627 0.0
1575474627 0.0
1575474627 0.0
1575474627 0.0
1575474627 0.0
1575474627 0.0
1575474627 0.0
1575474627 0.0
1575474627 0.0
1575474627 0.0
1575474627 0.0
1575474627 0.0
1575474628 0.0
1575474628 0.0
