1571751977 2
1571751978 2
1571751979 2
1571752172 2
1571752173 2
1571752372 2
1571752373 2
1571752576 2
1571752577 2
1571752771 2
1571752772 2
1571752773 2
1571753361 2
1571753362 2
1571753363 2
1571753559 2
1571753560 2
1571753561 2
1571753755 2
1571753756 2
1571754064 2
1571754065 2
1571755256 2
1571755257 2
1571755258 2
1571755820 2
1571755821 2
1571755822 2
1571756489 2
1571756490 2
1571756491 2
1571757350 2
1571757351 2
1571757739 2
1571757740 2
1571757741 2
1571758139 2
1571758140 2
1571758529 2
1571758530 2
1571760309 2
1571760310 2
1571760311 2
1571760511 2
1571760512 2
1571761119 2
1571761120 2
1571761121 2
1571761319 2
1571761320 2
1571761514 2
1571761515 2
1571761709 2
1571761710 2
1571761909 2
1571761910 2
1571761911 2
1571762144 2
1571762145 2
1571762533 2
1571762534 2
1571762535 2
1571762932 2
1571762933 2
1571762934 2
1571763320 2
1571763321 2
1571763322 2
1571764118 1
1571764119 1
1571764120 1
1571764922 2
1571764923 2
1571765310 2
1571765311 2
1571767061 2
1571767062 2
