1580307875 2
1580307876 2
1580307877 2
1580307878 2
1580307879 2
1580307880 2
1580307881 2
1580311017 2
1580311018 2
1580311019 2
1580311020 2
1580311021 2
1580311022 2
1580311637 2
1580311638 2
1580311639 2
1580311640 2
1580311641 2
1580311642 2
1580312011 3
1580312012 2
1580312013 3
1580312014 2
1580312015 2
1580312016 2
1580312017 2
1580313188 2
1580313189 2
1580313190 2
1580313191 2
1580313192 2
1580313193 2
1580315827 2
1580315828 2
1580315829 2
1580315830 3
1580315831 2
1580315832 2
1580315833 2
1580316390 2
1580316391 2
1580316392 2
1580316393 2
1580316394 2
1580316395 2
1580316396 2
1580316397 2
1580316398 2
1580316399 2
1580316400 2
1580316401 2
1580316402 2
1580316403 2
1580316404 2
1580316405 2
1580317686 2
1580317687 2
1580317688 2
1580317689 2
1580317690 2
1580317691 2
1580317692 2
