1574685875 3.50936896
1574686060 3.792864947
1574686216 3.903356726
1574686380 3.879735642
1574686537 4.159004984
1574686701 3.893680571
1574686867 3.818538256
1574687056 3.736730182
1574687229 3.968065589
1574687394 3.912514176
1574689752 4.068452159
1574689938 3.742063738
1574690111 3.708355974
1574690276 3.945102903
1574690447 4.06225629
1574690616 4.052793359
1574690777 4.184965797
1574690946 3.920901898
1574691126 3.942629375
1574691300 3.934532629
1574706954 4.289507605
1574707163 3.457886087
