1571754113 4
1571754114 4
1571754115 2
1571754116 2
1571754117 2
1571754118 2
1571754119 2
1571754120 2
1571754121 1
1571754122 1
1571754123 1
1571754124 2
1571754125 2
1571754126 2
1571754127 3
1571754128 2
1571754129 2
1571754130 2
1571754131 3
1571754132 2
1571754133 2
1571754134 3
1571754135 4
1571754136 4
1571754137 4
1571754138 3
1571754139 3
1571754140 3
1571754510 5
1571754511 4
1571754512 4
1571754513 2
1571754514 2
1571754515 2
1571754516 2
1571754517 1
1571754518 1
1571754519 1
1571754520 1
1571754521 2
1571754522 2
1571754523 2
1571754524 2
1571754525 1
1571754526 1
1571754527 1
1571754528 2
1571754529 2
1571754530 2
1571754531 2
1571754532 3
1571754533 2
1571754534 2
1571754535 2
1571754536 1
1571754537 1
1571754538 1
1571755308 3
1571755309 3
1571755310 3
1571755311 2
1571755312 2
1571755313 2
1571755314 1
1571755315 1
1571755316 1
1571755317 1
1571755318 2
1571755319 2
1571755320 1
1571755321 1
1571755322 1
1571755323 1
1571755324 1
1571755325 2
1571755326 2
1571755327 3
1571755328 2
1571755329 3
1571755330 2
1571755331 2
1571755332 3
1571755333 1
1571755334 1
1571756538 4
1571756539 4
1571756540 5
1571756541 2
1571756542 2
1571756543 3
1571756544 3
1571756545 2
1571756546 1
1571756547 1
1571756548 1
1571756549 1
1571756550 2
1571756551 2
1571756552 2
1571756553 2
1571756554 2
1571756555 3
1571756556 3
1571756557 4
1571756558 4
1571756559 3
1571756560 2
1571756561 3
1571756562 2
1571756563 2
1571756564 2
1571756565 2
1571756566 2
1571756943 4
1571756944 5
1571756945 3
1571756946 4
1571756947 5
1571756948 5
1571756949 7
1571756950 5
1571756951 6
1571756952 5
1571756953 6
1571756954 5
1571756955 7
1571756956 7
1571756957 6
1571756958 6
1571756959 6
1571756960 7
1571756961 7
1571756962 7
1571756963 7
1571756964 6
1571756965 5
1571756966 4
1571756967 4
1571756968 4
1571756969 3
1571756970 2
1571756971 2
1571756972 2
1571756973 2
1571756974 2
1571756975 2
1571756976 2
1571756977 3
1571756978 3
1571756979 3
1571756980 3
1571756981 2
1571756982 3
1571756983 3
1571756984 3
1571756985 3
1571756986 4
1571756987 4
1571756988 2
1571756989 2
1571756990 1
1571756991 1
1571757399 5
1571757400 4
1571757401 3
1571757402 2
1571757403 2
1571757404 2
1571757405 1
1571757406 1
1571757407 1
1571757408 1
1571757409 1
1571757410 2
1571757411 2
1571757412 1
1571757413 1
1571757414 1
1571757415 1
1571757416 1
1571757417 2
1571757418 2
1571757419 2
1571757420 3
1571757421 2
1571757422 2
1571757423 1
1571757424 1
1571757425 1
1571757789 5
1571757790 5
1571757791 8
1571757792 7
1571757793 7
1571757794 5
1571757795 4
1571757796 5
1571757797 5
1571757798 4
1571757799 4
1571757800 4
1571757801 4
1571757802 3
1571757803 3
1571757804 3
1571757805 4
1571757806 4
1571757807 4
1571757808 4
1571757809 3
1571757810 3
1571757811 3
1571757812 3
1571757813 2
1571757814 2
1571757815 2
1571757816 3
1571757817 3
1571757818 3
1571757819 3
1571757820 2
1571757821 2
1571758188 4
1571758189 3
1571758190 4
1571758191 4
1571758192 4
1571758193 3
1571758194 2
1571758195 1
1571758196 1
1571758197 1
1571758198 1
1571758199 2
1571758200 3
1571758201 2
1571758202 3
1571758203 3
1571758204 3
1571758205 3
1571758206 4
1571758207 4
1571758208 4
1571758209 4
1571758210 4
1571758211 3
1571758212 3
1571758213 3
1571758214 2
1571758215 2
1571758578 4
1571758579 4
1571758580 2
1571758581 2
1571758582 2
1571758583 2
1571758584 2
1571758585 1
1571758586 1
1571758587 1
1571758588 2
1571758589 2
1571758590 2
1571758591 2
1571758592 2
1571758593 2
1571758594 2
1571758595 1
1571758596 2
1571758597 2
1571758598 2
1571758599 3
1571758600 3
1571758601 3
1571758602 2
1571758603 2
1571758604 2
1571762193 3
1571762194 4
1571762195 3
1571762196 4
1571762197 3
1571762198 3
1571762199 2
1571762200 1
1571762201 1
1571762202 1
1571762203 2
1571762204 3
1571762205 2
1571762206 2
1571762207 2
1571762208 2
1571762209 2
1571762210 3
1571762211 3
1571762212 3
1571762213 3
1571762214 4
1571762215 3
1571762216 3
1571762217 3
1571762218 2
1571762219 2
1571762588 4
1571762589 4
1571762590 4
1571762591 2
1571762592 3
1571762593 3
1571762594 3
1571762595 2
1571762596 1
1571762597 1
1571762598 1
1571762599 1
1571762600 2
1571762601 2
1571762602 3
1571762603 3
1571762604 4
1571762605 4
1571762606 3
1571762607 4
1571762608 4
1571762609 4
1571762610 4
1571762611 4
1571762612 4
1571762613 3
1571762614 3
1571762615 3
1571762616 3
1571762981 4
1571762982 3
1571762983 3
1571762984 3
1571762985 3
1571762986 2
1571762987 2
1571762988 1
1571762989 1
1571762990 1
1571762991 1
1571762992 1
1571762993 2
1571762994 3
1571762995 2
1571762996 2
1571762997 2
1571762998 2
1571762999 3
1571763000 3
1571763001 3
1571763002 3
1571763003 4
1571763004 4
1571763005 4
1571763006 4
1571763007 4
1571763008 3
1571763369 4
1571763370 4
1571763371 3
1571763372 2
1571763373 2
1571763374 2
1571763375 2
1571763376 1
1571763377 1
1571763378 1
1571763379 1
1571763380 2
1571763381 3
1571763382 3
1571763383 4
1571763384 4
1571763385 4
1571763386 3
1571763387 3
1571763388 4
1571763389 4
1571763390 4
1571763391 4
1571763392 4
1571763393 3
1571763394 3
1571763395 2
1571763396 2
1571763761 4
1571763762 4
1571763763 3
1571763764 2
1571763765 3
1571763766 2
1571763767 2
1571763768 1
1571763769 2
1571763770 2
1571763771 1
1571763772 2
1571763773 2
1571763774 3
1571763775 4
1571763776 4
1571763777 5
1571763778 5
1571763779 4
1571763780 4
1571763781 4
1571763782 4
1571763783 5
1571763784 4
1571763785 3
1571763786 3
1571763787 2
1571763788 2
1571763789 1
1571763790 1
1571764169 4
1571764170 3
1571764171 3
1571764172 3
1571764173 3
1571764174 4
1571764175 4
1571764176 3
1571764177 2
1571764178 2
1571764179 2
1571764180 3
1571764181 3
1571764182 3
1571764183 2
1571764184 2
1571764185 2
1571764186 2
1571764187 2
1571764188 4
1571764189 4
1571764190 3
1571764191 4
1571764192 3
1571764193 3
1571764194 2
1571764195 2
1571764196 1
1571764578 4
1571764579 4
1571764580 4
1571764581 2
1571764582 3
1571764583 3
1571764584 3
1571764585 4
1571764586 3
1571764587 2
1571764588 2
1571764589 2
1571764590 3
1571764591 4
1571764592 4
1571764593 5
1571764594 5
1571764595 5
1571764596 5
1571764597 4
1571764598 4
1571764599 4
1571764600 4
1571764601 4
1571764602 4
1571764603 4
1571764604 3
1571764605 3
1571764606 3
1571764971 4
1571764972 3
1571764973 3
1571764974 2
1571764975 2
1571764976 2
1571764977 1
1571764978 1
1571764979 1
1571764980 1
1571764981 2
1571764982 3
1571764983 3
1571764984 3
1571764985 3
1571764986 3
1571764987 3
1571764988 3
1571764989 4
1571764990 4
1571764991 4
1571764992 4
1571764993 3
1571764994 3
1571764995 3
1571764996 1
1571764997 1
1571765359 4
1571765360 4
1571765361 2
1571765362 2
1571765363 2
1571765364 2
1571765365 2
1571765366 2
1571765367 1
1571765368 1
1571765369 1
1571765370 2
1571765371 2
1571765372 3
1571765373 3
1571765374 3
1571765375 3
1571765376 3
1571765377 3
1571765378 3
1571765379 3
1571765380 3
1571765381 4
1571765382 4
1571765383 4
1571765384 3
1571765385 3
1571765386 3
1571765751 4
1571765752 3
1571765753 4
1571765754 2
1571765755 2
1571765756 2
1571765757 1
1571765758 1
1571765759 1
1571765760 1
1571765761 1
1571765762 2
1571765763 2
1571765764 1
1571765765 1
1571765766 1
1571765767 1
1571765768 1
1571765769 2
1571765770 2
1571765771 2
1571765772 3
1571765773 3
1571765774 2
1571765775 2
1571765776 2
1571765777 1
1571766327 4
1571766328 5
1571766329 4
1571766330 2
1571766331 2
1571766332 2
1571766333 2
1571766334 2
1571766335 2
1571766336 1
1571766337 1
1571766338 1
1571766339 2
1571766340 1
1571766341 1
1571766342 1
1571766343 3
1571766344 3
1571766345 3
1571766346 3
1571766347 3
1571766348 2
1571766349 2
1571766350 2
1571766351 3
1571766352 2
1571766353 1
1571766354 1
1571766355 1
1571767110 5
1571767111 5
1571767112 4
1571767113 3
1571767114 3
1571767115 2
1571767116 2
1571767117 2
1571767118 1
1571767119 1
1571767120 1
1571767122 1
1571767123 1
1571767124 1
1571767125 2
1571767126 2
1571767127 2
1571767128 1
1571767129 1
1571767130 1
1571767131 1
1571767132 2
1571767133 2
1571767134 3
1571767135 2
1571767136 1
1571767137 1
