1575558614 3
1575558615 3
1575558616 3
1575558617 2
1575558618 2
1575558619 2
1575558620 2
1575558621 2
1575558622 1
1575558623 1
1575558624 1
1575558625 3
1575558626 3
1575558627 3
1575558628 3
1575558629 3
1575558630 5
1575558631 5
1575558632 5
1575558633 4
1575558634 4
1575558635 4
1575558636 2
1575558637 1
1575558638 1
1575558925 4
1575558926 3
1575558927 3
1575558928 2
1575558929 2
1575558930 2
1575558931 2
1575558932 2
1575558933 2
1575558934 2
1575558935 3
1575558936 2
1575558937 2
1575558938 2
1575558939 2
1575558940 2
1575558941 2
1575558942 2
1575558943 2
1575558944 2
1575558945 3
1575558946 3
1575558947 2
1575558948 1
1575558949 1
1575559253 4
1575559254 4
1575559255 2
1575559256 2
1575559257 2
1575559258 2
1575559259 2
1575559260 1
1575559261 1
1575559262 1
1575559263 2
1575559264 2
1575559265 1
1575559266 1
1575559267 1
1575559268 1
1575559269 1
1575559270 2
1575559271 2
1575559272 3
1575559273 4
1575559274 4
1575559275 3
1575559276 2
1575559277 1
1575559564 4
1575559565 3
1575559566 3
1575559567 2
1575559568 2
1575559569 1
1575559570 1
1575559571 1
1575559572 2
1575559573 2
1575559574 2
1575559575 2
1575559576 2
1575559577 2
1575559578 3
1575559579 3
1575559580 3
1575559581 3
1575559582 4
1575559583 3
1575559584 3
1575559585 3
1575559586 3
1575559587 3
1575559588 4
1575559589 4
1575559590 4
1575559591 4
1575559592 3
1575559593 2
1575559594 1
1575559595 1
1575559940 4
1575559941 3
1575559942 3
1575559943 2
1575559944 2
1575559945 2
1575559946 1
1575559947 1
1575559948 1
1575559950 2
1575559951 2
1575559952 3
1575559953 3
1575559954 2
1575559955 2
1575559956 3
1575559957 3
1575559958 3
1575559959 4
1575559960 4
1575559961 4
1575559962 2
1575559963 1
1575560267 4
1575560268 4
1575560269 3
1575560270 2
1575560271 2
1575560272 2
1575560273 2
1575560274 4
1575560275 4
1575560276 4
1575560277 5
1575560278 6
1575560279 6
1575560280 5
1575560281 6
1575560282 6
1575560283 4
1575560284 4
1575560285 4
1575560286 5
1575560287 5
1575560288 4
1575560289 4
1575560290 4
1575560291 2
1575560292 2
1575560598 4
1575560599 4
1575560600 2
1575560601 3
1575560602 3
1575560603 3
1575560604 1
1575560605 2
1575560606 2
1575560607 2
1575560608 3
1575560609 3
1575560610 3
1575560611 3
1575560612 3
1575560613 3
1575560614 3
1575560615 3
1575560616 3
1575560617 3
1575560618 3
1575560619 4
1575560620 4
1575560621 3
1575560622 4
1575560623 3
1575560624 2
1575560625 1
1575560626 1
1575560759 2
1575560760 2
1575560761 3
1575560762 3
1575560763 2
1575560764 2
1575560765 1
1575560766 1
1575560767 1
1575560768 1
1575560769 1
1575560770 1
1575560771 2
1575560772 2
1575560773 2
1575560774 3
1575560775 2
1575560776 2
1575560777 2
1575560778 2
1575560779 1
1575560780 2
1575560781 3
1575560782 4
1575560783 4
1575560784 5
1575560785 6
1575560786 5
1575560787 4
1575560788 4
1575560789 6
1575560790 5
1575560791 7
1575560792 5
1575560793 4
1575560794 4
1575560795 2
1575560796 2
1575560797 2
1575560798 3
1575560799 3
1575560800 4
1575560801 4
1575560802 5
1575560803 4
1575560804 4
1575560805 4
1575560806 5
1575560807 3
1575560808 3
1575560809 2
1575560810 2
1575560811 3
1575560812 2
1575560813 2
1575560814 2
1575560815 2
1575560816 2
1575560817 2
1575560818 2
1575560819 2
1575560820 2
1575560821 2
1575560822 2
1575560823 2
1575560824 2
1575560825 2
1575560826 2
1575560827 2
1575560828 2
1575560829 2
1575560830 2
1575560831 2
1575560832 2
1575560833 2
1575560834 2
1575560835 2
1575560836 2
1575560837 2
1575560838 2
1575560839 3
1575560840 4
1575560841 4
1575560842 4
1575560843 3
1575560844 3
1575560845 3
1575560846 3
1575560847 3
1575560848 3
1575560849 3
1575560850 3
1575560851 3
1575560852 1
1575560853 3
1575560854 3
1575560855 2
1575560856 2
1575560857 3
1575560858 2
1575560859 2
1575560860 2
1575560861 3
1575560862 3
1575560863 3
1575560864 3
1575560865 3
1575560866 3
1575560867 3
1575560868 3
1575560869 3
1575560870 3
1575560871 3
1575560872 3
1575560873 3
1575560874 3
1575560875 3
1575560876 3
1575560877 3
1575560878 3
1575560879 3
1575560880 3
1575560881 3
1575560882 3
1575560883 3
1575560884 3
1575560885 3
1575560886 3
1575560887 3
1575560888 3
1575560889 3
1575560890 3
1575560891 3
1575560892 3
1575560893 3
1575560894 3
1575560895 3
1575560896 3
1575560897 3
1575560898 3
1575560899 3
1575560900 3
1575560901 3
1575560902 4
1575560903 3
1575560904 3
1575560905 3
1575560906 3
1575560907 3
1575560908 3
1575560909 3
1575560910 3
1575560911 3
1575560912 3
1575560913 3
1575560914 3
1575560915 3
1575560916 3
1575560917 3
1575560918 3
1575560919 3
1575560920 3
1575560921 3
1575560922 3
1575560923 3
1575560924 3
1575560925 3
1575560926 3
1575560927 3
1575560928 3
1575560929 3
1575560930 3
1575560931 3
1575560932 3
1575560933 3
1575560934 3
1575560935 3
1575560936 3
1575560937 3
1575560938 3
1575560939 3
1575560940 3
1575560941 3
1575560942 3
1575560943 3
1575560944 3
1575560945 3
1575560946 3
1575560947 3
1575560948 3
1575560949 3
1575560950 3
1575560951 3
1575560952 3
1575560953 3
1575560954 3
1575560955 3
1575560956 3
1575560957 3
1575560958 3
1575560959 3
1575560960 3
1575560961 3
1575560962 3
1575560963 3
1575560964 3
1575560965 3
1575560966 3
1575560967 3
1575560968 3
1575560969 3
1575560970 3
1575560971 3
1575560972 3
1575560973 3
1575560974 3
1575560975 3
1575560976 3
1575560977 3
1575560978 3
1575560979 3
1575560980 3
1575560981 3
1575560982 3
1575560983 3
1575560984 3
1575560985 3
1575560986 3
1575560987 3
1575560988 3
1575560989 3
1575560990 3
1575560991 3
1575560992 3
1575560993 3
1575560994 3
1575560995 3
1575560996 3
1575560997 3
1575560998 3
1575560999 3
1575561000 3
1575561001 3
1575561002 3
1575561003 3
1575561004 3
1575561005 3
1575561006 3
1575561007 3
1575561008 3
1575561009 3
1575561010 3
1575561011 3
1575561012 3
1575561013 3
1575561014 3
1575561015 3
1575561016 3
1575561017 3
1575561018 3
1575561019 3
1575561020 3
1575561021 2
1575561022 2
1575561023 2
1575561024 2
1575561025 2
1575561026 2
1575561027 2
1575561028 2
1575561029 2
1575561030 3
1575561031 3
1575561032 4
1575561033 3
1575561034 3
1575561035 3
1575561036 3
1575561037 3
1575561038 3
1575561039 3
1575561040 3
1575561041 3
1575561042 3
1575561043 3
1575561044 3
1575561045 3
1575561046 3
1575561047 3
1575561048 3
1575561049 3
1575561050 3
1575561051 3
1575561052 3
1575561053 3
1575561054 3
1575561055 3
1575561056 3
1575561057 3
1575561058 4
1575561059 3
1575561060 3
1575561061 3
1575561062 3
1575561063 3
1575561064 3
1575561065 3
1575561066 2
1575561067 3
1575561068 4
1575561069 4
1575561070 5
1575561071 4
1575561072 4
1575561073 2
1575561074 2
1575561075 2
1575561076 2
1575561077 2
1575561078 2
1575561079 2
1575561080 2
1575561081 2
1575561082 2
1575561083 2
1575561084 2
1575561085 2
1575561086 2
1575561087 2
1575561088 2
1575561089 2
1575561090 2
1575561091 2
1575561092 2
1575561093 2
1575561094 2
1575561095 2
1575561096 2
1575561097 2
1575561098 2
1575561099 2
1575561100 2
1575561101 2
1575561102 2
1575561103 2
1575561104 2
1575561105 2
1575561106 3
1575561107 4
1575561108 4
1575561109 4
1575561110 4
1575561111 4
1575561112 4
1575561113 5
1575561114 4
1575561115 3
1575561116 4
1575561117 4
1575561118 4
1575561119 3
1575561120 2
1575561121 2
1575561122 3
1575561123 4
1575561124 3
1575561125 5
1575561126 5
1575561127 5
1575561128 6
1575561129 6
1575561130 5
1575561131 3
1575561132 5
1575561133 5
1575561134 5
1575561135 6
1575561136 5
1575561137 3
1575561138 2
1575561139 2
1575561140 1
1575561141 2
1575561142 2
1575561143 2
1575561144 3
1575561145 3
1575561146 2
1575561147 2
1575561148 2
1575561149 2
1575561150 4
1575561151 4
1575561152 3
1575561153 2
1575561154 4
1575561155 4
1575561156 3
1575561157 2
1575561158 2
1575561159 2
1575561477 5
1575561478 6
1575561479 4
1575561480 3
1575561481 2
1575561482 3
1575561483 3
1575561484 2
1575561485 1
1575561486 1
1575561487 2
1575561488 2
1575561489 2
1575561490 2
1575561491 2
1575561492 2
1575561493 2
1575561494 3
1575561495 3
1575561496 2
1575561497 3
1575561498 4
1575561499 4
1575561500 4
1575561501 3
1575561835 5
1575561836 5
1575561837 4
1575561838 4
1575561839 3
1575561840 3
1575561841 2
1575561842 1
1575561843 1
1575561844 2
1575561845 2
1575561846 2
1575561847 2
1575561848 2
1575561849 2
1575561850 2
1575561851 1
1575561852 2
1575561853 2
1575561854 2
1575561855 3
1575561856 4
1575561857 3
1575561858 2
1575561859 2
1575562246 4
1575562247 4
1575562248 3
1575562249 2
1575562250 2
1575562251 2
1575562252 1
1575562253 1
1575562254 1
1575562255 1
1575562256 1
1575562257 2
1575562258 2
1575562259 4
1575562260 4
1575562261 4
1575562262 3
1575562263 2
1575562264 2
1575562265 2
1575562954 5
1575562955 5
1575562956 4
1575562957 3
1575562958 2
1575562959 2
1575562960 2
1575562961 3
1575562962 3
1575562963 2
1575562964 1
1575562965 2
1575562966 2
1575562967 3
1575562968 4
1575562969 4
1575562970 5
1575562971 3
1575562972 2
1575562973 2
1575562974 2
1575562975 2
1575563591 5
1575563592 5
1575563593 5
1575563594 4
1575563595 3
1575563596 3
1575563597 2
1575563598 2
1575563599 1
1575563600 1
1575563602 1
1575563603 2
1575563604 2
1575563605 2
1575563606 2
1575563607 2
1575563608 2
1575563609 2
1575563610 2
1575563611 2
1575563612 4
1575563613 4
1575563614 4
1575563615 4
1575563616 4
1575563617 4
1575563618 4
1575563619 4
1575563620 4
1575563621 3
1575563622 3
1575563623 3
1575563624 2
1575563625 2
1575563626 2
1575564206 5
1575564207 4
1575564208 3
1575564209 3
1575564210 2
1575564211 2
1575564212 2
1575564213 2
1575564214 3
1575564215 3
1575564216 2
1575564217 3
1575564218 2
1575564219 4
1575564220 4
1575564221 4
1575564222 3
1575564223 1
1575564224 1
1575564788 5
1575564789 4
1575564790 3
1575564791 3
1575564792 2
1575564793 4
1575564794 3
1575564795 3
1575564796 2
1575564797 2
1575564798 2
1575564799 3
1575564800 3
1575564801 2
1575564802 3
1575564803 2
1575564804 2
1575564805 2
1575564806 2
1575564807 2
1575564808 2
1575565355 5
1575565356 5
1575565357 4
1575565358 4
1575565359 2
1575565360 2
1575565361 1
1575565362 1
1575565364 1
1575565365 1
1575565366 2
1575565367 2
1575565368 4
1575565369 3
1575565370 2
1575565371 2
1575565372 2
1575565373 2
1575565917 4
1575565918 4
1575565919 3
1575565920 3
1575565921 3
1575565922 1
1575565923 1
1575565924 2
1575565925 1
1575565926 2
1575565927 1
1575565928 2
1575565929 2
1575565930 4
1575565931 3
1575565932 2
1575565933 2
1575565934 2
1575566510 6
1575566511 5
1575566512 4
1575566513 3
1575566514 3
1575566515 2
1575566516 2
1575566517 1
1575566518 1
1575566519 1
1575566520 2
1575566521 3
1575566522 5
1575566523 4
1575566524 3
1575566525 3
1575566526 2
1575566527 3
1575567824 5
1575567825 4
1575567826 3
1575567827 3
1575567828 3
1575567829 4
1575567830 3
1575567831 2
1575567832 1
1575567834 1
1575567835 1
1575567836 2
1575567837 2
1575567838 4
1575567839 3
1575567840 3
1575567841 2
1575567842 2
1575568435 5
1575568436 3
1575568437 3
1575568438 3
1575568439 2
1575568440 3
1575568441 2
1575568442 2
1575568443 2
1575568444 1
1575568445 2
1575568446 3
1575568447 4
1575568448 4
1575568449 6
1575568450 4
1575568451 5
1575568452 3
1575568453 3
