1582886203 4
1582886204 3
1582886205 4
1582886206 4
1582886207 4
1582886208 4
1582886209 3
1582886210 3
1582886211 2
1582886212 2
1582886213 2
1582886214 2
1582886215 2
1582886216 3
1582886217 2
1582886218 2
1582886219 3
1582886220 3
1582886221 2
1582886222 2
1582886223 2
1582886224 1
1582886225 1
1582886226 3
1582886227 3
1582886228 3
1582886229 1
1582886230 2
1582886231 2
1582886232 2
1582886233 1
1582886234 2
1582886235 3
1582886236 3
1582886237 4
1582886238 4
1582886239 4
1582886240 3
1582886241 3
1582886242 4
1582886243 6
1582886244 5
1582886245 5
1582886246 5
1582886247 6
1582886248 5
1582886249 5
1582886250 5
1582886251 6
1582886252 5
1582886253 3
1582886254 3
1582886255 4
1582886256 3
1582886257 3
1582886258 3
1582886259 4
1582886260 4
1582886261 4
1582886262 4
1582886263 2
1582886264 1
1582886265 2
1582886266 2
1582886267 2
1582886268 2
1582886269 3
1582886270 3
1582886271 3
1582886272 1
1582886273 2
1582886274 2
1582886275 2
1582886276 2
1582886277 2
1582886278 3
1582886279 2
1582886280 2
1582886281 2
1582886282 3
1582886283 2
1582886284 2
1582886285 2
1582886286 2
1582886287 2
1582886288 3
1582886289 4
1582886290 4
1582886291 3
1582886292 2
1582886293 2
1582886294 3
1582886295 5
1582886490 4
1582886491 3
1582886492 3
1582886493 3
1582886494 4
1582886495 4
1582886496 3
1582886497 3
1582886498 2
1582886499 2
1582886500 2
1582886501 2
1582886502 2
1582886503 3
1582886504 2
1582886505 2
1582886506 2
1582886507 3
1582886508 3
1582886509 3
1582886510 3
1582886511 3
1582886512 2
1582886513 3
1582886514 4
1582886515 4
1582886516 2
1582886517 2
1582886518 3
1582886519 1
1582886520 2
1582886521 2
1582886522 3
1582886523 3
1582886524 4
1582886525 4
1582886526 4
1582886527 4
1582886528 3
1582886529 3
1582886530 4
1582886531 5
1582886532 5
1582886533 5
1582886534 6
1582886535 6
1582886536 5
1582886537 5
1582886538 6
1582886539 5
1582886540 5
1582886541 5
1582886542 5
1582886543 4
1582886544 3
1582886545 3
1582886546 3
1582886547 3
1582886548 4
1582886549 3
1582886550 3
1582886551 3
1582886552 2
1582886553 2
1582886554 2
1582886555 2
1582886556 2
1582886557 3
1582886558 3
1582886559 3
1582886560 1
1582886561 1
1582886562 2
1582886563 2
1582886564 2
1582886565 2
1582886566 3
1582886567 2
1582886568 2
1582886569 2
1582886570 3
1582886571 2
1582886572 3
1582886573 3
1582886574 3
1582886575 3
1582886576 2
1582886577 3
1582886578 4
1582886579 4
1582886580 4
1582886581 4
1582886582 4
1582886583 4
1582886785 6
1582886786 5
1582886787 4
1582886788 4
1582886789 3
1582886790 3
1582886791 3
1582886792 3
1582886793 2
1582886794 2
1582886795 2
1582886796 2
1582886797 2
1582886798 3
1582886799 2
1582886800 2
1582886801 2
1582886802 3
1582886803 2
1582886804 2
1582886805 2
1582886806 2
1582886807 2
1582886808 1
1582886809 3
1582886810 3
1582886811 3
1582886812 5
1582886813 5
1582886814 4
1582886815 4
1582886816 3
1582886817 4
1582886818 5
1582886819 4
1582886820 4
1582886821 4
1582886822 4
1582886823 3
1582886824 3
1582886825 2
1582886826 4
1582886827 5
1582886828 5
1582886829 5
1582886830 6
1582886831 5
1582886832 5
1582886833 5
1582886834 5
1582886835 5
1582886836 5
1582886837 3
1582886838 3
1582886839 3
1582886840 3
1582886841 4
1582886842 4
1582886843 4
1582886844 4
1582886845 3
1582886846 3
1582886847 3
1582886848 1
1582886849 2
1582886850 2
1582886851 2
1582886852 3
1582886853 3
1582886854 3
1582886855 2
1582886856 2
1582886857 2
1582886858 2
1582886859 2
1582886860 2
1582886861 2
1582886862 2
1582886863 2
1582886864 2
1582886865 2
1582886866 3
1582886867 3
1582886868 2
1582886869 2
1582886870 2
1582886871 2
1582886872 3
1582886873 3
1582886874 4
1582886875 4
1582886876 4
1582886877 4
1582886878 3
1582886879 4
1582887073 5
1582887074 4
1582887075 4
1582887076 5
1582887077 5
1582887078 5
1582887079 4
1582887080 2
1582887081 2
1582887082 2
1582887083 2
1582887084 2
1582887085 2
1582887086 2
1582887087 2
1582887088 2
1582887089 2
1582887090 2
1582887091 2
1582887092 2
1582887093 2
1582887094 2
1582887095 2
1582887096 2
1582887097 3
1582887098 3
1582887099 3
1582887100 3
1582887101 3
1582887102 2
1582887103 2
1582887104 2
1582887105 3
1582887106 3
1582887107 3
1582887108 3
1582887109 4
1582887110 4
1582887111 3
1582887112 3
1582887113 2
1582887114 2
1582887115 4
1582887116 5
1582887117 5
1582887118 5
1582887119 5
1582887120 5
1582887121 5
1582887122 5
1582887123 5
1582887124 5
1582887125 4
1582887126 4
1582887127 4
1582887128 4
1582887129 4
1582887130 4
1582887131 5
1582887132 4
1582887133 6
1582887134 4
1582887135 4
1582887136 3
1582887137 4
1582887138 4
1582887139 3
1582887140 3
1582887141 4
1582887142 4
1582887143 4
1582887144 3
1582887145 3
1582887146 3
1582887147 3
1582887148 3
1582887149 3
1582887150 3
1582887151 4
1582887152 3
1582887153 3
1582887154 3
1582887155 3
1582887156 3
1582887157 2
1582887158 2
1582887159 2
1582887160 2
1582887161 2
1582887162 3
1582887163 4
1582887164 4
1582887165 4
1582887166 4
1582887167 3
1582887168 4
1582887365 3
1582887366 3
1582887367 4
1582887368 4
1582887369 5
1582887370 5
1582887371 5
1582887372 2
1582887373 2
1582887374 2
1582887375 2
1582887376 2
1582887377 2
1582887378 2
1582887379 2
1582887380 2
1582887381 2
1582887382 2
1582887383 2
1582887384 2
1582887385 2
1582887386 2
1582887387 2
1582887388 1
1582887389 3
1582887390 3
1582887391 3
1582887392 4
1582887393 2
1582887394 2
1582887395 2
1582887396 3
1582887397 2
1582887398 3
1582887399 3
1582887400 4
1582887401 4
1582887402 3
1582887403 3
1582887404 2
1582887405 3
1582887406 5
1582887407 5
1582887408 5
1582887409 5
1582887410 6
1582887411 5
1582887412 5
1582887413 6
1582887414 6
1582887415 4
1582887416 5
1582887417 4
1582887418 3
1582887419 4
1582887420 4
1582887421 4
1582887422 4
1582887423 4
1582887424 3
1582887425 3
1582887426 2
1582887427 2
1582887428 2
1582887429 2
1582887430 3
1582887431 3
1582887432 3
1582887433 3
1582887434 2
1582887435 2
1582887436 2
1582887437 2
1582887438 2
1582887439 2
1582887440 3
1582887441 2
1582887442 2
1582887443 2
1582887444 3
1582887445 2
1582887446 2
1582887447 2
1582887448 2
1582887449 2
1582887450 2
1582887451 3
1582887452 5
1582887453 3
1582887454 4
1582887455 4
1582887456 4
1582887457 4
1582887657 3
1582887658 3
1582887659 5
1582887660 3
1582887661 3
1582887662 3
1582887663 3
1582887664 2
1582887665 2
1582887666 2
1582887667 2
1582887668 2
1582887669 3
1582887670 4
1582887671 4
1582887672 4
1582887673 5
1582887674 3
1582887675 2
1582887676 2
1582887677 2
1582887678 2
1582887679 1
1582887680 2
1582887681 3
1582887682 3
1582887683 2
1582887684 2
1582887685 2
1582887686 1
1582887687 2
1582887688 2
1582887689 3
1582887690 3
1582887691 4
1582887692 4
1582887693 3
1582887694 3
1582887695 3
1582887696 3
1582887697 5
1582887698 5
1582887699 5
1582887700 5
1582887701 4
1582887702 4
1582887703 4
1582887704 5
1582887705 4
1582887706 5
1582887707 5
1582887708 6
1582887709 6
1582887710 5
1582887711 4
1582887712 4
1582887713 5
1582887714 4
1582887715 4
1582887716 3
1582887717 3
1582887718 3
1582887719 3
1582887720 2
1582887721 2
1582887722 2
1582887723 3
1582887724 3
1582887725 3
1582887726 2
1582887727 2
1582887728 2
1582887729 2
1582887730 2
1582887731 2
1582887732 2
1582887733 3
1582887734 3
1582887735 4
1582887736 5
1582887737 6
1582887738 5
1582887739 3
1582887740 2
1582887741 2
1582887742 2
1582887743 2
1582887744 4
1582887745 5
1582887746 5
1582887747 4
1582887748 3
1582887749 3
1582887750 3
1582887940 4
1582887941 7
1582887942 5
1582887943 6
1582887944 3
1582887945 3
1582887946 3
1582887947 2
1582887948 2
1582887949 2
1582887950 2
1582887951 2
1582887952 2
1582887953 2
1582887954 2
1582887955 2
1582887956 3
1582887957 3
1582887958 3
1582887959 2
1582887960 2
1582887961 2
1582887962 1
1582887963 2
1582887964 3
1582887965 3
1582887966 3
1582887967 2
1582887968 3
1582887969 3
1582887970 1
1582887971 2
1582887972 3
1582887973 3
1582887974 4
1582887975 4
1582887976 4
1582887977 4
1582887978 3
1582887979 3
1582887980 3
1582887981 4
1582887982 5
1582887983 6
1582887984 7
1582887985 6
1582887986 7
1582887987 6
1582887988 6
1582887989 7
1582887990 5
1582887991 4
1582887992 4
1582887993 4
1582887994 3
1582887995 4
1582887996 4
1582887997 4
1582887998 5
1582887999 3
1582888000 3
1582888001 2
1582888002 2
1582888003 1
1582888004 2
1582888005 2
1582888006 3
1582888007 4
1582888008 3
1582888009 3
1582888010 3
1582888011 2
1582888012 2
1582888013 2
1582888014 2
1582888015 2
1582888016 3
1582888017 3
1582888018 4
1582888019 3
1582888020 3
1582888021 3
1582888022 2
1582888023 2
1582888024 2
1582888025 2
1582888026 2
1582888027 3
1582888028 3
1582888029 4
1582888030 3
1582888031 2
1582888032 2
1582888033 4
1582888034 5
1582888227 5
1582888228 5
1582888229 4
1582888230 4
1582888231 4
1582888232 4
1582888233 4
1582888234 3
1582888235 2
1582888236 2
1582888237 2
1582888238 2
1582888239 2
1582888240 2
1582888241 2
1582888242 2
1582888243 3
1582888244 3
1582888245 3
1582888246 2
1582888247 2
1582888248 2
1582888249 1
1582888250 2
1582888251 3
1582888252 3
1582888253 3
1582888254 2
1582888255 4
1582888256 4
1582888257 1
1582888258 1
1582888259 2
1582888260 3
1582888261 3
1582888262 3
1582888263 4
1582888264 4
1582888265 4
1582888266 3
1582888267 3
1582888268 3
1582888269 4
1582888270 6
1582888271 6
1582888272 6
1582888273 7
1582888274 6
1582888275 6
1582888276 7
1582888277 4
1582888278 4
1582888279 4
1582888280 4
1582888281 3
1582888282 4
1582888283 4
1582888284 5
1582888285 5
1582888286 4
1582888287 4
1582888288 2
1582888289 1
1582888290 2
1582888291 2
1582888292 2
1582888293 3
1582888294 3
1582888295 3
1582888296 3
1582888297 2
1582888298 2
1582888299 2
1582888300 2
1582888301 2
1582888302 2
1582888303 3
1582888304 2
1582888305 2
1582888306 2
1582888307 2
1582888308 2
1582888309 2
1582888310 2
1582888311 2
1582888312 2
1582888313 2
1582888314 3
1582888315 4
1582888316 4
1582888317 4
1582888318 3
1582888319 3
1582888320 5
1582888515 3
1582888516 3
1582888517 3
1582888518 3
1582888519 3
1582888520 3
1582888521 3
1582888522 2
1582888523 2
1582888524 2
1582888525 2
1582888526 2
1582888527 3
1582888528 3
1582888529 2
1582888530 2
1582888531 3
1582888532 2
1582888533 2
1582888534 2
1582888535 2
1582888536 2
1582888537 1
1582888538 2
1582888539 3
1582888540 3
1582888541 2
1582888542 2
1582888543 2
1582888544 1
1582888545 2
1582888546 2
1582888547 3
1582888548 3
1582888549 4
1582888550 4
1582888551 4
1582888552 3
1582888553 3
1582888554 2
1582888555 5
1582888556 5
1582888557 5
1582888558 5
1582888559 5
1582888560 5
1582888561 5
1582888562 5
1582888563 5
1582888564 5
1582888565 6
1582888566 6
1582888567 5
1582888568 4
1582888569 4
1582888570 4
1582888571 5
1582888572 4
1582888573 3
1582888574 3
1582888575 3
1582888576 2
1582888577 1
1582888578 2
1582888579 2
1582888580 2
1582888581 2
1582888582 3
1582888583 3
1582888584 3
1582888585 2
1582888586 1
1582888587 2
1582888588 2
1582888589 2
1582888590 2
1582888591 2
1582888592 3
1582888593 2
1582888594 2
1582888595 2
1582888596 2
1582888597 3
1582888598 3
1582888599 2
1582888600 2
1582888601 2
1582888602 2
1582888603 3
1582888604 4
1582888605 3
1582888606 4
1582888607 4
1582888608 2
1582888609 2
1582888610 3
1582888876 3
1582888877 3
1582888878 3
1582888879 3
1582888880 3
1582888881 3
1582888882 3
1582888883 2
1582888884 2
1582888885 2
1582888886 2
1582888887 2
1582888888 3
1582888889 3
1582888890 2
1582888891 2
1582888892 3
1582888893 2
1582888894 2
1582888895 2
1582888896 2
1582888897 1
1582888898 2
1582888899 2
1582888900 3
1582888901 3
1582888902 2
1582888903 3
1582888904 2
1582888905 1
1582888906 2
1582888907 2
1582888908 3
1582888909 3
1582888910 4
1582888911 4
1582888912 4
1582888913 3
1582888914 3
1582888915 2
1582888916 4
1582888917 5
1582888918 5
1582888919 4
1582888920 5
1582888921 4
1582888922 4
1582888923 5
1582888924 4
1582888925 4
1582888926 5
1582888927 5
1582888928 3
1582888929 3
1582888930 3
1582888931 3
1582888932 4
1582888933 4
1582888934 3
1582888935 3
1582888936 3
1582888937 3
1582888938 2
1582888939 2
1582888940 2
1582888941 3
1582888942 3
1582888943 3
1582888944 3
1582888945 3
1582888946 2
1582888947 2
1582888948 2
1582888949 2
1582888950 2
1582888951 2
1582888952 2
1582888953 3
1582888954 2
1582888955 2
1582888956 2
1582888957 3
1582888958 3
1582888959 2
1582888960 2
1582888961 2
1582888962 2
1582888963 2
1582888964 5
1582888965 5
1582888966 4
1582888967 3
1582888968 3
1582888969 2
1582888970 3
