1581936931 5
1581936932 4
1581936933 4
1581936934 4
1581936935 4
1581936936 4
1581936937 4
1581936938 2
1581936939 2
1581936940 2
1581936941 2
1581936942 2
1581936943 2
1581936944 3
1581936945 2
1581936946 2
1581936947 2
1581936948 3
1581936949 2
1581936950 2
1581936951 2
1581936952 2
1581936953 2
1581936954 2
1581936955 2
1581936956 3
1581936957 3
1581936958 4
1581936959 5
1581936960 3
1581936961 2
1581936962 1
1581936963 2
1581936964 2
1581936965 4
1581936966 4
1581936967 4
1581936968 5
1581936969 4
1581936970 4
1581936971 4
1581936972 3
1581936973 3
1581936974 4
1581936975 5
1581936976 5
1581936977 6
1581936978 6
1581936979 5
1581936980 5
1581936981 4
1581936982 3
1581936983 3
1581936984 3
1581936985 3
1581936986 4
1581936987 4
1581936988 4
1581936989 5
1581936990 5
1581936991 5
1581936992 4
1581936993 4
1581936994 4
1581936995 4
1581936996 4
1581936997 4
1581936998 5
1581936999 6
1581937000 4
1581937001 3
1581937002 3
1581937003 2
1581937004 2
1581937005 2
1581937006 2
1581937007 2
1581937008 3
1581937009 3
1581937010 2
1581937011 2
1581937012 2
1581937013 3
1581937014 2
1581937015 2
1581937016 2
1581937017 2
1581937018 2
1581937019 2
1581937020 4
1581937021 3
1581937022 4
1581937023 3
1581937024 3
1581937025 5
1581937026 2
1581937245 5
1581937246 4
1581937247 4
1581937248 4
1581937249 3
1581937250 3
1581937251 3
1581937252 2
1581937253 2
1581937254 2
1581937255 2
1581937256 2
1581937257 2
1581937258 2
1581937259 2
1581937260 2
1581937261 2
1581937262 3
1581937263 2
1581937264 2
1581937265 2
1581937266 2
1581937267 1
1581937268 2
1581937269 3
1581937270 3
1581937271 4
1581937272 5
1581937273 4
1581937274 3
1581937275 3
1581937276 3
1581937277 3
1581937278 4
1581937279 4
1581937280 4
1581937281 5
1581937282 4
1581937283 4
1581937284 4
1581937285 3
1581937286 3
1581937287 4
1581937288 5
1581937289 5
1581937290 6
1581937291 5
1581937292 5
1581937293 5
1581937294 5
1581937295 3
1581937296 3
1581937297 3
1581937298 3
1581937299 3
1581937300 3
1581937301 4
1581937302 5
1581937303 5
1581937304 5
1581937305 4
1581937306 3
1581937307 3
1581937308 3
1581937309 3
1581937310 3
1581937311 4
1581937312 6
1581937313 5
1581937314 3
1581937315 3
1581937316 2
1581937317 2
1581937318 2
1581937319 2
1581937320 2
1581937321 3
1581937322 3
1581937323 3
1581937324 2
1581937325 2
1581937326 3
1581937327 2
1581937328 2
1581937329 2
1581937330 2
1581937331 2
1581937332 2
1581937333 3
1581937334 3
1581937335 3
1581937336 3
1581937337 3
1581937338 3
1581937339 2
1581937590 5
1581937591 5
1581937592 4
1581937593 3
1581937594 3
1581937595 3
1581937596 4
1581937597 2
1581937598 2
1581937599 2
1581937600 2
1581937601 2
1581937602 2
1581937603 2
1581937604 2
1581937605 2
1581937606 2
1581937607 2
1581937608 2
1581937609 2
1581937610 2
1581937611 2
1581937612 2
1581937613 1
1581937614 3
1581937615 4
1581937616 3
1581937617 4
1581937618 4
1581937619 4
1581937620 3
1581937621 3
1581937622 2
1581937623 3
1581937624 3
1581937625 3
1581937626 4
1581937627 4
1581937628 4
1581937629 4
1581937630 4
1581937631 3
1581937632 3
1581937633 5
1581937634 6
1581937635 5
1581937636 6
1581937637 5
1581937638 5
1581937639 5
1581937640 5
1581937641 3
1581937642 3
1581937643 4
1581937644 3
1581937645 3
1581937646 3
1581937647 4
1581937648 3
1581937649 4
1581937650 4
1581937651 3
1581937652 2
1581937653 2
1581937654 3
1581937655 3
1581937656 3
1581937657 4
1581937658 6
1581937659 4
1581937660 3
1581937661 2
1581937662 2
1581937663 2
1581937664 2
1581937665 2
1581937666 2
1581937667 3
1581937668 3
1581937669 2
1581937670 2
1581937671 2
1581937672 2
1581937673 2
1581937674 2
1581937675 2
1581937676 2
1581937677 2
1581937678 3
1581937679 3
1581937680 3
1581937681 3
1581937682 3
1581937683 4
1581937684 4
1581937906 5
1581937907 4
1581937908 4
1581937909 4
1581937910 3
1581937911 3
1581937912 3
1581937913 3
1581937914 3
1581937915 3
1581937916 3
1581937917 3
1581937918 2
1581937919 3
1581937920 2
1581937921 2
1581937922 2
1581937923 3
1581937924 2
1581937925 2
1581937926 2
1581937927 2
1581937928 3
1581937929 3
1581937930 2
1581937931 2
1581937932 2
1581937933 1
1581937934 2
1581937935 3
1581937936 3
1581937937 3
1581937938 3
1581937939 4
1581937940 4
1581937941 4
1581937942 2
1581937943 2
1581937944 3
1581937945 3
1581937946 3
1581937947 4
1581937948 4
1581937949 4
1581937950 3
1581937951 3
1581937952 4
1581937953 5
1581937954 6
1581937955 6
1581937956 6
1581937957 6
1581937958 6
1581937959 6
1581937960 5
1581937961 4
1581937962 3
1581937963 4
1581937964 2
1581937965 3
1581937966 3
1581937967 3
1581937968 3
1581937969 4
1581937970 3
1581937971 3
1581937972 3
1581937973 3
1581937974 3
1581937975 3
1581937976 3
1581937977 4
1581937978 5
1581937979 6
1581937980 4
1581937981 4
1581937982 3
1581937983 1
1581937984 2
1581937985 2
1581937986 2
1581937987 3
1581937988 4
1581937989 3
1581937990 2
1581937991 2
1581937992 2
1581937993 3
1581937994 2
1581937995 2
1581937996 2
1581937997 2
1581937998 2
1581937999 3
1581938000 4
1581938001 3
1581938002 4
1581938003 3
1581938004 3
1581938005 5
1581938006 4
1581938231 5
1581938232 3
1581938233 3
1581938234 5
1581938235 4
1581938236 4
1581938237 4
1581938238 3
1581938239 2
1581938240 2
1581938241 2
1581938242 2
1581938243 2
1581938244 3
1581938245 2
1581938246 2
1581938247 2
1581938248 3
1581938249 3
1581938250 3
1581938251 2
1581938252 2
1581938253 1
1581938254 2
1581938255 2
1581938256 3
1581938257 3
1581938258 3
1581938259 4
1581938260 4
1581938261 2
1581938262 3
1581938263 3
1581938264 3
1581938265 3
1581938266 4
1581938267 4
1581938268 5
1581938269 5
1581938270 3
1581938271 3
1581938272 4
1581938273 5
1581938274 5
1581938275 7
1581938276 7
1581938277 8
1581938278 8
1581938279 7
1581938280 7
1581938281 4
1581938282 3
1581938283 3
1581938284 5
1581938285 4
1581938286 3
1581938287 3
1581938288 3
1581938289 4
1581938290 3
1581938291 3
1581938292 3
1581938293 4
1581938294 3
1581938295 4
1581938296 4
1581938297 5
1581938298 5
1581938299 4
1581938300 3
1581938301 2
1581938302 2
1581938303 2
1581938304 2
1581938305 2
1581938306 2
1581938307 3
1581938308 2
1581938309 2
1581938310 2
1581938311 2
1581938312 3
1581938313 2
1581938314 2
1581938315 2
1581938316 2
1581938317 2
1581938318 2
1581938319 3
1581938320 3
1581938321 4
1581938322 3
1581938323 3
1581938324 3
1581938325 3
1581938552 4
1581938553 3
1581938554 4
1581938555 3
1581938556 4
1581938557 4
1581938558 3
1581938559 3
1581938560 3
1581938561 3
1581938562 2
1581938563 3
1581938564 2
1581938565 2
1581938566 3
1581938567 2
1581938568 2
1581938569 2
1581938570 3
1581938571 3
1581938572 3
1581938573 3
1581938574 3
1581938575 2
1581938576 3
1581938577 4
1581938578 4
1581938579 2
1581938580 3
1581938581 4
1581938582 3
1581938583 2
1581938584 2
1581938585 3
1581938586 4
1581938587 5
1581938588 5
1581938589 5
1581938590 4
1581938591 4
1581938592 4
1581938593 4
1581938594 6
1581938595 6
1581938596 6
1581938597 6
1581938598 7
1581938599 5
1581938600 5
1581938601 7
1581938602 4
1581938603 4
1581938604 6
1581938605 9
1581938606 8
1581938607 7
1581938608 6
1581938609 5
1581938610 4
1581938611 3
1581938612 4
1581938613 5
1581938614 5
1581938615 5
1581938616 5
1581938617 5
1581938618 4
1581938619 5
1581938620 4
1581938621 4
1581938622 5
1581938623 5
1581938624 5
1581938625 5
1581938626 4
1581938627 2
1581938628 2
1581938629 3
1581938630 3
1581938631 3
1581938632 3
1581938633 3
1581938634 3
1581938635 3
1581938636 3
1581938637 4
1581938638 2
1581938639 2
1581938640 2
1581938641 2
1581938642 2
1581938643 2
1581938644 3
1581938645 4
1581938646 4
1581938647 4
1581938648 4
1581938649 3
1581938650 4
1581938651 3
1581938859 3
1581938860 3
1581938861 3
1581938862 4
1581938863 3
1581938864 3
1581938865 3
1581938866 2
1581938867 2
1581938868 2
1581938869 2
1581938870 2
1581938871 3
1581938872 3
1581938873 2
1581938874 2
1581938875 1
1581938876 1
1581938877 2
1581938878 2
1581938879 2
1581938880 2
1581938881 2
1581938882 4
1581938883 4
1581938884 5
1581938885 4
1581938886 3
1581938887 3
1581938888 3
1581938889 3
1581938890 2
1581938891 4
1581938892 5
1581938893 6
1581938894 5
1581938895 5
1581938896 3
1581938897 3
1581938898 5
1581938899 5
1581938900 6
1581938901 6
1581938902 7
1581938903 7
1581938904 6
1581938905 6
1581938906 6
1581938907 6
1581938908 4
1581938909 4
1581938910 4
1581938911 5
1581938912 3
1581938913 5
1581938914 4
1581938915 4
1581938916 5
1581938917 5
1581938918 4
1581938919 4
1581938920 4
1581938921 4
1581938922 3
1581938923 3
1581938924 4
1581938925 4
1581938926 3
1581938927 3
1581938928 2
1581938929 2
1581938930 2
1581938931 2
1581938932 2
1581938933 2
1581938934 2
1581938935 2
1581938936 2
1581938937 2
1581938938 2
1581938939 3
1581938940 3
1581938941 2
1581938942 2
1581938943 2
1581938944 2
1581938945 2
1581938946 5
1581938947 3
1581938948 3
1581938949 3
1581938950 2
1581938951 3
1581938952 5
1581939199 5
1581939200 4
1581939201 3
1581939202 4
1581939203 3
1581939204 3
1581939205 3
1581939206 2
1581939207 2
1581939208 2
1581939209 2
1581939210 2
1581939211 2
1581939212 3
1581939213 2
1581939214 2
1581939215 2
1581939216 2
1581939217 2
1581939218 2
1581939219 2
1581939220 2
1581939221 2
1581939222 1
1581939223 2
1581939224 3
1581939225 3
1581939226 4
1581939227 5
1581939228 3
1581939229 3
1581939230 3
1581939231 3
1581939232 2
1581939233 3
1581939234 3
1581939235 3
1581939236 3
1581939237 3
1581939238 2
1581939239 3
1581939240 3
1581939241 4
1581939242 5
1581939243 6
1581939244 6
1581939245 6
1581939246 7
1581939247 6
1581939248 6
1581939249 5
1581939250 3
1581939251 3
1581939252 4
1581939253 3
1581939254 3
1581939255 2
1581939256 2
1581939257 3
1581939258 4
1581939259 4
1581939260 3
1581939261 3
1581939262 4
1581939263 3
1581939264 4
1581939265 3
1581939266 5
1581939267 5
1581939268 4
1581939269 4
1581939270 3
1581939271 3
1581939272 4
1581939273 3
1581939274 3
1581939275 2
1581939276 2
1581939277 3
1581939278 2
1581939279 2
1581939280 2
1581939281 2
1581939282 3
1581939283 3
1581939284 2
1581939285 2
1581939286 2
1581939287 2
1581939288 2
1581939289 3
1581939290 4
1581939291 4
1581939292 4
1581939293 2
1581939294 3
1581939295 3
1581939523 5
1581939524 3
1581939525 3
1581939526 3
1581939527 3
1581939528 3
1581939529 2
1581939530 2
1581939531 2
1581939532 2
1581939533 2
1581939534 2
1581939535 2
1581939536 2
1581939537 2
1581939538 2
1581939539 3
1581939540 2
1581939541 2
1581939542 2
1581939543 2
1581939544 2
1581939545 2
1581939546 1
1581939547 3
1581939548 4
1581939549 4
1581939550 5
1581939551 3
1581939552 4
1581939553 3
1581939554 4
1581939555 3
1581939556 4
1581939557 3
1581939558 3
1581939559 3
1581939560 2
1581939561 2
1581939562 2
1581939563 2
1581939564 3
1581939565 6
1581939566 5
1581939567 5
1581939568 6
1581939569 7
1581939570 5
1581939571 5
1581939572 5
1581939573 5
1581939574 5
1581939575 5
1581939576 4
1581939577 3
1581939578 2
1581939579 2
1581939580 2
1581939581 3
1581939582 3
1581939583 4
1581939584 4
1581939585 4
1581939586 4
1581939587 5
1581939588 4
1581939589 5
1581939590 5
1581939591 5
1581939592 5
1581939593 4
1581939594 4
1581939595 4
1581939596 3
1581939597 2
1581939598 2
1581939599 2
1581939600 2
1581939601 2
1581939602 3
1581939603 3
1581939604 2
1581939605 2
1581939606 2
1581939607 3
1581939608 3
1581939609 2
1581939610 2
1581939611 2
1581939612 2
1581939613 2
1581939614 3
1581939615 4
1581939616 4
1581939617 5
1581939618 4
1581939619 3
1581939620 5
1581939621 5
1581939823 6
1581939824 4
1581939825 3
1581939826 3
1581939827 3
1581939828 3
1581939829 3
1581939830 2
1581939831 2
1581939832 2
1581939833 2
1581939834 2
1581939835 2
1581939836 2
1581939837 2
1581939838 2
1581939839 2
1581939840 3
1581939841 2
1581939842 2
1581939843 2
1581939844 2
1581939845 2
1581939846 2
1581939847 2
1581939848 3
1581939849 3
1581939850 4
1581939851 5
1581939852 3
1581939853 4
1581939854 3
1581939855 3
1581939856 3
1581939857 3
1581939858 4
1581939859 4
1581939860 3
1581939861 3
1581939862 3
1581939863 4
1581939864 3
1581939865 5
1581939866 5
1581939867 5
1581939868 6
1581939869 6
1581939870 5
1581939871 6
1581939872 5
1581939873 3
1581939874 3
1581939875 3
1581939876 4
1581939877 3
1581939878 3
1581939879 3
1581939880 3
1581939881 3
1581939882 4
1581939883 4
1581939884 3
1581939885 3
1581939886 4
1581939887 4
1581939888 4
1581939889 3
1581939890 3
1581939891 4
1581939892 4
1581939893 4
1581939894 4
1581939895 3
1581939896 2
1581939897 2
1581939898 2
1581939899 2
1581939900 2
1581939901 2
1581939902 3
1581939903 3
1581939904 2
1581939905 2
1581939906 2
1581939907 3
1581939908 3
1581939909 2
1581939910 2
1581939911 2
1581939912 2
1581939913 2
1581939914 2
1581939915 4
1581939916 4
1581939917 4
1581939918 3
1581939919 2
1581939920 2
1581939921 4
1581942317 6
1581942318 4
1581942319 3
1581942320 3
1581942321 3
1581942322 3
1581942323 3
1581942324 2
1581942325 2
1581942326 2
1581942327 2
1581942328 2
1581942329 2
1581942330 2
1581942331 2
1581942332 2
1581942333 3
1581942334 2
1581942335 2
1581942336 2
1581942337 2
1581942338 3
1581942339 2
1581942340 2
1581942341 2
1581942342 2
1581942343 3
1581942344 2
1581942345 3
1581942346 3
1581942347 4
1581942348 4
1581942349 2
1581942350 2
1581942351 3
1581942352 2
1581942353 3
1581942354 4
1581942355 4
1581942356 5
1581942357 5
1581942358 4
1581942359 4
1581942360 3
1581942361 3
1581942362 5
1581942363 6
1581942364 5
1581942365 5
1581942366 6
1581942367 6
1581942368 3
1581942369 3
1581942370 3
1581942371 3
1581942372 3
1581942373 2
1581942374 2
1581942375 2
1581942376 2
1581942377 2
1581942378 3
1581942379 3
1581942380 3
1581942381 2
1581942382 2
1581942383 2
1581942384 2
1581942385 2
1581942386 2
1581942387 2
1581942388 2
1581942389 2
1581942390 3
1581942391 2
1581942392 4
1581942393 4
1581942394 4
1581942395 5
1581942396 2
1581942397 2
1581942398 2
1581942399 2
1581942400 2
1581942401 2
1581942402 2
1581942403 2
1581942404 3
1581942405 2
1581942406 2
1581942407 3
1581942408 3
1581942409 2
1581942410 2
1581942411 2
1581942412 2
1581942413 2
1581942414 2
1581942415 2
1581942416 2
1581942417 2
1581942418 2
1581942419 3
1581942420 2
1581942421 4
1581942422 4
1581942423 4
1581942424 3
1581942425 2
1581942426 2
1581942427 2
1581942428 2
1581942429 2
1581942430 2
1581942431 2
1581942432 2
1581942433 2
1581942434 2
1581942435 2
1581942436 3
1581942437 2
1581942438 2
1581942439 2
1581942440 2
1581942441 2
1581942442 2
1581942443 2
1581942444 2
1581942445 2
1581942446 2
1581942447 2
1581942448 3
1581942449 2
1581942450 4
1581942451 2
1581942452 4
1581942453 4
1581942454 5
1581942455 3
1581942456 2
1581942457 2
1581942458 2
1581942459 2
1581942460 2
1581942461 3
1581942462 2
1581942463 3
1581942464 3
1581942465 3
1581942466 3
1581942467 3
1581942468 2
1581942469 2
1581942470 2
1581942471 2
1581942472 2
1581942473 2
1581942474 3
1581942475 3
1581942476 3
1581942477 3
1581942478 4
1581942479 2
1581942480 4
1581942481 4
1581942482 4
1581942483 3
1581942484 3
1581942485 3
1581942486 2
1581942487 2
1581942488 2
1581942489 2
1581942490 2
1581942491 2
1581942492 2
1581942493 2
1581942494 2
1581942495 2
1581942496 2
1581942497 2
1581942498 2
1581942499 2
1581942500 2
1581942501 2
1581942502 4
1581942503 4
1581942504 4
1581942505 4
1581942506 5
1581942507 5
1581942508 5
1581942509 5
1581942510 5
1581942511 5
1581942512 5
1581942513 5
1581942514 4
1581942515 4
1581942516 3
1581942517 2
1581942518 2
1581942519 3
1581942520 2
1581942521 2
1581942522 2
1581942523 2
1581942524 2
1581942525 2
1581942526 2
1581942527 2
1581942528 2
1581942529 2
1581942530 2
1581942531 2
1581942532 2
1581942533 3
1581942534 3
1581942535 5
1581942536 4
1581942537 4
1581942538 3
1581942539 3
1581942540 3
1581942541 3
1581942542 3
1581942543 3
1581942544 2
1581942545 2
1581942546 2
1581942547 2
1581942548 2
1581942549 2
1581942550 3
1581942551 3
1581942552 2
1581942553 3
1581942554 3
1581942555 2
1581942556 2
1581942557 2
1581942558 3
1581942559 2
1581942560 2
1581942561 2
1581942562 2
1581942563 4
1581942564 4
1581942565 4
1581942566 3
1581942567 2
1581942568 2
1581942569 2
1581942570 2
1581942571 2
1581942572 2
1581942573 2
1581942574 2
1581942575 2
1581942576 3
1581942577 3
1581942578 2
1581942579 2
1581942580 2
1581942581 2
1581942582 2
1581942583 2
1581942584 2
1581942585 2
1581942586 2
1581942587 2
1581942588 2
1581942589 2
1581942590 2
1581942591 2
1581942592 2
1581942593 3
1581942594 4
1581942595 4
1581942596 4
1581942597 3
1581942598 2
1581942599 2
1581942600 2
1581942601 2
1581942602 2
1581942603 2
1581942604 2
1581942605 2
1581942606 2
1581942607 2
1581942608 2
1581942609 3
1581942610 2
1581942611 2
1581942612 3
1581942613 2
1581942614 2
1581942615 2
1581942616 2
1581942617 2
1581942618 2
1581942619 2
1581942620 2
1581942621 2
1581942622 4
1581942623 4
1581942624 4
1581942625 3
1581942626 3
1581942627 2
1581942628 2
1581942629 2
1581942630 2
1581942631 2
1581942632 2
1581942633 2
1581942634 2
1581942635 2
1581942636 2
1581942637 2
1581942638 3
1581942639 2
1581942640 2
1581942641 2
1581942642 2
1581942643 2
1581942644 2
1581942645 3
1581942646 3
1581942647 3
1581942648 4
1581942649 3
1581942650 3
1581942651 3
1581942652 3
1581942653 3
1581942654 6
1581942655 5
1581942656 5
1581942657 5
1581942658 6
1581942659 6
1581942660 6
1581942661 5
1581942662 5
1581942663 3
1581942664 2
1581942665 2
1581942666 3
1581942667 4
1581942668 4
1581942669 5
1581942670 4
1581942671 4
1581942672 4
1581942673 4
1581942674 3
1581942675 1
1581942676 2
1581942677 2
1581942678 2
1581942679 2
1581942680 3
1581942681 3
1581942682 2
1581942683 2
1581942684 2
1581942685 2
1581942686 2
1581942687 2
1581942688 2
1581942689 2
1581942690 3
1581942691 3
1581942692 3
1581942693 3
1581942694 3
1581942695 3
1581942696 4
1581942697 4
1581943527 3
1581943528 4
1581943529 4
1581943530 3
1581943531 3
1581943532 3
1581943533 3
1581943534 3
1581943535 2
1581943536 2
1581943537 2
1581943538 2
1581943539 3
1581943540 2
1581943541 2
1581943542 2
1581943543 3
1581943544 3
1581943545 2
1581943546 2
1581943547 1
1581943548 2
1581943549 2
1581943550 3
1581943551 3
1581943552 2
1581943553 3
1581943554 3
1581943555 1
1581943556 2
1581943557 2
1581943558 4
1581943559 4
1581943560 5
1581943561 5
1581943562 5
1581943563 4
1581943564 4
1581943565 3
1581943566 4
1581943567 5
1581943568 5
1581943569 6
1581943570 5
1581943571 5
1581943572 5
1581943573 4
1581943574 3
1581943575 3
1581943576 3
1581943577 3
1581943578 2
1581943579 2
1581943580 2
1581943581 2
1581943582 2
1581943583 3
1581943584 3
1581943585 3
1581943586 2
1581943587 4
1581943588 3
1581943589 2
1581943590 2
1581943591 2
1581943592 2
1581943593 2
1581943594 2
1581943595 4
1581943596 2
1581943597 4
1581943598 4
1581943599 5
1581943600 4
1581943601 2
1581943602 2
1581943603 2
1581943604 2
1581943605 2
1581943606 2
1581943607 2
1581943608 3
1581943609 2
1581943610 3
1581943611 4
1581943612 4
1581943613 2
1581943614 2
1581943615 2
1581943616 2
1581943617 2
1581943618 2
1581943619 2
1581943620 2
1581943621 2
1581943622 2
1581943623 4
1581943624 2
1581943625 4
1581943626 4
1581943627 5
1581943628 3
1581943629 2
1581943630 2
1581943631 2
1581943632 2
1581943633 2
1581943634 2
1581943635 2
1581943636 2
1581943637 2
1581943638 2
1581943639 2
1581943640 3
1581943641 2
1581943642 2
1581943643 2
1581943644 2
1581943645 3
1581943646 3
1581943647 2
1581943648 2
1581943649 2
1581943650 2
1581943651 2
1581943652 2
1581943653 2
1581943654 3
1581943655 4
1581943656 4
1581943657 5
1581943658 3
1581943659 2
1581943660 2
1581943661 2
1581943662 2
1581943663 2
1581943664 2
1581943665 2
1581943666 2
1581943667 2
1581943668 4
1581943669 3
1581943670 3
1581943671 2
1581943672 2
1581943673 2
1581943674 2
1581943675 2
1581943676 3
1581943677 3
1581943678 3
1581943679 3
1581943680 4
1581943681 3
1581943682 4
1581943683 4
1581943684 4
1581943685 4
1581943686 3
1581943687 3
1581943688 3
1581943689 2
1581943690 2
1581943691 2
1581943692 2
1581943693 2
1581943694 2
1581943695 2
1581943696 2
1581943697 2
1581943698 2
1581943699 2
1581943700 2
1581943701 2
1581943702 2
1581943703 2
1581943704 4
1581943705 4
1581943706 4
1581943707 4
1581943708 5
1581943709 5
1581943710 5
1581943711 5
1581943712 5
1581943713 5
1581943714 5
1581943715 5
1581943716 5
1581943717 5
1581943718 5
1581943719 5
1581943720 5
1581943721 5
1581943722 5
1581943723 5
1581943724 5
1581943725 5
1581943726 5
1581943727 5
1581943728 5
1581943729 5
1581943730 5
1581943731 5
1581943732 5
1581943733 5
1581943734 5
1581943735 5
1581943736 5
1581943737 5
1581943738 5
1581943739 4
1581943740 4
1581943741 4
1581943742 4
1581943743 4
1581943744 4
1581943745 4
1581943746 4
1581943747 4
1581943748 4
1581943749 4
1581943750 4
1581943751 4
1581943752 4
1581943753 4
1581943754 4
1581943755 4
1581943756 4
1581943757 4
1581943758 4
1581943759 4
1581943760 4
1581943761 4
1581943762 4
1581943763 4
1581943764 4
1581943765 4
1581943766 4
1581943767 4
1581943768 4
1581943769 4
1581943770 4
1581943771 4
1581943772 4
1581943773 4
1581943774 4
1581943775 4
1581943776 4
1581943777 4
1581943778 4
1581943779 4
1581943780 5
1581943781 5
1581943782 5
1581943783 5
1581943784 5
1581943785 5
1581943786 5
1581943787 5
1581943788 5
1581943789 5
1581943790 5
1581943791 5
1581943792 5
1581943793 5
1581943794 5
1581943795 5
1581943796 5
1581943797 5
1581943798 5
1581943799 5
1581943800 5
1581943801 5
1581943802 5
1581943803 5
1581943804 4
1581943805 4
1581943806 4
1581943807 4
1581943808 4
1581943809 4
1581943810 4
1581943811 4
1581943812 4
1581943813 4
1581943814 4
1581943815 4
1581943816 4
1581943817 4
1581943818 4
1581943819 4
1581943820 4
1581943821 4
1581943822 4
1581943823 4
1581943824 4
1581943825 4
1581943826 4
1581943827 4
1581943828 4
1581943829 4
1581943830 4
1581943831 4
1581943832 4
1581943833 4
1581943834 4
1581943835 4
1581943836 4
1581943837 4
1581943838 4
1581943839 4
1581943840 4
1581943841 4
1581943842 4
1581943843 4
1581943844 4
1581943845 4
1581943846 4
1581943847 4
1581943848 4
1581943849 4
1581943850 4
1581943851 4
1581943852 4
1581943853 4
1581943854 4
1581943855 4
1581943856 4
1581943857 4
1581943858 4
1581943859 4
1581943860 4
1581943861 4
1581943862 4
1581943863 4
1581943864 4
1581943865 4
1581943866 4
1581943867 4
1581943868 4
1581943869 4
1581943870 4
1581943871 4
1581943872 4
1581943873 4
1581943874 4
1581943875 4
1581943876 4
1581943877 4
1581943878 4
1581943879 4
1581943880 4
1581943881 4
1581943882 4
1581943883 4
1581943884 4
1581943885 4
1581943886 4
1581943887 4
1581943888 4
1581943889 4
1581943890 4
1581943891 4
1581943892 4
1581943893 4
1581943894 4
1581943895 4
1581943896 4
1581943897 4
1581943898 4
1581943899 4
1581943900 4
1581943901 4
1581943902 4
1581943903 4
1581943904 4
1581943905 4
1581943906 4
1581943907 4
1581943908 4
1581943909 4
1581943910 4
1581943911 4
1581943912 4
1581943913 4
1581943914 4
1581943915 4
1581943916 4
1581943917 4
1581943918 4
1581943919 4
1581943920 4
1581943921 4
1581943922 4
1581943923 4
1581943924 4
1581943925 4
1581943926 4
1581943927 4
1581943928 4
1581943929 4
1581943930 2
1581943931 2
1581943932 2
1581943933 2
1581943934 2
1581943935 2
1581943936 2
1581943937 2
1581943938 2
1581943939 2
1581943940 2
1581943941 2
1581943942 2
1581943943 2
1581943944 2
1581943945 2
1581943946 3
1581943947 3
1581943948 5
1581943949 5
1581943950 5
1581944046 5
1581944047 5
1581944048 5
1581944049 5
1581944050 5
1581944051 5
1581944052 5
1581944053 5
1581944054 5
1581944055 5
1581944056 5
1581944057 5
1581944058 5
1581944059 5
1581944060 5
1581944061 5
1581944062 4
1581944063 5
1581944064 5
1581944065 5
1581944066 5
1581944067 5
1581944068 5
1581944069 5
1581944070 5
1581944071 5
1581944072 5
1581944073 5
1581944074 5
1581944075 5
1581944076 5
1581944077 5
1581944078 5
1581944079 5
1581944080 5
1581944081 5
1581944082 5
1581944083 5
1581944084 5
1581944085 5
1581944086 5
1581944087 5
1581944088 5
1581944089 5
1581944090 5
1581944091 5
1581944092 5
1581944093 5
1581944094 5
1581944095 5
1581944096 5
1581944097 5
1581944098 5
1581944099 5
1581944100 5
1581944101 5
1581944102 5
1581944103 5
1581944104 5
1581944105 5
1581944106 5
1581944107 5
1581944108 5
1581944109 5
1581944110 5
1581944111 5
1581944112 5
1581944113 4
1581944114 4
1581944115 4
1581944116 3
1581944117 3
1581944118 3
1581944119 3
1581944120 3
1581944121 3
1581944122 2
1581944123 2
1581944124 2
1581944125 2
1581944126 2
1581944127 3
1581944128 3
1581944129 2
1581944130 2
1581944131 3
1581944132 2
1581944133 2
1581944134 2
1581944135 2
1581944136 2
1581944137 2
1581944138 2
1581944139 2
1581944140 2
1581944141 4
1581944142 4
1581944143 4
1581944144 4
1581944145 3
1581944146 2
1581944147 2
1581944148 2
1581944149 2
1581944150 2
1581944151 2
1581944152 2
1581944153 2
1581944154 3
1581944155 2
1581944156 2
1581944157 2
1581944158 2
1581944159 3
1581944160 2
1581944161 2
1581944162 2
1581944163 2
1581944164 2
1581944165 2
1581944166 2
1581944167 2
1581944168 2
1581944169 2
1581944170 2
1581944171 4
1581944172 4
1581944173 4
1581944174 4
1581944175 2
1581944176 2
1581944177 2
1581944178 2
1581944179 2
1581944180 2
1581944181 2
1581944182 2
1581944183 2
1581944184 2
1581944185 2
1581944186 3
1581944187 2
1581944188 2
1581944189 3
1581944190 2
1581944191 2
1581944192 2
1581944193 2
1581944194 2
1581944195 2
1581944196 2
1581944197 2
1581944198 2
1581944199 3
1581944200 4
1581944201 4
1581944202 4
1581944203 3
1581944204 2
1581944205 2
1581944206 2
1581944207 2
1581944208 2
1581944209 2
1581944210 3
1581944211 2
1581944212 3
1581944213 2
1581944214 3
1581944215 3
1581944216 3
1581944217 2
1581944218 2
1581944219 2
1581944220 2
1581944221 2
1581944222 3
1581944223 3
1581944224 3
1581944225 4
1581944226 4
1581944227 4
1581944228 4
1581944229 5
1581944230 4
1581944231 5
1581944232 4
1581944233 4
1581944234 4
1581944235 4
1581944236 4
1581944237 5
1581944238 5
1581944239 5
1581944240 4
1581944241 3
1581944242 2
1581944243 2
1581944244 2
1581944245 2
1581944246 3
1581944247 3
1581944248 3
1581944249 3
1581944250 2
1581944251 2
1581944252 2
1581944253 2
1581944254 2
1581944255 2
1581944256 2
1581944257 3
1581944258 2
1581944259 2
1581944260 2
1581944261 3
1581944262 3
1581944263 2
1581944264 2
1581944265 2
1581944266 2
1581944267 2
1581944268 3
1581944269 4
1581944270 5
1581944271 5
1581944272 4
1581944273 3
1581944274 4
1581944504 5
1581944505 4
1581944506 4
1581944507 3
1581944508 3
1581944509 3
1581944510 3
1581944511 2
1581944512 2
1581944513 2
1581944514 2
1581944515 2
1581944516 2
1581944722 1
1581944723 1
1581944724 1
1581944725 1
1581944726 1
1581944727 1
1581944728 1
1581944729 1
1581944730 1
1581944731 1
1581944732 1
1581944733 1
1581944734 1
1581944735 1
1581944736 1
1581944737 1
1581944738 1
1581944739 2
1581944740 2
1581944741 2
1581944742 1
1581944743 1
1581944744 1
1581944745 1
1581944746 1
1581944747 1
1581944748 2
1581944749 2
1581944750 2
1581944751 2
1581944752 2
1581944753 2
1581944754 2
1581944755 2
1581944756 2
1581944757 2
1581944758 2
1581944759 2
1581944760 2
1581944761 2
1581944762 2
1581944763 2
1581944764 2
1581944765 2
1581944766 2
1581944767 2
1581944768 2
1581944769 2
1581944770 2
1581944771 2
1581944772 2
1581944773 3
1581944774 3
1581944775 2
1581944776 2
1581944777 2
1581944778 2
1581944779 2
1581944780 2
1581944781 1
1581944782 2
1581944783 2
1581944784 2
1581944785 2
1581944786 2
1581944787 3
1581944788 3
1581944789 3
1581944790 3
1581944791 3
1581944792 3
1581944793 3
1581944794 3
1581944795 3
1581944796 3
1581944797 3
1581944798 3
1581944799 3
1581944800 3
1581944801 3
1581944802 3
1581944803 3
1581944804 3
1581944805 3
1581944806 3
1581944807 3
1581944808 3
1581944809 3
1581944810 3
1581944811 3
1581944812 3
1581944813 3
1581944814 3
1581944815 3
1581944816 3
1581944817 3
1581944818 3
1581944819 3
1581944820 3
1581944821 3
1581944822 2
1581944823 3
1581944824 3
1581944825 3
1581944826 3
1581944827 3
1581944828 3
1581944829 3
1581944830 3
1581944831 3
1581944832 3
1581944833 3
1581944834 3
1581944835 3
1581944836 3
1581944837 3
1581944838 2
1581944839 3
1581944840 3
1581944841 3
1581944842 2
1581944843 2
1581944844 2
1581944845 2
1581944846 3
1581944847 4
1581944848 4
1581944849 5
1581944850 5
1581944851 4
1581944852 4
1581944853 4
1581944854 3
1581944855 3
1581944856 5
1581944857 4
1581944858 3
1581944859 3
1581944860 3
1581944861 3
1581944862 3
1581944863 3
1581944864 3
1581944865 3
1581944866 3
1581944867 2
1581944868 2
1581944869 2
1581944870 2
1581944871 3
1581944872 3
1581944873 2
1581944874 2
1581944875 3
1581944876 2
1581944877 3
1581944878 3
1581944879 2
1581944880 2
1581944881 2
1581944882 2
1581944883 3
1581944884 2
1581944885 4
1581944886 4
1581944887 4
1581944888 3
1581944889 3
1581944890 2
1581944891 2
1581944892 2
1581944893 2
1581944894 2
1581944895 2
1581944896 2
1581944897 3
1581944898 2
1581944899 2
1581944900 2
1581944901 2
1581944902 2
1581944903 3
1581944904 3
1581944905 2
1581944906 3
1581944907 2
1581944908 2
1581944909 2
1581944910 2
1581944911 2
1581944912 3
1581944913 2
1581944914 4
1581944915 4
1581944916 4
1581944917 3
1581944918 3
1581944919 2
1581944920 2
1581944921 2
1581944922 2
1581944923 2
1581944924 2
1581944925 2
1581944926 2
1581944927 2
1581944928 2
1581944929 3
1581944930 2
1581944931 2
1581944932 2
1581944933 2
1581944934 2
1581944935 2
1581944936 2
1581944937 2
1581944938 2
1581944939 2
1581944940 2
1581944941 2
1581944942 3
1581944943 2
1581944944 4
1581944945 4
1581944946 4
1581944947 3
1581944948 3
1581944949 2
1581944950 2
1581944951 2
1581944952 2
1581944953 2
1581944954 3
1581944955 3
1581944956 2
1581944957 2
1581944958 2
1581944959 2
1581944960 3
1581944961 2
1581944962 2
1581944963 2
1581944964 2
1581944965 2
1581944966 3
1581944967 3
1581944968 3
1581944969 3
1581944970 4
1581944971 4
1581944972 3
1581944973 4
1581944974 4
1581944975 4
1581944976 4
1581944977 3
1581944978 2
1581944979 2
1581944980 2
1581944981 2
1581944982 2
1581944983 2
1581944984 2
1581944985 2
1581944986 2
1581944987 2
1581944988 2
1581944989 2
1581944990 2
1581944991 2
1581944992 2
1581944993 2
1581944994 3
1581944995 4
1581944996 4
1581944997 4
1581944998 4
1581944999 4
1581945000 4
1581945001 4
1581945002 4
1581945003 4
1581945004 4
1581945005 4
1581945006 4
1581945007 4
1581945008 4
1581945009 4
1581945010 4
1581945011 4
1581945012 4
1581945013 4
1581945014 4
1581945015 4
1581945016 4
1581945017 4
1581945018 4
1581945019 3
1581945020 4
1581945021 4
1581945022 4
1581945023 4
1581945024 4
1581945025 3
1581945026 3
1581945027 2
1581945028 2
1581945029 2
1581945030 2
1581945031 2
1581945032 2
1581945033 2
1581945034 2
1581945035 2
1581945036 2
1581945037 2
1581945038 2
1581945039 2
1581945040 2
1581945041 2
1581945042 2
1581945043 2
1581945044 2
1581945045 2
1581945046 2
1581945047 2
1581945048 2
1581945049 2
1581945050 2
1581945051 2
1581945052 2
1581945053 2
1581945054 2
1581945055 4
1581945056 4
1581945057 5
1581945058 4
1581945059 4
1581945060 4
1581945061 4
1581945062 3
1581945063 3
1581945064 3
1581945065 3
1581945066 3
1581945067 3
1581945068 2
1581945069 2
1581945070 2
1581945071 2
1581945072 3
1581945073 3
1581945074 2
1581945075 3
1581945076 2
1581945077 2
1581945078 2
1581945079 2
1581945080 2
1581945081 2
1581945082 2
1581945083 2
1581945084 2
1581945085 5
1581945086 4
1581945087 4
1581945088 2
1581945089 2
1581945090 2
1581945091 2
1581945092 2
1581945093 1
1581945094 2
1581945095 2
1581945096 2
1581945097 2
1581945098 2
1581945099 2
1581945100 2
1581945101 3
1581945102 2
1581945103 2
1581945104 2
1581945105 3
1581945106 2
1581945107 2
1581945108 2
1581945109 2
1581945110 2
1581945111 2
1581945112 2
1581945113 2
1581945114 2
1581945115 2
1581945116 2
1581945117 2
1581945118 4
1581945119 4
1581945120 4
1581945121 5
1581945122 3
1581945123 3
1581945124 2
1581945125 2
1581945126 2
1581945127 2
1581945128 2
1581945129 2
1581945130 2
1581945131 2
1581945132 2
1581945133 3
1581945134 2
1581945135 2
1581945136 2
1581945137 2
1581945138 2
1581945139 2
1581945140 2
1581945141 2
1581945142 2
1581945143 2
1581945144 2
1581945145 2
1581945146 3
1581945147 4
1581945148 4
1581945149 4
1581945150 2
1581945151 2
1581945152 2
1581945153 2
1581945154 2
1581945155 2
1581945156 3
1581945157 3
1581945158 2
1581945159 3
1581945160 2
1581945161 3
1581945162 3
1581945163 2
1581945164 2
1581945165 2
1581945166 2
1581945167 2
1581945168 2
1581945169 3
1581945170 3
1581945171 3
1581945172 4
1581945173 4
1581945174 4
1581945175 4
1581945176 4
1581945177 4
1581945178 5
1581945179 5
1581945180 4
1581945181 3
1581945182 4
1581945183 4
1581945184 5
1581945185 4
1581945186 4
1581945187 4
1581945188 3
1581945189 2
1581945190 2
1581945191 2
1581945192 2
1581945193 2
1581945194 3
1581945195 3
1581945196 2
1581945197 1
1581945198 2
1581945199 2
1581945200 2
1581945201 2
1581945202 2
1581945203 3
1581945204 2
1581945205 2
1581945206 2
1581945207 3
1581945208 2
1581945209 2
1581945210 2
1581945211 2
1581945212 2
1581945213 2
1581945214 4
1581945215 4
1581945216 3
1581945217 3
1581945218 2
1581945219 3
1581945220 3
1581945789 6
1581945790 5
1581945791 4
1581945792 5
1581945793 3
1581945794 3
1581945795 3
1581945796 2
1581945797 2
1581945798 2
1581945799 2
1581945800 2
1581945801 2
1581945802 1
1581945803 2
1581945804 2
1581945805 2
1581945806 3
1581945807 3
1581945808 2
1581945809 2
1581945810 2
1581945811 2
1581945812 2
1581945813 2
1581945814 3
1581945815 3
1581945816 3
1581945817 3
1581945818 3
1581945819 2
1581945820 2
1581945821 3
1581945822 2
1581945823 3
1581945824 5
1581945825 4
1581945826 5
1581945827 5
1581945828 4
1581945829 4
1581945830 4
1581945831 3
1581945832 4
1581945833 4
1581945834 3
1581945835 3
1581945836 3
1581945837 3
1581945838 3
1581945839 3
1581945840 3
1581945841 3
1581945842 3
1581945843 2
1581945844 2
1581945845 2
1581945846 2
1581945847 2
1581945848 3
1581945849 3
1581945850 3
1581945851 2
1581945852 2
1581945853 2
1581945854 2
1581945855 2
1581945856 2
1581945857 2
1581945858 2
1581945859 2
1581945860 3
1581945861 2
1581945862 4
1581945863 4
1581945864 4
1581945865 4
1581945866 3
1581945867 2
1581945868 2
1581945869 2
1581945870 2
1581945871 2
1581945872 2
1581945873 2
1581945874 3
1581945875 2
1581945876 2
1581945877 2
1581945878 2
1581945879 2
1581945880 2
1581945881 2
1581945882 2
1581945883 2
1581945884 2
1581945885 2
1581945886 2
1581945887 2
1581945888 1
1581945889 2
1581945890 2
1581945891 4
1581945892 2
1581945893 5
1581945894 5
1581945895 5
1581945896 4
1581945897 2
1581945898 2
1581945899 2
1581945900 2
1581945901 2
1581945902 2
1581945903 2
1581945904 2
1581945905 2
1581945906 2
1581945907 2
1581945908 3
1581945909 2
1581945910 2
1581945911 2
1581945912 2
1581945913 2
1581945914 2
1581945915 2
1581945916 2
1581945917 2
1581945918 2
1581945919 2
1581945920 2
1581945921 2
1581945922 2
1581945923 2
1581945924 3
1581945925 5
1581945926 5
1581945927 6
1581945928 4
1581945929 3
1581945930 2
1581945931 2
1581945932 2
1581945933 2
1581945934 2
1581945935 4
1581945936 2
1581945937 3
1581945938 2
1581945939 2
1581945940 3
1581945941 2
1581945942 2
1581945943 2
1581945944 2
1581945945 2
1581945946 2
1581945947 3
1581945948 3
1581945949 3
1581945950 4
1581945951 3
1581945952 3
1581945953 4
1581945954 4
1581945955 4
1581945956 3
1581945957 3
1581945958 2
1581945959 2
1581945960 2
1581945961 2
1581945962 2
1581945963 2
1581945964 2
1581945965 2
1581945966 2
1581945967 2
1581945968 2
1581945969 2
1581945970 2
1581945971 2
1581945972 2
1581945973 2
1581945974 4
1581945975 4
1581945976 4
1581945977 4
1581945978 5
1581945979 5
1581945980 5
1581945981 5
1581945982 5
1581945983 4
1581945984 4
1581945985 4
1581945986 4
1581945987 4
1581945988 4
1581945989 3
1581945990 3
1581945991 2
1581945992 2
1581945993 2
1581945994 2
1581945995 2
1581945996 2
1581945997 2
1581945998 2
1581945999 2
1581946000 2
1581946001 2
1581946002 2
1581946003 2
1581946004 2
1581946005 2
1581946006 3
1581946007 3
1581946008 5
1581946009 4
1581946010 4
1581946011 4
1581946012 3
1581946013 3
1581946014 3
1581946015 3
1581946016 3
1581946017 3
1581946018 3
1581946019 2
1581946020 2
1581946021 2
1581946022 2
1581946023 3
1581946024 3
1581946025 3
1581946026 2
1581946027 2
1581946028 3
1581946029 2
1581946030 2
1581946031 2
1581946032 3
1581946033 2
1581946034 2
1581946035 3
1581946036 3
1581946037 4
1581946038 4
1581946039 4
1581946040 2
1581946041 2
1581946042 2
1581946043 2
1581946044 2
1581946045 2
1581946046 2
1581946047 2
1581946048 2
1581946049 2
1581946050 3
1581946051 2
1581946052 2
1581946053 2
1581946054 2
1581946055 2
1581946056 2
1581946057 2
1581946058 2
1581946059 2
1581946060 2
1581946061 2
1581946062 2
1581946063 2
1581946064 2
1581946065 2
1581946066 4
1581946067 5
1581946068 4
1581946069 4
1581946070 4
1581946071 4
1581946072 2
1581946073 2
1581946074 2
1581946075 2
1581946076 2
1581946077 2
1581946078 2
1581946079 2
1581946080 2
1581946081 3
1581946082 2
1581946083 3
1581946084 2
1581946085 2
1581946086 2
1581946087 2
1581946088 2
1581946089 2
1581946090 2
1581946091 2
1581946092 2
1581946093 2
1581946094 2
1581946095 2
1581946096 4
1581946097 4
1581946098 4
1581946099 2
1581946100 2
1581946101 2
1581946102 2
1581946103 2
1581946104 2
1581946105 2
1581946106 2
1581946107 2
1581946108 3
1581946109 2
1581946110 2
1581946111 3
1581946112 2
1581946113 2
1581946114 2
1581946115 2
1581946116 2
1581946117 2
1581946118 3
1581946119 3
1581946120 3
1581946121 3
1581946122 4
1581946123 3
1581946124 3
1581946125 4
1581946126 4
1581946127 5
1581946128 5
1581946129 4
1581946130 4
1581946131 3
1581946132 4
1581946133 4
1581946134 4
1581946135 4
1581946136 4
1581946137 2
1581946138 2
1581946139 2
1581946140 2
1581946141 2
1581946142 3
1581946143 3
1581946144 3
1581946145 3
1581946146 3
1581946147 1
1581946148 2
1581946149 3
1581946150 3
1581946151 3
1581946152 3
1581946153 4
1581946154 3
1581946155 2
1581946156 2
1581946157 2
1581946158 2
1581946159 2
1581946160 2
1581946161 2
1581946162 2
1581946163 2
1581946164 4
1581946165 4
1581946166 3
1581946167 3
1581946168 3
1581946169 2
1581946170 5
1581946360 2
1581946361 3
1581946362 3
1581946363 4
1581946364 3
1581946365 3
1581946366 3
1581946367 4
1581946368 3
1581946369 3
1581946370 3
1581946371 2
1581946372 2
1581946373 2
1581946374 2
1581946375 2
1581946376 3
1581946377 3
1581946378 2
1581946379 2
1581946380 3
1581946381 2
1581946382 2
1581946383 2
1581946384 2
1581946385 2
1581946386 1
1581946387 2
1581946388 3
1581946389 3
1581946390 3
1581946391 2
1581946392 3
1581946393 2
1581946394 2
1581946395 2
1581946396 2
1581946397 2
1581946398 4
1581946399 4
1581946400 5
1581946401 5
1581946402 4
1581946403 4
1581946404 4
1581946405 3
1581946406 5
1581946407 6
1581946408 5
1581946409 5
1581946410 3
1581946411 4
1581946412 4
1581946413 3
1581946414 3
1581946415 3
1581946416 3
1581946417 3
1581946418 2
1581946419 2
1581946420 2
1581946421 2
1581946422 2
1581946423 3
1581946424 3
1581946425 3
1581946426 4
1581946427 3
1581946428 2
1581946429 2
1581946430 2
1581946431 2
1581946432 2
1581946433 2
1581946434 3
1581946435 2
1581946436 4
1581946437 4
1581946438 4
1581946439 4
1581946440 3
1581946441 2
1581946442 2
1581946443 2
1581946444 2
1581946445 2
1581946446 2
1581946447 2
1581946448 3
1581946449 2
1581946450 2
1581946451 2
1581946452 3
1581946453 3
1581946454 2
1581946455 2
1581946456 2
1581946457 2
1581946458 2
1581946459 2
1581946460 2
1581946461 2
1581946462 2
1581946463 3
1581946464 2
1581946465 4
1581946466 4
1581946467 4
1581946468 4
1581946469 3
1581946470 2
1581946471 2
1581946472 2
1581946473 2
1581946474 2
1581946475 2
1581946476 2
1581946477 2
1581946478 2
1581946479 2
1581946480 3
1581946481 2
1581946482 2
1581946483 3
1581946484 3
1581946485 3
1581946486 3
1581946487 3
1581946488 2
1581946489 2
1581946490 2
1581946491 2
1581946492 2
1581946493 2
1581946494 2
1581946495 4
1581946496 4
1581946497 4
1581946498 5
1581946499 3
1581946500 2
1581946501 2
1581946502 2
1581946503 2
1581946504 2
1581946505 2
1581946506 3
1581946507 2
1581946508 4
1581946509 3
1581946510 4
1581946511 3
1581946512 2
1581946513 2
1581946514 2
1581946515 2
1581946516 2
1581946517 3
1581946518 3
1581946519 3
1581946520 3
1581946521 4
1581946522 3
1581946523 3
1581946524 4
1581946525 4
1581946526 4
1581946527 3
1581946528 3
1581946529 3
1581946530 2
1581946531 2
1581946532 2
1581946533 2
1581946534 2
1581946535 2
1581946536 2
1581946537 2
1581946538 2
1581946539 2
1581946540 2
1581946541 2
1581946542 2
1581946543 2
1581946544 2
1581946545 4
1581946546 4
1581946547 4
1581946548 4
1581946549 5
1581946550 5
1581946551 5
1581946552 5
1581946553 5
1581946554 5
1581946555 5
1581946556 5
1581946557 6
1581946558 5
1581946559 2
1581946560 2
1581946561 2
1581946562 2
1581946563 2
1581946564 2
1581946565 2
1581946566 2
1581946567 2
1581946568 2
1581946569 2
1581946570 2
1581946571 2
1581946572 2
1581946573 2
1581946574 2
1581946575 3
1581946576 3
1581946577 5
1581946578 4
1581946579 4
1581946580 4
1581946581 3
1581946582 3
1581946583 3
1581946584 3
1581946585 3
1581946586 3
1581946587 2
1581946588 2
1581946589 2
1581946590 2
1581946591 2
1581946592 3
1581946593 3
1581946594 3
1581946595 2
1581946596 2
1581946597 2
1581946598 2
1581946599 2
1581946600 2
1581946601 2
1581946602 2
1581946603 2
1581946604 2
1581946605 5
1581946606 4
1581946607 4
1581946608 3
1581946609 3
1581946610 2
1581946611 2
1581946612 2
1581946613 2
1581946614 2
1581946615 2
1581946616 2
1581946617 2
1581946618 2
1581946619 4
1581946620 2
1581946621 2
1581946622 2
1581946623 3
1581946624 3
1581946625 2
1581946626 2
1581946627 2
1581946628 2
1581946629 2
1581946630 2
1581946631 2
1581946632 2
1581946633 2
1581946634 2
1581946635 4
1581946636 5
1581946637 5
1581946638 5
1581946639 4
1581946640 3
1581946641 3
1581946642 2
1581946643 2
1581946644 2
1581946645 2
1581946646 2
1581946647 2
1581946648 2
1581946649 2
1581946650 2
1581946651 3
1581946652 2
1581946653 2
1581946654 2
1581946655 2
1581946656 2
1581946657 2
1581946658 2
1581946659 2
1581946660 2
1581946661 2
1581946662 2
1581946663 2
1581946664 3
1581946665 4
1581946666 4
1581946667 4
1581946668 3
1581946669 2
1581946670 2
1581946671 2
1581946672 2
1581946673 2
1581946674 2
1581946675 3
1581946676 2
1581946677 3
1581946678 2
1581946679 3
1581946680 3
1581946681 3
1581946682 2
1581946683 2
1581946684 2
1581946685 2
1581946686 2
1581946687 3
1581946688 3
1581946689 3
1581946690 4
1581946691 3
1581946692 4
1581946693 4
1581946694 4
1581946695 5
1581946696 6
1581946697 5
1581946698 5
1581946699 4
1581946700 5
1581946701 4
1581946702 5
1581946703 5
1581946704 5
1581946705 4
1581946706 3
1581946707 3
1581946708 3
1581946709 3
1581946710 2
1581946711 3
1581946712 3
1581946713 3
1581946714 4
1581946715 3
1581946716 2
1581946717 2
1581946718 2
1581946719 2
1581946720 2
1581946721 2
1581946722 3
1581946723 2
1581946724 2
1581946725 2
1581946726 2
1581946727 3
1581946728 2
1581946729 2
1581946730 2
1581946731 2
1581946732 2
1581946733 2
1581946734 4
1581946735 4
1581946736 3
1581946737 4
1581946738 4
1581946739 4
1581946740 4
1581946932 5
1581946933 5
1581946934 4
1581946935 3
1581946936 3
1581946937 3
1581946938 3
1581946939 2
1581946940 2
1581946941 2
1581946942 2
1581946943 2
1581946944 2
1581946945 2
1581946946 2
1581946947 2
1581946948 3
1581946949 3
1581946950 2
1581946951 2
1581946952 2
1581946953 2
1581946954 2
1581946955 1
1581946956 2
1581946957 3
1581946958 3
1581946959 3
1581946960 4
1581946961 2
1581946962 2
1581946963 3
1581946964 2
1581946965 3
1581946966 4
1581946967 4
1581946968 5
1581946969 5
1581946970 4
1581946971 4
1581946972 3
1581946973 3
1581946974 5
1581946975 4
1581946976 3
1581946977 3
1581946978 3
1581946979 3
1581946980 3
1581946981 3
1581946982 3
1581946983 3
1581946984 3
1581946985 2
1581946986 2
1581946987 2
1581946988 2
1581946989 2
1581946990 3
1581946991 3
1581946992 3
1581946993 2
1581946994 4
1581946995 2
1581946996 2
1581946997 2
1581946998 2
1581946999 2
1581947000 2
1581947001 2
1581947002 4
1581947003 2
1581947004 4
1581947005 4
1581947006 4
1581947007 3
1581947008 2
1581947009 2
1581947010 2
1581947011 2
1581947012 2
1581947013 2
1581947014 2
1581947015 2
1581947016 2
1581947017 3
1581947018 2
1581947019 2
1581947020 2
1581947021 2
1581947022 2
1581947023 2
1581947024 2
1581947025 2
1581947026 2
1581947027 2
1581947028 2
1581947029 2
1581947030 3
1581947031 2
1581947032 4
1581947033 4
1581947034 4
1581947035 3
1581947036 2
1581947037 2
1581947038 2
1581947039 2
1581947040 2
1581947041 2
1581947042 2
1581947043 2
1581947044 2
1581947045 2
1581947046 2
1581947047 3
1581947048 2
1581947049 2
1581947050 2
1581947051 2
1581947052 3
1581947053 2
1581947054 2
1581947055 2
1581947056 2
1581947057 2
1581947058 2
1581947059 2
1581947060 3
1581947061 2
1581947062 4
1581947063 4
1581947064 4
1581947065 4
1581947066 2
1581947067 2
1581947068 2
1581947069 2
1581947070 2
1581947071 2
1581947072 2
1581947073 3
1581947074 4
1581947075 3
1581947076 3
1581947077 3
1581947078 2
1581947079 2
1581947080 2
1581947081 2
1581947082 2
1581947083 2
1581947084 3
1581947085 3
1581947086 3
1581947087 3
1581947088 4
1581947089 2
1581947090 4
1581947091 4
1581947092 4
1581947093 3
1581947094 3
1581947095 3
1581947096 2
1581947097 2
1581947098 2
1581947099 2
1581947100 2
1581947101 2
1581947102 2
1581947103 2
1581947104 2
1581947105 2
1581947106 2
1581947107 2
1581947108 2
1581947109 2
1581947110 2
1581947111 2
1581947112 4
1581947113 4
1581947114 4
1581947115 4
1581947116 5
1581947117 5
1581947118 5
1581947119 5
1581947120 5
1581947121 5
1581947122 5
1581947123 4
1581947124 4
1581947125 4
1581947126 4
1581947127 3
1581947128 3
1581947129 2
1581947130 2
1581947131 2
1581947132 2
1581947133 2
1581947134 2
1581947135 2
1581947136 2
1581947137 2
1581947138 2
1581947139 2
1581947140 2
1581947141 2
1581947142 2
1581947143 2
1581947144 2
1581947145 3
1581947146 4
1581947147 4
1581947148 4
1581947149 4
1581947150 4
1581947151 3
1581947152 3
1581947153 3
1581947154 3
1581947155 3
1581947156 2
1581947157 2
1581947158 1
1581947159 2
1581947160 2
1581947161 2
1581947162 4
1581947163 3
1581947164 2
1581947165 2
1581947166 3
1581947167 3
1581947168 2
1581947169 2
1581947170 2
1581947171 2
1581947172 2
1581947173 2
1581947174 2
1581947175 3
1581947176 4
1581947177 4
1581947178 3
1581947179 3
1581947180 2
1581947181 2
1581947182 2
1581947183 2
1581947184 2
1581947185 2
1581947186 2
1581947187 2
1581947188 2
1581947189 3
1581947190 2
1581947191 2
1581947192 2
1581947193 2
1581947194 2
1581947195 2
1581947196 2
1581947197 2
1581947198 2
1581947199 2
1581947200 2
1581947201 2
1581947202 2
1581947203 2
1581947476 2
1581947477 2
1581947478 2
1581947479 2
1581947480 2
1581947481 2
1581947482 2
1581947483 2
1581947484 2
1581947485 2
1581947486 2
1581947487 2
1581947488 2
1581947489 2
1581947490 2
1581947491 1
1581947492 2
1581947493 2
1581947494 2
1581947495 2
1581947496 3
1581947497 2
1581947498 2
1581947499 2
1581947500 2
1581947501 2
1581947502 2
1581947503 2
1581947504 2
1581947505 2
1581947506 2
1581947507 2
1581947508 2
1581947509 2
1581947510 2
1581947511 2
1581947512 2
1581947513 2
1581947514 2
1581947515 2
1581947516 2
1581947517 2
1581947518 2
1581947519 2
1581947520 2
1581947521 2
1581947522 2
1581947523 2
1581947524 2
1581947525 2
1581947526 2
1581947527 2
1581947528 2
1581947529 2
1581947530 2
1581947531 2
1581947532 2
1581947533 2
1581947534 2
1581947535 2
1581947536 2
1581947537 2
1581947538 3
1581947539 2
1581947540 2
1581947541 2
1581947542 2
1581947543 2
1581947544 2
1581947545 2
1581947546 3
1581947547 2
1581947548 2
1581947549 2
1581947550 2
1581947551 2
1581947552 2
1581947553 2
1581947554 2
1581947555 2
1581947556 2
1581947557 2
1581947558 2
1581947559 3
1581947560 4
1581947561 4
1581947562 4
1581947563 3
1581947564 2
1581947565 2
1581947566 2
1581947567 2
1581947568 2
1581947569 2
1581947570 2
1581947571 2
1581947572 3
1581947573 3
1581947574 3
1581947575 4
1581947576 2
1581947577 2
1581947578 2
1581947579 2
1581947580 2
1581947581 3
1581947582 3
1581947583 3
1581947584 3
1581947585 4
1581947586 3
1581947587 3
1581947588 3
1581947589 3
1581947590 3
1581947591 5
1581947592 7
1581947593 3
1581947594 4
1581947595 4
1581947596 4
1581947597 5
1581947598 5
1581947599 4
1581947600 3
1581947601 2
1581947602 2
1581947603 2
1581947604 2
1581947605 3
1581947606 4
1581947607 4
1581947608 4
1581947609 3
1581947610 2
1581947611 1
1581947612 2
1581947613 2
1581947614 2
1581947615 2
1581947616 2
1581947617 3
1581947618 2
1581947619 2
1581947620 2
1581947621 3
1581947622 2
1581947623 2
1581947624 2
1581947625 2
1581947626 2
1581947627 2
1581947628 4
1581947629 5
1581947630 3
1581947631 3
1581947632 4
1581947633 3
1581947634 3
1581947852 5
1581947853 4
1581947854 4
1581947855 4
1581947856 4
1581947857 4
1581947858 4
1581947859 3
1581947860 2
1581947861 2
1581947862 2
1581947863 2
1581947864 2
1581947865 2
1581947866 2
1581947867 2
1581947868 3
1581947869 3
1581947870 2
1581947871 2
1581947872 2
1581947873 2
1581947874 1
1581947875 2
1581947876 3
1581947877 3
1581947878 3
1581947879 3
1581947880 3
1581947881 2
1581947882 3
1581947883 2
1581947884 2
1581947885 4
1581947886 4
1581947887 5
1581947888 5
1581947889 4
1581947890 4
1581947891 5
1581947892 4
1581947893 5
1581947894 5
1581947895 5
1581947896 6
1581947897 4
1581947898 4
1581947899 4
1581947900 3
1581947901 3
1581947902 3
1581947903 3
1581947904 3
1581947905 3
1581947906 2
1581947907 2
1581947908 2
1581947909 2
1581947910 2
1581947911 3
1581947912 3
1581947913 3
1581947914 3
1581947915 3
1581947916 2
1581947917 2
1581947918 2
1581947919 2
1581947920 2
1581947921 2
1581947922 2
1581947923 3
1581947924 2
1581947925 4
1581947926 4
1581947927 4
1581947928 3
1581947929 2
1581947930 2
1581947931 2
1581947932 2
1581947933 2
1581947934 2
1581947935 2
1581947936 2
1581947937 2
1581947938 3
1581947939 2
1581947940 2
1581947941 2
1581947942 2
1581947943 2
1581947944 2
1581947945 2
1581947946 2
1581947947 2
1581947948 2
1581947949 2
1581947950 2
1581947951 3
1581947952 2
1581947953 4
1581947954 4
1581947955 4
1581947956 3
1581947957 3
1581947958 2
1581947959 2
1581947960 2
1581947961 2
1581947962 2
1581947963 2
1581947964 2
1581947965 2
1581947966 2
1581947967 2
1581947968 2
1581947969 3
1581947970 2
1581947971 2
1581947972 2
1581947973 2
1581947974 3
1581947975 2
1581947976 2
1581947977 2
1581947978 2
1581947979 2
1581947980 2
1581947981 2
1581947982 2
1581947983 2
1581947984 2
1581947985 4
1581947986 4
1581947987 4
1581947988 3
1581947989 2
1581947990 2
1581947991 2
1581947992 2
1581947993 2
1581947994 3
1581947995 3
1581947996 2
1581947997 3
1581947998 2
1581947999 2
1581948000 3
1581948001 2
1581948002 2
1581948003 2
1581948004 2
1581948005 2
1581948006 3
1581948007 3
1581948008 3
1581948009 3
1581948010 4
1581948011 3
1581948012 3
1581948013 4
1581948014 4
1581948015 4
1581948016 3
1581948017 3
1581948018 2
1581948019 2
1581948020 2
1581948021 2
1581948022 2
1581948023 2
1581948024 2
1581948025 2
1581948026 2
1581948027 2
1581948028 2
1581948029 2
1581948030 2
1581948031 2
1581948032 2
1581948033 2
1581948034 4
1581948035 4
1581948036 4
1581948037 4
1581948038 5
1581948039 5
1581948040 5
1581948041 5
1581948042 5
1581948043 5
1581948044 5
1581948045 4
1581948046 4
1581948047 3
1581948048 3
1581948049 2
1581948050 2
1581948051 2
1581948052 2
1581948053 2
1581948054 2
1581948055 2
1581948056 2
1581948057 2
1581948058 2
1581948059 2
1581948060 2
1581948061 2
1581948062 2
1581948063 2
1581948064 3
1581948065 3
1581948066 5
1581948067 4
1581948068 4
1581948069 4
1581948070 4
1581948071 3
1581948072 4
1581948073 3
1581948074 3
1581948075 3
1581948076 2
1581948077 2
1581948078 2
1581948079 2
1581948080 2
1581948081 3
1581948082 3
1581948083 3
1581948084 3
1581948085 3
1581948086 3
1581948087 2
1581948088 2
1581948089 2
1581948090 2
1581948091 2
1581948092 2
1581948093 2
1581948094 5
1581948095 4
1581948096 4
1581948097 3
1581948098 2
1581948099 2
1581948100 2
1581948101 2
1581948102 2
1581948103 2
1581948104 2
1581948105 2
1581948106 2
1581948107 4
1581948108 2
1581948109 2
1581948110 2
1581948111 2
1581948112 2
1581948113 2
1581948114 2
1581948115 2
1581948116 2
1581948117 2
1581948118 2
1581948119 2
1581948120 2
1581948121 2
1581948122 2
1581948123 2
1581948124 4
1581948125 4
1581948126 4
1581948127 4
1581948128 3
1581948129 2
1581948130 2
1581948131 2
1581948132 2
1581948133 2
1581948134 2
1581948135 2
1581948136 2
1581948137 2
1581948138 3
1581948139 2
1581948140 2
1581948141 2
1581948142 3
1581948143 3
1581948144 2
1581948145 2
1581948146 2
1581948147 2
1581948148 2
1581948149 2
1581948150 2
1581948151 2
1581948152 3
1581948153 4
1581948154 4
1581948155 4
1581948156 2
1581948157 2
1581948158 2
1581948159 2
1581948160 2
1581948161 2
1581948162 2
1581948163 3
1581948164 2
1581948165 3
1581948166 2
1581948167 2
1581948168 3
1581948169 2
1581948170 2
1581948171 2
1581948172 2
1581948173 2
1581948174 2
1581948175 3
1581948176 3
1581948177 3
1581948178 4
1581948179 3
1581948180 3
1581948181 4
1581948182 4
1581948183 4
1581948184 6
1581948185 5
1581948186 4
1581948187 3
1581948188 4
1581948189 4
1581948190 5
1581948191 4
1581948192 4
1581948193 3
1581948194 2
1581948195 1
1581948196 2
1581948197 2
1581948198 2
1581948199 3
1581948200 3
1581948201 3
1581948202 3
1581948203 1
1581948204 2
1581948205 2
1581948206 2
1581948207 2
1581948208 2
1581948209 3
1581948210 2
1581948211 2
1581948212 2
1581948213 2
1581948214 2
1581948215 2
1581948216 2
1581948217 2
1581948218 2
1581948219 2
1581948220 4
1581948221 4
1581948222 5
1581948223 5
1581948224 5
1581948225 3
1581948226 3
1581948937 4
1581948938 4
1581948939 4
1581948940 5
1581948941 5
1581948942 4
1581948943 4
1581948944 4
1581948945 3
1581948946 2
1581948947 2
1581948948 2
1581948949 2
1581948950 2
1581948951 2
1581948952 3
1581948953 2
1581948954 2
1581948955 2
1581948956 2
1581948957 3
1581948958 3
1581948959 2
1581948960 2
1581948961 2
1581948962 2
1581948963 1
1581948964 2
1581948965 3
1581948966 3
1581948967 3
1581948968 2
1581948969 3
1581948970 3
1581948971 3
1581948972 2
1581948973 2
1581948974 2
1581948975 4
1581948976 4
1581948977 5
1581948978 5
1581948979 5
1581948980 4
1581948981 4
1581948982 4
1581948983 5
1581948984 4
1581948985 5
1581948986 4
1581948987 3
1581948988 3
1581948989 3
1581948990 3
1581948991 3
1581948992 3
1581948993 3
1581948994 3
1581948995 3
1581948996 3
1581948997 2
1581948998 2
1581948999 2
1581949000 2
1581949001 3
1581949002 3
1581949003 3
1581949004 2
1581949005 3
1581949006 2
1581949007 2
1581949008 2
1581949009 2
1581949010 2
1581949011 2
1581949012 2
1581949013 2
1581949014 2
1581949015 4
1581949016 2
1581949017 4
1581949018 4
1581949019 4
1581949020 3
1581949021 3
1581949022 2
1581949023 2
1581949024 2
1581949025 2
1581949026 2
1581949027 2
1581949028 2
1581949029 2
1581949030 2
1581949031 3
1581949032 2
1581949033 1
1581949034 2
1581949035 2
1581949036 2
1581949037 2
1581949038 2
1581949039 3
1581949040 2
1581949041 2
1581949042 2
1581949043 2
1581949044 2
1581949045 2
1581949046 3
1581949047 2
1581949048 5
1581949049 4
1581949050 4
1581949051 4
1581949052 3
1581949053 3
1581949054 2
1581949055 2
1581949056 2
1581949057 2
1581949058 2
1581949059 2
1581949060 2
1581949061 2
1581949062 2
1581949063 2
1581949064 2
1581949065 3
1581949066 2
1581949067 2
1581949068 2
1581949069 2
1581949070 2
1581949071 2
1581949072 2
1581949073 2
1581949074 2
1581949075 2
1581949076 2
1581949077 3
1581949078 3
1581949079 4
1581949080 3
1581949081 3
1581949082 4
1581949083 4
1581949084 4
1581949085 3
1581949086 3
1581949087 2
1581949088 2
1581949089 2
1581949090 2
1581949091 2
1581949092 3
1581949093 3
1581949094 3
1581949095 3
1581949096 2
1581949097 2
1581949098 3
1581949099 2
1581949100 2
1581949101 2
1581949102 3
1581949103 2
1581949104 2
1581949105 3
1581949106 3
1581949107 3
1581949108 3
1581949109 4
1581949110 4
1581949111 3
1581949112 4
1581949113 4
1581949114 4
1581949115 3
1581949116 3
1581949117 2
1581949118 2
1581949119 2
1581949120 2
1581949121 2
1581949122 2
1581949123 2
1581949124 2
1581949125 2
1581949126 2
1581949127 2
1581949128 2
1581949129 2
1581949130 2
1581949131 2
1581949132 2
1581949133 2
1581949134 4
1581949135 5
1581949136 4
1581949137 4
1581949138 5
1581949139 5
1581949140 5
1581949141 5
1581949142 4
1581949143 4
1581949144 4
1581949145 4
1581949146 4
1581949147 4
1581949148 4
1581949149 3
1581949150 3
1581949151 2
1581949152 2
1581949153 2
1581949154 2
1581949155 2
1581949156 2
1581949157 2
1581949158 2
1581949159 2
1581949160 2
1581949161 2
1581949162 2
1581949163 2
1581949164 2
1581949165 2
1581949166 3
1581949167 5
1581949168 5
1581949169 4
1581949170 4
1581949171 4
1581949172 4
1581949173 3
1581949174 4
1581949175 3
1581949176 3
1581949177 3
1581949178 3
1581949179 2
1581949180 2
1581949181 2
1581949182 2
1581949183 3
1581949184 3
1581949185 3
1581949186 3
1581949187 3
1581949188 3
1581949189 2
1581949190 2
1581949191 2
1581949192 2
1581949193 3
1581949194 2
1581949195 2
1581949196 2
1581949197 3
1581949198 4
1581949199 4
1581949200 4
1581949201 2
1581949202 2
1581949203 2
1581949204 2
1581949205 2
1581949206 2
1581949207 2
1581949208 2
1581949209 2
1581949210 2
1581949211 2
1581949212 4
1581949213 2
1581949214 2
1581949215 2
1581949216 2
1581949217 2
1581949218 2
1581949219 2
1581949220 2
1581949221 2
1581949222 2
1581949223 2
1581949224 2
1581949225 2
1581949226 2
1581949227 2
1581949228 2
1581949229 2
1581949230 3
1581949231 4
1581949232 4
1581949233 4
1581949234 4
1581949235 3
1581949236 2
1581949237 2
1581949238 3
1581949239 3
1581949240 3
1581949241 3
1581949242 3
1581949243 3
1581949244 3
1581949245 2
1581949246 3
1581949247 2
1581949248 3
1581949249 2
1581949250 2
1581949251 3
1581949252 3
1581949253 2
1581949254 2
1581949255 2
1581949256 2
1581949257 2
1581949258 2
1581949259 2
1581949260 2
1581949261 2
1581949262 3
1581949263 4
1581949264 4
1581949265 4
1581949266 3
1581949267 2
1581949268 2
1581949269 2
1581949270 2
1581949271 2
1581949272 2
1581949273 3
1581949274 2
1581949275 4
1581949276 3
1581949277 3
1581949278 2
1581949279 2
1581949280 3
1581949281 3
1581949282 2
1581949283 2
1581949284 2
1581949285 2
1581949286 2
1581949287 2
1581949288 3
1581949289 3
1581949290 3
1581949291 3
1581949292 3
1581949293 4
1581949294 3
1581949295 3
1581949296 4
1581949297 3
1581949298 4
1581949299 5
1581949300 5
1581949301 3
1581949302 3
1581949303 4
1581949304 4
1581949305 5
1581949306 4
1581949307 4
1581949308 2
1581949309 2
1581949310 2
1581949311 1
1581949312 2
1581949313 2
1581949314 3
1581949315 2
1581949316 3
1581949317 3
1581949318 3
1581949319 2
1581949320 1
1581949321 2
1581949322 2
1581949323 2
1581949324 2
1581949325 2
1581949326 3
1581949327 3
1581949328 2
1581949329 2
1581949330 2
1581949331 2
1581949332 2
1581949333 2
1581949334 2
1581949335 2
1581949336 2
1581949337 2
1581949338 2
1581949339 3
1581949340 3
1581949341 3
1581949342 4
1581949343 4
1581949344 4
1581949345 3
1581949346 5
