1571754378 15.000269105
1571754769 14.907453724
1571755170 15.137454826
1571755572 14.830653071
1571755992 15.178924905
1571756802 14.983503894
1571757239 14.968081698
1571757656 14.978929689
1571758054 15.247239613
1571758445 15.001484358
1571758839 18.306563865
1571762449 14.902045883
1571762848 14.835410976
1571763238 14.795578618
1571763629 14.913164124
1571764022 14.887879069
1571764447 14.917946254
1571764839 15.090931587
1571765228 15.202088345
1571765619 15.138274165
1571766009 14.964431805
1571766977 14.907784569
