1571323327 1
1571323328 1
1571323329 1
1571323330 1
1571323331 1
1571323332 2
1571323333 3
1571323334 2
1571323335 3
1571323721 1
1571323722 1
1571323723 1
1571323724 1
1571323725 2
1571323726 3
1571323727 2
1571324123 3
1571324124 3
1571324125 2
1571324126 2
1571324127 2
1571324128 2
1571324129 3
1571324130 3
1571324523 2
1571324524 1
1571324525 1
1571324526 2
1571324527 2
1571324528 3
1571324529 3
1571324530 2
1571327454 1
1571327455 1
1571327456 1
1571327457 2
1571327458 2
1571327459 3
1571327460 3
1571327844 1
1571327845 1
1571327846 1
1571327847 1
1571327848 2
1571327849 2
1571327850 3
1571327851 3
1571328234 1
1571328235 1
1571328236 1
1571328237 1
1571328238 2
1571328239 3
1571328240 3
1571328241 3
1571328625 1
1571328626 1
1571328627 1
1571328628 1
1571328629 1
1571328630 2
1571328631 3
1571328632 2
1571329017 1
1571329018 1
1571329019 1
1571329020 2
1571329021 2
1571329022 3
1571329023 2
1571329024 3
1571329407 1
1571329408 1
1571329409 1
1571329410 1
1571329411 3
1571329412 2
1571329413 3
1571329414 3
1571330001 1
1571330002 1
1571330003 1
1571330004 1
1571330005 2
1571330006 3
1571330007 3
1571330008 2
