1582631352 2
1582631353 2
1582631354 2
1582631355 2
1582631356 2
1582631357 2
1582631358 2
1582631359 2
1582631360 2
1582631361 2
1582631362 2
1582631512 2
1582631513 2
1582631514 2
1582631515 2
1582631516 2
1582631517 2
1582631518 2
1582631519 2
1582631520 2
1582631521 2
1582631522 2
1582631668 2
1582631669 2
1582631670 2
1582631671 2
1582631672 2
1582631673 2
1582631674 2
1582631675 2
1582631676 2
1582631677 2
1582631678 2
1582631826 2
1582631827 2
1582631828 2
1582631829 2
1582631830 2
1582631831 2
1582631832 2
1582631833 2
1582631834 2
1582631835 2
1582631836 2
1582631982 2
1582631983 2
1582631984 2
1582631985 2
1582631986 2
1582631987 2
1582631988 2
1582631989 2
1582631990 2
1582631991 2
1582631992 2
1582632139 2
1582632140 2
1582632141 2
1582632142 2
1582632143 2
1582632144 2
1582632145 2
1582632146 2
1582632147 2
1582632148 2
1582632149 2
1582632150 2
1582632298 2
1582632299 2
1582632300 2
1582632301 2
1582632302 2
1582632303 2
1582632304 2
1582632305 2
1582632306 2
1582632307 2
1582632308 2
1582632309 2
1582632310 2
1582632311 2
1582632462 2
1582632463 2
1582632464 2
1582632465 2
1582632466 2
1582632467 2
1582632468 2
1582632469 2
1582632470 2
1582632471 2
1582632472 2
1582632619 2
1582632620 2
1582632621 2
1582632622 2
1582632623 2
1582632624 2
1582632625 2
1582632626 2
1582632627 2
1582632628 2
1582632629 2
1582632783 2
1582632784 2
1582632785 2
1582632786 2
1582632787 2
1582632788 2
1582632789 2
1582632790 2
1582632791 2
1582632792 2
1582632793 2
1582634878 2
1582634879 2
1582634880 2
1582634881 2
1582634882 2
1582634883 2
1582634884 2
1582634885 2
1582634886 2
1582634887 2
1582634888 2
1582635161 2
1582635162 2
1582635163 2
1582635164 2
1582635165 2
1582635166 2
1582635167 2
1582635168 2
1582635169 2
1582635170 2
1582635171 2
1582635444 2
1582635445 2
1582635446 2
1582635447 2
1582635448 2
1582635449 2
1582635450 2
1582635451 2
1582635452 2
1582635453 2
1582635454 2
1582635728 2
1582635729 2
1582635730 2
1582635731 2
1582635732 2
1582635733 2
1582635734 2
1582635735 2
1582635736 2
1582635737 2
1582635738 2
1582635739 2
1582636013 2
1582636014 2
1582636015 2
1582636016 2
1582636017 2
1582636018 2
1582636019 2
1582636020 2
1582636021 2
1582636022 2
1582636023 2
1582636024 2
1582636300 2
1582636301 2
1582636302 2
1582636303 2
1582636304 2
1582636305 2
1582636306 2
1582636307 2
1582636308 2
1582636309 2
1582636310 2
1582636311 2
1582636591 2
1582636592 1
1582636593 1
1582636594 1
1582636595 1
1582636596 1
1582636597 1
1582636598 1
1582636599 2
1582636600 1
1582636601 2
1582636602 2
1582636883 2
1582636884 2
1582636885 2
1582636886 2
1582636887 2
1582636888 2
1582636889 2
1582636890 2
1582636891 2
1582636892 2
1582636893 2
1582637183 2
1582637184 2
1582637185 2
1582637186 2
1582637187 2
1582637188 2
1582637189 2
1582637190 2
1582637191 2
1582637192 2
1582637193 2
1582637479 2
1582637480 2
1582637481 2
1582637482 2
1582637483 2
1582637484 2
1582637485 2
1582637486 2
1582637487 2
1582637488 2
1582637489 2
1582637775 2
1582637776 2
1582637777 2
1582637778 2
1582637779 2
1582637780 2
1582637781 2
1582637782 2
1582637783 2
1582637784 2
1582637785 2
1582638334 2
1582638335 2
1582638336 2
1582638337 2
1582638338 2
1582638339 2
1582638340 2
1582638341 2
1582638342 2
1582638343 2
1582638344 2
1582638912 2
1582638913 2
1582638914 2
1582638915 2
1582638916 2
1582638917 2
1582638918 2
1582638919 2
1582638920 2
1582638921 2
1582640590 2
1582640591 2
1582640592 2
1582640593 2
1582640594 2
1582640595 2
1582640596 2
1582640597 2
1582640598 2
1582640599 2
1582640600 2
1582641148 2
1582641149 2
1582641150 2
1582641151 2
1582641152 2
1582641153 2
1582641154 2
1582641155 2
1582641156 2
1582641157 2
1582641158 2
1582641710 2
1582641711 2
1582641712 2
1582641713 2
1582641714 2
1582641715 2
1582641716 2
1582641717 2
1582641718 2
1582641719 2
1582641720 2
1582642284 2
1582642285 2
1582642286 2
1582642287 2
1582642288 2
1582642289 2
1582642290 2
1582642291 2
1582642292 2
1582642293 2
1582642294 2
1582642860 2
1582642861 2
1582642862 2
1582642863 2
1582642864 2
1582642865 2
1582642866 2
1582642867 2
1582642868 2
1582642869 2
1582642870 2
1582643462 2
1582643463 2
1582643464 2
1582643465 2
1582643466 2
1582643467 2
1582643468 2
1582643469 2
1582643470 2
1582643471 2
1582643472 2
1582644020 2
1582644021 2
1582644022 2
1582644023 2
1582644024 2
1582644025 2
1582644026 2
1582644027 2
1582644028 2
1582644029 2
1582644030 2
