1579184003 2
1579184004 2
1579184005 2
1579184006 2
1579184007 2
1579184008 2
1579184009 2
1579184010 2
1579184011 2
1579184012 2
1579184013 2
1579184718 2
1579184719 2
1579184720 2
1579184721 2
1579184722 2
1579184723 2
1579184724 2
1579184725 2
1579184726 2
1579184727 2
1579184728 2
1579184879 2
1579184880 2
1579184881 2
1579184882 2
1579184883 2
1579184884 2
1579184885 2
1579184886 2
1579184887 2
1579184888 2
1579184889 2
1579184890 2
1579185041 2
1579185042 2
1579185043 2
1579185044 2
1579185045 2
1579185046 2
1579185047 2
1579185048 2
1579185049 2
1579185050 2
1579185051 2
1579185217 2
1579185218 2
1579185219 2
1579185220 2
1579185221 2
1579185222 2
1579185223 2
1579185224 2
1579185225 2
1579185226 2
1579185227 2
1579185392 2
1579185393 2
1579185394 2
1579185395 2
1579185396 2
1579185397 2
1579185398 2
1579185399 2
1579185400 2
1579185401 2
1579185402 2
1579185575 2
1579185576 2
1579185577 2
1579185578 2
1579185579 2
1579185580 2
1579185581 2
1579185582 2
1579185583 2
1579185584 2
1579185585 2
1579185748 2
1579185749 2
1579185750 2
1579185751 2
1579185752 2
1579185753 2
1579185754 2
1579185755 2
1579185756 2
1579185757 2
1579185758 2
1579185759 2
1579185927 2
1579185928 2
1579185929 2
1579185930 2
1579185931 2
1579185932 2
1579185933 2
1579185934 2
1579185935 2
1579185936 2
1579185937 2
1579185938 2
1579185939 2
1579185940 2
1579185941 2
1579185942 2
1579185943 2
1579185944 2
1579185945 2
1579185946 2
1579185947 2
1579185948 2
1579185949 2
1579185950 2
1579185951 2
1579185952 2
1579185953 2
1579186115 2
1579186116 2
1579186117 2
1579186118 2
1579186119 2
1579186120 2
1579186121 2
1579186122 2
1579186123 2
1579186124 2
1579186125 2
1579186313 2
1579186314 2
1579186315 2
1579186316 2
1579186317 2
1579186318 2
1579186319 2
1579186320 2
1579186321 2
1579186322 2
1579186323 2
1579186324 2
1579186626 2
1579186627 2
1579186628 2
1579186629 2
1579186630 2
1579186631 2
1579186632 2
1579186633 2
1579186634 2
1579186635 2
1579186636 2
1579186637 2
1579187674 2
1579187675 2
1579187676 2
1579187677 2
1579187678 2
1579187679 2
1579187680 2
1579187681 2
1579187682 2
1579187683 2
1579187684 2
1579187685 2
1579187983 2
1579187984 2
1579187985 2
1579187986 2
1579187987 2
1579187988 2
1579187989 2
1579187990 2
1579187991 2
1579187992 2
1579187993 2
1579187994 2
1579187995 2
1579187996 2
1579187997 2
1579187998 2
1579187999 2
1579188000 2
1579188001 2
1579188002 2
1579188003 2
1579188004 2
1579188005 2
1579188006 2
1579188007 2
1579188008 2
1579188009 2
1579188010 2
1579188011 2
1579188315 2
1579188316 2
1579188317 2
1579188318 2
1579188319 2
1579188320 2
1579188321 2
1579188322 2
1579188323 2
1579188324 2
1579188325 2
1579188452 2
1579188453 2
1579188454 2
1579188455 2
1579188456 2
1579188457 2
1579188458 2
1579188459 2
1579188460 2
1579188461 2
1579188462 2
1579188971 2
1579188972 2
1579188973 2
1579188974 2
1579188975 2
1579188976 2
1579188977 2
1579188978 2
1579188979 2
1579188980 2
1579188981 2
1579188982 2
1579188983 2
1579188984 2
1579188985 2
1579188986 2
1579188987 2
1579188988 2
1579188989 2
1579188990 2
1579188991 2
1579188992 2
1579188993 2
1579189296 2
1579189297 2
1579189298 2
1579189299 2
1579189300 2
1579189301 2
1579189302 2
1579189303 2
1579189304 2
1579189305 2
1579189306 2
1579189645 2
1579189646 2
1579189647 2
1579189648 2
1579189649 2
1579189650 2
1579189651 2
1579189652 2
1579189653 2
1579189654 2
1579189655 2
1579189981 2
1579189982 2
1579189983 2
1579189984 2
1579189985 2
1579189986 2
1579189987 2
1579189988 2
1579189989 2
1579189990 2
1579189991 2
1579190299 2
1579190300 2
1579190301 2
1579190302 2
1579190303 2
1579190304 2
1579190305 2
1579190306 2
1579190307 2
1579190308 2
1579190309 2
1579190310 2
1579190311 2
1579190312 2
1579190313 2
1579190314 2
1579190315 2
1579190316 2
1579190317 2
1579190318 2
1579190319 2
1579190320 2
1579190321 2
1579190322 2
1579190323 2
1579190324 2
1579190325 2
1579190326 2
1579190841 2
1579190842 2
1579190843 2
1579190844 2
1579190845 2
1579190846 2
1579190847 2
1579190848 2
1579190849 2
1579190850 2
1579190851 2
1579191457 2
1579191458 2
1579191459 2
1579191460 2
1579191461 2
1579191462 2
1579191463 2
1579191464 2
1579191465 2
1579191466 2
1579191467 2
1579192022 2
1579192023 2
1579192024 2
1579192025 2
1579192026 2
1579192027 2
1579192028 2
1579192029 2
1579192030 2
1579192031 2
1579192032 2
1579192587 2
1579192588 2
1579192589 2
1579192590 2
1579192591 1
1579192592 1
1579192593 1
1579192594 1
1579192595 1
1579192596 1
1579192597 1
1579192598 1
1579192599 1
1579192600 1
1579192601 1
1579192602 1
1579192603 1
1579192604 1
1579192605 1
1579192606 1
1579192607 1
1579192608 1
1579192609 1
1579192610 1
1579193168 2
1579193169 2
1579193170 2
1579193171 2
1579193172 2
1579193173 2
1579193174 2
1579193175 2
1579193176 2
1579193177 2
1579193178 2
1579193756 2
1579193757 2
1579193758 2
1579193759 2
1579193760 2
1579193761 2
1579193762 2
1579193763 2
1579193764 2
1579193765 2
1579193766 2
1579193767 2
1579194322 2
1579194323 2
1579194324 2
1579194325 2
1579194326 2
1579194327 2
1579194328 2
1579194329 2
1579194330 2
1579194331 2
1579194332 2
1579194333 2
1579194892 2
1579194893 2
1579194894 2
1579194895 2
1579194896 2
1579194897 2
1579194898 2
1579194899 2
1579194900 2
1579194901 2
1579194902 2
1579195456 2
1579195457 2
1579195458 2
1579195459 2
1579195460 2
1579195461 2
1579195462 2
1579195463 2
1579195464 2
1579195465 2
1579195466 2
1579196046 2
1579196047 2
1579196048 2
1579196049 2
1579196050 2
1579196051 2
1579196052 2
1579196053 2
1579196054 2
1579196055 2
1579196056 2
