1575112793 2
1575112794 2
1575112795 2
1575112796 2
1575112797 2
1575112798 2
1575112799 2
1575112800 2
1575112801 2
1575112802 2
1575112803 2
1575112954 2
1575112955 2
1575112956 2
1575112957 2
1575112958 2
1575112959 2
1575112960 2
1575112961 2
1575112962 2
1575112963 2
1575112964 2
1575113116 2
1575113117 2
1575113118 2
1575113119 2
1575113120 2
1575113121 2
1575113122 2
1575113123 2
1575113124 2
1575113125 2
1575113126 2
1575113276 2
1575113277 2
1575113278 2
1575113279 2
1575113280 2
1575113281 2
1575113282 2
1575113283 2
1575113284 2
1575113285 2
1575113286 2
1575113434 2
1575113435 2
1575113436 2
1575113437 2
1575113438 2
1575113439 2
1575113440 2
1575113441 2
1575113442 2
1575113443 2
1575113444 2
1575113445 2
1575113594 2
1575113595 2
1575113596 2
1575113597 2
1575113598 2
1575113599 2
1575113600 2
1575113601 2
1575113602 2
1575113603 2
1575113604 2
1575113751 2
1575113752 2
1575113753 2
1575113754 2
1575113755 2
1575113756 2
1575113757 2
1575113758 2
1575113759 2
1575113760 2
1575113761 2
1575113762 2
1575113909 2
1575113910 2
1575113911 2
1575113912 2
1575113913 2
1575113914 2
1575113915 2
1575113916 2
1575113917 2
1575113918 2
1575113919 2
1575114066 2
1575114067 2
1575114068 2
1575114069 2
1575114070 2
1575114071 2
1575114072 2
1575114073 2
1575114074 2
1575114075 2
1575114076 2
1575114077 2
1575114234 2
1575114235 2
1575114236 2
1575114237 2
1575114238 2
1575114239 2
1575114240 2
1575114241 2
1575114242 2
1575114243 2
1575114244 2
1575114403 2
1575114404 2
1575114405 2
1575114406 2
1575114407 2
1575114408 2
1575114409 2
1575114410 2
1575114411 2
1575114412 2
1575114413 2
1575114707 2
1575114708 2
1575114709 2
1575114710 2
1575114711 2
1575114712 2
1575114713 2
1575114714 2
1575114715 2
1575114716 2
1575114717 2
1575115017 2
1575115018 2
1575115019 2
1575115020 2
1575115021 2
1575115022 2
1575115023 2
1575115024 2
1575115025 2
1575115026 2
1575115027 2
1575115326 2
1575115327 2
1575115328 2
1575115329 2
1575115330 2
1575115331 2
1575115332 2
1575115333 2
1575115334 2
1575115335 2
1575115336 2
1575115337 2
1575115635 2
1575115636 2
1575115637 2
1575115638 2
1575115639 2
1575115640 2
1575115641 2
1575115642 2
1575115643 2
1575115644 2
1575115645 2
1575115950 2
1575115951 2
1575115952 2
1575115953 2
1575115954 2
1575115955 2
1575115956 2
1575115957 2
1575115958 2
1575115959 2
1575115960 2
1575116261 2
1575116262 2
1575116263 2
1575116264 2
1575116265 2
1575116266 2
1575116267 2
1575116268 2
1575116269 2
1575116270 2
1575116271 2
1575116573 2
1575116574 2
1575116575 2
1575116576 2
1575116577 2
1575116578 2
1575116579 2
1575116580 2
1575116581 2
1575116582 2
1575116583 2
1575116880 2
1575116881 2
1575116882 2
1575116883 2
1575116884 2
1575116885 2
1575116886 2
1575116887 2
1575116888 2
1575116889 2
1575116890 2
1575117188 2
1575117189 2
1575117190 2
1575117191 2
1575117192 2
1575117193 2
1575117194 2
1575117195 2
1575117196 2
1575117197 2
1575117198 2
1575120210 2
1575120211 2
1575120212 2
1575120213 2
1575120214 2
1575120215 2
1575120216 2
1575120217 2
1575120218 2
1575120219 2
1575120220 2
1575120772 2
1575120773 2
1575120774 2
1575120775 2
1575120776 2
1575120777 2
1575120778 2
1575120779 2
1575120780 2
1575120781 2
1575120782 2
1575120783 2
1575121331 2
1575121332 2
1575121333 2
1575121334 2
1575121335 2
1575121336 2
1575121337 2
1575121338 2
1575121339 2
1575121340 2
1575121341 2
1575121342 2
1575122394 2
1575122395 2
1575122396 2
1575122397 2
1575122398 2
1575122399 2
1575122400 2
1575122401 2
1575122402 2
1575122403 2
1575122404 2
1575122953 2
1575122954 2
1575122955 2
1575122956 2
1575122957 2
1575122958 2
1575122959 2
1575122960 2
1575122961 2
1575122962 2
1575122963 2
1575123509 2
1575123510 2
1575123511 2
1575123512 2
1575123513 2
1575123514 2
1575123515 2
1575123516 2
1575123517 2
1575123518 2
1575123519 2
1575124069 2
1575124070 2
1575124071 2
1575124072 2
1575124073 2
1575124074 2
1575124075 2
1575124076 2
1575124077 2
1575124078 2
1575124079 2
1575124623 2
1575124624 2
1575124625 2
1575124626 2
1575124627 2
1575124628 2
1575124629 2
1575124630 2
1575124631 2
1575124632 2
1575124633 2
1575125189 2
1575125190 2
1575125191 2
1575125192 2
1575125193 2
1575125194 2
1575125195 2
1575125196 2
1575125197 2
1575125198 2
1575125199 2
1575125758 2
1575125759 2
1575125760 2
1575125761 2
1575125762 2
1575125763 2
1575125764 2
1575125765 2
1575125766 2
1575125767 2
1575125768 2
1575125769 2
