1574710806 0 
1574710807 0 
1574710808 0 
1569854455 0 
1569854456 0 
1569854457 0 
1569854458 0 
1569855865 0 
1569855866 0 
1569855867 0 
1571330153 0 
1571330154 0 
1571330155 0 
1571766509 0 
1571766510 0 
1571766511 0 
1571767291 0 
1571767292 0 
1571767293 0 
1571767294 0 
1572537414 0 
1572537415 0 
1572538071 0 
1572538072 0 
1572538073 0 
1572538731 0 
1572538732 0 
1572538733 0 
1572539384 0 
1572539385 0 
1572539386 0 
1572540030 0 
1572540031 0 
1572540032 0 
1572540936 0 
1572540937 0 
1572540938 0 
1572541590 0 
1572541591 0 
1572541592 0 
1572542238 0 
1572542239 0 
1572542240 0 
1572542886 0 
1572542887 0 
1572543551 0 
1572543552 0 
1572543553 0 
1572871305 0 
1572871306 0 
1572871955 0 
1572871956 0 
1572872632 0 
1572872633 0 
1572872634 0 
1572873285 0 
1572873286 0 
1572873287 0 
1572873938 0 
1572873939 0 
1572873940 0 
1572875000 0 
1572875001 1 
1572875861 0 
1572875862 0 
1572875863 0 
1572877087 0 
1572877088 0 
1572877736 0 
1572877737 0 
1572877738 0 
1572878964 0 
1572878965 0 
1572878966 0 
1572967371 0 
1572967372 1 
1572967373 0 
1572968028 0 
1572968029 0 
1572968030 0 
1572969331 0 
1572969332 0 
1572969991 0 
1572969992 0 
1572969993 0 
1572970641 0 
1572970642 0 
1572970643 0 
1572971293 0 
1572971294 0 
1572971295 0 
1572971954 0 
1572971955 0 
1572971956 0 
1572972614 0 
1572972615 0 
1572973327 0 
1572973328 0 
1572973329 0 
1572973980 1 
1572973981 1 
1572973982 1 
1572974631 0 
1572974632 0 
1572974633 0 
1573208913 0 
1573208914 0 
1573208915 0 
1573209568 0 
1573209569 0 
1573209570 0 
1573210243 0 
1573210244 0 
1573210245 0 
1573210913 0 
1573210914 0 
1573211569 0 
1573211570 0 
1573211571 0 
1573212218 0 
1573212219 0 
1573212220 0 
1573212870 0 
1573212871 0 
1573212872 0 
1573213521 0 
1573213522 0 
1573213523 0 
1573214192 0 
1573214193 0 
1573214194 0 
1573214847 0 
1573214848 0 
1573214849 0 
1573310371 0 
1573310372 0 
1573310992 0 
1573310993 0 
1573310994 0 
1573311608 0 
1573311609 0 
1573312312 0 
1573312313 0 
1573312314 0 
1573312921 0 
1573312922 0 
1573312923 0 
1573313549 0 
1573313550 0 
1573314181 0 
1573314182 0 
1573314183 0 
1573314796 0 
1573314797 0 
1574696405 0 
1574696406 0 
1574696985 0 
1574696986 0 
1574696987 0 
1574697576 0 
1574697577 0 
1574697578 0 
1574698150 0 
1574698151 0 
1574698152 0 
1574698736 0 
1574698737 0 
1574709520 0 
1574709521 0 
1574710806 0 
1574710807 0 
1574710808 0 
1574956159 0 
1574956160 0 
1574956819 0 
1574956820 0 
1574956821 0 
1574957422 0 
1574957423 0 
1574958000 0 
1574958001 0 
1574958592 0 
1574958593 0 
1574959181 0 
1574959182 0 
1574959784 0 
1574959785 0 
1574960362 0 
1574960363 0 
1574960364 0 
1574960974 0 
1574960975 0 
1574961610 0 
1574961611 0 
1574961612 0 
1575033083 0 
1575033084 0 
1575033651 0 
1575033652 0 
1575033653 0 
1575034242 0 
1575034243 0 
1575034809 0 
1575034810 0 
1575035380 0 
1575035381 0 
1575036402 0 
1575036403 0 
1575036404 0 
1575036979 0 
1575036980 0 
1575036981 0 
1575037538 0 
1575037539 0 
1575037540 0 
1575038541 0 
1575038542 0 
1575039110 0 
1575039111 0 
1575120373 0 
1575120374 0 
1575120375 0 
1575120936 0 
1575120937 0 
1575120938 0 
1575121497 0 
1575121498 0 
1575121499 0 
1575122560 0 
1575122561 0 
1575123117 0 
1575123118 0 
1575123677 0 
1575123678 0 
1575124232 0 
1575124233 0 
1575124800 0 
1575124801 0 
1575125357 0 
1575125358 0 
1575125926 0 
1575125927 0 
1575297673 0 
1575297674 0 
1575298252 0 
1575298253 0 
1575298820 0 
1575298821 0 
1575298822 0 
1575299398 0 
1575299399 1 
1575299970 0 
1575299971 0 
1575300590 0 
1575300591 0 
1575301161 0 
1575301162 0 
1575301971 0 
1575301972 0 
1575301973 0 
1575390158 0 
1575390159 0 
1575390160 0 
1575390725 0 
1575390726 0 
1575390727 0 
1575391294 0 
1575391295 0 
1575391859 0 
1575391860 0 
1575392667 0 
1575392668 0 
1575392669 0 
1575393304 0 
1575393305 0 
1575393864 0 
1575393865 0 
1575394430 0 
1575394431 0 
1575394432 0 
1575394993 0 
1575394994 0 
1575394995 0 
1575395556 0 
1575395557 0 
1575395558 0 
1575562392 0 
1575562393 0 
1575563089 0 
1575563090 0 
1575563091 0 
1575563737 0 
1575563738 0 
1575563739 0 
1575564333 0 
1575564334 0 
1575564335 0 
1575564917 0 
1575564918 0 
1575564919 0 
1575565483 0 
1575565484 0 
1575566051 0 
1575566052 0 
1575566053 0 
1575566637 0 
1575566638 0 
1575567957 0 
1575567958 0 
1575568562 0 
1575568563 0 
1575568564 0 
1579191010 0 
1579191011 0 
1579191012 0 
1579191624 0 
1579191625 0 
1579192189 0 
1579192190 0 
1579192770 0 
1579192771 0 
1579193333 0 
1579193334 0 
1579193925 0 
1579193926 0 
1579194492 0 
1579194493 0 
1579195058 0 
1579195059 0 
1579195060 0 
1579195649 0 
1579195650 0 
1579196212 0 
1579196213 0 
1579359418 0 
1579359419 0 
1579359992 0 
1579359993 0 
1579359994 0 
1579360555 0 
1579360556 0 
1579360557 0 
1579361112 0 
1579361113 0 
1579361668 0 
1579361669 0 
1579362222 0 
1579362223 0 
1579362777 0 
1579362778 0 
1579362779 0 
1579363343 0 
1579363344 0 
1579363910 0 
1579363911 0 
1579363912 0 
1579364469 0 
1579364470 0 
1579364471 0 