1571395000 3
1571395001 3
1571395002 3
1571395003 3
1571395004 3
1571395005 3
1571395006 3
1571395007 3
1571395008 3
1571395009 3
1571395010 3
1571395011 3
1571395012 3
1571395013 3
1571395014 3
1571395015 3
1571395016 3
1571395017 3
1571395018 3
1571395019 3
1571395020 3
1571395021 3
1571395022 3
1571395023 3
1571395024 3
1571395025 3
1571395026 3
1571395027 3
1571395028 3
1571395029 3
1571395030 3
1571395031 3
1571395032 3
1571395033 3
1571395034 3
1571395035 3
1571395036 3
1571395037 3
1571395038 3
1571395039 3
1571395040 3
1571395041 3
1571395042 3
1571395043 3
1571395044 3
1571395045 3
1571395046 3
1571395047 3
1571395048 3
1571395049 3
1571395050 3
1571395051 3
1571395052 3
1571395053 3
1571395054 3
1571395055 3
1571395056 3
1571395057 3
1571395058 3
1571395059 3
1571395060 3
1571395061 3
1571395062 3
1571395063 3
1571395064 3
1571395065 3
1571395066 3
1571395067 3
1571395068 3
1571395069 3
1571395070 3
1571395071 3
1571395072 3
1571395073 3
1571395074 3
1571395075 3
1571395076 3
1571395077 3
1571395078 3
1571395079 3
1571395080 3
1571395081 3
1571395082 3
1571395083 3
1571395084 3
1571395085 3
1571395086 3
1571395087 3
1571395088 3
1571395089 3
1571395090 3
1571395091 3
1571395092 3
1571395093 3
1571395094 3
1571395095 3
1571395096 3
1571395097 3
1571395098 3
1571395099 3
1571395100 3
1571395101 3
1571395102 3
1571395103 3
1571395104 3
1571395105 3
1571395106 3
1571395107 3
1571395108 3
1571395109 3
1571395110 3
1571395111 3
1571395112 3
1571395113 3
1571395114 3
1571395115 3
1571395116 3
1571395117 3
1571395118 3
1571395119 3
1571395120 3
1571395121 3
1571395122 3
1571395123 3
1571395124 3
1571395125 3
1571395126 3
1571395127 3
1571395128 3
1571395129 3
1571395130 3
1571395131 3
1571395132 3
1571395133 3
1571395134 3
1571395135 3
1571395136 3
1571395137 3
1571395138 3
1571395139 3
1571395485 3
1571395486 3
1571395487 3
1571395488 3
1571395489 3
1571395490 3
1571395491 3
1571395492 3
1571395493 3
1571395494 3
1571395495 3
1571395496 3
1571395497 3
1571395498 3
1571395499 3
1571395500 3
1571395501 3
1571395502 3
1571395503 3
1571395504 3
1571395505 3
1571395506 3
1571395507 3
1571395508 3
1571395509 3
1571395510 3
1571395511 3
1571395512 3
1571395513 3
1571395514 3
1571395515 3
1571395516 3
1571395517 3
1571395518 3
1571395519 3
1571395520 3
1571395521 3
1571395522 3
1571395523 3
1571395524 3
1571395525 3
1571395526 3
1571395527 3
1571395528 3
1571395529 3
1571395530 3
1571395531 3
1571395532 3
1571395533 3
1571395534 3
1571395535 3
1571395536 3
1571395537 3
1571395538 2
1571395539 2
1571395540 2
1571395541 2
1571395542 2
1571395543 2
1571395544 2
1571395545 2
1571395546 2
1571395547 2
1571395548 2
1571395549 2
1571395550 2
1571395551 2
1571395552 2
1571395553 2
1571395554 2
1571395555 2
1571395556 2
1571395557 2
1571395558 2
1571395559 2
1571395560 2
1571395561 2
1571395562 2
1571395563 2
1571395564 2
1571395565 2
1571395566 2
1571395567 2
1571395568 2
1571395569 2
1571395570 2
1571395571 2
1571395572 2
1571395573 2
1571395574 2
1571395575 2
1571395576 2
1571395577 2
1571395578 2
1571395579 2
1571395580 2
1571395581 2
1571395582 2
1571395583 2
1571395584 2
1571395585 2
1571395586 2
1571395587 2
1571395588 2
1571395589 2
1571395590 2
1571395591 3
1571395592 2
1571395593 3
1571395594 3
1571395595 3
1571395596 3
1571395597 3
1571395598 3
1571395599 3
1571395600 3
1571395601 3
1571395602 3
1571395603 3
1571395604 3
1571395605 3
1571395606 3
1571395607 3
1571395608 3
1571395609 2
1571395610 2
1571395611 2
1571395612 2
1571395613 2
1571395614 2
1571395615 2
1571395616 2
1571395617 2
1571395618 2
1571395619 2
1571395620 2
1571395621 2
1571395622 2
1571395623 2
1571395624 2
