1575385913 2
1575385914 2
1575385915 2
1575385916 2
1575385917 3
1575385918 2
1575385919 3
1575385920 2
1575385921 2
1575385922 3
1575385923 2
1575385924 1
1575385925 1
1575385926 3
1575385927 4
1575385928 3
1575385929 4
1575385930 4
1575385931 4
1575385932 4
1575385933 4
1575385934 2
1575385935 2
1575385936 3
1575385937 4
1575385938 4
1575385939 6
1575385940 4
1575385941 4
1575385942 4
1575385943 4
1575385944 6
1575385945 6
1575385946 6
1575385947 6
1575385948 4
1575385949 3
1575385950 3
1575385951 4
1575385952 4
1575385953 4
1575385954 4
1575385955 3
1575385956 2
1575385957 2
1575385958 1
1575386225 2
1575386226 2
1575386227 3
1575386228 3
1575386229 4
1575386230 2
1575386231 2
1575386232 2
1575386233 2
1575386234 3
1575386235 3
1575386236 2
1575386237 2
1575386238 3
1575386239 4
1575386240 3
1575386241 4
1575386242 5
1575386243 5
1575386244 5
1575386245 4
1575386246 3
1575386247 4
1575386248 5
1575386249 5
1575386250 5
1575386251 6
1575386252 4
1575386253 5
1575386254 5
1575386255 4
1575386256 4
1575386257 6
1575386258 5
1575386259 5
1575386260 5
1575386261 2
1575386262 3
1575386263 4
1575386264 4
1575386265 5
1575386266 5
1575386267 4
1575386268 3
1575386269 2
1575386270 1
1575386537 3
1575386538 2
1575386539 2
1575386540 3
1575386541 2
1575386542 3
1575386543 2
1575386544 2
1575386545 2
1575386546 3
1575386547 2
1575386548 1
1575386549 2
1575386550 3
1575386551 4
1575386552 4
1575386553 4
1575386554 5
1575386555 4
1575386556 5
1575386557 4
1575386558 3
1575386559 3
1575386560 5
1575386561 4
1575386562 4
1575386563 5
1575386564 4
1575386565 4
1575386566 4
1575386567 4
1575386568 6
1575386569 4
1575386570 5
1575386571 5
1575386572 5
1575386573 2
1575386574 4
1575386575 4
1575386576 4
1575386577 5
1575386578 4
1575386579 3
1575386580 2
1575386581 2
1575386582 1
1575386942 2
1575386943 2
1575386944 2
1575386945 4
1575386946 4
1575386947 2
1575386948 2
1575386949 2
1575386950 2
1575386951 2
1575386952 1
1575386953 1
1575386954 2
1575386955 1
1575386956 3
1575386957 3
1575386958 3
1575386959 4
1575386960 4
1575386961 4
1575386962 3
1575386963 2
1575386964 3
1575386965 4
1575386966 4
1575386967 5
1575386968 4
1575386969 4
1575386970 4
1575386971 4
1575386972 4
1575386973 4
1575386974 5
1575386975 4
1575386976 4
1575386977 3
1575386978 2
1575386979 3
1575386980 3
1575386981 4
1575386982 4
1575386983 3
1575386984 3
1575386985 3
1575386986 1
1575386987 1
1575386988 2
1575387251 3
1575387252 3
1575387253 4
1575387254 4
1575387255 3
1575387256 3
1575387257 2
1575387258 2
1575387259 2
1575387260 3
1575387261 3
1575387262 1
1575387263 1
1575387264 3
1575387265 3
1575387266 3
1575387267 4
1575387268 5
1575387269 4
1575387270 3
1575387271 3
1575387272 4
1575387273 4
1575387274 4
1575387275 5
1575387276 4
1575387277 4
1575387278 4
1575387279 4
1575387280 4
1575387281 5
1575387282 5
1575387283 5
1575387284 4
1575387285 3
1575387286 3
1575387287 3
1575387288 3
1575387289 3
1575387290 4
1575387291 2
1575387292 2
1575387293 2
1575387294 1
1575387295 2
1575387870 2
1575387871 2
1575387872 3
1575387873 4
1575387874 2
1575387875 3
1575387876 2
1575387877 2
1575387878 3
1575387879 3
1575387880 3
1575387881 2
1575387882 1
1575387883 3
1575387884 3
1575387885 3
1575387886 4
1575387887 5
1575387888 4
1575387889 3
1575387890 3
1575387891 3
1575387892 4
1575387893 4
1575387894 5
1575387895 4
1575387896 4
1575387897 4
1575387898 4
1575387899 4
1575387900 5
1575387901 5
1575387902 5
1575387903 4
1575387904 3
1575387905 3
1575387906 3
1575387907 3
1575387908 4
1575387909 4
1575387910 3
1575387911 3
1575387912 2
1575387913 2
1575388178 1
1575388179 1
1575388180 2
1575388181 3
1575388182 2
1575388183 3
1575388184 2
1575388185 2
1575388186 3
1575388187 2
1575388188 1
1575388189 1
1575388190 2
1575388191 3
1575388192 3
1575388193 4
1575388194 4
1575388195 3
1575388196 4
1575388197 3
1575388198 2
1575388199 4
1575388200 4
1575388201 4
1575388202 5
1575388203 4
1575388204 4
1575388205 4
1575388206 4
1575388207 5
1575388208 5
1575388209 4
1575388210 4
1575388211 4
1575388212 2
1575388213 3
1575388214 3
1575388215 3
1575388216 4
1575388217 3
1575388218 2
1575388219 2
1575388220 2
1575388221 2
1575388486 2
1575388487 2
1575388488 2
1575388489 4
1575388490 2
1575388491 2
1575388492 2
1575388493 2
1575388494 3
1575388495 3
1575388496 3
1575388497 2
1575388498 1
1575388499 3
1575388500 4
1575388501 3
1575388502 5
1575388503 5
1575388504 5
1575388505 5
1575388506 5
1575388507 5
1575388508 4
1575388509 2
1575388510 4
1575388511 6
1575388512 5
1575388513 5
1575388514 5
1575388515 4
1575388516 4
1575388517 4
1575388518 4
1575388519 4
1575388520 4
1575388521 4
1575388522 4
1575388523 2
1575388524 3
1575388525 3
1575388526 3
1575388527 4
1575388528 3
1575388529 2
1575388530 1
1575388531 1
1575388532 2
1575388791 2
1575388792 2
1575388793 2
1575388794 2
1575388795 3
1575388796 2
1575388797 2
1575388798 2
1575388799 2
1575388800 3
1575388801 3
1575388802 2
1575388803 1
1575388804 2
1575388805 3
1575388806 3
1575388807 4
1575388808 4
1575388809 4
1575388810 3
1575388811 3
1575388812 5
1575388813 4
1575388814 4
1575388815 5
1575388816 4
1575388817 4
1575388818 4
1575388819 4
1575388820 5
1575388821 5
1575388822 5
1575388823 5
1575388824 5
1575388825 4
1575388826 3
1575388827 3
1575388828 3
1575388829 4
1575388830 4
1575388831 2
1575388832 3
1575388833 2
1575388834 1
1575390083 3
1575390084 3
1575390085 3
1575390086 4
1575390087 2
1575390088 3
1575390089 2
1575390090 2
1575390091 3
1575390092 3
1575390093 2
1575390094 2
1575390095 2
1575390096 2
1575390097 3
1575390098 3
1575390099 4
1575390100 4
1575390101 4
1575390102 3
1575390103 3
1575390104 2
1575390105 5
1575390106 5
1575390107 5
1575390108 5
1575390109 5
1575390110 5
1575390111 5
1575390112 4
1575390113 3
1575390114 3
1575390115 3
1575390116 3
1575390117 2
1575390118 3
1575390119 2
1575390120 2
1575390121 2
1575390122 3
1575390123 2
1575390124 2
1575390125 2
1575390126 3
1575390127 3
1575390128 2
1575390129 2
1575390130 2
1575390131 2
1575390132 2
1575390133 3
1575390134 2
1575390135 4
1575390136 4
1575390137 4
1575390138 5
1575390139 2
1575390140 2
1575390141 2
1575390142 2
1575390143 2
1575390144 2
1575390145 2
1575390146 2
1575390147 3
1575390148 3
1575390149 2
1575390150 3
1575390151 4
1575390152 3
1575390153 2
1575390154 2
1575390155 2
1575390156 2
1575390157 2
1575390158 2
1575390159 2
1575390160 2
1575390161 2
1575390162 3
1575390163 2
1575390164 4
1575390165 4
1575390166 4
1575390167 4
1575390168 2
1575390169 2
1575390170 2
1575390171 2
1575390172 2
1575390173 2
1575390174 2
1575390175 2
1575390176 2
1575390177 2
1575390178 2
1575390179 2
1575390180 4
1575390181 2
1575390182 2
1575390183 2
1575390184 2
1575390185 2
1575390186 2
1575390187 2
1575390188 2
1575390189 2
1575390190 2
1575390191 2
1575390192 2
1575390193 2
1575390194 2
1575390195 3
1575390196 4
1575390197 4
1575390198 3
1575390199 3
1575390200 3
1575390201 2
1575390202 2
1575390203 2
1575390204 2
1575390205 2
1575390206 3
1575390207 2
1575390208 3
1575390209 2
1575390210 2
1575390211 3
1575390212 3
1575390213 2
1575390214 2
1575390215 2
1575390216 2
1575390217 2
1575390218 3
1575390219 3
1575390220 3
1575390221 3
1575390222 4
1575390223 3
1575390224 5
1575390225 4
1575390226 4
1575390227 4
1575390228 3
1575390229 3
1575390230 2
1575390231 2
1575390232 2
1575390233 2
1575390234 2
1575390235 2
1575390236 2
1575390237 2
1575390238 2
1575390239 2
1575390240 2
1575390241 2
1575390242 2
1575390243 2
1575390244 2
1575390245 2
1575390246 4
1575390247 4
1575390248 4
1575390249 4
1575390250 5
1575390251 5
1575390252 5
1575390253 5
1575390254 5
1575390255 4
1575390256 4
1575390257 5
1575390258 5
1575390259 4
1575390260 3
1575390261 2
1575390262 2
1575390263 2
1575390264 2
1575390265 2
1575390266 2
1575390267 2
1575390268 2
1575390269 2
1575390270 2
1575390271 2
1575390272 2
1575390273 2
1575390274 2
1575390275 3
1575390276 3
1575390277 5
1575390278 4
1575390279 4
1575390280 4
1575390281 4
1575390282 3
1575390283 3
1575390284 3
1575390285 3
1575390286 3
1575390287 3
1575390288 2
1575390289 2
1575390290 2
1575390291 2
1575390292 3
1575390293 3
1575390294 3
1575390295 3
1575390296 2
1575390297 2
1575390298 2
1575390299 2
1575390300 2
1575390301 2
1575390302 2
1575390303 2
1575390304 2
1575390305 2
1575390306 4
1575390307 4
1575390308 3
1575390309 3
1575390310 2
1575390311 2
1575390312 2
1575390313 2
1575390314 2
1575390315 2
1575390316 2
1575390317 2
1575390318 2
1575390319 3
1575390320 2
1575390321 2
1575390322 2
1575390323 3
1575390324 3
1575390325 2
1575390326 2
1575390327 2
1575390328 2
1575390329 2
1575390330 2
1575390331 2
1575390332 2
1575390333 2
1575390334 2
1575390335 2
1575390336 4
1575390337 4
1575390338 4
1575390339 3
1575390340 2
1575390341 2
1575390342 2
1575390343 2
1575390344 2
1575390345 2
1575390346 2
1575390347 2
1575390348 2
1575390349 2
1575390350 2
1575390351 3
1575390352 2
1575390353 2
1575390354 3
1575390355 3
1575390356 2
1575390357 2
1575390358 2
1575390359 2
1575390360 2
1575390361 2
1575390362 2
1575390363 2
1575390364 4
1575390365 4
1575390366 4
1575390367 3
1575390368 2
1575390369 2
1575390370 2
1575390371 2
1575390372 2
1575390373 2
1575390374 2
1575390375 2
1575390376 3
1575390377 2
1575390378 2
1575390379 3
1575390380 3
1575390381 2
1575390382 2
1575390383 2
1575390384 2
1575390385 2
1575390386 2
1575390387 3
1575390388 3
1575390389 3
1575390390 4
1575390391 4
1575390392 4
1575390393 4
1575390394 4
1575390395 5
1575390396 5
1575390397 6
1575390398 3
1575390399 3
1575390400 3
1575390401 3
1575390402 4
1575390403 4
1575390404 2
1575390405 2
1575390406 1
1575390407 1
1575390408 2
1575390651 2
1575390652 2
1575390653 3
1575390654 4
1575390655 2
1575390656 2
1575390657 2
1575390658 2
1575390659 2
1575390660 3
1575390661 3
1575390662 2
1575390663 1
1575390664 2
1575390665 3
1575390666 3
1575390667 4
1575390668 4
1575390669 4
1575390670 4
1575390671 3
1575390672 2
1575390673 5
1575390674 6
1575390675 5
1575390676 5
1575390677 4
1575390678 4
1575390679 3
1575390680 3
1575390681 3
1575390682 3
1575390683 3
1575390684 3
1575390685 2
1575390686 2
1575390687 2
1575390688 2
1575390689 3
1575390690 3
1575390691 2
1575390692 3
1575390693 3
1575390694 4
1575390695 2
1575390696 2
1575390697 2
1575390698 2
1575390699 2
1575390700 2
1575390701 2
1575390702 2
1575390703 4
1575390704 4
1575390705 6
1575390706 4
1575390707 3
1575390708 3
1575390709 2
1575390710 2
1575390711 2
1575390712 2
1575390713 2
1575390714 3
1575390715 2
1575390716 2
1575390717 2
1575390718 2
1575390719 2
1575390720 2
1575390721 2
1575390722 2
1575390723 2
1575390724 2
1575390725 2
1575390726 2
1575390727 2
1575390728 2
1575390729 2
1575390730 2
1575390731 3
1575390732 4
1575390733 4
1575390734 4
1575390735 3
1575390736 2
1575390737 2
1575390738 2
1575390739 2
1575390740 2
1575390741 2
1575390742 2
1575390743 2
1575390744 2
1575390745 2
1575390746 2
1575390747 4
1575390748 2
1575390749 2
1575390750 2
1575390751 2
1575390752 2
1575390753 2
1575390754 2
1575390755 2
1575390756 2
1575390757 2
1575390758 2
1575390759 2
1575390760 2
1575390761 2
1575390762 3
1575390763 4
1575390764 4
1575390765 3
1575390766 3
1575390767 2
1575390768 2
1575390769 2
1575390770 2
1575390771 2
1575390772 2
1575390773 2
1575390774 3
1575390775 2
1575390776 4
1575390777 4
1575390778 3
1575390779 2
1575390780 2
1575390781 2
1575390782 2
1575390783 2
1575390784 3
1575390785 4
1575390786 3
1575390787 3
1575390788 4
1575390789 3
1575390790 4
1575390791 4
1575390792 4
1575390793 4
1575390794 3
1575390795 3
1575390796 3
1575390797 2
1575390798 3
1575390799 2
1575390800 2
1575390801 2
1575390802 2
1575390803 2
1575390804 2
1575390805 2
1575390806 2
1575390807 2
1575390808 2
1575390809 2
1575390810 2
1575390811 2
1575390812 3
1575390813 5
1575390814 4
1575390815 4
1575390816 5
1575390817 5
1575390818 5
1575390819 5
1575390820 5
1575390821 4
1575390822 4
1575390823 4
1575390824 4
1575390825 4
1575390826 4
1575390827 4
1575390828 3
1575390829 3
1575390830 2
1575390831 2
1575390832 3
1575390833 2
1575390834 2
1575390835 2
1575390836 2
1575390837 2
1575390838 2
1575390839 2
1575390840 2
1575390841 2
1575390842 2
1575390843 2
1575390844 2
1575390845 3
1575390846 3
1575390847 5
1575390848 4
1575390849 4
1575390850 4
1575390851 4
1575390852 3
1575390853 3
1575390854 3
1575390855 4
1575390856 3
1575390857 3
1575390858 2
1575390859 2
1575390860 2
1575390861 2
1575390862 3
1575390863 3
1575390864 3
1575390865 3
1575390866 2
1575390867 2
1575390868 2
1575390869 2
1575390870 2
1575390871 2
1575390872 2
1575390873 2
1575390874 2
1575390875 3
1575390876 4
1575390877 4
1575390878 4
1575390879 3
1575390880 2
1575390881 2
1575390882 2
1575390883 2
1575390884 2
1575390885 2
1575390886 2
1575390887 2
1575390888 2
1575390889 3
1575390890 2
1575390891 2
1575390892 2
1575390893 2
1575390894 2
1575390895 2
1575390896 2
1575390897 2
1575390898 2
1575390899 2
1575390900 2
1575390901 2
1575390902 2
1575390903 2
1575390904 2
1575390905 3
1575390906 4
1575390907 4
1575390908 4
1575390909 3
1575390910 2
1575390911 2
1575390912 2
1575390913 2
1575390914 2
1575390915 2
1575390916 2
1575390917 2
1575390918 2
1575390919 2
1575390920 2
1575390921 3
1575390922 2
1575390923 2
1575390924 2
1575390925 2
1575390926 2
1575390927 2
1575390928 2
1575390929 2
1575390930 2
1575390931 2
1575390932 2
1575390933 2
1575390934 4
1575390935 4
1575390936 4
1575390937 3
1575390938 3
1575390939 2
1575390940 2
1575390941 2
1575390942 2
1575390943 2
1575390944 2
1575390945 2
1575390946 3
1575390947 2
1575390948 2
1575390949 3
1575390950 3
1575390951 3
1575390952 2
1575390953 2
1575390954 2
1575390955 2
1575390956 2
1575390957 3
1575390958 3
1575390959 3
1575390960 4
1575390961 3
1575390962 3
1575390963 4
1575390964 4
1575390965 5
1575390966 5
1575390967 6
1575390968 3
1575390969 4
1575390970 3
1575390971 3
1575390972 4
1575390973 4
1575390974 2
1575390975 1
1575390976 1
1575390977 1
1575390978 2
1575391219 2
1575391220 2
1575391221 3
1575391222 3
1575391223 2
1575391224 3
1575391225 2
1575391226 2
1575391227 2
1575391228 3
1575391229 3
1575391230 3
1575391231 1
1575391232 2
1575391233 3
1575391234 3
1575391235 4
1575391236 4
1575391237 4
1575391238 4
1575391239 3
1575391240 4
1575391241 5
1575391242 5
1575391243 4
1575391244 4
1575391245 4
1575391246 4
1575391247 3
1575391248 4
1575391249 3
1575391250 3
1575391251 2
1575391252 2
1575391253 2
1575391254 2
1575391255 2
1575391256 2
1575391257 3
1575391258 3
1575391259 3
1575391260 3
1575391261 3
1575391262 2
1575391263 2
1575391264 2
1575391265 2
1575391266 2
1575391267 2
1575391268 2
1575391269 3
1575391270 2
1575391271 4
1575391272 4
1575391273 4
1575391274 4
1575391275 2
1575391276 2
1575391277 2
1575391278 2
1575391279 2
1575391280 2
1575391281 2
1575391282 2
1575391283 2
1575391284 3
1575391285 2
1575391286 2
1575391287 2
1575391288 2
1575391289 2
1575391290 2
1575391291 2
1575391292 2
1575391293 2
1575391294 2
1575391295 2
1575391296 2
1575391297 2
1575391298 3
1575391299 2
1575391300 4
1575391301 4
1575391302 4
1575391303 3
1575391304 3
1575391305 2
1575391306 2
1575391307 3
1575391308 2
1575391309 2
1575391310 2
1575391311 2
1575391312 2
1575391313 2
1575391314 2
1575391315 3
1575391316 2
1575391317 2
1575391318 2
1575391319 2
1575391320 3
1575391321 3
1575391322 3
1575391323 2
1575391324 2
1575391325 2
1575391326 2
1575391327 2
1575391328 3
1575391329 2
1575391330 4
1575391331 4
1575391332 4
1575391333 5
1575391334 2
1575391335 2
1575391336 2
1575391337 2
1575391338 2
1575391339 2
1575391340 3
1575391341 2
1575391342 3
1575391343 2
1575391344 4
1575391345 4
1575391346 2
1575391347 2
1575391348 2
1575391349 2
1575391350 2
1575391351 2
1575391352 3
1575391353 3
1575391354 3
1575391355 4
1575391356 3
1575391357 4
1575391358 4
1575391359 4
1575391360 4
1575391361 3
1575391362 3
1575391363 2
1575391364 3
1575391365 2
1575391366 2
1575391367 2
1575391368 2
1575391369 2
1575391370 2
1575391371 2
1575391372 2
1575391373 2
1575391374 2
1575391375 2
1575391376 2
1575391377 2
1575391378 2
1575391379 4
1575391380 4
1575391381 4
1575391382 4
1575391383 5
1575391384 5
1575391385 5
1575391386 5
1575391387 5
1575391388 4
1575391389 4
1575391390 4
1575391391 4
1575391392 3
1575391393 3
1575391394 2
1575391395 2
1575391396 2
1575391397 2
1575391398 2
1575391399 2
1575391400 2
1575391401 2
1575391402 2
1575391403 2
1575391404 2
1575391405 2
1575391406 2
1575391407 2
1575391408 2
1575391409 3
1575391410 5
1575391411 4
1575391412 4
1575391413 4
1575391414 4
1575391415 3
1575391416 3
1575391417 3
1575391418 3
1575391419 3
1575391420 2
1575391421 2
1575391422 2
1575391423 2
1575391424 2
1575391425 3
1575391426 3
1575391427 3
1575391428 2
1575391429 2
1575391430 2
1575391431 2
1575391432 2
1575391433 2
1575391434 2
1575391435 2
1575391436 2
1575391437 3
1575391438 3
1575391439 4
1575391440 4
1575391441 4
1575391442 3
1575391443 2
1575391444 2
1575391445 2
1575391446 2
1575391447 2
1575391448 2
1575391449 2
1575391450 2
1575391451 2
1575391452 3
1575391453 2
1575391454 2
1575391455 2
1575391456 2
1575391457 2
1575391458 2
1575391459 2
1575391460 2
1575391461 2
1575391462 2
1575391463 2
1575391464 2
1575391465 2
1575391466 2
1575391467 2
1575391468 2
1575391469 5
1575391470 4
1575391471 4
1575391472 4
1575391473 2
1575391474 2
1575391475 2
1575391476 2
1575391477 2
1575391478 2
1575391479 2
1575391480 2
1575391481 2
1575391482 2
1575391483 2
1575391484 3
1575391485 2
1575391486 2
1575391487 2
1575391488 2
1575391489 2
1575391490 2
1575391491 2
1575391492 2
1575391493 2
1575391494 2
1575391495 2
1575391496 2
1575391497 4
1575391498 4
1575391499 4
1575391500 3
1575391501 3
1575391502 2
1575391503 2
1575391504 2
1575391505 2
1575391506 2
1575391507 2
1575391508 2
1575391509 3
1575391510 2
1575391511 2
1575391512 2
1575391513 3
1575391514 3
1575391515 2
1575391516 2
1575391517 3
1575391518 2
1575391519 2
1575391520 3
1575391521 3
1575391522 3
1575391523 4
1575391524 3
1575391525 5
1575391526 4
1575391527 4
1575391528 5
1575391529 8
1575391530 5
1575391531 4
1575391532 4
1575391533 4
1575391534 4
1575391535 5
1575391536 4
1575391537 2
1575391538 2
1575391539 1
1575391540 2
1575391782 2
1575391783 2
1575391784 3
1575391785 3
1575391786 2
1575391787 2
1575391788 2
1575391789 2
1575391790 3
1575391791 3
1575391792 1
1575391793 1
1575391794 3
1575391795 4
1575391796 4
1575391797 4
1575391798 5
1575391799 5
1575391800 6
1575391801 5
1575391802 5
1575391803 4
1575391804 5
1575391805 2
1575391806 2
1575391807 6
1575391808 6
1575391809 4
1575391810 4
1575391811 4
1575391812 4
1575391813 4
1575391814 3
1575391815 3
1575391816 3
1575391817 3
1575391818 2
1575391819 2
1575391820 2
1575391821 2
1575391822 2
1575391823 2
1575391824 3
1575391825 2
1575391826 2
1575391827 3
1575391828 2
1575391829 2
1575391830 2
1575391831 2
1575391832 2
1575391833 2
1575391834 2
1575391835 2
1575391836 4
1575391837 4
1575391838 4
1575391839 4
1575391840 3
1575391841 2
1575391842 2
1575391843 2
1575391844 2
1575391845 2
1575391846 2
1575391847 2
1575391848 2
1575391849 3
1575391850 2
1575391851 2
1575391852 3
1575391853 4
1575391854 3
1575391855 3
1575391856 2
1575391857 2
1575391858 2
1575391859 2
1575391860 2
1575391861 2
1575391862 2
1575391863 3
1575391864 2
1575391865 4
1575391866 4
1575391867 4
1575391868 4
1575391869 2
1575391870 2
1575391871 2
1575391872 2
1575391873 2
1575391874 2
1575391875 2
1575391876 2
1575391877 2
1575391878 2
1575391879 2
1575391880 4
1575391881 2
1575391882 2
1575391883 2
1575391884 3
1575391885 3
1575391886 2
1575391887 2
1575391888 2
1575391889 2
1575391890 2
1575391891 2
1575391892 2
1575391893 2
1575391894 3
1575391895 4
1575391896 4
1575391897 4
1575391898 2
1575391899 2
1575391900 2
1575391901 2
1575391902 2
1575391903 3
1575391904 3
1575391905 2
1575391906 2
1575391907 3
1575391908 2
1575391909 3
1575391910 2
1575391911 2
1575391912 2
1575391913 2
1575391914 2
1575391915 2
1575391916 3
1575391917 3
1575391918 3
1575391919 3
1575391920 4
1575391921 3
1575391922 4
1575391923 4
1575391924 4
1575391925 4
1575391926 3
1575391927 3
1575391928 2
1575391929 2
1575391930 2
1575391931 2
1575391932 2
1575391933 2
1575391934 2
1575391935 2
1575391936 2
1575391937 2
1575391938 2
1575391939 2
1575391940 2
1575391941 2
1575391942 2
1575391943 2
1575391944 4
1575391945 4
1575391946 4
1575391947 4
1575391948 4
1575391949 5
1575391950 5
1575391951 5
1575391952 5
1575391953 4
1575391954 4
1575391955 4
1575391956 4
1575391957 4
1575391958 3
1575391959 2
1575391960 2
1575391961 2
1575391962 2
1575391963 2
1575391964 2
1575391965 2
1575391966 2
1575391967 2
1575391968 2
1575391969 2
1575391970 2
1575391971 2
1575391972 2
1575391973 2
1575391974 3
1575391975 3
1575391976 5
1575391977 4
1575391978 4
1575391979 4
1575391980 3
1575391981 3
1575391982 3
1575391983 3
1575391984 3
1575391985 3
1575391986 2
1575391987 2
1575391988 2
1575391989 2
1575391990 2
1575391991 3
1575391992 3
1575391993 3
1575391994 3
1575391995 3
1575391996 3
1575391997 2
1575391998 2
1575391999 2
1575392000 2
1575392001 2
1575392002 2
1575392003 2
1575392004 3
1575392005 4
1575392006 4
1575392007 4
1575392008 2
1575392009 2
1575392010 2
1575392011 2
1575392012 2
1575392013 2
1575392014 2
1575392015 2
1575392016 2
1575392017 2
1575392018 4
1575392019 2
1575392020 2
1575392021 2
1575392022 3
1575392023 2
1575392024 2
1575392025 2
1575392026 2
1575392027 2
1575392028 2
1575392029 2
1575392030 2
1575392031 2
1575392032 2
1575392033 2
1575392034 2
1575392035 4
1575392036 4
1575392037 4
1575392038 3
1575392039 2
1575392040 2
1575392041 2
1575392042 2
1575392043 2
1575392044 2
1575392045 2
1575392046 2
1575392047 2
1575392048 2
1575392049 2
1575392050 3
1575392051 2
1575392052 2
1575392053 2
1575392054 2
1575392055 2
1575392056 2
1575392057 2
1575392058 2
1575392059 2
1575392060 2
1575392061 2
1575392062 2
1575392063 6
1575392064 4
1575392065 4
1575392066 3
1575392067 3
1575392068 2
1575392069 2
1575392070 2
1575392071 2
1575392072 3
1575392073 3
1575392074 2
1575392075 3
1575392076 2
1575392077 2
1575392078 2
1575392079 3
1575392080 2
1575392081 2
1575392082 2
1575392083 2
1575392084 2
1575392085 3
1575392086 3
1575392087 3
1575392088 3
1575392089 4
1575392090 3
1575392091 4
1575392092 4
1575392093 4
1575392094 7
1575392095 7
1575392096 4
1575392097 4
1575392098 5
1575392099 5
1575392100 4
1575392101 4
1575392102 4
1575392103 4
1575392104 4
1575392105 4
1575392106 4
1575392107 4
1575392108 4
1575392109 4
1575392110 4
1575392111 4
1575392112 4
1575392113 4
1575392114 4
1575392115 4
1575392116 4
1575392117 4
1575392118 4
1575392119 4
1575392120 4
1575392121 4
1575392122 4
1575392123 4
1575392124 4
1575392125 4
1575392126 4
1575392127 4
1575392128 4
1575392129 4
1575392130 4
1575392131 5
1575392132 7
1575392133 7
1575392134 7
1575392135 7
1575392136 8
1575392137 8
1575392138 8
1575392139 8
1575392140 8
1575392141 8
1575392142 8
1575392143 8
1575392144 8
1575392145 7
1575392146 7
1575392147 6
1575392148 6
1575392149 6
1575392150 6
1575392151 6
1575392152 6
1575392153 6
1575392154 6
1575392155 6
1575392156 6
1575392157 6
1575392158 7
1575392159 7
1575392160 7
1575392161 6
1575392162 7
1575392163 6
1575392164 5
1575392165 7
1575392166 6
1575392167 6
1575392168 5
1575392169 5
1575392170 5
1575392171 3
1575392172 3
1575392594 2
1575392595 2
1575392596 3
1575392597 3
1575392598 2
1575392599 3
1575392600 2
1575392601 2
1575392602 3
1575392603 2
1575392604 2
1575392605 1
1575392606 2
1575392607 3
1575392608 3
1575392609 3
1575392610 4
1575392611 5
1575392612 3
1575392613 3
1575392614 3
1575392615 2
1575392616 5
1575392617 5
1575392618 4
1575392619 4
1575392620 4
1575392621 5
1575392622 4
1575392623 3
1575392624 3
1575392625 3
1575392626 3
1575392627 2
1575392628 2
1575392629 2
1575392630 2
1575392631 2
1575392632 3
1575392633 2
1575392634 2
1575392635 2
1575392636 2
1575392637 2
1575392638 2
1575392639 2
1575392640 2
1575392641 2
1575392642 2
1575392643 3
1575392644 2
1575392645 4
1575392646 4
1575392647 4
1575392648 3
1575392649 3
1575392650 2
1575392651 2
1575392652 2
1575392653 2
1575392654 2
1575392655 2
1575392656 2
1575392657 2
1575392658 3
1575392659 2
1575392660 3
1575392661 4
1575392662 2
1575392663 2
1575392664 2
1575392665 2
1575392666 2
1575392667 2
1575392668 2
1575392669 2
1575392670 2
1575392671 3
1575392672 2
1575392673 4
1575392674 4
1575392675 4
1575392676 4
1575392677 3
1575392678 2
1575392679 2
1575392680 2
1575392681 2
1575392682 2
1575392683 2
1575392684 2
1575392685 2
1575392686 2
1575392687 2
1575392688 2
1575392689 4
1575392690 2
1575392691 2
1575392692 2
1575392693 2
1575392694 2
1575392695 2
1575392696 2
1575392697 2
1575392698 2
1575392699 2
1575392700 2
1575392701 2
1575392702 3
1575392703 2
1575392704 4
1575392705 4
1575392706 4
1575392707 3
1575392708 2
1575392709 2
1575392710 2
1575392711 2
1575392712 2
1575392713 2
1575392714 3
1575392715 3
1575392716 3
1575392717 2
1575392718 2
1575392719 3
1575392720 2
1575392721 2
1575392722 2
1575392723 2
1575392724 2
1575392725 2
1575392726 3
1575392727 3
1575392728 3
1575392729 4
1575392730 3
1575392731 5
1575392732 4
1575392733 4
1575392734 4
1575392735 4
1575392736 3
1575392737 2
1575392738 2
1575392739 2
1575392740 2
1575392741 2
1575392742 2
1575392743 2
1575392744 2
1575392745 2
1575392746 2
1575392747 2
1575392748 2
1575392749 2
1575392750 2
1575392751 2
1575392752 2
1575392753 4
1575392754 4
1575392755 4
1575392756 4
1575392757 5
1575392758 5
1575392759 5
1575392760 5
1575392761 5
1575392762 5
1575392763 4
1575392764 5
1575392765 5
1575392766 4
1575392767 2
1575392768 2
1575392769 2
1575392770 2
1575392771 2
1575392772 2
1575392773 2
1575392774 2
1575392775 2
1575392776 2
1575392777 2
1575392778 2
1575392779 2
1575392780 2
1575392781 2
1575392782 2
1575392783 3
1575392784 3
1575392785 5
1575392786 4
1575392787 4
1575392788 4
1575392789 3
1575392790 3
1575392791 3
1575392792 3
1575392793 3
1575392794 3
1575392795 2
1575392796 2
1575392797 2
1575392798 2
1575392799 2
1575392800 3
1575392801 3
1575392802 3
1575392803 2
1575392804 2
1575392805 2
1575392806 2
1575392807 2
1575392808 2
1575392809 3
1575392810 2
1575392811 2
1575392812 2
1575392813 3
1575392814 4
1575392815 4
1575392816 4
1575392817 2
1575392818 2
1575392819 2
1575392820 2
1575392821 2
1575392822 2
1575392823 2
1575392824 2
1575392825 2
1575392826 2
1575392827 2
1575392828 4
1575392829 3
1575392830 2
1575392831 2
1575392832 2
1575392833 3
1575392834 3
1575392835 2
1575392836 2
1575392837 2
1575392838 2
1575392839 2
1575392840 2
1575392841 2
1575392842 2
1575392843 2
1575392844 2
1575392845 3
1575392846 4
1575392847 4
1575392848 3
1575392849 2
1575392850 2
1575392851 2
1575392852 2
1575392853 2
1575392854 2
1575392855 2
1575392856 2
1575392857 2
1575392858 2
1575392859 3
1575392860 2
1575392861 2
1575392862 2
1575392863 3
1575392864 2
1575392865 2
1575392866 2
1575392867 2
1575392868 2
1575392869 2
1575392870 2
1575392871 2
1575392872 2
1575392873 2
1575392874 4
1575392875 4
1575392876 4
1575392877 3
1575392878 2
1575392879 2
1575392880 2
1575392881 2
1575392882 2
1575392883 2
1575392884 2
1575392885 3
1575392886 3
1575392887 2
1575392888 2
1575392889 3
1575392890 2
1575392891 2
1575392892 2
1575392893 2
1575392894 2
1575392895 2
1575392896 3
1575392897 3
1575392898 3
1575392899 4
1575392900 3
1575392901 4
1575392902 5
1575392903 4
1575392904 5
1575392905 5
1575392906 5
1575392907 4
1575392908 3
1575392909 3
1575392910 3
1575392911 3
1575392912 5
1575392913 4
1575392914 3
1575392915 3
1575392916 2
1575392917 3
1575393229 2
1575393230 2
1575393231 2
1575393232 2
1575393233 4
1575393234 2
1575393235 2
1575393236 2
1575393237 2
1575393238 4
1575393239 3
1575393240 2
1575393241 2
1575393242 2
1575393243 2
1575393244 3
1575393245 3
1575393246 4
1575393247 5
1575393248 4
1575393249 3
1575393250 3
1575393251 3
1575393252 5
1575393253 5
1575393254 5
1575393255 4
1575393256 4
1575393257 4
1575393258 3
1575393259 3
1575393260 3
1575393261 3
1575393262 3
1575393263 2
1575393264 2
1575393265 2
1575393266 2
1575393267 2
1575393268 3
1575393269 2
1575393270 2
1575393271 2
1575393272 2
1575393273 3
1575393274 2
1575393275 2
1575393276 2
1575393277 2
1575393278 2
1575393279 3
1575393280 2
1575393281 4
1575393282 4
1575393283 4
1575393284 5
1575393285 2
1575393286 2
1575393287 2
1575393288 2
1575393289 2
1575393290 2
1575393291 2
1575393292 2
1575393293 2
1575393294 3
1575393295 2
1575393296 2
1575393297 3
1575393298 2
1575393299 2
1575393300 2
1575393301 2
1575393302 2
1575393303 2
1575393304 2
1575393305 2
1575393306 2
1575393307 2
1575393308 3
1575393309 2
1575393310 4
1575393311 4
1575393312 4
1575393313 3
1575393314 2
1575393315 2
1575393316 2
1575393317 2
1575393318 2
1575393319 2
1575393320 2
1575393321 2
1575393322 2
1575393323 2
1575393324 2
1575393325 4
1575393326 2
1575393327 2
1575393328 2
1575393329 2
1575393330 3
1575393331 2
1575393332 2
1575393333 2
1575393334 2
1575393335 2
1575393336 2
1575393337 2
1575393338 3
1575393339 2
1575393340 4
1575393341 4
1575393342 4
1575393343 3
1575393344 3
1575393345 2
1575393346 2
1575393347 2
1575393348 2
1575393349 2
1575393350 2
1575393351 2
1575393352 4
1575393353 3
1575393354 3
1575393355 4
1575393356 4
1575393357 3
1575393358 2
1575393359 2
1575393360 2
1575393361 2
1575393362 3
1575393363 3
1575393364 3
1575393365 3
1575393366 4
1575393367 3
1575393368 4
1575393369 4
1575393370 4
1575393371 3
1575393372 3
1575393373 3
1575393374 3
1575393375 2
1575393376 2
1575393377 2
1575393378 2
1575393379 2
1575393380 2
1575393381 2
1575393382 2
1575393383 2
1575393384 2
1575393385 2
1575393386 2
1575393387 2
1575393388 2
1575393389 2
1575393390 4
1575393391 4
1575393392 4
1575393393 5
1575393394 5
1575393395 5
1575393396 5
1575393397 5
1575393398 5
1575393399 5
1575393400 5
1575393401 5
1575393402 4
1575393403 4
1575393404 3
1575393405 3
1575393406 2
1575393407 3
1575393408 2
1575393409 2
1575393410 2
1575393411 2
1575393412 2
1575393413 2
1575393414 2
1575393415 2
1575393416 2
1575393417 2
1575393418 2
1575393419 2
1575393420 2
1575393421 3
1575393422 4
1575393423 5
1575393424 4
1575393425 4
1575393426 4
1575393427 4
1575393428 3
1575393429 3
1575393430 3
1575393431 3
1575393432 3
1575393433 3
1575393434 2
1575393435 2
1575393436 2
1575393437 2
1575393438 3
1575393439 3
1575393440 3
1575393441 2
1575393442 2
1575393443 2
1575393444 2
1575393445 2
1575393446 2
1575393447 2
1575393448 2
1575393449 2
1575393450 2
1575393451 5
1575393452 4
1575393453 4
1575393454 3
1575393455 3
1575393456 2
1575393457 2
1575393458 2
1575393459 2
1575393460 2
1575393461 2
1575393462 2
1575393463 2
1575393464 3
1575393465 2
1575393466 2
1575393467 2
1575393468 2
1575393469 2
1575393470 2
1575393471 2
1575393472 2
1575393473 2
1575393474 2
1575393475 2
1575393476 2
1575393477 2
1575393478 2
1575393479 2
1575393480 2
1575393481 5
1575393482 4
1575393483 4
1575393484 3
1575393485 2
1575393486 2
1575393487 2
1575393488 2
1575393489 2
1575393490 2
1575393491 2
1575393492 2
1575393493 2
1575393494 2
1575393495 3
1575393496 2
1575393497 2
1575393498 2
1575393499 2
1575393500 3
1575393501 2
1575393502 2
1575393503 2
1575393504 3
1575393505 2
1575393506 2
1575393507 2
1575393508 2
1575393509 4
1575393510 4
1575393511 4
1575393512 3
1575393513 2
1575393514 2
1575393515 2
1575393516 2
1575393517 2
1575393518 2
1575393519 2
1575393520 2
1575393521 3
1575393522 2
1575393523 2
1575393524 3
1575393525 3
1575393526 3
1575393527 2
1575393528 2
1575393529 2
1575393530 2
1575393531 2
1575393532 3
1575393533 3
1575393534 3
1575393535 4
1575393536 3
1575393537 5
1575393538 4
1575393539 5
1575393540 5
1575393541 5
1575393542 6
1575393543 3
1575393544 4
1575393545 3
1575393546 3
1575393547 4
1575393548 4
1575393549 2
1575393550 2
1575393551 1
1575393552 1
1575393791 2
1575393792 2
1575393793 3
1575393794 5
1575393795 2
1575393796 2
1575393797 2
1575393798 2
1575393799 2
1575393800 3
1575393801 3
1575393802 3
1575393803 1
1575393804 2
1575393805 3
1575393806 3
1575393807 4
1575393808 4
1575393809 4
1575393810 4
1575393811 3
1575393812 4
1575393813 5
1575393814 6
1575393815 5
1575393816 4
1575393817 4
1575393818 4
1575393819 3
1575393820 4
1575393821 3
1575393822 3
1575393823 3
1575393824 2
1575393825 2
1575393826 2
1575393827 2
1575393828 3
1575393829 3
1575393830 2
1575393831 2
1575393832 3
1575393833 3
1575393834 2
1575393835 2
1575393836 2
1575393837 2
1575393838 2
1575393839 2
1575393840 3
1575393841 2
1575393842 4
1575393843 4
1575393844 4
1575393845 4
1575393846 2
1575393847 2
1575393848 2
1575393849 3
1575393850 2
1575393851 2
1575393852 2
1575393853 3
1575393854 2
1575393855 3
1575393856 2
1575393857 2
1575393858 2
1575393859 2
1575393860 2
1575393861 2
1575393862 2
1575393863 2
1575393864 2
1575393865 2
1575393866 2
1575393867 2
1575393868 3
1575393869 2
1575393870 4
1575393871 4
1575393872 3
1575393873 3
1575393874 3
1575393875 2
1575393876 2
1575393877 2
1575393878 2
1575393879 2
1575393880 2
1575393881 2
1575393882 2
1575393883 2
1575393884 2
1575393885 3
1575393886 2
1575393887 2
1575393888 2
1575393889 2
1575393890 3
1575393891 3
1575393892 3
1575393893 2
1575393894 2
1575393895 2
1575393896 2
1575393897 2
1575393898 2
1575393899 2
1575393900 4
1575393901 4
1575393902 4
1575393903 5
1575393904 2
1575393905 2
1575393906 2
1575393907 2
1575393908 2
1575393909 2
1575393910 3
1575393911 2
1575393912 2
1575393913 2
1575393914 4
1575393915 3
1575393916 2
1575393917 2
1575393918 2
1575393919 2
1575393920 2
1575393921 2
1575393922 3
1575393923 3
1575393924 3
1575393925 4
1575393926 3
1575393927 3
1575393928 4
1575393929 4
1575393930 4
1575393931 3
1575393932 3
1575393933 2
1575393934 2
1575393935 2
1575393936 2
1575393937 2
1575393938 2
1575393939 2
1575393940 2
1575393941 2
1575393942 2
1575393943 2
1575393944 2
1575393945 2
1575393946 2
1575393947 2
1575393948 2
1575393949 4
1575393950 4
1575393951 4
1575393952 4
1575393953 5
1575393954 5
1575393955 5
1575393956 5
1575393957 5
1575393958 4
1575393959 4
1575393960 4
1575393961 4
1575393962 3
1575393963 3
1575393964 2
1575393965 2
1575393966 2
1575393967 2
1575393968 2
1575393969 2
1575393970 2
1575393971 2
1575393972 2
1575393973 2
1575393974 2
1575393975 2
1575393976 2
1575393977 2
1575393978 2
1575393979 3
1575393980 3
1575393981 5
1575393982 4
1575393983 4
1575393984 4
1575393985 4
1575393986 3
1575393987 3
1575393988 3
1575393989 3
1575393990 3
1575393991 2
1575393992 3
1575393993 2
1575393994 2
1575393995 2
1575393996 3
1575393997 3
1575393998 3
1575393999 2
1575394000 2
1575394001 2
1575394002 2
1575394003 2
1575394004 2
1575394005 2
1575394006 2
1575394007 2
1575394008 3
1575394009 4
1575394010 4
1575394011 4
1575394012 4
1575394013 3
1575394014 2
1575394015 2
1575394016 2
1575394017 2
1575394018 2
1575394019 2
1575394020 2
1575394021 2
1575394022 2
1575394023 3
1575394024 2
1575394025 2
1575394026 2
1575394027 2
1575394028 2
1575394029 2
1575394030 2
1575394031 3
1575394032 3
1575394033 3
1575394034 3
1575394035 2
1575394036 2
1575394037 2
1575394038 2
1575394039 2
1575394040 5
1575394041 4
1575394042 4
1575394043 4
1575394044 2
1575394045 2
1575394046 2
1575394047 2
1575394048 2
1575394049 2
1575394050 2
1575394051 2
1575394052 2
1575394053 2
1575394054 2
1575394055 3
1575394056 2
1575394057 2
1575394058 2
1575394059 2
1575394060 2
1575394061 2
1575394062 2
1575394063 2
1575394064 2
1575394065 2
1575394066 2
1575394067 2
1575394068 4
1575394069 4
1575394070 4
1575394071 4
1575394072 3
1575394073 2
1575394074 2
1575394075 2
1575394076 2
1575394077 2
1575394078 2
1575394079 2
1575394080 3
1575394081 3
1575394082 2
1575394083 2
1575394084 3
1575394085 3
1575394086 2
1575394087 2
1575394088 2
1575394089 3
1575394090 2
1575394091 2
1575394092 3
1575394093 3
1575394094 3
1575394095 4
1575394096 3
1575394097 3
1575394098 5
1575394099 4
1575394100 5
1575394101 6
1575394102 4
1575394103 3
1575394104 4
1575394105 4
1575394106 3
1575394107 5
1575394108 4
1575394109 3
1575394110 3
1575394111 2
1575394112 3
1575394357 2
1575394358 2
1575394359 3
1575394360 3
1575394361 3
1575394362 3
1575394363 2
1575394364 2
1575394365 3
1575394366 3
1575394367 3
1575394368 1
1575394369 2
1575394370 3
1575394371 3
1575394372 4
1575394373 4
1575394374 6
1575394375 3
1575394376 3
1575394377 4
1575394378 4
1575394379 6
1575394380 4
1575394381 4
1575394382 4
1575394383 5
1575394384 4
1575394385 3
1575394386 3
1575394387 3
1575394388 2
1575394389 2
1575394390 2
1575394391 2
1575394392 2
1575394393 2
1575394394 3
1575394395 2
1575394396 2
1575394397 2
1575394398 3
1575394399 2
1575394400 2
1575394401 2
1575394402 2
1575394403 2
1575394404 2
1575394405 2
1575394406 3
1575394407 2
1575394408 4
1575394409 4
1575394410 4
1575394411 3
1575394412 2
1575394413 2
1575394414 2
1575394415 2
1575394416 2
1575394417 2
1575394418 2
1575394419 2
1575394420 2
1575394421 3
1575394422 2
1575394423 2
1575394424 2
1575394425 2
1575394426 2
1575394427 2
1575394428 2
1575394429 2
1575394430 2
1575394431 2
1575394432 2
1575394433 2
1575394434 2
1575394435 2
1575394436 4
1575394437 4
1575394438 4
1575394439 3
1575394440 4
1575394441 2
1575394442 2
1575394443 2
1575394444 2
1575394445 2
1575394446 2
1575394447 2
1575394448 2
1575394449 2
1575394450 2
1575394451 2
1575394452 4
1575394453 2
1575394454 2
1575394455 2
1575394456 2
1575394457 3
1575394458 3
1575394459 2
1575394460 2
1575394461 2
1575394462 2
1575394463 2
1575394464 2
1575394465 2
1575394466 3
1575394467 4
1575394468 4
1575394469 5
1575394470 3
1575394471 2
1575394472 2
1575394473 2
1575394474 2
1575394475 2
1575394476 2
1575394477 3
1575394478 2
1575394479 3
1575394480 4
1575394481 4
1575394482 2
1575394483 2
1575394484 2
1575394485 2
1575394486 2
1575394487 2
1575394488 3
1575394489 3
1575394490 3
1575394491 3
1575394492 4
1575394493 4
1575394494 4
1575394495 4
1575394496 4
1575394497 4
1575394498 3
1575394499 3
1575394500 2
1575394501 2
1575394502 2
1575394503 2
1575394504 2
1575394505 2
1575394506 2
1575394507 2
1575394508 2
1575394509 2
1575394510 2
1575394511 2
1575394512 2
1575394513 2
1575394514 2
1575394515 2
1575394516 3
1575394517 4
1575394518 4
1575394519 4
1575394520 5
1575394521 5
1575394522 5
1575394523 5
1575394524 5
1575394525 5
1575394526 5
1575394527 4
1575394528 4
1575394529 4
1575394530 2
1575394531 2
1575394532 2
1575394533 2
1575394534 2
1575394535 2
1575394536 2
1575394537 2
1575394538 2
1575394539 2
1575394540 2
1575394541 2
1575394542 2
1575394543 2
1575394544 2
1575394545 2
1575394546 3
1575394547 3
1575394548 5
1575394549 4
1575394550 4
1575394551 3
1575394552 3
1575394553 3
1575394554 3
1575394555 3
1575394556 3
1575394557 2
1575394558 2
1575394559 2
1575394560 2
1575394561 2
1575394562 2
1575394563 3
1575394564 3
1575394565 3
1575394566 2
1575394567 2
1575394568 2
1575394569 2
1575394570 2
1575394571 2
1575394572 2
1575394573 2
1575394574 2
1575394575 2
1575394576 5
1575394577 4
1575394578 4
1575394579 3
1575394580 3
1575394581 2
1575394582 2
1575394583 2
1575394584 2
1575394585 3
1575394586 2
1575394587 2
1575394588 2
1575394589 3
1575394590 3
1575394591 2
1575394592 2
1575394593 2
1575394594 2
1575394595 2
1575394596 2
1575394597 2
1575394598 2
1575394599 2
1575394600 2
1575394601 2
1575394602 2
1575394603 2
1575394604 2
1575394605 3
1575394606 3
1575394607 4
1575394608 4
1575394609 4
1575394610 3
1575394611 2
1575394612 2
1575394613 2
1575394614 2
1575394615 2
1575394616 2
1575394617 2
1575394618 2
1575394619 2
1575394620 3
1575394621 2
1575394622 3
1575394623 2
1575394624 2
1575394625 2
1575394626 2
1575394627 2
1575394628 2
1575394629 2
1575394630 2
1575394631 2
1575394632 2
1575394633 2
1575394634 2
1575394635 5
1575394636 4
1575394637 4
1575394638 4
1575394639 3
1575394640 2
1575394641 2
1575394642 2
1575394643 2
1575394644 2
1575394645 3
1575394646 2
1575394647 3
1575394648 2
1575394649 2
1575394650 2
1575394651 2
1575394652 2
1575394653 2
1575394654 2
1575394655 2
1575394656 2
1575394657 2
1575394658 3
1575394659 3
1575394660 3
1575394661 4
1575394662 3
1575394663 4
1575394664 4
1575394665 4
1575394666 5
1575394667 6
1575394668 4
1575394669 2
1575394670 3
1575394671 3
1575394672 3
1575394673 3
1575394674 3
1575394675 2
1575394676 2
1575394677 1
1575394678 2
1575395482 3
1575395483 3
1575395484 4
1575395485 3
1575395486 3
1575395487 5
1575395488 3
1575395489 3
1575395490 5
1575395491 3
1575395492 3
1575395493 3
1575395494 2
1575395495 4
1575395496 4
1575395497 3
1575395498 5
1575395499 4
1575395500 3
1575395501 3
1575395502 2
1575395503 2
1575395504 7
1575395505 5
1575395506 4
1575395507 4
1575395508 4
1575395509 4
1575395510 4
1575395511 3
1575395512 3
1575395513 3
1575395514 3
1575395515 2
1575395516 2
1575395517 2
1575395518 2
1575395519 2
1575395520 3
1575395521 3
1575395522 2
1575395523 2
1575395524 2
1575395525 2
1575395526 3
1575395527 2
1575395528 2
1575395529 2
1575395530 2
1575395531 2
1575395532 3
1575395533 2
1575395534 4
1575395535 4
1575395536 4
1575395537 3
1575395538 2
1575395539 2
1575395540 2
1575395541 2
1575395542 2
1575395543 2
1575395544 2
1575395545 2
1575395546 2
1575395547 3
1575395548 2
1575395549 4
1575395550 3
1575395551 2
1575395552 2
1575395553 2
1575395554 2
1575395555 2
1575395556 2
1575395557 2
1575395558 2
1575395559 2
1575395560 3
1575395561 2
1575395562 4
1575395563 4
1575395564 4
1575395565 4
1575395566 2
1575395567 2
1575395568 2
1575395569 2
1575395570 2
1575395571 2
1575395572 2
1575395573 2
1575395574 2
1575395575 2
1575395576 2
1575395577 2
1575395578 3
1575395579 2
1575395580 2
1575395581 2
1575395582 2
1575395583 2
1575395584 2
1575395585 2
1575395586 2
1575395587 2
1575395588 2
1575395589 2
1575395590 3
1575395591 2
1575395592 4
1575395593 4
1575395594 4
1575395595 3
1575395596 3
1575395597 2
1575395598 2
1575395599 2
1575395600 2
1575395601 3
1575395602 2
1575395603 2
1575395604 3
1575395605 2
1575395606 2
1575395607 4
1575395608 4
1575395609 2
1575395610 2
1575395611 2
1575395612 2
1575395613 2
1575395614 3
1575395615 3
1575395616 3
1575395617 3
1575395618 4
1575395619 3
1575395620 5
1575395621 4
1575395622 4
1575395623 4
1575395624 5
1575395625 3
1575395626 3
1575395627 2
1575395628 2
1575395629 2
1575395630 2
1575395631 2
1575395632 2
1575395633 2
1575395634 2
1575395635 2
1575395636 2
1575395637 2
1575395638 2
1575395639 2
1575395640 2
1575395641 2
1575395642 3
1575395643 4
1575395644 4
1575395645 4
1575395646 5
1575395647 5
1575395648 5
1575395649 5
1575395650 5
1575395651 5
1575395652 5
1575395653 5
1575395654 5
1575395655 5
1575395656 4
1575395657 3
1575395658 2
1575395659 2
1575395660 2
1575395661 2
1575395662 2
1575395663 2
1575395664 2
1575395665 2
1575395666 2
1575395667 2
1575395668 2
1575395669 2
1575395670 2
1575395671 2
1575395672 2
1575395673 3
1575395674 3
1575395675 5
1575395676 4
1575395677 4
1575395678 4
1575395679 4
1575395680 3
1575395681 4
1575395682 3
1575395683 3
1575395684 3
1575395685 3
1575395686 2
1575395687 2
1575395688 2
1575395689 2
1575395690 3
1575395691 3
1575395692 3
1575395693 3
1575395694 3
1575395695 2
1575395696 2
1575395697 2
1575395698 2
1575395699 2
1575395700 2
1575395701 2
1575395702 2
1575395703 3
1575395704 4
1575395705 4
1575395706 3
1575395707 3
1575395708 2
1575395709 2
1575395710 2
1575395711 2
1575395712 2
1575395713 2
1575395714 2
1575395715 2
1575395716 3
1575395717 2
1575395718 2
1575395719 2
1575395720 2
1575395721 3
1575395722 3
1575395723 2
1575395724 3
1575395725 2
1575395726 2
1575395727 2
1575395728 2
1575395729 2
1575395730 2
1575395731 2
1575395732 2
1575395733 5
1575395734 4
1575395735 4
1575395736 3
1575395737 2
1575395738 2
1575395739 2
1575395740 2
1575395741 2
1575395742 2
1575395743 2
1575395744 2
1575395745 2
1575395746 2
1575395747 3
1575395748 2
1575395749 3
1575395750 2
1575395751 3
1575395752 3
1575395753 2
1575395754 2
1575395755 2
1575395756 2
1575395757 2
1575395758 2
1575395759 2
1575395760 2
1575395761 2
1575395762 4
1575395763 4
1575395764 4
1575395765 2
1575395766 2
1575395767 2
1575395768 2
1575395769 2
1575395770 2
1575395771 2
1575395772 2
1575395773 2
1575395774 3
1575395775 2
1575395776 2
1575395777 3
1575395778 3
1575395779 2
1575395780 2
1575395781 2
1575395782 2
1575395783 2
1575395784 3
1575395785 3
1575395786 3
1575395787 3
1575395788 4
1575395789 3
1575395790 5
1575395791 4
1575395792 4
1575395793 5
1575395794 5
1575395795 4
1575395796 2
1575395797 3
1575395798 3
1575395799 3
1575395800 4
1575395801 4
1575395802 2
1575395803 2
1575395804 1
1575395805 2
