1571763839 2
1571763840 2
1571763841 2
1571763842 2
1571763843 2
1571763844 2
1571763845 3
1571763846 4
1571763847 4
1571763848 3
1571763849 3
1571763850 3
1571763851 4
1571763852 2
1571763853 2
1571763854 2
1571763855 2
1571763856 1
1571763857 1
1571763858 1
1571763859 1
1571763860 1
1571763861 2
1571763862 2
1571763863 2
1571763864 2
1571763865 2
1571763866 2
1571763867 2
1571763868 3
1571763869 5
1571763870 5
1571763871 5
1571763872 6
1571763873 5
1571763874 5
1571763875 5
1571763876 4
1571763877 4
1571763878 4
1571763879 5
1571763880 5
1571763881 5
1571763882 3
1571763883 3
1571763884 3
1571763885 3
1571763886 3
1571763887 3
1571763888 3
1571763889 3
1571763890 3
1571763891 2
1571763892 2
1571763893 2
1571763894 2
1571763895 4
1571767186 3
1571767187 2
1571767188 2
1571767189 2
1571767190 1
1571767191 2
1571767192 3
1571767193 4
1571767194 4
1571767195 5
1571767196 5
1571767197 3
1571767198 4
1571767199 4
1571767200 3
1571767201 2
1571767202 1
1571767203 1
1571767204 1
1571767205 1
1571767206 1
1571767207 1
1571767208 2
1571767209 2
1571767210 2
1571767211 3
1571767212 3
1571767213 3
1571767214 3
1571767215 4
1571767216 6
1571767217 6
1571767218 5
1571767219 8
1571767220 6
1571767221 6
1571767222 6
1571767223 6
1571767224 5
1571767225 5
1571767226 5
1571767227 4
1571767228 4
1571767229 4
1571767230 4
1571767231 3
1571767232 4
1571767233 3
1571767234 3
1571767235 3
1571767236 2
1571767237 2
1571767238 2
1571767239 2
1571767240 2
1571767241 2
1571767242 2
1571767243 3
1571767244 3
1571767245 2
1571767246 2
1571767247 2
1571767248 2
1571767249 2
1571767250 2
1571767251 2
1571767252 2
1571767253 2
1571767254 2
1571767255 2
1571767256 2
1571767257 2
1571767258 2
1571767259 4
1571767260 2
1571767261 4
1571767262 4
1571767263 4
1571767264 4
1571767265 4
1571767266 3
1571767267 2
1571767268 2
1571767269 2
1571767270 2
1571767271 2
1571767272 2
1571767273 2
1571767274 2
1571767275 2
1571767276 2
1571767277 3
1571767278 2
1571767279 3
1571767280 2
1571767281 2
1571767282 3
1571767283 2
1571767284 2
1571767285 2
1571767286 2
1571767287 2
1571767288 2
1571767289 2
1571767290 2
1571767291 2
1571767292 2
1571767293 2
1571767294 2
1571767295 2
1571767296 2
1571767297 3
1571767298 2
1571767299 3
1571767300 5
1571767301 5
1571767302 5
1571767303 6
1571767304 6
1571767305 3
1571767306 3
1571767307 2
1571767308 2
1571767309 2
1571767310 2
1571767311 2
1571767312 2
1571767313 2
1571767314 2
1571767315 2
1571767316 2
1571767317 2
1571767318 2
1571767319 2
1571767320 3
1571767321 2
1571767322 2
1571767323 2
1571767324 2
1571767325 2
1571767326 2
1571767327 2
1571767328 3
1571767329 2
1571767330 2
1571767331 2
1571767332 2
1571767333 2
1571767334 2
1571767335 2
1571767336 3
1571767337 2
1571767338 2
1571767339 4
1571767340 4
1571767341 4
1571767342 3
1571767343 3
1571767344 3
1571767345 2
1571767346 2
1571767347 2
1571767348 2
1571767349 2
1571767350 2
1571767351 3
1571767352 2
1571767353 3
1571767354 3
1571767355 3
1571767356 2
1571767357 2
1571767358 2
1571767359 2
1571767360 3
1571767361 2
1571767362 2
1571767363 2
1571767364 2
1571767365 2
1571767366 2
1571767367 2
1571767368 2
1571767369 3
1571767370 3
1571767371 3
1571767372 3
1571767373 3
1571767374 4
1571767375 3
1571767376 2
1571767377 4
1571767378 4
1571767379 4
1571767380 4
1571767381 4
1571767382 3
1571767383 3
1571767384 3
1571767385 2
1571767386 2
1571767387 2
1571767388 2
1571767389 2
1571767390 2
1571767391 2
1571767392 2
1571767393 2
1571767394 2
1571767395 2
1571767396 2
1571767397 2
1571767398 2
1571767399 2
1571767400 2
1571767401 2
1571767402 2
1571767403 2
1571767404 2
1571767405 2
1571767406 2
1571767407 3
1571767408 4
1571767409 4
1571767410 5
1571767411 5
1571767412 5
1571767413 5
1571767414 5
1571767415 5
1571767416 6
1571767417 4
1571767418 4
1571767419 4
1571767420 4
1571767421 4
1571767422 2
1571767423 2
1571767424 2
1571767425 2
1571767426 2
1571767427 2
1571767428 2
1571767429 2
1571767430 2
1571767431 2
1571767432 2
1571767433 2
1571767434 2
1571767435 2
1571767436 2
1571767437 2
1571767438 2
1571767439 2
1571767440 2
1571767441 2
1571767442 2
1571767443 2
1571767444 2
1571767445 3
1571767446 3
1571767447 4
1571767448 5
1571767449 4
1571767450 4
1571767451 4
1571767452 3
1571767453 3
1571767454 3
1571767455 3
1571767456 3
1571767457 3
1571767458 3
1571767459 3
1571767460 3
1571767461 2
1571767462 2
1571767463 2
1571767464 2
1571767465 2
1571767466 2
1571767467 2
1571767468 3
1571767469 3
1571767470 2
1571767471 2
1571767472 2
1571767473 2
1571767474 2
1571767475 2
1571767476 2
1571767477 2
1571767478 2
1571767479 2
1571767480 2
1571767481 2
1571767482 2
1571767483 2
1571767484 2
1571767485 3
1571767486 5
1571767487 4
1571767488 4
1571767489 4
1571767490 3
1571767491 2
1571767492 2
1571767493 2
1571767494 2
1571767495 2
1571767496 2
1571767497 2
1571767498 2
1571767499 2
1571767500 2
1571767501 2
1571767502 3
1571767503 2
1571767504 2
1571767505 2
1571767506 2
1571767507 2
1571767508 2
1571767509 2
1571767510 2
1571767511 2
1571767512 2
1571767513 2
1571767514 2
1571767515 2
1571767516 2
1571767517 2
1571767518 2
1571767519 2
1571767520 2
1571767521 2
1571767522 2
1571767523 2
1571767524 2
1571767525 3
1571767526 5
1571767527 4
1571767528 4
1571767529 4
1571767530 3
1571767531 2
1571767532 2
1571767533 2
1571767534 2
1571767535 2
1571767536 2
1571767537 2
1571767538 2
1571767539 2
1571767540 2
1571767541 2
1571767542 2
1571767543 2
1571767544 3
1571767545 2
1571767546 3
1571767547 2
1571767548 2
1571767549 3
1571767550 3
1571767551 2
1571767552 2
1571767553 2
1571767554 2
1571767555 2
1571767556 2
1571767557 2
1571767558 2
1571767559 2
1571767560 2
1571767561 2
1571767562 3
1571767563 3
1571767564 4
1571767565 5
1571767566 5
1571767567 5
1571767568 5
1571767569 5
1571767570 3
1571767571 3
1571767572 2
1571767573 2
1571767574 2
1571767575 2
1571767576 2
1571767577 2
1571767578 2
1571767579 2
1571767580 2
1571767581 3
1571767582 2
1571767583 2
1571767584 2
1571767585 3
1571767586 3
1571767587 3
1571767588 2
1571767589 2
1571767590 2
1571767591 2
1571767592 2
1571767593 2
1571767594 3
1571767595 3
1571767596 3
1571767597 3
1571767598 3
1571767599 4
1571767600 3
1571767601 5
1571767602 5
1571767603 4
1571767604 4
1571767605 5
1571767606 5
1571767607 5
1571767608 5
1571767609 5
1571767610 6
1571767611 7
1571767612 6
1571767613 6
1571767614 4
1571767615 2
1571767616 2
1571767617 2
1571767618 2
1571767619 2
1571767620 2
1571767621 2
1571767622 1
1571767623 2
1571767624 2
1571767625 3
1571767626 2
1571767627 4
