1582886221 2
1582886222 2
1582886223 2
1582886224 1
1582886225 1
1582886226 3
1582886227 3
1582886228 3
1582886229 1
1582886230 2
1582886509 3
1582886510 3
1582886511 3
1582886512 2
1582886513 3
1582886514 4
1582886515 4
1582886516 2
1582886517 2
1582886518 3
1582886519 1
1582886520 2
1582886521 2
1582886522 3
1582886523 3
1582886524 4
1582886525 4
1582886526 4
1582886527 4
1582886528 3
1582886529 3
1582886530 4
1582886531 5
1582886532 5
1582886533 5
1582886534 6
1582886535 6
1582886536 5
1582886537 5
1582886538 6
1582886539 5
1582886540 5
1582886541 5
1582886542 5
1582886543 4
1582886544 3
1582886545 3
1582886546 3
1582886547 3
1582886548 4
1582886549 3
1582886550 3
1582886551 3
1582886552 2
1582886553 2
1582886804 2
1582886805 2
1582886806 2
1582886807 2
1582886808 1
1582886809 3
1582886810 3
1582886811 3
1582886812 5
1582886813 5
1582886814 4
1582886815 4
1582886816 3
1582886817 4
1582886818 5
1582886819 4
1582886820 4
1582886821 4
1582886822 4
1582886823 3
1582886824 3
1582886825 2
1582886826 4
1582886827 5
1582886828 5
1582886829 5
1582886830 6
1582886831 5
1582886832 5
1582886833 5
1582886834 5
1582886835 5
1582886836 5
1582886837 3
1582886838 3
1582886839 3
1582886840 3
1582886841 4
1582886842 4
1582886843 4
1582886844 4
1582886845 3
1582886846 3
1582886847 3
1582886848 1
1582886849 2
1582887092 2
1582887093 2
1582887094 2
1582887095 2
1582887096 2
1582887097 3
1582887098 3
1582887099 3
1582887100 3
1582887101 3
1582887384 2
1582887385 2
1582887386 2
1582887387 2
1582887388 1
1582887389 3
1582887390 3
1582887391 3
1582887392 4
1582887393 2
1582887394 2
1582887395 2
1582887396 3
1582887397 2
1582887398 3
1582887399 3
1582887400 4
1582887401 4
1582887402 3
1582887403 3
1582887404 2
1582887405 3
1582887406 5
1582887407 5
1582887408 5
1582887409 5
1582887410 6
1582887411 5
1582887412 5
1582887413 6
1582887414 6
1582887415 4
1582887416 5
1582887417 4
1582887418 3
1582887419 4
1582887420 4
1582887421 4
1582887422 4
1582887423 4
1582887424 3
1582887425 3
1582887426 2
1582887427 2
1582887959 2
1582887960 2
1582887961 2
1582887962 1
1582887963 2
1582887964 3
1582887965 3
1582887966 3
1582887967 2
1582887968 3
1582887969 3
1582887970 1
1582887971 2
1582887972 3
1582887973 3
1582887974 4
1582887975 4
1582887976 4
1582887977 4
1582887978 3
1582887979 3
1582887980 3
1582887981 4
1582887982 5
1582887983 6
1582887984 7
1582887985 6
1582887986 7
1582887987 6
1582887988 6
1582887989 7
1582887990 5
1582887991 4
1582887992 4
1582887993 4
1582887994 3
1582887995 4
1582887996 4
1582887997 4
1582887998 5
1582887999 3
1582888000 3
1582888001 2
1582888002 2
1582888003 1
1582888246 2
1582888247 2
1582888248 2
1582888249 1
1582888250 2
1582888251 3
1582888252 3
1582888253 3
1582888254 2
1582888255 4
1582888256 4
1582888257 1
1582888258 1
1582888259 2
1582888260 3
1582888261 3
1582888262 3
1582888263 4
1582888264 4
1582888265 4
1582888266 3
1582888267 3
1582888268 3
1582888269 4
1582888270 6
1582888271 6
1582888272 6
1582888273 7
1582888274 6
1582888275 6
1582888276 7
1582888277 4
1582888278 4
1582888279 4
1582888280 4
1582888281 3
1582888282 4
1582888283 4
1582888284 5
1582888285 5
1582888286 4
1582888287 4
1582888288 2
1582888289 1
1582888290 2
1582888533 2
1582888534 2
1582888535 2
1582888536 2
1582888537 1
1582888538 2
1582888539 3
1582888540 3
1582888541 2
1582888542 2
1582888543 2
1582888544 1
1582888545 2
1582888546 2
1582888547 3
1582888548 3
1582888549 4
1582888550 4
1582888551 4
1582888552 3
1582888553 3
1582888554 2
1582888555 5
1582888556 5
1582888557 5
1582888558 5
1582888559 5
1582888560 5
1582888561 5
1582888562 5
1582888563 5
1582888564 5
1582888565 6
1582888566 6
1582888567 5
1582888568 4
1582888569 4
1582888570 4
1582888571 5
1582888572 4
1582888573 3
1582888574 3
1582888575 3
1582888576 2
1582888577 1
1582888578 2
1582888894 2
1582888895 2
1582888896 2
1582888897 1
1582888898 2
1582888899 2
1582888900 3
1582888901 3
1582888902 2
1582888903 3
1582888904 2
1582888905 1
1582888906 2
1582888907 2
1582888908 3
1582888909 3
1582888910 4
1582888911 4
1582888912 4
1582888913 3
1582888914 3
1582888915 2
1582888916 4
1582888917 5
1582888918 5
1582888919 4
1582888920 5
1582888921 4
1582888922 4
1582888923 5
1582888924 4
1582888925 4
1582888926 5
1582888927 5
1582888928 3
1582888929 3
1582888930 3
1582888931 3
1582888932 4
1582888933 4
1582888934 3
1582888935 3
1582888936 3
1582888937 3
1582888938 2
1582888939 2
