1582634969 2
1582634970 2
1582634971 2
1582634972 1
1582634973 1
1582634974 3
1582634975 3
1582634976 3
1582634977 2
1582634978 3
1582634979 2
1582634980 2
1582634981 1
1582634982 2
1582634983 2
1582634984 2
1582634985 2
1582634986 3
1582634987 2
1582634988 2
1582634989 2
1582634990 2
1582634991 4
1582634992 5
1582634993 6
1582634994 6
1582634995 7
1582634996 7
1582634997 6
1582634998 6
1582634999 7
1582635000 5
1582635001 4
1582635002 3
1582635003 4
1582635004 3
1582635005 3
1582635006 3
1582635007 4
1582635008 4
1582635009 3
1582635010 3
1582635011 3
1582635012 3
1582635013 3
1582635251 2
1582635252 2
1582635253 2
1582635254 2
1582635255 1
1582635256 3
1582635257 3
1582635258 3
1582635259 3
1582635260 2
1582635261 2
1582635262 2
1582635263 2
1582635264 2
1582635265 2
1582635266 2
1582635267 2
1582635268 3
1582635269 3
1582635270 2
1582635271 2
1582635272 2
1582635273 2
1582635274 4
1582635275 5
1582635276 5
1582635277 5
1582635278 6
1582635279 5
1582635280 5
1582635281 5
1582635282 5
1582635283 6
1582635284 4
1582635285 3
1582635286 3
1582635287 5
1582635288 2
1582635289 2
1582635290 2
1582635291 3
1582635292 3
1582635293 3
1582635294 2
1582635295 2
1582635296 2
1582635297 2
1582636395 2
1582636396 2
1582636397 2
1582636398 2
1582636399 2
1582636400 3
1582636401 3
1582636402 2
1582636403 2
1582636404 3
1582636405 3
1582636406 2
1582636407 2
1582636408 2
1582636409 3
1582636410 4
1582636411 4
1582636412 4
1582636413 4
1582636414 2
1582636415 2
1582636416 4
1582636417 5
1582636418 5
1582636419 5
1582636420 6
1582636421 5
1582636422 5
1582636423 6
1582636424 7
1582636425 5
1582636426 6
1582636427 5
1582636428 5
1582636429 4
1582636430 3
1582636431 3
1582636432 3
1582636433 3
1582636434 2
1582636435 2
1582636436 2
1582636437 1
1582636438 2
1582636687 3
1582636688 2
1582636689 2
1582636690 1
1582636691 2
1582636692 3
1582636693 3
1582636694 2
1582636695 2
1582636696 3
1582636697 2
1582636698 2
1582636699 2
1582636700 2
1582636701 3
1582636702 3
1582636703 4
1582636704 4
1582636705 3
1582636706 2
1582636707 2
1582636708 3
1582636709 5
1582636710 5
1582636711 5
1582636712 6
1582636713 5
1582636714 5
1582636715 6
1582636716 6
1582636717 6
1582636718 6
1582636719 6
1582636720 5
1582636721 4
1582636722 3
1582636723 3
1582636724 3
1582636725 3
1582636726 4
1582636727 2
1582636728 3
1582636729 3
1582636730 3
1582636731 2
1582636732 3
1582637572 2
1582637573 2
1582637574 2
1582637575 2
1582637576 1
1582637577 2
1582637578 3
1582637579 3
1582637580 3
1582637581 3
1582637582 3
1582637583 2
1582637584 2
1582637585 2
1582637586 2
1582637587 2
1582637588 3
1582637589 4
1582637590 4
1582637591 4
1582637592 3
1582637593 2
1582637594 2
1582637595 3
1582637596 5
1582637597 5
1582637598 5
1582637599 6
1582637600 5
1582637601 5
1582637602 6
1582637603 6
1582637604 6
1582637605 6
1582637606 6
1582637607 5
1582637608 4
1582637609 4
1582637610 3
1582637611 3
1582637612 3
1582637613 3
1582637614 2
1582637615 2
1582637616 2
1582637617 2
1582637618 2
1582637866 2
1582637867 2
1582637868 2
1582637869 1
1582637870 2
1582637871 3
1582637872 3
1582637873 3
1582637874 2
1582637875 3
1582637876 3
1582637877 2
1582637878 1
1582637879 2
1582637880 2
1582637881 2
1582637882 2
1582637883 2
1582637884 3
1582637885 3
1582637886 3
1582637887 2
1582637888 2
1582637889 3
1582637890 4
1582637891 7
1582637892 5
1582637893 4
1582637894 4
1582637895 4
1582637896 3
1582637897 3
1582637898 3
1582637899 3
1582637900 3
1582637901 3
1582637902 2
1582637903 2
1582637904 2
1582637905 2
1582637906 3
1582637907 3
1582637908 3
1582637909 4
1582637910 3
1582637911 2
1582637912 2
1582637913 2
1582637914 2
1582637915 2
1582637916 2
1582637917 3
1582637918 2
1582637919 4
1582637920 4
1582637921 4
1582637922 4
1582637923 3
1582637924 2
1582637925 2
1582637926 2
1582637927 2
1582637928 2
1582637929 2
1582637930 2
1582637931 2
1582637932 3
1582637933 2
1582637934 3
1582637935 3
1582637936 3
1582637937 2
1582637938 2
1582637939 2
1582637940 2
1582637941 2
1582637942 2
1582637943 2
1582637944 2
1582637945 3
1582637946 2
1582637947 4
1582637948 4
1582637949 4
1582637950 5
1582637951 3
1582637952 2
1582637953 2
1582637954 2
1582637955 2
1582637956 2
1582637957 2
1582637958 2
1582637959 2
1582637960 2
1582637961 2
1582637962 3
1582637963 3
1582637964 2
1582637965 2
1582637966 2
1582637967 3
1582637968 3
1582637969 3
1582637970 2
1582637971 2
1582637972 2
1582637973 2
1582637974 2
1582637975 3
1582637976 2
1582637977 4
1582637978 4
1582637979 4
1582637980 4
1582637981 2
1582637982 2
1582637983 2
1582637984 2
1582637985 2
1582637986 2
1582637987 2
1582637988 2
1582637989 3
1582637990 3
1582637991 4
1582637992 3
1582637993 3
1582637994 2
1582637995 2
1582637996 2
1582637997 2
1582637998 2
1582637999 3
1582638000 3
1582638001 3
1582638002 4
1582638003 4
1582638004 4
1582638005 4
1582638006 4
1582638007 4
1582638008 4
1582638009 3
1582638010 3
1582638011 2
1582638012 2
1582638013 2
1582638014 2
1582638015 2
1582638016 2
1582638017 2
1582638018 2
1582638019 2
1582638020 2
1582638021 2
1582638022 2
1582638023 2
1582638024 2
1582638025 2
1582638026 3
1582638027 4
1582638028 4
1582638029 4
1582638030 4
1582638031 5
1582638032 5
1582638033 5
1582638034 5
1582638035 5
1582638036 5
1582638037 5
1582638038 5
1582638039 4
1582638040 3
1582638041 2
1582638042 2
1582638043 2
1582638044 2
1582638045 2
1582638046 2
1582638047 2
1582638048 2
1582638049 2
1582638050 2
1582638051 2
1582638052 2
1582638053 2
1582638054 2
1582638055 2
1582638056 2
1582638057 3
1582638058 5
1582638059 4
1582638060 4
1582638061 4
1582638062 4
1582638063 3
1582638064 3
1582638065 3
1582638066 3
1582638067 3
1582638068 2
1582638069 2
1582638070 2
1582638071 2
1582638072 2
1582638073 3
1582638074 3
1582638075 3
1582638076 2
1582638077 3
1582638078 2
1582638079 2
1582638080 2
1582638081 2
1582638082 2
1582638083 2
1582638084 2
1582638085 2
1582638086 3
1582638087 4
1582638088 4
1582638089 3
1582638090 3
1582638091 2
1582638092 2
1582638093 2
1582638094 2
1582638095 2
1582638096 2
1582638097 2
1582638098 2
1582638099 2
1582638100 3
1582638101 2
1582638102 2
1582638103 2
1582638104 3
1582638105 3
1582638106 2
1582638107 2
1582638108 2
1582638109 2
1582638110 2
1582638111 2
1582638112 2
1582638113 2
1582638114 2
1582638115 2
1582638116 3
1582638117 4
1582638118 4
1582638119 4
1582638120 3
1582638121 2
1582638122 2
1582638123 2
1582638124 3
1582638125 2
1582638126 2
1582638127 2
1582638128 2
1582638129 2
1582638130 3
1582638131 2
1582638132 3
1582638133 2
1582638134 2
1582638135 2
1582638136 2
1582638137 2
1582638138 2
1582638139 2
1582638140 2
1582638141 2
1582638142 2
1582638143 2
1582638144 3
1582638145 4
1582638146 4
1582638147 3
1582638148 3
1582638149 2
1582638150 2
1582638151 2
1582638152 2
1582638153 2
1582638154 2
1582638155 3
1582638156 2
1582638157 3
1582638158 2
1582638159 3
1582638160 3
1582638161 3
1582638162 2
1582638163 2
1582638164 2
1582638165 2
1582638166 2
1582638167 3
1582638168 3
1582638169 3
1582638170 4
1582638171 4
1582638172 4
1582638173 4
1582638174 4
1582638175 4
1582638176 6
1582638177 5
1582638178 3
1582638179 3
1582638180 2
1582638181 2
1582638182 3
1582638183 3
1582638184 3
1582638185 2
1582638186 2
1582638187 2
1582638188 3
1582640680 2
1582640681 2
1582640682 2
1582640683 1
1582640684 2
1582640685 3
1582640686 3
1582640687 3
1582640688 2
1582640689 3
1582640690 3
1582640691 1
1582640692 2
1582640693 2
1582640694 3
1582640695 3
1582640696 4
1582640697 4
1582640698 4
1582640699 3
1582640700 2
1582640701 3
1582640702 5
1582640703 6
1582640704 4
1582640705 4
1582640706 4
1582640707 4
1582640708 3
1582640709 3
1582640710 3
1582640711 3
1582640712 3
1582640713 2
1582640714 2
1582640715 2
1582640716 2
1582640717 3
1582640718 3
1582640719 3
1582640720 2
1582640721 2
1582640722 3
1582640723 2
1582640724 3
1582640725 2
1582640726 2
1582640727 2
1582640728 2
1582640729 3
1582640730 2
1582640731 4
1582640732 4
1582640733 4
1582640734 3
1582640735 3
1582640736 2
1582640737 2
1582640738 2
1582640739 2
1582640740 2
1582640741 2
1582640742 2
1582640743 2
1582640744 3
1582640745 2
1582640746 2
1582640747 4
1582640748 3
1582640749 2
1582640750 2
1582640751 2
1582640752 2
1582640753 2
1582640754 2
1582640755 2
1582640756 2
1582640757 3
1582640758 2
1582640759 4
1582640760 4
1582640761 4
1582640762 3
1582640763 3
1582640764 3
1582640765 2
1582640766 2
1582640767 2
1582640768 2
1582640769 2
1582640770 2
1582640771 2
1582640772 2
1582640773 2
1582640774 3
1582640775 2
1582640776 2
1582640777 2
1582640778 2
1582640779 2
1582640780 3
1582640781 2
1582640782 3
1582640783 2
1582640784 2
1582640785 3
1582640786 2
1582640787 2
1582640788 2
1582640789 3
1582640790 1
1582640791 2
1582640792 3
1582640793 3
1582640794 3
1582640795 4
1582640796 4
1582640797 2
1582640798 2
1582640799 3
1582640800 2
1582640801 2
1582640802 3
1582640803 2
1582640804 2
1582640805 2
1582640806 3
1582640807 4
1582640808 2
1582640809 2
1582640810 2
1582640811 3
1582640812 2
1582640813 3
1582640814 3
1582640815 3
1582640816 3
1582640817 4
1582640818 4
1582640819 4
1582640820 4
1582640821 4
1582640822 4
1582640823 4
1582640824 3
1582640825 2
1582640826 2
1582640827 2
1582640828 2
1582640829 2
1582640830 2
1582640831 2
1582640832 2
1582640833 2
1582640834 2
1582640835 2
1582640836 2
1582640837 2
1582640838 2
1582640839 2
1582640840 2
1582640841 4
1582640842 5
1582640843 4
1582640844 4
1582640845 5
1582640846 5
1582640847 5
1582640848 5
1582640849 5
1582640850 4
1582640851 5
1582640852 5
1582640853 5
1582640854 4
1582640855 4
1582640856 2
1582640857 2
1582640858 2
1582640859 2
1582640860 2
1582640861 2
1582640862 2
1582640863 2
1582640864 2
1582640865 2
1582640866 2
1582640867 2
1582640868 2
1582640869 2
1582640870 2
1582640871 3
1582640872 3
1582640873 5
1582640874 4
1582640875 4
1582640876 4
1582640877 4
1582640878 3
1582640879 3
1582640880 3
1582640881 4
1582640882 3
1582640883 3
1582640884 2
1582640885 2
1582640886 2
1582640887 2
1582640888 3
1582640889 3
1582640890 2
1582640891 3
1582640892 2
1582640893 2
1582640894 2
1582640895 2
1582640896 2
1582640897 2
1582640898 2
1582640899 2
1582640900 3
1582640901 3
1582640902 4
1582640903 4
1582640904 3
1582640905 2
1582640906 2
1582640907 2
1582640908 2
1582640909 1
1582640910 2
1582640911 2
1582640912 2
1582640913 2
1582640914 2
1582640915 3
1582640916 3
1582640917 1
1582640918 1
1582640919 1
1582640920 2
1582640921 2
1582640922 2
1582640923 2
1582640924 2
1582640925 2
1582640926 2
1582640927 2
1582640928 2
1582640929 2
1582640930 2
1582640931 2
1582640932 3
1582640933 4
1582640934 4
1582640935 4
1582640936 3
1582640937 2
1582640938 2
1582640939 2
1582640940 2
1582640941 2
1582640942 2
1582640943 2
1582640944 2
1582640945 2
1582640946 3
1582640947 2
1582640948 3
1582640949 2
1582640950 2
1582640951 2
1582640952 2
1582640953 2
1582640954 2
1582640955 2
1582640956 2
1582640957 2
1582640958 2
1582640959 2
1582640960 2
1582640961 4
1582640962 4
1582640963 4
1582640964 3
1582640965 2
1582640966 2
1582640967 2
1582640968 2
1582640969 2
1582640970 2
1582640971 3
1582640972 2
1582640973 4
1582640974 3
1582640975 4
1582640976 3
1582640977 2
1582640978 2
1582640979 2
1582640980 2
1582640981 2
1582640982 2
1582640983 3
1582640984 3
1582640985 3
1582640986 4
1582640987 4
1582640988 4
1582640989 5
1582640990 5
1582640991 6
1582640992 6
1582640993 5
1582640994 5
1582640995 2
1582640996 2
1582640997 2
1582640998 4
1582640999 3
1582641000 3
1582641001 3
1582641002 2
1582641003 2
1582641239 2
1582641240 2
1582641241 2
1582641242 2
1582641243 1
1582641244 3
1582641245 3
1582641246 3
1582641247 4
1582641248 2
1582641249 2
1582641250 2
1582641251 3
1582641252 2
1582641253 2
1582641254 2
1582641255 3
1582641256 3
1582641257 2
1582641258 2
1582641259 2
1582641260 2
1582641261 5
1582641262 6
1582641263 4
1582641264 4
1582641265 4
1582641266 5
1582641267 3
1582641268 3
1582641269 3
1582641270 3
1582641271 2
1582641272 2
1582641273 2
1582641274 2
1582641275 2
1582641276 2
1582641277 3
1582641278 3
1582641279 2
1582641280 2
1582641281 2
1582641282 3
1582641283 3
1582641284 2
1582641285 2
1582641286 2
1582641287 2
1582641288 3
1582641289 2
1582641290 4
1582641291 4
1582641292 4
1582641293 4
1582641294 2
1582641295 2
1582641296 2
1582641297 2
1582641298 2
1582641299 2
1582641300 2
1582641301 2
1582641302 2
1582641303 2
1582641304 2
1582641305 3
1582641306 4
1582641307 2
1582641308 2
1582641309 2
1582641310 2
1582641311 2
1582641312 2
1582641313 2
1582641314 2
1582641315 2
1582641316 2
1582641317 3
1582641318 2
1582641319 4
1582641320 4
1582641321 5
1582641322 2
1582641323 2
1582641324 2
1582641325 2
1582641326 2
1582641327 2
1582641328 2
1582641329 2
1582641330 2
1582641331 2
1582641332 2
1582641333 2
1582641334 4
1582641335 2
1582641336 2
1582641337 2
1582641338 4
1582641339 2
1582641340 2
1582641341 2
1582641342 2
1582641343 2
1582641344 2
1582641345 2
1582641346 2
1582641347 3
1582641348 2
1582641349 4
1582641350 4
1582641351 4
1582641352 4
1582641353 2
1582641354 2
1582641355 2
1582641356 2
1582641357 2
1582641358 2
1582641359 2
1582641360 3
1582641361 4
1582641362 4
1582641363 5
1582641364 4
1582641365 2
1582641366 2
1582641367 2
1582641368 2
1582641369 2
1582641370 2
1582641371 3
1582641372 3
1582641373 3
1582641374 3
1582641375 4
1582641376 3
1582641377 4
1582641378 4
1582641379 4
1582641380 3
1582641381 3
1582641382 3
1582641383 2
1582641384 2
1582641385 2
1582641386 2
1582641387 2
1582641388 2
1582641389 2
1582641390 2
1582641391 2
1582641392 2
1582641393 2
1582641394 2
1582641395 2
1582641396 2
1582641397 2
1582641398 3
1582641399 4
1582641400 4
1582641401 4
1582641402 5
1582641403 5
1582641404 5
1582641405 5
1582641406 5
1582641407 5
1582641408 5
1582641409 5
1582641410 4
1582641411 4
1582641412 3
1582641413 2
1582641414 2
1582641415 2
1582641416 2
1582641417 2
1582641418 2
1582641419 2
1582641420 2
1582641421 2
1582641422 2
1582641423 2
1582641424 2
1582641425 2
1582641426 2
1582641427 2
1582641428 2
1582641429 3
1582641430 3
1582641431 4
1582641432 4
1582641433 4
1582641434 3
1582641435 3
1582641436 3
1582641437 3
1582641438 3
1582641439 3
1582641440 2
1582641441 2
1582641442 2
1582641443 2
1582641444 2
1582641445 3
1582641446 3
1582641447 3
1582641448 3
1582641449 3
1582641450 4
1582641451 3
1582641452 3
1582641453 3
1582641454 2
1582641455 2
1582641456 2
1582641457 3
1582641458 3
1582641459 4
1582641460 4
1582641461 3
1582641462 3
1582641463 2
1582641464 2
1582641465 2
1582641466 2
1582641467 1
1582641468 3
1582641469 2
1582641470 2
1582641471 2
1582641472 2
1582641473 3
1582641474 1
1582641475 1
1582641476 1
1582641477 1
1582641478 1
1582641479 1
1582641480 1
1582641481 1
1582641482 1
1582641483 1
1582641484 1
1582641485 1
1582641486 1
1582641487 1
1582641488 1
1582641489 1
1582641490 1
1582641491 2
1582641492 3
1582641493 4
1582641494 3
1582641495 4
1582641496 4
1582641497 3
1582641498 2
1582641499 2
1582641500 2
1582641501 2
1582641502 2
1582641503 2
1582641504 2
1582641505 2
1582641506 2
1582641507 2
1582641508 2
1582641509 2
1582641510 3
1582641511 3
1582641512 2
1582641513 2
1582641514 2
1582641515 2
1582641516 2
1582641517 2
1582641518 2
1582641519 2
1582641520 3
1582641521 4
1582641522 4
1582641523 3
1582641524 3
1582641525 2
1582641526 2
1582641527 2
1582641528 2
1582641529 3
1582641530 3
1582641531 2
1582641532 3
1582641533 3
1582641534 3
1582641535 3
1582641536 2
1582641537 2
1582641538 2
1582641539 2
1582641540 2
1582641541 2
1582641542 3
1582641543 3
1582641544 3
1582641545 3
1582641546 4
1582641547 3
1582641548 4
1582641549 5
1582641550 4
1582641551 4
1582641552 4
1582641553 4
1582641554 3
1582641555 4
1582641556 3
1582641557 4
1582641558 3
1582641559 2
1582641560 2
1582641561 2
1582641562 2
1582641563 3
1582642377 2
1582642378 2
1582642379 2
1582642380 2
1582642381 2
1582642382 3
1582642383 3
1582642384 3
1582642385 3
1582642386 3
1582642387 2
1582642388 2
1582642389 2
1582642390 2
1582642391 2
1582642392 3
1582642393 4
1582642394 4
1582642395 4
1582642396 4
1582642397 3
1582642398 3
1582642399 6
1582642400 7
1582642401 5
1582642402 5
1582642403 6
1582642404 5
1582642405 4
1582642406 3
1582642407 3
1582642408 3
1582642409 3
1582642410 2
1582642411 3
1582642412 2
1582642413 2
1582642414 2
1582642415 3
1582642416 3
1582642417 3
1582642418 3
1582642419 2
1582642420 2
1582642421 2
1582642422 2
1582642423 2
1582642424 2
1582642425 2
1582642426 2
1582642427 4
1582642428 2
1582642429 4
1582642430 4
1582642431 5
1582642432 3
1582642433 3
1582642434 2
1582642435 2
1582642436 2
1582642437 2
1582642438 2
1582642439 2
1582642440 2
1582642441 2
1582642442 3
1582642443 2
1582642444 2
1582642445 2
1582642446 2
1582642447 2
1582642448 2
1582642449 3
1582642450 2
1582642451 2
1582642452 2
1582642453 2
1582642454 2
1582642455 3
1582642456 2
1582642457 4
1582642458 4
1582642459 4
1582642460 4
1582642461 3
1582642462 2
1582642463 2
1582642464 2
1582642465 2
1582642466 2
1582642467 2
1582642468 2
1582642469 2
1582642470 2
1582642471 2
1582642472 2
1582642473 4
1582642474 2
1582642475 2
1582642476 2
1582642477 2
1582642478 2
1582642479 2
1582642480 2
1582642481 2
1582642482 2
1582642483 2
1582642484 2
1582642485 2
1582642486 3
1582642487 2
1582642488 4
1582642489 4
1582642490 4
1582642491 3
1582642492 2
1582642493 2
1582642494 2
1582642495 2
1582642496 2
1582642497 2
1582642498 2
1582642499 3
1582642500 4
1582642501 2
1582642502 2
1582642503 3
1582642504 2
1582642505 2
1582642506 2
1582642507 2
1582642508 2
1582642509 2
1582642510 3
1582642511 3
1582642512 3
1582642513 3
1582642514 4
1582642515 3
1582642516 4
1582642517 4
1582642518 4
1582642519 5
1582642520 3
1582642521 3
1582642522 2
1582642523 2
1582642524 2
1582642525 2
1582642526 2
1582642527 2
1582642528 2
1582642529 2
1582642530 2
1582642531 2
1582642532 2
1582642533 2
1582642534 2
1582642535 2
1582642536 2
1582642537 2
1582642538 4
1582642539 4
1582642540 4
1582642541 4
1582642542 5
1582642543 5
1582642544 5
1582642545 5
1582642546 5
1582642547 5
1582642548 5
1582642549 4
1582642550 3
1582642551 3
1582642552 3
1582642553 2
1582642554 2
1582642555 1
1582642556 2
1582642557 3
1582642558 2
1582642559 2
1582642560 2
1582642561 2
1582642562 2
1582642563 2
1582642564 2
1582642565 2
1582642566 2
1582642567 2
1582642568 2
1582642569 2
1582642570 3
1582642571 3
1582642572 5
1582642573 4
1582642574 4
1582642575 4
1582642576 4
1582642577 3
1582642578 3
1582642579 3
1582642580 3
1582642581 3
1582642582 2
1582642583 2
1582642584 2
1582642585 2
1582642586 2
1582642587 3
1582642588 3
1582642589 3
1582642590 3
1582642591 3
1582642592 3
1582642593 2
1582642594 2
1582642595 2
1582642596 2
1582642597 2
1582642598 2
1582642599 2
1582642600 3
1582642601 4
1582642602 4
1582642603 3
1582642604 2
1582642605 2
1582642606 2
1582642607 2
1582642608 2
1582642609 2
1582642610 2
1582642611 2
1582642612 2
1582642613 3
1582642614 2
1582642615 2
1582642616 2
1582642617 2
1582642618 2
1582642619 2
1582642620 2
1582642621 2
1582642622 2
1582642623 2
1582642624 2
1582642625 2
1582642626 2
1582642627 2
1582642628 2
1582642629 2
1582642630 4
1582642631 4
1582642632 4
1582642633 4
1582642634 4
1582642635 3
1582642636 3
1582642637 2
1582642638 2
1582642639 2
1582642640 2
1582642641 2
1582642642 2
1582642643 2
1582642644 3
1582642645 2
1582642646 3
1582642647 2
1582642648 4
1582642649 4
1582642650 4
1582642651 3
1582642652 2
1582642653 2
1582642654 2
1582642655 2
1582642656 2
1582642657 2
1582642658 3
1582642659 4
1582642660 4
1582642661 4
1582642662 3
1582642663 2
1582642664 2
1582642665 2
1582642666 2
1582642667 2
1582642668 3
1582642669 3
1582642670 3
1582642671 3
1582642672 2
1582642673 3
1582642674 4
1582642675 3
1582642676 2
1582642677 2
1582642678 2
1582642679 2
1582642680 2
1582642681 3
1582642682 3
1582642683 3
1582642684 3
1582642685 4
1582642686 3
1582642687 4
1582642688 4
1582642689 4
1582642690 7
1582642691 5
1582642692 4
1582642693 3
1582642694 2
1582642695 2
1582642696 3
1582642697 4
1582642698 4
1582642699 3
1582642700 2
1582642701 1
1582642702 2
1582642951 2
1582642952 3
1582642953 3
1582642954 3
1582642955 2
1582642956 3
1582642957 3
1582642958 3
1582642959 2
1582642960 2
1582642961 3
1582642962 3
1582642963 5
1582642964 3
1582642965 3
1582642966 3
1582642967 4
1582642968 5
1582642969 5
1582642970 4
1582642971 3
1582642972 3
1582642973 4
1582642974 6
1582642975 6
1582642976 4
1582642977 4
1582642978 3
1582642979 5
1582642980 3
1582642981 3
1582642982 3
1582642983 3
1582642984 2
1582642985 2
1582642986 2
1582642987 2
1582642988 2
1582642989 3
1582642990 3
1582642991 3
1582642992 2
1582642993 4
1582642994 2
1582642995 2
1582642996 2
1582642997 2
1582642998 2
1582642999 2
1582643000 2
1582643001 3
1582643002 2
1582643003 4
1582643004 4
1582643005 4
1582643006 4
1582643007 3
1582643008 2
1582643009 2
1582643010 2
1582643011 2
1582643012 2
1582643013 2
1582643014 2
1582643015 3
1582643016 2
1582643017 3
1582643018 2
1582643019 3
1582643020 2
1582643021 2
1582643022 2
1582643023 2
1582643024 2
1582643025 2
1582643026 2
1582643027 2
1582643028 2
1582643029 2
1582643030 3
1582643031 2
1582643032 4
1582643033 4
1582643034 4
1582643035 4
1582643036 3
1582643037 2
1582643038 2
1582643039 2
1582643040 2
1582643041 2
1582643042 2
1582643043 2
1582643044 2
1582643045 2
1582643046 2
1582643047 3
1582643048 2
1582643049 2
1582643050 3
1582643051 3
1582643052 3
1582643053 3
1582643054 2
1582643055 2
1582643056 2
1582643057 2
1582643058 2
1582643059 2
1582643060 3
1582643061 2
1582643062 4
1582643063 4
1582643064 4
1582643065 4
1582643066 3
1582643067 2
1582643068 2
1582643069 2
1582643070 2
1582643071 2
1582643072 2
1582643073 2
1582643074 2
1582643075 2
1582643076 2
1582643077 4
1582643078 3
1582643079 2
1582643080 2
1582643081 2
1582643082 2
1582643083 2
1582643084 3
1582643085 3
1582643086 3
1582643087 3
1582643088 4
1582643089 3
1582643090 3
1582643091 4
1582643092 4
1582643093 4
1582643094 3
1582643095 3
1582643096 3
1582643097 2
1582643098 2
1582643099 2
1582643100 2
1582643101 2
1582643102 2
1582643103 2
1582643104 2
1582643105 2
1582643106 2
1582643107 2
1582643108 2
1582643109 2
1582643110 2
1582643111 2
1582643112 4
1582643113 4
1582643114 4
1582643115 5
1582643116 5
1582643117 5
1582643118 5
1582643119 5
1582643120 6
1582643121 5
1582643122 5
1582643123 5
1582643124 5
1582643125 4
1582643126 2
1582643127 2
1582643128 2
1582643129 2
1582643130 3
1582643131 2
1582643132 2
1582643133 2
1582643134 2
1582643135 2
1582643136 2
1582643137 2
1582643138 2
1582643139 2
1582643140 2
1582643141 2
1582643142 2
1582643143 3
1582643144 3
1582643145 5
1582643146 4
1582643147 4
1582643148 2
1582643149 3
1582643150 3
1582643151 2
1582643152 2
1582643153 2
1582643154 2
1582643155 2
1582643156 2
1582643157 2
1582643158 2
1582643159 2
1582643160 3
1582643161 3
1582643162 2
1582643163 2
1582643164 2
1582643165 2
1582643166 2
1582643167 2
1582643168 2
1582643169 2
1582643170 2
1582643171 2
1582643172 2
1582643173 2
1582643174 3
1582643175 4
1582643176 4
1582643177 3
1582643178 2
1582643179 2
1582643180 2
1582643181 2
1582643182 2
1582643183 2
1582643184 2
1582643185 2
1582643186 2
1582643187 3
1582643188 2
1582643189 2
1582643190 2
1582643191 2
1582643192 2
1582643193 2
1582643194 2
1582643195 2
1582643196 2
1582643197 2
1582643198 2
1582643199 2
1582643200 2
1582643201 2
1582643202 2
1582643203 2
1582643204 3
1582643205 4
1582643206 4
1582643207 3
1582643208 2
1582643209 2
1582643210 2
1582643211 2
1582643212 2
1582643213 2
1582643214 2
1582643215 2
1582643216 2
1582643217 2
1582643218 3
1582643219 2
1582643220 2
1582643221 2
1582643222 2
1582643223 2
1582643224 2
1582643225 2
1582643226 2
1582643227 2
1582643228 2
1582643229 2
1582643230 2
1582643231 2
1582643232 2
1582643233 5
1582643234 4
1582643235 4
1582643236 3
1582643237 2
1582643238 2
1582643239 2
1582643240 2
1582643241 2
1582643242 3
1582643243 2
1582643244 2
1582643245 2
1582643246 2
1582643247 2
1582643248 2
1582643249 2
1582643250 2
1582643251 2
1582643252 2
1582643253 3
1582643254 2
1582643255 2
1582643256 3
1582643257 3
1582643258 2
1582643259 3
1582643260 2
1582643261 3
1582643262 4
1582643263 5
1582643264 5
1582643265 5
1582643266 6
1582643267 3
1582643268 3
1582643269 3
1582643270 3
1582643271 4
1582643272 4
1582643273 3
1582643274 3
1582643275 3
1582643276 3
1582643277 3
1582643554 2
1582643555 2
1582643556 2
1582643557 1
1582643558 1
1582643559 3
1582643560 3
1582643561 3
1582643562 2
1582643563 3
1582643564 3
1582643565 2
1582643566 2
1582643567 2
1582643568 2
1582643569 2
1582643570 2
1582643571 3
1582643572 3
1582643573 2
1582643574 2
1582643575 2
1582643576 3
1582643577 6
1582643578 5
1582643579 5
1582643580 4
1582643581 4
1582643582 4
1582643583 3
1582643584 3
1582643585 3
1582643586 3
1582643587 3
1582643588 2
1582643589 2
1582643590 2
1582643591 2
1582643592 3
1582643593 3
1582643594 3
1582643595 3
1582643596 2
1582643597 3
1582643598 3
1582643599 2
1582643600 2
1582643601 2
1582643602 2
1582643603 2
1582643604 3
1582643605 2
1582643606 4
1582643607 4
1582643608 4
1582643609 3
1582643610 3
1582643611 2
1582643612 2
1582643613 2
1582643614 2
1582643615 2
1582643616 2
1582643617 2
1582643618 2
1582643619 3
1582643620 2
1582643621 2
1582643622 4
1582643623 3
1582643624 2
1582643625 2
1582643626 2
1582643627 2
1582643628 2
1582643629 2
1582643630 2
1582643631 2
1582643632 3
1582643633 2
1582643634 4
1582643635 4
1582643636 4
1582643637 3
1582643638 3
1582643639 2
1582643640 2
1582643641 2
1582643642 2
1582643643 2
1582643644 2
1582643645 2
1582643646 2
1582643647 2
1582643648 2
1582643649 3
1582643650 2
1582643651 2
1582643652 2
1582643653 2
1582643654 2
1582643655 2
1582643656 3
1582643657 2
1582643658 2
1582643659 2
1582643660 2
1582643661 2
1582643662 4
1582643663 2
1582643664 4
1582643665 4
1582643666 4
1582643667 3
1582643668 3
1582643669 2
1582643670 2
1582643671 2
1582643672 2
1582643673 2
1582643674 3
1582643675 2
1582643676 3
1582643677 2
1582643678 3
1582643679 3
1582643680 3
1582643681 2
1582643682 2
1582643683 2
1582643684 2
1582643685 3
1582643686 3
1582643687 3
1582643688 3
1582643689 4
1582643690 3
1582643691 4
1582643692 4
1582643693 4
1582643694 4
1582643695 4
1582643696 3
1582643697 2
1582643698 2
1582643699 2
1582643700 2
1582643701 2
1582643702 2
1582643703 2
1582643704 2
1582643705 2
1582643706 2
1582643707 2
1582643708 2
1582643709 2
1582643710 2
1582643711 2
1582643712 2
1582643713 4
1582643714 5
1582643715 4
1582643716 4
1582643717 5
1582643718 5
1582643719 5
1582643720 5
1582643721 5
1582643722 4
1582643723 4
1582643724 4
1582643725 4
1582643726 4
1582643727 3
1582643728 2
1582643729 2
1582643730 2
1582643731 2
1582643732 2
1582643733 2
1582643734 2
1582643735 2
1582643736 2
1582643737 2
1582643738 2
1582643739 2
1582643740 2
1582643741 2
1582643742 2
1582643743 3
1582643744 3
1582643745 5
1582643746 4
1582643747 4
1582643748 4
1582643749 4
1582643750 4
1582643751 3
1582643752 3
1582643753 3
1582643754 3
1582643755 2
1582643756 2
1582643757 2
1582643758 2
1582643759 3
1582643760 3
1582643761 3
1582643762 2
1582643763 2
1582643764 2
1582643765 2
1582643766 2
1582643767 2
1582643768 2
1582643769 2
1582643770 2
1582643771 2
1582643772 2
1582643773 4
1582643774 4
1582643775 4
1582643776 2
1582643777 2
1582643778 2
1582643779 2
1582643780 2
1582643781 3
1582643782 2
1582643783 2
1582643784 2
1582643785 2
1582643786 4
1582643787 2
1582643788 2
1582643789 2
1582643790 3
1582643791 2
1582643792 2
1582643793 2
1582643794 2
1582643795 2
1582643796 2
1582643797 2
1582643798 2
1582643799 2
1582643800 2
1582643801 3
1582643802 3
1582643803 4
1582643804 5
1582643805 5
1582643806 4
1582643807 3
1582643808 3
1582643809 2
1582643810 2
1582643811 2
1582643812 2
1582643813 2
1582643814 2
1582643815 2
1582643816 3
1582643817 2
1582643818 3
1582643819 2
1582643820 2
1582643821 2
1582643822 2
1582643823 2
1582643824 2
1582643825 2
1582643826 2
1582643827 2
1582643828 2
1582643829 2
1582643830 2
1582643831 4
1582643832 4
1582643833 4
1582643834 3
1582643835 2
1582643836 2
1582643837 2
1582643838 2
1582643839 2
1582643840 2
1582643841 2
1582643842 3
1582643843 3
1582643844 2
1582643845 2
1582643846 3
1582643847 3
1582643848 2
1582643849 2
1582643850 2
1582643851 2
1582643852 2
1582643853 3
1582643854 3
1582643855 3
1582643856 3
1582643857 4
1582643858 3
1582643859 5
1582643860 4
1582643861 5
1582643862 7
1582643863 6
1582643864 4
1582643865 4
1582643866 2
1582643867 2
1582643868 3
1582643869 3
1582643870 3
1582643871 3
1582643872 2
1582643873 2
1582643874 2
