1582185081 3.766004552
1582185262 3.79062677
1582185995 3.77880771
1582186155 3.456603344
1582186888 3.59184032
1582187852 3.517014431
1582188010 3.803722344
1582188169 3.631790375
1582188330 3.531389089
1582193781 3.904260272
1582193945 4.011464783
1582194109 4.028461487
1582194265 3.84345664
1582194426 3.41407654
1582194591 3.445058175
1582194751 3.495338344
1582194920 3.600122853
1582195081 3.616001223
1582195244 3.743305094
1582195736 3.628574165
1582195896 3.724758626
1582196053 3.600205378
1582196214 3.75501163
1582196373 3.678865587
1582196532 3.675821825
1582196691 3.748390599
1582196851 3.957401086
1582197013 3.743970989
1582197178 3.695800813
1582197336 3.880427385
1582197502 3.566743855
1582197673 3.571904034
1582197830 3.651593235
1582197988 3.626600003
1582198144 3.40940063
1582198306 3.590875783
1582198464 3.450517053
1582198745 3.636849368
1582199094 3.723694121
