1573207056 5
1573207057 4
1573207058 3
1573207224 4
1573207225 3
1573207226 2
1573207393 5
1573207394 4
1573207395 3
1573207559 4
1573207560 3
1573207561 2
1573207728 4
1573207729 4
1573207730 3
1573207896 3
1573207897 3
1573207898 3
1573208063 5
1573208064 4
1573208065 3
1573208228 3
1573208229 3
1573208230 2
1573208396 3
1573208397 3
1573208398 2
1573208562 4
1573208563 3
1573208564 2
1573220297 4
1573220298 3
1573220299 3
1573220465 3
1573220466 3
1573220467 3
1573220632 3
1573220633 4
1573220634 4
1573220801 5
1573220802 4
1573220803 2
1573220969 4
1573220970 3
1573220971 2
1573221136 4
1573221137 4
1573221138 2
1573221300 4
1573221301 3
1573221302 3
1573221470 4
1573221471 4
1573221472 3
1573221637 4
1573221638 4
1573221639 2
1573221805 5
1573221806 4
1573221807 3
1573221808 2
1573221995 4
1573221996 3
1573221997 2
1573222165 6
1573222166 3
1573222167 3
1573222168 3
1573222332 5
1573222333 4
1573222334 3
1573222498 4
1573222499 3
1573222500 2
1573222667 4
1573222668 3
1573222669 3
1573222670 2
