1582034824 4
1582034825 4
1582034826 5
1582034827 5
1582034828 5
1582034829 5
1582034830 5
1582034831 5
1582034832 5
1582034833 5
1582034834 5
1582034835 5
1582034836 5
1582034837 4
1582034838 4
1582034839 3
1582034840 3
1582034841 3
1582034842 3
1582034843 3
1582034844 3
1582034845 3
1582034846 3
1582034847 3
1582034848 3
1582035715 4
1582035716 4
1582035717 5
1582035718 5
1582035719 4
1582035720 5
1582035721 5
1582035722 5
1582035723 5
1582035724 4
1582036323 4
1582036324 4
1582036325 5
1582036326 5
1582036327 5
1582036328 5
1582036329 5
1582036330 4
1582036331 4
1582036332 4
1582036333 4
1582036334 4
1582036335 4
1582036927 4
1582036928 4
1582036929 5
1582036930 5
1582036931 5
1582036932 5
1582036933 5
1582036934 5
1582036935 5
1582036936 5
1582037534 4
1582037535 4
1582037536 5
1582037537 5
1582037538 5
1582037539 5
1582037540 5
1582037541 5
1582037542 5
1582037543 6
1582038123 4
1582038124 5
1582038125 5
1582038126 5
1582038127 5
1582038128 5
1582038129 5
1582038130 6
1582038131 5
1582038132 5
1582038133 5
1582038134 5
1582038135 5
1582038720 4
1582038721 4
1582038722 5
1582038723 5
1582038724 4
1582038725 5
1582038726 5
1582038727 5
1582038728 4
1582038729 4
1582038730 4
1582038731 4
1582041621 4
1582041622 4
1582041623 5
1582041624 5
1582041625 5
1582041626 5
1582041627 5
1582041628 5
1582041629 5
1582041630 4
1582042225 4
1582042226 4
1582042227 5
1582042228 5
1582042229 5
1582042383 4
1582042384 4
1582042385 4
1582042386 4
1582042387 4
1582042388 5
1582042389 5
1582042390 5
1582042391 4
1582043820 4
1582043821 4
1582043822 5
1582043823 5
1582043824 5
1582043825 5
1582043826 5
1582043827 4
1582043828 4
1582043829 4
1582043830 4
1582043831 4
1582043832 4
1582044424 4
1582044425 4
1582044426 5
1582044427 5
1582044428 5
1582044429 5
1582044430 5
1582044431 5
1582044432 5
1582044433 4
