1574710626 0 
1574710627 0 
1574710628 0 
1574707047 0 
1574707048 0 
1574707049 0 
1574708711 0 
1574708712 0 
1569849934 0 
1569849935 0 
1569849936 0 
1569850138 0 
1569850139 0 
1569850140 0 
1569850949 0 
1569850950 0 
1569850951 0 
1569851157 0 
1569851158 0 
1569851159 0 
1569851507 0 
1569851508 0 
1569851509 0 
1569851714 0 
1569851715 0 
1569851716 0 
1569851943 0 
1569851944 0 
1569851945 0 
1569852172 0 
1569852173 0 
1569852174 0 
1569852175 0 
1569852410 0 
1569852411 0 
1569852412 0 
1569852413 0 
1569852627 0 
1569852628 0 
1569852629 0 
1569852630 0 
1569853018 0 
1569853019 0 
1569853020 0 
1569853330 0 
1569853331 0 
1569853332 0 
1569853570 0 
1569853571 0 
1569853572 0 
1569854211 0 
1569854212 0 
1569854213 0 
1569855169 0 
1569855170 0 
1569855171 0 
1569855172 0 
1569855616 0 
1569855617 0 
1569855618 0 
1570446941 0 
1570446942 0 
1570446943 0 
1570446944 0 
1570448034 0 
1570448035 0 
1570448036 0 
1570448761 0 
1570448762 0 
1570448763 0 
1570449230 0 
1570449231 0 
1570449232 0 
1570449658 0 
1570449659 0 
1570449660 0 
1570449661 0 
1570543056 0 
1570543057 0 
1570543058 0 
1570543415 0 
1570543416 0 
1570543417 0 
1570543619 0 
1570543620 0 
1570543621 0 
1570544548 0 
1570544549 0 
1570544550 0 
1570544551 0 
1570545009 0 
1570545010 0 
1570545011 0 
1570545215 0 
1570545216 0 
1570545217 0 
1570545218 0 
1570545219 0 
1570545220 0 
1571322928 0 
1571322929 0 
1571322930 0 
1571323250 0 
1571323251 0 
1571323252 0 
1571323643 0 
1571323644 0 
1571323645 0 
1571324045 0 
1571324046 0 
1571324047 0 
1571324445 0 
1571324446 0 
1571324447 0 
1571325050 0 
1571325051 0 
1571325052 0 
1571325247 0 
1571325248 0 
1571325249 0 
1571325447 0 
1571325448 0 
1571325449 0 
1571325651 0 
1571325652 0 
1571325653 0 
1571325850 0 
1571325851 0 
1571325852 0 
1571326050 0 
1571326051 0 
1571326052 0 
1571326741 0 
1571326742 0 
1571326743 0 
1571326953 0 
1571326954 0 
1571326955 0 
1571327161 0 
1571327162 0 
1571327163 0 
1571327375 0 
1571327376 0 
1571327377 0 
1571327765 0 
1571327766 0 
1571327767 0 
1571328156 0 
1571328157 0 
1571328158 0 
1571328547 0 
1571328548 0 
1571328549 0 
1571328938 0 
1571328939 0 
1571328940 0 
1571329330 0 
1571329331 0 
1571329332 0 
1571329923 0 
1571329924 0 
1571329925 0 