1572530344 2
1572530345 2
1572530346 2
1572530347 2
1572530348 2
1572530349 2
1572530350 2
1572530351 2
1572530352 2
1572530353 2
1572530354 2
1572530355 2
1572530356 2
1572530357 2
1572530358 2
1572530359 2
1572530360 2
1572530361 2
1572530362 2
1572530363 2
1572530364 2
1572530365 2
1572530366 2
1572530367 2
1572530368 2
1572530369 2
1572530370 2
1572530371 2
1572530372 2
1572530373 2
1572530374 2
1572530375 2
1572530376 2
1572530377 2
1572530378 2
1572530379 2
1572530380 2
1572530381 2
1572530382 2
1572530383 2
1572530384 2
1572530385 2
1572530386 2
1572530387 2
1572530388 2
1572530389 2
1572530390 2
1572530391 2
1572530392 2
1572530393 2
1572530394 2
1572530395 2
1572530396 2
1572530397 2
1572530398 2
1572530399 2
1572530400 2
1572530401 2
1572530402 2
1572530403 2
1572530404 2
1572530405 2
1572530406 2
1572530407 2
1572530408 2
1572530409 2
1572530410 2
1572530411 2
1572530412 2
1572530413 2
1572530414 2
1572530415 2
1572530416 2
1572530417 2
1572530418 2
1572530419 2
1572530420 2
1572530421 2
1572530422 2
1572530423 2
1572530424 2
1572530425 2
1572530426 2
1572530427 2
1572530428 2
1572530429 2
1572530430 2
1572530431 2
1572530432 2
1572530433 2
1572530434 2
1572530435 2
1572530436 2
1572530437 2
1572530438 2
1572530439 2
1572530440 2
1572530441 2
1572530442 2
1572530443 2
1572530444 2
1572530445 2
1572530446 2
1572530447 2
1572530448 2
1572530449 2
1572530450 2
1572530451 2
1572530452 2
1572530453 2
1572530454 2
1572530455 2
1572530456 2
1572530457 2
1572530458 2
1572530459 2
1572530460 2
1572530461 2
1572530462 2
1572530463 2
1572530464 2
1572530465 2
1572530466 2
1572530467 2
1572530468 2
1572530469 2
1572530470 2
1572530471 2
1572530472 2
1572530473 2
1572530474 2
1572530475 2
1572530476 2
1572530528 2
1572530529 2
1572530530 2
1572530531 2
1572530532 2
1572530533 2
1572530534 2
1572530535 2
1572530536 2
1572530537 2
1572530538 2
1572530539 2
1572530540 2
1572530541 2
1572530542 2
1572530543 2
1572530544 2
1572530545 2
1572530546 2
1572530547 2
1572530548 2
1572530549 2
1572530550 2
1572530551 2
1572530552 2
1572530553 2
1572530554 2
1572530555 2
1572530556 2
1572530557 2
1572530558 2
1572530559 2
1572530560 2
1572530561 2
1572530562 2
1572530563 2
1572530564 2
1572530565 2
1572530566 2
1572530567 2
1572530568 2
1572530569 2
1572530570 2
1572530571 2
1572530572 2
1572530573 2
1572530574 2
1572530575 2
1572530576 2
1572530577 2
1572530578 2
1572530579 2
1572530580 2
1572530581 2
1572530582 2
1572530583 2
1572530584 2
1572530585 2
1572530586 2
1572530587 2
1572530588 2
1572530589 2
1572530590 2
1572530591 2
1572530592 2
1572530593 2
1572530594 2
1572530595 2
1572530596 2
1572530597 2
1572530598 2
1572530599 2
1572530600 2
1572530601 2
1572530602 2
1572530603 2
1572530604 2
1572530605 2
1572530606 2
1572530607 2
1572530608 2
1572530609 2
1572530610 2
1572530611 2
1572530612 2
1572530613 2
1572530614 2
1572530615 2
1572530616 2
1572530617 2
1572530707 2
1572530708 2
1572530709 2
1572530710 2
1572530711 2
1572530712 2
1572530713 2
1572530714 2
1572530715 2
1572530716 2
1572530717 2
1572530718 2
1572530719 2
1572530720 2
1572530721 2
1572530722 2
1572530723 2
1572530724 2
1572530725 2
1572530726 2
1572530727 2
1572530728 2
1572530729 2
1572530730 2
1572530731 2
1572530732 2
1572530733 2
1572530734 2
1572530735 2
1572530736 2
1572530737 2
1572530738 2
1572530739 2
1572530740 2
1572530741 2
1572530742 2
1572530743 2
1572530744 2
1572530745 2
1572530746 2
1572530747 2
1572530748 2
1572530749 2
1572530750 2
1572530751 2
1572530752 2
1572530753 2
1572530754 2
1572530755 2
1572530756 2
1572530757 2
1572530758 2
1572530759 2
1572530760 2
1572530761 2
1572530762 2
1572530763 2
1572530764 2
1572530765 2
1572530766 2
1572530767 2
1572530768 2
1572530769 2
1572530770 2
1572530771 2
1572530772 2
1572530773 2
1572530774 2
1572530775 2
1572530776 2
1572530777 2
1572530778 2
1572530779 2
1572530780 2
1572530781 2
1572530782 2
1572530783 2
1572530784 2
1572530785 2
1572530786 2
1572530787 2
1572530788 2
1572530789 2
1572530790 2
1572530791 2
1572530792 2
1572530793 2
1572530794 2
1572530795 2
1572530796 2
1572530797 2
1572530798 2
1572530799 2
1572530800 2
1572530801 2
1572530802 2
1572530803 2
1572530804 2
1572530805 2
1572530806 2
1572530807 2
1572530808 2
1572530809 2
1572530810 2
1572530811 2
1572530812 2
1572530813 2
1572530814 2
1572530815 2
1572530816 2
1572530817 2
1572530818 2
1572530819 2
1572530820 2
1572530821 2
1572530822 2
1572530823 2
1572530824 2
1572530825 2
1572530826 2
1572530827 2
1572530828 2
1572530829 2
1572530830 2
1572530831 2
1572530832 2
1572530833 2
1572530834 2
1572530835 2
1572530836 2
1572530837 2
1572530838 2
1572530839 2
1572530840 2
1572530841 2
1572530842 2
1572530843 2
1572530844 2
1572530845 2
1572530846 2
1572530847 2
1572530848 2
1572530849 2
1572531098 2
1572531099 2
1572531100 2
1572531101 2
1572531102 2
1572531103 2
1572531104 2
1572531105 2
1572531106 2
1572531107 2
1572531108 2
1572531109 2
1572531110 2
1572531111 2
1572531112 2
1572531113 2
1572531114 2
1572531115 2
1572531116 2
1572531117 2
1572531118 2
1572531119 2
1572531120 2
1572531121 2
1572531122 2
1572531123 2
1572531124 2
1572531125 2
1572531126 2
1572531127 2
1572531128 2
1572531129 2
1572531130 2
1572531131 2
1572531132 2
1572531133 2
1572531134 2
1572531135 2
1572531136 2
1572531137 2
1572531138 2
1572531139 2
1572531140 2
1572531141 2
1572531142 2
1572531143 2
1572531144 2
1572531145 2
1572531146 2
1572531147 2
1572531148 2
1572531149 2
1572531150 2
1572531151 2
1572531152 2
1572531153 2
1572531154 2
1572531155 2
1572531156 2
1572531157 2
1572531158 2
1572531159 2
1572531160 2
1572531161 2
1572531162 2
1572531163 2
1572531164 2
1572531165 2
1572531166 2
1572531167 2
1572531168 2
1572531169 2
1572531170 2
1572531171 2
1572531172 2
1572531173 2
1572531174 2
1572531175 2
1572531176 2
1572531177 2
1572531178 2
1572531179 2
1572531180 2
1572531181 2
1572531182 2
1572531183 2
1572531184 2
1572531185 2
1572531186 2
1572531187 2
1572531188 2
1572531189 2
1572531190 2
1572531191 2
1572531192 2
1572531193 2
1572531194 2
1572531195 2
1572531196 2
1572531197 2
1572531198 2
1572531199 2
1572531200 2
1572531201 2
1572531202 2
1572531203 3
1572531204 3
1572531205 3
1572531206 3
1572531207 3
1572531208 3
1572531209 3
1572531210 3
1572531211 3
1572531212 3
1572531213 3
1572531214 3
1572531215 3
1572531216 3
1572531217 3
1572531218 3
1572531219 3
1572531220 3
1572531221 3
1572531222 3
1572531223 3
1572531224 3
1572531225 3
1572531226 3
1572531227 3
1572531228 3
1572531229 3
1572531230 3
1572531231 3
1572531232 3
1572531233 3
1572531234 3
1572531235 3
1572531236 3
1572531237 3
1572531238 3
1572531239 3
1572531240 3
1572531241 3
1572531242 3
1572531243 3
1572531244 3
1572531245 3
1572531246 3
1572531247 3
1572531248 3
1572531249 3
1572531250 3
1572531251 3
1572531252 3
1572531253 3
1572531254 3
1572531255 3
1572531256 3
1572531257 3
1572531258 3
1572531259 3
1572531260 3
1572531261 3
1572531262 3
1572531263 3
1572531264 3
1572531265 3
1572531266 3
1572531267 3
1572531268 3
1572531269 3
1572531270 3
1572531271 3
1572531272 3
1572531273 3
1572531274 3
1572531275 3
1572531276 3
1572531277 3
1572531278 3
1572531279 3
1572531280 3
1572531281 3
1572531282 3
1572531283 3
1572531284 3
1572531285 3
1572531286 3
1572531287 3
1572531288 3
1572531289 3
1572531290 3
1572531291 3
1572531292 3
1572531293 3
1572531294 3
1572531295 3
1572531296 3
1572531297 3
1572531298 3
1572531299 3
1572531300 3
1572531301 3
1572531302 3
1572531303 3
1572531304 3
1572531305 3
1572531306 3
1572531307 3
1572531308 3
1572531309 3
1572531310 3
1572531311 3
1572531312 3
1572531313 3
1572531314 3
1572531315 3
1572531316 3
1572531317 3
1572531318 3
1572531319 3
1572531320 3
1572531321 3
1572531322 3
1572531323 3
1572531324 3
1572531325 3
1572531326 3
1572531327 3
1572531328 3
1572531329 3
1572531330 3
1572531331 3
1572531332 3
1572531333 3
1572531334 3
1572531335 3
1572531336 3
1572531337 3
1572531338 3
1572531339 3
1572531340 3
1572531341 3
1572531342 3
1572531343 3
1572531344 3
1572531345 3
1572531346 3
1572531347 3
1572531348 3
1572531349 3
1572531350 3
1572531351 3
1572531352 3
1572531353 3
1572531354 3
1572531355 3
1572531356 3
1572531357 3
1572531358 3
1572531359 3
1572531360 3
1572531361 3
1572531362 3
1572531363 3
1572531364 3
1572531365 3
1572531366 3
1572531367 3
1572531368 3
1572531369 3
1572531370 3
1572531371 3
1572531372 3
1572531373 3
1572531374 3
1572531375 3
1572531376 3
1572531377 3
1572531378 3
1572531379 3
1572531380 3
1572531381 3
1572531382 3
1572531383 3
1572531384 3
1572531385 3
1572531386 3
1572531387 3
1572531388 3
1572531389 3
1572531390 3
1572531391 3
1572531392 3
1572531393 3
1572531394 3
1572531395 3
1572531396 3
1572531397 3
1572531398 3
1572531399 3
1572531400 3
1572531401 3
1572531402 3
1572531403 3
1572531404 3
1572531405 3
1572531406 3
1572531407 3
1572531408 3
1572531409 3
1572531410 3
1572531411 3
1572531793 2
1572531794 2
1572531795 2
1572531796 2
1572531797 2
1572531798 2
1572531799 2
1572531800 2
1572531801 2
1572531802 2
1572531803 2
1572531804 2
1572531805 2
1572531806 2
1572531807 2
1572531808 2
1572531809 2
1572531810 2
1572531811 2
1572531812 2
1572531813 2
1572531814 2
1572531815 2
1572531816 2
1572531817 2
1572531818 2
1572531819 2
1572531820 2
1572531821 2
1572531822 2
1572531823 2
1572531824 2
1572531825 2
1572531826 2
1572531827 2
1572531828 2
1572531829 2
1572531830 2
1572531831 2
1572531832 2
1572531833 2
1572531834 2
1572531835 2
1572531836 2
1572531837 2
1572531838 2
1572531839 2
1572531840 2
1572531841 2
1572531842 2
1572531843 2
1572531844 2
1572531845 2
1572531846 2
1572531847 2
1572531848 2
1572531849 2
1572531850 2
1572531851 2
1572531852 2
1572531853 2
1572531854 2
1572531855 2
1572531856 2
1572531857 2
1572531858 2
1572531859 2
1572531860 2
1572531861 2
1572531862 2
1572531863 2
1572531864 2
1572531865 2
1572531866 2
1572531867 2
1572531868 2
1572531869 2
1572531870 2
1572531871 2
1572531872 2
1572531873 2
1572531874 2
1572531875 2
1572531876 2
1572531877 2
1572531878 2
1572531879 2
1572531880 2
1572531881 2
1572531882 2
1572531883 2
1572531884 1
1572531885 1
1572531886 1
1572531887 1
1572531888 1
1572531889 1
1572531890 1
1572531891 1
1572531892 1
1572531893 1
1572531894 1
1572531895 1
1572531896 1
1572531897 1
1572531898 1
1572531899 1
1572531900 1
1572531901 1
1572531902 1
1572531903 1
1572531904 1
1572531905 1
1572531906 1
1572531907 1
1572531908 1
1572531909 1
1572531910 1
1572531911 1
1572531912 1
1572531913 1
1572531914 1
1572531915 1
1572531916 1
1572531917 1
1572531918 1
1572531919 1
1572531920 1
1572531921 1
1572531922 1
1572531923 1
1572531924 1
1572531925 1
1572531926 1
1572531927 1
1572531928 1
1572531929 1
1572531930 1
1572531931 1
1572531932 1
1572531933 1
1572531934 1
1572531935 1
1572531936 1
1572531937 1
1572531938 1
1572531939 1
1572531940 1
1572531941 1
1572531942 1
1572531943 1
1572531944 1
1572531945 1
1572531946 1
1572531947 1
1572531948 1
1572531949 1
1572531950 1
1572531951 1
1572531952 1
1572531953 1
1572531954 1
1572531955 1
1572531956 1
1572531957 1
1572531958 1
1572531959 1
1572531960 1
1572531961 1
1572531962 2
1572531963 2
1572531964 2
1572531965 2
1572531966 2
1572531967 2
1572531968 2
1572531969 2
1572531970 2
1572531971 1
1572531972 1
1572531973 1
1572531974 2
1572531975 2
1572531976 2
1572531977 2
1572531978 2
1572531979 2
1572531980 2
1572531981 2
1572531982 2
1572531983 2
1572531984 2
1572531985 2
1572531986 2
1572531987 2
1572531988 2
1572531989 1
1572531990 1
1572531991 1
1572531992 1
1572531993 2
1572531994 1
1572531995 1
1572531996 1
1572531997 1
1572531998 1
1572531999 1
1572532000 1
1572532001 1
1572532002 1
1572532003 1
1572532004 2
1572532005 1
1572532006 2
1572532007 1
1572532008 1
1572532009 2
1572532010 2
1572532011 1
1572532012 1
1572532013 1
1572532014 1
1572532015 1
1572532016 1
1572532017 1
1572532018 1
1572532019 1
1572532020 1
1572532021 1
1572532022 1
1572532023 1
1572532024 2
1572532025 1
1572532026 1
1572532027 1
1572532028 1
1572532029 1
1572532030 1
1572532031 1
1572532032 1
1572532033 1
1572532034 1
1572532035 1
1572532036 2
1572532037 1
1572532038 1
1572532039 1
1572532040 1
1572532041 1
1572532042 1
1572532043 1
1572532044 1
1572532045 1
1572532046 1
1572532047 1
1572532048 1
1572532049 1
1572532050 1
1572532051 1
1572532052 1
1572532053 1
1572532054 1
1572532055 1
1572532056 1
1572532057 1
1572532058 2
1572532059 2
1572532060 2
1572532061 2
1572532062 2
1572532063 2
1572532064 2
1572532065 2
1572532066 2
1572532067 2
1572532068 2
1572532069 2
1572532070 2
1572532071 2
1572532072 2
1572532073 2
1572532074 2
1572532075 2
1572532076 2
1572532077 2
1572532078 1
1572532079 1
1572532080 1
1572532081 2
1572532082 3
1572532083 3
1572532084 3
1572532085 2
1572532086 1
1572532087 1
1572532088 1
1572532089 1
1572532090 2
1572532091 2
1572532092 2
1572532093 2
1572532094 2
1572532095 3
1572532096 3
1572532097 3
1572532098 3
1572532099 3
1572532100 3
1572532101 3
1572532102 3
1572532103 3
1572532104 3
1572532105 4
1572532106 3
1572532107 2
1572532108 2
1572532109 2
1572532110 2
1572532111 2
1572532112 3
1572532113 3
1572532114 3
1572532116 3
1572532117 2
1572532118 2
1572532119 2
1572532120 2
1572532121 2
1572532122 2
1572532134 2
1572532135 2
1572532136 2
1572532137 2
1572532138 2
1572532139 2
1572532143 2
1572532144 2
1572532145 2
1572532146 2
1572532147 2
1572532148 3
1572532149 3
1572532150 3
1572532151 2
1572532152 2
1572532153 2
1572532154 2
1572532155 2
1572532156 2
1572532157 2
1572532158 4
1572532159 4
1572532160 4
1572532161 4
1572532162 4
1572532163 4
1572532164 3
1572532165 3
1572532166 2
1572532167 2
1572532168 2
1572532169 2
1572532170 2
1572532171 2
1572532172 2
1572532173 2
1572532174 3
1572532175 3
1572532176 3
1572532177 2
1572532178 2
1572532179 2
1572532180 2
1572532181 2
1572532182 2
1572532183 2
1572532184 2
1572532185 2
1572532186 2
1572532187 2
1572532188 2
1572532189 2
1572532190 2
1572532191 2
1572532192 2
1572532193 2
1572532194 2
1572532195 2
1572532196 2
1572532197 2
1572532198 2
1572532199 2
1572532200 2
1572532201 2
1572532202 2
1572532203 2
1572532204 2
1572532205 2
1572532206 2
1572532207 2
1572532208 2
1572532209 2
1572532210 2
1572532211 2
1572532212 2
1572532213 2
1572532214 2
1572532215 2
1572532216 2
1572532217 2
1572532218 2
1572532219 2
1572532220 2
1572532221 2
1572532222 2
1572532223 2
1572532224 2
1572532225 2
1572532226 2
1572532227 2
1572532228 2
1572532229 2
1572532230 2
1572532231 2
1572532232 2
1572532233 2
1572532234 2
1572532235 2
1572532236 2
1572532237 2
1572532238 2
1572532239 2
1572532240 2
1572532241 2
1572532242 2
1572532243 2
1572532244 2
1572532245 2
1572532246 2
1572532247 2
1572532248 2
1572532249 2
1572532250 2
1572532251 2
1572532252 2
1572532253 2
1572532254 2
1572532255 2
1572532256 2
1572532257 2
1572532258 2
1572532259 2
1572532260 2
1572532261 2
1572532262 2
1572532263 2
1572532264 2
1572532265 2
1572532266 2
1572532267 2
1572532268 2
1572532269 2
1572532270 2
1572532271 2
1572532272 2
1572532273 2
1572532274 2
1572532275 2
1572532276 2
1572532277 2
1572532278 2
1572532279 2
1572532280 2
1572532281 2
1572532282 2
1572532283 2
1572532284 2
1572532285 2
1572532286 2
1572532287 2
1572532288 2
1572532289 2
1572532290 2
1572532291 2
1572532292 2
1572532293 2
1572532294 2
1572532295 2
1572532296 2
1572532297 2
1572532298 2
1572532299 2
1572532300 2
1572532301 2
1572532302 2
1572532303 2
1572532304 2
1572532305 2
1572532306 2
1572532307 2
1572532308 2
1572532309 1
1572532310 2
1572532311 2
1572532312 2
1572532313 2
1572532314 2
1572532315 2
1572532316 2
1572532317 2
1572533837 4
1572533838 4
1572533839 4
1572533840 4
1572533841 4
1572533842 4
1572533843 4
1572533844 4
1572533845 4
1572533846 4
1572533847 4
1572533848 3
1572533849 3
1572533850 3
1572534192 4
1572534193 4
1572534194 4
1572534195 4
1572534196 4
1572534197 3
1572534198 3
1572534199 3
1572534200 3
1572534201 3
1572534202 3
1572534203 2
1572534204 2
1572534539 4
1572534540 4
1572534541 4
1572534542 4
1572534543 4
1572534544 4
1572534545 4
1572534546 4
1572534547 4
1572534548 4
1572534549 3
1572534550 3
1572534551 3
1572534871 4
1572534872 4
1572534873 4
1572534874 4
1572534875 3
1572534876 3
1572534877 3
1572534878 3
1572534879 3
1572534880 4
1572534881 3
1572534882 2
1572535550 4
1572535551 4
1572535552 4
1572535553 4
1572535554 3
1572535555 3
1572535556 3
1572535557 3
1572535558 3
1572535559 3
1572535560 3
1572535561 3
1572535562 2
1572535884 4
1572535885 4
1572535886 4
1572535887 4
1572535888 4
1572535889 4
1572535890 4
1572535891 4
1572535892 4
1572535893 4
1572535894 4
1572535895 4
1572535896 3
1572535897 3
1572537837 4
1572537838 4
1572537839 4
1572537840 4
1572537841 3
1572537842 3
1572537843 3
1572537844 3
1572537845 3
1572537846 3
1572537847 3
1572537848 3
1572537849 3
1572539146 4
1572539147 4
1572539148 4
1572539149 4
1572539150 4
1572539151 3
1572539152 3
1572539153 3
1572539154 3
1572539155 3
1572539156 3
1572539157 3
1572539158 3
1572541358 4
1572541359 4
1572541360 4
1572541361 4
1572541362 3
1572541363 3
1572541364 3
1572541365 3
1572541366 3
1572541367 3
1572541368 3
1572541369 3
1572541370 3
1572541371 3
1572542007 4
1572542008 4
1572542009 4
1572542010 4
1572542011 3
1572542012 3
1572542013 3
1572542014 3
1572542015 3
1572542016 3
1572542017 3
1572542018 4
1572542019 3
1572542020 3
1572543300 4
1572543301 4
1572543302 4
1572543303 4
1572543304 4
1572543305 3
1572543306 3
1572543307 3
1572543308 3
1572543309 3
1572543310 3
1572543311 3
1572543312 3
1572545121 4
1572545122 4
1572545123 4
1572545124 4
1572545125 4
1572545126 4
1572545127 3
1572545128 3
1572545129 2
1572545130 2
