1571751798 2
1571751799 2
1571751800 2
1571751801 2
1571751802 2
1571751803 2
1571751804 2
1571751805 2
1571751806 2
1571751807 2
1571751808 2
1571751809 2
1571751810 2
1571751811 2
1571751812 2
1571751813 2
1571751814 2
1571751815 2
1571751816 2
1571751817 2
1571751818 2
1571751819 2
1571751820 2
1571751821 2
1571751822 2
1571751823 2
1571751824 2
1571751825 2
1571751826 2
1571751827 2
1571751828 2
1571751829 2
1571751830 2
1571751831 2
1571751832 2
1571751833 2
1571751834 2
1571751835 2
1571751836 2
1571751837 2
1571751838 2
1571751839 2
1571751840 2
1571751841 2
1571751842 2
1571751843 2
1571751844 2
1571751845 2
1571751846 2
1571751847 2
1571751848 2
1571751849 2
1571751850 2
1571751851 2
1571751852 2
1571751853 2
1571751854 2
1571751855 2
1571751856 2
1571751857 2
1571751858 2
1571751859 2
1571751860 2
1571751861 2
1571751862 2
1571751863 2
1571751864 2
1571751865 2
1571751866 2
1571751867 2
1571751868 2
1571751869 2
1571751870 2
1571751871 2
1571751872 2
1571751873 2
1571751874 2
1571751875 2
1571751876 2
1571751877 2
1571751878 2
1571751879 2
1571751880 2
1571751881 2
1571751882 2
1571751883 2
1571751884 2
1571751885 2
1571751886 2
1571751887 2
1571751888 2
1571751889 2
1571751890 2
1571751891 2
1571751892 2
1571751893 2
1571751894 2
1571751895 2
1571751896 2
1571751897 2
1571751898 2
1571751899 2
1571751900 2
1571751901 2
1571751902 2
1571751903 2
1571751904 2
1571751905 2
1571751906 2
1571751907 2
1571751908 2
1571751909 2
1571751910 2
1571751911 2
1571751912 2
1571751913 2
1571751914 2
1571751915 2
1571751916 2
1571751917 2
1571751918 2
1571751919 2
1571751920 2
1571751921 2
1571751922 2
1571751923 2
1571751924 2
1571751925 2
1571751926 2
1571751927 2
1571751928 2
1571751929 2
1571751930 2
1571751931 2
1571751932 2
1571751933 2
1571751934 2
1571751935 2
1571751936 2
1571751937 2
1571751938 2
1571751939 2
1571751940 2
1571751941 2
1571751942 2
1571751943 2
1571751944 2
1571751945 2
1571752534 4
1571752535 4
1571752536 4
1571752537 5
1571752538 5
1571752539 5
1571752540 5
1571752541 5
1571752542 3
1571752543 3
1571753123 4
1571753124 3
1571753125 3
1571753126 3
1571753127 3
1571753128 3
1571753129 3
1571753130 3
1571753131 3
1571753132 3
1571753320 4
1571753321 4
1571753322 4
1571753323 5
1571753324 5
1571753325 5
1571753326 5
1571753327 5
1571753328 4
1571753329 2
1571753330 2
1571753710 4
1571753711 4
1571753712 4
1571753713 4
1571753714 4
1571753715 4
1571753716 4
1571753717 4
1571753718 4
1571753719 4
1571753720 4
1571753721 3
1571753722 3
1571753723 3
1571753910 4
1571753911 3
1571753912 3
1571753913 3
1571753914 3
1571753915 3
1571753916 3
1571753917 3
1571753918 3
1571753919 3
1571753920 3
1571753921 3
1571753922 3
1571753923 3
1571753924 3
1571753925 3
1571753926 3
1571753927 3
1571753928 3
1571753929 3
1571753930 3
1571753931 3
1571753932 3
1571753933 3
1571753934 3
1571753935 3
1571753936 3
1571753937 3
1571753938 3
1571753939 3
1571753940 3
1571753941 3
1571753942 3
1571753943 3
1571753944 3
1571753945 3
1571753946 3
1571753947 3
1571753948 3
1571753949 3
1571753950 3
1571753951 3
1571753952 3
1571753953 3
1571753954 3
1571753955 3
1571753956 3
1571753957 3
1571753958 3
1571753959 3
1571753960 3
1571753961 3
1571753962 3
1571753963 3
1571753964 3
1571753965 3
1571753966 3
1571753967 3
1571753968 3
1571753969 3
1571753970 3
1571753971 3
1571753972 3
1571753973 3
1571753974 3
1571753975 3
1571753976 3
1571753977 3
1571753978 3
1571753979 3
1571753980 3
1571753981 3
1571753982 3
1571753983 3
1571753984 3
1571753985 3
1571753986 3
1571753987 3
1571753988 3
1571753989 3
1571753990 3
1571753991 3
1571753992 3
1571753993 3
1571753994 3
1571753995 3
1571753996 3
1571753997 3
1571753998 3
1571753999 3
1571754000 3
1571754001 3
1571754002 3
1571754003 3
1571754004 3
1571754005 3
1571754006 3
1571754007 3
1571754008 3
1571754009 3
1571754010 3
1571754011 3
1571754012 3
1571754013 3
1571754014 3
1571754015 3
1571754016 3
1571754017 3
1571754018 3
1571754019 3
1571754020 3
1571754021 3
1571754022 3
1571754023 4
1571754024 5
1571754025 4
1571754026 3
1571754027 3
1571754028 3
1571754029 3
1571754030 3
1571754031 3
1571754032 3
1571755209 4
1571755210 4
1571755211 4
1571755212 4
1571755213 4
1571755214 4
1571755215 4
1571755216 5
1571755217 5
1571755218 3
1571755219 3
1571755220 3
1571755221 3
1571755222 2
1571755223 2
1571755224 2
1571755611 4
1571755612 4
1571755613 4
1571755614 4
1571755615 4
1571755616 3
1571755617 3
1571755618 3
1571755619 3
1571755620 3
1571755621 3
1571755622 3
1571755623 3
1571755624 3
1571755625 3
1571755626 3
1571756839 4
1571756840 4
1571756841 4
1571756842 4
1571756843 3
1571756844 3
1571756845 3
1571756846 3
1571756847 3
1571756848 3
1571756849 3
1571756850 3
1571756851 3
1571756852 3
1571756853 3
1571756854 3
1571756855 3
1571756856 3
1571756857 3
1571756858 4
1571756859 2
1571756860 1
1571756861 2
1571756862 2
1571756863 2
1571756864 2
1571756865 2
1571756866 2
1571756867 2
1571756868 2
1571757276 4
1571757277 4
1571757278 4
1571757279 4
1571757280 4
1571757281 4
1571757282 4
1571757283 4
1571757284 4
1571757285 4
1571757286 4
1571757287 4
1571757288 4
1571757289 4
1571757290 3
1571757698 4
1571757699 3
1571757700 4
1571757701 4
1571757702 3
1571757703 3
1571757704 3
1571757705 3
1571757706 3
1571757707 3
1571758092 4
1571758093 4
1571758094 4
1571758095 4
1571758096 4
1571758097 4
1571758098 4
1571758099 3
1571758100 3
1571758101 3
1571758102 3
1571758103 3
1571758104 3
1571758105 2
1571758106 2
1571758107 2
1571758550 3
1571758551 3
1571758552 3
1571758553 3
1571758554 3
1571758555 3
1571758556 3
1571758557 3
1571758558 3
1571758559 3
1571758560 3
1571758561 2
1571758562 2
1571758563 3
1571758564 2
1571758565 3
1571758566 4
1571758567 3
1571758568 3
1571758569 3
1571758570 4
1571758571 4
1571758572 6
1571758573 4
1571758574 3
1571758575 4
1571758576 2
1571758577 3
1571758578 4
1571758579 4
1571758580 2
1571758581 2
1571758582 2
1571758583 2
1571758584 2
1571758585 1
1571758586 1
1571758587 1
1571758588 2
1571758589 2
1571758590 2
1571758591 2
1571758592 2
1571758593 2
1571758594 2
1571758595 1
1571758596 2
1571758597 2
1571758598 2
1571758599 3
1571758600 3
1571758601 3
1571758602 2
1571758603 2
1571758604 2
1571758605 2
1571758606 2
1571758607 1
1571758608 1
1571758609 1
1571758610 3
1571758611 4
1571758612 3
1571758613 4
1571758614 5
1571758615 5
1571758616 4
1571758617 5
1571758618 6
1571758619 6
1571758620 6
1571758621 6
1571758622 4
1571758623 4
1571758624 4
1571758625 4
1571758626 4
1571758627 3
1571758628 4
1571758629 5
1571758630 6
1571758631 3
1571758632 3
1571758633 3
1571758634 3
1571758635 3
1571758636 3
1571758637 3
1571758638 3
1571758639 2
1571758640 2
1571758641 2
1571758642 2
1571758643 2
1571758644 2
1571758645 3
1571758646 3
1571758647 3
1571758648 2
1571758649 2
1571758650 2
1571758651 3
1571758652 3
1571758653 3
1571758654 3
1571758655 2
1571758656 2
1571758657 1
1571758658 2
1571758659 2
1571758660 2
1571758661 4
1571758662 3
1571758663 3
1571758664 2
1571758665 4
1571758666 5
1571758667 5
1571758668 3
1571758669 2
1571758670 1
1571758671 1
1571758672 1
1571758673 1
1571758674 1
1571758675 3
1571758676 3
1571758677 3
1571758678 3
1571758679 3
1571758680 3
1571758681 3
1571758682 4
1571758683 6
1571758684 6
1571758685 6
1571758686 7
1571758687 6
1571758688 6
1571758689 6
1571758690 6
1571758691 6
1571758692 6
1571758693 6
1571758694 5
1571758695 5
1571758696 5
1571758697 4
1571758698 3
1571758699 3
1571758700 3
1571758701 3
1571758702 2
1571758703 2
1571758704 1
1571758705 1
1571758706 1
1571758707 1
1571758708 2
1571758709 2
1571758710 3
1571758711 4
1571758712 4
1571758713 5
1571758714 5
1571758715 6
1571758716 5
1571758717 5
1571758718 5
1571758719 3
1571758720 3
1571758721 2
1571758722 1
1571758723 2
1571758724 2
1571758725 2
1571758726 2
1571758727 2
1571758728 3
1571758729 3
1571758730 3
1571758731 2
1571758732 2
1571758733 2
1571758734 3
1571758735 2
1571758736 2
1571758737 2
1571758738 2
1571758739 2
1571758740 2
1571758741 2
1571758742 2
1571758743 3
1571758744 5
1571758745 3
1571758746 3
1571758747 3
1571758748 3
1571758749 3
1571758750 5
1571758751 4
1571758752 3
1571758753 3
1571758754 4
1571758755 3
1571758756 4
1571758757 4
1571758758 6
1571758759 6
1571758760 6
1571758761 7
1571758762 6
1571758763 5
1571758764 5
1571758765 4
1571758766 4
1571758767 3
1571758768 3
1571758769 2
1571758770 2
1571758771 1
1571758772 1
1571758773 1
1571758774 1
1571758775 1
1571758776 1
1571758777 2
1571758778 2
1571758779 2
1571758780 3
1571758781 2
1571758782 2
1571758783 3
1571758784 3
1571758785 3
1571758786 3
1571758787 4
1571758788 5
1571758789 5
1571758790 5
1571758791 4
1571758792 4
1571758793 1
1571758794 1
1571758795 1
1571758796 2
1571758797 3
1571758798 3
1571758799 3
1571758800 3
1571758801 4
1571758802 5
1571758803 5
1571758804 4
1571758805 4
1571758806 4
1571758807 5
1571758808 6
1571758809 5
1571758810 4
1571758811 5
1571758812 3
1571758813 3
1571758814 3
1571758815 2
1571758816 2
1571758817 2
1571758818 2
1571758819 2
1571758820 3
1571758821 3
1571758822 4
1571758823 4
1571758824 4
1571758825 4
1571758826 4
1571758827 4
1571760032 2
1571760033 2
1571760034 2
1571760035 2
1571760036 2
1571760037 2
1571760038 2
1571760039 2
1571760040 2
1571760041 2
1571760042 2
1571760043 2
1571760044 2
1571760045 2
1571760046 2
1571760047 2
1571760048 2
1571760049 2
1571760050 2
1571760051 2
1571760052 2
1571760053 2
1571760054 2
1571760055 2
1571760056 2
1571760057 2
1571760058 2
1571760059 2
1571760060 2
1571760061 2
1571760062 2
1571760063 2
1571760064 2
1571760065 2
1571760066 2
1571760067 2
1571760068 2
1571760069 2
1571760070 2
1571760071 2
1571760072 2
1571760073 2
1571760074 2
1571760075 2
1571760076 2
1571760077 2
1571760078 2
1571760079 2
1571760080 2
1571760081 2
1571761279 4
1571761280 4
1571761281 4
1571761282 4
1571761283 4
1571761284 4
1571761285 4
1571761286 2
1571761287 2
1571761472 4
1571761473 4
1571761474 4
1571761475 4
1571761476 4
1571761477 4
1571761478 4
1571761479 3
1571761480 3
1571761481 3
1571761667 4
1571761668 3
1571761669 3
1571761670 3
1571761671 3
1571761672 3
1571761673 3
1571761674 3
1571761675 3
1571761676 3
1571761677 3
1571762885 4
1571762886 4
1571762887 4
1571762888 4
1571762889 4
1571762890 3
1571762891 3
1571762892 3
1571762893 3
1571762894 3
1571762895 3
1571762896 3
1571762897 3
1571762898 3
1571762899 2
1571762900 2
1571764071 4
1571764072 4
1571764073 4
1571764074 4
1571764075 4
1571764076 4
1571764077 4
1571764078 4
1571764079 4
1571764080 4
1571764081 4
1571764082 4
1571764083 3
1571764084 3
1571764876 4
1571764877 4
1571764878 4
1571764879 4
1571764880 4
1571764881 4
1571764882 4
1571764883 4
1571764884 4
1571764885 4
1571764886 4
1571764887 4
1571764888 3
1571764889 3
1571764890 2
1571765265 4
1571765266 4
1571765267 4
1571765268 4
1571765269 4
1571765270 4
1571765271 3
1571765272 3
1571765273 3
1571765274 3
1571765275 3
1571765276 3
1571765277 3
1571765278 3
1571767014 4
1571767015 4
1571767016 4
1571767017 4
1571767018 4
1571767019 4
1571767020 3
1571767021 3
1571767022 3
1571767023 3
1571767024 3
1571767025 3
1571767026 3
1571767027 3
1571767028 3
