1570543064 2
1570543065 2
1570543066 2
1570543067 2
1570543068 2
1570543069 2
1570543070 4
1570543071 2
1570543072 3
1570543426 1
1570543427 1
1570543428 1
1570543429 1
1570543430 1
1570543431 1
1570543432 2
1570543433 2
1570543628 2
1570543629 2
1570543630 2
1570543631 2
1570543632 2
1570543633 2
1570543634 2
1570543635 2
1570544557 2
1570544558 2
1570544559 2
1570544560 2
1570544561 2
1570544562 2
1570544563 2
1570544564 2
1570544759 2
1570544760 2
1570544761 2
1570544762 3
1570544763 3
1570544764 2
1570544765 2
1570544766 2
1570544767 2
1570544768 2
1570545017 2
1570545018 2
1570545019 2
1570545020 2
1570545021 2
1570545022 2
1570545023 2
1570545024 2
1570545227 1
1570545228 1
1570545229 2
1570545230 2
1570545231 2
1570545232 2
1570545233 2
1570545234 2
