1582884490 2
1582884491 2
1582884492 2
1582884493 2
1582884494 2
1582884495 2
1582884670 2
1582884671 2
1582884672 2
1582884673 2
1582884674 2
1582884675 2
1582884838 2
1582884839 2
1582884840 2
1582884841 2
1582884842 2
1582884843 2
1582884999 2
1582885000 2
1582885001 2
1582885002 2
1582885003 2
1582885004 2
1582885165 2
1582885166 2
1582885167 2
1582885168 2
1582885169 2
1582885170 2
1582885328 2
1582885329 2
1582885330 2
1582885331 2
1582885332 2
1582885333 2
1582885487 2
1582885488 2
1582885489 2
1582885490 2
1582885491 2
1582885492 2
1582885649 2
1582885650 2
1582885651 2
1582885652 2
1582885653 2
1582885654 2
1582885810 2
1582885811 2
1582885812 2
1582885813 2
1582885814 2
1582885815 2
1582885972 2
1582885973 2
1582885974 2
1582885975 2
1582885976 2
1582885977 2
1582886140 2
1582886141 2
1582886142 2
1582886143 2
1582886144 2
1582886145 2
1582886422 2
1582886423 2
1582886424 2
1582886425 2
1582886426 2
1582886427 2
1582886716 2
1582886717 2
1582886718 2
1582886719 2
1582886720 2
1582886721 2
1582887009 2
1582887010 2
1582887011 2
1582887012 2
1582887013 2
1582887014 2
1582887297 2
1582887298 2
1582887299 2
1582887300 2
1582887301 2
1582887302 2
1582887583 2
1582887584 2
1582887585 2
1582887586 2
1582887587 2
1582887588 2
1582887878 2
1582887879 2
1582887880 2
1582887881 2
1582887882 2
1582887883 2
1582888164 2
1582888165 2
1582888166 2
1582888167 2
1582888168 2
1582888169 2
1582888170 2
1582888452 2
1582888453 2
1582888454 2
1582888455 2
1582888456 2
1582888457 2
1582888740 2
1582888741 2
1582888742 2
1582888743 2
1582888744 2
1582888745 2
