1579359557 2
1579359558 2
1579359559 2
1579359560 2
1579360133 2
1579360134 2
1579360135 2
1579360136 2
1579360137 2
1579360694 2
1579360695 2
1579360696 2
1579360697 2
1579361250 2
1579361251 2
1579361252 2
1579361253 2
1579361805 2
1579361806 2
1579361807 2
1579361808 2
1579362359 2
1579362360 2
1579362361 2
1579362362 2
1579362916 2
1579362917 2
1579362918 2
1579362919 2
1579362920 2
1579363483 2
1579363484 2
1579363485 2
1579363486 2
1579364050 2
1579364051 2
1579364052 2
1579364053 2
1579364609 2
1579364610 2
1579364611 2
1579364612 2
1579364613 2
