1575120512 2
1575120513 2
1575120514 2
1575120515 2
1575121077 2
1575121078 2
1575121079 2
1575121080 2
1575122072 2
1575122073 2
1575122074 2
1575122075 2
1575122698 2
1575122699 2
1575122700 2
1575122701 2
1575123255 2
1575123256 2
1575123257 2
1575123258 2
1575123814 2
1575123815 2
1575123816 2
1575123817 2
1575124371 2
1575124372 2
1575124373 2
1575124374 2
1575124937 2
1575124938 2
1575124939 2
1575124940 2
1575125500 2
1575125501 2
1575125502 2
1575125503 2
1575126066 2
1575126067 2
1575126068 2
1575126069 2
