1574710920 0 
1574710921 0 
1574710922 0 
1574710923 0 
1569854637 0 
1569854638 0 
1569854639 0 
1569854640 0 
1569854641 0 
1569854642 0 
1571330299 0 
1571330300 0 
1571330301 0 
1571330302 0 
1571330303 0 
1571330304 0 
1571766655 0 
1571766656 0 
1571766657 0 
1571766658 0 
1571766659 0 
1571766660 0 
1571766661 0 
1571767439 0 
1571767440 0 
1571767441 0 
1571767442 0 
1571767443 0 
1571767444 0 
1572537538 0 
1572537539 0 
1572537540 0 
1572537541 0 
1572537542 0 
1572538192 0 
1572538193 0 
1572538194 0 
1572538195 0 
1572538196 0 
1572538851 0 
1572538852 0 
1572538853 0 
1572538854 0 
1572538855 0 
1572539504 0 
1572539505 0 
1572539506 0 
1572539507 0 
1572539508 0 
1572540152 0 
1572540153 0 
1572540154 0 
1572540155 0 
1572540156 0 
1572541057 0 
1572541058 0 
1572541059 0 
1572541060 0 
1572541061 0 
1572541711 0 
1572541712 0 
1572541713 0 
1572541714 0 
1572541715 0 
1572542359 0 
1572542360 0 
1572542361 0 
1572542362 0 
1572542363 0 
1572543007 0 
1572543008 0 
1572543009 0 
1572543010 0 
1572543011 0 
1572543671 0 
1572543672 0 
1572543673 0 
1572543674 0 
1572543675 0 
1572871425 0 
1572871426 0 
1572871427 0 
1572871428 0 
1572871429 0 
1572872077 0 
1572872078 0 
1572872079 0 
1572872080 0 
1572872754 0 
1572872755 0 
1572872756 0 
1572872757 0 
1572872758 0 
1572873406 0 
1572873407 0 
1572873408 0 
1572873409 0 
1572873410 0 
1572874059 0 
1572874060 0 
1572874061 0 
1572874062 0 
1572874063 0 
1572875128 0 
1572875129 0 
1572875130 0 
1572875131 0 
1572875132 0 
1572875982 0 
1572875983 0 
1572875984 0 
1572875985 0 
1572875986 0 
1572877208 0 
1572877209 0 
1572877210 0 
1572877211 0 
1572877859 0 
1572877860 0 
1572877861 0 
1572877862 0 
1572877863 0 
1572879103 0 
1572879104 0 
1572879105 0 
1572879106 0 
1572879107 0 
1572967493 0 
1572967494 0 
1572967495 0 
1572967496 0 
1572967497 0 
1572968151 0 
1572968152 0 
1572968153 0 
1572968154 0 
1572968155 0 
1572969451 0 
1572969452 0 
1572969453 0 
1572969454 0 
1572969455 0 
1572970113 0 
1572970114 0 
1572970115 0 
1572970116 0 
1572970117 0 
1572970763 0 
1572970764 0 
1572970765 0 
1572970766 0 
1572970767 0 
1572971424 0 
1572971425 0 
1572971426 0 
1572971427 0 
1572972086 0 
1572972087 0 
1572972088 0 
1572972089 0 
1572972090 0 
1572972735 0 
1572972736 0 
1572972737 0 
1572972738 0 
1572972739 0 
1572973451 0 
1572973452 0 
1572973453 0 
1572973454 0 
1572973455 0 
1572974101 0 
1572974102 0 
1572974103 0 
1572974104 0 
1572974752 0 
1572974753 0 
1572974754 0 
1572974755 0 
1572974756 0 
1573209036 0 
1573209037 0 
1573209038 0 
1573209039 0 
1573209691 0 
1573209692 0 
1573209693 0 
1573209694 0 
1573209695 0 
1573210366 0 
1573210367 0 
1573210368 0 
1573210369 0 
1573210370 0 
1573211034 0 
1573211035 0 
1573211036 0 
1573211037 0 
1573211038 0 
1573211692 0 
1573211693 0 
1573211694 0 
1573211695 0 
1573211696 0 
1573212341 0 
1573212342 0 
1573212343 0 
1573212344 0 
1573212345 0 
1573212994 0 
1573212995 0 
1573212996 0 
1573212997 0 
1573212998 0 
1573213643 0 
1573213644 0 
1573213645 0 
1573213646 0 
1573213647 0 
1573214314 0 
1573214315 0 
1573214316 0 
1573214317 0 
1573214318 0 
1573214973 0 
1573214974 0 
1573214975 0 
1573214976 0 
1573214977 0 
1573310487 0 
1573310488 0 
1573310489 0 
1573310490 0 
1573311105 0 
1573311106 0 
1573311107 0 
1573311108 0 
1573311109 0 
1573311720 0 
1573311721 0 
1573311722 0 
1573311723 0 
1573312426 0 
1573312427 0 
1573312428 0 
1573312429 0 
1573313038 0 
1573313039 0 
1573313040 0 
1573313041 0 
1573313042 0 
1573313664 0 
1573313665 0 
1573313666 0 
1573313667 0 
1573313668 0 
1573314294 0 
1573314295 0 
1573314296 0 
1573314297 0 
1573314298 0 
1573314909 0 
1573314910 0 
1573314911 0 
1573314912 0 
1573314913 0 
1574697097 0 
1574697098 0 
1574697099 0 
1574697100 0 
1574697101 0 
1574709660 0 
1574709661 0 
1574709662 0 
1574709663 0 
1574709664 0 
1574710920 0 
1574710921 0 
1574710922 0 
1574710923 0 
1574956269 0 
1574956270 0 
1574956271 0 
1574956272 0 
1574958114 0 
1574958115 0 
1574958116 0 
1574958117 0 
1574958118 0 
1574958707 0 
1574958708 0 
1574958709 0 
1574958710 0 
1574958711 0 
1574959293 0 
1574959294 0 
1574959295 0 
1574959296 0 
1574959896 0 
1574959897 0 
1574959898 0 
1574959899 0 
1574959900 0 
1574960474 0 
1574960475 0 
1574960476 0 
1574960477 0 
1574960478 0 
1574961084 0 
1574961085 0 
1574961086 0 
1574961087 0 
1574961088 0 
1574961720 0 
1574961721 0 
1574961722 0 
1574961723 0 
1575033196 0 
1575033197 0 
1575033198 0 
1575033199 0 
1575034354 0 
1575034355 0 
1575034356 0 
1575034357 0 
1575034358 0 
1575034928 0 
1575034929 0 
1575034930 0 
1575034931 0 
1575035491 0 
1575035492 0 
1575035493 0 
1575035494 0 
1575035495 1 
1575036529 0 
1575036530 0 
1575036531 0 
1575036532 0 
1575036533 0 
1575037091 0 
1575037092 0 
1575037093 0 
1575037094 0 
1575037095 0 
1575037650 0 
1575037651 0 
1575037652 0 
1575037653 0 
1575038652 0 
1575038653 0 
1575038654 0 
1575038655 0 
1575038656 0 
1575039222 0 
1575039223 0 
1575039224 0 
1575039225 0 
1575039226 0 
1575120484 0 
1575120485 0 
1575120486 0 
1575120487 0 
1575120488 0 
1575122044 0 
1575122045 0 
1575122046 0 
1575122047 0 
1575122670 0 
1575122671 0 
1575122672 0 
1575122673 0 
1575122674 0 
1575123227 0 
1575123228 0 
1575123229 0 
1575123230 0 
1575123231 0 
1575123786 0 
1575123787 0 
1575123788 0 
1575123789 0 
1575123790 0 
1575124910 0 
1575124911 0 
1575124912 0 
1575124913 0 
1575125472 0 
1575125473 0 
1575125474 0 
1575125475 0 
1575126038 0 
1575126039 0 
1575126040 0 
1575126041 0 
1575126042 0 
1575297789 0 
1575297790 0 
1575297791 0 
1575297792 0 
1575298363 0 
1575298364 0 
1575298365 0 
1575298366 0 
1575298367 0 
1575300084 0 
1575300085 0 
1575300086 0 
1575300087 0 
1575300088 0 
1575300702 0 
1575300703 0 
1575300704 0 
1575300705 0 
1575300706 0 
1575302082 0 
1575302083 0 
1575302084 0 
1575302085 0 
1575302086 0 
1575390271 0 
1575390272 0 
1575390273 0 
1575390274 0 
1575391970 0 
1575391971 0 
1575391972 0 
1575391973 0 
1575391974 1 
1575392779 0 
1575392780 0 
1575392781 0 
1575392782 0 
1575392783 1 
1575394541 0 
1575394542 0 
1575394543 0 
1575394544 0 
1575394545 0 
1575563849 0 
1575563850 0 
1575563851 0 
1575563852 0 
1575563853 0 
1575565593 0 
1575565594 0 
1575565595 0 
1575565596 0 
1575565597 0 
1575566749 0 
1575566750 0 
1575566751 0 
1575566752 0 
1575566753 0 
1575568679 0 
1575568680 0 
1575568681 0 
1575568682 0 
1579191735 0 
1579191736 0 
1579191737 0 
1579191738 0 
1579191739 0 
1579192301 0 
1579192302 0 
1579192303 0 
1579192304 0 
1579192305 1 
1579192881 0 
1579192882 0 
1579192883 0 
1579192884 0 
1579192885 2 
1579194606 0 
1579194607 0 
1579194608 0 
1579194609 0 
1579195760 0 
1579195761 0 
1579195762 0 
1579195763 0 
1579195764 0 
1579360667 0 
1579360668 0 
1579360669 0 
1579360670 0 
1579361222 0 
1579361223 0 
1579361224 0 
1579361225 0 
1579361226 0 
1579361778 0 
1579361779 0 
1579361780 0 
1579361781 0 
1579364022 0 
1579364023 0 
1579364024 0 
1579364025 0 
1579530573 0 
1579530574 0 
1579530575 0 
1579530576 0 
1579530577 0 
1579532894 1 
1579532895 0 
1579532896 0 
1579532897 0 
1579533555 0 
1579533556 0 
1579533557 0 
1579533558 0 
1579533559 0 
1579534842 0 
1579534843 0 
1579534844 0 
1579534845 0 
1580225511 0 
1580225512 0 
1580225513 0 
1580225514 0 
1580225515 0 
1580227223 0 
1580227224 0 
1580227225 0 
1580227226 0 
1580227820 0 
1580227821 0 
1580227822 0 
1580227823 0 
1580227824 0 
1580228402 0 
1580228403 0 
1580228404 0 
1580228405 0 
1580312389 0 
1580312390 0 
1580312391 0 
1580312392 0 
1580312970 0 
1580312971 0 
1580312972 0 
1580312973 0 
1580314488 0 
1580314489 0 
1580314490 0 
1580314491 0 
1580314492 0 
1580315046 0 
1580315047 0 
1580315048 0 
1580315049 0 
1580316166 0 
1580316167 0 
1580316168 0 
1580316169 0 
1580316170 0 
1580316872 0 
1580316873 0 
1580316874 0 
1580316875 0 
1581942528 0 
1581942529 0 
1581942530 0 
1581942531 0 
1581942532 0 
1581943942 0 
1581943943 0 
1581943944 0 
1581943945 0 
1581943946 1 
1581946002 0 
1581946003 0 
1581946004 0 
1581946005 0 
1581946570 0 
1581946571 0 
1581946572 0 
1581946573 0 
1581946574 0 
1581947140 0 
1581947141 0 
1581947142 0 
1581947143 0 
1581947144 0 
1581948059 0 
1581948060 0 
1581948061 0 
1581948062 0 
1581948063 0 
1582034862 0 
1582034863 0 
1582034864 0 
1582034865 0 
1582034866 0 
1582034867 0 
1582035740 0 
1582035741 0 
1582035742 0 
1582035743 0 
1582035744 0 
1582036349 0 
1582036350 0 
1582036351 0 
1582036352 0 
1582036353 0 
1582036951 0 
1582036952 0 
1582036953 0 
1582036954 0 
1582036955 0 
1582037558 0 
1582037559 0 
1582037560 0 
1582037561 0 
1582037562 0 
1582038149 0 
1582038150 0 
1582038151 0 
1582038152 0 
1582038153 0 
1582041646 0 
1582041647 0 
1582041648 0 
1582041649 0 
1582041650 0 
1582042405 0 
1582042406 0 
1582042407 0 
1582042408 0 
1582042409 0 
1582043846 0 
1582043847 0 
1582043848 0 
1582043849 0 
1582043850 0 
1582044447 0 
1582044448 0 
1582044449 0 
1582044450 0 
1582044451 0 
1582638614 0 
1582638615 1 
1582638616 0 
1582638617 0 
1582638618 0 
1582640867 0 
1582640868 0 
1582640869 0 
1582640870 0 
1582640871 1 
1582641424 0 
1582641425 0 
1582641426 0 
1582641427 0 
1582641999 0 
1582642000 0 
1582642001 0 
1582642002 0 
1582642566 0 
1582642567 0 
1582642568 0 
1582642569 0 
1582643138 0 
1582643139 0 
1582643140 0 
1582643141 0 
1582643142 0 
1582643738 0 
1582643739 0 
1582643740 0 
1582643741 0 
1582643742 0 
1582644296 0 
1582644297 0 
1582644298 0 
1582644299 0 
1582898906 0 
1582898907 0 
1582898908 0 
1582898909 0 
1582898910 0 
1582899468 0 
1582899469 0 
1582899470 0 
1582899471 0 
1582899472 0 
1582900037 0 
1582900038 0 
1582900039 0 
1582900040 0 
1582900041 0 
1582900596 0 
1582900597 0 
1582900598 0 
1582900599 0 
1582900600 0 
1582902341 0 
1582902342 0 
1582902343 0 
1582902344 0 
1582902345 0 
1582903506 0 
1582903507 0 
1582903508 0 
1582903509 0 