1582027551 2
1582027552 2
1582027553 2
1582027554 2
1582027555 2
1582027556 2
1582027557 2
1582027558 2
1582027559 2
1582027560 2
1582027561 2
1582027562 2
1582027563 2
1582027564 2
1582027565 2
1582027566 2
1582027567 2
1582027568 2
1582027569 2
1582027570 2
1582027571 2
1582027572 2
1582027573 2
1582027574 2
1582027575 2
1582027576 2
1582027577 2
1582027578 2
1582027579 2
1582027580 2
1582027581 2
1582027582 2
1582027583 2
1582027584 2
1582027585 2
1582027586 2
1582027587 2
1582027588 2
1582027589 2
1582027590 2
1582027591 2
1582027592 2
1582027593 2
1582027594 2
1582027595 2
1582027596 2
1582027597 2
1582027598 2
1582027599 2
1582027600 2
1582027601 2
1582027602 2
1582027603 2
1582027604 2
1582027605 2
1582027606 2
1582027607 2
1582027608 2
1582027609 2
1582027610 2
1582027611 2
1582027612 2
1582027613 2
1582027614 2
1582027615 2
1582027616 2
1582027617 2
1582027618 2
1582027619 2
1582027620 2
1582027621 2
1582027622 2
1582027623 2
1582027624 2
1582027625 2
1582027626 2
1582027627 2
1582027628 2
1582027629 2
1582027630 2
1582027631 2
1582027632 2
1582027633 2
1582027634 2
1582027635 2
1582027636 2
1582027637 2
1582027638 2
1582027639 2
1582027640 2
1582027641 2
1582027642 2
1582027643 2
1582027644 2
1582027645 2
1582027646 2
1582027647 2
1582027648 2
1582027649 2
1582027650 2
1582027651 2
1582027652 2
1582027653 2
1582027654 2
1582027655 2
1582027656 2
1582027657 2
1582027658 2
1582027659 2
1582027660 2
1582027661 2
1582027662 2
1582027663 2
1582027664 2
1582027665 2
1582027666 2
1582027667 2
1582027668 2
1582027669 2
1582030496 2
1582030497 2
1582030498 2
1582030499 2
1582030500 2
1582030501 2
1582030502 2
1582030503 2
1582030504 2
1582030505 2
1582030506 2
1582030810 2
1582030811 2
1582030812 2
1582030813 2
1582031456 2
1582031457 2
1582031458 2
1582031754 2
1582031755 2
1582031756 2
1582031757 2
1582032126 2
1582032127 2
1582032128 2
1582032129 2
1582032438 2
1582032439 2
1582032440 2
1582032441 2
1582032442 2
1582032443 2
1582032444 2
1582032445 2
1582032446 2
1582032741 3
1582032742 2
1582032743 2
1582032744 2
1582032745 2
1582032746 2
1582032747 2
1582032748 2
1582032749 2
1582033040 2
1582033041 2
1582033042 2
1582033043 2
1582033044 2
1582033045 2
1582033046 2
1582033047 2
1582033048 2
1582033049 2
1582033700 2
1582033701 2
1582033702 2
1582033703 2
1582035108 2
1582035109 2
1582035110 2
1582035111 2
1582035112 2
1582035113 2
1582035114 2
1582035115 2
1582035116 2
1582035117 2
1582035988 2
1582035989 2
1582035990 2
1582036585 2
1582036586 2
1582036587 2
1582036588 2
1582036589 2
1582036590 2
1582036591 2
1582036592 2
1582036593 2
1582036594 2
1582037194 2
1582037195 2
1582037196 2
1582037197 2
1582037198 2
1582037199 2
1582037200 2
1582037201 2
1582037202 2
1582037203 2
1582038387 2
1582038388 2
1582038389 2
1582038390 2
1582038391 2
1582038392 2
1582038393 2
1582038394 2
1582038395 2
1582038981 2
1582038982 2
1582038983 2
1582038984 2
1582041890 2
1582041891 2
1582041892 2
1582041893 2
1582041894 2
1582041895 2
1582041896 2
1582041897 2
1582041898 2
1582041899 2
1582042641 3
1582042642 2
1582042643 2
1582042644 2
1582042645 2
1582042646 2
1582042647 2
1582042648 2
1582042649 2
1582042650 2
1582044095 2
1582044096 2
1582044097 2
1582044098 2
1582044681 2
1582044682 2
1582044683 2
1582044684 2
1582044685 2
1582044686 2
1582044687 2
1582044688 2
1582044689 2
1582044995 2
1582044996 2
1582044997 2
1582044998 2
1582044999 2
1582045000 2
1582045001 2
1582045002 2
1582045003 2
1582045004 2
1582045297 2
1582045298 2
1582045299 2
1582045300 2
1582045301 2
1582045302 2
1582045303 2
1582045304 2
1582045305 2
1582045593 2
1582045594 2
1582045595 2
1582045596 2
1582045597 2
1582045598 2
1582045599 2
1582045600 2
1582045601 2
1582045906 2
1582045907 2
1582045908 2
1582045909 2
1582045910 2
1582045911 2
1582045912 2
1582045913 2
1582045914 2
1582045915 2
1582046201 2
1582046202 2
1582046203 2
1582046204 2
1582046205 2
1582046206 2
1582046207 2
1582046208 2
1582046209 2
1582046210 2
