1582635099 2
1582635100 2
1582635101 2
1582635102 2
1582635103 2
1582635104 2
1582635105 2
1582635106 2
1582635107 2
1582635108 2
1582635384 2
1582635385 2
1582635386 2
1582635387 2
1582635388 2
1582635389 2
1582635390 2
1582635391 2
1582635392 2
1582635393 2
1582635668 2
1582635669 2
1582635670 2
1582635671 2
1582635672 2
1582635673 2
1582635674 2
1582635675 2
1582635676 2
1582635953 2
1582635954 2
1582635955 2
1582635956 2
1582635957 2
1582635958 2
1582635959 2
1582635960 2
1582635961 2
1582636239 2
1582636240 2
1582636241 2
1582636242 2
1582636243 2
1582636244 2
1582636245 2
1582636246 2
1582636247 2
1582636248 2
1582636525 2
1582636526 2
1582636527 2
1582636528 2
1582636529 2
1582636530 2
1582636531 2
1582636532 2
1582636533 2
1582636818 2
1582636819 2
1582636820 2
1582636821 2
1582636822 2
1582636823 2
1582636824 2
1582636825 2
1582636826 2
1582636827 2
1582637122 1
1582637123 1
1582637124 1
1582637411 2
1582637412 2
1582637413 2
1582637414 2
1582637415 2
1582637416 2
1582637417 2
1582637418 2
1582637419 2
1582637420 2
1582637706 2
1582637707 2
1582637708 2
1582637709 2
1582637710 2
1582637711 2
1582637712 2
1582637713 2
1582637714 2
1582637715 2
1582638274 2
1582638275 2
1582638276 2
1582638277 2
1582638278 2
1582638279 2
1582638280 2
1582638281 2
1582638282 2
1582638283 2
1582638835 2
1582638836 2
1582638837 2
1582638838 2
1582638839 2
1582638840 2
1582638841 2
1582638842 2
1582638843 2
1582638844 2
1582640502 3
1582640503 2
1582640504 2
1582640505 2
1582640506 2
1582640507 2
1582640508 2
1582640509 2
1582640510 2
1582640511 2
1582641095 2
1582641096 2
1582641097 2
1582641649 2
1582641650 2
1582641651 2
1582641652 2
1582641653 2
1582641654 2
1582641655 2
1582641656 2
1582641657 2
1582641658 2
1582642222 2
1582642223 2
1582642224 2
1582642225 2
1582642226 2
1582642227 2
1582642228 2
1582642229 2
1582642230 2
1582642231 2
1582642789 2
1582642790 2
1582642791 2
1582642792 2
1582642793 2
1582642794 2
1582642795 2
1582642796 2
1582642797 2
1582643369 2
1582643370 2
1582643371 2
1582643372 2
1582643960 2
1582643961 2
1582643962 2
1582643963 2
1582643964 2
1582643965 2
1582643966 2
1582643967 2
1582643968 2
1582644628 2
1582644629 2
1582644630 2
1582644631 2
1582644632 2
1582644633 2
1582644634 2
1582644635 2
1582644636 2
1582644637 2
