1580306693 2
1580306694 2
1580306695 2
1580306696 2
1580306697 2
1580306698 2
1580306699 2
1580306700 2
1580306701 2
1580306702 2
1580307006 2
1580307007 2
1580307008 2
1580307009 2
1580307010 2
1580307011 2
1580307012 2
1580307013 2
1580307014 2
1580307015 2
1580307398 2
1580307399 2
1580307400 2
1580307401 2
1580307402 2
1580307403 2
1580307404 2
1580307405 2
1580307406 2
1580307407 2
1580307408 2
1580307879 2
1580307880 2
1580307881 2
1580307882 2
1580307883 2
1580307884 2
1580307885 2
1580307886 2
1580307887 2
1580308188 2
1580308189 2
1580308190 2
1580308191 2
1580308192 2
1580308193 2
1580308194 2
1580308195 2
1580308196 2
1580308197 2
1580308505 2
1580308506 2
1580308507 2
1580308508 2
1580308509 2
1580308510 2
1580308511 2
1580308512 2
1580308513 2
1580308514 2
1580310707 2
1580310708 2
1580310709 2
1580310710 2
1580310711 2
1580310712 2
1580310713 2
1580310714 2
1580310715 2
1580310716 2
1580311020 2
1580311021 2
1580311022 2
1580311023 2
1580311024 2
1580311025 2
1580311026 2
1580311027 2
1580311028 2
1580311029 2
1580311640 2
1580311641 2
1580311642 2
1580311643 2
1580311644 2
1580311645 2
1580311646 2
1580311647 2
1580311648 2
1580312015 2
1580312016 2
1580312017 2
1580312018 2
1580312019 2
1580312020 2
1580312021 2
1580312022 2
1580312023 2
1580312612 2
1580312613 2
1580312614 2
1580312615 2
1580312616 2
1580312617 2
1580312618 2
1580312619 2
1580312620 2
1580312621 2
1580312622 2
1580312623 2
1580312624 2
1580312625 2
1580312711 2
1580312712 2
1580312713 3
1580312714 2
1580312715 3
1580312716 3
1580312717 3
1580312718 3
1580312719 2
1580312720 2
1580312721 2
1580312722 3
1580312723 3
1580312724 3
1580312725 4
1580312726 4
1580312727 4
1580312728 5
1580312729 3
1580312730 5
1580312731 5
1580312732 5
1580312733 4
1580312734 3
1580312735 3
1580312736 2
1580312737 3
1580312738 2
1580312739 2
1580312740 2
1580312741 3
1580312742 2
1580312743 3
1580312744 3
1580312745 3
1580312746 4
1580312747 3
1580312748 3
1580312749 3
1580312750 2
1580312751 3
1580312752 3
1580312753 3
1580312754 3
1580312755 3
1580312756 3
1580312757 2
1580312758 3
1580312759 3
1580312760 2
1580312761 3
1580312762 3
1580312763 2
1580312764 3
1580312765 3
1580312766 3
1580312767 5
1580312768 3
1580312769 3
1580312770 3
1580312771 3
1580312772 3
1580312773 3
1580312774 2
1580312775 2
1580312776 2
1580312777 2
1580312778 2
1580312779 3
1580312780 3
1580312781 3
1580312782 3
1580312783 2
1580312784 3
1580312785 2
1580312786 2
1580312787 2
1580312788 2
1580312789 1
1580312790 3
1580312791 4
1580312792 4
1580312793 5
1580312794 4
1580312795 5
1580312796 5
1580312797 5
1580312798 4
1580312799 5
1580312800 5
1580312801 3
1580312802 4
1580312803 4
1580312804 4
1580312805 3
1580312806 3
1580312807 3
1580312808 5
1580312809 5
1580312810 3
1580312811 3
1580312812 3
1580312813 3
1580312814 3
1580312815 3
1580312816 3
1580312817 3
1580312818 2
1580312819 2
1580312820 2
1580312821 2
1580312822 2
1580312823 3
1580312824 3
1580312825 3
1580312826 3
1580312827 4
1580312828 2
1580312829 2
1580312830 2
1580312831 2
1580312832 2
1580312833 2
1580312834 2
1580312835 2
1580312836 2
1580312837 4
1580312838 4
1580312839 4
1580312840 3
1580312841 2
1580312842 2
1580312843 2
1580312844 2
1580312845 2
1580312846 2
1580312847 2
1580312848 3
1580312849 2
1580312850 3
1580312851 3
1580312852 3
1580312853 2
1580312854 2
1580312855 2
1580312856 2
1580312857 2
1580312858 2
1580312859 2
1580312860 2
1580312861 2
1580312862 2
1580312863 3
1580312864 2
1580312865 4
1580312866 4
1580312867 4
1580312868 3
1580312869 3
1580312870 2
1580312871 2
1580312872 3
1580312873 2
1580312874 2
1580312875 2
1580312876 2
1580312877 2
1580312878 2
1580312879 2
1580312880 3
1580312881 2
1580312882 2
1580312883 2
1580312884 2
1580312885 3
1580312886 3
1580312887 3
1580312888 2
1580312889 2
1580312890 2
1580312891 2
1580312892 2
1580312893 2
1580312894 2
1580312895 4
1580312896 4
1580312897 5
1580312898 2
1580312899 2
1580312900 2
1580312901 2
1580312902 2
1580312903 2
1580312904 2
1580312905 2
1580312906 3
1580312907 2
1580312908 3
1580312909 4
1580312910 3
1580312911 2
1580312912 2
1580312913 2
1580312914 2
1580312915 2
1580312916 3
1580312917 3
1580312918 3
1580312919 3
1580312920 4
1580312921 3
1580312922 4
1580312923 4
1580312924 4
1580312925 3
1580312926 3
1580312927 3
1580312928 3
1580312929 2
1580312930 2
1580312931 2
1580312932 2
1580312933 2
1580312934 2
1580312935 2
1580312936 2
1580312937 2
1580312938 2
1580312939 2
1580312940 2
1580312941 2
1580312942 2
1580312943 2
1580312944 4
1580312945 4
1580312946 4
1580312947 4
1580312948 5
1580312949 5
1580312950 5
1580312951 5
1580312952 4
1580312953 4
1580312954 4
1580312955 4
1580312956 4
1580312957 3
1580312958 3
1580312959 2
1580312960 2
1580312961 2
1580312962 2
1580312963 2
1580312964 2
1580312965 2
1580312966 2
1580312967 2
1580312968 2
1580312969 2
1580312970 2
1580312971 2
1580312972 2
1580312973 2
1580312974 3
1580312975 3
1580312976 5
1580312977 4
1580312978 4
1580312979 4
1580312980 4
1580312981 3
1580312982 3
1580312983 3
1580312984 3
1580312985 3
1580312986 2
1580312987 2
1580312988 2
1580312989 2
1580312990 2
1580312991 3
1580312992 3
1580312993 3
1580312994 2
1580312995 2
1580312996 2
1580312997 2
1580312998 2
1580312999 2
1580313000 2
1580313001 2
1580313002 2
1580313003 2
1580313004 6
1580313005 4
1580313006 4
1580313007 4
1580313008 3
1580313009 2
1580313010 2
1580313011 2
1580313012 2
1580313013 2
1580313014 2
1580313015 2
1580313016 2
1580313017 3
1580313018 2
1580313019 2
1580313020 2
1580313021 2
1580313022 2
1580313023 2
1580313024 2
1580313025 2
1580313026 2
1580313027 2
1580313028 2
1580313029 2
1580313030 2
1580313031 2
1580313032 2
1580313033 2
1580313034 5
1580313035 4
1580313036 4
1580313037 3
1580313038 2
1580313039 2
1580313040 2
1580313041 2
1580313042 2
1580313043 2
1580313044 2
1580313045 2
1580313046 2
1580313047 2
1580313048 2
1580313049 3
1580313050 2
1580313051 2
1580313052 2
1580313053 3
1580313054 2
1580313055 2
1580313056 2
1580313057 3
1580313058 2
1580313059 2
1580313060 2
1580313061 2
1580313062 3
1580313063 4
1580313064 4
1580313065 3
1580313066 2
1580313067 2
1580313068 2
1580313069 2
1580313070 2
1580313071 2
1580313072 2
1580313073 3
1580313074 2
1580313075 3
1580313076 2
1580313077 3
1580313078 3
1580313079 3
1580313080 2
1580313081 2
1580313082 2
1580313083 2
1580313084 3
1580313085 3
1580313086 3
1580313087 3
1580313088 4
1580313089 4
1580313090 4
1580313091 3
1580313092 5
1580313093 3
1580313094 5
1580313095 4
1580313096 3
1580313097 3
1580313098 3
1580313099 4
1580313100 4
1580313101 4
1580313102 3
1580313103 3
1580313104 3
1580313105 3
1580313106 3
1580313107 3
1580313108 6
1580313109 7
1580313110 6
1580313111 5
1580313112 5
1580313113 2
1580313114 3
1580313115 2
1580313116 2
1580313117 2
1580313118 2
1580313119 3
1580313120 2
1580313121 2
1580313122 2
1580313123 2
1580313124 2
1580313125 2
1580313126 2
1580313127 2
1580313128 2
1580313129 3
1580313130 3
1580313131 6
1580313132 6
1580313133 6
1580313134 5
1580313135 4
1580313136 5
1580313137 5
1580313138 4
1580313139 3
1580313140 4
1580313141 2
1580313142 3
1580313143 3
1580313144 3
1580313145 2
1580313146 3
1580313147 3
1580313148 2
1580313149 3
1580313150 3
1580313151 2
1580313152 2
1580313153 2
1580313154 2
1580313155 2
1580313156 2
1580313157 2
1580313158 1
1580313160 2
1580313161 2
1580313162 3
1580313163 2
1580313164 1
1580313165 2
1580313166 2
1580313167 3
1580313168 4
1580313169 2
1580313170 5
1580313171 4
1580313172 4
1580313173 4
1580313174 3
1580313175 4
1580313176 4
1580313177 3
1580313178 3
1580313179 3
1580313180 3
1580313181 3
1580313182 2
1580313183 3
1580313184 3
1580313185 3
1580313186 3
1580313187 2
1580313188 2
1580313189 2
1580313190 2
1580313191 2
1580313192 2
1580313193 2
1580313194 2
1580313195 2
1580313196 2
1580313197 2
1580313198 2
1580313199 2
1580313200 2
1580314071 2
1580314072 2
1580314073 2
1580314074 2
1580314075 2
1580314076 2
1580314077 2
1580314078 2
1580314079 2
1580314710 2
1580314711 2
1580314712 2
1580314713 2
1580314714 2
1580314715 2
1580314716 2
1580314717 2
1580314718 2
1580314719 2
1580315267 2
1580315268 2
1580315269 2
1580315270 2
1580315271 2
1580315272 2
1580315273 2
1580315274 2
1580315275 2
1580315276 2
1580315831 2
1580315832 2
1580315833 2
1580315834 2
1580315835 2
1580315836 2
1580315837 2
1580315838 2
1580315839 2
1580316409 2
1580316410 2
1580316411 2
1580316412 2
1580317100 2
1580317101 2
1580317102 2
1580317103 2
1580317104 2
1580317105 2
1580317106 2
1580317107 2
1580317108 2
1580317109 2
1580317689 2
1580317690 2
1580317691 2
1580317692 2
1580317693 2
1580317694 2
1580317695 2
1580317696 2
1580317697 2
1580317698 2
