1574708824 1
1574708825 1
1574708826 1
1574708827 2
1574708828 2
1574708829 2
1574708830 2
1574708831 2
1574708832 2
1574708833 5
1574708834 5
1574708835 5
1574708836 6
1574708837 5
1574708838 5
1574708839 5
1574708840 6
1574708841 7
1574708842 6
1574708843 6
1574708844 5
1574708845 4
1574708846 3
1574708847 2
1574708848 2
1574708849 2
1574708850 1
1574708851 1
1574708852 1
1574708853 1
1574708854 2
1574708855 3
1574708856 4
1574708857 4
1574708858 3
1574708859 5
1574708860 5
1574708861 4
1574708862 3
