1582113155 2
1582113156 2
1582113157 2
1582113322 2
1582113323 2
1582113324 2
1582113486 2
1582113487 2
1582113488 2
1582113654 2
1582113655 2
1582113820 2
1582113821 2
1582113822 2
1582113996 2
1582113997 2
1582114157 2
1582114158 2
1582114159 2
1582114320 2
1582114321 2
1582114322 2
1582114487 2
1582114488 2
1582114650 2
1582114651 2
1582114652 2
1582114653 2
1582114813 2
1582114814 2
1582114980 2
1582114981 2
1582114982 2
1582115141 2
1582115142 2
1582115143 2
1582115309 2
1582115310 2
1582115311 2
1582115472 2
1582115473 2
1582115474 2
1582115635 2
1582115636 2
1582115637 2
1582115799 2
1582115800 2
1582115801 2
1582115962 2
1582115963 2
1582115964 2
1582116143 2
1582116144 2
1582116358 2
1582116359 2
1582116534 2
1582116535 2
1582116536 2
1582116700 2
1582116701 2
1582119019 2
1582119020 2
1582119021 2
1582119181 2
1582119182 2
1582119183 2
1582119352 2
1582119353 2
1582119354 2
1582119528 2
1582119529 2
1582119530 2
1582119704 2
1582119705 2
1582119866 2
1582119867 2
1582119868 2
1582120039 2
1582120040 2
1582120041 2
1582120214 2
1582120215 2
1582120216 2
1582120935 2
1582120936 2
1582120937 2
1582121101 2
1582121102 2
1582121103 2
1582121345 2
1582121346 2
1582121507 2
1582121508 2
1582121509 2
1582125250 2
1582125251 2
1582125252 2
1582125690 2
1582125691 2
1582125894 2
1582125895 2
1582126060 2
1582126061 2
1582126062 2
1582126229 2
1582126230 2
1582126390 2
1582126391 2
1582126392 2
1582126557 2
1582126558 2
1582126559 2
1582126720 2
1582126721 2
1582126722 2
1582126884 2
1582126885 2
1582126886 2
1582127046 2
1582127047 2
1582127048 2
1582127209 2
1582127210 2
1582127211 2
1582127378 2
1582127379 2
1582127380 2
1582127544 2
1582127545 2
1582127546 2
1582127707 2
1582127708 2
1582127709 2
1582127871 2
1582127872 2
1582127873 2
1582128032 2
1582128033 2
1582128034 2
1582128198 2
1582128199 2
1582128200 2
1582128377 2
1582128378 2
1582128539 2
1582128540 2
1582128541 2
1582128702 2
1582128703 2
1582128704 2
1582128867 2
1582128868 2
1582128869 2
1582129035 2
1582129036 2
1582129037 2
1582129202 2
1582129203 2
1582129204 2
1582129362 2
1582129363 2
1582129522 2
1582129523 2
1582129524 2
1582129686 2
1582129687 2
1582129688 2
