1571395920 2
1571395921 2
1571395922 2
1571395923 2
1571395924 2
1571396118 2
1571396119 2
1571396120 2
1571396121 2
1571396313 2
1571396314 2
1571396315 2
1571396316 2
1571396317 2
1571396513 2
1571396514 2
1571396515 2
1571396516 2
1571396712 2
1571396713 2
1571396714 2
1571396715 2
1571396938 2
1571396939 2
1571396940 2
1571396941 2
1571396942 2
1571397143 2
1571397144 2
1571397145 2
1571397146 2
1571397344 2
1571397345 2
1571397346 2
1571397347 2
1571397348 2
1571397541 2
1571397542 2
1571397543 2
1571397544 2
1571397545 2
1571397738 3
1571397739 2
1571397740 2
1571397741 2
1571404987 2
1571404988 2
1571404989 2
1571404990 2
1571404991 2
1571405185 2
1571405186 2
1571405187 2
1571405188 2
1571405189 2
1571405382 2
1571405383 2
1571405384 2
1571405385 2
1571405386 2
1571405611 2
1571405612 2
1571405613 2
1571405614 2
1571405615 2
1571405814 2
1571405815 2
1571405816 2
1571405817 2
1571405818 2
1571409033 2
1571409034 2
1571409035 2
1571409036 2
1571409037 2
1571409235 2
1571409236 2
1571409237 2
1571409238 2
1571409239 2
1571409436 2
1571409437 2
1571409438 2
1571409439 2
1571409653 2
1571409654 2
1571409655 2
1571409656 2
1571409851 3
1571409852 2
1571409853 2
1571409854 2
1571409855 2
