1582030492 6.704488564
1582030799 6.544528159
1582031445 6.195320978
1582031744 6.423850016
1582032116 6.404811874
1582032434 6.028912146
1582032737 5.955193306
1582033037 5.934967131
1582033330 6.49711912
1582033689 6.887108779
1582035104 6.207356256
1582035978 5.132598874
1582036581 5.808077274
1582037191 6.284900216
1582037788 6.695377411
1582038383 5.883593241
1582038970 6.462235846
1582041887 5.750455547
1582042637 6.701960852
1582044084 6.770522431
1582044677 6.030424556
1582044992 5.689685302
1582045294 4.278273716
1582045589 5.703509735
1582045902 5.97753958
1582046197 5.836753818
