1573741872 6.070875919
1573741990 5.808416791
1573743622 5.789042177
1573743723 5.831670179
1573743822 5.909187679
1573743921 5.56700748
1573744020 5.839161993
1573744116 5.956815355
1573744213 6.058586166
1573744312 6.246403199
1573744403 6.207555207
1573744499 6.185655092
1573744606 5.889934684
1573744704 6.186405631
1573744817 5.745749735
1573744916 5.595038116
1573745053 6.182718117
1573745237 5.937930914
1573745333 5.730797057
1573745435 5.804175328
1573745532 5.967019372
1573745633 6.048155107
1573745732 5.795817957
1573745835 6.121493511
1573745933 6.087410059
1573746030 5.728710179
1573746130 6.02370427
1573746228 5.647876624
1573746328 5.640948752
1573746429 5.829953242
1573746526 6.015975434
1573746622 5.758665961
1573748942 5.84117524
1573749039 5.935583924
1573749141 5.862988695
1573749252 5.984272464
1573749349 6.083827357
1573749484 5.848334974
1573749583 5.93525253
1573749683 6.079091381
1573749784 4.206855323
1573749880 4.282163452
