1582188927 3
1582188928 3
1582188929 2
1582188930 4
1582188931 3
1582188932 4
1582188933 5
1582188934 4
1582188935 5
1582188936 2
1582188937 2
1582188938 2
1582188939 3
1582188940 5
1582188941 5
1582188942 4
1582188943 4
1582188944 4
1582190797 3
1582190798 3
1582190799 3
1582190800 2
1582190801 2
1582190802 2
1582190803 3
1582190804 4
1582190805 2
1582190806 1
1582190807 2
1582190808 2
1582190809 2
1582190810 1
1582190811 2
1582190812 2
1582190813 1
1582190814 1
1582190815 1
1582190816 1
1582190817 1
1582190818 1
1582190819 3
1582190820 3
1582190821 3
1582190822 3
1582190823 2
1582190824 1
1582190825 1
1582190826 2
1582190827 2
1582190828 2
1582190829 4
1582190830 4
1582190831 3
1582190832 3
1582190833 5
1582190834 6
1582190835 5
1582190836 5
1582190837 3
1582190838 3
1582190839 3
1582190840 3
1582190841 2
1582190842 2
1582190843 2
1582190844 2
1582190845 2
1582190846 2
1582190847 3
1582190848 4
1582190849 5
1582190850 6
1582190851 7
1582190852 7
1582190853 9
1582190854 9
1582190855 8
1582190856 10
1582190857 8
1582190858 10
1582190859 9
1582190860 7
1582190861 8
1582190862 6
1582190863 7
1582190864 8
1582190865 9
1582190866 7
1582190867 9
1582190868 9
1582190869 8
1582190870 9
1582190871 7
1582190872 6
1582190873 4
1582190874 4
1582190875 3
1582190876 5
1582190877 4
1582190878 4
1582190879 4
1582190880 5
1582190881 4
1582190882 4
1582190883 5
1582190884 3
1582190885 3
1582190886 3
1582190887 4
1582190888 3
1582190889 5
1582190890 5
1582190891 5
1582190892 7
1582190893 6
1582190894 7
1582190895 7
1582190896 6
1582190897 6
1582190898 6
1582190899 6
1582190900 6
1582190901 8
1582190902 7
1582190903 7
1582190904 9
1582190905 8
1582190906 10
1582190907 9
1582190908 6
1582190909 8
1582190910 7
1582190911 9
1582190912 7
1582190913 6
1582190914 6
1582190915 5
1582190916 4
1582190917 3
1582190918 2
1582190919 2
1582190920 2
1582190921 2
1582190922 2
1582190923 2
1582190924 2
1582190925 2
1582190926 3
1582190927 3
1582190928 3
1582190929 3
1582190930 3
1582190931 3
1582190932 2
1582190933 3
1582190934 1
1582190935 1
1582190936 1
1582190937 1
1582190938 1
1582190939 2
1582190940 1
1582190941 1
1582190942 1
1582190943 1
1582190944 1
1582190945 1
1582190946 1
1582190947 1
1582190948 1
1582190949 1
1582190950 1
1582190951 2
1582190952 2
1582190953 2
1582190954 3
1582190955 3
1582190956 2
1582190957 2
1582190958 3
1582190959 5
1582190960 5
1582190961 7
1582190962 6
1582190963 3
1582190964 3
1582190965 3
1582190966 3
1582190967 3
1582190968 3
1582190969 4
1582190970 3
1582190971 3
1582190972 4
1582191250 3
1582191251 2
1582191252 2
1582191253 3
1582191254 2
1582191255 2
1582191256 2
1582191257 2
1582191258 3
1582191259 3
1582191260 3
1582191261 4
1582191262 3
1582191263 4
1582191264 4
1582191378 3
1582191379 3
1582191380 4
1582191381 4
1582191382 4
1582191383 2
1582191384 3
1582191385 4
1582191386 2
1582191387 2
1582191388 4
1582191389 4
1582191390 5
1582191391 3
1582191392 3
1582191393 3
1582191394 2
1582191395 1
1582191396 1
1582191397 1
1582191398 2
1582191399 2
1582191400 2
1582191401 3
1582191402 2
1582191403 1
1582191404 1
1582191405 1
1582191406 1
1582191407 1
1582191408 1
1582191409 1
1582191410 2
1582191411 3
1582191412 3
1582191413 3
1582191414 3
1582191415 4
1582191416 3
1582191417 3
1582191418 4
1582191419 3
1582191420 3
1582191421 3
1582191422 3
1582191423 2
1582191424 2
1582191425 2
1582191426 2
1582191427 3
1582191428 3
1582191429 3
1582191430 4
1582191431 6
1582191432 7
1582191433 8
1582191434 8
1582191435 9
1582191436 10
1582191437 9
1582191438 9
1582191439 10
1582191440 7
1582191441 7
1582191442 7
1582191443 7
1582191444 6
1582191445 7
1582191446 9
1582191447 8
1582191448 8
1582191449 8
1582191450 7
1582191451 7
1582191452 7
1582191453 6
1582191454 7
1582191455 8
1582191456 7
1582191457 7
1582191458 4
1582191459 4
1582191460 4
1582191461 4
1582191462 4
1582191463 4
1582191464 5
1582191465 4
1582191466 4
1582191467 4
1582191468 4
1582191469 4
1582191470 5
1582191471 5
1582191472 4
1582191473 4
1582191474 3
1582191475 5
1582191476 5
1582191477 6
1582191478 6
1582191479 6
1582191480 7
1582191481 7
1582191482 7
1582191483 7
1582191484 8
1582191485 7
1582191486 6
1582191487 7
1582191488 7
1582191489 7
1582191490 9
1582191491 8
1582191492 7
1582191493 11
1582191494 9
1582191495 8
1582191496 7
1582191497 8
1582191498 8
1582191499 6
1582191500 5
1582191501 6
1582191502 4
1582191503 3
1582191504 3
1582191505 3
1582191506 4
1582191507 2
1582191508 2
1582191509 2
1582191510 2
1582191511 2
1582191512 2
1582191513 4
1582191514 4
1582191515 4
1582191516 4
1582191517 4
1582191518 2
1582191519 2
1582191520 2
1582191521 2
1582191522 1
1582191523 1
1582191524 1
1582191525 1
1582191526 1
1582191527 2
1582191528 1
1582191529 1
1582191530 1
1582191531 1
1582191532 1
1582191533 1
1582191534 1
1582191535 1
1582191536 1
1582191537 1
1582191538 1
1582191539 1
1582191540 2
1582191541 2
1582191542 3
1582191543 2
1582191544 2
1582191545 2
1582191546 2
1582191547 3
1582191548 3
1582191549 4
1582191550 4
1582191551 2
1582191552 2
1582191553 3
1582191554 4
1582191555 4
1582191556 6
1582191557 4
1582191558 4
1582191559 4
1582191560 4
1582191563 3
1582191564 3
1582191565 2
1582191566 2
1582191567 2
1582191568 2
1582191569 3
1582191570 3
1582191571 3
1582191572 3
1582191573 2
1582191574 2
1582191575 2
1582191576 2
1582191577 2
1582191578 2
1582191579 2
1582191580 2
1582191581 2
1582191582 2
1582191583 2
1582191584 2
1582191585 2
1582191586 2
1582191587 2
1582191588 2
1582191589 2
1582191590 2
1582191591 2
1582191592 2
1582191593 2
1582191594 2
1582191595 2
1582191596 2
1582191597 2
1582191598 2
1582191599 2
1582191600 2
1582191601 2
1582191602 2
1582191603 2
1582191604 2
1582191605 3
1582191606 4
1582191607 4
1582191608 4
1582191609 4
1582191610 4
1582191611 4
1582191612 4
1582191613 4
1582191614 4
1582191615 4
1582191616 4
1582191617 3
1582191618 3
1582191619 3
1582191620 3
1582191621 4
1582191622 4
1582191623 4
1582191624 4
1582191625 3
1582191626 3
1582191627 2
1582191628 2
1582191629 2
1582191630 2
1582191631 2
1582191632 2
1582191633 2
1582191634 2
1582191635 2
1582191636 2
1582191637 2
1582191638 2
1582191639 2
1582191640 2
1582191641 2
1582191642 2
1582191643 2
1582191644 2
1582191645 2
1582191646 2
1582191647 2
1582191648 2
1582191649 2
1582191650 2
1582191651 2
1582191652 2
1582191653 2
1582191654 2
1582191655 2
1582191656 2
1582191657 2
1582191658 2
1582191659 3
1582191660 3
1582191661 3
1582191662 3
1582191663 3
1582191664 2
1582191665 2
1582191666 3
1582191667 3
1582191668 3
1582191669 4
1582191670 4
1582191671 4
1582191672 4
1582191673 5
1582191674 3
1582191675 4
1582191676 3
1582191677 3
1582191678 3
1582191679 2
1582191680 2
1582191681 2
1582191682 4
1582191683 1
1582191684 2
1582191685 2
1582191686 2
1582191687 1
1582191688 2
1582191689 1
1582191690 2
1582191691 2
1582191692 2
1582191693 1
1582191694 1
1582191695 1
1582191696 1
1582191697 1
1582191698 1
1582191699 1
1582191700 1
1582191701 1
1582191702 1
1582191703 1
1582191704 1
1582191705 1
1582191706 1
1582191707 2
1582191708 1
1582191709 2
1582191710 2
1582191711 2
1582191712 4
1582191713 3
1582191714 3
1582191715 3
1582191716 4
1582191717 4
1582191718 3
1582191719 3
1582191720 2
1582191721 2
1582191722 2
1582191723 2
1582191724 3
1582191725 5
1582191726 4
1582191727 5
1582191728 6
1582191729 7
1582191730 6
1582191731 8
1582191732 9
1582191733 9
1582191734 11
1582191735 9
1582191736 9
1582191737 11
1582191738 11
1582191739 8
1582191740 9
1582191741 8
1582191742 9
1582191743 10
1582191744 8
1582191745 8
1582191746 8
1582191747 7
1582191748 7
1582191749 7
1582191750 7
1582191751 6
1582191752 5
1582191753 4
1582191754 3
1582191755 5
1582191756 4
1582191757 3
1582191758 3
1582191759 3
1582191760 3
1582191761 4
1582191762 4
1582191763 4
1582191764 2
1582191765 2
1582191766 2
1582191767 3
1582191768 3
1582191769 5
1582191770 5
1582191771 5
1582191772 7
1582191773 7
1582191774 7
1582191775 7
1582191776 7
1582191777 7
1582191778 7
1582191779 8
1582191780 8
1582191781 9
1582191782 7
1582191783 8
1582191784 9
1582191785 9
1582191786 12
1582191787 10
1582191788 8
1582191789 8
1582191790 8
1582191791 10
1582191792 8
1582191793 8
1582191794 8
1582191795 8
1582191796 8
1582191797 6
1582191798 6
1582191799 5
1582191800 4
1582191801 3
1582191802 4
1582191803 2
1582191804 2
1582191805 2
1582191806 2
1582191807 2
1582191808 2
1582191809 3
1582191810 5
1582191811 4
1582191812 3
1582191813 3
1582191814 2
1582191815 3
1582191816 3
1582191817 3
1582191818 2
1582191819 2
1582191820 2
1582191821 1
1582191822 2
1582191823 2
1582191824 1
1582191825 1
1582191826 1
1582191827 1
1582191828 1
1582191829 1
1582191830 1
1582191831 1
1582191832 1
1582191833 1
1582191834 1
1582191835 2
1582191836 2
1582191837 3
1582191838 2
1582191839 2
1582191840 3
1582191841 3
1582191842 3
1582191843 5
1582191844 9
1582191845 5
1582191846 4
1582191847 3
1582191848 5
1582191849 6
1582191850 4
1582191851 6
1582191852 4
1582191853 4
1582191854 5
1582191855 4
1582191859 3
1582191860 2
1582191861 2
1582191862 2
1582191863 2
1582191864 2
1582191865 3
1582191866 3
1582191867 3
1582191868 3
1582191869 2
1582191870 2
1582191871 2
1582191872 2
1582191873 2
1582191874 2
1582191875 2
1582191876 2
1582191877 2
1582191878 2
1582191879 2
1582191880 2
1582191881 2
1582191882 2
1582191883 2
1582191884 2
1582191885 2
1582191886 2
1582191887 2
1582191888 2
1582191889 2
1582191890 2
1582191891 2
1582191892 2
1582191893 2
1582191894 2
1582191895 2
1582191896 2
1582191897 2
1582191898 2
1582191899 2
1582191900 2
1582191901 3
1582191902 4
1582191903 4
1582191904 4
1582191905 4
1582191906 4
1582191907 4
1582191908 4
1582191909 4
1582191910 4
1582191911 4
1582191912 4
1582191913 3
1582191914 2
1582191915 2
1582191916 4
1582191917 4
1582191918 5
1582191919 4
1582191920 4
1582191921 3
1582191922 2
1582191923 2
1582191924 2
1582191925 2
1582191926 2
1582191927 2
1582191928 2
1582191929 2
1582191930 2
1582191931 2
1582191932 2
1582191933 2
1582191934 2
1582191935 2
1582191936 2
1582191937 2
1582191938 2
1582191939 2
1582191940 2
1582191941 2
1582191942 2
1582191943 2
1582191944 2
1582191945 2
1582191946 2
1582191947 2
1582191948 2
1582191949 2
1582191950 2
1582191951 2
1582191952 2
1582191953 3
1582191954 3
1582191955 3
1582191956 3
1582191957 3
1582191958 2
1582191959 2
1582191960 2
1582191961 3
1582191962 3
1582191963 3
1582191964 4
1582191965 4
1582191966 4
1582191967 4
1582191968 3
1582191969 5
1582191970 4
1582191971 3
1582191972 3
1582191973 2
1582191974 2
1582191975 2
1582191976 2
1582191977 3
1582191978 2
1582191979 2
1582191980 1
1582191981 2
1582191982 3
1582191983 2
1582191984 2
1582191985 3
1582191986 3
1582191987 3
1582191988 1
1582191989 1
1582191990 1
1582191991 1
1582191992 1
1582191993 2
1582191994 1
1582191995 1
1582191996 1
1582191997 1
1582191998 1
1582191999 1
1582192000 2
1582192001 2
1582192002 2
1582192003 3
1582192004 3
1582192005 3
1582192006 4
1582192007 4
1582192008 3
1582192009 3
1582192010 3
1582192011 3
1582192012 3
1582192013 2
1582192014 2
1582192015 2
1582192016 2
1582192017 2
1582192018 3
1582192019 4
1582192020 5
1582192021 5
1582192022 6
1582192023 6
1582192024 7
1582192025 9
1582192026 9
1582192027 10
1582192028 10
1582192029 9
1582192030 11
1582192031 10
1582192032 8
1582192033 8
1582192034 7
1582192035 9
1582192036 7
1582192037 8
1582192038 7
1582192039 8
1582192040 8
1582192041 8
1582192042 8
1582192043 5
1582192044 5
1582192045 3
1582192046 3
1582192047 3
1582192048 6
1582192049 4
1582192050 4
1582192051 4
1582192052 5
1582192053 4
1582192054 4
1582192055 5
1582192056 4
1582192057 4
1582192058 5
1582192059 5
1582192060 6
1582192061 3
1582192062 3
1582192063 5
1582192064 5
1582192065 6
1582192066 7
1582192067 6
1582192068 7
1582192069 7
1582192070 6
1582192071 8
1582192072 9
1582192073 9
1582192074 10
1582192075 8
1582192076 8
1582192077 11
1582192078 9
1582192079 7
1582192080 8
1582192081 9
1582192082 9
1582192083 8
1582192084 8
1582192085 5
1582192086 5
1582192087 4
1582192088 4
1582192089 4
1582192090 3
1582192091 2
1582192092 2
1582192093 2
1582192094 2
1582192095 2
1582192096 4
1582192097 3
1582192098 4
1582192099 5
1582192100 4
1582192101 3
1582192102 3
1582192103 2
1582192104 2
1582192105 2
1582192106 1
1582192107 1
1582192108 1
1582192109 1
1582192110 1
1582192111 1
1582192112 2
1582192113 1
1582192114 1
1582192115 1
1582192116 1
1582192117 1
1582192118 1
1582192119 1
1582192120 1
1582192121 1
1582192122 1
1582192123 2
1582192124 2
1582192125 2
1582192126 3
1582192127 2
1582192128 2
1582192129 1
1582192130 1
1582192131 1
1582192132 3
1582192133 3
1582192134 2
1582192135 2
1582192136 3
1582192137 4
1582192138 5
1582192139 3
1582192140 5
1582192141 3
1582192142 4
1582192143 5
1582192261 4
1582192262 4
1582192263 3
1582192264 2
1582192265 2
1582192266 2
1582192267 3
1582192268 3
1582192269 2
1582192270 1
1582192271 2
1582192272 2
1582192273 3
1582192274 2
1582192275 3
1582192276 3
1582192277 2
1582192278 1
1582192279 1
1582192280 1
1582192281 1
1582192282 1
1582192283 1
1582192284 2
1582192285 1
1582192286 1
1582192287 1
1582192288 1
1582192289 2
1582192290 1
1582192291 1
1582192292 1
1582192293 1
1582192294 3
1582192295 3
1582192296 3
1582192297 4
1582192298 5
1582192299 4
1582192300 3
1582192301 4
1582192302 4
1582192303 4
1582192304 2
1582192305 2
1582192306 2
1582192307 2
1582192308 2
1582192309 2
1582192310 3
1582192311 3
1582192312 4
1582192313 6
1582192314 5
1582192315 6
1582192316 7
1582192317 7
1582192318 8
1582192319 8
1582192320 10
1582192321 7
1582192322 8
1582192323 8
1582192324 8
1582192325 9
1582192326 7
1582192327 7
1582192328 7
1582192329 7
1582192330 7
1582192331 7
1582192332 7
1582192333 7
1582192334 5
1582192335 4
1582192336 4
1582192337 2
1582192338 3
1582192339 4
1582192340 4
1582192341 4
1582192342 6
1582192343 5
1582192344 4
1582192345 4
1582192346 4
1582192347 3
1582192348 3
1582192349 4
1582192350 4
1582192351 3
1582192352 2
1582192353 4
1582192354 5
1582192355 7
1582192356 7
1582192357 8
1582192358 8
1582192359 6
1582192360 6
1582192361 6
1582192362 6
1582192363 6
1582192364 6
1582192365 7
1582192366 7
1582192367 7
1582192368 8
1582192369 8
1582192370 9
1582192371 10
1582192372 10
1582192373 9
1582192374 8
1582192375 7
1582192376 9
1582192377 8
1582192378 6
1582192379 7
1582192380 8
1582192381 5
1582192382 5
1582192383 3
1582192384 3
1582192385 2
1582192386 2
1582192387 2
1582192388 2
1582192389 2
1582192390 3
1582192391 3
1582192392 4
1582192393 4
1582192394 4
1582192395 2
1582192396 2
1582192397 2
1582192398 1
1582192399 1
1582192400 1
1582192401 1
1582192402 1
1582192403 1
1582192404 1
1582192405 1
1582192406 1
1582192407 1
1582192408 2
1582192409 1
1582192410 1
1582192411 1
1582192412 1
1582192413 1
1582192414 1
1582192415 1
1582192416 2
1582192417 2
1582192418 1
1582192419 2
1582192422 1
1582192423 2
1582192424 3
1582192425 4
1582192426 4
1582192427 3
1582192428 2
1582192429 3
1582192430 4
1582192431 5
1582192432 6
1582192433 4
1582192434 2
1582192435 4
1582192558 4
1582192559 3
1582192560 3
1582192561 3
1582192562 2
1582192563 3
1582192564 3
1582192565 3
1582192566 3
1582192567 1
1582192568 2
1582192569 2
1582192570 3
1582192571 2
1582192572 1
1582192573 2
1582192574 1
1582192575 1
1582192576 1
1582192577 1
1582192578 1
1582192579 1
1582192580 1
1582192581 2
1582192582 2
1582192583 1
1582192584 1
1582192585 2
1582192586 1
1582192587 1
1582192588 1
1582192589 1
1582192590 1
1582192591 2
1582192592 2
1582192593 2
1582192594 3
1582192595 4
1582192596 4
1582192597 4
1582192598 4
1582192599 3
1582192600 3
1582192601 3
1582192602 2
1582192603 2
1582192604 2
1582192605 2
1582192606 2
1582192607 2
1582192608 2
1582192609 3
1582192610 4
1582192611 5
1582192612 6
1582192613 7
1582192614 8
1582192615 7
1582192616 8
1582192617 9
1582192618 9
1582192619 11
1582192620 9
1582192621 7
1582192622 9
1582192623 6
1582192624 8
1582192625 9
1582192626 7
1582192627 7
1582192628 7
1582192629 7
1582192630 8
1582192631 9
1582192632 8
1582192633 8
1582192634 8
1582192635 7
1582192636 5
1582192637 4
1582192638 3
1582192639 3
1582192640 6
1582192641 4
1582192642 4
1582192643 4
1582192644 5
1582192645 4
1582192646 4
1582192647 5
1582192648 3
1582192649 2
1582192650 2
1582192651 3
1582192652 2
1582192653 4
1582192654 5
1582192655 5
1582192656 7
1582192657 7
1582192658 7
1582192659 7
1582192660 6
1582192661 5
1582192662 6
1582192663 7
1582192664 7
1582192665 8
1582192666 10
1582192667 9
1582192668 9
1582192669 10
1582192670 6
1582192671 8
1582192672 9
1582192673 7
1582192674 5
1582192675 7
1582192676 5
1582192677 3
1582192678 2
1582192679 2
1582192680 2
1582192681 2
1582192682 2
1582192683 2
1582192684 2
1582192685 2
1582192686 3
1582192687 4
1582192688 4
1582192689 5
1582192690 4
1582192691 4
1582192692 3
1582192693 3
1582192694 1
1582192695 1
1582192696 1
1582192697 1
1582192698 1
1582192699 2
1582192700 1
1582192701 1
1582192702 1
1582192703 1
1582192704 1
1582192705 2
1582192706 1
1582192707 2
1582192708 2
1582192709 2
1582192710 1
1582192711 2
1582192712 2
1582192713 3
1582192714 2
1582192715 2
1582192716 2
1582192719 1
1582192720 2
1582192721 2
1582192722 5
1582192723 4
1582192724 2
1582192725 3
1582192726 4
1582192727 4
1582192728 4
1582192729 6
1582192730 4
1582192731 2
1582192732 5
1582192847 3
1582192848 3
1582192849 3
1582192850 3
1582192851 3
1582192852 4
1582192853 3
1582192854 2
1582192855 1
1582192856 2
1582192857 2
1582192858 3
1582192859 3
1582192860 3
1582192861 2
1582192862 1
1582192863 1
1582192864 1
1582192865 1
1582192866 1
1582192867 1
1582192868 1
1582192869 2
1582192870 2
1582192871 1
1582192872 1
1582192873 1
1582192874 1
1582192875 1
1582192876 1
1582192877 1
1582192878 1
1582192879 2
1582192880 2
1582192881 2
1582192882 3
1582192883 4
1582192884 3
1582192885 4
1582192886 3
1582192887 3
1582192888 3
1582192889 3
1582192890 2
1582192891 2
1582192892 2
1582192893 2
1582192894 2
1582192895 2
1582192896 3
1582192897 3
1582192898 4
1582192899 6
1582192900 6
1582192901 8
1582192902 8
1582192903 8
1582192904 9
1582192905 8
1582192906 8
1582192907 9
1582192908 9
1582192909 7
1582192910 7
1582192911 6
1582192912 7
1582192913 9
1582192914 9
1582192915 8
1582192916 8
1582192917 8
1582192918 8
1582192919 9
1582192920 8
1582192921 6
1582192922 4
1582192923 4
1582192924 3
1582192925 4
1582192926 4
1582192927 4
1582192928 4
1582192929 5
1582192930 5
1582192931 4
1582192932 4
1582192933 5
1582192934 3
1582192935 3
1582192936 3
1582192937 3
1582192938 2
1582192939 4
1582192940 5
1582192941 5
1582192942 7
1582192943 7
1582192944 7
1582192945 7
1582192946 6
1582192947 5
1582192948 6
1582192949 7
1582192950 7
1582192951 9
1582192952 9
1582192953 9
1582192954 9
1582192955 8
1582192956 8
1582192957 8
1582192958 8
1582192959 7
1582192960 7
1582192961 6
1582192962 7
1582192963 4
1582192964 3
1582192965 3
1582192966 3
1582192967 2
1582192968 2
1582192969 2
1582192970 2
1582192971 2
1582192972 2
1582192973 3
1582192974 4
1582192975 3
1582192976 3
1582192977 3
1582192978 3
1582192979 3
1582192980 3
1582192981 3
1582192982 1
1582192983 1
1582192984 1
1582192985 1
1582192986 1
1582192987 2
1582192988 1
1582192989 1
1582192990 1
1582192991 1
1582192992 1
1582192993 2
1582192994 1
1582192995 1
1582192996 1
1582192997 1
1582192998 1
1582192999 1
1582193000 2
1582193001 2
1582193002 3
1582193003 2
1582193004 2
1582193005 1
1582193006 1
1582193007 1
1582193008 1
1582193009 4
1582193010 3
1582193011 2
1582193012 3
1582193013 4
1582193014 5
1582193015 4
1582193016 4
1582193017 4
1582193018 4
1582193019 3
1582193020 4
1582193135 2
1582193136 2
1582193137 2
1582193138 2
1582193139 2
1582193140 3
1582193141 4
1582193142 5
1582193143 2
1582193144 1
1582193145 2
1582193146 2
1582193147 3
1582193148 2
1582193149 3
1582193150 2
1582193151 2
1582193152 1
1582193153 1
1582193154 1
1582193155 1
1582193156 1
1582193157 1
1582193158 1
1582193159 1
1582193160 1
1582193161 2
1582193162 3
1582193163 3
1582193164 2
1582193165 2
1582193166 2
1582193167 2
1582193168 3
1582193169 3
1582193170 3
1582193171 4
1582193172 4
1582193173 4
1582193174 5
1582193175 4
1582193176 4
1582193177 3
1582193178 3
1582193179 2
1582193180 2
1582193181 2
1582193182 2
1582193183 2
1582193184 3
1582193185 3
1582193186 3
1582193187 4
1582193188 6
1582193189 6
1582193190 8
1582193191 7
1582193192 9
1582193193 9
1582193194 10
1582193195 9
1582193196 11
1582193197 10
1582193198 8
1582193199 9
1582193200 7
1582193201 9
1582193202 7
1582193203 9
1582193204 9
1582193205 7
1582193206 7
1582193207 7
1582193208 7
1582193209 8
1582193210 8
1582193211 8
1582193212 7
1582193213 6
1582193214 4
1582193215 4
1582193216 4
1582193217 6
1582193218 4
1582193219 4
1582193220 4
1582193221 5
1582193222 4
1582193223 4
1582193224 5
1582193225 3
1582193226 3
1582193227 3
1582193228 4
1582193229 2
1582193230 4
1582193231 5
1582193232 7
1582193233 7
1582193234 7
1582193235 6
1582193236 8
1582193237 6
1582193238 6
1582193239 6
1582193240 7
1582193241 9
1582193242 9
1582193243 9
1582193244 11
1582193245 8
1582193246 8
1582193247 7
1582193248 8
1582193249 9
1582193250 7
1582193251 7
1582193252 8
1582193253 5
1582193254 4
1582193255 3
1582193256 3
1582193257 3
1582193258 2
1582193259 2
1582193260 2
1582193261 2
1582193262 2
1582193263 2
1582193264 3
1582193265 3
1582193266 3
1582193267 4
1582193268 4
1582193269 3
1582193270 4
1582193271 3
1582193272 2
1582193273 2
1582193274 1
1582193275 1
1582193276 1
1582193277 3
1582193278 3
1582193279 2
1582193280 2
1582193281 1
1582193282 2
1582193283 2
1582193284 2
1582193285 2
1582193286 1
1582193287 1
1582193288 1
1582193289 1
1582193290 2
1582193291 2
1582193292 2
1582193293 2
1582193294 2
1582193295 1
1582193296 2
1582193297 1
1582193298 2
1582193299 3
1582193300 2
1582193301 2
1582193302 3
1582193303 5
1582193304 4
1582193305 5
1582193306 6
1582193307 4
1582193308 5
1582193309 5
1582193310 5
1582193311 4
1582193312 4
