1570449066 4
1570449067 3
1570449068 3
1570449069 3
1570449070 3
1570449071 4
1570449072 3
1570449073 4
1570449074 3
1570449075 3
1570449076 3
1570449077 3
1570449078 4
1570449079 3
1570449080 4
1570449081 3
1570449082 4
1570449083 4
1570449084 4
1570449085 4
1570449086 2
1570449087 2
1570449088 4
1570449089 5
1570449519 3
1570449520 3
1570449521 3
1570449522 3
1570449523 4
1570449524 4
1570449525 4
1570449526 4
1570449527 5
1570449528 4
1570449529 4
1570449530 3
1570449531 2
1570449532 2
1570449533 2
1570449534 2
1570449535 3
1570449536 3
1570449537 4
1570449538 4
1570449539 5
1570449540 4
1570449541 4
1570449542 4
1570449543 4
1570449544 5
1570449545 4
1570449963 3
1570449964 2
1570449965 2
1570449966 3
1570449967 3
1570449968 4
1570449969 4
1570449970 3
1570449971 3
1570449972 1
1570449973 2
1570449974 2
1570449975 2
1570449976 2
1570449977 3
1570449978 4
1570449979 3
1570449980 3
1570449981 3
1570449982 2
1570449983 4
1570449984 4
1570449985 4
1570449986 5
1570449987 4
1570449988 3
1570449989 4
1570449990 2
1570449991 4
