1571322714 2
1571322715 3
1571322716 3
1571322717 3
1571322718 3
1571322719 3
1571322720 3
1571322721 3
1571322722 3
1571322723 3
1571322724 3
1571322725 3
1571322726 3
1571322727 3
1571322728 3
1571322729 2
1571322730 2
1571322731 2
1571322732 2
1571322733 2
1571322734 2
1571322735 2
1571322736 2
1571322737 2
1571322738 2
1571322739 2
1571322740 2
1571322741 1
1571322742 2
1571322743 1
1571322744 2
1571322745 2
1571322746 2
1571322747 2
1571322748 1
1571322749 1
1571322750 1
1571322751 1
1571322752 1
1571322753 2
1571322754 2
1571322755 2
1571322756 2
1571322757 2
1571322758 2
1571322759 2
1571322760 2
1571322761 2
1571322762 2
1571322763 2
1571322764 2
1571322765 2
1571322766 2
1571322767 2
1571322768 2
1571322769 2
1571322770 2
1571322771 2
1571322772 3
1571322773 4
1571322774 4
1571322775 4
1571322776 4
1571322777 4
1571322778 4
1571322779 4
1571322780 4
1571322781 4
1571322782 4
1571322783 4
1571322784 4
1571322785 4
1571322786 4
1571322787 4
1571322788 4
1571322789 4
1571322790 4
1571322791 4
1571322792 4
1571322793 4
1571322794 4
1571322795 4
1571322796 4
1571322797 4
1571322798 4
1571322799 4
1571322800 4
1571322801 4
1571322802 4
1571322803 4
1571322804 4
1571322805 4
1571322806 4
1571322807 4
1571322808 4
1571322809 4
1571322810 4
1571322811 4
1571322812 4
1571322813 4
1571322814 4
1571322815 4
1571322816 4
1571322817 4
1571322818 4
1571322819 4
1571322820 4
1571322821 4
1571322822 4
1571322823 4
1571322824 4
1571322825 4
1571322826 4
1571322827 4
1571322828 4
1571322829 4
1571322830 4
1571322831 4
1571322832 4
1571322833 4
1571322834 4
1571322835 4
1571322836 4
1571322837 4
1571322838 4
1571322839 4
1571322840 4
1571322841 4
1571322842 4
1571322843 4
1571322844 4
1571322845 4
1571322846 4
1571322847 4
1571322848 4
1571322849 4
1571322850 4
1571322851 4
1571322852 4
1571322853 4
1571322854 4
1571322855 4
1571322856 4
1571322857 4
1571322858 4
1571322859 4
1571322860 4
1571322861 4
1571322862 4
1571322863 4
1571322864 4
1571322865 4
1571322866 4
1571322867 4
1571322868 4
1571322869 4
1571322870 4
1571322871 4
1571322872 4
1571322873 4
1571322874 4
1571322875 4
1571322876 4
1571322877 4
1571322878 4
1571322879 4
1571322880 4
1571322881 4
1571322882 4
1571322883 4
1571322884 4
1571322885 3
1571322886 3
1571322887 4
1571322888 4
1571322889 4
1571322890 4
1571322891 3
1571322892 3
1571322893 3
1571322894 3
1571322895 3
1571322896 3
1571322897 3
1571322898 3
1571322899 4
1571322900 5
1571322901 4
1571322902 4
1571322903 4
1571322904 3
1571322905 3
1571322906 3
1571322907 2
1571322908 2
1571322909 2
1571322910 2
1571322911 2
1571322912 2
1571322913 2
1571322914 2
1571322915 2
1571322916 2
1571322917 2
1571322918 2
1571322919 2
1571322920 2
1571322921 2
1571322922 2
1571322923 2
1571322924 2
1571322925 2
1571322926 2
1571322927 2
1571322928 2
1571322929 2
1571322930 2
1571322931 2
1571322932 2
1571322933 2
1571322934 2
1571322935 2
1571322936 2
1571322937 2
1571322938 2
1571322939 2
1571322940 2
1571322941 2
1571322942 2
1571322943 2
1571322944 2
1571322945 2
1571322946 2
1571322947 2
1571322948 2
1571322949 3
1571322950 3
1571322951 3
1571322952 3
1571322953 3
1571322954 3
1571322955 3
1571322956 3
1571322957 3
1571322958 3
1571322959 3
1571322960 3
1571322961 3
1571322962 3
1571322963 2
1571322964 2
1571322965 3
1571322966 4
1571322967 5
1571322968 7
1571322969 6
1571322970 5
1571322971 6
1571322972 7
1571322973 6
1571322974 7
1571322975 6
1571322976 7
1571322977 6
1571322978 5
1571322979 5
1571322980 5
1571322981 6
1571322982 5
1571322983 3
1571322984 5
1571322985 6
1571322986 6
1571322987 6
1571322988 7
1571322989 3
1571322990 3
1571322991 3
1571322992 3
1571322993 2
1571322994 2
1571322995 2
1571322996 3
1571322997 3
1571322998 4
1571322999 3
1571323000 3
1571323001 3
1571323002 3
1571323003 5
1571323004 5
1571323005 5
1571323006 4
1571323007 4
1571323008 3
1571323009 3
1571323010 2
1571323011 2
1571323012 2
1571323013 2
1571323014 2
1571323015 2
1571323016 2
1571323017 2
1571323018 2
1571323019 2
1571323020 2
1571323021 2
1571323022 2
1571323023 2
1571323024 2
1571323025 2
1571323026 2
1571323027 2
1571323028 2
1571323029 2
1571323030 2
1571323031 2
1571323032 2
1571323033 2
1571323034 3
1571323035 2
1571323036 2
1571323037 2
1571323038 2
1571323039 2
1571323040 2
1571323041 4
1571323042 4
1571323043 5
1571323044 5
1571323045 4
1571323046 4
1571323047 4
1571323048 4
1571323049 6
1571323050 4
1571323051 4
1571323052 4
1571323053 4
1571323054 3
1571323055 1
1571323056 1
1571323057 3
1571323058 6
1571323059 6
1571323060 7
1571323061 10
1571323062 10
1571323063 12
1571323064 10
1571323065 11
1571323066 13
1571323067 8
1571323068 10
1571323069 13
1571323070 8
1571323071 7
1571323072 8
1571323073 7
1571323074 5
1571323075 4
1571323076 6
1571323077 5
1571323078 5
1571323079 4
1571323080 3
1571323081 2
1571323082 2
1571323083 2
1571323084 2
1571323085 4
1571323086 4
1571323087 4
1571323088 4
1571323089 4
1571323090 3
1571323091 3
1571323092 3
1571323093 3
1571323094 3
1571323095 3
1571323096 3
1571323097 3
1571323098 3
1571323099 3
1571323100 3
1571323101 3
1571323102 3
1571323103 3
1571323104 3
1571323105 3
1571323106 3
1571323107 3
1571323108 3
1571323109 3
1571323110 3
1571323111 3
1571323112 3
1571323113 3
1571323114 3
1571323115 3
1571323116 3
1571323117 3
1571323118 3
1571323119 3
1571323120 3
1571323121 3
1571323122 3
1571323123 3
1571323124 3
1571323125 3
1571323126 3
1571323127 3
1571323128 3
1571323129 3
1571323130 3
1571323131 3
1571323132 3
1571323133 3
1571323134 3
1571323135 3
1571323136 3
1571323137 3
1571323138 3
1571323139 3
1571323140 3
1571323141 3
1571323142 3
1571323143 3
1571323144 3
1571323145 3
1571323146 3
1571323147 3
1571323148 3
1571323149 3
1571323150 3
1571323151 3
1571323152 3
1571323153 3
1571323154 3
1571323155 3
1571323156 3
1571323157 3
1571323158 3
1571323159 3
1571323160 3
1571323161 3
1571323162 3
1571323163 3
1571323164 3
1571323165 3
1571323166 3
1571323167 3
1571323168 3
1571323169 3
1571323170 3
1571323171 3
1571323172 3
1571323173 3
1571323174 3
1571323175 3
1571323176 3
1571323177 3
1571323178 3
1571323179 3
1571323180 3
1571323181 3
1571323182 3
1571323183 3
1571323184 3
1571323185 3
1571323186 3
1571323187 3
1571323188 3
1571323189 3
1571323190 3
1571323191 3
1571323192 3
1571323193 3
1571323194 3
1571323195 3
1571323196 3
1571323197 3
1571323198 3
1571323199 3
1571323200 3
1571323201 3
1571323202 3
1571323203 3
1571323204 3
1571323205 3
1571323206 3
1571323207 3
1571323208 3
1571323209 3
1571323210 3
1571323211 3
1571323212 3
1571323213 3
1571323214 3
1571323215 3
1571323216 3
1571323217 3
1571323218 2
1571323219 2
1571323220 4
1571323221 4
1571323222 4
1571323223 4
1571323224 4
1571323225 4
1571323226 3
1571323227 3
1571323228 3
1571323229 2
1571323230 2
1571323231 2
1571323232 2
1571323233 2
1571323234 2
1571323235 2
1571323236 2
1571323237 2
1571323238 2
1571323239 2
1571323240 2
1571323241 2
1571323242 2
1571323243 2
1571323244 2
1571323245 2
1571323246 2
1571323247 2
1571323248 2
1571323249 2
1571323250 2
1571323251 2
1571323252 2
1571323253 2
1571323254 2
1571323255 2
1571323256 2
1571323257 2
1571323258 2
1571323259 2
1571323260 2
1571323261 2
1571323262 2
1571323263 2
1571323264 2
1571323265 2
1571323266 2
1571323267 2
1571323268 2
1571323269 2
1571323270 3
1571323271 3
1571323272 3
1571323273 3
1571323274 3
1571323275 3
1571323276 3
1571323277 3
1571323278 3
1571323279 3
1571323280 3
1571323281 3
1571323282 3
1571323283 2
1571323284 2
1571323285 2
1571323286 2
1571323287 3
1571323288 3
1571323289 3
1571323290 3
1571323291 3
1571323292 4
1571323293 4
1571323294 5
1571323295 3
1571323296 4
1571323297 3
1571323298 3
1571323299 4
1571323300 4
1571323301 3
1571323302 3
1571323303 2
1571323304 2
1571323305 2
1571323306 1
1571323307 1
1571323308 1
1571323309 1
1571323310 3
1571323311 3
1571323312 3
1571323313 2
1571323314 2
1571323315 2
1571323316 2
1571323317 2
1571323318 2
1571323319 2
1571323320 2
1571323321 3
1571323322 3
1571323323 3
1571323324 2
1571323325 2
1571323326 1
1571323327 1
1571323328 1
1571323329 1
1571323330 1
1571323331 1
1571323332 2
1571323333 3
1571323334 2
1571323335 3
1571323336 2
1571323337 2
1571323338 2
1571323339 2
1571323340 2
1571323341 2
1571323342 2
1571323343 2
1571323344 2
1571323345 2
1571323346 2
1571323347 3
1571323348 3
1571323349 3
1571323350 3
1571323351 3
1571323352 5
1571323353 4
1571323354 4
1571323355 3
1571323356 4
1571323357 4
1571323358 4
1571323359 4
1571323360 3
1571323361 3
1571323362 2
1571323363 2
1571323364 2
1571323365 2
1571323366 2
1571323367 2
1571323368 3
1571323369 3
1571323370 3
1571323371 3
1571323372 3
1571323373 4
1571323374 4
1571323375 4
1571323376 3
1571323377 3
1571323378 3
1571323379 3
1571323380 3
1571323381 3
1571323382 2
1571323383 3
1571323384 4
1571323385 4
1571323386 4
1571323387 4
1571323388 5
1571323389 4
1571323390 2
1571323391 2
1571323392 2
1571323393 1
1571323394 1
1571323395 1
1571323396 1
1571323397 1
1571323398 2
1571323399 2
1571323400 2
1571323401 2
1571323402 2
1571323403 2
1571323404 2
1571323405 3
1571323406 5
1571323407 5
1571323408 5
1571323409 5
1571323410 6
1571323411 5
1571323412 5
1571323413 5
1571323414 4
1571323415 4
1571323416 4
1571323417 5
1571323418 5
1571323419 3
1571323420 2
1571323421 2
1571323422 2
1571323423 2
1571323424 2
1571323425 2
1571323426 2
1571323427 2
1571323428 1
1571323429 1
1571323430 1
1571323431 1
1571323432 1
1571323433 2
1571323434 2
1571323435 3
1571323436 2
1571323437 3
1571323438 4
1571323439 3
1571323440 3
1571323441 2
1571323442 2
1571323443 2
1571323444 3
1571323445 2
1571323446 2
1571323447 2
1571323448 2
1571323449 3
1571323450 3
1571323451 2
1571323452 2
1571323453 2
1571323454 2
1571323455 3
1571323456 3
1571323457 3
1571323458 3
1571323459 2
1571323460 2
1571323461 2
1571323462 2
1571323463 2
1571323464 3
1571323465 4
1571323466 4
1571323467 4
1571323468 3
1571323469 3
1571323470 3
1571323471 3
1571323472 3
1571323473 3
1571323474 3
1571323475 3
1571323476 2
1571323477 2
1571323478 2
1571323479 2
1571323480 2
1571323481 2
1571323482 2
1571323483 3
1571323484 2
1571323485 3
1571323486 2
1571323487 2
1571323488 2
1571323489 2
1571323490 3
1571323491 3
1571323492 3
1571323493 2
1571323494 2
1571323495 2
1571323496 2
1571323497 2
1571323498 1
1571323499 2
1571323500 2
1571323501 2
1571323502 3
1571323503 3
1571323504 3
1571323505 3
1571323506 2
1571323507 2
1571323508 3
1571323509 3
1571323510 4
1571323511 4
1571323512 4
1571323513 3
1571323514 2
1571323515 1
1571323516 1
1571323517 1
1571323518 1
1571323519 3
1571323520 3
1571323521 3
1571323522 3
1571323523 4
1571323524 5
1571323525 6
1571323526 4
1571323527 5
1571323528 4
1571323529 4
1571323530 7
1571323531 5
1571323532 4
1571323533 4
1571323534 5
1571323535 3
1571323536 3
1571323537 3
1571323538 3
1571323539 2
1571323540 2
1571323541 2
1571323542 4
1571323543 3
1571323544 3
1571323545 4
1571323546 4
1571323547 4
1571323548 4
1571323549 4
1571323550 4
1571323551 3
1571323552 3
1571323553 3
1571323554 3
1571323555 3
1571323556 2
1571323557 2
1571323558 2
1571323559 2
1571323560 2
1571323561 2
1571323562 2
1571323563 2
1571323564 2
1571323565 2
1571323566 2
1571323567 2
1571323568 2
1571323569 2
1571323570 2
1571323571 2
1571323572 2
1571323573 2
1571323574 2
1571323575 2
1571323576 2
1571323577 2
1571323578 2
1571323579 2
1571323580 2
1571323581 2
1571323582 2
1571323583 2
1571323584 2
1571323585 2
1571323586 2
1571323587 2
1571323588 2
1571323589 2
1571323590 2
1571323591 2
1571323592 2
1571323593 2
1571323594 2
1571323595 2
1571323596 3
1571323597 4
1571323598 4
1571323599 4
1571323600 4
1571323601 4
1571323602 4
1571323603 4
1571323604 4
1571323605 4
1571323606 4
1571323607 4
1571323608 4
1571323609 4
1571323610 4
1571323611 3
