1582185109 7.840377038
1582185290 7.79630749
1582186023 6.740483575
1582186183 6.887334509
1582186918 6.90293311
1582187879 6.818073974
1582188038 9.020278362
1582188198 6.878269186
1582188358 6.712017739
1582193809 6.859804004
1582193973 6.692205799
1582194137 6.703333885
1582194293 6.763826675
1582194454 6.855353843
1582194618 6.844533069
1582194781 6.787152247
1582194948 6.551568197
1582195108 6.700803318
1582195272 6.908023589
1582195766 6.794177234
1582195924 6.778807411
1582196082 6.873162334
1582196242 6.742400708
1582196401 6.763224352
1582196560 6.779413061
1582196718 6.839549389
1582196878 6.827362586
1582197041 6.852813255
1582197207 6.766599835
1582197363 6.84073912
1582197529 6.805063909
1582197700 6.832548346
1582197858 6.77409588
1582198017 6.715180127
1582198173 6.751393206
1582198335 6.827205195
1582198493 6.763068781
1582198772 6.575273937
1582199124 6.908085584
