1574711062 0 
1574711063 0 
1574711064 0 
1574711065 0 
1574711066 0 
1574711067 0 
1574711068 0 
1574711069 0 
1574711070 0 
1574708856 0 
1574708857 0 
1574708858 0 
1574708859 0 
1574708860 0 
1574708861 0 
1574708862 0 
1574708863 0 
1574708864 0 
1569855640 0 
1569855641 0 
1569855642 0 
1569855643 0 
1569855644 0 
1569855645 0 
1569855646 0 
1569855647 0 
1569855648 0 
1569855649 0 
1569855650 0 
1569855651 0 
1569855652 0 
1569855653 0 
1569855654 0 
1569855655 0 
1569855656 0 
1569855657 0 
1569855658 0 
1569855659 0 
1569855660 2 
1569855661 2 
1569855662 3 
1569855663 1 
1569855664 0 
1569855665 0 
1569855666 0 
1569855667 2 
1569855668 0 
1569855669 0 
1569855670 0 
1569855671 0 
1569855672 1 
1569855673 1 
1569855674 1 
1569855675 0 
1569855676 0 
1569855677 0 
1569855678 0 
1569855679 0 
1569855683 0 
1569855684 0 
1569855685 0 
1569855686 0 
1569855687 1 
1569855688 1 
1569855689 1 
1569855690 2 
1569855691 4 
1569855692 4 
1569855693 5 
1569855694 4 
1569855695 3 
1569855696 3 
1569855697 1 
1569855698 2 
1569855699 1 
1569855700 0 
1569855701 1 
1569855702 1 
1569855703 0 
1569855704 0 
1569855705 0 
1569855706 0 
1569855707 1 
1569855708 0 
1569855709 0 
1569855710 0 
1569855711 0 
1569855712 0 
1569855713 0 
1569855714 0 
1569855715 0 
1569855716 0 
1569855717 0 
1569855718 0 
1569855719 0 
1569855720 0 
1569855721 0 
1569855722 0 
1569855723 0 
1569855724 0 
1569855725 0 
1569855726 0 
1569855727 0 
1569855728 0 
1569855729 0 
1569855730 2 
1569855731 2 
1569855732 2 
1569855733 1 
1569855734 0 
1569855735 0 
1569855736 0 
1569855737 0 
1569855738 0 
1569855739 0 
1569855740 0 
1569855741 0 
1569855742 0 
1569855743 0 
1569855744 0 
1569855745 0 
1569855746 0 
1569855747 0 
1569855748 0 
1569855749 0 
1569855750 0 
1569855751 0 
1569855752 0 
1569855753 0 
1569855754 0 
1569855755 0 
1569855756 0 
1569855757 0 
1569855758 0 
1569855759 0 
1569855760 0 
1569855761 0 
1569855762 0 
1569855763 0 
1569855764 0 
1569855765 0 
1569855766 0 
1569855767 0 
1569855768 0 
1569855769 0 
1569855770 0 
1569855771 0 
1569855772 0 
1569855773 0 
1569855774 0 
1569855775 0 
1569855776 0 
1569855777 0 
1569855778 0 
1569855779 0 
1569855780 0 
1569855781 0 
1569855782 0 
1569855783 0 
1569855784 0 
1569855785 0 
1569855786 0 
1569855787 2 
1569855788 1 
1569855789 1 
1569855790 1 
1569855791 1 
1569855792 1 
1569855793 1 
1569855794 1 
1569855795 0 
1569855796 1 
1569855797 1 
1569855798 1 
1569855799 1 
1569855800 0 
1569855801 0 
1569855802 0 
1569855803 0 
1569855804 0 
1569855805 0 
1569855806 0 
1569855807 0 
1569855808 0 
1569855809 0 
1569855810 0 
1569855811 0 
1569855812 0 
1569855813 0 
1569855814 0 
1569855815 0 
1569855816 0 
1569855817 0 
1569855818 0 
1569855819 0 
1569855820 0 
1569855821 0 
1569855822 0 
1569855823 0 
1569855824 0 
1569855825 0 
1569855826 0 
1569855827 0 
1569855828 0 
1569855829 0 
1569855830 0 
1569855831 0 
1569855832 0 
1569855833 1 
1569855834 1 
1569855835 1 
1569855836 1 
1569855837 0 
1569855838 0 
1569855839 0 
1569855840 0 
1569855841 0 
1569855842 0 
1569855843 0 
1569855844 0 
1569855845 0 
1569855846 0 
1569855847 0 
1569855848 0 
1569855849 0 
1569855850 0 
1569855851 0 
1569855852 0 
1569855853 0 
1569855854 0 
1569855855 0 
1569855856 0 
1569855857 0 
1569855858 0 
1569855859 0 
1569855860 0 
1569855861 0 
1569855862 0 
1569855863 0 
1569855864 0 
1569855865 0 
1569855866 0 
1569855867 0 
1569855868 0 
1569855869 0 
1569855870 0 
1569855871 0 
1569855872 0 
1569855873 1 
1569855874 1 
1569855875 1 
1569855876 1 
1569855877 1 
1569855878 0 
1569855879 0 
1569855880 0 
1569855881 0 
1569855882 0 
1569855883 0 
1569855884 0 
1569855885 0 
1569855886 0 
1569855887 0 
1569855888 0 
1569855889 0 
1569855890 0 
1569855891 0 
1569855892 0 
1569855893 0 
1569855894 0 
1569855895 0 
1569855896 0 
1569855897 0 
1569855898 0 
1569855899 0 
1569855900 0 
1569855901 0 
1569855902 0 
1569855903 0 
1569855904 0 
1569855905 0 
1569855906 0 
1569855907 0 
1569855908 0 
1569855909 0 
1569855910 1 
1569855911 0 
1569855912 1 
1569855913 1 
1569855914 1 
1569855915 1 
1569855916 2 
1569855917 1 
1569855918 0 
1569855919 0 
1569855920 0 
1569855921 0 
1569855922 0 
1569855923 0 
1569855924 0 
1569855925 0 
1569855926 0 
1569855927 0 
1569855928 0 
1569855929 0 
1569855930 0 
1569855931 0 
1569855932 0 
1569855933 0 
1569855934 0 
1569855935 0 
1569855936 0 
1569855937 0 
1569855938 0 
1569855939 0 
1569855940 0 
1569855941 0 
1569855942 0 
1569855943 0 
1569855944 0 
1569855945 0 
1569855946 0 
1569855947 0 
1569855948 1 
1569855949 0 
1569855950 1 
1569855951 1 
1569855952 1 
1569855953 2 
1569855954 1 
1569855955 2 
1569855956 1 
1569855957 0 
1569855958 0 
1569855959 0 
1569855960 0 
1569855961 0 
1569855962 0 
1569855963 0 
1569855964 0 
1569855965 0 
1569855966 0 
1569855967 0 
1569855968 0 
1569855969 0 
1569855970 0 
1569855971 0 
1569855972 0 
1569855973 0 
1569855974 0 
1569855975 0 
1569855976 0 
1569855977 0 
1569855978 0 
1569855979 0 
1569855980 0 
1569855981 0 
1569855982 0 
1569855983 0 
1569855984 0 
1569855985 0 
1569855986 0 
1569855987 0 
1569855988 0 
1569855989 0 
1569855990 0 
1569855991 0 
1569855992 0 
1569855993 0 
1569855994 0 
1569855995 0 
1569855996 0 
1569855997 0 
1569855998 0 
1569855999 0 
1569856000 1 
1569856001 2 
1569856002 2 
1569856003 0 
1569856004 0 
1569856005 0 
1569856006 0 
1569856007 0 
1569856008 0 
1569856009 0 
1569856010 0 
1569856011 0 
1569856012 0 
1569856013 0 
1569856014 0 
1569856015 0 
1569856016 0 
1569856017 0 
1569856018 0 
1569856019 0 
1569856020 0 
1569856021 0 
1569856022 0 
1569856023 0 
1569856024 0 
1569856025 0 
1569856026 0 
1569856027 0 
1569856028 0 
1569856029 0 
1569856030 0 
1569856031 0 
1569856032 0 
1569856033 0 
1569856034 0 
1569856035 0 
1569856036 0 
1569856037 0 
1569856038 0 
1569856039 0 
1569856040 0 
1569856041 0 
1569856042 0 
1569856043 0 
1569856044 0 
1569856045 0 
1569856046 0 
1569856047 0 
1569856048 0 
1569856049 0 
1569856050 0 
1569856051 0 
1569856052 0 
1569856053 0 
1569856054 0 
1569856055 0 
1569856056 0 
1569856057 0 
1569856058 0 
1569856059 0 
1569856060 0 
1569856061 0 
1569856062 0 
1569856063 0 
1569856064 0 
1569856065 0 
1569856066 0 
1569856067 0 
1569856068 0 
1569856069 0 
1569856070 0 
1569856071 0 
1569856072 0 
1569856073 0 
1569856074 0 
1569856075 0 
1569856076 0 
1569856077 0 
1569856078 0 
1569856079 0 
1569856080 0 
1569856081 0 
1569856082 0 
1569856083 0 
1569856084 0 
1569856085 0 
1569856086 0 
1569856087 0 
1569856088 0 
1569856089 0 
1569856090 0 
1569856091 0 
1569856092 0 
1569856093 0 
1569856094 0 
1569856095 0 
1569856096 0 
1569856097 0 
1569856098 0 
1569856099 0 
1569856100 0 
1569856101 0 
1569856102 0 
1569856103 0 
1569856104 0 
1569856105 0 
1569856106 0 
1569856107 0 
1569856108 0 
1569856109 0 
1569856110 0 
1569856111 0 
1569856112 0 
1569856113 0 
1569856114 0 
1569856115 0 
1569856116 0 
1569856117 0 
1569856118 0 
1569856119 0 
1569856120 0 
1569856121 0 
1569856122 0 
1569856123 0 
1569856124 0 
1569856125 0 
1569856126 0 
1569856127 0 
1569856128 0 
1569856129 0 
1569856130 0 
1569856131 0 
1569856132 0 
1569856133 0 
1569856134 0 
1569856135 0 
1569856136 0 
1569856137 0 
1569856138 0 
1569856139 0 
1569856140 0 
1569856141 0 
1569856142 0 
1569856143 0 
1569856144 0 
1569856145 0 
1569856146 0 
1569856147 0 
1569856148 0 
1569856149 0 
1569856150 0 
1569856151 0 
1569856152 0 
1569856153 0 
1569856154 0 
1569856155 0 
1569856156 0 
1569856157 0 
1569856158 0 
1569856159 0 
1569856160 0 
1569856161 0 
1569856162 0 
1569856163 0 
1569856164 0 
1569856165 0 
1569856166 0 
1569856167 0 
1569856168 0 
1569856169 0 
1569856170 0 
1569856171 0 
1569856172 0 
1569856173 0 
1569856174 0 
1569856175 0 
1569856176 0 
1569856177 0 
1569856178 0 
1569856179 0 
1569856180 0 
1569856181 0 
1569856182 0 
1569856183 0 
1569856184 0 
1569856185 0 
1569856186 0 
1569856187 0 
1569856188 0 
1569856189 0 
1569856190 0 
1569856191 0 
1569856192 0 
1569856193 0 
1569856194 0 
1569856195 0 
1569856196 0 
1569856197 0 
1569856198 0 
1569856199 0 
1569856200 0 
1569856201 0 
1569856202 0 
1569856203 0 
1569856204 0 
1569856205 0 
1569856206 0 
1569856207 0 
1569856208 0 
1569856209 0 
1569856210 0 
1569856211 0 
1569856212 0 
1569856213 0 
1569856214 0 
1569856215 0 
1569856216 0 
1569856217 0 
1569856218 0 
1569856219 0 
1569856220 0 
1569856221 0 
1569856222 0 
1569856223 0 
1569856224 0 
1569856225 1 
1569856226 0 
1569856227 1 
1569856228 1 
1569856229 1 
1569856230 0 
1569856231 0 
1569856232 0 
1569856233 0 
1569856234 0 
1569856235 0 
1569856236 0 
1569856237 0 
1569856238 0 
1569856239 0 
1569856240 0 
1569856241 0 
1569856242 0 
1569856243 0 
1569856244 0 
1569856245 0 
1569856246 0 
1569856247 0 
1569856248 0 
1569856249 0 
1569856250 0 
1569856251 0 
1569856252 0 
1569856253 0 
1569856254 0 
1569856255 0 
1569856256 0 
1569856257 2 
1569856258 1 
1569856259 1 
1569856260 1 
1569856261 1 
1569856262 0 
1569856263 0 
1569856264 0 
1569856265 0 
1569856266 0 
1569856267 0 
1569856268 0 
1569856269 0 
1569856270 0 
1569856271 0 
1569856272 0 
1569856273 0 
1569856274 0 
1569856275 0 
1569856276 0 
1569856277 0 
1569856278 0 
1569856279 0 
1569856280 0 
1569856281 0 
1569856282 0 
1569856283 0 
1569856284 0 
1569856285 0 
1569856286 0 
1569856287 0 
1569856288 0 
1569856289 0 
1569856290 0 
1569856291 0 
1569856292 0 
1569856293 0 
1569856294 0 
1569856295 2 
1569856296 1 
1569856297 1 
1569856298 1 
1569856299 0 
1569856300 0 
1569856301 0 
1569856302 0 
1569856303 0 
1569856304 0 
1569856305 0 
1569856306 0 
1569856307 0 
1569856308 0 
1569856309 0 
1569856310 0 
1569856311 1 
1569856312 0 
1569856313 0 
1569856314 0 
1569856315 0 
1569856316 0 
1569856317 0 
1569856318 0 
1569856319 0 
1569856320 0 
1569856321 0 
1569856322 0 
1569856323 0 
1569856324 0 
1569856325 0 
1569856326 0 
1569856327 0 
1569856328 0 
1569856329 0 
1569856330 0 
1569856331 0 
1569856332 0 
1569856333 1 
1569856334 1 
1569856335 1 
1569856336 0 
1569856337 0 
1569856338 0 
1569856339 0 
1569856340 0 
1569856341 0 
1569856342 0 
1569856343 0 
1569856344 0 
1569856345 0 
1569856346 0 
1569856347 0 
1569856348 0 
1569856349 0 
1569856350 0 
1569856351 0 
1569856352 0 
1569856353 0 
1569856354 0 
1569856355 0 
1569856356 0 
1569856357 0 
1569856358 1 
1569856359 0 
1569856360 0 
1569856361 0 
1569856362 0 
1569856363 0 
1569856364 0 
1569856365 0 
1569856366 0 
1569856367 0 
1569856368 0 
1569856369 0 
1569856370 0 
1569856371 0 
1569856372 0 
1569856373 0 
1569856374 0 
1569856375 0 
1569856376 0 
1569856377 0 
1569856378 0 
1569856379 0 
1569856380 0 
1569856381 0 
1569856382 0 
1569856383 0 
1569856384 0 
1569856385 0 
1569856386 0 
1569856387 0 
1569856388 0 
1569856389 0 
1569856390 0 
1569856391 0 
1569856392 0 
1569856393 0 
1569856394 0 
1569856395 0 
1569856396 0 
1569856397 0 
1569856398 0 
1569856399 0 
1569856400 0 
1569856401 0 
1569856402 0 
1569856403 0 
1569856404 0 
1569856405 1 
1569856406 1 
1569856407 2 
1569856408 1 
1569856409 1 
1569856410 1 
1569856411 0 
1569856412 1 
1569856413 3 
1569856414 0 
1569856415 0 
1569856416 1 
1569856417 1 
1569856418 2 
1569856419 2 
1569856420 2 
1569856421 1 
1569856422 1 
1569856423 0 
1569856424 0 
1569856425 0 
1569856426 0 
1569856427 0 
1569856428 0 
1569856429 0 
1569856430 0 
1569856431 0 
1569856432 0 
1569856433 0 
1569856434 0 
1569856435 0 
1569856436 0 
1569856437 0 
1569856438 0 
1569856439 0 
1569856440 0 
1570447177 1 
1570447178 1 
1570447179 2 
1570447180 2 
1570447181 4 
1570447182 2 
1570447183 2 
1570447184 2 
1570447185 0 
1570447186 0 
1570447187 0 
1570447188 0 
1570449884 0 
1570449885 0 
1570449886 1 
1570449887 0 
1570449888 1 
1570449889 1 
1570449890 2 
1570449891 0 
1570449892 0 
1570449893 0 
1570449894 0 
1570449895 0 
1571763896 0 
1571763897 1 
1571763898 1 
1571763899 1 
1571763900 3 
1571763901 3 
1571763902 2 
1571763903 2 
1571763904 0 
1571763905 0 
1571763906 0 
1571763907 0 
1571767628 0 
1571767629 1 
1571767630 1 
1571767631 2 
1571767632 3 
1571767633 2 
1571767634 2 
1571767635 1 
1571767636 0 
1571767637 0 
1571767638 0 
1571767639 0 
1572006602 0 
1572006603 1 
1572006604 2 
1572006605 2 
1572006606 2 
1572006607 0 
1572006608 0 
1572006609 0 
1572006610 0 
1572006611 0 
1572006612 0 
1572880325 1 
1572880326 3 
1572880327 3 
1572880328 4 
1572880329 3 
1572880330 1 
1572880331 0 
1572880332 0 
1572880333 0 
1572880334 1 
1573310296 0 
1573310297 0 
1573310298 0 
1573310299 0 
1573310300 0 
1573310301 0 
1573310302 0 
1573310303 0 
1573310304 0 
1573310305 0 
1573310306 0 
1573310307 0 
1573310308 0 
1573310309 0 
1573310310 0 
1573310311 0 
1573310312 1 
1573310313 2 
1573310314 2 
1573310315 2 
1573310316 2 
1573310317 2 
1573310318 2 
1573310319 2 
1573310320 1 
1573310321 1 
1573310322 1 
1573310323 0 
1573310324 0 
1573310325 0 
1573310326 0 
1573310327 0 
1573310328 0 
1573310329 0 
1573310330 0 
1573310331 0 
1573310332 0 
1573310333 0 
1573310334 0 
1573310335 0 
1573310336 0 
1573310337 0 
1573310338 0 
1573310339 0 
1573310340 0 
1573310341 0 
1573310342 0 
1573310343 0 
1573310344 0 
1573310345 0 
1573310346 0 
1573310347 0 
1573310348 0 
1573310349 0 
1573310350 0 
1573310351 0 
1573310352 0 
1573310353 0 
1573310354 0 
1573310355 0 
1573310356 0 
1573310357 0 
1573310358 0 
1573310359 0 
1573310360 0 
1573310361 0 
1573310362 0 
1573310363 0 
1573310364 0 
1573310365 0 
1573310366 0 
1573310367 0 
1573310368 0 
1573310369 0 
1573310370 0 
1573310371 0 
1573310372 0 
1573310373 0 
1573310374 0 
1573310375 0 
1573310376 0 
1573310377 0 
1573310378 0 
1573310379 0 
1573310380 0 
1573310381 0 
1573310382 0 
1573310383 0 
1573310384 0 
1573310385 0 
1573310386 0 
1573310387 0 
1573310388 0 
1573310389 0 
1573310390 0 
1573310391 0 
1573310392 0 
1573310393 0 
1573310394 0 
1573310395 0 
1573310396 0 
1573310397 0 
1573310398 0 
1573310399 0 
1573310400 0 
1573310401 0 
1573310402 0 
1573310403 0 
1573310404 0 
1573310405 0 
1573310406 0 
1573310407 0 
1573310408 0 
1573310409 0 
1573310410 0 
1573310411 0 
1573310412 0 
1573310413 0 
1573310414 0 
1573310415 0 
1573310416 0 
1573310417 0 
1573310418 0 
1573310419 0 
1573310420 0 
1573310421 0 
1573310422 0 
1573310423 0 
1573310424 0 
1573310425 0 
1573310426 0 
1573310427 0 
1573310428 0 
1573310429 0 
1573310430 0 
1573310431 0 
1573310432 0 
1573310433 0 
1573310434 0 
1573310435 1 
1573310436 0 
1573310437 1 
1573310438 1 
1573310439 1 
1573310440 0 
1573310441 0 
1573310442 0 
1573310443 0 
1573310444 0 
1573310445 0 
1573310446 0 
1573310447 0 
1573310448 0 
1573310449 0 
1573310450 0 
1573310451 0 
1573310452 0 
1573310453 0 
1573310454 0 
1573310455 0 
1573310456 0 
1573310457 0 
1573310458 0 
1573310459 1 
1573310460 1 
1573310461 1 
1573310462 2 
1573310463 2 
1573310464 2 
1573310465 2 
1573310466 2 
1573310467 2 
1573310468 1 
1573310469 1 
1573310470 1 
1573310471 1 
1573310472 1 
1573310473 1 
1573310474 0 
1573310475 0 
1573310476 0 
1573310477 0 
1573310478 0 
1573310479 0 
1573310480 0 
1573310481 0 
1573310482 0 
1573310483 0 
1573310484 0 
1573310485 0 
1573310486 0 
1573310487 0 
1573310488 0 
1573310489 0 
1573310490 0 
1573310491 0 
1573310492 0 
1573310493 0 
1573310494 0 
1573310495 2 
1573310496 1 
1573310497 1 
1573310498 1 
1573310499 0 
1573310500 0 
1573310501 0 
1573310502 0 
1573310503 0 
1573310504 0 
1573310505 0 
1573310506 0 
1573310507 0 
1573310508 0 
1573310509 0 
1573310510 0 
1573310511 0 
1573310512 0 
1573310513 0 
1573310514 0 
1573310515 0 
1573310516 0 
1573310517 0 
1573310518 0 
1573310519 0 
1573310520 0 
1573310521 0 
1573310522 0 
1573310523 0 
1573310524 1 
1573310525 0 
1573310526 0 
1573310527 0 
1573310528 0 
1573310529 0 
1573310530 0 
1573310531 0 
1573310532 0 
1573310533 0 
1573310534 0 
1573310535 0 
1573310536 0 
1573310537 0 
1573310538 0 
1573310539 0 
1573310540 0 
1573310541 0 
1573310542 0 
1573310543 0 
1573310544 0 
1573310545 0 
1573310546 0 
1573310547 0 
1573310548 0 
1573310549 0 
1573310550 0 
1573310551 0 
1573310552 0 
1573310553 0 
1573310554 1 
1573310555 0 
1573310556 0 
1573310557 0 
1573310558 0 
1573310559 0 
1573310560 0 
1573310561 0 
1573310562 0 
1573310563 0 
1573310564 0 
1573310565 0 
1573310566 0 
1573310567 0 
1573310568 0 
1573310569 0 
1573310570 0 
1573310571 0 
1573310572 0 
1573310573 0 
1573310574 0 
1573310575 0 
1573310576 0 
1573310577 0 
1573310578 0 
1573310579 0 
1573310580 0 
1573310581 0 
1573310582 0 
1573310583 0 
1573310584 1 
1573310585 0 
1573310586 0 
1573310587 0 
1573310588 0 
1573310589 0 
1573310590 0 
1573310591 0 
1573310592 0 
1573310593 0 
1573310594 0 
1573310595 0 
1573310596 0 
1573310597 0 
1573310598 0 
1573310599 0 
1573310600 0 
1573310601 0 
1573310602 0 
1573310603 0 
1573310604 0 
1573310605 0 
1573310606 0 
1573310607 0 
1573310608 0 
1573310609 0 
1573310610 0 
1573310611 0 
1573310612 1 
1573310613 1 
1573310614 0 
1573310615 0 
1573310616 0 
1573310617 1 
1573310618 2 
1573310619 1 
1573310620 1 
1573310621 1 
1573310622 2 
1573310623 1 
1573310624 1 
1573310625 0 
1573310626 0 
1573310627 0 
1573310628 0 
1573310629 0 
1573310630 0 
1573310631 0 
1573310632 0 
1573310633 0 
1573310634 0 
1573310635 0 
1573310636 0 
1573310637 0 
1573310638 0 
1573310639 0 
1573310640 0 
1573310641 0 
1573310642 0 
1573310643 0 
1573310644 0 
1573828690 0 
1573828691 0 
1573828692 0 
1573828693 0 
1573828694 0 
1573828695 0 
1573828696 0 
1573828697 0 
1573828698 0 
1573828699 0 
1573828700 0 
1573828701 0 
1573828702 0 
1573828703 0 
1573828704 1 
1573828705 1 
1573828706 2 
1573828707 1 
1573828708 2 
1573828709 2 
1573828710 1 
1573828711 3 
1573828712 3 
1573828713 1 
1573828714 2 
1573828715 0 
1573828716 0 
1573828717 0 
1573828718 0 
1573828719 0 
1573828720 0 
1573828721 0 
1573828722 0 
1573828723 0 
1573828724 0 
1573828725 0 
1573828726 0 
1573828727 0 
1573828728 1 
1573828729 1 
1573828730 0 
1573828731 0 
1573828732 0 
1573828733 0 
1573829335 0 
1573829336 1 
1573829337 2 
1573829338 1 
1573829339 0 
1573829340 0 
1573829341 0 
1573829342 0 
1573829645 0 
1573829646 0 
1573829647 0 
1573829648 1 
1573829649 1 
1573829650 0 
1573829651 0 
1573829652 0 
1573830510 0 
1573830511 0 
1573830512 1 
1573830513 2 
1573830514 0 
1573830515 0 
1573830516 0 
1573830517 0 
1573830518 0 
1573830817 0 
1573830818 0 
1573830819 0 
1573830820 1 
1573830821 1 
1573830822 0 
1573830823 0 
1573830824 0 
1573902722 0 
1573902723 0 
1573902724 0 
1573902725 0 
1573902726 0 
1573902727 0 
1573902728 0 
1573902729 0 
1573902730 0 
1573902731 0 
1573902732 0 
1573902733 0 
1573902734 0 
1573902735 1 
1573902736 2 
1573902737 2 
1573902738 3 
1573902739 2 
1573902740 2 
1573902741 2 
1573902742 2 
1573902743 2 
1573902744 5 
1573902745 3 
1573902746 1 
1573902747 1 
1573902748 0 
1573902749 0 
1573902750 0 
1573902751 0 
1573902752 0 
1573902753 0 
1573902754 0 
1573902755 0 
1573902756 0 
1573902757 0 
1573902758 1 
1573902759 0 
1573902760 2 
1573902761 2 
1573902762 1 
1573902763 0 
1573902764 0 
1573902765 0 
1573903343 0 
1573903344 0 
1573903345 0 
1573903346 0 
1573903347 0 
1573903348 0 
1573903349 0 
1573903350 0 
1573903351 0 
1573903352 0 
1573903353 0 
1573903354 0 
1573903355 0 
1573903356 0 
1573903357 0 
1573903358 1 
1573903359 1 
1573903360 1 
1573903361 1 
1573903362 1 
1573903363 1 
1573903364 3 
1573903365 1 
1573903366 1 
1573903367 1 
1573903368 0 
1573903369 0 
1573903370 0 
1573903371 0 
1573903372 0 
1573903373 0 
1573903374 0 
1573903375 0 
1573903376 0 
1573903377 0 
1573903378 0 
1573903379 0 
1573903380 0 
1573903381 1 
1573903382 2 
1573903383 0 
1573903384 0 
1573903385 0 
1573903386 0 
1573903387 0 
1573903692 0 
1573903693 0 
1573903694 1 
1573903695 1 
1573903696 0 
1573903697 0 
1573903698 0 
1573903699 0 
1573903700 0 
1574688076 0 
1574688077 0 
1574688078 1 
1574688079 1 
1574688080 1 
1574688081 1 
1574688082 0 
1574688083 0 
1574688084 0 
1574688395 0 
1574688396 0 
1574688397 0 
1574688398 1 
1574688399 1 
1574688400 0 
1574688401 0 
1574688402 0 
1574688403 0 
1574692086 0 
1574692087 0 
1574692088 0 
1574692089 2 
1574692090 3 
1574692091 3 
1574692092 3 
1574692093 2 
1574692094 1 
1574692095 0 
1574692402 0 
1574692403 0 
1574692404 0 
1574692405 2 
1574692406 1 
1574692407 0 
1574692408 0 
1574692409 0 
1574692410 0 
1574693317 1 
1574693318 2 
1574693319 1 
1574693320 2 
1574693321 3 
1574693322 2 
1574693323 0 
1574693324 0 
1574693325 0 
1574693633 0 
1574693634 0 
1574693635 0 
1574693636 0 
1574693637 0 
1574693638 0 
1574693639 0 
1574693640 0 
1574693641 1 
1574693642 2 
1574693643 1 
1574693644 0 
1574693645 0 
1574693646 0 
1574693647 0 
1574693965 0 
1574693966 0 
1574693967 1 
1574693968 1 
1574693969 1 
1574693970 0 
1574693971 0 
1574693972 0 
1574693973 0 
1574694389 0 
1574694390 0 
1574694391 1 
1574694392 1 
1574694393 0 
1574694394 0 
1574694395 0 
1574694396 0 
1574694397 0 
1574694714 1 
1574694715 1 
1574694716 3 
1574694717 1 
1574694718 1 
1574694719 0 
1574694720 0 
1574694721 0 
1574695268 0 
1574695269 0 
1574695270 1 
1574695271 2 
1574695272 1 
1574695273 0 
1574695274 0 
1574695275 0 
1574695610 0 
1574695611 0 
1574695612 1 
1574695613 1 
1574695614 1 
1574695615 0 
1574695616 0 
1574695617 0 
1574695919 0 
1574695920 0 
1574695921 1 
1574695922 1 
1574695923 0 
1574695924 0 
1574695925 0 
1574695926 0 
1574696655 0 
1574696656 1 
1574696657 0 
1574696658 0 
1574696659 1 
1574696660 1 
1574696661 1 
1574696662 0 
1574696663 0 
1574697234 0 
1574697235 0 
1574697236 1 
1574697237 1 
1574697238 1 
1574697239 1 
1574697240 0 
1574697241 0 
1574697242 0 
1574697827 2 
1574697828 2 
1574697829 4 
1574697830 3 
1574697831 2 
1574697832 1 
1574697833 0 
1574697834 0 
1574698398 1 
1574698399 2 
1574698400 2 
1574698401 3 
1574698402 3 
1574698403 2 
1574698404 1 
1574698405 1 
1574698986 2 
1574698987 1 
1574698988 4 
1574698989 3 
1574698990 3 
1574698991 3 
1574698992 1 
1574698993 0 
1574708856 0 
1574708857 0 
1574708858 0 
1574708859 0 
1574708860 0 
1574708861 0 
1574708862 0 
1574708863 0 
1574708864 0 
1574709804 2 
1574709805 1 
1574709806 3 
1574709807 3 
1574709808 3 
1574709809 3 
1574709810 2 
1574709811 0 
1574709812 0 
1574711062 0 
1574711063 0 
1574711064 0 
1574711065 0 
1574711066 0 
1574711067 0 
1574711068 0 
1574711069 0 
1574711070 0 
1574950867 1 
1574950868 2 
1574950869 2 
1574950870 3 
1574950871 2 
1574950872 2 
1574950873 2 
1574950874 0 
1574951241 1 
1574951242 1 
1574951243 2 
1574951244 3 
1574951245 3 
1574951246 2 
1574951247 1 
1574951248 1 
1574951249 1 
1574951921 0 
1574951922 0 
1574951923 2 
1574951924 2 
1574951925 2 
1574951926 2 
1574951927 1 
1574951928 0 
1574951929 0 
1574952238 1 
1574952239 1 
1574952240 3 
1574952241 2 
1574952242 1 
1574952243 1 
1574952244 0 
1574952245 0 
1574952634 0 
1574952635 0 
1574952636 2 
1574952637 2 
1574952638 2 
1574952639 2 
1574952640 0 
1574952641 0 
1574952642 0 
1574952963 1 
1574952964 1 
1574952965 2 
1574952966 2 
1574952967 2 
1574952968 1 
1574952969 0 
1574952970 0 
1574953330 0 
1574953331 0 
1574953332 1 
1574953333 0 
1574953334 0 
1574953335 0 
1574953336 0 
1574953337 0 
1574953639 0 
1574953640 1 
1574953641 1 
1574953642 2 
1574953643 2 
1574953644 1 
1574953645 0 
1574953646 0 
1574953647 0 
1574953977 0 
1574953978 0 
1574953979 3 
1574953980 2 
1574953981 2 
1574953982 2 
1574953983 1 
1574953984 0 
1574953985 0 
1574956406 1 
1574956407 1 
1574956408 2 
1574956409 2 
1574956410 2 
1574956411 2 
1574956412 0 
1574956413 0 
1574957069 2 
1574957070 2 
1574957071 4 
1574957072 3 
1574957073 2 
1574957074 2 
1574957075 1 
1574957076 0 
1574957670 2 
1574957671 2 
1574957672 4 
1574957673 3 
1574957674 2 
1574957675 2 
1574957676 0 
1574957677 0 
1574958252 3 
1574958253 3 
1574958254 3 
1574958255 4 
1574958256 4 
1574958257 3 
1574958258 3 
1574958259 3 
1574958260 2 
1574958846 0 
1574958847 0 
1574958848 0 
1574958849 1 
1574958850 1 
1574958851 1 
1574958852 0 
1574958853 0 
1574958854 0 
1574959456 2 
1574959457 3 
1574959458 2 
1574959459 2 
1574959460 2 
1574959461 2 
1574959462 1 
1574959463 0 
1574960034 1 
1574960035 1 
1574960036 3 
1574960037 4 
1574960038 3 
1574960039 2 
1574960040 3 
1574960041 1 
1574960042 2 
1574960611 2 
1574960612 2 
1574960613 3 
1574960614 4 
1574960615 2 
1574960616 3 
1574960617 2 
1574960618 1 
1574961221 2 
1574961222 3 
1574961223 4 
1574961224 4 
1574961225 4 
1574961226 4 
1574961227 3 
1574961228 1 
1574961229 2 
1574961857 1 
1574961858 1 
1574961859 0 
1574961860 1 
1574961861 1 
1574961862 0 
1574961863 0 
1574961864 0 
1574961865 0 
1575028268 2 
1575028269 3 
1575028270 4 
1575028271 3 
1575028272 2 
1575028273 3 
1575028274 3 
1575028275 1 
1575028577 1 
1575028578 2 
1575028579 2 
1575028580 2 
1575028581 1 
1575028582 0 
1575028583 0 
1575028584 0 
1575028887 0 
1575028888 0 
1575028889 0 
1575028890 2 
1575028891 0 
1575028892 0 
1575028893 0 
1575028894 0 
1575028895 0 
1575029225 2 
1575029226 2 
1575029227 2 
1575029228 3 
1575029229 3 
1575029230 3 
1575029231 2 
1575029232 2 
1575029536 0 
1575029537 0 
1575029538 1 
1575029539 1 
1575029540 0 
1575029541 0 
1575029542 0 
1575029543 0 
1575029845 0 
1575029846 0 
1575029847 0 
1575029848 1 
1575029849 1 
1575029850 0 
1575029851 0 
1575029852 0 
1575029853 0 
1575030159 0 
1575030160 0 
1575030161 1 
1575030162 0 
1575030163 1 
1575030164 1 
1575030165 0 
1575030166 1 
1575030472 0 
1575030473 0 
1575030474 1 
1575030475 2 
1575030476 1 
1575030477 0 
1575030478 0 
1575030479 0 
1575030480 0 
1575030791 1 
1575030792 1 
1575030793 2 
1575030794 2 
1575030795 2 
1575030796 2 
1575030797 2 
1575030798 0 
1575030799 1 
1575031118 0 
1575031119 0 
1575031120 1 
1575031121 1 
1575031122 1 
1575031123 0 
1575031124 0 
1575031125 0 
1575031126 0 
1575033335 0 
1575033336 0 
1575033337 1 
1575033338 1 
1575033339 1 
1575033340 0 
1575033341 0 
1575033342 0 
1575034493 3 
1575034494 3 
1575034495 5 
1575034496 4 
1575034497 4 
1575034498 3 
1575034499 3 
1575034500 0 
1575035067 1 
1575035068 2 
1575035069 1 
1575035070 2 
1575035071 2 
1575035072 1 
1575035073 0 
1575035074 0 
1575035075 0 
1575035629 0 
1575035630 0 
1575035631 0 
1575035632 1 
1575035633 1 
1575035634 0 
1575035635 0 
1575035636 0 
1575035637 0 
1575036667 0 
1575036668 0 
1575036669 1 
1575036670 0 
1575036671 0 
1575036672 0 
1575036673 0 
1575036674 0 
1575037228 3 
1575037229 3 
1575037230 4 
1575037231 3 
1575037232 3 
1575037233 3 
1575037234 3 
1575037235 1 
1575037236 2 
1575037787 2 
1575037788 2 
1575037789 4 
1575037790 4 
1575037791 2 
1575037792 2 
1575037793 0 
1575037794 0 
1575038790 4 
1575038791 4 
1575038792 4 
1575038793 5 
1575038794 4 
1575038795 3 
1575038796 2 
1575038797 2 
1575039361 1 
1575039362 1 
1575039363 1 
1575039364 2 
1575039365 3 
1575039366 3 
1575039367 2 
1575039368 2 
1575039369 3 
1575114551 1 
1575114552 2 
1575114553 2 
1575114554 2 
1575114555 2 
1575114556 2 
1575114557 0 
1575114558 0 
1575114858 0 
1575114859 0 
1575114860 0 
1575114861 0 
1575114862 0 
1575114863 0 
1575114864 0 
1575114865 0 
1575115167 0 
1575115168 0 
1575115169 1 
1575115170 1 
1575115171 1 
1575115172 1 
1575115173 1 
1575115174 0 
1575115175 0 
1575115477 2 
1575115478 2 
1575115479 3 
1575115480 4 
1575115481 2 
1575115482 2 
1575115483 0 
1575115484 0 
1575115784 0 
1575115785 0 
1575115786 1 
1575115787 1 
1575115788 1 
1575115789 1 
1575115790 0 
1575115791 0 
1575115792 0 
1575116103 0 
1575116104 0 
1575116105 2 
1575116106 1 
1575116107 0 
1575116108 0 
1575116109 0 
1575116110 0 
1575116413 2 
1575116414 2 
1575116415 2 
1575116416 3 
1575116417 3 
1575116418 2 
1575116419 1 
1575116420 1 
1575116722 0 
1575116723 0 
1575116724 1 
1575116725 1 
1575116726 1 
1575116727 1 
1575116728 0 
1575116729 0 
1575116730 0 
1575117031 0 
1575117032 0 
1575117033 1 
1575117034 1 
1575117035 1 
1575117036 0 
1575117037 0 
1575117038 0 
1575117039 0 
1575117340 2 
1575117341 2 
1575117342 3 
1575117343 3 
1575117344 3 
1575117345 3 
1575117346 1 
1575117347 0 
1575120621 2 
1575120622 2 
1575120623 4 
1575120624 4 
1575120625 3 
1575120626 3 
1575120627 3 
1575120628 2 
1575120629 2 
1575121186 1 
1575121187 2 
1575121188 4 
1575121189 4 
1575121190 2 
1575121191 2 
1575121192 1 
1575121193 0 
1575121194 0 
1575122180 0 
1575122181 0 
1575122182 2 
1575122183 3 
1575122184 2 
1575122185 1 
1575122186 1 
1575122187 0 
1575122188 0 
1575122807 1 
1575122808 1 
1575122809 2 
1575122810 2 
1575122811 1 
1575122812 1 
1575122813 0 
1575122814 0 
1575123365 0 
1575123366 0 
1575123367 0 
1575123368 1 
1575123369 1 
1575123370 0 
1575123371 0 
1575123372 0 
1575123923 2 
1575123924 2 
1575123925 2 
1575123926 2 
1575123927 2 
1575123928 3 
1575123929 2 
1575123930 1 
1575124479 3 
1575124480 3 
1575124481 4 
1575124482 4 
1575124483 4 
1575124484 4 
1575124485 2 
1575124486 1 
1575125046 1 
1575125047 1 
1575125048 2 
1575125049 2 
1575125050 2 
1575125051 2 
1575125052 1 
1575125053 0 
1575125610 0 
1575125611 1 
1575125612 1 
1575125613 3 
1575125614 2 
1575125615 1 
1575125616 1 
1575125617 0 
1575125618 0 
1575126176 0 
1575126177 0 
1575126178 1 
1575126179 2 
1575126180 0 
1575126181 0 
1575126182 0 
1575126183 0 
1575126184 0 
1575293403 1 
1575293404 1 
1575293405 2 
1575293406 2 
1575293407 1 
1575293408 0 
1575293409 0 
1575293410 0 
1575293742 0 
1575293743 0 
1575293744 0 
1575293745 0 
1575293746 0 
1575293747 0 
1575293748 0 
1575293749 0 
1575294080 0 
1575294081 0 
1575294082 0 
1575294083 0 
1575294084 0 
1575294085 0 
1575294086 0 
1575294087 0 
1575294423 0 
1575294424 0 
1575294425 0 
1575294426 0 
1575294427 0 
1575294428 0 
1575294429 0 
1575294430 0 
1575294431 0 
1575294768 0 
1575294769 0 
1575294770 0 
1575294771 0 
1575294772 0 
1575294773 0 
1575294774 0 
1575294775 0 
1575294776 0 
1575295132 0 
1575295133 0 
1575295134 0 
1575295135 0 
1575295136 0 
1575295137 0 
1575295138 0 
1575295139 0 
1575295140 0 
1575295141 0 
1575295142 0 
1575295143 0 
1575295144 0 
1575295883 0 
1575295884 0 
1575295885 0 
1575295886 0 
1575295887 0 
1575295888 0 
1575295889 0 
1575295890 0 
1575295891 0 
1575295892 1 
1575295893 1 
1575295894 0 
1575295895 1 
1575295896 1 
1575295897 1 
1575295898 1 
1575295899 1 
1575295900 1 
1575295901 1 
1575295902 1 
1575295903 1 
1575295904 1 
1575295905 1 
1575295906 1 
1575295907 1 
1575295908 1 
1575295909 1 
1575295910 1 
1575295911 1 
1575295912 2 
1575295913 2 
1575295914 2 
1575295915 2 
1575295916 2 
1575295917 2 
1575295918 2 
1575295919 2 
1575295920 2 
1575295921 2 
1575295922 2 
1575295923 2 
1575295924 2 
1575295925 2 
1575295926 2 
1575295927 2 
1575295928 2 
1575295929 2 
1575295930 2 
1575295931 2 
1575295932 2 
1575295933 2 
1575295934 2 
1575295935 2 
1575295936 2 
1575295937 2 
1575295938 2 
1575295939 2 
1575295940 2 
1575295941 2 
1575295942 2 
1575295943 2 
1575295944 2 
1575295945 2 
1575295946 2 
1575295947 2 
1575295948 2 
1575295949 2 
1575295950 2 
1575295951 2 
1575295952 2 
1575295953 2 
1575295954 2 
1575295955 1 
1575295956 2 
1575295957 2 
1575295958 3 
1575295959 1 
1575295960 2 
1575295961 2 
1575295962 2 
1575295963 2 
1575295964 3 
1575295965 2 
1575295966 2 
1575295967 2 
1575295968 2 
1575295969 2 
1575295970 2 
1575295971 2 
1575295972 2 
1575295973 2 
1575295974 2 
1575295975 2 
1575295976 2 
1575295977 2 
1575295978 2 
1575295979 2 
1575295980 2 
1575295981 0 
1575295982 1 
1575295983 2 
1575295984 1 
1575295985 0 
1575295986 0 
1575295987 0 
1575295988 0 
1575295989 0 
1575295990 0 
1575295991 0 
1575295992 0 
1575295993 0 
1575295994 0 
1575295995 0 
1575295996 0 
1575295997 0 
1575295998 1 
1575295999 1 
1575296000 1 
1575296001 0 
1575296002 0 
1575296003 0 
1575296004 0 
1575296005 0 
1575296006 0 
1575296007 0 
1575296008 0 
1575296009 0 
1575296010 0 
1575296011 0 
1575296012 0 
1575296013 0 
1575296014 0 
1575296015 0 
1575296016 0 
1575296017 0 
1575296018 0 
1575296019 0 
1575296020 0 
1575296021 0 
1575296022 0 
1575296023 0 
1575296024 0 
1575296025 0 
1575296026 0 
1575296027 0 
1575296028 0 
1575296029 0 
1575296030 0 
1575296031 0 
1575296032 1 
1575296033 0 
1575296034 1 
1575296035 0 
1575296036 0 
1575296037 0 
1575296038 0 
1575296039 0 
1575296040 0 
1575296041 0 
1575296042 0 
1575296043 0 
1575296044 0 
1575296045 0 
1575296046 0 
1575296047 1 
1575296048 1 
1575296049 1 
1575296050 0 
1575296051 0 
1575296052 0 
1575296053 0 
1575296054 0 
1575296055 0 
1575296056 0 
1575296057 0 
1575296058 0 
1575296059 0 
1575296060 0 
1575296061 0 
1575296062 0 
1575296063 0 
1575296064 0 
1575296065 0 
1575296066 0 
1575296067 0 
1575296068 0 
1575296069 0 
1575296070 1 
1575296071 1 
1575296072 2 
1575296073 2 
1575296074 1 
1575296075 1 
1575296076 1 
1575296077 1 
1575296078 1 
1575296079 1 
1575296080 1 
1575296081 1 
1575296082 1 
1575296083 1 
1575296084 1 
1575296085 1 
1575296086 1 
1575296087 2 
1575296088 2 
1575296089 2 
1575296090 2 
1575296091 2 
1575296092 2 
1575296093 2 
1575296094 2 
1575296095 2 
1575296096 2 
1575296097 2 
1575296098 2 
1575296099 2 
1575296100 2 
1575296101 2 
1575296102 2 
1575296103 2 
1575296104 2 
1575296105 2 
1575296106 2 
1575296107 2 
1575296108 2 
1575296109 2 
1575296110 2 
1575296111 2 
1575296112 2 
1575296113 2 
1575296114 2 
1575296115 2 
1575296116 2 
1575296117 2 
1575296118 2 
1575296119 2 
1575296120 2 
1575296121 2 
1575296122 2 
1575296123 2 
1575296124 2 
1575296125 2 
1575296126 2 
1575296127 2 
1575296128 2 
1575296129 2 
1575296130 2 
1575296131 2 
1575296132 2 
1575296133 2 
1575296134 2 
1575296135 2 
1575296136 2 
1575296137 2 
1575296138 2 
1575296139 1 
1575296140 0 
1575296141 0 
1575296142 0 
1575296143 0 
1575296144 0 
1575296145 0 
1575296146 1 
1575296147 2 
1575296148 1 
1575296149 1 
1575296150 1 
1575296151 1 
1575296152 1 
1575296153 1 
1575296154 1 
1575296155 1 
1575296156 1 
1575296157 1 
1575296158 1 
1575296159 1 
1575296160 1 
1575296161 0 
1575296162 1 
1575296163 2 
1575296164 2 
1575296165 2 
1575296166 2 
1575296167 2 
1575296168 2 
1575296169 2 
1575296170 1 
1575296171 1 
1575296172 1 
1575296173 1 
1575296174 1 
1575296175 1 
1575296176 1 
1575296177 1 
1575296178 1 
1575296179 1 
1575296180 1 
1575296181 1 
1575296182 1 
1575296183 1 
1575296184 1 
1575296185 1 
1575296186 1 
1575296187 1 
1575296188 1 
1575296189 1 
1575296190 1 
1575296191 1 
1575296192 1 
1575296193 1 
1575296194 1 
1575296195 1 
1575296196 1 
1575296197 1 
1575296198 1 
1575296199 1 
1575296200 1 
1575296201 1 
1575296202 1 
1575296203 2 
1575296204 2 
1575296205 2 
1575296206 2 
1575296207 2 
1575296208 2 
1575296209 2 
1575296210 1 
1575296211 1 
1575296212 2 
1575296213 2 
1575296214 2 
1575296215 2 
1575296216 1 
1575296217 1 
1575296218 1 
1575296219 1 
1575296220 1 
1575296221 1 
1575296222 1 
1575296223 1 
1575296224 2 
1575296225 1 
1575296226 1 
1575296227 1 
1575296228 0 
1575296229 0 
1575296230 0 
1575296231 0 
1575296232 0 
1575296233 0 
1575296234 0 
1575296235 0 
1575296236 0 
1575296237 0 
1575296238 0 
1575296239 0 
1575296240 0 
1575296241 0 
1575296242 0 
1575296243 0 
1575296244 0 
1575296245 1 
1575296246 0 
1575296247 0 
1575296248 0 
1575296249 0 
1575296250 0 
1575296251 0 
1575296252 0 
1575296253 0 
1575296254 0 
1575296255 0 
1575296256 0 
1575296257 0 
1575296258 0 
1575296259 0 
1575296260 1 
1575296261 1 
1575296262 1 
1575296263 1 
1575296264 1 
1575296265 1 
1575296266 1 
1575296267 1 
1575296268 1 
1575296269 1 
1575296270 0 
1575296271 0 
1575296272 0 
1575296273 0 
1575296274 0 
1575296275 0 
1575296276 0 
1575296277 0 
1575296278 0 
1575296279 0 
1575296280 0 
1575296281 1 
1575296282 0 
1575296283 0 
1575296284 0 
1575296285 0 
1575296286 0 
1575296287 0 
1575296288 0 
1575296289 0 
1575296290 0 
1575296291 0 
1575296292 0 
1575296293 0 
1575296294 1 
1575296295 2 
1575296296 1 
1575296297 1 
1575296298 1 
1575296299 2 
1575296300 2 
1575296301 2 
1575296302 1 
1575296303 1 
1575296304 1 
1575296305 1 
1575296306 1 
1575296307 1 
1575296308 1 
1575296309 1 
1575296310 1 
1575296311 1 
1575296312 1 
1575296313 1 
1575296314 1 
1575296315 1 
1575296316 1 
1575296317 1 
1575296318 1 
1575296319 1 
1575296320 1 
1575296321 1 
1575296322 1 
1575296323 1 
1575296324 1 
1575296325 1 
1575296326 1 
1575296327 1 
1575296328 1 
1575296329 1 
1575296330 1 
1575296331 1 
1575296332 1 
1575296333 1 
1575296334 1 
1575296335 1 
1575296336 1 
1575296337 1 
1575296338 1 
1575296339 1 
1575296340 1 
1575296341 1 
1575296342 1 
1575296343 1 
1575296344 1 
1575296345 1 
1575296346 1 
1575296347 1 
1575296348 1 
1575296349 1 
1575296350 1 
1575296351 1 
1575296352 1 
1575296353 1 
1575296354 1 
1575296355 1 
1575296356 1 
1575296357 1 
1575296358 1 
1575296359 1 
1575296360 1 
1575296361 1 
1575296362 1 
1575296363 1 
1575296364 1 
1575296365 1 
1575296366 1 
1575296367 1 
1575296368 1 
1575296369 1 
1575296370 1 
1575296371 1 
1575296372 1 
1575296373 1 
1575296374 1 
1575296375 1 
1575296376 1 
1575296377 1 
1575296378 1 
1575296379 1 
1575296380 1 
1575296381 1 
1575296382 1 
1575296383 1 
1575296384 1 
1575296385 1 
1575296386 1 
1575296387 1 
1575296388 1 
1575296389 1 
1575296390 1 
1575296391 1 
1575296392 1 
1575296393 1 
1575296394 1 
1575296395 1 
1575296396 1 
1575296397 1 
1575296398 1 
1575296399 1 
1575296400 1 
1575296401 1 
1575296402 1 
1575296403 1 
1575296404 1 
1575296405 1 
1575296406 1 
1575296407 1 
1575296408 1 
1575296409 1 
1575296410 1 
1575296411 1 
1575296412 1 
1575296413 1 
1575296414 1 
1575296415 1 
1575296416 1 
1575296417 1 
1575296418 1 
1575296419 1 
1575296420 1 
1575296421 1 
1575296422 1 
1575296423 1 
1575296424 1 
1575296425 1 
1575296426 1 
1575296427 1 
1575296428 1 
1575296429 1 
1575296430 1 
1575296431 1 
1575296432 1 
1575296433 1 
1575296434 1 
1575296435 1 
1575296436 1 
1575296437 1 
1575296438 2 
1575296439 2 
1575296440 2 
1575296441 2 
1575296442 2 
1575296443 2 
1575296444 2 
1575296445 3 
1575296446 3 
1575296447 3 
1575296448 3 
1575296449 3 
1575296450 3 
1575296451 3 
1575296452 3 
1575296453 3 
1575296454 3 
1575296455 4 
1575296456 5 
1575296457 4 
1575296458 3 
1575296459 4 
1575296460 4 
1575296461 4 
1575296462 4 
1575296463 4 
1575296464 4 
1575296465 4 
1575296466 4 
1575296467 4 
1575296468 4 
1575296469 4 
1575296470 4 
1575296471 4 
1575296472 4 
1575296473 4 
1575296474 4 
1575296475 4 
1575296476 4 
1575296477 4 
1575296478 4 
1575296479 4 
1575296480 4 
1575296481 4 
1575296482 4 
1575296483 4 
1575296484 4 
1575296485 4 
1575296486 4 
1575296487 4 
1575296488 4 
1575296489 4 
1575296490 4 
1575296491 4 
1575296492 4 
1575296493 4 
1575296494 4 
1575296495 4 
1575296496 4 
1575296497 4 
1575296498 4 
1575296499 4 
1575296500 4 
1575296501 4 
1575296502 4 
1575296503 4 
1575296504 4 
1575296505 4 
1575296506 4 
1575296507 4 
1575296508 4 
1575296509 4 
1575296510 4 
1575296511 4 
1575296512 4 
1575296513 4 
1575296514 4 
1575296515 4 
1575296516 4 
1575296517 4 
1575296518 4 
1575296519 4 
1575296520 3 
1575296521 3 
1575296522 4 
1575296523 4 
1575296524 4 
1575296525 4 
1575296526 4 
1575296527 4 
1575296528 4 
1575296529 4 
1575296530 4 
1575296531 4 
1575296532 4 
1575296533 4 
1575296534 4 
1575296535 4 
1575296536 4 
1575296537 4 
1575296538 4 
1575296539 4 
1575296540 4 
1575296541 4 
1575296542 4 
1575296543 4 
1575296544 4 
1575296545 4 
1575296546 4 
1575296547 4 
1575296548 4 
1575296549 4 
1575296550 4 
1575296551 4 
1575296552 4 
1575296553 4 
1575296554 4 
1575296555 4 
1575296556 4 
1575296557 4 
1575296558 4 
1575296559 4 
1575296560 4 
1575296561 4 
1575296562 4 
1575296563 4 
1575296564 4 
1575296565 4 
1575296566 4 
1575296567 4 
1575296568 4 
1575296569 4 
1575296570 4 
1575296571 4 
1575296572 4 
1575296573 4 
1575296574 4 
1575296575 4 
1575296576 4 
1575296577 4 
1575296578 4 
1575296579 4 
1575296580 4 
1575296581 4 
1575296582 5 
1575296583 4 
1575296584 4 
1575296585 4 
1575296586 4 
1575296587 4 
1575296588 4 
1575296589 4 
1575296590 4 
1575296591 4 
1575296592 4 
1575296593 4 
1575296594 4 
1575296595 3 
1575296596 2 
1575297086 0 
1575297087 0 
1575297088 0 
1575297089 0 
1575297090 1 
1575297091 0 
1575297092 0 
1575297093 0 
1575297094 0 
1575297095 0 
1575297096 0 
1575297928 0 
1575297929 0 
1575297930 0 
1575297931 0 
1575297932 0 
1575297933 0 
1575297934 0 
1575297935 0 
1575298501 0 
1575298502 0 
1575298503 0 
1575298504 1 
1575298505 1 
1575298506 1 
1575298507 0 
1575298508 0 
1575299071 0 
1575299072 0 
1575299073 0 
1575299074 0 
1575299075 0 
1575299076 0 
1575299077 0 
1575299078 0 
1575299651 0 
1575299652 0 
1575299653 0 
1575299654 1 
1575299655 1 
1575299656 1 
1575299657 0 
1575299658 0 
1575299659 0 
1575300222 0 
1575300223 0 
1575300224 0 
1575300225 0 
1575300226 0 
1575300227 0 
1575300228 0 
1575300229 0 
1575300839 0 
1575300840 0 
1575300841 0 
1575300842 0 
1575300843 0 
1575300844 0 
1575300845 0 
1575300846 0 
1575300847 0 
1575301613 0 
1575301614 0 
1575301615 0 
1575301616 0 
1575301617 0 
1575301618 0 
1575301619 0 
1575301620 0 
1575302221 0 
1575302222 0 
1575302223 0 
1575302224 0 
1575302225 0 
1575302226 0 
1575302227 0 
1575302228 0 
1575385959 0 
1575385960 0 
1575385961 0 
1575385962 0 
1575385963 0 
1575385964 0 
1575385965 1 
1575385966 1 
1575385967 1 
1575385968 0 
1575386271 0 
1575386272 0 
1575386273 0 
1575386274 1 
1575386275 0 
1575386276 0 
1575386277 0 
1575386278 0 
1575386279 0 
1575386280 1 
1575386583 0 
1575386584 0 
1575386585 0 
1575386586 0 
1575386587 0 
1575386588 0 
1575386589 0 
1575386590 0 
1575386591 0 
1575386989 0 
1575386990 0 
1575386991 0 
1575386992 1 
1575386993 1 
1575386994 0 
1575386995 0 
1575386996 0 
1575387296 0 
1575387297 0 
1575387298 0 
1575387299 0 
1575387300 0 
1575387301 0 
1575387302 0 
1575387303 0 
1575387304 0 
1575387914 1 
1575387915 0 
1575387916 0 
1575387917 1 
1575387918 0 
1575387919 1 
1575387920 1 
1575387921 1 
1575387922 1 
1575388222 0 
1575388223 0 
1575388224 0 
1575388225 0 
1575388226 0 
1575388227 0 
1575388228 0 
1575388229 0 
1575388533 0 
1575388534 0 
1575388535 0 
1575388536 0 
1575388537 0 
1575388538 0 
1575388539 0 
1575388540 0 
1575388541 0 
1575388835 0 
1575388836 0 
1575388837 0 
1575388838 0 
1575388839 0 
1575388840 0 
1575388841 0 
1575388842 0 
1575388843 0 
1575390409 0 
1575390410 0 
1575390411 0 
1575390412 0 
1575390413 0 
1575390414 0 
1575390415 0 
1575390416 0 
1575390417 0 
1575390979 0 
1575390980 0 
1575390981 0 
1575390982 0 
1575390983 0 
1575390984 0 
1575390985 0 
1575390986 0 
1575391541 0 
1575391542 0 
1575391543 0 
1575391544 0 
1575391545 0 
1575391546 0 
1575391547 0 
1575391548 0 
1575392173 0 
1575392174 0 
1575392175 0 
1575392176 0 
1575392177 0 
1575392178 0 
1575392179 0 
1575392180 1 
1575392918 0 
1575392919 1 
1575392920 0 
1575392921 0 
1575392922 0 
1575392923 1 
1575392924 1 
1575392925 1 
1575393553 0 
1575393554 0 
1575393555 0 
1575393556 0 
1575393557 0 
1575393558 0 
1575393559 0 
1575393560 0 
1575393561 0 
1575394113 0 
1575394114 0 
1575394115 0 
1575394116 1 
1575394117 0 
1575394118 0 
1575394119 0 
1575394120 0 
1575394121 0 
1575394679 0 
1575394680 0 
1575394681 0 
1575394682 0 
1575394683 0 
1575394684 0 
1575394685 0 
1575394686 0 
1575394687 2 
1575395806 0 
1575395807 0 
1575395808 1 
1575395809 0 
1575395810 0 
1575395811 1 
1575395812 0 
1575395813 0 
1575558720 3 
1575558721 2 
1575558722 4 
1575558723 4 
1575558724 4 
1575558725 4 
1575558726 3 
1575558727 1 
1575559033 0 
1575559034 0 
1575559035 0 
1575559036 0 
1575559037 0 
1575559038 0 
1575559039 0 
1575559040 0 
1575559358 0 
1575559359 0 
1575559360 0 
1575559361 0 
1575559362 0 
1575559363 0 
1575559364 0 
1575559365 0 
1575559366 0 
1575559679 1 
1575559680 1 
1575559681 2 
1575559682 2 
1575559683 2 
1575559684 2 
1575559685 2 
1575559686 0 
1575560045 0 
1575560046 0 
1575560047 0 
1575560048 0 
1575560049 0 
1575560050 0 
1575560051 0 
1575560052 0 
1575560053 0 
1575560376 0 
1575560377 0 
1575560378 0 
1575560379 0 
1575560380 0 
1575560381 0 
1575560382 0 
1575560383 0 
1575560707 1 
1575560708 1 
1575560709 2 
1575560710 2 
1575560711 2 
1575560712 2 
1575560713 2 
1575560714 1 
1575560715 0 
1575561584 0 
1575561585 0 
1575561586 0 
1575561587 0 
1575561588 0 
1575561589 0 
1575561590 0 
1575561591 0 
1575561942 0 
1575561943 0 
1575561944 0 
1575561945 0 
1575561946 0 
1575561947 0 
1575561948 0 
1575561949 0 
1575562729 0 
1575562730 0 
1575562731 0 
1575562732 0 
1575562733 0 
1575562734 0 
1575562735 0 
1575562736 0 
1575563338 0 
1575563339 0 
1575563340 1 
1575563341 1 
1575563342 1 
1575563343 0 
1575563344 0 
1575563345 0 
1575563986 0 
1575563987 0 
1575563988 0 
1575563989 1 
1575563990 1 
1575563991 1 
1575563992 0 
1575563993 0 
1575563994 0 
1575564583 1 
1575564584 1 
1575564585 1 
1575564586 2 
1575564587 2 
1575564588 2 
1575564589 1 
1575564590 0 
1575565166 0 
1575565167 0 
1575565168 0 
1575565169 0 
1575565170 0 
1575565171 0 
1575565172 0 
1575565173 0 
1575565730 0 
1575565731 0 
1575565732 0 
1575565733 0 
1575565734 0 
1575565735 0 
1575565736 0 
1575565737 0 
1575565738 0 
1575566305 0 
1575566306 1 
1575566307 1 
1575566308 1 
1575566309 1 
1575566310 1 
1575566311 0 
1575566312 0 
1575566904 1 
1575566905 1 
1575566906 2 
1575566907 2 
1575566908 2 
1575566909 2 
1575566910 2 
1575566911 0 
1575566912 0 
1575568232 0 
1575568233 0 
1575568234 0 
1575568235 0 
1575568236 0 
1575568237 1 
1575568238 0 
1575568239 0 
1575568815 0 
1575568816 0 
1575568817 0 
1575568818 0 
1575568819 0 
1575568820 0 
1575568821 0 
1575568822 0 
1575568823 0 
1579186467 0 
1579186468 0 
1579186469 1 
1579186470 1 
1579186471 0 
1579186472 0 
1579186473 0 
1579186474 0 
1579186475 0 
1579186813 0 
1579186814 1 
1579186815 2 
1579186816 2 
1579186817 1 
1579186818 0 
1579186819 0 
1579186820 0 
1579187824 0 
1579187825 2 
1579187826 2 
1579187827 3 
1579187828 1 
1579187829 0 
1579187830 0 
1579187831 0 
1579187832 0 
1579188157 0 
1579188158 0 
1579188159 1 
1579188160 1 
1579188161 0 
1579188162 0 
1579188163 0 
1579188164 0 
1579188603 0 
1579188604 0 
1579188605 0 
1579188606 1 
1579188607 0 
1579188608 1 
1579188609 0 
1579188610 0 
1579188611 0 
1579189137 0 
1579189138 0 
1579189139 1 
1579189140 2 
1579189141 1 
1579189142 0 
1579189143 0 
1579189144 0 
1579189469 0 
1579189470 1 
1579189471 3 
1579189472 2 
1579189473 1 
1579189474 1 
1579189475 0 
1579189476 0 
1579189477 0 
1579189796 0 
1579189797 1 
1579189798 2 
1579189799 0 
1579189800 0 
1579189801 0 
1579189802 0 
1579189803 0 
1579190137 0 
1579190138 1 
1579190139 2 
1579190140 3 
1579190141 2 
1579190142 0 
1579190143 0 
1579190144 0 
1579190473 0 
1579190474 0 
1579190475 0 
1579190476 0 
1579190477 0 
1579190478 0 
1579190479 0 
1579190480 0 
1579191261 0 
1579191262 0 
1579191263 1 
1579191264 0 
1579191265 0 
1579191266 0 
1579191267 0 
1579191268 0 
1579191874 0 
1579191875 0 
1579191876 0 
1579191877 0 
1579191878 0 
1579191879 0 
1579191880 0 
1579191881 0 
1579191882 0 
1579192440 0 
1579192441 1 
1579192442 1 
1579192443 2 
1579192444 1 
1579192445 1 
1579192446 0 
1579192447 0 
1579192448 0 
1579193025 0 
1579193026 0 
1579193027 2 
1579193028 1 
1579193029 0 
1579193030 0 
1579193031 0 
1579193032 0 
1579193611 0 
1579193612 0 
1579193613 1 
1579193614 1 
1579193615 1 
1579193616 0 
1579193617 0 
1579193618 0 
1579194175 0 
1579194176 0 
1579194177 1 
1579194178 1 
1579194179 1 
1579194180 0 
1579194181 0 
1579194182 0 
1579194183 0 
1579194743 0 
1579194744 0 
1579194745 1 
1579194746 1 
1579194747 0 
1579194748 0 
1579194749 0 
1579194750 0 
1579194751 0 
1579195309 0 
1579195310 0 
1579195311 1 
1579195312 2 
1579195313 0 
1579195314 0 
1579195315 0 
1579195316 0 
1579195899 0 
1579195900 0 
1579195901 1 
1579195902 2 
1579195903 1 
1579195904 0 
1579195905 0 
1579195906 0 
1579195907 0 
1579196461 0 
1579196462 1 
1579196463 2 
1579196464 3 
1579196465 1 
1579196466 0 
1579196467 0 
1579196468 0 
1579354225 0 
1579354226 0 
1579354227 0 
1579354228 2 
1579354229 1 
1579354230 0 
1579354231 0 
1579354232 0 
1579354233 0 
1579354535 0 
1579354536 0 
1579354537 0 
1579354538 0 
1579354539 0 
1579354540 0 
1579354541 0 
1579354542 0 
1579354843 0 
1579354844 0 
1579354845 1 
1579354846 1 
1579354847 0 
1579354848 0 
1579354849 0 
1579354850 0 
1579355151 0 
1579355152 0 
1579355153 1 
1579355154 1 
1579355155 0 
1579355156 0 
1579355157 0 
1579355158 0 
1579355459 0 
1579355460 0 
1579355461 1 
1579355462 0 
1579355463 0 
1579355464 0 
1579355465 0 
1579355466 0 
1579355769 0 
1579355770 0 
1579355771 2 
1579355772 1 
1579355773 0 
1579355774 0 
1579355775 0 
1579355776 0 
1579356077 0 
1579356078 0 
1579356079 1 
1579356080 2 
1579356081 0 
1579356082 0 
1579356083 0 
1579356084 0 
1579356085 0 
1579356384 0 
1579356385 0 
1579356386 0 
1579356387 1 
1579356388 0 
1579356389 0 
1579356390 0 
1579356391 0 
1579356392 0 
1579356689 0 
1579356690 0 
1579356691 0 
1579356692 2 
1579356693 1 
1579356694 0 
1579356695 0 
1579356696 0 
1579356697 0 
1579356996 0 
1579356997 0 
1579356998 1 
1579356999 2 
1579357000 0 
1579357001 0 
1579357002 0 
1579357003 0 
1579359666 1 
1579359667 2 
1579359668 3 
1579359669 4 
1579359670 5 
1579359671 2 
1579359672 1 
1579359673 1 
1579360243 1 
1579360244 2 
1579360245 2 
1579360246 3 
1579360247 3 
1579360248 4 
1579360249 3 
1579360250 2 
1579360251 0 
1579360804 0 
1579360805 0 
1579360806 1 
1579360807 0 
1579360808 0 
1579360809 0 
1579360810 0 
1579360811 0 
1579361359 0 
1579361360 1 
1579361361 1 
1579361362 2 
1579361363 1 
1579361364 2 
1579361365 0 
1579361366 0 
1579361367 0 
1579361915 0 
1579361916 1 
1579361917 3 
1579361918 2 
1579361919 1 
1579361920 1 
1579361921 0 
1579361922 0 
1579362470 1 
1579362471 2 
1579362472 3 
1579362473 3 
1579362474 2 
1579362475 2 
1579362476 1 
1579362477 0 
1579363027 0 
1579363028 0 
1579363029 2 
1579363030 1 
1579363031 0 
1579363032 0 
1579363033 0 
1579363034 0 
1579363593 1 
1579363594 2 
1579363595 3 
1579363596 4 
1579363597 3 
1579363598 3 
1579363599 2 
1579363600 0 
1579364159 0 
1579364160 1 
1579364161 2 
1579364162 3 
1579364163 2 
1579364164 0 
1579364165 0 
1579364166 0 
1579364719 2 
1579364720 2 
1579364721 4 
1579364722 3 
1579364723 3 
1579364724 1 
1579364725 0 
1579364726 0 
1579525178 0 
1579525179 1 
1579525180 3 
1579525181 3 
1579525182 3 
1579525183 2 
1579525184 0 
1579525185 0 
1579525564 0 
1579525565 1 
1579525566 3 
1579525567 1 
1579525568 1 
1579525569 1 
1579525570 0 
1579525571 0 
1579525889 3 
1579525890 3 
1579525891 5 
1579525892 5 
1579525893 4 
1579525894 2 
1579525895 2 
1579525896 0 
1579526215 0 
1579526216 2 
1579526217 0 
1579526218 2 
1579526219 2 
1579526220 1 
1579526221 0 
1579526222 0 
1579526223 0 
1579528510 0 
1579528511 0 
1579528512 0 
1579528513 1 
1579528514 1 
1579528515 1 
1579528516 0 
1579528517 0 
1579528518 0 
1579529320 0 
1579529321 1 
1579529322 1 
1579529323 2 
1579529324 1 
1579529325 1 
1579529326 0 
1579529327 0 
1579529660 0 
1579529661 1 
1579529662 0 
1579529663 0 
1579529664 0 
1579529665 0 
1579529666 0 
1579529667 0 
1579529668 0 
1579529970 2 
1579529971 2 
1579529972 3 
1579529973 5 
1579529974 4 
1579529975 3 
1579529976 2 
1579529977 1 
1579529978 0 
1579531284 2 
1579531285 2 
1579531286 2 
1579531287 2 
1579531288 2 
1579531289 0 
1579531290 0 
1579531291 0 
1579532339 2 
1579532340 3 
1579532341 4 
1579532342 4 
1579532343 3 
1579532344 2 
1579532345 1 
1579532346 1 
1579532347 2 
1579533032 0 
1579533033 0 
1579533034 1 
1579533035 0 
1579533036 0 
1579533037 0 
1579533038 0 
1579533039 0 
1579533692 1 
1579533693 2 
1579533694 3 
1579533695 3 
1579533696 2 
1579533697 2 
1579533698 0 
1579533699 0 
1579534293 1 
1579534294 2 
1579534295 2 
1579534296 5 
1579534297 4 
1579534298 3 
1579534299 3 
1579534300 3 
1579534301 3 
1579534302 3 
1579534303 3 
1579534304 3 
1579534305 3 
1579534306 3 
1579534307 3 
1579534308 3 
1579534309 3 
1579534310 3 
1579534311 3 
1579534312 3 
1579534313 3 
1579534314 3 
1579534315 3 
1579534316 3 
1579534317 3 
1579534318 3 
1579534319 3 
1579534320 3 
1579534321 3 
1579534322 3 
1579534323 3 
1579534324 3 
1579534325 3 
1579534326 3 
1579534327 3 
1579534328 3 
1579534329 3 
1579534330 3 
1579534331 3 
1579534332 3 
1579534333 3 
1579534334 4 
1579534335 4 
1579534336 4 
1579534337 4 
1579534338 3 
1579534339 3 
1579534340 3 
1579534341 0 
1579534342 0 
1579534979 2 
1579534980 3 
1579534981 4 
1579534982 4 
1579534983 3 
1579534984 3 
1579534985 2 
1579534986 0 
1579535595 0 
1579535596 0 
1579535597 0 
1579535598 2 
1579535599 2 
1579535600 1 
1579535601 0 
1579535602 0 
1579535603 0 
1579536668 2 
1579536669 3 
1579536670 4 
1579536671 3 
1579536672 1 
1579536673 1 
1579536674 0 
1579536675 0 
1579537242 2 
1579537243 3 
1579537244 4 
1579537245 4 
1579537246 3 
1579537247 2 
1579537248 1 
1579537249 1 
1579537250 1 
1580217962 1 
1580217963 3 
1580217964 5 
1580217965 3 
1580217966 1 
1580217967 1 
1580217968 0 
1580217969 0 
1580218290 0 
1580218291 0 
1580218292 1 
1580218293 3 
1580218294 2 
1580218295 0 
1580218296 0 
1580218297 0 
1580218298 0 
1580218616 0 
1580218617 0 
1580218618 1 
1580218619 3 
1580218620 1 
1580218621 1 
1580218622 0 
1580218623 0 
1580218624 0 
1580218942 0 
1580218943 1 
1580218944 2 
1580218945 1 
1580218946 0 
1580218947 0 
1580218948 0 
1580218949 0 
1580219317 0 
1580219318 0 
1580219319 3 
1580219320 2 
1580219321 0 
1580219322 0 
1580219323 0 
1580219324 0 
1580219662 0 
1580219663 1 
1580219664 2 
1580219665 2 
1580219666 1 
1580219667 0 
1580219668 0 
1580219669 0 
1580222378 0 
1580222379 0 
1580222380 0 
1580222381 1 
1580222382 0 
1580222383 0 
1580222384 0 
1580222385 0 
1580222386 0 
1580222691 0 
1580222692 0 
1580222693 2 
1580222694 2 
1580222695 1 
1580222696 0 
1580222697 0 
1580222698 0 
1580222699 0 
1580223003 0 
1580223004 1 
1580223005 4 
1580223006 2 
1580223007 2 
1580223008 0 
1580223009 0 
1580223010 0 
1580223309 0 
1580223310 1 
1580223311 1 
1580223312 1 
1580223313 0 
1580223314 0 
1580223315 0 
1580223316 0 
1580223970 2 
1580223971 4 
1580223972 4 
1580223973 5 
1580223974 4 
1580223975 3 
1580223976 2 
1580223977 2 
1580224527 0 
1580224528 0 
1580224529 1 
1580224530 3 
1580224531 2 
1580224532 1 
1580224533 0 
1580224534 0 
1580224535 0 
1580225084 1 
1580225085 1 
1580225086 3 
1580225087 3 
1580225088 3 
1580225089 2 
1580225090 2 
1580225091 0 
1580225092 1 
1580225649 1 
1580225650 1 
1580225651 3 
1580225652 3 
1580225653 2 
1580225654 1 
1580225655 0 
1580225656 0 
1580226207 0 
1580226208 0 
1580226209 2 
1580226210 1 
1580226211 1 
1580226212 0 
1580226213 0 
1580226214 0 
1580226793 0 
1580226794 0 
1580226795 1 
1580226796 2 
1580226797 1 
1580226798 1 
1580226799 0 
1580226800 0 
1580226801 0 
1580226802 0 
1580227360 0 
1580227361 0 
1580227362 1 
1580227363 1 
1580227364 0 
1580227365 0 
1580227366 0 
1580227367 0 
1580227368 0 
1580227959 4 
1580227960 5 
1580227961 6 
1580227962 8 
1580227963 7 
1580227964 6 
1580227965 6 
1580227966 4 
1580227967 3 
1580228539 0 
1580228540 0 
1580228541 2 
1580228542 3 
1580228543 3 
1580228544 2 
1580228545 1 
1580228546 0 
1580229099 1 
1580229100 1 
1580229101 3 
1580229102 3 
1580229103 2 
1580229104 1 
1580229105 1 
1580229106 0 
1580306598 0 
1580306599 1 
1580306600 2 
1580306601 2 
1580306602 0 
1580306603 1 
1580306604 1 
1580306605 0 
1580306901 3 
1580306902 3 
1580306903 4 
1580306904 5 
1580306905 4 
1580306906 3 
1580306907 2 
1580306908 1 
1580306909 2 
1580307301 3 
1580307302 3 
1580307303 4 
1580307304 4 
1580307305 3 
1580307306 2 
1580307307 1 
1580307308 1 
1580307779 1 
1580307780 1 
1580307781 2 
1580307782 4 
1580307783 4 
1580307784 1 
1580307785 0 
1580307786 0 
1580307787 0 
1580308092 2 
1580308093 2 
1580308094 3 
1580308095 3 
1580308096 3 
1580308097 3 
1580308098 1 
1580308099 1 
1580310608 0 
1580310609 0 
1580310610 3 
1580310611 2 
1580310612 1 
1580310613 0 
1580310614 0 
1580310615 0 
1580310923 0 
1580310924 0 
1580310925 2 
1580310926 3 
1580310927 1 
1580310928 2 
1580310929 1 
1580310930 0 
1580311232 1 
1580311233 3 
1580311234 3 
1580311235 3 
1580311236 2 
1580311237 1 
1580311238 0 
1580311239 0 
1580311240 0 
1580311542 0 
1580311543 1 
1580311544 1 
1580311545 3 
1580311546 4 
1580311547 4 
1580311548 4 
1580311549 0 
1580311550 0 
1580311917 0 
1580311918 1 
1580311919 2 
1580311920 2 
1580311921 1 
1580311922 1 
1580311923 0 
1580311924 0 
1580312526 3 
1580312527 3 
1580312528 3 
1580312529 4 
1580312530 4 
1580312531 4 
1580312532 2 
1580312533 0 
1580313106 0 
1580313107 0 
1580313108 3 
1580313109 4 
1580313110 3 
1580313111 2 
1580313112 2 
1580313113 0 
1580313986 1 
1580313987 2 
1580313988 2 
1580313989 2 
1580313990 0 
1580313991 1 
1580313992 0 
1580313993 0 
1580314626 0 
1580314627 1 
1580314628 3 
1580314629 2 
1580314630 1 
1580314631 1 
1580314632 2 
1580314633 2 
1580315182 0 
1580315183 0 
1580315184 2 
1580315185 3 
1580315186 1 
1580315187 1 
1580315188 1 
1580315189 0 
1580315744 1 
1580315745 2 
1580315746 3 
1580315747 4 
1580315748 3 
1580315749 3 
1580315750 2 
1580315751 0 
1580315752 1 
1580317015 0 
1580317016 0 
1580317017 1 
1580317018 0 
1580317019 0 
1580317020 0 
1580317021 0 
1580317022 0 
1580317603 0 
1580317604 0 
1580317605 1 
1580317606 2 
1580317607 1 
1580317608 0 
1580317609 0 
1580317610 0 
1580317611 0 
1581937976 0 
1581937977 1 
1581937978 2 
1581937979 3 
1581937980 1 
1581937981 1 
1581937982 0 
1581937983 0 
1581938621 1 
1581938622 2 
1581938623 2 
1581938624 2 
1581938625 2 
1581938626 1 
1581938627 0 
1581938628 0 
1581938629 0 
1581938886 0 
1581938887 0 
1581938888 0 
1581938889 0 
1581938890 0 
1581938891 0 
1581938892 1 
1581938893 2 
1581938894 1 
1581938895 1 
1581938896 0 
1581938897 0 
1581938898 1 
1581938899 1 
1581938900 2 
1581938901 2 
1581938902 3 
1581938903 3 
1581938904 2 
1581938905 2 
1581938906 2 
1581938907 2 
1581938908 0 
1581938909 0 
1581938910 0 
1581938911 1 
1581938912 0 
1581938913 1 
1581938914 0 
1581938915 0 
1581938916 1 
1581938917 1 
1581938918 0 
1581938919 0 
1581938920 0 
1581938921 0 
1581938922 0 
1581938923 0 
1581938924 0 
1581938925 0 
1581938926 0 
1581938927 0 
1581938928 0 
1581938929 0 
1581938930 0 
1581939264 1 
1581939265 0 
1581939266 2 
1581939267 2 
1581939268 1 
1581939269 1 
1581939270 0 
1581939271 0 
1581939272 1 
1581942666 1 
1581942667 2 
1581942668 2 
1581942669 3 
1581942670 2 
1581942671 2 
1581942672 2 
1581942673 2 
1581942674 1 
1581942675 0 
1581944841 0 
1581944842 0 
1581944843 0 
1581944844 0 
1581944845 0 
1581944846 0 
1581944847 0 
1581944848 0 
1581944849 1 
1581944850 1 
1581944851 0 
1581944852 0 
1581944853 0 
1581944854 0 
1581944855 0 
1581944856 1 
1581944857 0 
1581944858 0 
1581944859 0 
1581944860 0 
1581944861 0 
1581944862 0 
1581944863 0 
1581944864 0 
1581944865 0 
1581944866 0 
1581944867 0 
1581944868 0 
1581944869 0 
1581944870 0 
1581944871 0 
1581944872 0 
1581944873 0 
1581944874 0 
1581944875 0 
1581944876 0 
1581944877 0 
1581944878 0 
1581944879 0 
1581944880 0 
1581944881 0 
1581944882 0 
1581944883 0 
1581944884 0 
1581944885 0 
1581944886 0 
1581944887 0 
1581944888 0 
1581944889 0 
1581944890 0 
1581944891 0 
1581944892 0 
1581944893 0 
1581944894 0 
1581944895 0 
1581944896 0 
1581944897 0 
1581944898 0 
1581944899 0 
1581944900 0 
1581944901 0 
1581944902 0 
1581944903 0 
1581944904 0 
1581944905 0 
1581944906 0 
1581944907 0 
1581944908 0 
1581944909 0 
1581944910 0 
1581944911 0 
1581944912 0 
1581944913 0 
1581944914 1 
1581944915 1 
1581944916 1 
1581944917 0 
1581944918 0 
1581944919 0 
1581944920 0 
1581944921 0 
1581944922 0 
1581944923 0 
1581944924 0 
1581944925 0 
1581944926 0 
1581944927 0 
1581944928 0 
1581944929 0 
1581944930 0 
1581944931 0 
1581944932 0 
1581944933 0 
1581944934 0 
1581944935 0 
1581944936 0 
1581944937 0 
1581944938 0 
1581944939 0 
1581944940 0 
1581944941 0 
1581944942 0 
1581944943 0 
1581944944 1 
1581944945 1 
1581944946 1 
1581944947 2 
1581944948 2 
1581944949 1 
1581944950 1 
1581944951 1 
1581944952 1 
1581944953 1 
1581944954 2 
1581944955 2 
1581944956 1 
1581944957 1 
1581944958 1 
1581944959 1 
1581944960 2 
1581944961 1 
1581944962 1 
1581944963 1 
1581944964 1 
1581944965 1 
1581944966 2 
1581944967 2 
1581944968 2 
1581944969 2 
1581944970 3 
1581944971 3 
1581944972 2 
1581944973 3 
1581944974 3 
1581944975 3 
1581944976 3 
1581944977 2 
1581944978 1 
1581944979 1 
1581944980 1 
1581944981 1 
1581944982 1 
1581944983 1 
1581944984 1 
1581944985 1 
1581944986 1 
1581944987 1 
1581944988 1 
1581944989 1 
1581944990 1 
1581944991 1 
1581944992 1 
1581944993 1 
1581944994 2 
1581944995 3 
1581944996 3 
1581944997 3 
1581944998 3 
1581944999 3 
1581945000 3 
1581945001 3 
1581945002 3 
1581945003 3 
1581945004 3 
1581945005 3 
1581945006 3 
1581945007 3 
1581945008 3 
1581945009 3 
1581945010 3 
1581945011 3 
1581945012 3 
1581945013 3 
1581945014 3 
1581945015 3 
1581945016 3 
1581945017 3 
1581945018 3 
1581945019 2 
1581945020 3 
1581945021 3 
1581945022 3 
1581945023 3 
1581945024 3 
1581945025 2 
1581945026 2 
1581945027 1 
1581945028 1 
1581945029 1 
1581945030 1 
1581945031 1 
1581945032 1 
1581945033 1 
1581945034 1 
1581945035 1 
1581945036 1 
1581945037 1 
1581945038 1 
1581945039 1 
1581945040 1 
1581945041 1 
1581945042 1 
1581945043 1 
1581945044 1 
1581945045 1 
1581945046 1 
1581945047 1 
1581945048 1 
1581945049 1 
1581945050 1 
1581945051 1 
1581945052 1 
1581945053 1 
1581945054 1 
1581945055 3 
1581945056 3 
1581945057 4 
1581945058 3 
1581945059 3 
1581945060 3 
1581945061 3 
1581945062 2 
1581945063 2 
1581945064 2 
1581945065 2 
1581945066 2 
1581945067 2 
1581945068 1 
1581945069 1 
1581945070 1 
1581945071 1 
1581945072 2 
1581945073 2 
1581945074 1 
1581945075 2 
1581945076 1 
1581945077 1 
1581945078 1 
1581945079 1 
1581945080 1 
1581945081 1 
1581945082 1 
1581945083 1 
1581945084 1 
1581945085 4 
1581945086 3 
1581945087 3 
1581945088 1 
1581945089 1 
1581945090 1 
1581945091 1 
1581945092 1 
1581945093 0 
1581945094 1 
1581945095 1 
1581945096 1 
1581945097 1 
1581945098 1 
1581945099 1 
1581945100 1 
1581945101 2 
1581945102 1 
1581945103 1 
1581945104 1 
1581945105 2 
1581945106 1 
1581945107 1 
1581945108 1 
1581945109 1 
1581945110 1 
1581945111 1 
1581945112 1 
1581945113 1 
1581945114 1 
1581945115 1 
1581945116 1 
1581945117 1 
1581945118 3 
1581945119 3 
1581945120 3 
1581945121 4 
1581945122 2 
1581945123 2 
1581945124 1 
1581945125 1 
1581945126 1 
1581945127 1 
1581945128 1 
1581945129 1 
1581945130 1 
1581945131 1 
1581945132 1 
1581945133 2 
1581945134 1 
1581945135 1 
1581945136 1 
1581945137 1 
1581945138 1 
1581945139 1 
1581945140 1 
1581945141 1 
1581945142 1 
1581945143 1 
1581945144 1 
1581945145 1 
1581945146 2 
1581945147 3 
1581945148 3 
1581945149 3 
1581945150 1 
1581945151 1 
1581945152 1 
1581945153 1 
1581945154 1 
1581945155 1 
1581945156 2 
1581945157 2 
1581945158 1 
1581945159 2 
1581945160 1 
1581945161 2 
1581945162 2 
1581945163 1 
1581945164 1 
1581945165 1 
1581945166 1 
1581945167 1 
1581945168 1 
1581945169 2 
1581945170 2 
1581945171 2 
1581945172 3 
1581945173 3 
1581945174 3 
1581945175 3 
1581945176 3 
1581945177 3 
1581945178 4 
1581945179 4 
1581945180 3 
1581945181 2 
1581945182 3 
1581945183 3 
1581945184 4 
1581945185 3 
1581945186 3 
1581945187 3 
1581945188 2 
1581945189 1 
1581945190 1 
1581945191 1 
1581945192 1 
1581945193 1 
1581945194 2 
1581945195 2 
1581945196 1 
1581945197 0 
1581945198 1 
1581946140 0 
1581946141 0 
1581946142 1 
1581946143 1 
1581946144 1 
1581946145 1 
1581946146 1 
1581946147 0 
1581946148 0 
1581947604 0 
1581947605 0 
1581947606 0 
1581947607 0 
1581947608 0 
1581947609 0 
1581947610 0 
1581947611 0 
1581948196 0 
1581948197 0 
1581948198 0 
1581948199 0 
1581948200 0 
1581948201 0 
1581948202 0 
1581948203 0 
1581948204 0 
1582031359 2 
1582031360 2 
1582031361 3 
1582031362 1 
1582031363 1 
1582031364 1 
1582031365 0 
1582031366 0 
1582041799 0 
1582041800 0 
1582041801 2 
1582041802 1 
1582041803 0 
1582041804 0 
1582041805 1 
1582041806 0 
1582041807 0 
1582120460 5 
1582120461 3 
1582120462 7 
1582120463 3 
1582120464 5 
1582120465 5 
1582120466 4 
1582120467 3 
1582120468 3 
1582635014 1 
1582635015 1 
1582635016 1 
1582635017 2 
1582635018 2 
1582635019 2 
1582635020 0 
1582635021 0 
1582635298 0 
1582635299 0 
1582635300 0 
1582635301 0 
1582635302 0 
1582635303 0 
1582635304 0 
1582635305 0 
1582635306 0 
1582636439 0 
1582636440 0 
1582636441 0 
1582636442 0 
1582636443 0 
1582636444 0 
1582636445 0 
1582636446 0 
1582636447 0 
1582636733 0 
1582636734 0 
1582636735 0 
1582636736 0 
1582636737 0 
1582636738 0 
1582636739 0 
1582636740 0 
1582637619 1 
1582637620 1 
1582637621 2 
1582637622 3 
1582637623 2 
1582637624 2 
1582637625 2 
1582637626 1 
1582637627 1 
1582638189 0 
1582638190 0 
1582638191 0 
1582638192 0 
1582638193 0 
1582638194 0 
1582638195 0 
1582638196 0 
1582641004 0 
1582641005 0 
1582641006 0 
1582641007 0 
1582641008 0 
1582641009 0 
1582641010 0 
1582641011 0 
1582641012 0 
1582641564 1 
1582641565 1 
1582641566 3 
1582641567 2 
1582641568 2 
1582641569 2 
1582641570 1 
1582641571 1 
1582642703 0 
1582642704 0 
1582642705 2 
1582642706 1 
1582642707 1 
1582642708 1 
1582642709 1 
1582642710 0 
1582642711 0 
1582643278 0 
1582643279 0 
1582643280 1 
1582643281 0 
1582643282 0 
1582643283 0 
1582643284 0 
1582643285 0 
1582643875 0 
1582643876 0 
1582643877 0 
1582643878 0 
1582643879 0 
1582643880 0 
1582643881 0 
1582643882 0 
1582643883 0 
1582886231 0 
1582886232 0 
1582886233 0 
1582886234 0 
1582886235 0 
1582886236 0 
1582886237 1 
1582886238 1 
1582886239 1 
1582886240 0 
1582886241 0 
1582886242 1 
1582886243 3 
1582886244 2 
1582886245 2 
1582886246 2 
1582886247 3 
1582886248 2 
1582886249 2 
1582886250 2 
1582886251 3 
1582886252 2 
1582886253 0 
1582886254 0 
1582886255 1 
1582886256 0 
1582886257 0 
1582886258 0 
1582886259 1 
1582886260 1 
1582886261 1 
1582886262 1 
1582886263 0 
1582886264 0 
1582886265 0 
1582886266 0 
1582886267 0 
1582886268 0 
1582886269 0 
1582886270 0 
1582886271 0 
1582886272 0 
1582886273 0 
1582886554 0 
1582886555 0 
1582886556 0 
1582886557 0 
1582886558 0 
1582886559 0 
1582886560 0 
1582886561 0 
1582886850 0 
1582886851 0 
1582886852 0 
1582886853 0 
1582886854 0 
1582886855 0 
1582886856 0 
1582886857 0 
1582887102 0 
1582887103 0 
1582887104 0 
1582887105 0 
1582887106 0 
1582887107 0 
1582887108 0 
1582887109 1 
1582887110 0 
1582887111 0 
1582887112 0 
1582887113 0 
1582887114 0 
1582887115 0 
1582887116 1 
1582887117 1 
1582887118 1 
1582887119 1 
1582887120 1 
1582887121 1 
1582887122 1 
1582887123 1 
1582887124 1 
1582887125 0 
1582887126 0 
1582887127 0 
1582887128 0 
1582887129 0 
1582887130 0 
1582887131 2 
1582887132 1 
1582887133 3 
1582887134 1 
1582887135 1 
1582887136 0 
1582887137 1 
1582887138 1 
1582887139 0 
1582887140 0 
1582887141 1 
1582887142 1 
1582887143 1 
1582887144 0 
1582887145 0 
1582887146 0 
1582887428 0 
1582887429 0 
1582887430 0 
1582887431 0 
1582887432 0 
1582887433 0 
1582887434 0 
1582887435 0 
1582888004 1 
1582888005 1 
1582888006 2 
1582888007 3 
1582888008 2 
1582888009 2 
1582888010 2 
1582888011 1 
1582888012 1 
1582888291 0 
1582888292 0 
1582888293 0 
1582888294 0 
1582888295 0 
1582888296 0 
1582888297 0 
1582888298 0 
1582888579 1 
1582888580 1 
1582888581 1 
1582888582 2 
1582888583 2 
1582888584 2 
1582888585 1 
1582888586 0 
1582888587 1 
1582888940 0 
1582888941 0 
1582888942 0 
1582888943 0 
1582888944 0 
1582888945 0 
1582888946 0 
1582888947 0 
1582888948 0 
1582899044 0 
1582899045 0 
1582899046 0 
1582899047 1 
1582899048 2 
1582899049 3 
1582899050 0 
1582899051 0 
1582900174 0 
1582900175 0 
1582900176 0 
1582900177 0 
1582900178 0 
1582900179 0 
1582900180 0 
1582900181 0 
1582903038 0 
1582903039 0 
1582903040 0 
1582903041 1 
1582903042 1 
1582903043 1 
1582903044 0 
1582903045 0 
1582903046 0 
1582903303 0 
1582903304 0 
1582903305 0 
1582903306 0 
1582903307 0 
1582903308 0 
1582903309 0 
1582903310 0 
1582903311 0 
1582903312 0 
1582903313 0 
1582903314 0 
1582903315 0 
1582903316 0 
1582903317 1 
1582903318 1 
1582903319 1 
1582903320 1 
1582903321 1 
1582903322 1 
1582903323 1 
1582903324 1 
1582903325 2 
1582903326 2 
1582903327 2 
1582903328 2 
1582903329 2 
1582903330 2 
1582903331 2 
1582903332 2 
1582903333 2 
1582903334 2 
1582903335 1 
1582903336 1 
1582903337 2 
1582903338 0 
1582903339 0 
1582903340 0 
1582903341 0 
1582903342 0 
1582903343 0 
1582903344 0 
1582903345 0 
1582903346 0 
1582903347 0 
1582903348 0 
1582903349 0 
1582903350 0 
1582903351 0 
1582903352 0 
1582903353 0 
1582903354 0 
1582903355 1 
1582903356 0 
1582903357 0 
1582903358 0 
1582903359 0 
1582903360 0 
1582903361 0 
1582903362 0 
1582903363 0 
1582903364 0 
1582903365 0 
1582903366 0 
1582903367 0 
1582903368 0 
1582903369 0 
1582903370 0 
1582903371 0 
1582903372 0 
1582903373 0 
1582903374 0 
1582903375 0 
1582903376 0 
1582903377 0 
1582903378 0 
1582903379 0 
1582903380 1 
1582903381 0 
1582903382 0 
1582903383 0 
1582903384 0 
1582903385 0 
1582903386 0 
1582903387 0 
1582903388 0 
1582903389 0 
1582903390 0 
1582903391 0 
1582903392 0 
1582903393 0 
1582903394 0 
1582903395 0 
1582903396 0 
1582903397 0 
1582903398 0 
1582903399 0 
1582903400 0 
1582903401 0 
1582903402 0 
1582903403 0 
1582903404 0 
1582903405 0 
1582903406 0 
1582903407 0 
1582903408 0 
1582903409 0 
1582903410 0 
1582903411 0 
1582903412 0 
1582903413 0 
1582903414 0 
1582903415 0 
1582903416 0 
1582903417 0 
1582903418 0 
1582903419 0 
1582903420 0 
1582903421 0 
1582903422 0 
1582903423 0 
1582903424 0 
1582903425 0 
1582903426 0 
1582903427 0 
1582903428 0 
1582903429 0 
1582903430 0 
1582903431 0 
1582903432 0 
1582903433 0 
1582903434 0 
1582903435 0 
1582903436 0 
1582903437 0 
1582903438 0 
1582903439 0 
1582903440 0 
1582903441 0 
1582903442 0 
1582903443 0 
1582903444 1 
1582903445 2 
1582903446 0 
1582903447 0 
1582903448 0 
1582903449 0 
1582903450 0 
1582903451 0 
1582903452 0 
1582903453 0 
1582903454 0 
1582903455 0 
1582903456 0 
1582903457 0 
1582903458 0 
1582903459 0 
1582903460 0 
1582903461 0 
1582903462 0 
1582903463 0 
1582903464 0 
1582903465 0 
1582903466 0 
1582903467 0 
1582903468 0 
1582903469 0 
1582903470 0 
1582903471 0 
1582903472 0 
1582903473 0 
1582903474 0 
1582903475 0 
1582903476 0 
1582903477 0 
1582903478 0 
1582903479 0 
1582903480 0 
1582903481 0 
1582903482 0 
1582903483 0 
1582903484 1 
1582903485 1 
1582903486 1 
1582903487 1 
1582903488 1 
1582903489 0 
1582903490 0 
1582903491 0 
1582903492 0 
1582903493 0 
1582903494 0 
1582903495 0 
1582903496 0 
1582903497 0 
1582903498 0 
1582903499 0 
1582903500 0 
1582903501 0 
1582903502 0 
1582903503 0 
1582903504 0 
1582903505 0 
1582903506 0 
1582903507 0 
1582903508 0 
1582903509 0 
1582903510 0 
1582903511 0 
1582903512 0 
1582903513 0 
1582903514 0 
1582903515 0 
1582903516 0 
1582903517 0 
1582903518 0 
1582903519 0 
1582903520 0 
1582903521 0 
1582903522 0 
1582903523 0 
1582903524 0 
1582903525 0 
1582903526 0 
1582903527 0 
1582903528 0 
1582903529 0 
1582903530 0 
1582903531 0 
1582903532 0 
1582903533 0 
1582903534 0 
1582903535 0 
1582903536 0 
1582903537 0 
1582903538 0 
1582903539 0 
1582903540 0 
1582903541 0 
1582903542 0 
1582903543 0 
1582903544 0 
1582903545 0 
1582903546 0 
1582903547 0 
1582903548 0 
1582903549 0 
1582903550 0 
1582903551 0 
1582903552 0 
1582903553 0 
1582903554 0 
1582903555 0 
1582903556 0 
1582903557 0 
1582903558 0 
1582903559 0 
1582903560 0 
1582903561 0 
1582903562 0 
1582903563 0 
1582903564 0 
1582903565 0 
1582903566 0 
1582903567 0 
1582903568 0 
1582903569 0 
1582903570 0 
1582903571 0 
1582903572 0 
1582903573 0 
1582903574 0 
1582903575 0 
1582903576 0 
1582903577 0 
1582903578 0 
1582903579 0 
1582903580 0 
1582903581 0 
1582903582 0 
1582903583 0 
1582903584 0 
1582903585 0 
1582903586 0 
1582903587 0 
1582903588 0 
1582903589 0 
1582903590 0 
1582903591 0 
1582903592 0 
1582903593 0 
1582903594 0 
1582903595 0 
1582903596 0 
1582903597 0 
1582903598 0 
1582903599 0 
1582903600 0 
1582903601 0 
1582903602 0 
1582903603 0 
1582903604 0 
1582903605 0 
1582903606 0 
1582903607 0 
1582903608 0 
1582903609 0 
1582903610 0 
1582903611 0 
1582903612 0 
1582903613 0 
1582903614 0 
1582903615 0 
1582903616 0 
1582903617 0 
1582903618 0 
1582903619 0 
1582903620 0 
1582903621 0 
1582903622 0 
1582903623 0 
1582903624 0 
1582903625 0 
1582903626 0 
1582903627 0 
1582903628 0 
1582903629 0 
1582903630 1 
1582903631 1 
1582903632 0 
1582903633 0 
1582903634 0 
1582903635 0 
1582903636 0 
1582903637 0 
1582903638 0 
1582903639 0 
1582903640 0 
1582903641 0 
1582903642 0 
1582903643 0 
1582903644 0 
1582903645 0 
1582903646 0 
1582903647 0 
1582903648 0 
1582903649 0 
1582903650 0 