1579191834 2
1579191835 2
1579191836 2
1579191837 2
1579191838 2
1579191839 2
1579191840 2
1579191841 2
1579191842 3
1579191843 2
1579191844 2
1579191845 2
1579192401 2
1579192402 2
1579192403 2
1579192404 2
1579192405 2
1579192406 2
1579192407 3
1579192408 2
1579192409 3
1579192410 2
1579192411 2
1579194144 3
1579194145 2
1579194146 3
1579194703 2
1579194704 2
1579194705 2
1579194706 2
1579194707 2
1579194708 2
1579194709 2
1579194710 3
1579194711 3
1579194712 2
1579194713 2
1579194714 3
1579196426 2
1579196427 2
1579196428 3
1579196429 3
1579196430 2
1579196431 2
1579196432 3
