1579530647 2
1579530648 2
1579530649 2
1579530650 2
1579530651 2
1579530652 2
1579531220 2
1579531221 2
1579531222 2
1579531223 2
1579531224 2
1579532276 2
1579532277 2
1579532278 2
1579532279 2
1579532280 2
1579532968 2
1579532969 2
1579532970 2
1579532971 2
1579532972 2
1579532973 2
1579533629 2
1579533630 2
1579533631 2
1579533632 2
1579533633 3
1579534230 2
1579534231 2
1579534232 2
1579534233 2
1579534234 3
1579534916 2
1579534917 2
1579534918 2
1579534919 2
1579534920 2
1579534921 2
1579535532 2
1579535533 2
1579535534 2
1579535535 2
1579535536 3
1579536604 2
1579536605 2
1579536606 2
1579536607 2
1579536608 2
1579537179 2
1579537180 2
1579537181 2
1579537182 2
1579537183 2
1579537184 2
