1572967450 2
1572967451 2
1572967452 2
1572967453 2
1572967454 2
1572968106 3
1572968107 2
1572968108 2
1572968109 2
1572968110 2
1572968111 2
1572969409 2
1572969410 2
1572969411 2
1572969412 2
1572969413 2
1572970070 2
1572970071 2
1572970072 2
1572970073 2
1572970074 2
1572970720 2
1572970721 2
1572970722 2
1572970723 2
1572970724 2
1572971372 2
1572971373 2
1572971374 2
1572971375 2
1572971376 2
1572971377 2
1572972035 2
1572972036 2
1572972037 2
1572972038 2
1572972039 2
1572972693 2
1572972694 2
1572972695 2
1572972696 2
1572972697 2
1572973409 2
1572973410 2
1572973411 2
1572973412 2
1572973413 2
1572974058 2
1572974059 2
1572974060 2
1572974061 2
1572974062 2
1572974063 2
1572974710 2
1572974711 2
1572974712 2
1572974713 2
1572974714 2
