1575294376 3
1575294377 2
1575294378 2
1575294379 1
1575294380 2
1575294381 2
1575294382 3
1575294383 3
1575294384 2
1575294385 3
1575294386 2
1575294387 2
1575294388 2
1575294389 3
1575294390 4
1575294391 4
1575294392 4
1575294393 3
1575294394 4
1575294395 4
1575294396 4
1575294397 4
1575294398 3
1575294399 4
1575294400 4
1575294401 4
1575294402 5
1575294403 4
1575294404 4
1575294405 3
1575294406 4
1575294407 6
1575294408 4
1575294409 5
1575294410 4
1575294411 4
1575294412 4
1575294413 5
1575294414 4
1575294415 4
1575294416 6
1575294417 6
1575294418 5
1575294419 3
1575294420 2
1575294421 2
1575294422 2
1575297033 2
1575297034 2
1575297035 2
1575297036 2
1575297037 2
1575297038 3
1575297039 3
1575297040 3
1575297041 3
1575297042 4
1575297043 2
1575297044 2
1575297045 3
1575297046 3
1575297047 4
1575297048 4
1575297049 4
1575297050 4
1575297051 5
1575297052 5
1575297053 6
1575297054 4
1575297055 5
1575297056 4
1575297057 3
1575297058 3
1575297059 2
1575297060 5
1575297061 4
1575297062 4
1575297063 4
1575297064 4
1575297065 4
1575297066 4
1575297067 4
1575297068 5
1575297069 5
1575297070 5
1575297071 5
1575297072 3
1575297073 2
1575297074 3
1575297075 4
1575297076 4
1575297077 5
1575297078 4
1575297079 4
1575297080 4
1575297081 4
1575297082 3
1575297083 3
1575297084 3
1575297085 3
