1572871296 2
1572871297 3
1572871298 3
1572871299 2
1572871300 2
1572871301 2
1572871946 2
1572871947 2
1572871948 2
1572871949 2
1572871950 2
1572871951 2
1572872623 2
1572872624 2
1572872625 2
1572872626 2
1572872627 2
1572872628 2
1572873276 2
1572873277 2
1572873278 2
1572873279 2
1572873280 2
1572873281 2
1572873929 2
1572873930 2
1572873931 2
1572873932 2
1572873933 2
1572873934 2
1572874991 2
1572874992 2
1572874993 2
1572874994 2
1572874995 2
1572874996 2
1572875852 2
1572875853 2
1572875854 2
1572875855 3
1572875856 2
1572875857 2
1572875858 2
1572877078 2
1572877079 2
1572877080 3
1572877081 3
1572877082 2
1572877083 2
1572877727 2
1572877728 2
1572877729 3
1572877730 3
1572877731 2
1572877732 2
1572878955 2
1572878956 2
1572878957 3
1572878958 2
1572878959 2
1572878960 2
