1572965350 4.525086863
1572965518 4.702821937
1572965685 4.770606874
1572965855 4.513877354
1572966026 4.8086948
1572966192 4.603285449
1572966363 4.642336133
1572966547 5.19064811
1572966720 4.976456588
1572966891 4.760893239
1572967161 4.767164975
1572967818 4.688180305
1572969122 4.555653753
1572969775 4.533341353
1572970434 4.725849334
1572971086 4.670151347
1572971748 4.766336887
1572972408 4.502162685
1572973121 3.539832282
1572973775 3.575097541
1572974423 4.687877338
1572975153 4.569613853
1572975479 4.707100466
1572975825 7.553711725
1572976222 4.882709933
1572976561 4.775458695
1572976891 4.610154147
1572977221 4.738564237
1572977584 4.60629348
1572977931 4.680488831
