1582185022 4.487523873
1582185202 4.780651619
1582185940 3.990858458
1582186100 3.745173667
1582186260 3.930422043
1582186833 3.892505389
1582187796 4.256063101
1582187953 4.354498265
1582188114 4.074815745
1582188275 3.902604578
1582188730 4.020048295
1582189447 3.981619812
1582191044 4.148254462
1582191336 4.135805452
1582191632 4.27525384
1582191927 4.253104025
1582192219 3.234838978
1582192515 4.234104032
1582192804 3.919066809
1582193092 4.148136521
1582193725 3.947983363
1582193888 3.80367896
1582194053 4.06530899
1582194209 3.66475949
1582194370 3.724720366
1582194535 3.826996253
1582194691 4.101081056
1582194866 3.972635945
1582195025 4.192497642
1582195185 4.242646362
1582195680 4.203913607
1582195841 4.403390033
1582195998 4.10310897
1582196159 4.006990445
1582196318 4.068856881
1582196477 4.423999719
1582196636 4.134120913
1582196793 4.295770081
1582196956 4.253583959
1582197123 3.986535756
1582197280 4.304722035
1582197440 3.912251495
1582197616 4.159499306
1582197775 3.968967998
1582197934 3.817506275
1582198090 3.888863286
1582198252 4.049212766
1582198409 3.180765214
1582198691 3.27937587
1582199038 4.488694475
