1572265003 5.628751152
1572265200 5.888439047
1572265398 5.795978234
1572265597 5.372502805
1572265794 5.392931145
1572266004 5.541933926
1572266198 5.738383687
1572266398 5.752151281
1572266601 5.766938874
1572268081 5.483083314
1572268852 5.429070882
1572269265 5.591145424
1572269671 5.639018155
1572270088 5.526795471
1572270484 6.103447389
1572270879 5.698823852
1572272241 4.443307885
1572272571 4.54551183
1572272906 4.479848107
1572273239 4.536213594
1572273586 4.593048765
1572274078 4.544163546
1572274246 4.394941992
1572274421 4.626451046
1572274587 4.432691289
1572274759 4.45865533
1572274930 4.517158026
1572275098 4.707295013
1572275277 4.421838236
1572275445 4.686453844
1572275620 4.710399227
1572276007 4.507395862
1572276343 4.688331932
1572276681 4.599663238
1572277012 4.536998455
1572277342 4.414197049
1572278037 4.027704975
1572278369 4.647427162
