1572361216 5.763632267
1572361414 5.675027063
1572361609 5.678116619
1572361805 5.565316331
1572362002 5.652066994
1572362197 5.6803719
1572362393 5.861244607
1572362589 5.961204164
1572362788 5.68322683
1572362984 5.675571339
1572363429 4.557874177
1572363759 4.364761023
1572364088 4.557088238
1572364419 4.461546231
1572364751 4.569451063
1572365094 3.669969588
1572365471 4.459728924
1572365843 4.753311591
1572366182 4.354939155
1572366517 4.474961489
1572366870 4.607426586
1572367037 4.628600086
1572367206 4.687758728
1572367375 4.52676874
1572367729 4.572274839
1572367905 4.503996287
1572368072 4.673649557
1572368239 4.514011863
1572368405 4.52233458
1572369548 4.523975871
1572369877 4.723963459
1572370208 4.6039633
1572370540 4.617090967
1572370869 4.550482748
1572371198 4.649327819
1572371532 4.347967963
1572371860 4.528494295
1572372190 4.615529074
1572372519 4.649256185
