1574707097 0 
1574707098 0 
1574707099 0 
1574707100 0 
1574707101 0 
1574707102 0 
1574707103 0 
1574707104 0 
1574707105 0 
1569850000 0 
1569850001 0 
1569850002 0 
1569850003 0 
1569850004 0 
1569850005 0 
1569850006 0 
1569850007 0 
1569850008 0 
1569850009 0 
1569850204 0 
1569850205 0 
1569850206 0 
1569850207 0 
1569850208 0 
1569850209 0 
1569850210 0 
1569850211 0 
1569850212 0 
1569850735 0 
1569850736 1 
1569850737 1 
1569850738 1 
1569850739 1 
1569850740 0 
1569850741 0 
1569850742 0 
1569850743 0 
1569850744 0 
1569851017 0 
1569851018 1 
1569851019 0 
1569851020 0 
1569851021 0 
1569851022 0 
1569851023 0 
1569851024 0 
1569851025 0 
1569851026 0 
1569851223 1 
1569851224 1 
1569851225 0 
1569851226 0 
1569851227 0 
1569851228 0 
1569851229 0 
1569851230 0 
1569851231 0 
1569851232 0 
1569851573 0 
1569851574 0 
1569851575 0 
1569851576 0 
1569851577 0 
1569851578 0 
1569851579 1 
1569851580 1 
1569851581 1 
1569851780 0 
1569851781 1 
1569851782 0 
1569851783 0 
1569851784 0 
1569851785 0 
1569851786 0 
1569851787 0 
1569851788 0 
1569851789 0 
1569851790 0 
1569851791 0 
1569851792 0 
1569851793 0 
1569852009 1 
1569852010 1 
1569852011 1 
1569852012 1 
1569852013 1 
1569852014 0 
1569852015 0 
1569852016 0 
1569852017 0 
1569852239 1 
1569852240 1 
1569852241 0 
1569852242 0 
1569852243 0 
1569852244 0 
1569852245 1 
1569852246 1 
1569852247 1 
1569852476 0 
1569852477 0 
1569852478 0 
1569852479 0 
1569852480 0 
1569852481 0 
1569852482 0 
1569852483 0 
1569852484 0 
1569852485 0 
1569853084 1 
1569853085 1 
1569853086 1 
1569853087 0 
1569853088 2 
1569853089 2 
1569853090 1 
1569853091 0 
1569853092 0 
1569853093 1 
1569853094 1 
1569853398 1 
1569853399 1 
1569853400 2 
1569853401 2 
1569853402 2 
1569853403 1 
1569853404 1 
1569853405 1 
1569853406 0 
1569853407 0 