1575120417 2
1575120418 2
1575120419 2
1575120980 2
1575120981 2
1575120982 2
1575121540 2
1575121541 2
1575121542 2
1575121892 2
1575121893 2
1575121894 2
1575121895 2
1575121896 2
1575121897 2
1575121898 2
1575121899 2
1575121900 2
1575121901 2
1575121902 2
1575121903 2
1575121904 2
1575121905 2
1575121906 2
1575121907 2
1575121908 2
1575121909 2
1575121910 2
1575121911 2
1575121912 2
1575121913 2
1575121914 2
1575121915 2
1575121916 2
1575121917 2
1575121918 2
1575121919 2
1575121920 2
1575121921 2
1575121922 2
1575121923 2
1575121924 2
1575121925 2
1575121926 2
1575121927 2
1575121928 2
1575121929 2
1575121930 2
1575121931 2
1575121932 2
1575121933 2
1575121934 2
1575121935 2
1575121936 2
1575121937 2
1575121938 2
1575121939 2
1575121940 2
1575121941 2
1575121942 2
1575121943 2
1575121944 2
1575121945 2
1575121946 2
1575121947 2
1575121948 2
1575121949 2
1575122603 2
1575122604 2
1575122605 2
1575123160 2
1575123161 2
1575123162 2
1575123719 2
1575123720 2
1575123721 2
1575124276 2
1575124277 3
1575124278 2
1575124843 2
1575124844 2
1575124845 2
1575125401 2
1575125402 2
1575125403 2
1575125970 2
1575125971 2
1575125972 2
