1574950979 2
1574950980 2
1574950981 2
1574950982 2
1574950983 2
1574950984 2
1574951353 2
1574951354 2
1574951355 2
1574951356 2
1574951357 2
1574951358 2
1574951708 2
1574951709 2
1574951710 2
1574951711 2
1574951712 2
1574951713 2
1574952035 2
1574952036 2
1574952037 2
1574952038 2
1574952039 2
1574952040 2
1574952350 2
1574952351 2
1574952352 2
1574952353 2
1574952354 2
1574952355 2
1574952754 2
1574952755 2
1574952756 2
1574952757 2
1574952758 2
1574952759 2
1574953075 2
1574953076 2
1574953077 2
1574953078 2
1574953079 2
1574953080 2
1574953445 2
1574953446 2
1574953447 2
1574953448 2
1574953449 2
1574953770 2
1574953771 2
1574953772 2
1574953773 2
1574953774 2
1574953775 2
1574954097 2
1574954098 2
1574954099 2
1574954100 2
1574954101 2
1574956507 2
1574956508 2
1574956509 2
1574956510 2
1574956511 2
1574956512 2
1574957177 2
1574957178 2
1574957179 2
1574957180 2
1574957181 2
1574957770 2
1574957771 2
1574957772 2
1574957773 2
1574957774 2
1574957775 2
1574958353 2
1574958354 2
1574958355 2
1574958356 2
1574958357 2
1574958358 2
1574958948 2
1574958949 2
1574958950 2
1574958951 2
1574958952 2
1574959557 2
1574959558 2
1574959559 2
1574959560 2
1574959561 2
1574959562 2
1574960134 2
1574960135 2
1574960136 2
1574960137 2
1574960138 2
1574960139 2
1574960721 2
1574960722 2
1574960723 2
1574960724 2
1574960725 2
1574960726 2
1574961387 2
1574961388 2
1574961389 2
1574961390 2
1574961391 2
1574961392 2
1574961956 2
1574961957 2
1574961958 2
1574961959 2
1574961960 2
1574961961 2
