1575028380 2
1575028381 2
1575028382 2
1575028383 2
1575028384 2
1575028385 2
1575028688 2
1575028689 2
1575028690 2
1575028691 2
1575028692 2
1575028693 2
1575029025 2
1575029026 2
1575029027 2
1575029028 2
1575029029 2
1575029030 2
1575029340 2
1575029341 2
1575029342 2
1575029343 2
1575029344 2
1575029345 2
1575029648 2
1575029649 2
1575029650 2
1575029651 2
1575029652 2
1575029653 2
1575029961 2
1575029962 2
1575029963 2
1575029964 2
1575029965 2
1575029966 2
1575030272 2
1575030273 2
1575030274 2
1575030275 2
1575030276 2
1575030277 2
1575030588 2
1575030589 2
1575030590 2
1575030591 2
1575030592 2
1575030593 2
1575030919 2
1575030920 2
1575030921 2
1575030922 2
1575030923 2
1575030924 2
1575031231 2
1575031232 2
1575031233 2
1575031234 2
1575031235 2
1575031236 2
1575033436 2
1575033437 2
1575033438 2
1575033439 2
1575033440 2
1575033441 2
1575034003 2
1575034004 2
1575034005 2
1575034006 2
1575034007 2
1575034008 2
1575034595 2
1575034596 2
1575034597 2
1575034598 2
1575034599 2
1575035167 2
1575035168 2
1575035169 2
1575035170 2
1575035171 2
1575035172 2
1575035731 2
1575035732 2
1575035733 2
1575035734 2
1575035735 2
1575035736 2
1575036767 2
1575036768 2
1575036769 2
1575036770 2
1575036771 2
1575036772 2
1575037328 2
1575037329 2
1575037330 2
1575037331 2
1575037332 2
1575037333 2
1575037885 2
1575037886 2
1575037887 2
1575037888 2
1575037889 2
1575037890 2
1575038896 2
1575038897 2
1575038898 2
1575038899 2
1575038900 2
1575038901 2
1575039462 2
1575039463 2
1575039464 2
1575039465 2
1575039466 2
1575039467 2
