1572363715 2
1572363716 2
1572363717 2
1572363718 2
1572363719 2
1572363720 2
1572364045 2
1572364046 2
1572364047 2
1572364048 2
1572364049 2
1572364050 2
1572364376 2
1572364377 2
1572364378 2
1572364379 2
1572364380 2
1572364381 2
1572364708 2
1572364709 2
1572364710 2
1572364711 2
1572364712 2
1572364713 2
1572364714 2
1572365043 2
1572365044 1
1572365045 1
1572365046 1
1572365047 1
1572365048 1
1572365049 1
1572365050 1
1572365051 2
1572365052 2
1572365053 2
1572365054 2
1572365055 2
1572365380 2
1572365381 2
1572365382 2
1572365383 2
1572365384 2
1572365385 2
1572365758 2
1572365759 2
1572365760 2
1572365761 2
1572365762 2
1572365763 2
1572365764 2
1572366139 2
1572366140 2
1572366141 2
1572366142 2
1572366143 2
1572366144 2
1572366472 2
1572366473 2
1572366474 2
1572366475 2
1572366476 2
1572366477 2
1572366805 2
1572366806 2
1572366807 2
1572366808 2
1572366809 2
1572366810 2
1572369833 2
1572369834 2
1572369835 2
1572369836 2
1572369837 2
1572369838 2
1572369839 2
1572370163 2
1572370164 2
1572370165 2
1572370166 2
1572370167 2
1572370168 2
1572370169 2
1572370494 2
1572370495 2
1572370496 2
1572370497 2
1572370498 2
1572370499 2
1572370500 2
1572370826 2
1572370827 2
1572370828 2
1572370829 2
1572370830 2
1572370831 2
1572371155 2
1572371156 2
1572371157 2
1572371158 2
1572371159 2
1572371160 2
1572371487 2
1572371488 2
1572371489 2
1572371490 2
1572371491 2
1572371492 2
1572371818 2
1572371819 2
1572371820 2
1572371821 2
1572371822 2
1572371823 2
1572372147 2
1572372148 2
1572372149 2
1572372150 2
1572372151 2
1572372152 2
1572372476 2
1572372477 2
1572372478 2
1572372479 2
1572372480 2
1572372481 2
1572372482 2
1572372809 2
1572372810 2
1572372811 2
1572372812 2
1572372813 2
1572372814 2
1572372815 2
