1582886365 2
1582886366 2
1582886367 2
1582886368 2
1582886369 2
1582886370 2
1582886658 2
1582886659 2
1582886660 2
1582886661 2
1582886662 2
1582886663 2
1582886952 2
1582886953 2
1582886954 2
1582886955 2
1582886956 2
1582886957 2
1582887240 2
1582887241 2
1582887242 2
1582887243 2
1582887244 2
1582887245 2
1582887527 2
1582887528 2
1582887529 2
1582887530 2
1582887531 2
1582887532 2
1582887821 2
1582887822 2
1582887823 2
1582887824 2
1582887825 2
1582888106 2
1582888107 2
1582888108 2
1582888109 2
1582888110 2
1582888111 2
1582888112 2
1582888393 2
1582888394 2
1582888395 2
1582888396 2
1582888397 2
1582888398 2
1582888682 2
1582888683 2
1582888684 2
1582888685 2
1582888686 2
1582888687 2
1582889041 2
1582889042 2
1582889043 2
1582889044 2
1582889045 2
1582889046 2
