1575386086 2
1575386087 3
1575386399 2
1575386400 3
1575386710 3
1575386711 5
1575387114 3
1575387115 4
1575387422 3
1575387423 3
1575387734 3
1575388042 4
1575388349 3
1575388350 4
1575388658 3
1575388978 2
1575388979 3
1575390524 3
1575391094 3
1575391095 4
1575391656 3
1575391657 4
1575392468 3
1575393084 3
1575393085 4
1575393667 3
1575393668 4
1575394232 3
1575394794 3
1575394795 4
1575395357 3
1575395358 5
1575395925 4
1575395926 4
1575397259 2
1575397260 3
1575397261 3
1575397262 3
1575397263 3
1575397264 3
1575397265 4
1575397266 4
1575397826 3
1575397827 3
1575397828 3
1575397829 3
1575397830 3
1575397831 3
1575397832 4
1575397868 4
1575397869 4
1575397870 4
1575397871 4
1575397872 4
1575397873 4
1575397874 4
1575397875 4
1575397876 4
1575397877 4
1575397878 4
1575397879 4
1575397880 4
1575397881 4
1575397882 4
1575397883 4
1575397884 4
1575397885 4
1575397886 4
1575397887 4
1575397888 4
1575397889 4
1575397890 4
1575397891 4
1575397892 4
1575397893 4
1575397894 4
1575397895 4
1575397896 4
1575398110 3
1575398111 2
1575398112 3
1575398113 4
1575398114 4
1575398349 2
1575398350 3
1575398351 4
1575398352 4
1575398353 4
1575398576 3
1575398577 3
1575398578 3
1575398579 4
