1575385845 3
1575385846 3
1575385847 4
1575386872 3
1575386873 3
1575386874 3
1575387491 4
1575387492 4
1575387493 4
1575387800 2
1575387801 3
1575387802 4
1575388417 4
1575388418 4
1575388419 4
1575388723 3
1575388724 3
1575388725 4
1575388915 4
1575388916 3
1575388917 2
1575388918 2
1575388919 2
1575388920 3
1575388921 4
1575388922 4
1575388923 5
1575388924 5
1575388925 6
1575388926 5
1575388927 5
1575388928 4
1575388929 4
1575388930 4
1575388931 3
1575388932 3
1575388933 2
1575388934 2
1575388935 2
1575388936 2
1575388937 2
1575388938 2
1575388939 2
1575388940 2
1575388941 2
1575388942 2
1575388943 2
1575388944 2
1575388945 2
1575388946 2
1575388947 2
1575388948 2
1575388949 2
1575388950 2
1575388951 2
1575388952 2
1575388953 2
1575388954 2
1575388955 2
1575388956 2
1575388957 1
1575388958 1
1575388959 1
1575388960 1
1575388961 1
1575388962 1
1575388963 1
1575388964 1
1575388965 1
1575388966 1
1575388967 1
1575388968 1
1575388969 1
1575388970 1
1575388971 2
1575388972 2
1575388973 2
1575388974 2
1575388975 2
1575388976 2
1575388977 2
1575388978 2
1575388979 3
1575388980 4
1575388981 4
1575388982 4
1575388983 4
1575388984 4
1575388985 3
1575388986 3
1575388987 3
1575388988 3
1575388989 3
1575388990 3
1575388991 3
1575388992 3
1575388993 3
1575388994 3
1575388995 3
1575388996 3
1575388997 3
1575388998 3
1575388999 3
1575389000 3
1575389001 3
1575389002 3
1575389003 3
1575389004 3
1575389005 3
1575389006 3
1575389007 3
1575389008 3
1575389009 3
1575389010 3
1575389011 3
1575389012 3
1575389013 3
1575389014 3
1575389015 3
1575389016 3
1575389017 3
1575389018 3
1575389019 3
1575389020 3
1575389021 3
1575389022 3
1575389023 3
1575389024 3
1575389025 3
1575389026 3
1575389027 3
1575389028 3
1575389029 3
1575389030 3
1575389031 3
1575389032 3
1575389033 3
1575389034 3
1575389035 3
1575389036 3
1575389037 3
1575389038 3
1575389039 3
1575389040 4
1575389041 3
1575389042 3
1575389043 3
1575389044 3
1575389045 3
1575389046 3
1575389047 3
1575389048 3
1575389049 3
1575389050 3
1575389051 3
1575389052 3
1575389053 3
1575389054 3
1575389055 3
1575389056 3
1575389057 3
1575389058 3
1575389059 3
1575389060 3
1575389061 3
1575389062 3
1575389063 3
1575389064 3
1575389065 3
1575389066 3
1575389067 3
1575389068 3
1575389069 3
1575389070 3
1575389071 3
1575389072 3
1575389073 3
1575389074 3
1575389075 3
1575389076 3
1575389077 3
1575389078 3
1575389079 3
1575389080 3
1575389081 3
1575389082 3
1575389083 3
1575389084 3
1575389085 3
1575389086 3
1575389087 3
1575389088 3
1575389089 3
1575389090 3
1575389091 3
1575389092 3
1575389093 3
1575389094 3
1575389095 3
1575389096 3
1575389097 3
1575389098 3
1575389099 3
1575389100 3
1575389101 3
1575389102 3
1575389103 3
1575389104 3
1575389105 3
1575389106 3
1575389107 3
1575389108 3
1575389109 3
1575389110 3
1575389111 3
1575389112 3
1575389113 3
1575389114 3
1575389115 2
1575389116 3
1575389117 3
1575389118 3
1575389119 3
1575389120 3
1575389121 3
1575389122 3
1575389123 3
1575389124 3
1575389125 3
1575389126 3
1575389127 3
1575389128 3
1575389129 3
1575389130 3
1575389131 3
1575389132 3
1575389133 3
1575389134 3
1575389135 3
1575389136 3
1575389137 3
1575389138 3
1575389139 3
1575389140 3
1575389141 3
1575389142 3
1575389143 3
1575389144 3
1575389145 3
1575389146 3
1575389147 3
1575389148 3
1575389149 3
1575389150 3
1575389151 3
1575389152 3
1575389153 3
1575389154 3
1575389155 3
1575389156 3
1575389157 3
1575389158 3
1575389159 3
1575389160 3
1575389161 3
1575389162 3
1575389163 3
1575389164 3
1575389165 3
1575389166 3
1575389167 3
1575389168 3
1575389169 3
1575389170 3
1575389171 3
1575389172 3
1575389173 3
1575389174 3
1575389175 3
1575389176 3
1575389177 3
1575389178 3
1575389179 3
1575389180 3
1575389181 3
1575389182 3
1575389183 3
1575389184 3
1575389185 3
1575389186 3
1575389187 3
1575389188 3
1575389189 3
1575389190 3
1575389191 3
1575389192 3
1575389193 3
1575389194 3
1575389195 3
1575389196 3
1575389197 3
1575389198 3
1575389199 3
1575389200 3
1575389201 3
1575389202 3
1575389203 2
1575389204 3
1575389205 3
1575389206 3
1575389207 3
1575389208 3
1575389209 3
1575389210 3
1575389211 3
1575389212 3
1575389213 3
1575389214 3
1575389215 3
1575389216 3
1575389217 3
1575389218 3
1575389219 3
1575389220 3
1575389221 3
1575389222 3
1575389223 3
1575389224 3
1575389225 3
1575389226 3
1575389227 3
1575389228 3
1575389229 3
1575389230 3
1575389231 3
1575389232 3
1575389233 3
1575389234 3
1575389235 3
1575389236 3
1575389237 3
1575389238 3
1575389239 3
1575389240 3
1575389241 3
1575389242 3
1575389243 3
1575389244 3
1575389245 3
1575389246 3
1575389247 3
1575389248 3
1575389249 3
1575389250 3
1575389251 3
1575389252 3
1575389253 3
1575389254 3
1575389255 3
1575389256 3
1575389257 3
1575389258 3
1575389259 3
1575389260 3
1575389261 3
1575389262 3
1575389263 3
1575389264 3
1575389265 3
1575389266 3
1575389267 3
1575389268 3
1575389269 3
1575389270 3
1575389271 3
1575389272 3
1575389273 3
1575389274 3
1575389275 3
1575389276 3
1575389277 3
1575389278 3
1575389279 3
1575389280 3
1575389281 3
1575389282 3
1575389283 3
1575389284 3
1575389285 3
1575389286 3
1575389287 3
1575389288 3
1575389289 3
1575389290 3
1575389291 3
1575389292 3
1575389293 3
1575389294 3
1575389295 3
1575389296 3
1575389297 3
1575389298 3
1575389299 3
1575389300 3
1575389301 3
1575389302 3
1575389303 3
1575389304 3
1575389305 3
1575389306 3
1575389307 3
1575389308 3
1575389309 3
1575389310 3
1575389311 3
1575389312 3
1575389313 3
1575389314 3
1575389315 3
1575389316 3
1575389317 3
1575389318 3
1575389319 3
1575389320 3
1575389321 3
1575389322 3
1575389323 3
1575389324 3
1575389325 3
1575389326 3
1575389327 3
1575389328 3
1575389329 3
1575389330 3
1575389331 3
1575389332 3
1575389333 3
1575389334 3
1575389335 3
1575389336 3
1575389337 3
1575389338 3
1575389339 3
1575389340 3
1575389341 3
1575389342 3
1575389343 3
1575389344 3
1575389345 3
1575389346 3
1575389347 3
1575389348 3
1575389349 3
1575389350 3
1575389351 3
1575389352 3
1575389353 3
1575389354 3
1575389355 3
1575389356 3
1575389357 3
1575389358 3
1575389359 3
1575389360 3
1575389361 3
1575389362 3
1575389363 3
1575389364 3
1575389365 3
1575389366 3
1575389367 3
1575389368 3
1575389369 3
1575389370 3
1575389371 3
1575389372 3
1575389373 3
1575389374 3
1575389375 3
1575389376 3
1575389377 3
1575389378 3
1575389379 3
1575389380 3
1575389381 3
1575389382 3
1575389383 3
1575389384 3
1575389385 3
1575389386 3
1575389387 3
1575389388 3
1575389389 3
1575389390 3
1575389391 3
1575389392 3
1575389393 3
1575389394 3
1575389395 3
1575389396 3
1575389397 3
1575389398 3
1575389399 3
1575389400 3
1575389401 3
1575389402 3
1575389403 3
1575389404 3
1575389405 3
1575389406 3
1575389407 3
1575389408 3
1575389409 3
1575389410 3
1575389411 3
1575389412 3
1575389413 3
1575389414 3
1575389415 3
1575389416 3
1575389417 3
1575389418 3
1575389419 3
1575389420 3
1575389421 3
1575389422 3
1575389423 3
1575389424 3
1575389425 3
1575389426 3
1575389427 3
1575389428 3
1575389429 3
1575389430 3
1575389431 3
1575389432 3
1575389433 3
1575389434 3
1575389435 3
1575389436 3
1575389437 3
1575389438 3
1575389439 3
1575389440 3
1575389441 3
1575389442 3
1575389443 3
1575389444 3
1575389445 3
1575389446 3
1575389447 3
1575389448 3
1575389449 3
1575389450 3
1575389451 3
1575389452 3
1575389453 3
1575389454 3
1575389455 3
1575389456 3
1575389457 3
1575389458 3
1575389459 3
1575389460 3
1575389461 3
1575389462 3
1575389463 3
1575389464 3
1575389465 3
1575389466 3
1575389467 3
1575389468 3
1575389469 3
1575389470 3
1575389471 3
1575389472 3
1575389473 3
1575389474 3
1575389475 3
1575389476 3
1575389477 3
1575389478 3
1575389479 3
1575389480 3
1575389481 3
1575389482 3
1575389483 3
1575389484 3
1575389485 3
1575389486 3
1575389487 3
1575389488 3
1575389489 3
1575389490 3
1575389491 3
1575389492 3
1575389493 3
1575389494 3
1575389495 3
1575389496 3
1575389497 3
1575389498 3
1575389499 3
1575389500 3
1575389501 3
1575389502 3
1575389503 3
1575389504 3
1575389505 3
1575389506 3
1575389507 3
1575389508 3
1575389509 3
1575389510 3
1575389511 3
1575389512 3
1575389513 3
1575389514 3
1575389515 3
1575389516 3
1575389517 3
1575389518 3
1575389519 3
1575389520 3
1575389521 3
1575389522 3
1575389523 3
1575389524 3
1575389525 3
1575389526 3
1575389527 3
1575389528 3
1575389529 4
1575389530 3
1575389531 3
1575389532 2
1575389533 3
1575389534 3
1575389535 3
1575389536 3
1575389537 3
1575389538 3
1575389539 3
1575389540 3
1575389541 3
1575389542 3
1575389543 3
1575389544 3
1575389545 3
1575389546 3
1575389547 3
1575389548 3
1575389549 3
1575389550 3
1575389551 3
1575389552 3
1575389553 3
1575389554 3
1575389555 3
1575389556 3
1575389557 3
1575389558 3
1575389559 3
1575389560 3
1575389561 3
1575389562 3
1575389563 3
1575389564 3
1575389565 3
1575389566 3
1575389567 3
1575389568 3
1575389569 3
1575389570 3
1575389571 3
1575389572 3
1575389573 3
1575389574 3
1575389575 3
1575389576 3
1575389577 3
1575389578 3
1575389579 3
1575389580 3
1575389581 3
1575389582 3
1575389583 3
1575389584 3
1575389585 3
1575389586 3
1575389587 3
1575389588 3
1575389589 3
1575389590 3
1575389591 3
1575389592 3
1575389593 3
1575389594 3
1575389595 3
1575389596 3
1575389597 3
1575389598 3
1575389599 3
1575389600 3
1575389601 3
1575389602 3
1575389603 3
1575389604 3
1575389605 3
1575389606 4
1575389607 3
1575389608 3
1575389609 3
1575389610 3
1575389611 3
1575389612 3
1575389613 3
1575389614 3
1575389615 3
1575389616 3
1575389617 3
1575389618 3
1575389619 3
1575389620 3
1575389621 3
1575389622 3
1575389623 3
1575389624 3
1575389625 3
1575389626 3
1575389627 3
1575389628 3
1575389629 3
1575389630 3
1575389631 3
1575389632 3
1575389633 3
1575389634 3
1575389635 3
1575389636 3
1575389637 3
1575389638 3
1575389639 3
1575389640 3
1575389641 3
1575389642 3
1575389643 3
1575389644 3
1575389645 3
1575389646 3
1575389647 3
1575389648 3
1575389649 3
1575389650 3
1575389651 3
1575389652 3
1575389653 3
1575389654 3
1575389655 3
1575389656 3
1575389657 3
1575389658 3
1575389659 3
1575389660 3
1575389661 3
1575389662 3
1575389663 3
1575389664 3
1575389665 3
1575389666 3
1575389667 3
1575389668 3
1575389669 3
1575389670 3
1575389671 3
1575389672 3
1575389673 3
1575389674 3
1575389675 3
1575389676 3
1575389677 3
1575389678 3
1575389679 3
1575389680 3
1575389681 3
1575389682 3
1575389683 3
1575389684 3
1575389685 3
1575389686 3
1575389687 3
1575389688 3
1575389689 3
1575389690 3
1575389691 3
1575389692 3
1575389693 3
1575389694 3
1575389695 3
1575389696 3
1575389697 3
1575389698 3
1575389699 3
1575389700 3
1575389701 3
1575389702 3
1575389703 3
1575389704 2
1575389705 3
1575389706 3
1575389707 3
1575389708 3
1575389709 3
1575389710 3
1575389711 3
1575389712 3
1575389713 3
1575389714 3
1575389715 3
1575389716 3
1575389717 3
1575389718 3
1575389719 3
1575389720 3
1575389721 3
1575389722 3
1575389723 3
1575389724 3
1575389725 3
1575389726 3
1575389727 3
1575389728 3
1575389729 3
1575389730 3
1575389731 3
1575389732 3
1575389733 3
1575389734 3
1575389735 3
1575389736 3
1575389737 3
1575389738 3
1575389739 3
1575389740 3
1575389741 3
1575389742 3
1575389743 3
1575389744 3
1575389745 3
1575389746 3
1575389747 3
1575389748 3
1575389749 3
1575389750 3
1575389751 3
1575389752 3
1575389753 3
1575389754 3
1575389755 3
1575389756 3
1575389757 3
1575389758 3
1575389759 3
1575389760 3
1575389761 3
1575389762 3
1575389763 3
1575389764 3
1575389765 3
1575389766 3
1575389767 3
1575389768 3
1575389769 3
1575389770 3
1575389771 3
1575389772 3
1575389773 3
1575389774 3
1575389775 3
1575389776 3
1575389777 3
1575389778 3
1575389779 3
1575389780 3
1575389781 3
1575389782 3
1575389783 3
1575389784 3
1575389785 3
1575389786 3
1575389787 3
1575389788 3
1575389789 3
1575389790 3
1575389791 3
1575389792 3
1575389793 3
1575389794 3
1575389795 3
1575389796 3
1575389797 3
1575389798 3
1575389799 3
1575389800 3
1575389801 3
1575389802 3
1575389803 3
1575389804 3
1575389805 3
1575389806 3
1575389807 3
1575389808 3
1575389809 3
1575389810 3
1575389811 3
1575389812 3
1575389813 3
1575389814 3
1575389815 3
1575389816 3
1575389817 3
1575389818 3
1575389819 3
1575389820 3
1575389821 3
1575389822 3
1575389823 3
1575389824 3
1575389825 3
1575389826 3
1575389827 3
1575389828 3
1575389829 3
1575389830 3
1575389831 3
1575389832 3
1575389833 3
1575389834 3
1575389835 3
1575389836 3
1575389837 3
1575389838 3
1575389839 3
1575389840 3
1575389841 3
1575389842 3
1575389843 3
1575389844 3
1575389845 3
1575389846 3
1575389847 3
1575389848 3
1575389849 3
1575389850 3
1575389851 3
1575389852 3
1575389853 3
1575389854 3
1575389855 3
1575389856 3
1575389857 3
1575389858 3
1575389859 3
1575389860 3
1575389861 3
1575389862 3
1575389863 3
1575389864 3
1575389865 3
1575389866 3
1575389867 3
1575389868 3
1575389869 3
1575389870 3
1575389871 3
1575389872 3
1575389873 3
1575389874 3
1575389875 3
1575389876 3
1575389877 3
1575389878 3
1575389879 3
1575389880 3
1575389881 3
1575389882 3
1575389883 3
1575389884 3
1575389885 3
1575389886 3
1575389887 3
1575389888 4
1575389889 3
1575389890 3
1575389891 3
1575389892 3
1575389893 3
1575389894 3
1575389895 3
1575389896 3
1575389897 3
1575389898 3
1575389899 2
1575389900 3
1575389901 3
1575389902 3
1575389903 3
1575389904 3
1575389905 3
1575389906 3
1575389907 3
1575389908 3
1575389909 3
1575389910 3
1575389911 3
1575389912 3
1575389913 3
1575389914 3
1575389915 3
1575389916 3
1575389917 3
1575389918 3
1575389919 3
1575389920 2
1575389921 2
1575389922 4
1575389923 3
1575389924 4
1575389925 3
1575389926 2
1575389927 2
1575389928 2
1575389929 2
1575389930 2
1575389931 2
1575389932 2
1575389933 2
1575389934 2
1575389935 2
1575389936 2
1575389937 2
1575389938 2
1575389939 2
1575389940 2
1575389941 2
1575389942 2
1575389943 2
1575389944 2
1575389945 2
1575389946 2
1575389947 2
1575389948 2
1575389949 2
1575389950 2
1575389951 2
1575389952 2
1575389953 2
1575389954 2
1575389955 2
1575389956 2
1575389957 2
1575389958 2
1575389959 3
1575389960 4
1575389961 3
1575389962 2
1575389963 2
1575389964 2
1575389965 2
1575389966 2
1575389967 2
1575389968 2
1575389969 2
1575389970 2
1575389971 2
1575389972 2
1575389973 3
1575389974 5
1575389975 5
1575389976 4
1575389977 4
1575389978 3
1575389979 3
1575389980 2
1575389981 2
1575389982 3
1575389983 2
1575389984 2
1575389985 2
1575389986 2
1575389987 2
1575389988 2
1575389989 2
1575389990 2
1575389991 2
1575389992 2
1575389993 2
1575389994 2
1575389995 2
1575389996 2
1575389997 2
1575389998 2
1575389999 2
1575390000 2
1575390001 2
1575390002 2
1575390003 2
1575390004 2
1575390005 2
1575390006 2
1575390007 2
1575390008 2
1575390009 2
1575390010 3
1575390011 2
1575390012 3
1575390013 4
1575390014 3
1575390015 2
1575390016 2
1575390017 2
1575390018 3
1575390019 3
1575390020 3
1575391052 4
1575391053 3
1575391054 3
1575391055 2
1575391056 3
1575391057 3
1575391058 4
1575391059 4
1575391060 3
1575391061 3
1575391062 2
1575391063 2
1575391064 2
1575391065 2
1575391066 2
1575391067 2
1575391068 2
1575391069 2
1575391070 2
1575391071 2
1575391072 2
1575391073 2
1575391074 2
1575391075 2
1575391076 2
1575391077 2
1575391078 2
1575391079 2
1575391080 2
1575391081 2
1575391082 2
1575391083 2
1575391084 2
1575391085 2
1575391086 2
1575391087 2
1575391088 2
1575391089 2
1575391090 2
1575391091 2
1575391092 2
1575391093 2
1575391094 3
1575391095 4
1575391096 4
1575391097 5
1575391098 4
1575391099 4
1575391100 4
1575391101 4
1575391102 4
1575391103 4
1575391104 4
1575391105 4
1575391106 3
1575391107 2
1575391108 2
1575391109 4
1575391110 4
1575391111 4
1575391112 4
1575391113 4
1575391114 2
1575391115 2
1575391116 3
1575391117 2
1575391118 2
1575391119 2
1575391120 2
1575391121 2
1575391122 2
1575391123 2
1575391124 2
1575391125 2
1575391126 2
1575391127 2
1575391128 2
1575391129 2
1575391130 2
1575391131 2
1575391132 2
1575391133 2
1575391134 2
1575391135 2
1575391136 2
1575391137 2
1575391138 2
1575391139 2
1575391140 2
1575391141 2
1575391142 2
1575391143 2
1575391144 2
1575391145 2
1575391146 2
1575391147 3
1575391148 4
1575391149 4
1575391150 4
1575391151 3
1575391152 2
1575391153 2
1575391154 3
1575391155 3
1575391156 3
1575393019 3
1575393020 3
1575393021 3
1575393022 4
1575393023 3
1575393024 2
1575393025 2
1575393026 2
1575393027 2
1575393028 2
1575393029 2
1575393030 2
1575393031 3
1575393032 3
1575393033 2
1575393034 2
1575393035 3
1575393036 3
1575393037 2
1575393038 2
1575393039 2
1575393040 2
1575393041 2
1575393042 2
1575393043 2
1575393044 2
1575393045 2
1575393046 2
1575393047 2
1575393048 3
1575393049 4
1575393050 3
1575393051 3
1575393052 2
1575393053 2
1575393054 2
1575393055 2
1575393056 2
1575393057 2
1575393058 2
1575393059 2
1575393060 2
1575393061 2
1575393062 2
1575393063 2
1575393064 2
1575393065 2
1575393066 2
1575393067 2
1575393068 2
1575393069 2
1575393070 2
1575393071 2
1575393072 2
1575393073 2
1575393074 2
1575393075 2
1575393076 2
1575393077 2
1575393078 2
1575393079 2
1575393080 2
1575393081 2
1575393082 2
1575393083 2
1575393084 3
1575393085 4
1575393086 4
1575393087 5
1575393088 4
1575393089 4
1575393090 4
1575393091 3
1575393092 3
1575393093 3
1575393094 3
1575393095 3
1575393096 3
1575393097 3
1575393098 3
1575393099 3
1575393100 3
1575393101 3
1575393102 3
1575393103 3
1575393104 3
1575393105 3
1575393106 2
1575393107 3
1575393108 3
1575393109 3
1575393110 2
1575393111 2
1575393112 2
1575393113 2
1575393114 2
1575393115 2
1575393116 2
1575393117 2
1575393118 2
1575393119 3
1575393120 4
1575393121 4
1575393122 5
1575393123 4
1575393124 4
1575393125 3
1575393126 2
1575393127 2
1575393128 2
1575393129 2
1575393130 2
1575393131 2
1575393132 2
1575393133 2
1575393134 2
1575393135 2
1575393136 2
1575393137 2
1575393138 2
1575393139 2
1575393140 2
1575393141 2
1575393142 2
1575393143 2
1575393144 2
1575393145 2
1575393146 2
1575393147 2
1575393148 2
1575393149 2
1575393150 2
1575393151 2
1575393152 2
1575393153 2
1575393154 2
1575393155 2
1575393156 2
1575393157 2
1575393158 3
1575393159 3
1575393160 4
1575393161 2
1575393162 2
1575393163 2
1575393164 2
1575393165 4
1575393166 3
1575394190 4
1575394191 3
1575394192 3
1575394193 2
1575394194 2
1575394195 2
1575394196 3
1575394197 3
1575394198 3
1575394199 4
1575394200 2
1575394201 2
1575394202 2
1575394203 2
1575394204 2
1575394205 2
1575394206 2
1575394207 2
1575394208 2
1575394209 2
1575394210 2
1575394211 2
1575394212 2
1575394213 2
1575394214 2
1575394215 2
1575394216 2
1575394217 2
1575394218 2
1575394219 2
1575394220 2
1575394221 2
1575394222 2
1575394223 2
1575394224 2
1575394225 2
1575394226 2
1575394227 2
1575394228 2
1575394229 2
1575394230 2
1575394231 2
1575394232 3
1575394233 4
1575394234 4
1575394235 4
1575394236 4
1575394237 4
1575394238 4
1575394239 4
1575394240 4
1575394241 4
1575394242 4
1575394243 4
1575394244 4
1575394245 3
1575394246 2
1575394247 3
1575394248 4
1575394249 4
1575394250 4
1575394251 4
1575394252 4
1575394253 2
1575394254 2
1575394255 2
1575394256 2
1575394257 2
1575394258 2
1575394259 2
1575394260 2
1575394261 2
1575394262 2
1575394263 2
1575394264 2
1575394265 2
1575394266 2
1575394267 2
1575394268 2
1575394269 2
1575394270 2
1575394271 2
1575394272 2
1575394273 2
1575394274 2
1575394275 2
1575394276 2
1575394277 2
1575394278 2
1575394279 2
1575394280 2
1575394281 2
1575394282 2
1575394283 2
1575394284 3
1575394285 3
1575394286 3
1575394287 4
1575394288 4
1575394289 5
1575394290 4
1575394291 5
1575394292 2
1575394293 3
1575394294 4
1575394295 3
1575394296 3
