1579354111 3
1579354112 3
1579354113 3
1579354727 2
1579354728 3
1579354729 3
1579355038 2
1579355039 3
1579355345 2
1579355346 4
1579355347 3
1579355655 2
1579355656 3
1579355657 3
1579355965 2
1579355966 3
1579356269 2
1579356270 4
1579356271 3
1579356576 2
1579356577 4
1579356578 3
1579356882 2
1579356883 3
1579356884 3
1579359738 4
1579359739 4
1579359740 3
1579359741 3
1579359742 2
1579359743 3
1579359744 4
1579359745 4
1579359746 3
1579359747 4
1579359748 2
1579359749 2
1579359750 2
1579359751 2
1579359752 2
1579359753 2
1579359754 2
1579359755 2
1579359756 2
1579359757 2
1579359758 2
1579359759 2
1579359760 2
1579359761 2
1579359762 2
1579359763 2
1579359764 2
1579359765 2
1579359766 2
1579359767 2
1579359768 2
1579359769 2
1579359770 2
1579359771 2
1579359772 2
1579359773 2
1579359774 2
1579359775 2
1579359776 2
1579359777 2
1579359778 2
1579359779 2
1579359780 3
1579359781 4
1579359782 3
1579359783 4
1579359784 4
1579359785 4
1579359786 3
1579359787 3
1579359788 3
1579359789 3
1579359790 3
1579359791 3
1579359792 3
1579359793 3
1579359794 3
1579359795 3
1579359796 3
1579359797 3
1579359798 3
1579359799 3
1579359800 3
1579359801 3
1579359802 3
1579359803 3
1579359804 3
1579359805 3
1579359806 3
1579359807 3
1579359808 3
1579359809 3
1579359810 4
1579359811 4
1579359812 4
1579359813 3
1579359814 3
1579359815 4
1579359816 2
1579359817 2
1579359818 2
1579359819 2
1579359820 2
1579359821 2
1579359822 2
1579359823 2
1579359824 2
1579359825 2
1579359826 2
1579359827 2
1579359828 2
1579359829 2
1579359830 2
1579359831 2
1579359832 2
1579359833 2
1579359834 2
1579359835 2
1579359836 2
1579359837 2
1579359838 2
1579359839 2
1579359840 2
1579359841 2
1579359842 2
1579359843 2
1579359844 2
1579359845 2
1579359846 2
1579359847 3
1579359848 3
1579359849 3
1579359850 3
1579359851 2
1579359852 2
1579359853 2
1579359854 2
1579359855 3
1579359856 3
1579360317 5
1579360318 4
1579360319 3
1579360320 3
1579360321 3
1579360322 4
1579360323 4
1579360324 3
1579360325 3
1579360326 3
1579360327 2
1579360328 2
1579360329 2
1579360330 2
1579360331 2
1579360332 2
1579360333 2
1579360334 2
1579360335 2
1579360336 2
1579360337 2
1579360338 2
1579360339 2
1579360340 2
1579360341 2
1579360342 2
1579360343 2
1579360344 2
1579360345 2
1579360346 2
1579360347 2
1579360348 2
1579360349 2
1579360350 2
1579360351 2
1579360352 2
1579360353 2
1579360354 2
1579360355 2
1579360356 2
1579360357 2
1579360358 3
1579360359 4
1579360360 4
1579360361 4
1579360362 4
1579360363 4
1579360364 4
1579360365 3
1579360366 3
1579360367 3
1579360368 3
1579360369 3
1579360370 3
1579360371 3
1579360372 3
1579360373 3
1579360374 4
1579360375 4
1579360376 4
1579360377 4
1579360378 3
1579360379 3
1579360380 2
1579360381 2
1579360382 2
1579360383 2
1579360384 2
1579360385 2
1579360386 2
1579360387 2
1579360388 2
1579360389 2
1579360390 2
1579360391 2
1579360392 2
1579360393 2
1579360394 2
1579360395 2
1579360396 2
1579360397 2
1579360398 2
1579360399 2
1579360400 2
1579360401 2
1579360402 2
1579360403 2
1579360404 2
1579360405 2
1579360406 2
1579360407 2
1579360408 2
1579360409 2
1579360410 4
1579360411 3
1579360412 3
1579360413 3
1579360414 3
1579360415 2
1579360416 2
1579360417 2
1579360418 3
1579360419 3
1579360420 3
1579360875 3
1579360876 3
1579360877 2
1579360878 2
1579360879 2
1579360880 2
1579360881 3
1579360882 4
1579360883 3
1579360884 3
1579360885 3
1579360886 3
1579360887 2
1579360888 2
1579360889 2
1579360890 2
1579360891 2
1579360892 2
1579360893 2
1579360894 2
1579360895 2
1579360896 2
1579360897 2
1579360898 2
1579360899 2
1579360900 2
1579360901 2
1579360902 2
1579360903 2
1579360904 2
1579360905 2
1579360906 2
1579360907 2
1579360908 2
1579360909 2
1579360910 2
1579360911 2
1579360912 2
1579360913 2
1579360914 2
1579360915 2
1579360916 2
1579360917 3
1579360918 4
1579360919 4
1579360920 4
1579360921 4
1579360922 4
1579360923 4
1579360924 3
1579360925 3
1579360926 3
1579360927 3
1579360928 3
1579360929 3
1579360930 3
1579360931 3
1579360932 4
1579360933 5
1579360934 4
1579360935 4
1579360936 3
1579360937 3
1579360938 2
1579360939 2
1579360940 2
1579360941 2
1579360942 2
1579360943 2
1579360944 2
1579360945 2
1579360946 2
1579360947 2
1579360948 2
1579360949 2
1579360950 2
1579360951 2
1579360952 2
1579360953 2
1579360954 2
1579360955 2
1579360956 2
1579360957 2
1579360958 2
1579360959 2
1579360960 2
1579360961 2
1579360962 2
1579360963 2
1579360964 2
1579360965 2
1579360966 2
1579360967 2
1579360968 2
1579360969 3
1579360970 3
1579360971 3
1579360972 3
1579360973 3
1579360974 2
1579360975 2
1579360976 4
1579360977 3
1579361430 3
1579361431 3
1579361432 2
1579361433 2
1579361434 2
1579361435 2
1579361436 3
1579361437 3
1579361438 3
1579361439 3
1579361440 2
1579361441 2
1579361442 2
1579361443 2
1579361444 2
1579361445 2
1579361446 2
1579361447 2
1579361448 2
1579361449 2
1579361450 2
1579361451 2
1579361452 2
1579361453 2
1579361454 2
1579361455 2
1579361456 2
1579361457 2
1579361458 2
1579361459 2
1579361460 2
1579361461 2
1579361462 2
1579361463 2
1579361464 2
1579361465 2
1579361466 2
1579361467 2
1579361468 2
1579361469 2
1579361470 2
1579361471 3
1579361472 4
1579361473 4
1579361474 4
1579361475 4
1579361476 4
1579361477 4
1579361478 4
1579361479 3
1579361480 3
1579361481 3
1579361482 3
1579361483 3
1579361484 3
1579361485 3
1579361486 3
1579361487 3
1579361488 4
1579361489 5
1579361490 4
1579361491 4
1579361492 3
1579361493 3
1579361494 2
1579361495 2
1579361496 2
1579361497 2
1579361498 2
1579361499 2
1579361500 2
1579361501 2
1579361502 2
1579361503 2
1579361504 2
1579361505 2
1579361506 2
1579361507 2
1579361508 2
1579361509 2
1579361510 2
1579361511 2
1579361512 2
1579361513 2
1579361514 2
1579361515 2
1579361516 2
1579361517 2
1579361518 2
1579361519 2
1579361520 2
1579361521 2
1579361522 2
1579361523 2
1579361524 4
1579361525 2
1579361526 3
1579361527 3
1579361528 3
1579361529 3
1579361530 2
1579361531 2
1579361532 2
1579361533 3
1579361534 3
1579361985 4
1579361986 3
1579361987 2
1579361988 2
1579361989 2
1579361990 3
1579361991 4
1579361992 4
1579361993 4
1579361994 4
1579361995 3
1579361996 2
1579361997 2
1579361998 2
1579361999 2
1579362000 2
1579362001 2
1579362002 2
1579362003 2
1579362004 2
1579362005 2
1579362006 2
1579362007 2
1579362008 2
1579362009 2
1579362010 2
1579362011 2
1579362012 2
1579362013 2
1579362014 2
1579362015 2
1579362016 2
1579362017 2
1579362018 2
1579362019 2
1579362020 2
1579362021 2
1579362022 2
1579362023 2
1579362024 2
1579362025 2
1579362026 2
1579362027 5
1579362028 4
1579362029 4
1579362030 4
1579362031 4
1579362032 4
1579362033 4
1579362034 4
1579362035 4
1579362036 4
1579362037 3
1579362038 3
1579362039 2
1579362040 2
1579362041 3
1579362042 4
1579362043 4
1579362044 4
1579362045 4
1579362046 3
1579362047 2
1579362048 2
1579362049 2
1579362050 2
1579362051 2
1579362052 2
1579362053 2
1579362054 2
1579362055 2
1579362056 2
1579362057 2
1579362058 2
1579362059 2
1579362060 2
1579362061 2
1579362062 2
1579362063 2
1579362064 2
1579362065 2
1579362066 2
1579362067 2
1579362068 2
1579362069 2
1579362070 2
1579362071 2
1579362072 2
1579362073 2
1579362074 2
1579362075 2
1579362076 2
1579362077 2
1579362078 4
1579362079 3
1579362080 3
1579362081 3
1579362082 3
1579362083 3
1579362084 2
1579362085 2
1579362086 3
1579362087 3
1579363099 3
1579363100 3
1579363101 3
1579363102 2
1579363103 3
1579363104 3
1579363105 4
1579363106 4
1579363107 3
1579363108 2
1579363109 2
1579363110 2
1579363111 2
1579363112 2
1579363113 3
1579363114 2
1579363115 2
1579363116 2
1579363117 2
1579363118 2
1579363119 2
1579363120 2
1579363121 2
1579363122 2
1579363123 2
1579363124 2
1579363125 2
1579363126 2
1579363127 2
1579363128 2
1579363129 2
1579363130 2
1579363131 2
1579363132 2
1579363133 2
1579363134 2
1579363135 2
1579363136 2
1579363137 2
1579363138 2
1579363139 2
1579363140 2
1579363141 2
1579363142 3
1579363143 4
1579363144 4
1579363145 4
1579363146 4
1579363147 4
1579363148 4
1579363149 4
1579363150 4
1579363151 4
1579363152 4
1579363153 4
1579363154 3
1579363155 2
1579363156 2
1579363157 4
1579363158 5
1579363159 4
1579363160 4
1579363161 4
1579363162 3
1579363163 2
1579363164 2
1579363165 2
1579363166 2
1579363167 2
1579363168 2
1579363169 2
1579363170 2
1579363171 2
1579363172 2
1579363173 2
1579363174 2
1579363175 2
1579363176 2
1579363177 2
1579363178 2
1579363179 2
1579363180 2
1579363181 2
1579363182 2
1579363183 2
1579363184 2
1579363185 2
1579363186 2
1579363187 2
1579363188 2
1579363189 2
1579363190 2
1579363191 2
1579363192 2
1579363193 2
1579363194 2
1579363195 2
1579363196 3
1579363197 3
1579363198 3
1579363199 3
1579363200 3
1579363201 2
1579363202 2
1579363203 4
1579363204 3
1579364231 4
1579364232 3
1579364233 3
1579364234 2
1579364235 2
1579364236 3
1579364237 4
1579364238 3
1579364239 3
1579364240 2
1579364241 2
1579364242 2
1579364243 2
1579364244 2
1579364245 2
1579364246 2
1579364247 2
1579364248 2
1579364249 2
1579364250 2
1579364251 2
1579364252 2
1579364253 2
1579364254 2
1579364255 2
1579364256 2
1579364257 2
1579364258 2
1579364259 2
1579364260 2
1579364261 2
1579364262 2
1579364263 2
1579364264 2
1579364265 2
1579364266 2
1579364267 2
1579364268 2
1579364269 2
1579364270 2
1579364271 2
1579364272 3
1579364273 4
1579364274 4
1579364275 4
1579364276 4
1579364277 4
1579364278 4
1579364279 4
1579364280 4
1579364281 4
1579364282 4
1579364283 4
1579364284 3
1579364285 2
1579364286 3
1579364287 4
1579364288 4
1579364289 4
1579364290 4
1579364291 4
1579364292 2
1579364293 2
1579364294 3
1579364295 2
1579364296 2
1579364297 2
1579364298 2
1579364299 2
1579364300 2
1579364301 2
1579364302 2
1579364303 2
1579364304 2
1579364305 2
1579364306 2
1579364307 2
1579364308 2
1579364309 2
1579364310 2
1579364311 2
1579364312 2
1579364313 2
1579364314 2
1579364315 2
1579364316 2
1579364317 2
1579364318 2
1579364319 2
1579364320 2
1579364321 2
1579364322 2
1579364323 2
1579364324 2
1579364325 3
1579364326 3
1579364327 3
1579364328 3
1579364329 2
1579364330 2
1579364331 2
1579364332 3
1579364333 3
