1579524708 2
1579524709 3
1579525382 2
1579525383 2
1579525384 3
1579525385 3
1579525773 2
1579525774 3
1579526098 2
1579526099 3
1579526100 3
1579528394 2
1579528395 3
1579528755 2
1579528756 3
1579528757 3
1579529198 2
1579529199 3
1579529200 3
1579529542 2
1579529543 4
1579529544 4
1579529854 2
1579529855 3
1579529856 3
1579530051 3
1579530052 3
1579530053 2
1579530054 2
1579530055 3
1579530056 3
1579530057 3
1579530058 3
1579530059 3
1579530060 3
1579530061 3
1579530062 4
1579530063 5
1579530064 5
1579530065 5
1579530066 3
1579530067 2
1579530068 2
1579530069 2
1579530070 2
1579530071 2
1579530072 2
1579530073 2
1579530074 2
1579530075 2
1579530076 2
1579530077 2
1579530078 2
1579530079 2
1579530080 2
1579530081 2
1579530082 2
1579530083 2
1579530084 2
1579530085 2
1579530086 2
1579530087 2
1579530088 2
1579530089 2
1579530090 2
1579530091 2
1579530092 2
1579530093 2
1579530094 2
1579530095 2
1579530096 2
1579530097 2
1579530098 3
1579530099 4
1579530100 4
1579530101 4
1579530102 4
1579530103 4
1579530104 4
1579530105 4
1579530106 3
1579530107 3
1579530108 3
1579530109 3
1579530110 3
1579530111 3
1579530112 3
1579530113 3
1579530114 3
1579530115 3
1579530116 3
1579530117 3
1579530118 3
1579530119 3
1579530120 3
1579530121 3
1579530122 3
1579530123 3
1579530124 3
1579530125 3
1579530126 3
1579530127 3
1579530128 3
1579530129 3
1579530130 3
1579530131 3
1579530132 3
1579530133 3
1579530134 3
1579530135 3
1579530136 3
1579530137 3
1579530138 3
1579530139 3
1579530140 3
1579530141 3
1579530142 3
1579530143 3
1579530144 3
1579530145 3
1579530146 3
1579530147 3
1579530148 3
1579530149 3
1579530150 3
1579530151 3
1579530152 3
1579530153 3
1579530154 3
1579530155 3
1579530156 3
1579530157 3
1579530158 3
1579530159 3
1579530160 3
1579530161 3
1579530162 3
1579530163 3
1579530164 3
1579530165 3
1579530166 3
1579530167 3
1579530168 3
1579530169 3
1579530170 3
1579530171 3
1579530172 3
1579530173 3
1579530174 3
1579530175 3
1579530176 3
1579530177 3
1579530178 3
1579530179 3
1579530180 3
1579530181 3
1579530182 3
1579530183 3
1579530184 3
1579530185 3
1579530186 3
1579530187 3
1579530188 3
1579530189 3
1579530190 3
1579530191 3
1579530192 3
1579530193 3
1579530194 3
1579530195 3
1579530196 2
1579530197 3
1579530198 3
1579530199 3
1579530200 3
1579530201 2
1579530202 3
1579530203 4
1579530204 5
1579530205 4
1579530206 4
1579530207 3
1579530208 3
1579530209 2
1579530210 2
1579530211 3
1579530212 2
1579530213 2
1579530214 2
1579530215 2
1579530216 2
1579530217 2
1579530218 2
1579530219 2
1579530220 2
1579530221 2
1579530222 2
1579530223 2
1579530224 2
1579530225 2
1579530226 2
1579530227 2
1579530228 2
1579530229 2
1579530230 2
1579530231 2
1579530232 2
1579530233 2
1579530234 2
1579530235 2
1579530236 2
1579530237 2
1579530238 2
1579530239 2
1579530240 3
1579530241 4
1579530242 4
1579530243 4
1579530244 3
1579530245 3
1579530246 2
1579530247 2
1579530248 3
1579530249 3
1579530784 4
1579530785 4
1579530786 2
1579530787 2
1579530788 3
1579530789 2
1579530790 3
1579530791 4
1579530792 4
1579530793 4
1579530794 4
1579530795 3
1579530796 3
1579530797 2
1579530798 2
1579530799 2
1579530800 2
1579530801 2
1579530802 2
1579530803 2
1579530804 2
1579530805 2
1579530806 2
1579530807 2
1579530808 2
1579530809 2
1579530810 2
1579530811 2
1579530812 2
1579530813 2
1579530814 2
1579530815 2
1579530816 2
1579530817 2
1579530818 2
1579530819 2
1579530820 2
1579530821 2
1579530822 2
1579530823 2
1579530824 2
1579530825 2
1579530826 3
1579530827 4
1579530828 4
1579530829 4
1579530830 4
1579530831 4
1579530832 3
1579530833 3
1579530834 3
1579530835 3
1579530836 3
1579530837 3
1579530838 3
1579530839 3
1579530840 3
1579530841 5
1579530842 6
1579530843 4
1579530844 4
1579530845 3
1579530846 3
1579530847 2
1579530848 2
1579530849 2
1579530850 2
1579530851 2
1579530852 2
1579530853 2
1579530854 2
1579530855 2
1579530856 2
1579530857 2
1579530858 2
1579530859 2
1579530860 2
1579530861 2
1579530862 2
1579530863 2
1579530864 2
1579530865 2
1579530866 2
1579530867 2
1579530868 2
1579530869 1
1579530870 1
1579530871 1
1579530872 1
1579530873 1
1579530874 1
1579530875 1
1579530876 1
1579530877 2
1579530878 2
1579530879 2
1579530880 2
1579530881 2
1579530882 2
1579530883 2
1579530884 2
1579530885 2
1579530886 2
1579530887 4
1579530888 3
1579530889 3
1579530890 3
1579530891 3
1579530892 2
1579530893 2
1579530894 2
1579530895 2
1579530896 3
1579533104 3
1579533105 3
1579533106 2
1579533107 2
1579533108 2
1579533109 2
1579533110 3
1579533111 3
1579533112 3
1579533113 3
1579533114 2
1579533115 2
1579533116 2
1579533117 2
1579533118 2
1579533119 2
1579533120 2
1579533121 2
1579533122 2
1579533123 2
1579533124 2
1579533125 2
1579533126 2
1579533127 2
1579533128 2
1579533129 2
1579533130 2
1579533131 2
1579533132 2
1579533133 2
1579533134 2
1579533135 2
1579533136 2
1579533137 2
1579533138 2
1579533139 2
1579533140 2
1579533141 2
1579533142 2
1579533143 2
1579533144 2
1579533145 2
1579533146 2
1579533147 2
1579533148 2
1579533149 2
1579533150 2
1579533151 2
1579533152 2
1579533153 2
1579533154 2
1579533155 2
1579533156 2
1579533157 2
1579533158 2
1579533159 2
1579533160 2
1579533161 2
1579533162 2
1579533163 2
1579533164 2
1579533165 2
1579533166 2
1579533167 2
1579533168 2
1579533169 2
1579533170 2
1579533171 2
1579533172 2
1579533173 2
1579533174 2
1579533175 2
1579533176 2
1579533177 2
1579533178 2
1579533179 2
1579533180 2
1579533181 2
1579533182 2
1579533183 2
1579533184 2
1579533185 2
1579533186 2
1579533187 2
1579533188 2
1579533189 2
1579533190 2
1579533191 2
1579533192 2
1579533193 2
1579533194 2
1579533195 2
1579533196 2
1579533197 2
1579533198 2
1579533199 2
1579533200 2
1579533201 2
1579533202 2
1579533203 2
1579533204 2
1579533205 2
1579533206 2
1579533207 2
1579533208 2
1579533209 2
1579533210 2
1579533211 2
1579533212 2
1579533213 3
1579533214 4
1579533215 4
1579533216 4
1579533217 4
1579533218 4
1579533219 4
1579533220 3
1579533221 3
1579533222 3
1579533223 3
1579533224 3
1579533225 3
1579533226 3
1579533227 3
1579533228 3
1579533229 4
1579533230 4
1579533231 4
1579533232 3
1579533233 3
1579533234 2
1579533235 2
1579533236 3
1579533237 2
1579533238 2
1579533239 2
1579533240 2
1579533241 2
1579533242 2
1579533243 2
1579533244 2
1579533245 2
1579533246 2
1579533247 2
1579533248 2
1579533249 2
1579533250 2
1579533251 2
1579533252 2
1579533253 2
1579533254 2
1579533255 2
1579533256 2
1579533257 2
1579533258 2
1579533259 2
1579533260 2
1579533261 2
1579533262 2
1579533263 2
1579533264 2
1579533265 2
1579533266 2
1579533267 2
1579533268 2
1579533269 2
1579533270 2
1579533271 2
1579533272 2
1579533273 2
1579533274 2
1579533275 2
1579533276 2
1579533277 2
1579533278 2
1579533279 2
1579533280 2
1579533281 2
1579533282 2
1579533283 2
1579533284 2
1579533285 2
1579533286 3
1579533287 3
1579533288 3
1579533289 3
1579533290 2
1579533291 3
1579533292 2
1579533293 3
1579533294 3
1579533764 4
1579533765 3
1579533766 2
1579533767 2
1579533768 2
1579533769 2
1579533770 3
1579533771 4
1579533772 3
1579533773 3
1579533774 2
1579533775 2
1579533776 2
1579533777 2
1579533778 2
1579533779 2
1579533780 2
1579533781 2
1579533782 2
1579533783 2
1579533784 2
1579533785 2
1579533786 2
1579533787 2
1579533788 2
1579533789 2
1579533790 2
1579533791 2
1579533792 2
1579533793 2
1579533794 2
1579533795 2
1579533796 2
1579533797 2
1579533798 2
1579533799 2
1579533800 2
1579533801 2
1579533802 2
1579533803 2
1579533804 2
1579533805 2
1579533806 3
1579533807 4
1579533808 4
1579533809 4
1579533810 4
1579533811 4
1579533812 4
1579533813 4
1579533814 4
1579533815 4
1579533816 4
1579533817 4
1579533818 4
1579533819 3
1579533820 2
1579533821 2
1579533822 3
1579533823 4
1579533824 4
1579533825 4
1579533826 4
1579533827 2
1579533828 2
1579533829 2
1579533830 2
1579533831 2
1579533832 2
1579533833 2
1579533834 2
1579533835 2
1579533836 2
1579533837 2
1579533838 2
1579533839 2
1579533840 2
1579533841 2
1579533842 2
1579533843 2
1579533844 2
1579533845 2
1579533846 2
1579533847 2
1579533848 2
1579533849 2
1579533850 2
1579533851 2
1579533852 2
1579533853 2
1579533854 2
1579533855 2
1579533856 2
1579533857 2
1579533858 2
1579533859 2
1579533860 2
1579533861 2
1579533862 2
1579533863 2
1579533864 2
1579533865 2
1579533866 2
1579533867 2
1579533868 2
1579533869 2
1579533870 2
1579533871 2
1579533872 3
1579533873 2
1579533874 2
1579533875 2
1579533876 2
1579533877 2
1579533878 2
1579533879 2
1579533880 2
1579533881 2
1579533882 2
1579533883 2
1579533884 2
1579533885 2
1579533886 2
1579533887 2
1579533888 2
1579533889 2
1579533890 2
1579533891 2
1579533892 2
1579533893 2
1579533894 2
1579533895 2
1579533896 2
1579533897 2
1579533898 2
1579533899 3
1579533900 3
1579533901 3
1579533902 3
1579533903 3
1579533904 2
1579533905 2
1579533906 4
1579533907 3
1579534409 3
1579534410 3
1579534411 2
1579534412 3
1579534413 2
1579534414 4
1579534415 4
1579534416 5
1579534417 5
1579534418 3
1579534419 2
1579534420 2
1579534421 2
1579534422 2
1579534423 2
1579534424 2
1579534425 2
1579534426 2
1579534427 2
1579534428 2
1579534429 2
1579534430 2
1579534431 2
1579534432 2
1579534433 2
1579534434 2
1579534435 2
1579534436 2
1579534437 2
1579534438 2
1579534439 2
1579534440 2
1579534441 2
1579534442 2
1579534443 2
1579534444 2
1579534445 2
1579534446 2
1579534447 2
1579534448 2
1579534449 2
1579534450 3
1579534451 4
1579534452 4
1579534453 4
1579534454 4
1579534455 4
1579534456 4
1579534457 4
1579534458 4
1579534459 4
1579534460 4
1579534461 4
1579534462 3
1579534463 3
1579534464 3
1579534465 4
1579534466 4
1579534467 4
1579534468 4
1579534469 4
1579534470 2
1579534471 2
1579534472 2
1579534473 2
1579534474 2
1579534475 2
1579534476 2
1579534477 2
1579534478 2
1579534479 2
1579534480 2
1579534481 2
1579534482 2
1579534483 2
1579534484 2
1579534485 2
1579534486 2
1579534487 2
1579534488 2
1579534489 2
1579534490 2
1579534491 2
1579534492 2
1579534493 2
1579534494 2
1579534495 2
1579534496 2
1579534497 2
1579534498 2
1579534499 2
1579534500 2
1579534501 2
1579534502 2
1579534503 2
1579534504 2
1579534505 2
1579534506 2
1579534507 2
1579534508 2
1579534509 2
1579534510 2
1579534511 2
1579534512 2
1579534513 2
1579534514 2
1579534515 2
1579534516 2
1579534517 2
1579534518 2
1579534519 2
1579534520 2
1579534521 2
1579534522 2
1579534523 2
1579534524 2
1579534525 2
1579534526 2
1579534527 2
1579534528 2
1579534529 2
1579534530 2
1579534531 2
1579534532 2
1579534533 2
1579534534 2
1579534535 2
1579534536 2
1579534537 2
1579534538 2
1579534539 2
1579534540 2
1579534541 2
1579534542 2
1579534543 2
1579534544 2
1579534545 2
1579534546 2
1579534547 2
1579534548 2
1579534549 2
1579534550 2
1579534551 2
1579534552 2
1579534553 2
1579534554 2
1579534555 2
1579534556 2
1579534557 2
1579534558 2
1579534559 2
1579534560 2
1579534561 3
1579534562 3
1579534563 3
1579534564 3
1579534565 2
1579534566 2
1579534567 2
1579534568 3
1579534569 3
1579535081 3
1579535082 3
1579535083 3
1579535084 2
1579535085 2
1579535086 2
1579535087 3
1579535088 3
1579535089 3
1579535090 2
1579535091 2
1579535092 2
1579535093 2
1579535094 2
1579535095 2
1579535096 2
1579535097 2
1579535098 2
1579535099 2
1579535100 2
1579535101 2
1579535102 2
1579535103 2
1579535104 2
1579535105 2
1579535106 2
1579535107 2
1579535108 2
1579535109 2
1579535110 2
1579535111 2
1579535112 2
1579535113 2
1579535114 2
1579535115 2
1579535116 2
1579535117 2
1579535118 3
1579535119 3
1579535120 2
1579535121 2
1579535122 2
1579535123 3
1579535124 4
1579535125 4
1579535126 4
1579535127 4
1579535128 4
1579535129 4
1579535130 4
1579535131 4
1579535132 4
1579535133 4
1579535134 3
1579535135 2
1579535136 2
1579535137 3
1579535138 4
1579535139 4
1579535140 4
1579535141 4
1579535142 4
1579535143 3
1579535144 2
1579535145 2
1579535146 2
1579535147 2
1579535148 2
1579535149 2
1579535150 2
1579535151 2
1579535152 2
1579535153 2
1579535154 2
1579535155 2
1579535156 2
1579535157 2
1579535158 2
1579535159 2
1579535160 2
1579535161 2
1579535162 2
1579535163 2
1579535164 2
1579535165 2
1579535166 2
1579535167 2
1579535168 2
1579535169 2
1579535170 2
1579535171 2
1579535172 2
1579535173 2
1579535174 2
1579535175 2
1579535176 2
1579535177 2
1579535178 2
1579535179 2
1579535180 2
1579535181 2
1579535182 2
1579535183 2
1579535184 2
1579535185 2
1579535186 2
1579535187 2
1579535188 2
1579535189 2
1579535190 2
1579535191 2
1579535192 2
1579535193 2
1579535194 4
1579535195 3
1579535196 3
1579535197 3
1579535198 3
1579535199 2
1579535200 2
1579535201 2
1579535202 2
1579535203 4
1579535669 4
1579535670 3
1579535671 3
1579535672 4
1579535673 3
1579535674 2
1579535675 3
1579535676 3
1579535677 4
1579535678 3
1579535679 2
1579535680 2
1579535681 2
1579535682 2
1579535683 2
1579535684 2
1579535685 2
1579535686 2
1579535687 2
1579535688 2
1579535689 2
1579535690 2
1579535691 2
1579535692 2
1579535693 2
1579535694 2
1579535695 2
1579535696 2
1579535697 2
1579535698 2
1579535699 2
1579535700 2
1579535701 2
1579535702 2
1579535703 2
1579535704 2
1579535705 2
1579535706 2
1579535707 2
1579535708 2
1579535709 2
1579535710 3
1579535711 4
1579535712 4
1579535713 4
1579535714 4
1579535715 4
1579535716 4
1579535717 4
1579535718 4
1579535719 4
1579535720 4
1579535721 4
1579535722 3
1579535723 3
1579535724 3
1579535725 4
1579535726 4
1579535727 4
1579535728 4
1579535729 4
1579535730 2
1579535731 2
1579535732 2
1579535733 2
1579535734 2
1579535735 2
1579535736 2
1579535737 2
1579535738 2
1579535739 2
1579535740 2
1579535741 2
1579535742 2
1579535743 2
1579535744 2
1579535745 2
1579535746 2
1579535747 2
1579535748 2
1579535749 2
1579535750 2
1579535751 2
1579535752 2
1579535753 2
1579535754 2
1579535755 2
1579535756 2
1579535757 2
1579535758 2
1579535759 2
1579535760 2
1579535761 2
1579535762 2
1579535763 2
1579535764 2
1579535765 2
1579535766 2
1579535767 2
1579535768 2
1579535769 2
1579535770 2
1579535771 2
1579535772 2
1579535773 2
1579535774 2
1579535775 2
1579535776 2
1579535777 2
1579535778 2
1579535779 2
1579535780 2
1579535781 2
1579535782 2
1579535783 2
1579535784 2
1579535785 2
1579535786 2
1579535787 2
1579535788 2
1579535789 2
1579535790 2
1579535791 2
1579535792 3
1579535793 3
1579535794 3
1579535795 2
1579535796 2
1579535797 2
1579535798 2
1579535799 3
1579535800 4
1579536851 2
1579536852 3
1579536853 3
