1572532329 2
1572532330 2
1572532331 2
1572532332 2
1572532333 2
1572532334 2
1572532531 2
1572532532 2
1572532533 2
1572532534 2
1572532535 2
1572532736 2
1572532737 2
1572532738 2
1572532739 2
1572532740 2
1572532741 2
1572533522 2
1572533523 2
1572533524 2
1572533525 2
1572533526 2
1572533860 2
1572533861 2
1572533862 2
1572533863 2
1572534214 2
1572534215 2
1572534216 2
1572534217 2
1572534561 2
1572534562 2
1572534563 2
1572534564 2
1572534565 2
1572534893 2
1572534894 2
1572534895 2
1572534896 2
1572535241 2
1572535242 2
1572535243 2
1572535244 2
1572535245 2
1572535572 2
1572535573 2
1572535574 2
1572535575 2
1572535576 2
1572535908 2
1572535909 2
1572535910 2
1572535911 2
1572536239 2
1572536240 2
1572536241 2
1572536242 2
1572536602 2
1572536603 2
1572536604 2
1572536605 2
1572536606 2
1572537205 2
1572537206 2
1572537207 3
1572537208 2
1572537209 2
1572537860 3
1572537861 2
1572537862 2
1572537863 2
1572538512 2
1572538513 2
1572538514 2
1572538515 2
1572538516 2
1572539169 3
1572539170 2
1572539171 2
1572539172 2
1572539821 3
1572539822 2
1572539823 2
1572539824 2
1572539825 2
1572540728 3
1572540729 2
1572540730 2
1572540731 2
1572541381 3
1572541382 2
1572541383 2
1572541384 2
1572541385 2
1572542030 2
1572542031 2
1572542032 2
1572542033 2
1572542034 2
1572542677 2
1572542678 2
1572542679 2
1572542680 2
1572542681 2
1572543322 2
1572543323 2
1572543324 2
1572543325 2
1572543326 2
1572544454 2
1572544455 2
1572544456 2
1572544457 2
1572544603 3
1572544604 3
1572544605 3
1572544606 3
1572544607 3
1572544608 3
1572544609 3
1572544610 2
1572544611 2
1572544612 4
1572544613 5
1572544614 4
1572544615 4
1572544616 4
1572544617 4
1572544618 3
1572544619 3
1572544620 2
1572544621 3
1572544622 2
1572544623 2
1572544624 2
1572544625 2
1572544791 2
1572544792 2
1572544793 2
1572544794 2
1572544795 2
1572544965 2
1572544966 2
1572544967 2
1572544968 2
1572544969 2
1572545139 2
1572545140 2
1572545141 2
1572545142 2
1572545143 2
