1569850025 2
1569850026 2
1569850027 2
1569850028 2
1569850029 2
1569850030 2
1569850228 2
1569850229 2
1569850230 2
1569850231 2
1569850232 2
1569850233 2
1569850234 2
1569850759 2
1569850760 2
1569850761 2
1569850762 2
1569850763 2
1569850764 2
1569850765 2
1569850766 2
1569850767 2
1569850768 2
1569850769 2
1569850770 2
1569850771 2
1569850772 2
1569850773 2
1569850774 2
1569850775 2
1569850776 2
1569850777 2
1569850778 2
1569850779 2
1569850780 2
1569850781 2
1569850782 2
1569850783 2
1569850784 2
1569850785 2
1569850786 2
1569851042 2
1569851043 2
1569851044 2
1569851045 2
1569851046 2
1569851047 2
1569851248 2
1569851249 2
1569851250 2
1569851251 2
1569851252 2
1569851253 2
1569851597 2
1569851598 2
1569851599 2
1569851600 2
1569851601 2
1569851602 2
1569851603 2
1569851810 2
1569851811 2
1569851812 2
1569851813 2
1569851814 2
1569851815 2
1569852039 2
1569852040 2
1569852041 2
1569852042 2
1569852043 2
1569852044 2
1569852263 2
1569852264 2
1569852265 2
1569852266 2
1569852267 2
1569852268 2
1569852269 2
1569852501 2
1569852502 2
1569852503 2
1569852504 2
1569852505 2
1569852506 2
1569853110 2
1569853111 2
1569853112 2
1569853113 2
1569853114 2
1569853115 2
1569853426 2
1569853427 2
1569853428 2
1569853429 2
1569853430 2
1569853431 2
1569853432 2
