1572361265 2
1572361266 1
1572361461 3
1572361462 2
1572361463 2
1572361657 2
1572361658 2
1572361659 2
1572361852 1
1572361853 2
1572361854 3
1572362051 2
1572362052 2
1572362053 3
1572362245 3
1572362246 2
1572362247 2
1572362441 3
1572362442 2
1572362443 2
1572362637 2
1572362638 2
1572362835 3
1572362836 3
1572362837 2
1572363031 3
1572363032 2
1572363033 2
1572366910 3
1572366911 3
1572367078 3
1572367079 2
1572367416 3
1572367417 3
1572367598 3
1572367599 2
1572367776 3
1572367777 2
1572367945 2
1572367946 2
1572368445 3
1572368446 2
1572368447 2
