1575556491 4
1575556492 3
1575556493 3
1575556494 2
1575556652 4
1575556653 4
1575556654 2
1575556655 2
1575556816 4
1575556817 4
1575556818 3
1575556819 2
1575556820 2
1575556996 4
1575556997 4
1575556998 4
1575556999 2
1575557000 2
1575557178 5
1575557179 5
1575557180 3
1575557181 3
1575557182 2
1575557342 3
1575557343 4
1575557344 2
1575557345 2
1575557346 2
1575557537 6
1575557538 4
1575557539 4
1575557540 2
1575557703 5
1575557704 5
1575557705 4
1575557706 2
1575557707 2
1575558162 4
1575558163 3
1575558164 3
1575558165 3
1575558166 2
1575558167 2
1575558168 2
1575558353 4
1575558354 4
1575558355 4
1575558356 2
1575558357 2
1575558555 4
1575558556 3
1575558557 3
1575558558 3
1575558559 2
1575558867 5
1575558868 4
1575558869 4
1575558870 2
1575558871 2
1575559196 4
1575559197 3
1575559198 2
1575559199 2
1575559505 5
1575559506 3
1575559507 3
1575559508 3
1575559509 2
1575559881 4
1575559882 4
1575559883 3
1575559884 3
1575559885 2
1575560188 4
1575560189 3
1575560190 2
1575560191 2
1575560525 4
1575560526 3
1575560527 3
1575560528 3
1575560529 2
1575561071 4
1575561072 4
1575561073 2
1575561074 2
1575561075 2
1575561418 5
1575561419 4
1575561420 3
1575561421 2
1575561422 2
1575561775 4
1575561776 3
1575561777 3
1575561778 3
1575561779 2
1575562194 5
1575562195 4
1575562196 5
1575562197 2
1575562198 2
1575562903 4
1575562904 4
1575562905 2
1575562906 2
1575562907 2
1575563540 4
1575563541 3
1575563542 2
1575563543 2
1575564154 4
1575564155 5
1575564156 3
1575564157 2
1575564158 2
1575564159 2
1575564737 5
1575564738 4
1575564739 4
1575564740 2
1575564741 2
1575565305 4
1575565306 3
1575565307 3
1575565308 2
1575565866 4
1575565867 3
1575565868 3
1575565869 2
1575566437 4
1575566438 3
1575566439 3
1575566440 2
1575567772 5
1575567773 5
1575567774 3
1575567775 2
1575567776 2
1575568365 4
1575568366 4
1575568367 3
1575568368 2
1575568369 2
1575568370 2
1575568371 2
1575568372 2
1575568373 2
1575568374 2
1575568375 2
1575568376 2
1575568377 2
1575568378 2
1575568379 2
1575568380 2
1575568381 2
1575568382 2
1575568383 2
1575568384 2
1575568385 2
1575568386 2
1575568387 2
1575568388 2
