1572264992 4
1572264993 3
1572264994 3
1572264995 3
1572264996 3
1572264997 2
1572265189 4
1572265190 4
1572265191 3
1572265192 3
1572265193 2
1572265194 2
1572265387 4
1572265388 4
1572265389 3
1572265390 2
1572265391 2
1572265392 2
1572265585 4
1572265586 4
1572265587 4
1572265588 3
1572265589 2
1572265590 2
1572265591 2
1572265783 5
1572265784 4
1572265785 3
1572265786 3
1572265787 2
1572265788 2
1572265992 5
1572265993 5
1572265994 4
1572265995 4
1572265996 3
1572265997 3
1572265998 2
1572265999 2
1572266187 4
1572266188 3
1572266189 3
1572266190 3
1572266191 2
1572266192 2
1572266387 4
1572266388 4
1572266389 3
1572266390 3
1572266391 2
1572266392 2
1572266588 4
1572266589 4
1572266590 4
1572266591 3
1572266592 2
1572266593 2
1572266594 2
1572266785 4
1572266786 4
1572266787 4
1572266788 3
1572266789 2
1572266790 2
1572266791 2
1572268070 4
1572268071 4
1572268072 3
1572268073 2
1572268074 2
1572268075 2
1572268840 4
1572268841 4
1572268842 4
1572268843 5
1572268844 2
1572268845 2
1572268846 2
1572269254 4
1572269255 4
1572269256 3
1572269257 3
1572269258 2
1572269259 2
1572269660 4
1572269661 4
1572269662 3
1572269663 2
1572269664 2
1572269665 2
1572270077 4
1572270078 4
1572270079 4
1572270080 3
1572270081 2
1572270082 2
1572270083 2
1572270473 4
1572270474 4
1572270475 3
1572270476 3
1572270477 2
1572270478 2
1572270867 4
1572270868 4
1572270869 4
1572270870 3
1572270871 2
1572270872 2
1572270873 2
1572272232 4
1572272233 4
1572272234 2
1572272235 2
1572272236 2
1572272562 4
1572272563 4
1572272564 3
1572272565 3
1572272566 2
1572272567 2
1572272898 4
1572272899 4
1572272900 2
1572272901 2
1572272902 2
1572273230 4
1572273231 3
1572273232 3
1572273233 3
1572273234 2
1572273577 4
1572273578 4
1572273579 4
1572273580 2
1572273581 2
1572274069 4
1572274070 3
1572274071 3
1572274072 2
1572274073 2
1572274237 4
1572274238 4
1572274239 2
1572274240 2
1572274241 2
1572274413 4
1572274414 4
1572274415 2
1572274416 2
1572274578 4
1572274579 4
1572274580 4
1572274581 4
1572274582 3
1572274583 2
1572274751 4
1572274752 3
1572274753 3
1572274754 2
1572274755 2
1572274921 4
1572274922 3
1572274923 2
1572274924 2
1572274925 2
1572275089 4
1572275090 4
1572275091 4
1572275092 2
1572275093 2
1572275265 4
1572275266 4
1572275267 4
1572275268 4
1572275269 3
1572275270 3
1572275271 2
1572275272 2
1572275437 4
1572275438 3
1572275439 3
1572275440 3
1572275441 2
1572275612 4
1572275613 3
1572275614 3
1572275615 2
1572275616 2
1572275998 4
1572275999 4
1572276000 3
1572276001 2
1572276002 2
1572276334 4
1572276335 3
1572276336 3
1572276337 3
1572276338 2
1572276672 4
1572276673 4
1572276674 3
1572276675 2
1572276676 2
1572277003 4
1572277004 3
1572277005 3
1572277006 3
1572277007 2
1572277333 4
1572277334 4
1572277335 3
1572277336 3
1572277337 2
1572278027 4
1572278028 4
1572278029 4
1572278030 2
1572278031 2
1572278361 4
1572278362 3
1572278363 3
1572278364 2
