1572967493 2
1572967494 2
1572967495 2
1572967496 2
1572967497 2
1572968151 2
1572968152 2
1572968153 2
1572968154 2
1572968155 2
1572969451 2
1572969452 2
1572969453 2
1572969454 2
1572969455 2
1572970113 2
1572970114 2
1572970115 2
1572970116 2
1572970117 2
1572970763 2
1572970764 2
1572970765 2
1572970766 2
1572970767 2
1572971424 2
1572971425 2
1572971426 2
1572971427 2
1572972086 2
1572972087 2
1572972088 2
1572972089 2
1572972090 2
1572972735 2
1572972736 2
1572972737 2
1572972738 2
1572972739 2
1572973451 2
1572973452 2
1572973453 2
1572973454 2
1572973455 2
1572974101 2
1572974102 2
1572974103 2
1572974104 2
1572974752 2
1572974753 2
1572974754 2
1572974755 2
1572974756 2
