1575033196 2
1575033197 2
1575033198 2
1575033199 2
1575034354 2
1575034355 2
1575034356 2
1575034357 2
1575034358 2
1575034928 2
1575034929 2
1575034930 2
1575034931 2
1575035491 2
1575035492 2
1575035493 2
1575035494 2
1575035495 3
1575036529 2
1575036530 2
1575036531 2
1575036532 2
1575036533 2
1575037091 2
1575037092 2
1575037093 2
1575037094 2
1575037095 2
1575037650 2
1575037651 2
1575037652 2
1575037653 2
1575038652 2
1575038653 2
1575038654 2
1575038655 2
1575038656 2
1575039222 2
1575039223 2
1575039224 2
1575039225 2
1575039226 2
