1574685749 4.388751333
1574685939 4.224003119
1574686113 4.3239924
1574686270 4.57112427
1574686432 4.467466208
1574686594 7.385452456
1574686753 4.539943658
1574686945 4.82609336
1574687110 4.42593999
1574687286 4.303908752
1574687944 4.439184167
1574688263 4.258906494
1574689245 4.439936794
1574689616 4.562117874
1574689831 4.570688786
1574690002 4.331458749
1574690163 9.56678099
1574690340 4.602672998
1574690500 4.998501731
1574690670 4.44850615
1574690831 4.251924251
1574691015 4.43888944
1574691194 4.431924006
1574691947 4.63098289
1574692266 4.25610904
1574692587 6.100219395
1574693496 4.090970296
1574693820 8.616006953
1574694252 4.449000765
1574694581 4.656611782
1574695137 4.508204676
1574695474 4.432741315
1574695787 4.546639832
1574706680 4.271251295
1574706815 4.428004899
1574707059 4.380208643
1574707239 4.135882448
1574708027 4.262080256
1574708722 4.513243448
1574709105 4.481323936
1574709338 4.280673032
1574710448 4.417760634
1574710638 4.303456809
