1575028803 4
1575028804 2
1575028805 1
1575028806 1
1575028807 1
1575028808 1
1575028809 1
1575028810 2
1575028811 4
1575028812 3
1575028813 2
1575028814 2
1575028815 2
1575028816 2
1575028817 2
1575028818 2
1575028819 2
1575028820 2
1575028821 3
1575028822 3
1575028823 3
1575028824 5
1575028825 4
1575028826 3
1575028827 3
1575028828 3
1575028829 3
1575028830 3
1575028831 2
1575028832 2
1575028833 2
1575028834 2
1575028835 2
1575028836 4
1575028837 3
1575028838 3
1575028839 2
1575028840 2
1575028841 3
1575028842 2
1575028843 2
1575028844 2
1575028845 2
1575028846 2
1575028847 2
1575028848 4
1575028849 3
1575028850 3
1575028851 4
1575028852 2
1575028853 2
1575028854 2
1575028855 1
1575028856 1
1575028857 1
1575028858 2
1575028859 2
1575028860 2
1575028861 3
1575028862 3
1575028863 3
1575028864 6
1575028865 5
1575028866 5
1575028867 6
1575028868 5
1575028869 5
1575028870 5
1575028871 7
1575028872 7
1575028873 7
1575028874 6
1575028875 6
1575028876 5
1575028877 3
1575028878 4
1575028879 4
1575028880 2
1575028881 2
1575028882 2
1575028883 1
1575028884 1
1575028885 1
1575028886 2
1575028887 3
1575028888 4
1575028889 4
1575028890 6
1575028891 4
1575028892 4
1575028893 4
1575028894 2
1575028895 2
1575028896 2
1575028897 2
1575028898 2
1575028899 2
1575028900 3
1575028901 2
1575028902 2
1575028903 2
1575028904 2
1575028905 2
1575028906 2
1575028907 2
1575028908 2
1575028909 2
1575028910 3
1575028911 5
1575028912 5
1575028913 5
1575028914 4
1575028915 3
1575028916 4
1575028917 4
1575028918 3
1575028919 3
1575028920 3
1575028921 2
1575028922 2
1575028923 2
1575028924 2
1575028925 2
1575028926 3
1575028927 3
1575028928 3
1575028929 3
1575028930 2
1575028931 2
1575028932 2
1575028933 2
1575028934 2
1575028935 2
1575028936 3
1575028937 3
1575028938 2
1575028939 2
1575028940 2
1575028941 1
1575029135 3
1575029136 3
1575029137 2
1575029138 2
1575029139 1
1575029140 1
1575029141 1
1575029142 2
1575029143 3
1575029144 2
1575029145 2
1575029146 2
1575029147 2
1575029148 3
1575029149 2
1575029150 2
1575029151 2
1575029152 2
1575029153 2
1575029154 2
1575029155 2
1575029156 2
1575029157 2
1575029158 3
1575029159 3
1575029160 4
1575029161 7
1575029162 5
1575029163 5
1575029164 4
1575029165 4
1575029166 3
1575029167 3
1575029168 2
1575029169 2
1575029170 2
1575029171 2
1575029172 2
1575029173 2
1575029174 2
1575029175 2
1575029176 2
1575029177 2
1575029178 3
1575029179 3
1575029180 2
1575029181 2
1575029182 2
1575029183 1
1575029184 2
1575029185 4
1575029186 4
1575029187 4
1575029188 4
1575029189 4
1575029190 3
1575029191 3
1575029192 1
1575029193 1
1575029194 1
1575029195 1
1575029196 1
1575029197 2
1575029198 3
1575029199 2
1575029200 2
1575029201 2
1575029202 4
1575029203 5
1575029204 5
1575029205 6
1575029206 5
1575029207 6
1575029208 5
1575029209 6
1575029210 6
1575029211 6
1575029212 6
1575029213 6
1575029214 5
1575029215 4
1575029216 3
1575029217 3
1575029218 3
1575029219 2
1575029220 1
1575029221 1
1575029222 1
1575029223 2
1575029224 3
1575029225 4
1575029226 4
1575029227 4
1575029228 5
1575029229 5
1575029230 5
1575029231 4
1575029232 4
1575029233 3
1575029234 2
1575029235 2
1575029236 2
1575029237 3
1575029238 2
1575029239 2
1575029240 2
1575029241 3
1575029242 2
1575029243 3
1575029244 3
1575029245 3
1575029246 3
1575029247 2
1575029248 3
1575029249 4
1575029250 4
1575029251 4
1575029252 4
1575029253 4
1575029254 6
1575029255 5
1575029256 4
1575029257 3
1575029258 3
1575029259 3
1575029260 2
1575029261 3
1575029262 2
1575029263 2
1575029264 3
1575029265 2
1575029266 3
1575029267 4
1575029268 2
1575029269 1
1575029270 1
1575029271 1
1575029272 1
1575029273 1
1575029274 2
1575029275 3
1575029276 3
1575029277 3
1575029278 2
1575029450 3
1575029451 2
1575029452 1
1575029453 1
1575029454 1
1575029455 1
1575029456 1
1575029457 2
1575029458 4
1575029459 4
1575029460 3
1575029461 2
1575029462 2
1575029463 2
1575029464 2
1575029465 2
1575029466 2
1575029467 2
1575029468 3
1575029469 3
1575029470 3
1575029471 5
1575029472 4
1575029473 4
1575029474 5
1575029475 5
1575029476 4
1575029477 4
1575029478 4
1575029479 2
1575029480 2
1575029481 2
1575029482 2
1575029483 2
1575029484 3
1575029485 3
1575029486 2
1575029487 2
1575029488 3
1575029489 2
1575029490 2
1575029491 2
1575029492 2
1575029493 1
1575029494 2
1575029495 3
1575029496 4
1575029497 3
1575029498 2
1575029499 3
1575029500 2
1575029501 2
1575029502 1
1575029503 1
1575029504 1
1575029505 1
1575029506 2
1575029507 3
1575029508 2
1575029509 2
1575029510 2
1575029511 3
1575029512 5
1575029513 5
1575029514 5
1575029515 5
1575029516 5
1575029517 5
1575029518 5
1575029519 5
1575029520 5
1575029521 7
1575029522 5
1575029523 4
1575029524 5
1575029525 3
1575029526 3
1575029527 3
1575029528 3
1575029529 3
1575029530 2
1575029531 1
1575029532 1
1575029533 1
1575029534 2
1575029535 3
1575029536 4
1575029537 4
1575029538 5
1575029539 5
1575029540 4
1575029541 4
1575029542 3
1575029543 3
1575029544 2
1575029545 2
1575029546 2
1575029547 2
1575029548 2
1575029549 2
1575029550 2
1575029551 2
1575029552 2
1575029553 2
1575029554 2
1575029555 2
1575029556 2
1575029557 2
1575029558 2
1575029559 2
1575029560 4
1575029561 4
1575029562 4
1575029563 5
1575029564 5
1575029565 5
1575029566 4
1575029567 4
1575029568 3
1575029569 3
1575029570 3
1575029571 2
1575029572 2
1575029573 3
1575029574 4
1575029575 3
1575029576 3
1575029577 3
1575029578 3
1575029579 3
1575029580 3
1575029581 3
1575029582 2
1575029583 2
1575029584 1
1575029585 1
1575029586 2
1575029587 3
1575029588 2
1575029589 2
1575029590 2
1575029761 5
1575029762 5
1575029763 4
1575029764 3
1575029765 1
1575029766 1
1575029767 1
1575029768 2
1575029769 3
1575029770 2
1575029771 2
1575029772 2
1575029773 2
1575029774 3
1575029775 2
1575029776 2
1575029777 2
1575029778 2
1575029779 3
1575029780 3
1575029781 4
1575029782 6
1575029783 4
1575029784 4
1575029785 4
1575029786 3
1575029787 3
1575029788 3
1575029789 2
1575029790 2
1575029791 2
1575029792 2
1575029793 2
1575029794 2
1575029795 2
1575029796 2
1575029797 2
1575029798 2
1575029799 3
1575029800 2
1575029801 2
1575029802 3
1575029803 4
1575029804 2
1575029805 4
1575029806 5
1575029807 5
1575029808 5
1575029809 3
1575029810 4
1575029811 3
1575029812 1
1575029813 1
1575029814 1
1575029815 1
1575029816 1
1575029817 2
1575029818 2
1575029819 2
1575029820 2
1575029821 2
1575029822 3
1575029823 5
1575029824 5
1575029825 6
1575029826 5
1575029827 6
1575029828 6
1575029829 6
1575029830 7
1575029831 7
1575029832 7
1575029833 7
1575029834 6
1575029835 5
1575029836 3
1575029837 2
1575029838 2
1575029839 3
1575029840 3
1575029841 1
1575029842 1
1575029843 1
1575029844 2
1575029845 3
1575029846 3
1575029847 4
1575029848 5
1575029849 5
1575029850 4
1575029851 3
1575029852 3
1575029853 2
1575029854 2
1575029855 2
1575029856 2
1575029857 2
1575029858 2
1575029859 2
1575029860 2
1575029861 2
1575029862 2
1575029863 2
1575029864 2
1575029865 2
1575029866 2
1575029867 2
1575029868 3
1575029869 3
1575029870 4
1575029871 4
1575029872 2
1575029873 5
1575029874 3
1575029875 5
1575029876 4
1575029877 4
1575029878 2
1575029879 2
1575029880 2
1575029881 2
1575029882 2
1575029883 3
1575029884 2
1575029885 2
1575029886 2
1575029887 2
1575029888 4
1575029889 3
1575029890 2
1575029891 2
1575029892 1
1575029893 2
1575029894 2
1575029895 2
1575029896 2
1575029897 3
1575029898 2
1575029899 3
1575029900 3
1575029901 3
1575030073 3
1575030074 2
1575030075 1
1575030076 1
1575030077 1
1575030078 1
1575030079 2
1575030080 3
1575030081 5
1575030082 4
1575030083 2
1575030084 2
1575030085 2
1575030086 2
1575030087 2
1575030088 2
1575030089 2
1575030090 2
1575030091 3
1575030092 3
1575030093 3
1575030094 4
1575030095 5
1575030096 5
1575030097 5
1575030098 4
1575030099 4
1575030100 4
1575030101 3
1575030102 2
1575030103 2
1575030104 2
1575030105 2
1575030106 2
1575030107 3
1575030108 3
1575030109 2
1575030110 2
1575030111 3
1575030112 2
1575030113 2
1575030114 2
1575030115 2
1575030116 2
1575030117 2
1575030118 3
1575030119 4
1575030120 3
1575030121 2
1575030122 2
1575030123 2
1575030124 2
1575030125 1
1575030126 1
1575030127 1
1575030128 1
1575030129 1
1575030130 2
1575030131 3
1575030132 2
1575030133 3
1575030134 3
1575030135 4
1575030136 5
1575030137 5
1575030138 5
1575030139 6
1575030140 5
1575030141 5
1575030142 5
1575030143 5
1575030144 6
1575030145 6
1575030146 6
1575030147 6
1575030148 5
1575030149 3
1575030150 2
1575030151 2
1575030152 2
1575030153 2
1575030154 1
1575030155 1
1575030156 1
1575030157 1
1575030158 3
1575030159 4
1575030160 4
1575030161 5
1575030162 4
1575030163 4
1575030164 4
1575030165 3
1575030166 3
1575030167 2
1575030168 2
1575030169 2
1575030170 2
1575030171 2
1575030172 2
1575030173 2
1575030174 1
1575030175 2
1575030176 2
1575030177 2
1575030178 2
1575030179 2
1575030180 2
1575030181 2
1575030182 3
1575030183 5
1575030184 5
1575030185 3
1575030186 3
1575030187 4
1575030188 3
1575030189 3
1575030190 2
1575030191 2
1575030192 2
1575030193 2
1575030194 2
1575030195 3
1575030196 3
1575030197 2
1575030198 2
1575030199 2
1575030200 2
1575030201 2
1575030202 2
1575030203 2
1575030204 1
1575030205 1
1575030206 1
1575030207 2
1575030208 3
1575030209 3
1575030210 4
1575030211 3
1575030212 3
1575030702 4
1575030703 3
1575030704 1
1575030705 1
1575030706 1
1575030707 1
1575030708 1
1575030709 2
1575030710 4
1575030711 3
1575030712 2
1575030713 2
1575030714 2
1575030715 2
1575030716 2
1575030717 2
1575030718 2
1575030719 2
1575030720 2
1575030721 2
1575030722 2
1575030723 2
1575030724 3
1575030725 3
1575030726 3
1575030727 6
1575030728 5
1575030729 3
1575030730 4
1575030731 4
1575030732 4
1575030733 4
1575030734 3
1575030735 2
1575030736 2
1575030737 2
1575030738 2
1575030739 2
1575030740 3
1575030741 2
1575030742 2
1575030743 2
1575030744 3
1575030745 2
1575030746 2
1575030747 2
1575030748 2
1575030749 2
1575030750 2
1575030751 4
1575030752 3
1575030753 2
1575030754 2
1575030755 2
1575030756 2
1575030757 1
1575030758 1
1575030759 1
1575030760 1
1575030761 1
1575030762 2
1575030763 3
1575030764 2
1575030765 2
1575030766 2
1575030767 3
1575030768 5
1575030769 5
1575030770 6
1575030771 5
1575030772 5
1575030773 5
1575030774 5
1575030775 5
1575030776 6
1575030777 6
1575030778 6
1575030779 7
1575030780 4
1575030781 2
1575030782 2
1575030783 2
1575030784 3
1575030785 2
1575030786 1
1575030787 1
1575030788 1
1575030789 2
1575030790 3
1575030791 4
1575030792 4
1575030793 5
1575030794 5
1575030795 5
1575030796 5
1575030797 5
1575030798 3
1575030799 4
1575030800 3
1575030801 3
1575030802 3
1575030803 3
1575030804 4
1575030805 3
1575030806 2
1575030807 1
1575030808 2
1575030809 2
1575030810 2
1575030811 2
1575030812 2
1575030813 2
1575030814 2
1575030815 3
1575030816 4
1575030817 3
1575030818 3
1575030819 5
1575030820 4
1575030821 4
1575030822 4
1575030823 3
1575030824 3
1575030825 3
1575030826 2
1575030827 2
1575030828 3
1575030829 2
1575030830 2
1575030831 2
1575030832 2
1575030833 2
1575030834 3
1575030835 2
1575030836 1
1575030837 1
1575030838 1
1575030839 1
1575030840 1
1575030841 2
1575030842 3
1575030843 4
1575030844 3
1575030845 3
1575030846 4
1575030847 3
1575030848 5
1575030849 4
1575030850 4
1575030851 3
1575030852 3
1575030853 3
1575030854 3
1575030855 3
1575030856 3
1575030857 3
1575030858 3
1575030859 3
1575030860 4
1575030861 4
1575030862 4
1575030863 4
1575030864 4
1575031033 4
1575031034 4
1575031035 4
1575031036 4
1575031037 4
1575031038 4
1575031039 3
1575031040 3
1575031041 5
1575031042 4
1575031043 3
1575031044 2
1575031045 2
1575031046 2
1575031047 2
1575031048 2
1575031049 2
1575031050 2
1575031051 3
1575031052 3
1575031053 3
1575031054 5
1575031055 4
1575031056 5
1575031057 4
1575031058 4
1575031059 4
1575031060 3
1575031061 2
1575031062 2
1575031063 2
1575031064 2
1575031065 2
1575031066 2
1575031067 2
1575031068 2
1575031069 2
1575031070 2
1575031071 3
1575031072 2
1575031073 2
1575031074 2
1575031075 2
1575031076 2
1575031077 2
1575031078 3
1575031079 4
1575031080 4
1575031081 3
1575031082 3
1575031083 3
1575031084 2
1575031085 1
1575031086 1
1575031087 1
1575031088 1
1575031089 2
1575031090 2
1575031091 2
1575031092 2
1575031093 2
1575031094 2
1575031095 4
1575031096 5
1575031097 5
1575031098 6
1575031099 5
1575031100 5
1575031101 5
1575031102 5
1575031103 6
1575031104 5
1575031105 4
1575031106 4
1575031107 3
1575031108 2
1575031109 2
1575031110 2
1575031111 2
1575031112 2
1575031113 1
1575031114 1
1575031115 1
1575031116 2
1575031117 3
1575031118 4
1575031119 4
1575031120 5
1575031121 5
1575031122 5
1575031123 4
1575031124 3
1575031125 3
1575031126 2
1575031127 2
1575031128 2
1575031129 2
1575031130 2
1575031131 2
1575031132 2
1575031133 2
1575031134 2
1575031135 3
1575031136 3
1575031137 2
1575031138 2
1575031139 2
1575031140 2
1575031141 2
1575031142 4
1575031143 5
1575031144 5
1575031145 4
1575031146 5
1575031147 4
1575031148 4
1575031149 3
1575031150 3
1575031151 2
1575031152 2
1575031153 2
1575031154 2
1575031155 3
1575031156 3
1575031157 2
1575031158 2
1575031159 4
1575031160 3
1575031161 3
1575031162 4
1575031163 4
1575031164 4
1575031165 1
1575031166 1
1575031167 1
1575031168 2
1575031169 3
1575031170 3
1575031171 3
1575031172 3
