1575120440 4
1575120441 5
1575120442 3
1575120443 3
1575120444 2
1575121004 3
1575121005 3
1575121006 3
1575121007 2
1575121563 4
1575121564 3
1575121565 3
1575121566 3
1575121979 4
1575121980 4
1575121981 4
1575122626 4
1575122627 3
1575122628 3
1575122629 2
1575122630 2
1575123184 3
1575123185 3
1575123186 2
1575123187 2
1575123743 4
1575123744 3
1575123745 2
1575123746 2
1575124299 4
1575124300 4
1575124301 3
1575124302 2
1575124866 4
1575124867 3
1575124868 3
1575124869 3
1575125425 3
1575125426 3
1575125427 3
1575125428 2
1575125993 3
1575125994 3
1575125995 3
1575125996 3
1575125997 2
