1574956225 4
1574956226 4
1574956227 3
1574956228 2
1574956887 3
1574956888 3
1574956889 3
1574956890 3
1574957488 4
1574957489 3
1574957490 3
1574957491 2
1574958068 3
1574958069 3
1574958070 2
1574958071 3
1574958663 4
1574958664 3
1574958665 2
1574958666 2
1574959249 4
1574959250 3
1574959251 2
1574959252 2
1574959852 3
1574959853 3
1574959854 3
1574959855 2
1574960430 3
1574960431 3
1574960432 3
1574960433 2
1574961040 4
1574961041 3
1574961042 3
1574961043 2
1574961044 2
1574961676 4
1574961677 3
1574961678 2
1574961679 2
