1574710770 0 
1569854400 0 
1569854401 0 
1569854402 0 
1569855812 0 
1569855813 0 
1569855814 0 
1571330103 0 
1571330104 0 
1571330105 0 
1571766459 0 
1571766460 0 
1571767242 0 
1571767243 0 
1572537373 0 
1572537374 0 
1572537375 0 
1572538031 0 
1572538032 0 
1572538691 0 
1572538692 0 
1572539343 0 
1572539344 0 
1572539345 0 
1572539990 0 
1572539991 0 
1572540896 0 
1572540897 0 
1572541550 0 
1572541551 0 
1572542198 0 
1572542199 0 
1572542845 0 
1572542846 0 
1572543511 0 
1572543512 0 