1574711009 0 
1574711010 0 
1569854758 0 
1569854759 0 
1569856366 0 
1569856367 0 
1569856368 0 
1571330418 0 
1571330419 0 
1571766776 0 
1571766777 0 
1571767559 0 
1571767560 0 
1572537637 0 
1572538290 0 
1572538291 0 
1572538950 0 
1572539602 0 
1572539603 0 
1572540251 0 
1572540252 0 
1572541155 0 
1572541156 0 
1572541809 0 
1572542457 0 
1572542458 0 
1572543104 0 
1572543105 0 
1572543775 0 
1572543776 0 
1572871523 0 
1572871524 0 
1572872174 0 
1572872175 0 
1572872855 0 
1572872856 0 
1572873503 0 
1572873504 0 
1572874161 0 
1572874162 0 
1572875226 0 
1572875227 0 
1572876080 0 
1572876081 0 
1572877307 0 
1572877962 0 
1572879201 0 
1572879202 0 
1572967591 0 
1572967592 0 
1572968250 0 
1572969549 0 
1572969550 0 
1572970210 0 
1572970211 0 
1572970861 0 
1572971523 0 
1572971524 0 
1572972184 0 
1572972185 0 
1572972833 0 
1572972834 0 
1572973549 0 
1572973550 0 
1572974198 0 
1572974199 0 
1572974856 0 
1572974857 0 
1573209133 0 
1573209134 0 
1573209803 0 
1573209804 0 
1573210464 0 
1573210465 0 
1573211132 0 
1573211133 0 
1573211791 0 
1573211792 0 
1573212438 0 
1573212439 0 
1573213092 0 
1573213093 0 
1573213741 0 
1573213742 0 
1573214414 0 
1573214415 0 
1573215071 0 
1573215072 0 
1573310580 0 
1573310581 0 
1573311199 0 
1573311810 0 
1573311811 0 
1573312516 0 
1573312517 0 
1573313133 0 
1573313134 0 
1573313758 0 
1573313759 0 
1573314386 0 
1573314387 0 
1573315000 0 
1574696608 0 
1574697187 0 
1574697188 0 
1574697779 0 
1574698939 0 
1574709751 0 
1574711009 0 
1574711010 0 
1574956359 0 
1574957021 0 
1574957022 0 
1574957623 0 
1574958798 0 
1574959386 0 
1574959387 0 
1574959987 0 
1574959988 0 
1574960563 0 
1574960564 0 
1574961174 0 
1574961175 0 
1574961810 0 
1575033287 0 
1575033288 0 
1575033855 0 
1575033856 0 
1575034444 0 
1575034445 0 
1575035021 0 
1575035582 0 
1575036619 0 
1575036620 0 
1575037181 0 
1575037740 0 
1575120574 0 
1575120575 0 
1575121139 0 
1575122134 0 
1575122760 0 
1575123318 0 
1575124432 0 
1575124999 0 
1575125563 0 
1575126129 0 
1575126130 0 
1575298454 0 
1575299023 0 
1575299024 0 
1575299603 0 
1575300174 0 
1575300175 0 
1575300792 0 
1575300793 0 
1575302174 0 
1575390361 0 
1575390931 0 
1575391494 0 
1575393506 0 
1575393507 0 
1575394065 0 
1575394066 0 
1575394632 0 
1575395758 0 
1575395759 0 
1575562605 0 
1575562606 0 
1575563290 0 
1575563291 0 
1575563939 0 
1575564536 0 
1575564537 0 
1575565119 0 
1575565684 0 
1575566257 0 
1575566258 0 
1575566857 0 
1575568184 0 
1575568768 0 
1575568769 0 
1579191214 0 
1579192393 0 
1579192394 0 
1579192978 0 
1579193563 0 
1579193564 0 
1579194127 1 
1579194128 0 
1579194696 0 
1579195261 0 
1579195262 0 
1579195851 0 
1579196405 0 
1579196406 1 
1579196407 1 
1579196408 0 
1579196409 0 
1579196410 0 
1579196411 0 
1579196412 0 
1579196413 0 
1579196414 0 
1579359619 0 
1579360756 0 
1579360757 0 
1579361312 0 
1579361868 0 
1579362979 0 
1579362980 0 
1579363546 0 
1579364112 0 
1579364671 0 
1579364672 0 
1579530663 0 
1579532984 0 
1579533644 0 
1579533645 0 
1579534246 0 
1579534932 0 
1579535547 0 
1579535548 0 
1579536611 0 
1579536612 0 
1579536613 1 
1579536614 1 
1579536615 0 
1579536616 0 
1579536617 0 
1579536618 1 
1579536619 0 
1579536620 0 
1580223922 0 
1580223923 0 
1580224480 0 
1580224481 0 
1580225037 0 
1580225038 0 
1580226746 0 
1580226747 0 
1580227313 0 
1580227314 0 
1580227911 0 
1580228492 0 
1580229051 0 
1580229052 0 
1580312479 0 
1580313059 0 
1580313939 0 
1580314578 0 
1580314579 0 
1580315135 0 
1580315136 0 
1580315696 0 
1580315697 0 
1580316968 0 
1580317555 1 
1580317556 0 
1581942619 0 
1581944196 0 
1581944197 0 
1581945143 0 
1581946092 0 
1581946093 0 
1581946661 0 
1581946662 0 
1581947556 0 
1581948149 0 
1581949259 0 
1582034963 0 
1582034964 0 
1582036441 0 
1582037051 0 
1582037052 0 
1582037651 0 
1582037652 0 
1582038246 0 
1582038247 0 
1582041746 0 
1582041747 0 
1582042498 0 
1582042499 0 
1582043947 0 
1582043948 0 
1582044540 0 
1582638141 0 
1582638142 0 
1582638704 0 
1582640139 0 
1582640140 0 
1582640957 0 
1582640958 0 
1582641517 0 
1582642088 0 
1582642089 0 
1582642655 0 
1582642656 0 
1582643230 0 
1582643828 0 
1582644387 0 
1582898996 0 
1582898997 0 
1582899559 1 
1582899560 1 
1582900127 0 
1582900686 0 
1582900687 0 
1582902991 0 
1582903595 0 
1582903596 0 