1579359383 3
1579359384 2
1579359385 2
1579359950 2
1579359951 2
1579359952 2
1579359953 2
1579359954 2
1579359955 3
1579359956 3
1579359957 2
1579359958 2
1579359959 2
1579360520 3
1579360521 2
1579360522 3
1579360523 2
1579361077 3
1579361078 2
1579361079 3
1579361633 3
1579361634 2
1579361635 3
1579362181 2
1579362182 2
1579362183 2
1579362184 2
1579362185 2
1579362186 4
1579362187 3
1579362188 2
1579362189 3
1579362743 3
1579362744 3
1579362745 3
1579363307 3
1579363308 2
1579363309 3
1579363875 3
1579363876 2
1579363877 3
1579364434 3
1579364435 3
1579364436 4
