1582635052 2
1582635053 3
1582635054 3
1582635055 3
1582635056 3
1582635057 3
1582635336 3
1582635337 2
1582635338 3
1582635339 3
1582635340 3
1582635341 3
1582635342 3
1582635620 2
1582635621 3
1582635622 3
1582635623 4
1582635624 4
1582635625 4
1582635626 3
1582635904 2
1582635905 3
1582635906 3
1582635907 4
1582635908 4
1582635909 3
1582636191 2
1582636192 3
1582636193 4
1582636194 5
1582636195 6
1582636196 4
1582636477 3
1582636478 2
1582636479 4
1582636480 4
1582636481 5
1582636482 4
1582636483 3
1582636770 3
1582636771 3
1582636772 3
1582636773 3
1582636774 3
1582636775 3
1582636955 4
1582636956 4
1582636957 3
1582636958 4
1582636959 3
1582636960 3
1582636961 3
1582636962 2
1582636963 2
1582636964 2
1582636965 2
1582636966 2
1582636967 2
1582636968 2
1582636969 2
1582636970 2
1582636971 3
1582636972 2
1582636973 2
1582636974 2
1582636975 2
1582636976 2
1582636977 2
1582636978 3
1582636979 3
1582636980 3
1582636981 3
1582636982 3
1582636983 2
1582636984 2
1582636985 3
1582636986 2
1582636987 2
1582636988 2
1582636989 3
1582636990 2
1582636991 2
1582636992 2
1582636993 2
1582636994 3
1582636995 5
1582636996 5
1582636997 5
1582636998 5
1582636999 6
1582637000 5
1582637001 5
1582637002 5
1582637003 5
1582637004 4
1582637005 3
1582637006 2
1582637007 3
1582637008 2
1582637009 3
1582637010 3
1582637011 3
1582637012 3
1582637013 3
1582637014 2
1582637015 3
1582637016 3
1582637017 2
1582637018 2
1582637019 4
1582637020 4
1582637021 3
1582637022 3
1582637023 2
1582637024 2
1582637025 3
1582637026 2
1582637027 2
1582637028 2
1582637029 2
1582637030 2
1582637031 3
1582637032 3
1582637033 2
1582637034 2
1582637035 2
1582637036 3
1582637037 3
1582637038 2
1582637039 2
1582637040 2
1582637041 2
1582637042 2
1582637043 2
1582637044 3
1582637045 4
1582637046 4
1582637047 4
1582637048 5
1582637049 6
1582637050 4
1582637051 4
1582637052 4
1582637053 4
1582637054 2
1582637055 2
1582637056 2
1582637057 1
1582637058 1
1582637059 1
1582637060 1
1582637061 2
1582637062 1
1582637063 2
1582637064 2
1582637065 3
1582637066 5
1582637067 4
1582637068 4
1582637364 2
1582637365 3
1582637366 3
1582637367 5
1582637368 4
1582637369 3
1582637658 2
1582637659 3
1582637660 3
1582637661 3
1582637662 5
1582637663 3
1582638227 3
1582638228 2
1582638229 3
1582638230 3
1582638231 4
1582638232 4
1582638788 2
1582638789 3
1582638790 3
1582638791 4
1582638792 4
1582638793 3
1582640453 2
1582640454 3
1582640455 3
1582640456 3
1582640457 3
1582640458 3
1582641042 2
1582641043 3
1582641044 3
1582641045 3
1582641046 3
1582641047 5
1582641601 2
1582641602 3
1582641603 3
1582641604 3
1582641605 3
1582641606 3
1582642175 2
1582642176 3
1582642177 3
1582642178 3
1582642179 3
1582642180 3
1582642741 2
1582642742 3
1582642743 3
1582642744 5
1582642745 4
1582642746 4
1582643316 3
1582643317 3
1582643318 3
1582643319 3
1582643320 3
1582643321 3
1582643913 2
1582643914 4
1582643915 4
1582643916 4
1582643917 3
1582643918 3
1582644472 2
1582644473 3
1582644474 3
1582644475 4
1582644476 3
