1579351738 2
1579351739 2
1579351740 2
1579352227 2
1579352228 2
1579352229 2
1579352389 2
1579352390 2
1579352391 2
1579352392 2
1579352535 4
1579352536 5
1579352537 2
1579352538 2
1579352539 2
1579352540 2
1579352541 2
1579352542 2
1579352543 2
1579352544 2
1579352545 2
1579352546 2
1579352547 2
1579352548 2
1579352549 2
1579352550 2
1579352551 2
1579352552 2
1579352553 2
1579352554 2
1579352555 2
1579352556 2
1579352872 2
1579352873 2
1579352874 2
1579352875 2
1579353035 2
1579353036 2
1579353037 2
1579353038 2
1579353198 2
1579353199 2
1579353200 2
1579354080 2
1579354081 2
1579354082 2
1579354083 2
1579354386 2
1579354387 2
1579354388 2
1579354389 2
1579354697 2
1579354698 2
1579354699 2
1579355316 2
1579355317 2
1579355318 2
1579355625 2
1579355626 2
1579355627 2
1579355628 2
1579355935 2
1579355936 2
1579355937 2
1579355938 2
1579356239 2
1579356240 2
1579356241 2
1579356242 2
1579356546 2
1579356547 2
1579356548 2
1579356549 2
1579356852 2
1579356853 2
1579356854 2
1579356855 2
1579360395 2
1579360396 2
1579360397 2
1579360398 2
1579360953 2
1579360954 2
1579360955 2
1579361509 2
1579361510 2
1579361511 2
1579361512 2
1579362063 2
1579362064 2
1579362065 2
1579362619 2
1579362620 2
1579362621 2
1579364309 2
1579364310 2
1579364311 2
