1575289726 2
1575289727 2
1575289728 2
1575289729 2
1575289890 2
1575289891 2
1575289892 2
1575290410 2
1575290411 2
1575290412 2
1575290586 1
1575290587 1
1575290588 2
1575290589 2
1575290759 2
1575290760 2
1575290761 2
1575290762 2
1575290918 2
1575290919 2
1575290920 2
1575290921 2
1575291078 2
1575291079 2
1575291080 2
1575291081 2
1575291239 2
1575291240 2
1575291241 2
1575291242 2
1575292916 2
1575292917 2
1575292918 2
1575293235 2
1575293236 2
1575293237 2
1575293570 2
1575293571 2
1575293572 2
1575293573 2
1575293574 2
1575293575 2
1575293576 2
1575293577 2
1575293578 2
1575293579 2
1575293580 2
1575293581 2
1575293582 2
1575293583 2
1575293584 2
1575293585 2
1575293586 2
1575293587 2
1575293588 2
1575293589 2
1575293590 2
1575293591 2
1575293592 2
1575293908 2
1575293909 2
1575293910 2
1575294591 2
1575294592 1
1575294593 1
1575294594 2
1575294595 2
1575295343 2
1575295344 1
1575295345 2
1575295346 2
1575295347 1
1575295348 2
1575295349 2
1575295350 2
1575295351 2
1575295352 2
1575295353 2
1575295354 2
1575295355 2
1575295356 2
1575295357 2
1575295358 2
1575295359 2
1575295360 2
1575295361 2
1575295362 2
1575295363 2
1575295364 2
1575295365 2
1575295366 2
1575295367 2
1575295368 2
1575295369 2
1575295370 2
1575295371 2
1575295372 2
1575295373 2
1575295727 2
1575295728 2
1575295729 2
1575296916 2
1575296917 2
1575296918 2
1575296919 2
1575296920 2
1575296921 2
1575296922 2
1575296923 2
1575296924 2
1575296925 2
1575296926 2
1575296927 2
1575296928 2
1575296929 2
1575296930 2
1575296931 2
1575296932 2
1575296933 2
1575296934 2
1575296935 2
1575296936 2
1575296937 2
1575297502 3
1575297503 3
1575297504 2
1575298086 2
1575298087 2
1575298088 2
1575299229 2
1575299230 2
1575299231 2
1575299232 2
1575300431 2
1575300432 2
1575300433 2
1575300434 2
1575300989 2
1575300990 2
1575300991 2
1575301787 2
1575301788 2
1575301789 2
1575301790 2
1575301791 2
1575301792 2
1575301793 2
1575301794 2
1575301795 2
1575301796 2
1575301797 2
1575301798 2
1575301799 2
1575301800 2
1575301801 2
1575301802 2
1575301803 2
1575301804 2
1575301805 2
1575301806 2
1575301807 2
