1575556509 2
1575556510 2
1575556511 2
1575556512 2
1575556670 2
1575556671 2
1575556672 2
1575556673 2
1575556835 2
1575556836 2
1575556837 2
1575557015 2
1575557016 2
1575557017 2
1575557555 2
1575557556 2
1575557557 2
1575557558 2
1575557719 3
1575557720 3
1575557721 2
1575557722 2
1575557723 2
1575557724 2
1575557725 2
1575557726 2
1575557727 2
1575557728 2
1575557729 2
1575557730 2
1575557731 2
1575557732 2
1575558187 2
1575558188 2
1575558189 2
1575558190 2
1575558574 2
1575558575 2
1575558576 2
1575558577 2
1575558886 2
1575558887 2
1575558888 2
1575559900 2
1575559901 2
1575559902 2
1575560558 2
1575560559 2
1575560560 2
1575561089 2
1575561090 2
1575561091 2
1575561092 2
1575561437 2
1575561438 2
1575561439 2
1575561440 2
1575561794 2
1575561795 2
1575561796 2
1575562213 2
1575562214 2
1575562215 2
1575562216 2
1575562922 2
1575562923 2
1575562924 2
1575563559 2
1575563560 2
1575563561 2
1575564173 2
1575564174 2
1575564175 2
1575564756 2
1575564757 2
1575564758 2
1575565323 2
1575565324 2
1575565325 2
1575565326 2
1575566455 2
1575566456 2
1575566457 2
1575566458 2
1575568403 2
1575568404 2
1575568405 2
