1575026482 2
1575026483 2
1575026484 2
1575026643 2
1575026644 2
1575026645 2
1575026804 2
1575026805 2
1575026806 2
1575026964 2
1575026965 2
1575026966 2
1575027612 2
1575027613 2
1575027614 2
1575027776 2
1575027777 2
1575027778 2
1575027941 2
1575027942 2
1575027943 2
1575028122 2
1575028123 2
1575028124 2
1575028430 2
1575028431 2
1575028432 2
1575028742 2
1575028743 2
1575028744 2
1575029075 2
1575029076 2
1575029077 2
1575029078 2
1575029699 2
1575029700 2
1575029701 2
1575030014 2
1575030015 2
1575030016 2
1575030017 2
1575030325 2
1575030326 2
1575030327 2
1575030328 2
1575030642 2
1575030643 2
1575030644 2
1575030645 2
1575032922 2
1575032923 2
1575032924 2
1575033488 2
1575033489 2
1575033490 2
1575033491 2
1575034648 2
1575034649 2
1575034650 2
1575036818 2
1575036819 2
1575036820 2
1575036821 2
1575037379 2
1575037380 2
1575037381 2
1575037936 2
1575037937 2
1575037938 2
1575038948 2
1575038949 2
1575038950 2
