1575112797 2
1575112798 2
1575112799 2
1575112800 2
1575112959 2
1575112960 2
1575112961 2
1575113121 2
1575113122 2
1575113123 2
1575113281 2
1575113282 2
1575113283 2
1575113284 2
1575113439 2
1575113440 2
1575113441 2
1575113442 2
1575113599 2
1575113600 2
1575113601 2
1575113602 2
1575114072 2
1575114073 2
1575114074 2
1575114408 2
1575114409 2
1575114410 2
1575114411 2
1575114712 2
1575114713 2
1575114714 2
1575115936 4
1575115937 3
1575115938 3
1575115939 2
1575115940 2
1575115941 2
1575115942 2
1575115943 2
1575115944 2
1575115945 2
1575115946 2
1575115947 2
1575115948 2
1575115949 2
1575115950 2
1575115951 2
1575115952 2
1575115953 2
1575115954 2
1575115955 2
1575115956 2
1575115957 2
1575116266 2
1575116267 2
1575116268 2
1575116885 2
1575116886 2
1575116887 2
1575116888 2
1575117193 2
1575117194 2
1575117195 2
1575117196 2
1575120777 2
1575120778 2
1575120779 2
1575120780 2
1575121337 2
1575121338 2
1575121339 2
1575122399 2
1575122400 2
1575122401 2
1575122958 2
1575122959 2
1575122960 2
1575125194 2
1575125195 2
1575125196 2
1575125727 4
1575125728 4
1575125729 4
1575125730 4
1575125731 4
1575125732 4
1575125733 4
1575125734 4
1575125735 4
1575125736 4
1575125737 4
1575125738 3
1575125739 3
1575125740 3
1575125741 4
1575125742 4
1575125743 4
1575125744 4
1575125745 4
1575125746 5
1575125747 2
1575125748 2
1575125749 2
1575125750 2
1575125751 2
1575125752 2
1575125753 2
1575125754 2
1575125755 2
1575125756 2
1575125757 2
1575125758 2
1575125759 2
1575125760 2
1575125761 2
1575125762 2
1575125763 2
1575125764 2
1575125765 2
1575125766 2
