1579354276 2
1579354277 2
1579354278 1
1579354279 2
1579354280 2
1579354281 3
1579354282 3
1579354283 3
1579354284 3
1579354285 3
1579354286 3
1579354287 3
1579354288 4
1579354562 2
1579354563 2
1579354564 3
1579354565 2
1579354566 2
1579354567 3
1579354568 2
1579354569 2
1579354570 2
1579354571 4
1579354572 5
1579354573 3
1579354574 4
1579354575 4
1579354576 4
1579354577 4
1579354578 4
1579354579 2
1579354580 2
1579354581 1
1579354582 1
1579354583 2
1579354584 2
1579354585 3
1579354586 3
1579354587 3
1579354588 3
1579354589 3
1579354590 3
1579354591 3
1579354592 3
1579354593 3
1579354594 4
1579354595 4
1579354596 3
1579354597 3
1579354598 3
1579354599 1
1579354600 1
1579354893 2
1579354894 2
1579354895 2
1579354896 1
1579354897 1
1579354898 1
1579354899 1
1579354900 1
1579354901 1
1579354902 1
1579354903 1
1579354904 1
1579354905 1
1579354906 2
1579354907 1
1579354908 1
1579355202 2
1579355203 2
1579355204 2
1579355205 2
1579355206 1
1579355207 1
1579355208 1
1579355209 2
1579355210 2
1579355211 2
1579355212 2
1579355213 2
1579355214 3
1579355215 2
1579355216 1
1579355486 3
1579355487 3
1579355488 4
1579355489 5
1579355490 4
1579355491 3
1579355492 4
1579355493 3
1579355494 2
1579355495 2
1579355496 3
1579355497 4
1579355498 4
1579355499 3
1579355500 4
1579355501 4
1579355502 3
1579355503 2
1579355504 2
1579355505 1
1579355506 1
1579355507 2
1579355508 2
1579355509 3
1579355510 3
1579355511 2
1579355512 2
1579355513 2
1579355514 2
1579355515 2
1579355516 3
1579355517 3
1579355518 2
1579355519 2
1579355520 1
1579355521 2
1579355522 2
1579355819 2
1579355820 3
1579355821 2
1579355822 2
1579355823 2
1579355824 1
1579355825 1
1579355826 1
1579355827 2
1579355828 2
1579355829 2
1579355830 2
1579355831 3
1579355832 2
1579355833 1
1579356104 5
1579356105 3
1579356106 3
1579356107 3
1579356108 2
1579356109 2
1579356110 2
1579356111 2
1579356112 2
1579356113 2
1579356114 3
1579356115 3
1579356116 2
1579356117 3
1579356118 3
1579356119 2
1579356120 2
1579356121 2
1579356122 3
1579356123 2
1579356124 2
1579356125 2
1579356126 2
1579356127 3
1579356128 3
1579356129 4
1579356130 3
1579356131 3
1579356132 2
1579356133 3
1579356134 4
1579356135 5
1579356136 4
1579356137 4
1579356138 3
1579356139 3
1579356140 3
1579356141 2
1579356142 2
1579356435 1
1579356436 1
1579356437 1
1579356438 1
1579356439 1
1579356440 1
1579356441 1
1579356442 2
1579356443 1
1579356444 1
1579356445 1
1579356446 2
1579356447 2
1579356448 2
1579356740 2
1579356741 3
1579356742 2
1579356743 1
1579356744 2
1579356745 1
1579356746 1
1579356747 1
1579356748 2
1579356749 2
1579356750 2
1579356751 2
1579356752 1
1579356753 1
