1571398097 3
1571398098 4
1571398099 5
1571398100 5
1571398101 3
1571398102 2
1571398103 2
1571398104 2
1571398105 2
1571398106 3
1571398107 3
1571398108 3
1571398109 4
1571398110 3
1571398111 4
1571398112 2
1571398113 2
1571398114 2
1571398115 2
1571398116 3
1571398117 2
1571398118 2
1571398119 2
1571398120 2
1571398121 1
1571398122 1
1571398123 1
1571398124 1
1571398125 2
1571398126 2
1571398127 2
1571398128 3
1571398129 2
1571398130 2
1571398131 2
1571398132 2
1571398133 2
1571398134 2
1571398135 1
1571398136 1
1571398137 1
1571398138 1
1571398139 1
1571398140 1
1571398141 1
1571398142 1
1571398493 4
1571398494 4
1571398495 5
1571398496 5
1571398497 2
1571398498 2
1571398499 2
1571398500 2
1571398501 3
1571398502 3
1571398503 3
1571398504 3
1571398505 3
1571398506 4
1571398507 2
1571398508 3
1571398509 2
1571398510 2
1571398511 2
1571398512 2
1571398513 2
1571398514 2
1571398515 2
1571398516 1
1571398517 1
1571398518 1
1571398519 1
1571398520 1
1571398521 1
1571398522 2
1571398523 3
1571398524 3
1571398525 4
1571398526 4
1571398527 3
1571398528 3
1571398529 3
1571398530 4
1571398531 4
1571398532 5
1571398533 5
1571398534 5
1571398535 4
1571398536 3
1571398537 3
1571398538 3
1571398539 2
1571398540 2
1571398886 3
1571398887 4
1571398888 3
1571398889 4
1571398890 4
1571398891 3
1571398892 2
1571398893 2
1571398894 3
1571398895 3
1571398896 3
1571398897 3
1571398898 3
1571398899 5
1571398900 4
1571398901 2
1571398902 2
1571398903 2
1571398904 2
1571398905 3
1571398906 2
1571398907 2
1571398908 2
1571398909 2
1571398910 2
1571398911 1
1571398912 1
1571398913 1
1571398914 1
1571398915 3
1571398916 3
1571398917 3
1571398918 3
1571398919 4
1571398920 4
1571398921 4
1571398922 4
1571398923 3
1571398924 3
1571398925 3
1571398926 3
1571398927 3
1571398928 2
1571398929 2
1571398931 1
1571398932 2
1571399278 3
1571399279 3
1571399280 2
1571399281 3
1571399282 3
1571399283 3
1571399284 4
1571399285 4
1571399286 4
1571399287 4
1571399288 3
1571399289 3
1571399290 4
1571399291 3
1571399292 3
1571399293 2
1571399294 2
1571399295 2
1571399296 2
1571399297 2
1571399298 2
1571399299 2
1571399300 1
1571399301 1
1571399302 1
1571399303 1
1571399304 1
1571399305 1
1571399306 2
1571399307 2
1571399308 2
1571399309 3
1571399310 3
1571399311 3
1571399312 2
1571399313 2
1571399314 3
1571399315 4
1571399316 3
1571399317 3
1571399318 3
1571399319 2
1571399320 2
1571399321 2
1571399322 2
1571399323 2
1571399324 2
1571399670 4
1571399671 6
1571399672 6
1571399673 4
1571399674 3
1571399675 2
1571399676 2
1571399677 2
1571399678 3
1571399679 3
1571399680 2
1571399681 3
1571399682 4
1571399683 3
1571399684 3
1571399685 2
1571399686 2
1571399687 2
1571399688 2
1571399689 3
1571399690 2
1571399691 2
1571399692 3
1571399693 1
1571399694 1
1571399695 1
1571399696 1
1571399697 1
1571399698 2
1571399699 2
1571399700 2
1571399701 3
1571399702 2
1571399703 2
1571399704 3
1571399705 3
1571399706 3
1571399707 3
1571399708 2
1571399709 3
1571399710 2
1571399711 2
1571399712 2
1571399713 1
1571399714 2
1571399715 3
1571399716 2
1571400066 4
1571400067 3
1571400068 3
1571400069 3
1571400070 2
1571400071 2
1571400072 2
1571400073 3
1571400074 3
1571400075 3
1571400076 3
1571400077 3
1571400078 3
1571400079 4
1571400080 4
1571400081 2
1571400082 2
1571400083 2
1571400084 2
1571400085 2
1571400086 3
1571400087 3
1571400088 3
1571400089 3
1571400090 3
1571400091 3
1571400092 3
1571400093 2
1571400094 2
1571400095 3
1571400096 3
1571400097 3
1571400098 4
1571400099 4
1571400100 3
1571400101 2
1571400102 2
1571400103 3
1571400104 3
1571400105 4
1571400106 4
1571400107 4
1571400108 3
1571400109 3
1571400110 3
1571400111 3
1571400112 2
1571400458 3
1571400459 4
1571400460 3
1571400461 5
1571400462 3
1571400463 2
1571400464 2
1571400465 3
1571400466 2
1571400467 3
1571400468 1
1571400469 2
1571400470 1
1571400471 1
1571400472 1
1571400473 1
1571400474 2
1571400475 2
1571400476 2
1571400477 4
1571400478 2
1571400479 1
1571400480 1
1571400481 2
1571400482 1
1571400483 2
1571400484 1
1571400485 1
1571400486 2
1571400487 2
1571400488 2
1571400489 1
1571400490 1
1571400491 2
1571400492 2
1571400493 2
1571400494 3
1571400495 3
1571400496 2
1571400497 2
1571400498 1
1571400499 1
1571400500 1
1571400501 1
1571400502 2
1571400503 2
1571400504 2
1571400505 2
1571400506 2
1571400507 2
1571400508 2
1571400509 3
1571400510 2
1571400511 2
1571400512 2
1571400513 2
1571400514 2
1571400515 3
1571400516 3
1571400517 3
1571400518 3
1571400519 3
1571400520 3
1571400521 3
1571400522 3
1571400523 3
1571400524 3
1571400525 3
1571400526 4
1571400527 4
1571400528 5
1571400529 5
1571400530 4
1571400531 4
1571400532 2
1571400533 2
1571400534 1
1571400886 3
1571400887 5
1571400888 4
1571400889 4
1571400890 4
1571400891 4
1571400892 3
1571400893 3
1571400894 3
1571400895 3
1571400896 3
1571400897 2
1571400898 3
1571400899 2
1571400900 3
1571400901 2
1571400902 2
1571400903 2
1571400904 3
1571400905 2
1571400906 2
1571400907 2
1571400908 2
1571400909 2
1571400910 1
1571400911 1
1571400912 1
1571400913 1
1571400914 2
1571400915 2
1571400916 2
1571400917 2
1571400918 3
1571400919 2
1571400920 2
1571400921 2
1571400922 3
1571400923 3
1571400924 3
1571400925 3
1571400926 3
1571400927 3
1571400928 3
1571400929 3
1571400930 3
1571400931 1
1571400932 1
1571401280 2
1571401281 3
1571401282 3
1571401283 4
1571401284 4
1571401285 4
1571401286 4
1571401287 4
1571401288 4
1571401289 3
1571401290 3
1571401291 3
1571401292 3
1571401293 3
1571401294 2
1571401295 2
1571401296 2
1571401297 2
1571401298 2
1571401299 2
1571401300 2
1571401301 2
1571401302 2
1571401303 1
1571401304 1
1571401305 1
1571401306 1
1571401307 1
1571401308 1
1571401309 2
1571401310 2
1571401311 2
1571401312 3
1571401313 3
1571401314 4
1571401315 4
1571401316 4
1571401317 4
1571401318 4
1571401319 4
1571401320 4
1571401321 4
1571401322 3
1571401323 3
1571401324 2
1571401325 3
1571401326 3
1571401670 3
1571401671 5
1571401672 4
1571401673 4
1571401674 2
1571401675 2
1571401676 2
1571401677 2
1571401678 2
1571401679 2
1571401680 2
1571401681 2
1571401682 3
1571401683 2
1571401684 3
1571401685 2
1571401686 2
1571401687 2
1571401688 3
1571401689 2
1571401690 2
1571401691 2
1571401692 2
1571401693 1
1571401694 1
1571401695 1
1571401696 1
1571401697 1
1571401698 2
1571401699 2
1571401700 2
1571401701 2
1571401702 3
1571401703 2
1571401704 2
1571401705 2
1571401706 2
1571401707 2
1571401708 4
1571401709 3
1571401710 3
1571401711 3
1571401712 4
1571401713 4
1571401714 4
1571401715 2
1571401716 2
1571407051 5
1571407052 5
1571407053 5
1571407054 4
1571407055 2
1571407056 3
1571407057 2
1571407058 2
1571407059 3
1571407060 3
1571407061 3
1571407062 3
1571407063 3
1571407064 4
1571407065 4
1571407066 3
1571407067 2
1571407068 2
1571407069 2
1571407070 2
1571407071 2
1571407072 2
1571407073 2
1571407074 2
1571407075 1
1571407076 1
1571407077 1
1571407078 1
1571407079 2
1571407080 2
1571407081 2
1571407082 3
1571407083 2
1571407084 2
1571407085 2
1571407086 2
1571407087 2
1571407088 2
1571407089 2
1571407090 2
1571407091 1
1571407092 1
1571407093 1
1571407095 1
1571407096 1
1571407097 1
1571407443 3
1571407444 3
1571407445 4
1571407446 4
1571407447 2
1571407448 2
1571407449 3
1571407450 3
1571407451 3
1571407452 3
1571407453 2
1571407454 2
1571407455 3
1571407456 2
1571407457 2
1571407458 2
1571407459 2
1571407460 2
1571407461 2
1571407462 2
1571407463 2
1571407464 2
1571407465 1
1571407466 1
1571407467 1
1571407468 1
1571407469 1
1571407470 1
1571407471 2
1571407472 2
1571407473 2
1571407474 3
1571407475 3
1571407476 2
1571407477 2
1571407478 2
1571407479 2
1571407480 3
1571407481 3
1571407482 3
1571407483 3
1571407484 2
1571407485 2
1571407486 2
1571407487 3
1571407488 3
1571407489 2
1571407834 4
1571407835 4
1571407836 3
1571407837 4
1571407838 3
1571407839 3
1571407840 3
1571407841 3
1571407842 3
1571407843 3
1571407844 3
1571407845 3
1571407846 4
1571407847 3
1571407848 3
1571407849 2
1571407850 2
1571407851 2
1571407852 2
1571407853 4
1571407854 3
1571407855 3
1571407856 3
1571407857 3
1571407858 2
1571407859 2
1571407860 2
1571407861 2
1571407862 2
1571407863 2
1571407864 2
1571407865 3
1571407866 3
1571407867 4
1571407868 4
1571407869 4
1571407870 4
1571407871 5
1571407872 5
1571407873 5
1571407874 5
1571407875 3
1571407876 3
1571407877 3
1571407878 2
1571407879 2
1571408223 5
1571408224 4
1571408225 5
1571408226 4
1571408227 4
1571408228 3
1571408229 4
1571408230 4
1571408231 4
1571408232 4
1571408233 3
1571408234 2
1571408235 3
1571408236 2
1571408237 2
1571408238 2
1571408239 2
1571408240 2
1571408241 2
1571408242 2
1571408243 2
1571408244 2
1571408245 1
1571408246 1
1571408247 1
1571408248 1
1571408249 1
1571408250 1
1571408251 2
1571408252 2
1571408253 2
1571408254 3
1571408255 2
1571408256 2
1571408257 2
1571408258 2
1571408259 2
1571408260 2
1571408261 2
1571408262 1
1571408263 1
1571408264 1
1571408265 1
1571408266 1
1571408267 1
1571408268 2
1571408269 2
1571408617 4
1571408618 3
1571408619 4
1571408620 3
1571408621 3
1571408622 3
1571408623 3
1571408624 4
1571408625 4
1571408626 3
1571408627 2
1571408628 2
1571408629 3
1571408630 2
1571408631 2
1571408632 2
1571408633 2
1571408634 2
1571408635 2
1571408636 3
1571408637 2
1571408638 2
1571408639 1
1571408640 1
1571408641 1
1571408642 1
1571408643 1
1571408644 1
1571408645 2
1571408646 2
1571408647 2
1571408648 2
1571408649 2
1571408650 2
1571408651 2
1571408652 2
1571408653 2
1571408654 2
1571408655 3
1571408656 3
1571408657 3
1571408658 2
1571408659 2
1571408660 2
1571408661 1
1571408662 1
