1575386011 2
1575386012 1
1575386013 1
1575386014 1
1575386015 1
1575386016 1
1575386017 2
1575386018 2
1575386019 2
1575386020 2
1575386021 2
1575386022 2
1575386023 3
1575386024 2
1575386025 2
1575386325 2
1575386326 2
1575386327 1
1575386328 1
1575386329 1
1575386330 1
1575386331 2
1575386332 2
1575386333 2
1575386334 2
1575386335 2
1575386336 2
1575386337 1
1575386338 1
1575386635 3
1575386636 3
1575386637 2
1575386638 1
1575386639 1
1575386640 1
1575386641 1
1575386642 2
1575386643 3
1575386644 3
1575386645 3
1575386646 4
1575386647 2
1575386648 1
1575387040 1
1575387041 2
1575387042 2
1575387043 1
1575387044 2
1575387045 2
1575387046 2
1575387047 2
1575387048 2
1575387049 2
1575387050 1
1575387051 1
1575387052 1
1575387053 1
1575387347 3
1575387348 2
1575387349 1
1575387350 1
1575387351 1
1575387352 1
1575387353 2
1575387354 1
1575387355 1
1575387356 1
1575387357 1
1575387358 1
1575387359 2
1575387360 2
1575387361 1
1575387634 6
1575387635 5
1575387636 4
1575387637 3
1575387638 3
1575387639 2
1575387640 1
1575387641 1
1575387642 1
1575387643 2
1575387644 3
1575387645 2
1575387646 2
1575387647 2
1575387648 2
1575387649 2
1575387650 2
1575387651 2
1575387652 2
1575387653 2
1575387654 2
1575387655 3
1575387656 4
1575387657 4
1575387658 4
1575387659 3
1575387660 4
1575387661 4
1575387662 3
1575387663 3
1575387664 3
1575387665 3
1575387666 3
1575387667 3
1575387668 2
1575387669 2
1575387670 2
1575387672 1
1575387673 1
1575387966 2
1575387967 2
1575387968 2
1575387969 3
1575387970 3
1575387971 4
1575387972 4
1575387973 3
1575387974 3
1575387975 2
1575387976 2
1575387977 2
1575387978 2
1575387979 2
1575387980 1
1575388274 2
1575388275 2
1575388276 3
1575388277 2
1575388278 1
1575388279 1
1575388280 2
1575388281 2
1575388282 1
1575388283 1
1575388284 1
1575388285 1
1575388286 2
1575388287 1
1575388288 1
1575388584 3
1575388585 3
1575388586 2
1575388587 2
1575388588 3
1575388589 3
1575388590 3
1575388591 2
1575388592 2
1575388593 2
1575388594 1
1575388595 2
1575388596 1
1575388597 1
1575388886 3
1575388887 4
1575388888 2
1575388889 2
1575388890 2
1575388891 2
1575388892 2
1575388893 2
1575388894 2
1575388895 2
1575388896 2
1575388897 2
1575388898 3
1575388899 3
1575388900 3
