1573207126 5
1573207127 3
1573207128 5
1573207129 4
1573207130 6
1573207294 6
1573207295 3
1573207296 5
1573207297 4
1573207298 6
1573207463 7
1573207464 6
1573207465 3
1573207466 2
1573207467 5
1573207628 6
1573207629 6
1573207630 4
1573207631 4
1573207632 6
1573207798 6
1573207799 6
1573207800 2
1573207801 3
1573207802 4
1573207803 5
1573207966 6
1573207967 4
1573207968 2
1573207969 1
1573207970 2
1573208132 6
1573208133 4
1573208134 2
1573208135 2
1573208136 4
1573208298 7
1573208299 5
1573208300 7
1573208301 6
1573208302 7
1573208466 7
1573208467 4
1573208468 3
1573208469 4
1573208470 5
1573208631 9
1573208632 9
1573208633 4
1573208634 5
1573208635 6
1573220368 10
1573220369 5
1573220370 7
1573220371 9
1573220534 6
1573220535 5
1573220536 3
1573220537 4
1573220538 5
1573220702 4
1573220703 2
1573220704 2
1573220705 2
1573220706 4
1573220707 4
1573220871 7
1573220872 5
1573220873 1
1573220874 3
1573220875 3
1573221039 6
1573221040 4
1573221041 5
1573221042 5
1573221043 4
1573221205 7
1573221206 5
1573221207 2
1573221208 3
1573221209 2
1573221370 6
1573221371 1
1573221372 2
1573221373 2
1573221539 6
1573221540 6
1573221541 2
1573221542 3
1573221543 4
1573221707 7
1573221708 5
1573221709 7
1573221710 7
1573221711 9
1573221876 9
1573221877 4
1573221878 1
1573221879 2
1573222065 7
1573222066 3
1573222067 4
1573222068 4
1573222069 5
1573222235 4
1573222236 4
1573222237 6
1573222238 3
1573222239 4
1573222402 5
1573222403 1
1573222404 2
1573222405 3
1573222568 4
1573222569 2
1573222570 3
1573222571 4
1573222737 7
1573222738 5
1573222739 4
1573222740 5
1573222741 6
