1571752113 7
1571752114 6
1571752115 4
1571752116 4
1571752117 6
1571752309 9
1571752310 11
1571752311 6
1571752312 6
1571752313 7
1571752508 7
1571752509 6
1571752510 3
1571752511 5
1571752512 5
1571752713 6
1571752714 4
1571752715 4
1571752716 5
1571752717 4
1571752909 5
1571752910 4
1571752911 3
1571752912 5
1571752913 3
1571753103 6
1571753104 8
1571753105 5
1571753106 6
1571753107 7
1571753108 6
1571753300 8
1571753301 8
1571753302 3
1571753303 4
1571753304 3
1571753305 3
1571753498 8
1571753499 9
1571753500 7
1571753501 7
1571753502 8
1571753696 5
1571753697 3
1571753698 5
1571753699 5
1571753700 4
1571753892 6
1571753893 5
1571753894 1
1571753895 2
1571753896 3
1571760250 8
1571760251 8
1571760252 4
1571760253 3
1571760254 4
1571760255 6
1571760448 8
1571760449 7
1571760450 2
1571760451 3
1571760452 3
1571760649 7
1571760650 6
1571760651 3
1571760652 5
1571760653 4
1571760850 8
1571760851 4
1571760852 6
1571760853 5
1571760854 6
1571761048 8
1571761049 11
1571761050 4
1571761051 5
1571761052 6
1571761256 6
1571761257 5
1571761258 3
1571761259 4
1571761260 5
1571761454 8
1571761455 9
1571761456 6
1571761457 9
1571761458 8
1571761649 7
1571761650 9
1571761651 5
1571761652 6
1571761653 4
1571761846 6
1571761847 4
1571761848 4
1571761849 5
1571761850 5
1571762053 10
1571762054 8
1571762055 5
1571762056 7
1571762057 7
1571762058 8
