1580304802 6
1580304803 5
1580304804 3
1580304805 3
1580304806 4
1580304961 6
1580304962 4
1580304963 4
1580304964 4
1580304965 7
1580305122 6
1580305123 3
1580305124 4
1580305125 4
1580305126 5
1580305282 8
1580305283 7
1580305284 7
1580305285 7
1580305286 8
1580305465 7
1580305466 6
1580305467 3
1580305468 3
1580305469 4
1580305470 5
1580305629 6
1580305630 4
1580305631 5
1580305632 4
1580305633 5
1580305789 11
1580305790 9
1580305791 9
1580305792 8
1580305793 8
1580305946 7
1580305947 5
1580305948 2
1580305949 3
1580305950 5
1580306101 10
1580306102 6
1580306103 2
1580306104 3
1580306105 3
1580306106 4
1580306264 4
1580306265 6
1580306266 4
1580306267 4
1580306268 5
