1570446960 3
1570446961 3
1570446962 2
1570446963 4
1570448052 2
1570448053 2
1570448054 2
1570448055 3
1570448779 2
1570448780 2
1570448781 2
1570448782 3
1570449250 2
1570449251 2
1570449252 2
1570449253 2
1570449254 3
1570449679 2
1570449680 2
1570449681 2
1570449682 2
1570449683 2
1570449684 2
1570449685 2
1570449686 2
1570449687 2
1570449688 2
1570449689 2
1570449690 2
1570449691 2
1570449692 2
1570449693 2
1570449694 2
1570449695 2
1570449696 2
1570449697 2
1570449698 2
1570449699 2
1570449700 2
1570449701 2
1570449702 2
1570449703 2
1570449704 2
1570449705 3
1570449706 3
1570449707 3
1570449708 4
1570449709 4
1570449710 4
1570449711 3
1570449712 2
1570449713 3
1570449714 3
1570449715 3
1570449716 3
1570449717 4
