1580215292 2
1580215293 3
1580215294 3
1580215484 2
1580215485 2
1580215486 3
1580215651 2
1580215652 3
1580215653 2
1580215654 3
1580215810 2
1580215811 5
1580215812 3
1580215971 3
1580215972 4
1580215973 4
1580216133 2
1580216134 2
1580216135 2
1580216136 4
1580216294 2
1580216295 2
1580216296 3
1580216454 3
1580216455 3
1580216456 3
1580216457 3
1580216614 2
1580216615 4
1580216616 4
1580216795 2
1580216796 2
1580216797 2
1580216798 3
1580217827 2
1580217828 2
1580217829 2
1580217830 3
1580218155 1
1580218156 2
1580218157 2
1580218158 4
1580218470 2
1580218471 2
1580218472 2
1580218473 3
1580218804 2
1580218805 2
1580218806 3
1580218807 4
1580219157 2
1580219158 3
1580219159 3
1580219517 2
1580219518 2
1580219519 3
1580222244 2
1580222245 2
1580222246 3
1580222247 3
1580222560 2
1580222561 3
1580222562 3
1580222874 2
1580222875 3
1580222876 3
1580222877 3
1580223178 2
1580223179 2
1580223180 2
1580223181 3
