1573901025 2
1573901026 3
1573901027 4
1573901182 2
1573901183 2
1573901184 2
1573901185 3
1573901339 2
1573901340 3
1573901341 3
1573901494 2
1573901495 2
1573901496 3
1573901497 3
1573901656 2
1573901657 3
1573901658 3
1573901809 2
1573901810 2
1573901811 2
1573901812 3
1573901964 2
1573901965 3
1573901966 3
1573902123 2
1573902124 3
1573902125 3
1573902279 2
1573902280 2
1573902281 2
1573902282 3
1573902435 2
1573902436 2
1573902437 2
1573902438 3
1573902628 2
1573902629 3
1573902630 3
1573902631 3
1573902936 2
1573902937 3
1573902938 3
1573903247 2
1573903248 4
1573903249 3
1573903558 2
1573903559 2
1573903560 2
1573903561 3
1573903869 2
1573903870 3
1573903871 3
1573904177 2
1573904178 2
1573904179 2
1573904180 3
1573904504 1
1573904505 1
1573904506 1
1573904507 1
1573904508 2
1573904509 2
1573904510 1
1573904511 2
