1572006448 4
1572006449 3
1572006450 2
1572006451 2
1572006452 2
1572006453 1
1572006454 1
1572006455 2
1572006456 2
1572006457 2
1572006458 3
1572006459 3
1572006460 3
1572006461 2
1572006462 2
1572007156 2
1572007157 1
1572007158 1
1572007159 2
1572007160 3
1572007161 3
1572007162 3
1572007163 3
1572007164 2
1572007165 3
1572007166 3
1572007167 2
1572007168 2
1572007548 2
1572007549 2
1572007550 1
1572007551 2
1572007552 3
1572007553 3
1572007554 3
1572007555 3
1572007556 2
1572007557 3
1572007558 2
1572007559 2
1572007560 1
1572008050 2
1572008051 1
1572008052 1
1572008053 2
1572008054 3
1572008055 3
1572008056 3
1572008057 3
1572008058 2
1572008059 3
1572008060 3
1572008061 2
1572008062 2
1572008451 2
1572008452 2
1572008453 2
1572008454 2
1572008455 3
1572008456 3
1572008457 3
1572008458 3
1572008459 3
1572008460 2
1572008461 2
1572008462 3
1572008463 4
1572008854 2
1572008855 1
1572008856 1
1572008857 2
1572008858 3
1572008859 4
1572008860 4
1572008861 3
1572008862 4
1572008863 4
1572008864 3
1572008865 3
1572008866 1
1572009248 2
1572009249 2
1572009250 3
1572009251 2
1572009252 3
1572009253 3
1572009254 3
1572009255 3
1572009256 3
1572009257 3
1572009258 2
1572009259 2
1572009260 2
1572009637 2
1572009638 1
1572009639 1
1572009640 2
1572009641 3
1572009642 3
1572009643 3
1572009644 2
1572009645 2
1572009646 3
1572009647 3
1572009648 3
1572009649 1
1572010029 2
1572010030 2
1572010031 1
1572010032 2
1572010033 3
1572010034 3
1572010035 4
1572010036 3
1572010037 3
1572010038 4
1572010039 2
1572010040 2
1572010041 2
1572010425 2
1572010426 1
1572010427 2
1572010428 3
1572010429 3
1572010430 4
1572010431 3
1572010432 2
1572010433 3
1572010434 3
1572010435 2
1572010436 2
1572010437 1
1572010815 2
1572010816 2
1572010817 1
1572010818 2
1572010819 3
1572010820 3
1572010821 3
1572010822 3
1572010823 3
1572010824 4
1572010825 3
1572010826 2
1572010827 2
1572010828 2
1572013378 2
1572013379 2
1572013380 2
1572013381 2
1572013382 3
1572013383 3
1572013384 3
1572013385 3
1572013386 3
1572013387 3
1572013388 2
1572013389 2
1572013390 2
1572013391 1
1572013771 2
1572013772 1
1572013773 2
1572013774 2
1572013775 3
1572013776 4
1572013777 5
1572013778 4
1572013779 3
1572013780 4
1572013781 5
1572013782 5
1572013783 3
1572014162 2
1572014163 2
1572014164 2
1572014165 2
1572014166 3
1572014167 3
1572014168 3
1572014169 3
1572014170 3
1572014171 4
1572014172 2
1572014173 2
1572014174 2
1572014175 2
1572014553 2
1572014554 1
1572014555 2
1572014556 3
1572014557 3
1572014558 3
1572014559 3
1572014560 2
1572014561 4
1572014562 3
1572014563 2
1572014564 2
1572014565 1
1572014943 2
1572014944 2
1572014945 1
1572014946 2
1572014947 3
1572014948 3
1572014949 3
1572014950 3
1572014951 3
1572014952 3
1572014953 3
1572014954 2
1572014955 2
