1574688035 2
1574688036 2
1574688037 2
1574688038 3
1574688039 3
1574688040 2
1574688041 3
1574688042 4
1574688043 2
1574688044 2
1574688353 2
1574688354 3
1574688355 2
1574688356 3
1574688357 3
1574688358 3
1574688359 4
1574688360 3
1574688361 2
1574688362 2
1574692044 3
1574692045 2
1574692046 3
1574692047 4
1574692048 3
1574692049 3
1574692050 2
1574692051 3
1574692052 3
1574692053 1
1574692360 2
1574692361 2
1574692362 2
1574692363 4
1574692364 3
1574692365 3
1574692366 3
1574692367 4
1574692368 3
1574692369 3
1574693276 2
1574693277 1
1574693278 2
1574693279 3
1574693280 3
1574693281 3
1574693282 2
1574693283 3
1574693284 3
1574693285 1
1574693591 2
1574693592 2
1574693593 2
1574693594 4
1574693595 3
1574693596 3
1574693597 4
1574693598 2
1574693599 2
1574693600 2
1574693922 2
1574693923 1
1574693924 2
1574693925 2
1574693926 3
1574693927 3
1574693928 2
1574693929 2
1574693930 3
1574693931 2
1574693932 1
1574694346 2
1574694347 3
1574694348 2
1574694349 3
1574694350 3
1574694351 3
1574694352 3
1574694353 3
1574694354 2
1574694355 2
1574694672 3
1574694673 2
1574694674 3
1574694675 4
1574694676 4
1574694677 4
1574694678 2
1574694679 3
1574694680 3
1574694681 1
1574695226 2
1574695227 1
1574695228 2
1574695229 3
1574695230 3
1574695231 3
1574695232 2
1574695233 2
1574695234 2
1574695235 2
1574695567 2
1574695568 1
1574695569 2
1574695570 2
1574695571 3
1574695572 3
1574695573 2
1574695574 4
1574695575 4
1574695576 2
1574695877 2
1574695878 2
1574695879 2
1574695880 3
1574695881 3
1574695882 3
1574695883 4
1574695884 2
1574695885 2
1574696332 2
1574696333 1
1574696334 2
1574696335 2
1574696336 3
1574696337 3
1574696338 2
1574696339 2
1574696340 3
1574696341 2
1574696342 1
1574696910 3
1574696911 3
1574696912 3
1574696913 3
1574696914 3
1574696915 4
1574696916 3
1574696917 4
1574696918 3
1574696919 2
1574697502 2
1574697503 2
1574697504 2
1574697505 3
1574697506 3
1574697507 3
1574697508 2
1574697509 3
1574697510 3
1574697511 2
1574698080 2
1574698081 2
1574698082 2
1574698083 3
1574698084 3
1574698085 2
1574698086 2
1574698087 3
1574698088 1
1574698089 1
1574698665 3
1574698666 3
1574698667 3
1574698668 4
1574698669 5
1574698670 4
1574698671 4
1574698672 3
1574698673 3
1574708119 1
1574708120 2
1574708121 2
1574708122 3
1574708123 3
1574708124 2
1574708125 3
1574708126 2
1574708127 1
1574708813 2
1574708814 3
1574708815 2
1574708816 3
1574708817 3
1574708818 3
1574708819 2
1574708820 3
1574708821 3
1574708822 1
1574708823 1
1574709442 2
1574709443 2
1574709444 2
1574709445 3
1574709446 3
1574709447 3
1574709448 2
1574709449 2
1574709450 2
1574709451 2
1574710729 2
1574710730 2
1574710731 2
1574710732 3
1574710733 3
1574710734 3
1574710735 4
1574710736 2
1574710737 2
1574710738 2
