1571754198 2
1571754199 2
1571754200 2
1571754201 2
1571754202 3
1571754203 3
1571754204 3
1571754205 3
1571754206 2
1571754207 3
1571754208 3
1571754209 2
1571754210 2
1571754589 2
1571754590 3
1571754591 2
1571754592 2
1571754593 4
1571754594 4
1571754595 4
1571754596 3
1571754597 2
1571754598 3
1571754599 2
1571754600 2
1571754601 2
1571754989 2
1571754990 2
1571754991 2
1571754992 2
1571754993 4
1571754994 4
1571754995 3
1571754996 3
1571754997 2
1571754998 3
1571754999 3
1571755000 3
1571755001 2
1571755002 1
1571755386 2
1571755387 2
1571755388 2
1571755389 3
1571755390 4
1571755391 4
1571755392 3
1571755393 3
1571755394 3
1571755395 4
1571755396 3
1571755397 3
1571755398 3
1571756617 2
1571756618 1
1571756619 2
1571756620 2
1571756621 3
1571756622 4
1571756623 3
1571756624 3
1571756625 2
1571756626 3
1571756627 3
1571756628 3
1571756629 1
1571756630 1
1571757048 2
1571757049 2
1571757050 2
1571757051 3
1571757052 4
1571757053 4
1571757054 4
1571757055 4
1571757056 3
1571757057 4
1571757058 3
1571757059 2
1571757060 2
1571757061 2
1571757477 2
1571757478 2
1571757479 2
1571757480 2
1571757481 4
1571757482 4
1571757483 3
1571757484 3
1571757485 2
1571757486 3
1571757487 2
1571757488 2
1571757489 2
1571757490 1
1571757873 2
1571757874 1
1571757875 2
1571757876 2
1571757877 4
1571757878 3
1571757879 3
1571757880 2
1571757881 2
1571757882 3
1571757883 3
1571757884 3
1571757885 1
1571757886 1
1571758267 2
1571758268 3
1571758269 2
1571758270 2
1571758271 3
1571758272 3
1571758273 3
1571758274 3
1571758275 3
1571758276 3
1571758277 2
1571758278 2
1571758279 2
1571758657 1
1571758658 2
1571758659 2
1571758660 2
1571758661 4
1571758662 3
1571758663 3
1571758664 2
1571758665 4
1571758666 5
1571758667 5
1571758668 3
1571758669 2
1571762271 2
1571762272 3
1571762273 2
1571762274 3
1571762275 4
1571762276 3
1571762277 3
1571762278 3
1571762279 3
1571762280 2
1571762281 2
1571762282 2
1571762283 2
1571762667 2
1571762668 1
1571762669 2
1571762670 2
1571762671 4
1571762672 4
1571762673 3
1571762674 3
1571762675 2
1571762676 3
1571762677 3
1571762678 3
1571762679 1
1571763060 2
1571763061 3
1571763062 3
1571763063 4
1571763064 5
1571763065 4
1571763066 4
1571763067 4
1571763068 4
1571763069 5
1571763070 2
1571763071 2
1571763072 2
1571763448 2
1571763449 1
1571763450 2
1571763451 3
1571763452 4
1571763453 4
1571763454 5
1571763455 4
1571763456 4
1571763457 4
1571763458 3
1571763459 2
1571763460 1
1571763842 2
1571763843 2
1571763844 2
1571763845 3
1571763846 4
1571763847 4
1571763848 3
1571763849 3
1571763850 3
1571763851 4
1571763852 2
1571763853 2
1571763854 2
1571764248 2
1571764249 2
1571764250 2
1571764251 2
1571764252 4
1571764253 4
1571764254 3
1571764255 2
1571764256 2
1571764257 3
1571764258 2
1571764259 2
1571764260 1
1571764658 2
1571764659 2
1571764660 2
1571764661 3
1571764662 4
1571764663 4
1571764664 3
1571764665 3
1571764666 2
1571764667 3
1571764668 3
1571764669 2
1571764670 3
1571765049 2
1571765050 2
1571765051 2
1571765052 2
1571765053 4
1571765054 4
1571765055 3
1571765056 3
1571765057 3
1571765058 3
1571765059 2
1571765060 2
1571765061 1
1571765438 1
1571765439 1
1571765440 2
1571765441 2
1571765442 3
1571765443 3
1571765444 3
1571765445 2
1571765446 2
1571765447 3
1571765448 3
1571765449 3
1571765450 1
1571765451 2
1571765829 2
1571765830 2
1571765831 2
1571765832 2
1571765833 4
1571765834 4
1571765835 3
1571765836 3
1571765837 2
1571765838 3
1571765839 2
1571765840 2
1571765841 2
1571766407 3
1571766408 3
1571766409 2
1571766410 2
1571766411 4
1571766412 4
1571766413 3
1571766414 2
1571766415 2
1571766416 3
1571766417 3
1571766418 3
1571766419 1
1571767189 2
1571767190 1
1571767191 2
1571767192 3
1571767193 4
1571767194 4
1571767195 5
1571767196 5
1571767197 3
1571767198 4
1571767199 4
1571767200 3
1571767201 2
1571767202 1
