1572268994 3
1572268995 3
1572268996 2
1572268997 3
1572268998 3
1572268999 3
1572269000 3
1572269001 3
1572269002 3
1572269003 4
1572269004 2
1572269005 2
1572269006 2
1572269007 2
1572269414 3
1572269415 2
1572269416 5
1572269417 4
1572269418 4
1572269419 3
1572269420 3
1572269421 2
1572269422 2
1572269423 4
1572269424 4
1572269425 2
1572269426 1
1572269828 3
1572269829 3
1572269830 3
1572269831 3
1572269832 3
1572269833 3
1572269834 3
1572269835 3
1572269836 3
1572269837 4
1572269838 2
1572269839 2
1572269840 2
1572270235 2
1572270236 1
1572270237 2
1572270238 3
1572270239 4
1572270240 3
1572270241 3
1572270242 3
1572270243 2
1572270244 3
1572270245 2
1572270246 2
1572270247 1
1572270248 1
1572270630 3
1572270631 3
1572270632 3
1572270633 2
1572270634 3
1572270635 3
1572270636 3
1572270637 3
1572270638 3
1572270639 3
1572270640 2
1572270641 2
1572270642 2
1572271116 3
1572271117 3
1572271118 3
1572271119 3
1572271120 4
1572271121 3
1572271122 3
1572271123 2
1572271124 3
1572271125 2
1572271126 2
1572271127 2
1572271128 1
1572272362 3
1572272363 3
1572272364 4
1572272365 5
1572272366 4
1572272367 4
1572272368 4
1572272369 5
1572272370 3
1572272371 3
1572272372 4
1572272693 3
1572272694 3
1572272695 3
1572272696 3
1572272697 3
1572272698 3
1572272699 2
1572272700 4
1572272701 3
1572272702 2
1572272703 1
1572273027 3
1572273028 2
1572273029 3
1572273030 3
1572273031 3
1572273032 3
1572273033 3
1572273034 3
1572273035 2
1572273036 2
1572273037 1
1572273374 3
1572273375 2
1572273376 2
1572273377 2
1572273378 3
1572273379 4
1572273380 3
1572273381 3
1572273382 4
1572273383 2
1572273384 2
1572273706 4
1572273707 4
1572273708 5
1572273709 5
1572273710 4
1572273711 4
1572273712 3
1572273713 3
1572273714 2
1572273715 2
1572273716 1
1572276131 3
1572276132 3
1572276133 3
1572276134 3
1572276135 3
1572276136 3
1572276137 4
1572276138 3
1572276139 2
1572276140 2
1572276141 2
1572276468 2
1572276469 3
1572276470 2
1572276471 3
1572276472 3
1572276473 3
1572276474 3
1572276475 4
1572276476 4
1572276477 3
1572276802 3
1572276803 3
1572276804 3
1572276805 4
1572276806 3
1572276807 3
1572276808 2
1572276809 3
1572276810 2
1572276811 2
1572276812 1
1572277133 2
1572277134 1
1572277135 2
1572277136 2
1572277137 3
1572277138 3
1572277139 3
1572277140 4
1572277141 4
1572277142 2
1572277143 2
1572277468 3
1572277469 2
1572277470 3
1572277471 4
1572277472 3
1572277473 3
1572277474 2
1572277475 4
1572277476 2
1572277477 2
1572277478 1
1572277827 3
1572277828 2
1572277829 3
1572277830 2
1572277831 3
1572277832 3
1572277833 3
1572277834 3
1572277835 3
1572277836 2
1572277837 2
1572278159 2
1572278160 1
1572278161 2
1572278162 3
1572278163 3
1572278164 3
1572278165 2
1572278166 3
1572278167 2
1572278168 2
1572278169 1
1572278491 3
1572278492 2
1572278493 3
1572278494 3
1572278495 3
1572278496 3
1572278497 3
1572278498 3
1572278499 3
1572278500 3
1572278501 3
