1575028225 2
1575028226 3
1575028227 4
1575028228 4
1575028229 4
1575028230 5
1575028231 5
1575028232 3
1575028233 2
1575028234 2
1575028534 2
1575028535 3
1575028536 3
1575028537 4
1575028538 4
1575028539 4
1575028540 4
1575028541 3
1575028542 3
1575028543 1
1575028845 2
1575028846 2
1575028847 2
1575028848 4
1575028849 3
1575028850 3
1575028851 4
1575028852 2
1575028853 2
1575028854 2
1575029183 1
1575029184 2
1575029185 4
1575029186 4
1575029187 4
1575029188 4
1575029189 4
1575029190 3
1575029191 3
1575029192 1
1575029493 1
1575029494 2
1575029495 3
1575029496 4
1575029497 3
1575029498 2
1575029499 3
1575029500 2
1575029501 2
1575029803 4
1575029804 2
1575029805 4
1575029806 5
1575029807 5
1575029808 5
1575029809 3
1575029810 4
1575029811 3
1575029812 1
1575030116 2
1575030117 2
1575030118 3
1575030119 4
1575030120 3
1575030121 2
1575030122 2
1575030123 2
1575030124 2
1575030125 1
1575030429 2
1575030430 2
1575030431 2
1575030432 4
1575030433 4
1575030434 3
1575030435 2
1575030436 3
1575030437 3
1575030438 1
1575030748 2
1575030749 2
1575030750 2
1575030751 4
1575030752 3
1575030753 2
1575030754 2
1575030755 2
1575030756 2
1575030757 1
1575031075 2
1575031076 2
1575031077 2
1575031078 3
1575031079 4
1575031080 4
1575031081 3
1575031082 3
1575031083 3
1575031084 2
1575031085 1
1575033011 2
1575033012 1
1575033013 2
1575033014 4
1575033015 3
1575033016 2
1575033017 2
1575033018 3
1575033019 2
1575033020 1
1575033578 2
1575033579 2
1575033580 2
1575033581 3
1575033582 3
1575033583 3
1575033584 3
1575033585 3
1575033586 2
1575033587 3
1575034170 2
1575034171 4
1575034172 3
1575034173 5
1575034174 5
1575034175 6
1575034176 6
1575034177 4
1575034178 3
1575034179 3
1575034737 2
1575034738 2
1575034739 3
1575034740 4
1575034741 4
1575034742 3
1575034743 2
1575034744 3
1575034745 3
1575034746 2
1575035308 3
1575035309 3
1575035310 4
1575035311 5
1575035312 5
1575035313 3
1575035314 2
1575035315 3
1575035316 3
1575035317 1
1575036331 3
1575036332 3
1575036333 3
1575036334 5
1575036335 5
1575036336 2
1575036337 2
1575036338 3
1575036339 1
1575036340 1
1575036908 2
1575036909 3
1575036910 3
1575036911 5
1575036912 5
1575036913 4
1575036914 4
1575036915 4
1575036916 3
1575036917 3
1575037467 2
1575037468 1
1575037469 3
1575037470 4
1575037471 4
1575037472 3
1575037473 3
1575037474 4
1575037475 4
1575037476 3
1575038471 1
1575038472 2
1575038473 3
1575038474 4
1575038475 3
1575038476 2
1575038477 3
1575038478 2
1575038479 1
1575039038 1
1575039039 2
1575039040 3
1575039041 4
1575039042 3
1575039043 2
1575039044 3
1575039045 2
1575039046 1
