1579186423 2
1579186424 2
1579186425 2
1579186426 3
1579186427 3
1579186428 2
1579186429 3
1579186430 4
1579186431 2
1579186432 2
1579186768 2
1579186769 1
1579186770 2
1579186771 3
1579186772 3
1579186773 2
1579186774 3
1579186775 3
1579186776 3
1579186777 2
1579187782 2
1579187783 2
1579187784 2
1579187785 3
1579187786 3
1579187787 3
1579187788 5
1579187789 4
1579187790 3
1579187791 4
1579188114 4
1579188115 3
1579188116 3
1579188117 4
1579188118 4
1579188119 3
1579188120 3
1579188121 4
1579188122 4
1579188123 1
1579188559 2
1579188560 2
1579188561 2
1579188562 3
1579188563 3
1579188564 4
1579188565 4
1579188566 4
1579188567 3
1579189095 2
1579189096 2
1579189097 2
1579189098 3
1579189099 3
1579189100 4
1579189101 4
1579189102 3
1579189103 2
1579189425 2
1579189426 2
1579189427 2
1579189428 3
1579189429 3
1579189430 4
1579189431 4
1579189432 4
1579189433 3
1579189434 2
1579189753 1
1579189754 2
1579189755 2
1579189756 2
1579189757 3
1579189758 2
1579189759 3
1579189760 4
1579189761 3
1579189762 2
1579190094 2
1579190095 3
1579190096 2
1579190097 2
1579190098 3
1579190099 3
1579190100 3
1579190101 3
1579190102 3
1579190103 2
1579190429 2
1579190430 2
1579190431 2
1579190432 4
1579190433 3
1579190434 3
1579190435 4
1579190436 4
1579190437 4
1579190438 3
1579190439 3
1579190937 2
1579190938 1
1579190939 2
1579190940 3
1579190941 3
1579190942 2
1579190943 3
1579190944 3
1579190945 3
1579190946 2
1579191552 2
1579191553 2
1579191554 2
1579191555 3
1579191556 3
1579191557 2
1579191558 3
1579191559 3
1579191560 1
1579191561 2
1579192117 2
1579192118 1
1579192119 2
1579192120 3
1579192121 3
1579192122 2
1579192123 3
1579192124 4
1579192125 4
1579192126 2
1579192697 2
1579192698 1
1579192699 2
1579192700 3
1579192701 3
1579192702 3
1579192703 3
1579192704 4
1579192705 4
1579192706 2
1579193263 3
1579193264 3
1579193265 2
1579193266 3
1579193267 3
1579193268 3
1579193269 4
1579193270 4
1579193271 2
1579193852 3
1579193853 3
1579193854 2
1579193855 4
1579193856 3
1579193857 4
1579193858 5
1579193859 5
1579193860 5
1579193861 4
1579194417 2
1579194418 2
1579194419 2
1579194420 3
1579194421 3
1579194422 3
1579194423 4
1579194424 4
1579194425 3
1579194426 2
1579194427 3
1579194987 1
1579194988 2
1579194989 2
1579194990 3
1579194991 3
1579194992 2
1579194993 4
1579194994 3
1579194995 1
1579194996 2
1579195576 2
1579195577 1
1579195578 2
1579195579 2
1579195580 3
1579195581 3
1579195582 3
1579195583 4
1579195584 4
1579195585 1
1579196140 2
1579196141 1
1579196142 2
1579196143 3
1579196144 3
1579196145 3
1579196146 3
1579196147 4
1579196148 3
1579196149 4
