1572003260 7
1572003261 7
1572003262 7
1572003263 3
1572003264 5
1572003265 4
1572003266 6
1572003267 4
1572003454 7
1572003455 8
1572003456 5
1572003457 5
1572003458 4
1572003459 4
1572003460 6
1572003461 5
1572003462 6
1572003463 5
1572003652 6
1572003653 8
1572003654 5
1572003655 4
1572003656 5
1572003657 4
1572003658 5
1572003659 5
1572003850 6
1572003851 7
1572003852 5
1572003853 5
1572003854 5
1572003855 5
1572003856 6
1572003857 5
1572004046 6
1572004047 6
1572004048 5
1572004049 4
1572004050 4
1572004051 5
1572004052 5
1572004053 5
1572004242 7
1572004243 7
1572004244 6
1572004245 5
1572004246 5
1572004247 5
1572004248 5
1572004249 5
1572004436 6
1572004437 7
1572004438 6
1572004439 5
1572004440 4
1572004441 5
1572004442 5
1572004443 4
1572004635 5
1572004636 7
1572004637 7
1572004638 4
1572004639 4
1572004640 5
1572004641 5
1572004642 5
1572004837 8
1572004838 8
1572004839 5
1572004840 4
1572004841 5
1572004842 5
1572004843 5
1572004844 4
1572005036 6
1572005037 8
1572005038 6
1572005039 6
1572005040 4
1572005041 5
1572005042 5
1572005043 5
1572011237 5
1572011238 7
1572011239 6
1572011240 5
1572011241 6
1572011242 4
1572011243 5
1572011244 5
1572011245 5
1572011434 6
1572011435 7
1572011436 5
1572011437 5
1572011438 7
1572011439 6
1572011440 5
1572011441 5
1572011630 6
1572011631 8
1572011632 6
1572011633 7
1572011634 6
1572011635 5
1572011636 6
1572011637 5
1572011827 5
1572011828 6
1572011829 6
1572011830 6
1572011831 5
1572011832 5
1572011833 5
1572011834 5
1572012023 5
1572012024 6
1572012025 7
1572012026 5
1572012027 4
1572012028 5
1572012029 5
1572012030 5
1572012221 5
1572012222 6
1572012223 7
1572012224 4
1572012225 3
1572012226 4
1572012227 5
1572012228 5
1572012416 6
1572012417 7
1572012418 5
1572012419 6
1572012420 5
1572012421 5
1572012422 5
1572012423 4
1572012610 6
1572012611 7
1572012612 6
1572012613 6
1572012614 7
1572012615 6
1572012616 5
1572012617 5
1572012805 6
1572012806 8
1572012807 6
1572012808 5
1572012809 4
1572012810 5
1572012811 5
1572012812 5
1572012999 6
1572013000 6
1572013001 6
1572013002 4
1572013003 5
1572013004 5
1572013005 6
1572013006 5
