1573207102 5
1573207103 5
1573207104 4
1573207105 5
1573207106 4
1573207107 4
1573207270 5
1573207271 5
1573207272 4
1573207273 4
1573207274 4
1573207275 4
1573207439 5
1573207440 6
1573207441 4
1573207442 5
1573207443 5
1573207444 6
1573207445 4
1573207604 6
1573207605 7
1573207606 4
1573207607 4
1573207608 5
1573207609 5
1573207774 6
1573207775 6
1573207776 5
1573207777 5
1573207778 4
1573207779 4
1573207780 5
1573207941 4
1573207942 5
1573207943 5
1573207944 4
1573207945 5
1573207946 4
1573207947 4
1573208108 4
1573208109 5
1573208110 5
1573208111 4
1573208112 4
1573208113 4
1573208114 4
1573208274 4
1573208275 5
1573208276 4
1573208277 4
1573208278 4
1573208279 4
1573208442 5
1573208443 5
1573208444 5
1573208445 4
1573208446 5
1573208447 5
1573208448 4
1573208607 5
1573208608 6
1573208609 5
1573208610 4
1573208611 4
1573208612 5
1573208613 5
1573220343 5
1573220344 5
1573220345 5
1573220346 4
1573220347 4
1573220348 5
1573220510 6
1573220511 5
1573220512 5
1573220513 4
1573220514 4
1573220515 5
1573220516 5
1573220678 6
1573220679 5
1573220680 5
1573220681 5
1573220682 5
1573220683 4
1573220684 4
1573220847 5
1573220848 5
1573220849 5
1573220850 5
1573220851 4
1573220852 4
1573220853 4
1573221015 6
1573221016 5
1573221017 6
1573221018 4
1573221019 5
1573221020 5
1573221181 5
1573221182 5
1573221183 5
1573221184 4
1573221185 4
1573221186 4
1573221187 4
1573221345 5
1573221346 5
1573221347 5
1573221348 5
1573221349 4
1573221350 4
1573221351 6
1573221516 5
1573221517 5
1573221518 5
1573221519 4
1573221520 4
1573221521 6
1573221682 5
1573221683 6
1573221684 5
1573221685 6
1573221686 5
1573221687 5
1573221688 5
1573221852 5
1573221853 6
1573221854 6
1573221855 5
1573221856 6
1573221857 5
1573222040 6
1573222041 5
1573222042 6
1573222043 5
1573222044 6
1573222045 5
1573222046 4
1573222211 5
1573222212 5
1573222213 5
1573222214 5
1573222215 5
1573222216 5
1573222378 5
1573222379 5
1573222380 5
1573222381 5
1573222382 5
1573222383 5
1573222544 5
1573222545 4
1573222546 5
1573222547 4
1573222548 4
1573222549 5
1573222713 5
1573222714 5
1573222715 6
1573222716 6
1573222717 6
1573222718 6
1573222719 6
