1574685826 4
1574685827 5
1574685828 5
1574685829 5
1574685830 5
1574685831 4
1574685832 6
1574686019 4
1574686020 5
1574686021 5
1574686022 5
1574686023 6
1574686024 4
1574686187 4
1574686188 6
1574686189 5
1574686190 5
1574686191 5
1574686192 5
1574686193 6
1574686350 5
1574686351 6
1574686352 5
1574686353 5
1574686354 5
1574686355 5
1574686507 4
1574686508 5
1574686509 6
1574686510 6
1574686511 6
1574686512 4
1574686673 5
1574686674 5
1574686675 5
1574686676 5
1574686677 5
1574686678 5
1574686837 5
1574686838 5
1574686839 5
1574686840 5
1574686841 6
1574686842 5
1574686843 5
1574687023 5
1574687024 4
1574687025 5
1574687026 4
1574687027 5
1574687028 4
1574687029 6
1574687198 4
1574687199 4
1574687200 6
1574687201 4
1574687202 4
1574687203 5
1574687204 4
1574687362 4
1574687363 5
1574687364 4
1574687365 4
1574687366 5
1574687367 4
1574687368 5
1574689691 4
1574689692 5
1574689693 5
1574689694 5
1574689695 6
1574689696 5
1574689697 4
1574689907 5
1574689908 5
1574689909 5
1574689910 5
1574689911 6
1574689912 6
1574689913 6
1574690076 5
1574690077 5
1574690078 5
1574690079 5
1574690080 5
1574690081 4
1574690082 7
1574690246 4
1574690247 5
1574690248 5
1574690249 5
1574690250 5
1574690251 6
1574690416 4
1574690417 5
1574690418 5
1574690419 5
1574690420 5
1574690421 5
1574690422 6
1574690576 4
1574690577 5
1574690578 6
1574690579 5
1574690580 6
1574690581 4
1574690582 5
1574690747 4
1574690748 5
1574690749 6
1574690750 5
1574690751 5
1574690752 5
1574690753 5
1574690906 5
1574690907 5
1574690908 5
1574690909 5
1574690910 5
1574690911 5
1574691091 6
1574691092 5
1574691093 5
1574691094 6
1574691095 4
1574691096 5
1574691270 5
1574691271 5
1574691272 5
1574691273 5
1574691274 5
1574691275 5
1574706891 5
1574706892 4
1574706893 5
1574706894 4
1574706895 4
1574706896 4
1574706897 6
1574707134 4
1574707135 5
1574707136 5
1574707137 4
1574707138 4
1574707139 4
1574707140 4
