1582884573 5
1582884574 5
1582884575 6
1582884576 5
1582884577 6
1582884578 5
1582884579 5
1582884750 5
1582884751 5
1582884752 5
1582884753 5
1582884754 5
1582884755 4
1582884756 5
1582884919 5
1582884920 5
1582884921 5
1582884922 5
1582884923 5
1582884924 4
1582884925 6
1582885083 5
1582885084 5
1582885085 5
1582885086 6
1582885087 5
1582885088 4
1582885089 5
1582885247 5
1582885248 5
1582885249 5
1582885250 5
1582885251 5
1582885252 5
1582885410 5
1582885411 5
1582885412 5
1582885413 5
1582885414 5
1582885415 5
1582885416 5
1582885568 5
1582885569 5
1582885570 4
1582885571 4
1582885572 4
1582885573 5
1582885574 6
1582885731 5
1582885732 5
1582885733 5
1582885734 5
1582885735 5
1582885736 5
1582885896 5
1582885897 5
1582885898 5
1582885899 5
1582885900 5
1582885901 4
1582885902 6
1582886054 5
1582886055 4
1582886056 4
1582886057 4
1582886058 4
1582886059 5
