1582185050 9.179849058
1582185231 9.478775638
1582185966 8.48395362
1582186127 8.94548644
1582186286 9.191455648
1582186859 9.139862293
1582187823 9.203205545
1582187981 9.140501807
1582188140 8.742775558
1582188301 9.15465941
1582193751 9.342302514
1582193915 9.23715023
1582194079 9.07934419
1582194235 9.378420336
1582194397 9.603208491
1582194561 9.315823017
1582194721 10.384211874
1582194891 9.058665716
1582195052 9.416763488
1582195213 8.827172454
1582195707 9.204984556
1582195868 9.087681337
1582196025 9.178221899
1582196186 8.935811752
1582196345 9.034260633
1582196504 8.752260178
1582196662 8.857695041
1582196820 9.897987555
1582196982 10.112282947
1582197149 9.269485306
1582197306 9.214267164
1582197472 8.913171718
1582197642 10.575756142
1582197801 9.303569168
1582197960 8.400190842
1582198116 8.992181008
1582198279 8.630809034
1582198435 8.974157882
1582198716 9.157499707
1582199065 9.219244082
