1573301198 5
1573301199 6
1573301200 5
1573301367 5
1573301368 5
1573301549 5
1573301550 5
1573301717 4
1573301718 4
1573301719 3
1573301903 6
1573301904 6
1573301905 4
1573302083 4
1573302084 4
1573302085 4
1573302250 5
1573302251 5
1573302252 5
1573302424 5
1573302425 5
1573302426 5
1573302594 5
1573302595 5
1573302776 4
1573302777 5
1573302778 4
1573303910 5
1573303911 5
1573303912 4
1573304074 5
1573304075 5
1573304076 4
1573304235 5
1573304236 5
1573304237 4
1573304401 4
1573304402 4
1573304403 4
1573304560 6
1573304561 6
1573304562 4
1573304727 5
1573304728 5
1573304885 5
1573304886 5
1573304887 4
1573305046 6
1573305047 5
1573305048 3
1573305207 6
1573305208 6
1573305209 3
1573305367 5
1573305368 5
1573305369 4
