1574954168 3
1574954169 3
1574954170 3
1574954171 4
1574954172 4
1574954173 4
1574954174 4
1574954175 3
1574954176 3
1574954177 2
1574954178 3
1574954179 4
1574954180 4
1574954181 4
1574954182 5
1574954183 7
1574954184 7
1574954185 4
1574954186 5
1574954187 5
1574954188 4
1574954189 4
1574954190 6
1574954191 6
1574954192 7
1574954193 6
1574954194 3
1574954195 2
1574954196 2
1574954197 2
1574954198 2
1574954199 4
1574954200 4
1574954201 3
1574954202 3
1574954203 5
1574954204 4
1574954205 3
1574954206 3
1574954207 3
1574954364 5
1574954365 4
1574954366 4
1574954367 3
1574954368 3
1574954369 3
1574954370 4
1574954371 4
1574954372 4
1574954373 4
1574954541 3
1574954542 3
1574954543 4
1574954544 3
1574954545 4
1574954546 4
1574954547 5
1574954548 5
1574954549 5
1574954550 5
1574954671 3
1574954672 3
1574954673 3
1574954674 4
1574954675 4
1574954676 4
1574954677 4
1574954678 4
1574954679 4
1574954680 4
1574954681 3
1574954682 2
1574954683 2
1574954684 2
1574954685 2
1574954686 7
1574954687 4
1574954688 6
1574954689 7
1574954690 4
1574954691 3
1574954692 5
1574954693 5
1574954694 5
1574954695 6
1574954696 7
1574954697 6
1574954698 7
1574954699 4
1574954700 2
1574954701 2
1574954702 2
1574954703 2
1574954704 4
1574954705 4
1574954706 3
1574954707 4
1574954708 4
1574954709 5
1574954710 3
1574954711 3
1574954712 3
1574954713 4
1574954714 2
1574954887 5
1574954888 5
1574954889 4
1574954890 3
1574954891 3
1574954892 3
1574954893 3
1574954894 3
1574954895 3
1574954896 3
1574955304 4
1574955305 3
1574955306 3
1574955307 3
1574955308 4
1574955309 3
1574955310 3
1574955311 3
1574955312 3
1574955430 4
1574955431 4
1574955432 4
1574955433 4
1574955434 4
1574955435 4
1574955436 5
1574955437 5
1574955438 5
1574955439 5
1574955440 3
1574955441 2
1574955442 3
1574955443 3
1574955444 4
1574955445 5
1574955446 5
1574955447 7
1574955448 6
1574955449 5
1574955450 6
1574955451 5
1574955452 5
1574955453 4
1574955454 6
1574955455 7
1574955456 7
1574955457 6
1574955458 3
1574955459 4
1574955460 4
1574955461 3
1574955462 2
1574955463 4
1574955464 4
1574955465 4
1574955466 3
1574955467 3
1574955468 4
1574955469 4
1574955470 3
1574955471 4
1574955472 3
1574955622 3
1574955623 3
1574955624 3
1574955625 3
1574955626 4
1574955627 3
1574955628 3
1574955629 3
1574955630 3
1574955631 3
1574955784 3
1574955785 4
1574955786 3
1574955787 4
1574955788 3
1574955789 3
1574955790 3
1574955791 3
1574955792 2
