1575026531 4
1575026532 3
1575026533 4
1575026534 3
1575026535 3
1575026536 3
1575026537 3
1575026538 4
1575026539 4
1575026540 4
1575026693 3
1575026694 4
1575026695 3
1575026696 3
1575026697 3
1575026698 3
1575026699 3
1575026700 4
1575026701 3
1575026854 3
1575026855 4
1575026856 5
1575026857 4
1575026858 4
1575026859 4
1575026860 4
1575026861 4
1575026862 4
1575027014 4
1575027015 4
1575027016 3
1575027017 3
1575027018 4
1575027019 3
1575027020 5
1575027021 5
1575027022 5
1575027178 3
1575027179 3
1575027180 4
1575027181 3
1575027182 4
1575027183 3
1575027184 4
1575027185 4
1575027186 3
1575027339 4
1575027340 4
1575027341 3
1575027342 3
1575027343 3
1575027344 3
1575027345 3
1575027346 4
1575027347 4
1575027348 4
1575027472 3
1575027473 3
1575027474 3
1575027475 3
1575027476 3
1575027477 3
1575027478 3
1575027479 4
1575027480 3
1575027481 3
1575027482 2
1575027483 2
1575027484 3
1575027485 2
1575027486 5
1575027487 4
1575027488 5
1575027489 8
1575027490 6
1575027491 4
1575027492 4
1575027493 5
1575027494 5
1575027495 5
1575027496 6
1575027497 5
1575027498 7
1575027499 4
1575027500 3
1575027501 2
1575027502 2
1575027503 3
1575027504 3
1575027505 3
1575027506 3
1575027507 3
1575027508 3
1575027509 3
1575027510 3
1575027511 3
1575027512 4
1575027513 3
1575027514 3
1575027662 4
1575027663 3
1575027664 4
1575027665 3
1575027666 4
1575027667 3
1575027668 3
1575027669 3
1575027670 4
1575027671 2
1575027827 4
1575027828 3
1575027829 3
1575027830 3
1575027831 3
1575027832 3
1575027833 4
1575027834 3
1575027835 3
1575027991 4
1575027992 3
1575027993 3
1575027994 3
1575027995 3
1575027996 4
1575027997 3
1575027998 3
1575027999 3
