1571664379 3
1571664380 4
1571664381 3
1571664382 5
1571664383 6
1571664384 6
1571664385 6
1571664386 5
1571664387 5
1571664388 5
1571664389 6
1571664390 4
1571664391 3
1571664392 4
1571664393 6
1571664394 5
1571664395 4
1571664396 5
1571664397 4
1571664398 3
1571664399 2
1571664400 2
1571664401 2
1571664402 2
1571664403 3
1571664404 4
1571664405 3
1571664406 4
1571664407 4
1571664408 4
1571664409 3
1571664410 3
1571664411 3
1571664412 3
1571664413 3
1571664414 2
1571664907 3
1571664908 3
1571664909 3
1571664910 3
1571664911 3
1571664912 3
1571664913 3
1571664914 3
1571664915 2
1571664916 2
1571664917 2
1571664918 2
1571664919 2
1571664920 2
1571664921 3
1571664922 4
1571664923 4
1571664924 5
1571664925 6
1571664926 7
1571664927 5
1571664928 5
1571664929 5
1571664930 5
1571664931 4
1571664932 4
1571664933 3
1571664934 5
1571664935 7
1571664936 6
1571664937 6
1571664938 4
1571664939 4
1571664940 3
1571664941 2
1571664942 2
1571664943 2
1571664944 2
1571664945 4
1571664946 4
1571664947 3
1571664948 4
1571664949 3
1571664950 4
1571664951 4
1571664952 3
1571664953 4
1571664954 3
1571664955 3
1571664956 3
1571664957 3
1571665110 3
1571665111 3
1571665112 3
1571665113 3
1571665114 3
1571665115 3
1571665116 2
1571665117 2
1571665118 2
1571665119 2
1571665120 3
1571665121 2
1571665122 2
1571665123 2
1571665124 3
1571665125 4
1571665126 3
1571665127 5
1571665128 6
1571665129 7
1571665130 5
1571665131 5
1571665132 4
1571665133 4
1571665134 5
1571665135 4
1571665136 5
1571665137 4
1571665138 7
1571665139 6
1571665140 5
1571665141 4
1571665142 4
1571665143 3
1571665144 3
1571665145 2
1571665146 2
1571665147 2
1571665148 3
1571665149 5
1571665150 4
1571665151 4
1571665152 3
1571665153 3
1571665154 3
1571665155 3
1571665156 3
1571665157 3
1571665158 3
1571665321 3
1571665322 3
1571665323 3
1571665324 3
1571665325 3
1571665326 3
1571665327 3
1571665328 3
1571665329 3
1571665330 3
1571665331 3
1571665332 2
1571665333 2
1571665334 2
1571665335 3
1571665336 5
1571665337 3
1571665338 4
1571665339 6
1571665340 7
1571665341 6
1571665342 5
1571665343 6
1571665344 5
1571665345 6
1571665346 5
1571665347 3
1571665348 5
1571665349 6
1571665350 7
1571665351 7
1571665352 8
1571665353 3
1571665354 3
1571665355 3
1571665356 3
1571665357 2
1571665358 2
1571665359 3
1571665360 4
1571665361 4
1571665362 3
1571665363 3
1571665364 3
1571665365 3
1571665366 3
1571665367 3
1571665368 3
1571665369 3
1571665370 3
1571665515 3
1571665516 3
1571665517 3
1571665518 3
1571665519 3
1571665520 3
1571665521 3
1571665522 3
1571665523 2
1571665524 2
1571665525 2
1571665526 2
1571665527 2
1571665528 2
1571665529 2
1571665530 4
1571665531 3
1571665532 4
1571665533 5
1571665534 7
1571665535 7
1571665536 6
1571665537 6
1571665538 6
1571665539 6
1571665540 7
1571665541 6
1571665542 4
1571665543 6
1571665544 7
1571665545 6
1571665546 7
1571665547 3
1571665548 3
1571665549 3
1571665550 3
1571665551 2
1571665552 2
1571665553 2
1571665554 4
1571665555 3
1571665556 4
1571665557 4
1571665558 3
1571665559 3
1571665560 4
1571665561 3
1571665562 3
1571665563 3
1571665564 3
1571665710 3
1571665711 3
1571665712 3
1571665713 3
1571665714 3
1571665715 3
1571665716 3
1571665717 3
1571665718 3
1571665719 3
1571665720 3
1571665721 2
1571665722 2
1571665723 2
1571665724 2
1571665725 4
1571665726 3
1571665727 4
1571665728 5
1571665729 7
1571665730 6
1571665731 6
1571665732 4
1571665733 5
1571665734 6
1571665735 6
1571665736 5
1571665737 5
1571665738 6
1571665739 7
1571665740 5
1571665741 7
1571665742 3
1571665743 3
1571665744 3
1571665745 2
1571665746 2
1571665747 2
1571665748 2
1571665749 3
1571665750 4
1571665751 4
1571665752 4
1571665753 3
1571665754 3
1571665755 3
1571665756 3
1571665757 3
1571665758 3
1571665759 3
1571668128 3
1571668129 3
1571668130 3
1571668131 3
1571668132 3
1571668133 3
1571668134 4
1571668135 4
1571668136 3
1571668137 3
1571668138 2
1571668139 2
1571668140 2
1571668141 2
1571668142 3
1571668143 4
1571668144 3
1571668145 5
1571668146 6
1571668147 7
1571668148 6
1571668149 4
1571668150 5
1571668151 5
1571668152 7
1571668153 5
1571668154 4
1571668155 5
1571668156 7
1571668157 5
1571668158 5
1571668159 5
1571668160 4
1571668161 4
1571668162 2
1571668163 2
1571668164 2
1571668165 2
1571668166 3
1571668167 4
1571668168 4
1571668169 4
1571668170 4
1571668171 2
1571668172 3
1571668173 3
1571668174 3
1571668175 3
1571668176 3
1571668177 3
1571668327 3
1571668328 3
1571668329 3
1571668330 4
1571668331 4
1571668332 4
1571668333 4
1571668334 4
1571668335 4
1571668336 4
1571668337 3
1571668338 2
1571668339 2
1571668340 2
1571668341 3
1571668342 4
1571668343 3
1571668344 5
1571668345 8
1571668346 7
1571668347 7
1571668348 6
1571668349 7
1571668350 7
1571668351 6
1571668352 5
1571668353 5
1571668354 4
1571668355 7
1571668356 6
1571668357 6
1571668358 4
1571668359 3
1571668360 3
1571668361 3
1571668362 2
1571668363 2
1571668364 2
1571668365 5
1571668366 4
1571668367 3
1571668368 4
1571668369 3
1571668370 3
1571668371 3
1571668372 3
1571668373 3
1571668374 3
1571668375 3
1571668531 3
1571668532 3
1571668533 4
1571668534 4
1571668535 4
1571668536 4
1571668537 4
1571668538 4
1571668539 4
1571668540 4
1571668541 4
1571668542 3
1571668543 3
1571668544 2
1571668545 3
1571668546 4
1571668547 4
1571668548 5
1571668549 7
1571668550 8
1571668551 5
1571668552 5
1571668553 5
1571668554 5
1571668555 6
1571668556 6
1571668557 4
1571668558 4
1571668559 5
1571668560 5
1571668561 6
1571668562 6
1571668563 3
1571668564 3
1571668565 3
1571668566 3
1571668567 2
1571668568 2
1571668569 3
1571668570 4
1571668571 3
1571668572 3
1571668573 4
1571668574 4
1571668575 3
1571668576 3
1571668577 3
1571668578 3
1571668579 3
1571668725 3
1571668726 3
1571668727 3
1571668728 3
1571668729 3
1571668730 3
1571668731 3
1571668732 3
1571668733 3
1571668734 3
1571668735 3
1571668736 3
1571668737 2
1571668738 2
1571668739 2
1571668740 4
1571668741 3
1571668742 5
1571668743 7
1571668744 8
1571668745 6
1571668746 5
1571668747 5
1571668748 6
1571668749 6
1571668750 6
1571668751 5
1571668752 5
1571668753 5
1571668754 6
1571668755 4
1571668756 7
1571668757 4
1571668758 4
1571668759 4
1571668760 3
1571668761 3
1571668762 2
1571668763 2
1571668764 4
1571668765 4
1571668766 3
1571668767 4
1571668768 4
1571668769 3
1571668770 3
1571668771 3
1571668772 3
1571668773 3
1571668774 3
1571668939 3
1571668940 4
1571668941 4
1571668942 5
1571668943 6
1571668944 6
1571668945 5
1571668946 6
1571668947 5
1571668948 5
1571668949 5
1571668950 7
1571668951 6
1571668952 5
1571668953 6
1571668954 5
1571668955 5
1571668956 5
1571668957 4
1571668958 3
1571668959 5
1571668960 2
1571668961 2
1571668962 3
1571668963 3
1571668964 5
1571668965 5
1571668966 5
1571668967 6
1571668968 5
1571668969 5
1571668970 5
1571668971 4
1571668972 3
1571668973 4
1571668974 4
1571668975 3
