1574685789 4
1574685790 4
1574685791 3
1574685792 3
1574685793 3
1574685794 3
1574685795 3
1574685796 4
1574685797 4
1574685798 4
1574685944 3
1574685945 3
1574685946 3
1574685947 3
1574685948 3
1574685949 3
1574685950 4
1574685951 3
1574685952 3
1574685953 3
1574685954 3
1574685955 2
1574685956 2
1574685957 2
1574685958 2
1574685959 3
1574685960 4
1574685961 5
1574685962 7
1574685963 8
1574685964 5
1574685965 6
1574685966 6
1574685967 5
1574685968 6
1574685969 6
1574685970 5
1574685971 7
1574685972 4
1574685973 4
1574685974 2
1574685975 2
1574685976 2
1574685977 3
1574685978 4
1574685979 3
1574685980 5
1574685981 4
1574685982 3
1574685983 4
1574685984 3
1574685985 3
1574685986 3
1574685987 3
1574685988 4
1574685989 3
1574686151 3
1574686152 4
1574686153 4
1574686154 3
1574686155 3
1574686156 3
1574686157 4
1574686158 4
1574686159 4
1574686311 4
1574686312 4
1574686313 3
1574686314 3
1574686315 3
1574686316 4
1574686317 3
1574686318 3
1574686319 3
1574686320 3
1574686321 3
1574686322 3
1574686437 3
1574686438 3
1574686439 3
1574686440 3
1574686441 3
1574686442 3
1574686443 3
1574686444 4
1574686445 3
1574686446 3
1574686447 3
1574686448 2
1574686449 3
1574686450 3
1574686451 4
1574686452 5
1574686453 7
1574686454 7
1574686455 6
1574686456 6
1574686457 6
1574686458 6
1574686459 5
1574686460 7
1574686461 6
1574686462 5
1574686463 5
1574686464 4
1574686465 3
1574686466 3
1574686467 2
1574686468 2
1574686469 3
1574686470 4
1574686471 3
1574686472 5
1574686473 4
1574686474 3
1574686475 3
1574686476 4
1574686477 4
1574686478 4
1574686479 3
1574686636 3
1574686637 4
1574686638 4
1574686639 3
1574686640 4
1574686641 4
1574686642 3
1574686643 3
1574686644 3
1574686645 3
1574686800 5
1574686801 4
1574686802 3
1574686803 3
1574686804 4
1574686805 5
1574686806 5
1574686807 5
1574686808 5
1574686986 3
1574686987 3
1574686988 3
1574686989 3
1574686990 3
1574686991 3
1574686992 3
1574686993 3
1574686994 4
1574687325 4
1574687326 4
1574687327 3
1574687328 3
1574687329 3
1574687330 3
1574687331 3
1574687332 3
1574687333 3
1574687334 3
1574689654 3
1574689655 3
1574689656 3
1574689657 4
1574689658 3
1574689659 3
1574689660 3
1574689661 3
1574689662 3
1574689663 3
1574689870 4
1574689871 3
1574689872 3
1574689873 3
1574689874 3
1574689875 3
1574689876 3
1574689877 3
1574689878 3
1574689879 3
1574690007 3
1574690008 3
1574690009 3
1574690010 3
1574690011 3
1574690012 3
1574690013 3
1574690014 3
1574690015 3
1574690016 2
1574690017 2
1574690018 2
1574690019 2
1574690020 4
1574690021 4
1574690022 6
1574690023 9
1574690024 7
1574690025 4
1574690026 5
1574690027 5
1574690028 5
1574690029 4
1574690030 5
1574690031 4
1574690032 6
1574690033 4
1574690034 4
1574690035 2
1574690036 2
1574690037 2
1574690038 2
1574690039 4
1574690040 4
1574690041 5
1574690042 5
1574690043 5
1574690044 5
1574690045 4
1574690046 3
1574690047 3
1574690048 2
1574690209 3
1574690210 3
1574690211 4
1574690212 3
1574690213 3
1574690214 3
1574690215 3
1574690216 3
1574690217 3
1574690538 4
1574690539 3
1574690540 4
1574690541 4
1574690542 3
1574690543 3
1574690544 4
1574690545 4
1574690546 5
1574690547 2
1574690710 4
1574690711 4
1574690712 3
1574690713 4
1574690714 4
1574690715 4
1574690716 4
1574690717 3
1574690718 3
1574690719 3
1574690836 3
1574690837 4
1574690838 3
1574690839 3
1574690840 3
1574690841 3
1574690842 3
1574690843 3
1574690844 4
1574690845 2
1574690846 2
1574690847 2
1574690848 2
1574690849 3
1574690850 4
1574690851 5
1574690852 7
1574690853 7
1574690854 6
1574690855 5
1574690856 4
1574690857 5
1574690858 5
1574690859 7
1574690860 7
1574690861 6
1574690862 7
1574690863 5
1574690864 5
1574690865 2
1574690866 2
1574690867 2
1574690868 4
1574690869 3
1574690870 4
1574690871 3
1574690872 3
1574690873 3
1574690874 3
1574690875 3
1574690876 3
1574690877 3
1574690878 3
1574691020 3
1574691021 3
1574691022 3
1574691023 4
1574691024 4
1574691025 4
1574691026 4
1574691027 4
1574691028 4
1574691029 4
1574691030 4
1574691031 4
1574691032 2
1574691033 2
1574691034 4
1574691035 4
1574691036 5
1574691037 7
1574691038 7
1574691039 4
1574691040 5
1574691041 5
1574691042 5
1574691043 7
1574691044 6
1574691045 6
1574691046 5
1574691047 6
1574691048 6
1574691049 2
1574691050 2
1574691051 2
1574691052 3
1574691053 4
1574691054 4
1574691055 4
1574691056 3
1574691057 3
1574691058 4
1574691059 4
1574691060 4
1574691061 4
1574691062 4
1574691063 2
1574691233 3
1574691234 3
1574691235 4
1574691236 3
1574691237 3
1574691238 3
1574691239 3
1574691240 3
1574691241 3
1574706821 3
1574706822 3
1574706823 3
1574706824 3
1574706825 3
1574706826 3
1574706827 3
1574706828 3
1574706829 3
1574706830 3
1574706831 3
1574706832 3
1574706833 2
1574706834 2
1574706835 3
1574706836 4
1574706837 5
1574706838 7
1574706839 7
1574706840 4
1574706841 5
1574706842 5
1574706843 4
1574706844 3
1574706845 6
1574706846 5
1574706847 5
1574706848 5
1574706849 4
1574706850 3
1574706851 2
1574706852 2
1574706853 2
1574706854 4
1574706855 4
1574706856 3
1574706857 5
1574706858 3
1574706859 3
1574706860 3
1574706861 4
1574706862 4
1574706863 4
1574707097 3
1574707098 3
1574707099 5
1574707100 3
1574707101 3
1574707102 3
1574707103 4
1574707104 4
1574707105 4
1574707106 3
