1572007294 2
1572007295 2
1572007296 2
1572007297 2
1572007688 2
1572007689 3
1572007690 4
1572007691 3
1572008194 2
1572008195 4
1572008196 4
1572008197 4
1572008600 5
1572008601 3
1572008602 2
1572008994 1
1572008995 3
1572008996 3
1572008997 3
1572009384 3
1572009385 3
1572009386 3
1572009387 3
1572009774 2
1572009775 2
1572009776 2
1572009777 2
1572010165 2
1572010166 2
1572010167 2
1572010168 2
1572010562 1
1572010563 2
1572010564 2
1572010953 2
1572010954 2
1572010955 2
1572010956 3
1572013515 3
1572013516 3
1572013517 2
1572013518 2
1572013909 2
1572013910 2
1572013911 2
1572014300 2
1572014301 2
1572014302 2
1572014303 2
1572014690 2
1572014691 2
1572014692 2
