1582886315 3
1582886316 3
1582886317 3
1582886318 2
1582886320 1
1582886321 3
1582886322 1
1582886323 3
1582886324 3
1582886325 4
1582886326 4
1582886604 2
1582886605 4
1582886606 3
1582886607 3
1582886608 2
1582886609 4
1582886610 3
1582886611 3
1582886612 3
1582886613 3
1582886614 4
1582886615 3
1582886900 3
1582886901 3
1582886902 3
1582886903 3
1582886904 2
1582886905 3
1582886906 1
1582886907 3
1582886908 2
1582886909 2
1582886910 2
1582886911 3
1582887189 2
1582887190 2
1582887191 2
1582887193 1
1582887194 1
1582887195 1
1582887196 3
1582887197 2
1582887198 3
1582887199 3
1582887200 2
1582887478 2
1582887479 3
1582887480 2
1582887482 2
1582887483 3
1582887484 4
1582887485 3
1582887486 4
1582887487 3
1582887488 2
1582887489 2
1582887771 4
1582887772 5
1582887773 5
1582887774 3
1582887775 3
1582887776 4
1582887777 5
1582887778 6
1582887779 4
1582887780 4
1582887781 4
1582887782 3
1582888055 3
1582888056 3
1582888057 1
1582888058 1
1582888059 2
1582888060 2
1582888061 4
1582888062 4
1582888063 3
1582888064 3
1582888065 2
1582888066 3
1582888632 5
1582888633 5
1582888634 5
1582888635 5
1582888636 2
1582888637 1
1582888638 1
1582888639 3
1582888640 3
1582888641 2
1582888642 3
1582888643 2
1582888968 3
1582888969 2
1582888970 3
1582888971 3
1582888972 2
1582888973 3
1582888974 3
1582888975 3
1582888976 3
1582888977 5
1582888978 4
1582888979 2
1582888980 3
1582888981 3
1582888982 3
1582888983 3
1582888984 4
1582888985 2
1582888986 2
1582888987 1
1582888988 1
1582888989 1
1582888990 2
1582888991 2
1582888992 4
1582888993 3
1582888994 3
1582888995 2
1582888996 3
1582888997 2
1582888998 1
1582888999 2
1582889000 2
1582889001 2
1582889002 2
1582889003 3
