1571398143 1
1571398144 2
1571398145 2
1571398146 3
1571398541 2
1571398542 3
1571398543 4
1571398544 4
1571398933 2
1571398934 2
1571398935 2
1571398936 3
1571399325 2
1571399326 2
1571399327 3
1571399328 2
1571399717 1
1571399718 2
1571399719 3
1571399720 4
1571400113 2
1571400114 2
1571400115 3
1571400116 4
1571400535 1
1571400536 2
1571400537 2
1571400933 1
1571400934 2
1571400935 3
1571400936 3
1571401327 2
1571401328 3
1571401329 2
1571401330 2
1571401717 2
1571401718 4
1571401719 4
1571401720 4
1571407098 1
1571407099 2
1571407100 2
1571407490 3
1571407491 3
1571407492 3
1571407493 2
1571407880 3
1571407881 2
1571407882 3
1571407883 3
1571408270 2
1571408271 2
1571408272 2
1571408663 1
1571408664 3
1571408665 3
1571408666 3
