1572967707 4
1572967708 4
1572967709 5
1572967710 5
1572967711 5
1572967712 2
1572967713 4
1572967714 2
1572967715 3
1572967716 3
1572967717 3
1572967718 2
1572967719 3
1572967720 2
1572967721 3
1572967722 4
1572967723 3
1572967724 3
1572968363 1
1572968364 2
1572968365 2
1572968366 4
1572968367 4
1572968368 4
1572968369 3
1572968370 3
1572968371 4
1572968372 4
1572968373 5
1572968374 5
1572968375 4
1572968376 4
1572968377 4
1572968378 5
1572968379 5
1572968380 5
1572968381 5
1572968382 5
1572968383 5
1572968384 4
1572968385 4
1572968386 4
1572968387 4
1572968388 4
1572968389 4
1572968390 4
1572968391 4
1572968392 4
1572968393 4
1572968394 4
1572968395 4
1572968396 4
1572968397 4
1572968398 4
1572968399 4
1572968400 4
1572968401 4
1572968402 4
1572968403 4
1572968404 4
1572968405 4
1572968406 4
1572968407 4
1572968408 4
1572968409 4
1572968410 4
1572968411 4
1572968412 4
1572968413 4
1572968414 4
1572968415 4
1572968416 4
1572968417 4
1572968418 4
1572968419 4
1572968420 4
1572968421 4
1572968422 4
1572968423 4
1572968424 4
1572968425 4
1572968426 4
1572968427 4
1572968428 4
1572968429 4
1572968430 4
1572968431 4
1572968432 4
1572968433 4
1572968434 4
1572968435 4
1572968436 4
1572968437 4
1572968438 4
1572968439 4
1572968440 4
1572968441 4
1572968442 4
1572968443 4
1572968444 4
1572968445 4
1572968446 4
1572968447 4
1572968448 4
1572968449 4
1572968450 4
1572968451 4
1572968452 4
1572968453 4
1572968454 4
1572968455 4
1572968456 4
1572968457 4
1572968458 4
1572968459 4
1572968460 4
1572968461 4
1572968462 4
1572968463 4
1572968464 4
1572968465 4
1572968466 4
1572968467 4
1572968468 4
1572968469 4
1572968470 5
1572968471 5
1572968472 5
1572968473 6
1572968474 6
1572968475 5
1572968476 5
1572968477 4
1572968478 4
1572968479 4
1572968480 4
1572968481 4
1572968482 4
1572968483 4
1572968484 4
1572968485 4
1572968486 4
1572968487 4
1572968488 4
1572968489 4
1572968490 4
1572968491 4
1572968492 4
1572968493 4
1572968494 4
1572968495 4
1572968496 4
1572968497 4
1572968498 4
1572968499 4
1572968500 4
1572968501 4
1572968502 4
1572968503 4
1572968504 4
1572968505 4
1572968506 4
1572968507 4
1572968508 4
1572968509 4
1572968510 4
1572968511 4
1572968512 4
1572968513 4
1572968514 4
1572968515 4
1572968516 4
1572968517 4
1572968518 4
1572968519 4
1572968520 4
1572968521 4
1572968522 4
1572968523 4
1572968524 4
1572968525 4
1572968526 4
1572968527 4
1572968528 4
1572968529 4
1572968530 4
1572968531 4
1572968532 4
1572968533 4
1572968534 4
1572968535 4
1572968536 4
1572968537 4
1572968538 4
1572968539 4
1572968540 4
1572968541 4
1572968542 4
1572968543 4
1572968544 4
1572968545 4
1572968546 4
1572968547 4
1572968548 4
1572968549 4
1572968550 4
1572968551 4
1572968552 4
1572968553 4
1572968554 4
1572968555 4
1572968556 4
1572968557 5
1572968558 5
1572968559 4
1572968560 4
1572968561 4
1572968562 4
1572968563 4
1572968564 4
1572968565 4
1572968566 4
1572968567 4
1572968568 4
1572968569 4
1572968570 4
1572968571 4
1572968572 4
1572968573 4
1572968574 4
1572968575 4
1572968576 4
1572968577 4
1572968578 4
1572968579 4
1572968580 4
1572968581 4
1572968582 4
1572968583 4
1572968584 4
1572968585 4
1572968586 4
1572968587 4
1572968588 4
1572968589 4
1572968590 4
1572968591 4
1572968592 4
1572968593 4
1572968594 4
1572968595 4
1572968596 4
1572968597 4
1572968598 4
1572968599 4
1572968600 4
1572968601 4
1572968602 4
1572968603 4
1572968604 4
1572968605 4
1572968606 4
1572968607 4
1572968608 4
1572968609 4
1572968610 4
1572968611 4
1572968612 4
1572968613 4
1572968614 4
1572968615 4
1572968616 4
1572968617 4
1572968618 4
1572968619 4
1572968620 4
1572968621 4
1572968622 4
1572968623 4
1572968624 4
1572968625 4
1572968626 4
1572968627 4
1572968628 4
1572968629 4
1572968630 4
1572968631 4
1572968632 4
1572968633 4
1572968634 4
1572968635 4
1572968636 4
1572968637 4
1572968638 4
1572968639 4
1572968640 4
1572968641 4
1572968642 4
1572968643 4
1572968644 4
1572968645 4
1572968646 4
1572968647 4
1572968648 4
1572968649 4
1572968650 4
1572968651 4
1572968652 4
1572968653 4
1572968654 4
1572968655 4
1572968656 4
1572968657 4
1572968658 4
1572968659 4
1572968660 4
1572968661 4
1572968662 4
1572968663 4
1572968664 4
1572968665 4
1572968666 4
1572968667 4
1572968668 4
1572968669 4
1572968670 4
1572968671 4
1572968672 4
1572968673 4
1572968674 4
1572968675 4
1572968676 4
1572968677 4
1572968678 4
1572968679 4
1572968680 4
1572968681 4
1572968682 4
1572968683 4
1572968684 4
1572968685 4
1572968686 4
1572968687 4
1572968688 4
1572968689 4
1572968690 4
1572968691 4
1572968692 4
1572968693 4
1572968694 4
1572968695 4
1572968696 4
1572968697 5
1572968698 3
1572968699 3
1572968700 2
1572968701 3
1572968702 3
1572968703 3
1572968704 3
1572968705 2
1572969662 5
1572969663 6
1572969664 7
1572969665 6
1572969666 5
1572969667 5
1572969668 3
1572969669 5
1572969670 4
1572969671 3
1572969672 2
1572969673 3
1572969674 2
1572969675 3
1572969676 2
1572969677 1
1572969678 2
1572969679 2
1572969680 2
1572970323 1
1572970324 2
1572970325 2
1572970326 2
1572970327 2
1572970328 2
1572970329 1
1572970330 1
1572970331 1
1572970332 1
1572970333 1
1572970334 2
1572970336 1
1572970337 2
1572970338 2
1572970339 3
1572970340 2
1572970341 2
1572970974 2
1572970975 3
1572970976 3
1572970977 3
1572970978 3
1572970979 2
1572970980 2
1572970981 3
1572970982 3
1572970983 2
1572970984 3
1572970985 2
1572970986 3
1572970987 5
1572970988 4
1572970989 2
1572970990 2
1572970991 2
1572970992 2
1572971636 1
1572971637 2
1572971638 2
1572971639 2
1572971640 2
1572971641 2
1572971642 2
1572971643 2
1572971644 2
1572971645 2
1572971646 2
1572971647 3
1572971649 1
1572971650 2
1572971651 2
1572971652 3
1572971653 2
1572971654 3
1572972298 2
1572972299 3
1572972300 3
1572972301 3
1572972302 3
1572972303 3
1572972304 3
1572972305 2
1572972306 2
1572972307 2
1572972308 2
1572972309 1
1572972310 2
1572972311 2
1572972312 2
1572972313 4
1572972314 3
1572972315 4
1572973010 1
1572973011 2
1572973012 2
1572973013 2
1572973014 2
1572973015 2
1572973016 2
1572973017 2
1572973018 2
1572973019 3
1572973020 2
1572973021 2
1572973022 2
1572973023 4
1572973024 3
1572973025 3
1572973026 2
1572973027 2
1572973028 2
1572973663 2
1572973664 3
1572973665 3
1572973666 3
1572973667 3
1572973668 4
1572973669 4
1572973670 4
1572973671 3
1572973672 2
1572973673 2
1572973674 1
1572973675 2
1572973676 2
1572973677 2
1572973678 3
1572973679 3
1572973680 3
1572974312 3
1572974313 4
1572974314 4
1572974315 4
1572974316 4
1572974317 3
1572974318 3
1572974319 3
1572974320 4
1572974321 3
1572974322 3
1572974323 2
1572974324 2
1572974325 3
1572974326 3
1572974327 2
1572974328 2
1572974329 2
1572974970 2
1572974971 4
1572974972 4
1572974973 4
1572974974 4
1572974975 4
1572974976 4
1572974977 3
1572974978 3
1572974979 3
1572974980 2
1572974981 2
1572974982 2
1572974983 2
1572974984 1
1572974985 2
1572974986 2
1572974987 2
1572975385 2
1572975386 3
1572975387 2
1572975388 2
1572975716 2
1572975717 2
1572975718 2
1572975719 2
1572976087 4
1572976088 3
1572976089 2
1572976090 2
1572976466 2
1572976467 3
1572976468 2
1572976469 2
1572976797 3
1572976798 1
1572976799 2
1572976800 2
1572977127 1
1572977128 2
1572977129 3
1572977130 4
1572977491 1
1572977492 2
1572977493 2
1572977820 1
1572977821 2
1572977822 3
1572978208 3
1572978209 3
1572978210 4
1572978211 3
