1575386054 2.779686876
1575386368 2.843866652
1575386678 3.128067748
1575387082 2.74982639
1575387390 2.826834915
1575387702 2.862126124
1575388009 2.90847889
1575388317 2.737754645
1575388626 3.15203579
1575388930 3.068317701
1575390492 2.815227073
1575391062 2.916392953
1575391624 3.122535438
1575392436 2.908687294
1575393052 2.892183474
1575393635 2.879314645
1575394200 2.894896644
1575394762 2.996981702
1575395325 2.949033623
1575395892 1.539328982
1575397161 8.693663485
1575397439 10.401273253
1575397655 87.03965107
