1575558746 4
1575558747 4
1575558748 3
1575558749 2
1575558750 2
1575558751 1
1575558752 1
1575558753 1
1575558754 2
1575558755 2
1575558756 2
1575558757 2
1575558758 2
1575558759 2
1575558760 2
1575558761 3
1575558762 5
1575558763 5
1575558764 5
1575558765 5
1575558766 5
1575558767 5
1575558768 5
1575558769 1
1575558770 1
1575558771 1
1575558772 2
1575559060 3
1575559061 3
1575559062 2
1575559063 2
1575559064 1
1575559065 2
1575559066 2
1575559067 2
1575559068 2
1575559069 3
1575559070 2
1575559071 2
1575559072 3
1575559073 4
1575559074 3
1575559075 3
1575559076 3
1575559077 4
1575559078 4
1575559079 3
1575559080 2
1575559081 1
1575559082 2
1575559385 3
1575559386 4
1575559387 3
1575559388 4
1575559389 2
1575559390 2
1575559391 1
1575559392 2
1575559393 2
1575559394 2
1575559395 2
1575559396 2
1575559397 3
1575559398 3
1575559399 3
1575559400 4
1575559401 3
1575559402 4
1575559403 3
1575559404 2
1575559405 1
1575559406 1
1575559407 1
1575559408 2
1575559706 3
1575559707 2
1575559708 2
1575559709 2
1575559710 2
1575559711 2
1575559712 2
1575559713 2
1575559714 2
1575559715 2
1575559716 3
1575559717 3
1575559718 3
1575559719 3
1575559720 5
1575559721 4
1575559722 3
1575559723 4
1575559724 5
1575559725 4
1575559726 3
1575559727 2
1575559728 1
1575559729 2
1575560074 4
1575560075 3
1575560076 2
1575560077 1
1575560078 2
1575560079 2
1575560080 2
1575560081 2
1575560082 2
1575560083 3
1575560084 3
1575560085 3
1575560086 3
1575560087 3
1575560088 3
1575560089 3
1575560090 3
1575560091 4
1575560092 4
1575560093 3
1575560094 2
1575560095 1
1575560096 2
1575560403 3
1575560404 4
1575560405 3
1575560406 3
1575560407 2
1575560408 1
1575560409 2
1575560410 2
1575560411 2
1575560412 2
1575560413 3
1575560414 3
1575560415 3
1575560416 3
1575560417 3
1575560418 4
1575560419 4
1575560420 3
1575560421 4
1575560422 2
1575560423 2
1575560424 1
1575560425 1
1575560426 1
1575560427 2
1575560738 3
1575560739 3
1575560740 3
1575560741 2
1575560742 1
1575560743 2
1575560744 2
1575560745 2
1575560746 3
1575560747 2
1575560748 2
1575560749 3
1575560750 6
1575560751 5
1575560752 6
1575560753 4
1575560754 4
1575560755 5
1575560756 4
1575560757 5
1575560758 2
1575560759 2
1575560760 2
1575560761 3
1575561969 5
1575561970 3
1575561971 4
1575561972 3
1575561973 2
1575561974 3
1575561975 2
1575561976 2
1575561977 2
1575561978 3
1575561979 3
1575561980 2
1575561981 3
1575561982 3
1575561983 3
1575561984 5
1575561985 5
1575561986 6
1575561987 5
1575561988 2
1575561989 2
1575561990 3
1575561991 3
1575561992 5
1575568843 4
1575568844 3
1575568845 4
1575568846 4
1575568847 4
1575568848 4
1575568849 2
1575568850 2
1575568851 2
1575568852 3
1575568853 3
1575568854 2
1575568855 3
1575568856 5
1575568857 3
1575568858 3
1575568859 4
1575568860 4
1575568861 3
1575568862 1
1575568863 1
1575568864 1
1575568865 2
