1572006703 4
1572006704 2
1572006705 2
1572006706 3
1572007329 2
1572007330 2
1572007331 2
1572007332 2
1572007724 3
1572007725 3
1572007726 3
1572007727 2
1572008232 4
1572008233 3
1572008234 3
1572008235 2
1572008236 2
1572008635 3
1572008636 3
1572008637 3
1572008638 2
1572009029 2
1572009030 2
1572009031 2
1572009032 2
1572009419 2
1572009420 2
1572009421 2
1572009422 2
1572009423 2
1572009810 2
1572009811 2
1572009812 2
1572009813 2
1572010200 4
1572010201 2
1572010202 2
1572010203 2
1572010597 4
1572010598 3
1572010599 2
1572010600 2
1572010988 2
1572010989 2
1572010990 2
1572010991 2
1572013550 4
1572013551 2
1572013552 2
1572013553 2
1572013554 2
1572013944 3
1572013945 2
1572013946 2
1572013947 2
1572014336 3
1572014337 2
1572014338 2
1572014339 2
1572014725 3
1572014726 2
1572014727 3
1572015115 2
1572015116 2
1572015117 2
1572015118 2
