1573215275 4
1573215276 4
1573215277 4
1573215278 4
1573215279 4
1573215280 4
1573215281 4
1573215282 4
1573215283 4
1573215284 4
1573215285 4
1573215286 4
1573215287 2
1573215288 2
1573215289 2
1573215290 2
1573215291 2
1573215292 2
1573215293 2
1573215294 2
1573215295 2
1573222749 4
1573222750 4
1573222751 4
1573222752 4
1573222753 4
1573222754 4
1573222755 4
1573222756 4
1573222757 4
1573222758 4
1573222759 4
1573222760 4
1573222761 4
1573222762 4
1573222763 4
1573222764 2
1573222765 2
1573222766 2
1573222767 2
1573222768 2
1573222769 2
