1575126292 4
1575126293 4
1575126294 4
1575126295 4
1575126296 4
1575126297 4
1575126298 4
1575126299 4
1575126300 4
1575126301 4
1575126302 4
1575126303 4
1575126304 4
1575126305 4
1575126306 4
1575126307 4
1575126308 4
1575126309 4
1575126310 4
1575126311 4
1575126312 4
1575126313 4
1575126314 4
1575126315 4
1575126316 4
1575126317 4
1575126318 4
1575126319 4
1575126320 4
1575126321 4
1575126322 4
1575126323 4
1575126324 4
1575126325 4
1575126326 4
1575126327 4
1575126328 4
1575126329 4
1575126330 4
1575126331 4
1575126332 4
1575126333 4
1575126334 4
1575126335 4
1575126336 4
1575126337 4
1575126338 4
1575126339 4
1575126340 4
1575126341 4
1575126342 4
1575126343 4
1575126344 4
1575126345 4
1575126346 4
1575126347 4
1575126348 4
1575126349 4
1575126350 4
1575126351 4
1575126352 4
1575126353 4
1575126354 4
1575126355 4
1575126356 4
1575126357 4
1575126358 4
1575126359 4
1575126360 4
1575126361 4
1575126362 4
1575126363 4
1575126364 4
1575126365 4
1575126366 4
1575126367 4
1575126368 4
1575126369 4
1575126370 4
1575126371 4
1575126372 4
1575126373 4
1575126374 4
1575126375 4
1575126376 4
1575126377 4
1575126378 4
1575126379 4
1575126380 4
1575126381 4
1575126382 4
1575126383 4
1575126384 4
1575126385 4
1575126386 4
1575126387 4
1575126388 4
1575126389 4
1575126390 4
1575126391 4
1575126392 4
1575126393 4
1575126394 4
1575126395 4
1575126396 4
1575126397 4
1575126398 4
1575126399 4
1575126400 4
1575126401 4
1575126402 4
1575126403 4
1575126404 4
1575126405 4
1575126406 4
1575126407 4
1575126408 4
1575126409 4
1575126410 4
1575126411 4
1575126412 4
1575126413 4
1575126414 4
1575126415 4
1575126416 4
1575126417 4
1575126418 4
1575126419 4
1575126420 3
1575126421 4
1575126422 4
1575126423 4
1575126424 4
1575126425 4
1575126426 4
1575126427 4
1575126428 4
1575126429 4
1575126430 4
1575126431 4
1575126432 4
1575126433 4
1575126434 4
1575126435 4
1575126436 4
1575126437 4
1575126438 4
1575126439 4
1575126440 4
1575126441 4
1575126442 4
1575126443 5
1575126444 4
1575126445 4
1575126446 3
1575126447 2
1575126448 2
1575127131 4
1575127132 4
1575127133 4
1575127134 4
1575127135 4
1575127136 4
1575127137 4
1575127138 4
1575127139 4
1575127140 4
1575127141 4
1575127142 4
1575127143 4
1575127144 4
1575127145 4
1575127146 4
1575127147 4
1575127148 4
1575127149 4
1575127150 4
1575127151 4
1575127152 4
1575127153 4
1575127154 4
1575127155 4
1575127156 4
1575127157 4
1575127158 4
1575127159 4
1575127160 4
1575127161 4
1575127162 4
1575127163 4
1575127164 4
1575127165 4
1575127166 4
1575127167 4
1575127168 4
1575127169 4
1575127170 4
1575127171 4
1575127172 4
1575127173 4
1575127174 4
1575127175 4
1575127176 4
1575127177 4
1575127178 4
1575127179 4
1575127180 4
1575127181 4
1575127182 4
1575127183 4
1575127184 4
1575127185 4
1575127186 4
1575127187 4
1575127188 4
1575127189 4
1575127190 4
1575127191 4
1575127192 4
1575127193 4
1575127194 4
1575127195 4
1575127196 4
1575127197 4
1575127198 4
1575127199 4
1575127200 4
1575127201 4
1575127202 4
1575127203 4
1575127204 4
1575127205 4
1575127206 4
1575127207 4
1575127208 4
1575127209 4
1575127210 4
1575127211 4
1575127212 4
1575127213 4
1575127214 4
1575127215 4
1575127216 4
1575127217 4
1575127218 4
1575127219 4
1575127220 4
1575127221 4
1575127222 4
1575127223 4
1575127224 4
1575127225 4
1575127226 4
1575127227 4
1575127228 4
1575127229 5
1575127230 5
1575127231 5
1575127232 5
1575127233 5
1575127234 5
1575127235 5
1575127236 5
1575127237 6
1575127238 6
1575127239 6
1575127240 6
1575127300 5
1575127301 5
1575127302 5
1575127303 5
1575127304 5
1575127305 5
1575127306 5
1575127307 5
1575127308 5
1575127309 5
1575127310 5
1575127311 5
1575127312 5
1575127313 5
1575127314 6
1575127315 6
1575127316 6
1575127317 6
1575127318 5
1575127319 5
1575127320 4
1575127321 4
1575127322 5
1575127323 5
1575127324 5
1575127325 5
1575127326 5
1575127327 5
1575127328 5
1575127329 5
1575127330 5
1575127331 5
1575127332 5
1575127333 5
1575127334 5
1575127335 5
1575127336 4
1575127337 4
1575127338 4
1575127339 4
1575127340 4
1575127341 4
1575127342 4
1575127343 3
1575127344 3
1575127345 3
1575127346 3
1575127347 3
1575127348 3
1575127349 3
1575127350 3
1575127351 3
1575127352 3
1575127353 3
1575127354 3
1575127355 3
1575127356 3
1575127357 3
1575127358 3
1575127359 3
1575127360 3
1575127361 3
1575127362 3
1575127363 3
1575127364 3
1575127365 3
1575127366 3
1575127367 3
1575127368 3
1575127369 3
1575127370 3
1575127371 3
1575127372 3
1575127373 3
1575127374 3
1575127375 3
1575127376 3
1575127377 3
1575127378 3
1575127379 3
1575127380 3
1575127381 3
1575127382 3
1575127383 3
1575127384 3
1575127385 3
1575127386 3
1575127387 3
1575127388 3
1575127389 3
1575127390 3
1575127391 3
1575127392 3
1575127393 3
1575127394 3
1575127395 3
1575127396 3
1575127397 3
1575127398 3
1575127399 3
1575127400 3
1575127401 3
1575127402 3
1575127403 3
1575127404 3
1575127405 3
1575127406 3
1575127407 3
1575127408 3
1575127409 3
1575127410 3
1575127411 3
1575127412 3
1575127413 3
1575127414 3
1575127415 3
1575127416 3
1575127417 3
1575127418 3
1575127419 3
1575127420 3
1575127421 3
1575127422 3
1575127423 3
1575127424 3
1575127425 3
1575127426 3
1575127427 3
1575127428 3
1575127429 3
1575127430 3
1575127431 3
1575127432 3
1575127433 3
1575127434 3
1575127435 3
1575127436 3
1575127437 3
1575127438 3
1575127439 3
1575127440 3
1575127441 3
1575127442 3
1575127443 3
1575127444 3
1575127445 3
1575127446 3
1575127447 3
1575127448 3
1575127449 3
1575127450 3
1575127451 3
1575127452 3
1575127453 3
1575127454 3
1575127455 3
1575127456 3
1575127457 3
1575127458 3
1575127459 3
1575127460 3
1575127461 3
1575127462 3
1575127463 3
1575127464 3
1575127465 3
1575127466 3
1575127467 3
1575127468 3
1575127469 3
1575127470 3
1575127471 3
1575127472 3
1575127473 3
1575127474 3
1575127475 3
1575127476 3
1575127477 3
1575127478 3
1575127479 3
1575127480 3
1575127481 3
1575127482 3
1575127483 3
1575127484 3
1575127485 3
1575127486 3
1575127487 3
1575127488 3
1575127489 3
1575127490 3
1575127491 3
1575127492 3
1575127493 3
1575127494 3
1575127495 3
1575127496 3
1575127497 3
1575127498 3
1575127499 3
1575127500 3
1575127501 3
1575127502 3
1575127503 3
1575127504 3
1575127505 3
1575127506 3
1575127507 3
1575127508 3
1575127509 3
1575127510 3
1575127511 3
1575127512 3
1575127513 3
1575127514 3
1575127515 3
1575127516 3
1575127517 3
1575127518 3
1575127519 3
1575127520 3
1575127521 3
1575127522 3
1575127523 3
1575127524 3
1575127525 3
1575127526 3
1575127527 3
1575127528 3
1575127529 3
1575127530 3
1575127531 3
1575127532 3
1575127533 3
1575127534 3
1575127535 3
1575127536 3
1575127537 3
1575127538 3
1575127539 3
1575127540 3
1575127541 3
1575127542 3
1575127543 3
1575127544 3
1575127545 3
1575127546 3
1575127547 3
1575127548 3
1575127549 3
1575127550 3
1575127551 3
1575127552 3
1575127553 3
1575127554 3
1575127555 3
1575127556 3
1575127557 3
1575127558 3
1575127559 3
1575127560 3
1575127561 4
1575127562 4
1575127563 4
1575127564 4
1575127565 3
1575127566 4
1575127567 3
1575127568 3
1575127569 3
1575127570 3
1575127571 3
1575127572 3
1575127573 3
1575127574 3
1575127575 3
1575127576 3
1575127577 3
1575127578 3
1575127579 3
1575127580 3
1575127581 3
1575127582 3
1575127583 3
1575127584 3
1575127585 3
1575127586 3
1575127587 3
1575127588 3
1575127589 4
1575127590 4
1575127591 4
1575127592 4
1575127593 5
1575127594 5
1575127595 5
1575127596 5
1575127597 4
1575127598 5
1575127599 5
1575127600 5
1575127601 5
1575127602 4
1575127603 5
1575127604 5
1575127605 5
1575127606 4
1575127607 4
1575127608 4
1575127609 3
1575127610 4
1575127611 4
1575127612 4
1575127613 3
1575127614 4
1575127615 3
1575127616 4
1575127617 4
1575127618 4
1575127619 4
1575127620 4
1575127621 4
1575127622 3
1575127623 3
1575127624 4
1575127625 3
1575127626 2
1575127627 3
1575127628 3
1575127629 3
1575127630 3
1575127631 3
1575127632 3
1575127633 3
1575127634 3
1575127635 3
1575127636 3
1575127637 3
1575127638 3
1575127639 3
1575127640 3
1575127641 3
1575127642 3
1575127643 3
1575127644 3
1575127645 3
1575127646 3
1575127647 3
1575127648 3
1575127649 3
1575127650 3
1575127651 3
1575127652 3
1575127653 3
1575127654 3
1575127655 3
1575127656 3
1575127657 3
1575127658 3
1575127659 3
1575127660 3
1575127661 3
1575127662 3
1575127663 3
1575127664 3
1575127665 3
1575127666 3
1575127667 3
1575127668 3
1575127669 4
1575127670 4
1575127671 4
1575127672 4
1575127673 4
1575127674 4
1575127675 4
1575127676 4
1575127677 4
1575127678 4
1575127679 4
1575127680 4
1575127681 4
1575127682 4
1575127683 4
1575127684 4
1575127685 4
1575127686 4
1575127687 5
1575127688 5
1575127689 5
1575127690 5
1575127691 5
1575127692 5
1575127693 5
1575127694 5
1575127695 5
1575127696 5
1575127697 5
1575127698 5
1575127699 5
1575127700 4
1575127701 5
1575127702 5
1575127703 4
1575127704 5
1575127705 5
1575127706 5
1575127707 4
1575127708 5
1575127709 5
1575127710 4
1575127711 4
1575127712 5
1575127713 5
1575127714 4
1575127715 4
1575127716 4
1575127717 4
1575127718 4
1575127719 4
1575127720 4
1575127721 4
1575127722 4
1575127723 4
1575127724 4
1575127725 4
1575127726 4
1575127727 4
1575127728 4
1575127729 4
1575127730 4
1575127731 4
1575127732 4
1575127733 4
1575127734 4
1575127735 4
1575127736 4
1575127737 4
1575127738 4
1575127739 4
1575127740 5
1575127741 4
1575127742 4
1575127743 4
1575127744 4
1575127745 4
1575127746 4
1575127747 4
1575127748 4
1575127749 4
1575127750 4
1575127751 4
1575127752 4
1575127753 4
1575127754 4
1575127755 4
1575127756 4
1575127757 4
1575127758 4
1575127759 4
1575127760 4
1575127761 4
1575127762 4
1575127763 4
1575127764 4
1575127765 4
1575127766 4
1575127767 4
1575127768 4
1575127769 4
1575127770 4
1575127771 4
1575127772 5
1575127773 5
1575127774 4
1575127775 5
1575127776 4
1575127777 4
1575127778 4
1575127779 4
1575127780 4
1575127781 4
1575127782 4
1575127783 4
1575127784 4
1575127785 4
1575127786 4
1575127787 4
1575127788 4
1575127789 4
1575127790 4
1575127791 4
1575127792 4
1575127793 3
1575127794 3
1575127795 3
1575127796 3
1575127797 4
1575127798 4
1575127799 4
1575127800 4
1575127801 4
1575127802 4
1575127803 4
1575127804 4
1575127805 4
1575127806 4
1575127807 4
1575127808 4
1575127809 4
1575127810 4
1575127811 4
1575127812 4
1575127813 4
1575127814 4
1575127815 4
1575127816 4
1575127817 4
1575127818 4
1575127819 5
1575127820 4
1575127821 4
1575127822 4
1575127823 4
1575127824 4
1575127825 4
1575127826 5
1575127827 4
1575127828 4
1575127829 4
1575127830 4
1575127831 4
1575127832 4
1575127833 4
1575127834 4
1575127835 4
1575127836 4
1575127837 4
1575127838 4
1575127839 4
1575127840 4
1575127841 4
1575127842 4
1575127843 4
1575127844 4
1575127845 4
1575127846 4
1575127847 4
1575127848 4
1575127849 4
1575127850 4
1575127851 4
1575127852 4
1575127853 4
1575127854 4
1575127855 4
1575127856 4
1575127857 4
1575127858 4
1575127859 4
1575127860 4
1575127861 4
1575127862 4
1575127863 4
1575127864 4
1575127865 4
1575127866 4
1575127867 4
1575127868 4
1575127869 4
1575127870 4
1575127871 4
1575127872 4
1575127873 4
1575127874 4
1575127875 4
1575127876 4
1575127877 4
1575127878 4
1575127879 4
1575127880 4
1575127881 4
1575127882 4
1575127883 4
1575127884 4
1575127885 4
1575127886 4
1575127887 4
1575127888 4
1575127889 4
1575127890 4
1575127891 4
1575127892 4
1575127893 4
1575127894 4
1575127895 4
1575127896 4
1575127897 4
1575127898 4
1575127899 4
1575127900 4
1575127901 4
1575127902 4
1575127903 4
1575127904 4
1575127905 4
1575127906 4
1575127907 4
1575127908 4
1575127909 4
1575127910 4
1575127911 4
1575127912 4
1575127913 4
1575127914 4
1575127915 4
1575127916 4
1575127917 4
1575127918 4
1575127919 4
1575127920 4
1575127921 4
1575127922 4
1575127923 4
1575127924 4
1575127925 4
1575127926 4
1575127927 4
1575127928 4
1575127929 4
1575127930 4
1575127931 4
1575127932 4
1575127933 4
1575127934 4
1575127935 4
1575127936 4
1575127937 4
1575127938 4
1575127939 4
1575127940 4
1575127941 4
1575127942 4
1575127943 4
1575127944 4
1575127945 4
1575127946 4
1575127947 4
1575127948 4
1575127949 4
1575127950 4
1575127951 4
1575127952 4
1575127953 4
1575127954 4
1575127955 4
1575127956 4
1575127957 4
1575127958 4
1575127959 4
1575127960 4
1575127961 4
1575127962 4
1575127963 4
1575127964 4
1575127965 4
1575127966 4
1575127967 4
1575127968 4
1575127969 4
1575127970 4
1575127971 4
1575127972 4
1575127973 4
1575127974 4
1575127975 4
1575127976 4
1575127977 4
1575127978 4
1575127979 4
1575127980 4
1575127981 4
1575127982 4
1575127983 4
1575127984 4
1575127985 4
1575127986 4
1575127987 4
1575127988 4
1575127989 4
1575127990 4
1575127991 4
1575127992 4
1575127993 4
1575127994 4
1575127995 4
1575127996 4
1575127997 4
1575127998 4
1575127999 4
1575128000 4
1575128001 4
1575128002 4
1575128003 4
1575128004 4
1575128005 4
1575128006 4
1575128007 4
1575128008 4
1575128009 4
1575128010 4
1575128011 4
1575128012 4
1575128013 4
1575128014 5
1575128015 5
1575128016 5
1575128017 5
1575128018 5
1575128019 5
1575128020 5
1575128021 5
1575128022 5
1575128023 5
1575128024 5
1575128025 5
1575128026 5
1575128027 5
1575128028 5
1575128029 5
1575128030 5
1575128031 5
1575128032 5
1575128033 5
1575128034 5
1575128035 5
1575128036 5
1575128037 5
1575128038 5
1575128039 5
1575128040 5
1575128041 5
1575128042 5
1575128043 5
1575128044 5
1575128045 5
1575128046 5
1575128047 5
1575128048 5
1575128049 5
1575128050 5
1575128051 5
1575128052 5
1575128053 5
1575128054 5
1575128055 5
1575128056 5
1575128057 5
1575128058 5
1575128059 5
1575128060 5
1575128061 5
1575128062 5
1575128063 5
1575128064 5
1575128065 5
1575128066 5
1575128067 5
1575128068 5
1575128069 5
1575128070 5
1575128071 5
1575128072 5
1575128073 5
1575128074 5
1575128075 5
1575128076 5
1575128077 5
1575128078 5
1575128079 5
1575128080 5
1575128081 5
1575128082 5
1575128083 5
1575128084 5
1575128085 5
1575128086 5
1575128087 5
1575128088 5
1575128089 5
1575128090 5
1575128091 5
1575128092 5
1575128093 4
1575128094 4
1575128095 4
1575128096 4
1575128097 4
1575128098 4
1575128099 4
1575128100 4
1575128101 4
1575128102 4
1575128103 4
1575128104 4
1575128105 4
1575128106 4
1575128107 4
1575128108 4
1575128109 4
1575128110 4
1575128111 4
1575128112 4
1575128113 4
1575128114 4
1575128115 4
1575128116 4
1575128117 4
1575128118 4
1575128119 4
1575128120 4
1575128121 4
1575128122 4
1575128123 4
1575128124 4
1575128125 4
1575128126 4
1575128127 4
1575128128 4
1575128129 4
1575128130 4
1575128131 4
1575128132 4
1575128133 3
1575128134 3
1575128135 3
1575128136 4
1575128137 4
1575128138 3
1575128139 3
1575128140 3
1575128141 3
1575128142 3
1575128143 5
1575128144 4
1575128145 4
1575128146 4
1575128147 4
1575128148 4
1575128149 4
1575128150 4
1575128151 4
1575128152 4
1575128153 4
1575128154 4
1575128155 4
1575128156 4
1575128157 4
1575128158 4
1575128159 4
1575128160 4
1575128161 4
1575128162 4
1575128163 4
1575128164 5
1575128165 5
1575128166 5
1575128167 5
1575128168 5
1575128169 5
1575128170 5
1575128171 5
1575128172 5
1575128173 5
1575128174 4
1575128175 4
1575128176 4
1575128177 4
1575128178 4
1575128179 4
1575128180 4
1575128181 4
1575128182 4
1575128183 4
1575128184 4
1575128185 4
1575128186 4
1575128187 4
1575128188 4
1575128189 4
1575128190 4
1575128191 4
1575128192 4
1575128193 4
1575128194 4
1575128195 4
1575128196 4
1575128197 4
1575128198 4
1575128199 4
1575128200 4
1575128201 4
1575128202 4
1575128203 4
1575128204 4
1575128205 4
1575128206 4
1575128207 4
1575128208 4
1575128209 4
1575128210 4
1575128211 4
1575128212 4
1575128213 4
1575128214 4
1575128215 4
1575128216 4
1575128217 4
1575128218 4
1575128219 4
1575128220 4
1575128221 4
1575128222 4
1575128223 4
1575128224 4
1575128225 4
1575128226 4
1575128227 4
1575128228 4
1575128229 4
1575128230 4
1575128231 4
1575128232 4
1575128233 4
1575128234 4
1575128235 4
1575128236 4
1575128237 4
1575128238 4
1575128239 4
1575128240 4
1575128241 4
1575128242 4
1575128243 4
1575128244 4
1575128245 4
1575128246 4
1575128247 4
1575128248 4
1575128249 4
1575128250 4
1575128251 4
1575128252 4
1575128253 4
1575128254 4
1575128255 4
1575128256 4
1575128257 4
1575128258 4
1575128259 4
1575128260 4
1575128261 4
1575128262 4
1575128263 4
1575128264 4
1575128265 4
1575128266 4
1575128267 4
1575128268 4
1575128269 4
1575128270 4
1575128271 4
1575128272 4
1575128334 2
1575128335 2
1575128336 2
1575128337 2
1575128338 2
1575128339 2
1575128340 2
1575128341 2
1575128342 2
1575128343 2
1575128344 2
1575128345 2
1575128346 2
1575128347 2
1575128348 2
1575128349 2
1575128350 2
1575128351 2
1575128352 2
1575128353 2
1575128354 2
1575128355 2
1575128356 2
1575128357 2
1575128358 2
1575128359 2
1575128360 2
1575128361 2
1575128362 2
1575128363 2
1575128364 2
1575128365 2
1575128366 2
1575128367 2
1575128368 2
1575128369 2
1575128370 2
1575128371 2
1575128372 2
1575128373 2
1575128374 2
1575128375 2
1575128376 2
1575128377 2
1575128378 2
1575128379 2
1575128380 2
1575128381 2
1575128382 2
1575128383 2
1575128384 2
1575128385 2
1575128386 2
1575128387 2
1575128388 2
1575128389 2
1575128390 2
1575128391 2
1575128392 2
1575128393 2
1575128394 2
1575128395 2
1575128396 2
1575128397 2
1575128398 2
1575128399 2
1575128400 2
1575128401 2
1575128402 2
1575128403 2
1575128404 2
1575128405 2
1575128406 2
1575128407 2
1575128408 2
1575128409 2
1575128410 2
1575128411 2
1575128412 2
1575128413 2
1575128414 2
1575128415 2
1575128416 2
1575128417 2
1575128418 2
1575128419 2
1575128420 2
1575128421 2
1575128422 2
1575128423 2
1575128424 2
1575128425 2
1575128426 2
1575128427 2
1575128428 2
1575128429 2
1575128430 2
1575128431 2
1575128432 2
1575128433 2
1575128434 2
1575128435 2
1575128436 2
1575128437 2
1575128438 2
1575128439 2
1575128440 2
1575128441 2
1575128442 2
1575128443 2
1575128444 2
1575128445 2
1575128446 2
1575128447 2
1575128448 2
1575128449 2
1575128450 2
1575128451 2
1575128452 2
1575128453 2
1575128454 2
1575128455 2
1575128456 2
1575128457 2
1575128458 2
1575128459 2
1575128460 2
1575128461 2
1575128462 2
1575128463 2
1575128464 2
1575128465 2
1575128466 2
1575128467 2
1575128468 2
1575128469 2
1575128470 2
1575128471 2
1575128472 2
1575128473 2
1575128474 2
1575128475 2
1575128476 2
1575128477 2
1575128478 2
1575128479 2
1575128480 2
1575128481 2
1575128482 2
1575128483 2
1575128484 2
1575128485 2
1575128486 2
1575128487 2
1575128488 2
1575128489 2
1575128490 2
1575128491 2
1575128492 2
1575128493 2
1575128494 2
1575128495 2
1575128496 2
1575128497 2
1575128498 2
1575128499 2
1575128500 2
1575128501 2
1575128502 2
1575128503 2
1575128504 2
1575128505 2
1575128506 2
1575128507 2
1575128508 2
1575128509 2
1575128510 2
1575128511 2
1575128512 2
1575128513 2
1575128514 2
1575128515 2
1575128516 2
1575128517 2
1575128518 2
1575128519 2
1575128520 2
1575128521 2
1575128522 2
1575128523 2
1575128524 2
1575128525 2
1575128526 2
1575128527 2
1575128528 2
1575128529 2
1575128530 2
1575128531 2
1575128532 2
1575128533 2
1575128534 2
1575128535 2
1575128536 2
1575128537 2
1575128538 2
1575128539 2
1575128540 2
1575128541 2
1575128542 2
1575128543 2
1575128544 2
1575128545 2
1575128546 2
1575128547 2
1575128548 2
1575128549 2
1575128550 2
1575128551 2
1575128552 2
1575128553 2
1575128554 2
1575128555 2
1575128556 2
1575128557 2
1575128558 2
1575128559 2
1575128560 2
1575128561 2
1575128562 2
1575128563 2
1575128564 2
1575128565 2
1575128566 2
1575128567 2
1575128568 2
1575128569 2
1575128570 2
1575128571 2
1575128572 2
1575128573 2
1575128574 2
1575128575 2
1575128576 2
1575128577 2
1575128578 2
1575128579 2
1575128580 2
1575128581 2
1575128582 2
1575128583 2
1575128584 2
1575128585 2
1575128586 2
1575128587 2
1575128588 2
1575128589 2
1575128590 2
1575128591 2
1575128592 2
1575128593 2
1575128594 2
1575128595 2
1575128596 2
1575128597 1
1575128598 2
1575128599 2
1575128600 2
1575128601 2
1575128602 2
1575128603 2
1575128604 2
1575128605 2
1575128606 2
1575128607 2
1575128608 2
1575128609 2
1575128610 2
1575128611 2
1575128612 2
1575128613 2
1575128614 2
1575128615 2
1575128616 2
1575128617 2
1575128618 2
1575128619 2
1575128620 2
1575128621 2
1575128622 2
1575128623 2
1575128624 2
1575128625 2
1575128626 2
1575128627 2
1575128628 2
1575128629 2
1575128630 2
1575128631 2
1575128632 2
1575128633 2
1575128634 2
1575128635 2
1575128636 2
1575128637 2
1575128638 2
1575128639 2
1575128640 2
1575128641 2
1575128642 2
1575128643 2
1575128644 2
1575128645 2
1575128646 2
1575128647 2
1575128648 2
1575128649 2
1575128650 2
1575128651 2
1575128652 2
1575128653 2
1575128654 2
1575128655 2
1575128656 2
1575128657 2
1575128658 2
1575128659 2
1575128660 2
1575128661 2
1575128662 2
1575128663 2
1575128664 2
1575128665 2
1575128666 2
1575128667 2
1575128668 2
1575128669 2
1575128670 2
1575128671 2
1575128672 2
1575128673 2
1575128674 2
1575128675 2
1575128676 2
1575128677 2
1575128678 2
1575128679 2
1575128680 2
1575128681 2
1575128682 2
1575128683 2
1575128684 2
1575128685 2
1575128686 2
1575128687 2
1575128688 2
1575128689 2
1575128690 2
1575128691 2
1575128692 2
1575128693 2
1575128694 2
1575128695 2
1575128696 2
1575128697 2
1575128698 1
1575128699 1
1575128700 2
1575128701 2
1575128702 2
1575128703 2
1575128704 2
1575128705 2
1575128706 2
1575128707 2
1575128708 2
1575128709 2
1575128710 2
1575128711 2
1575128712 2
1575128713 2
1575128714 2
1575128715 2
1575128716 2
1575128717 2
1575128718 2
1575128719 2
1575128720 2
1575128721 2
1575128722 2
1575128723 2
1575128724 2
1575128725 2
1575128726 2
1575128727 2
1575128728 2
1575128729 2
1575128730 2
1575128731 2
1575128732 2
1575128733 2
1575128734 2
1575128735 2
1575128736 2
1575128737 2
1575128738 1
1575128739 1
1575128740 1
1575128741 2
1575128742 2
1575128743 2
1575128744 2
1575128745 2
1575128746 2
1575128747 2
1575128748 2
1575128749 2
1575128750 2
1575128751 2
1575128752 2
1575128753 2
1575128754 2
1575128755 2
1575128756 2
1575128757 2
1575128758 2
1575128759 2
1575128760 2
1575128761 2
1575128762 2
1575128763 2
1575128764 2
1575128765 2
1575128766 2
1575128767 2
1575128768 2
1575128769 2
1575128770 2
1575128771 2
1575128772 2
1575128773 2
1575128774 2
1575128775 2
1575128776 2
1575128777 2
1575128778 2
1575128779 2
1575128780 2
1575128781 2
1575128782 2
1575128783 2
1575128784 2
1575128785 2
1575128786 2
1575128787 2
1575128788 2
1575128789 2
1575128790 2
1575128791 2
1575128792 2
1575128793 2
1575128794 2
1575128795 2
1575128796 2
1575128797 2
1575128798 2
