1581949439 4
1581949440 4
1581949441 4
1581949442 4
1581949443 4
1581949444 4
1581949445 3
1581949446 3
1581949447 3
1581949448 3
1581949449 3
1581949450 3
1581949451 3
1581949452 3
1581949453 3
1581949454 3
1581949455 3
1581949456 3
1581949457 3
1581949458 3
1581949459 3
1581949460 3
1581949461 3
1581949462 2
1581949463 2
1581949464 2
1581949465 2
1581949466 2
1581949467 2
1581949468 2
1581949469 2
1581949470 2
1581949471 2
1581949472 2
1581949473 2
1581949474 2
1581949475 2
1581949476 2
1581949477 2
1581949478 2
1581949479 2
1581949480 2
1581949481 2
1581949482 2
1581949483 2
1581949484 2
1581949485 2
1581949486 2
1581949487 2
