1575039478 4
1575039479 4
1575039480 4
1575039481 4
1575039482 3
1575039483 3
1575039484 3
1575039485 3
1575039486 3
1575039487 3
1575039488 3
1575039489 3
1575039490 3
1575039491 3
1575039492 3
1575039493 3
1575039494 3
1575039495 3
1575039496 3
1575039497 3
1575039498 3
1575039499 3
1575039500 3
1575039501 3
1575039502 3
1575039503 3
1575039504 3
1575039505 3
1575039506 3
1575039507 4
1575039508 4
1575039509 4
1575039510 4
1575039511 4
1575039512 4
1575039513 4
1575039514 3
1575039515 3
1575039516 2
1575039517 2
