1573207101 9.028641579
1573207269 9.070903181
1573207438 9.031917136
1573207603 8.754080501
1573207773 9.056638518
1573207940 8.883962125
1573208107 9.120056789
1573208273 8.95929561
1573208441 8.869310323
1573208606 9.040949937
1573220342 9.208921368
1573220509 8.944047019
1573220677 9.245488802
1573220846 9.260679133
1573221014 8.947749779
1573221180 9.283316467
1573221344 8.982105549
1573221515 9.222908227
1573221681 9.484241578
1573221851 8.973867321
1573222039 9.224250906
1573222210 8.932062083
1573222377 9.029025566
1573222543 9.103606674
1573222712 9.248919448
