1571754096 2
1571754097 4
1571754098 2
1571754099 2
1571754887 3
1571754888 2
1571754889 3
1571756523 2
1571756524 2
1571756525 2
1571756934 3
1571756935 3
1571756936 2
1571757383 3
1571757384 2
1571757385 2
1571757772 2
1571757773 2
1571757774 2
1571758562 2
1571758563 3
1571758564 2
1571762966 2
1571762967 2
1571762968 2
1571763354 2
1571763355 2
1571763356 2
1571763746 2
1571763747 2
1571764153 2
1571764154 2
1571764155 2
1571764955 3
1571764956 2
1571764957 2
1571765342 2
1571765343 4
1571765344 2
1571765345 2
1571767094 3
1571767095 2
1571767096 2
