1572361241 2
1572361242 2
1572361439 2
1572361440 2
1572361634 2
1572361635 2
1572361829 2
1572361830 2
1572362016 2
1572362017 2
1572362018 2
1572362019 2
1572362020 2
1572362021 2
1572362022 2
1572362023 2
1572362024 2
1572362025 2
1572362026 2
1572362027 2
1572362028 2
1572362029 2
1572362030 2
1572362222 2
1572362223 2
1572362418 2
1572362419 2
1572362614 2
1572362615 2
1572362813 2
1572362814 2
1572363008 2
1572363009 2
1572363010 2
1572363449 2
1572363450 2
1572363779 2
1572364108 2
1572364109 2
1572364439 2
1572364771 2
1572364772 2
1572365113 2
1572365114 2
1572365491 2
1572365492 2
1572365863 2
1572365864 2
1572366202 2
1572366203 2
1572366538 2
1572366890 2
1572366891 2
1572367057 2
1572367058 2
1572367226 2
1572367227 2
1572367395 2
1572367396 2
1572367578 2
1572367579 2
1572367749 2
1572367925 2
1572367926 2
1572368093 2
1572368094 2
1572368259 2
1572368260 2
1572368425 2
1572368426 2
1572369568 2
1572369898 2
1572370228 2
1572370229 2
1572370560 2
1572370561 2
1572370889 2
1572371221 2
1572371222 2
1572371552 2
1572371880 2
1572371881 2
1572371882 2
1572372210 2
1572372211 2
1572372539 2
1572372540 2
