1579522827 2
1579522828 2
1579523037 2
1579523038 2
1579523227 2
1579523228 2
1579523392 2
1579523393 2
1579523565 2
1579523566 2
1579523747 2
1579523748 2
1579523928 2
1579524285 2
1579524453 2
1579524454 2
1579524685 2
1579524686 2
1579525030 2
1579525031 2
1579525360 2
1579525751 2
1579526076 2
1579526077 2
1579528372 2
1579528373 2
1579528693 2
1579528694 2
1579529116 2
1579529117 2
1579529520 2
1579529521 2
1579529832 2
1579529833 2
1579530232 2
1579530233 2
1579530871 1
1579530872 1
1579530873 1
1579530874 1
1579530875 1
1579530876 1
1579530877 2
1579530878 2
1579530879 2
1579530880 2
1579530881 2
1579531921 2
1579532624 2
1579532625 2
1579533277 2
1579533278 2
1579533865 2
1579533866 2
1579534552 2
1579534553 2
1579535186 2
1579535187 2
1579535769 2
1579535770 2
1579535771 2
1579535772 2
1579535773 2
1579535774 2
1579535775 2
1579535776 2
1579535777 2
1579535778 2
1579535779 2
1579535780 2
1579535781 2
1579535782 2
1579535783 2
1579536835 1
1579536836 1
1579537425 2
1579537426 2
