1575112801 2
1575112802 2
1575112803 2
1575112804 2
1575112962 2
1575112963 2
1575112964 2
1575112965 2
1575112966 2
1575113124 2
1575113125 2
1575113126 2
1575113127 2
1575113128 2
1575113285 2
1575113286 2
1575113287 2
1575113288 2
1575113443 2
1575113444 2
1575113445 2
1575113446 2
1575113603 2
1575113604 2
1575113605 2
1575113606 2
1575113747 2
1575113748 2
1575113749 2
1575113750 2
1575113751 2
1575113752 2
1575113753 2
1575113754 2
1575113755 2
1575113756 2
1575113757 2
1575113758 2
1575113759 2
1575113760 2
1575113761 2
1575113762 2
1575113763 2
1575113912 2
1575113913 2
1575113914 2
1575113915 2
1575113916 2
1575113917 2
1575113918 2
1575113919 2
1575113920 2
1575114237 2
1575114238 2
1575114239 2
1575114240 2
1575114241 2
1575114242 2
1575114243 2
1575114244 2
1575114245 2
1575114246 2
1575114412 2
1575114413 2
1575114414 2
1575114415 2
1575114715 2
1575114716 2
1575114717 2
1575114718 2
1575115003 4
1575115004 4
1575115005 3
1575115006 3
1575115007 2
1575115008 3
1575115009 2
1575115010 2
1575115011 2
1575115012 2
1575115013 2
1575115014 2
1575115015 2
1575115016 2
1575115017 2
1575115018 2
1575115019 2
1575115020 2
1575115021 2
1575115022 2
1575115023 2
1575115024 2
1575115025 2
1575115026 2
1575115027 2
1575115028 2
1575115029 2
1575115329 2
1575115330 2
1575115331 2
1575115332 2
1575115333 2
1575115334 2
1575115335 2
1575115336 2
1575115337 2
1575115338 2
1575115638 2
1575115639 2
1575115640 2
1575115641 2
1575115642 2
1575115643 2
1575115644 2
1575115645 2
1575115646 2
1575115647 2
1575115958 2
1575115959 2
1575115960 2
1575115961 2
1575115962 2
1575116269 2
1575116270 2
1575116271 2
1575116272 2
1575116273 2
1575116568 2
1575116569 2
1575116570 2
1575116571 2
1575116572 2
1575116573 2
1575116574 2
1575116575 2
1575116576 2
1575116577 2
1575116578 2
1575116579 2
1575116580 2
1575116581 2
1575116582 2
1575116583 2
1575116584 2
1575116889 2
1575116890 2
1575116891 2
1575116892 2
1575117197 2
1575117198 2
1575117199 2
1575117200 2
1575120212 2
1575120213 2
1575120214 2
1575120215 2
1575120216 2
1575120217 2
1575120218 2
1575120219 2
1575120220 2
1575120221 2
1575120781 2
1575120782 2
1575120783 2
1575120784 2
1575121340 2
1575121341 2
1575121342 2
1575121343 2
1575122402 2
1575122403 2
1575122404 2
1575122405 2
1575122961 2
1575122962 2
1575122963 2
1575122964 2
1575123512 2
1575123513 2
1575123514 2
1575123515 2
1575123516 2
1575123517 2
1575123518 2
1575123519 2
1575123520 2
1575123521 2
1575124072 2
1575124073 2
1575124074 2
1575124075 2
1575124076 2
1575124077 2
1575124078 2
1575124079 2
1575124080 2
1575124619 2
1575124620 2
1575124621 2
1575124622 2
1575124623 2
1575124624 2
1575124625 2
1575124626 2
1575124627 2
1575124628 2
1575124629 2
1575124630 2
1575124631 2
1575124632 2
1575124633 2
1575124634 2
1575124635 2
1575125197 2
1575125198 2
1575125199 2
1575125200 2
1575125767 2
1575125768 2
1575125769 2
1575125770 2
