1582113082 2
1582113083 2
1582113084 2
1582113085 2
1582113086 2
1582113229 4
1582113230 4
1582113231 2
1582113232 2
1582113233 2
1582113234 2
1582113235 2
1582113236 2
1582113237 2
1582113238 2
1582113239 2
1582113240 2
1582113241 2
1582113242 2
1582113243 2
1582113244 2
1582113245 2
1582113246 2
1582113247 2
1582113248 2
1582113249 2
1582113250 2
1582113251 2
1582113252 2
1582113253 2
1582113254 2
1582113415 2
1582113416 2
1582113417 2
1582113418 2
1582113583 2
1582113584 2
1582113585 2
1582113586 2
1582113587 2
1582113744 2
1582113745 2
1582113746 2
1582113747 2
1582113748 2
1582113922 2
1582113923 2
1582113924 2
1582113925 2
1582114085 2
1582114086 3
1582114087 3
1582114088 3
1582114089 3
1582114248 2
1582114249 2
1582114250 2
1582114251 2
1582114402 2
1582114403 2
1582114404 2
1582114405 2
1582114406 2
1582114407 2
1582114408 2
1582114409 2
1582114410 2
1582114411 2
1582114412 2
1582114413 2
1582114414 2
1582114415 2
1582114416 2
1582114417 2
1582114418 2
1582114578 2
1582114579 2
1582114580 2
1582114581 2
1582114582 2
1582114743 2
1582114744 2
1582114745 2
1582114746 2
1582114904 2
1582114905 2
1582114906 2
1582114907 2
1582115058 2
1582115059 2
1582115060 2
1582115061 2
1582115062 2
1582115063 2
1582115064 2
1582115065 2
1582115066 2
1582115067 2
1582115068 2
1582115069 2
1582115070 2
1582115071 2
1582115072 2
1582115073 2
1582115236 2
1582115237 2
1582115238 2
1582115239 2
1582115240 2
1582115400 2
1582115401 2
1582115402 2
1582115403 2
1582115563 2
1582115564 2
1582115565 2
1582115566 2
1582115727 2
1582115728 2
1582115729 2
1582115730 2
1582115890 2
1582115891 2
1582115892 2
1582115893 2
1582116071 2
1582116072 2
1582116073 2
1582116074 2
1582116075 2
1582116288 2
1582116289 2
1582116290 2
1582116291 2
1582116460 2
1582116461 2
1582116462 2
1582116463 2
1582116464 2
1582116613 2
1582116614 2
1582116615 2
1582116616 2
1582116617 2
1582116618 2
1582116619 2
1582116620 2
1582116621 2
1582116622 2
1582116623 2
1582116624 2
1582116625 2
1582116626 2
1582116627 1
1582116628 1
1582116629 1
1582116630 1
1582116631 3
1582116632 1
1582116633 1
1582118948 2
1582118949 2
1582118950 2
1582118951 2
1582119109 2
1582119110 2
1582119111 2
1582119112 2
1582119279 2
1582119280 2
1582119281 2
1582119282 2
1582119283 2
1582119424 4
1582119425 4
1582119426 3
1582119427 2
1582119428 2
1582119429 2
1582119430 2
1582119431 2
1582119432 2
1582119433 2
1582119434 2
1582119435 2
1582119436 2
1582119437 2
1582119438 2
1582119439 2
1582119440 2
1582119441 2
1582119442 2
1582119443 2
1582119444 2
1582119445 2
1582119446 2
1582119447 2
1582119448 2
1582119449 2
1582119630 2
1582119631 2
1582119632 2
1582119633 2
1582119634 2
1582119794 2
1582119795 2
1582119796 2
1582119797 2
1582119963 2
1582119964 2
1582119965 2
1582119966 2
1582119967 2
1582120137 2
1582120138 2
1582120139 2
1582120140 2
1582120141 2
1582120320 2
1582120321 2
1582120322 2
1582120323 2
1582120623 2
1582120624 2
1582120625 2
1582120626 2
1582120627 2
1582120861 2
1582120862 2
1582120863 2
1582120864 2
1582121028 2
1582121029 2
1582121030 2
1582121031 2
1582121032 2
1582121190 2
1582121191 2
1582121192 2
1582121193 2
1582121194 1
1582121195 1
1582121196 1
1582121197 1
1582121198 1
1582121199 1
1582121200 1
1582121201 1
1582121202 1
1582121203 1
1582121204 1
1582121205 1
1582121206 1
1582121207 1
1582121208 1
1582121209 1
1582121210 1
1582121211 1
1582121212 1
1582121213 1
1582121214 1
1582121215 1
1582121216 1
1582121217 1
1582121218 1
1582121219 1
1582121220 1
1582121221 1
1582121222 1
1582121223 1
1582121224 1
1582121225 1
1582121226 1
1582121227 1
1582121228 1
1582121229 1
1582121230 1
1582121231 1
1582121232 1
1582121233 1
1582121234 1
1582121235 1
1582121236 1
1582121237 1
1582121238 1
1582121239 1
1582121240 1
1582121241 1
1582121242 1
1582121243 1
1582121244 1
1582121245 1
1582121246 1
1582121247 1
1582121248 1
1582121249 1
1582121250 1
1582121251 1
1582121252 1
1582121253 1
1582121254 1
1582121255 1
1582121256 1
1582121257 1
1582121258 1
1582121259 1
1582121260 1
1582121261 1
1582121262 1
1582121263 1
1582121264 1
1582121265 1
1582121266 1
1582121267 2
1582121268 2
1582121269 2
1582121270 1
1582121271 1
1582121272 1
1582121273 1
1582121274 1
1582121275 1
1582121276 1
1582121277 1
1582121435 2
1582121436 2
1582121437 2
1582121438 2
1582125179 2
1582125180 2
1582125181 2
1582125182 2
1582125316 4
1582125317 3
1582125318 3
1582125319 2
1582125320 2
1582125321 2
1582125322 2
1582125323 2
1582125324 2
1582125325 2
1582125326 2
1582125327 2
1582125328 2
1582125329 2
1582125330 2
1582125331 2
1582125332 2
1582125333 2
1582125334 2
1582125335 2
1582125336 2
1582125337 2
1582125338 2
1582125339 2
1582125340 2
1582125341 2
1582125342 2
1582125814 2
1582125815 2
1582125816 2
1582125817 2
1582125818 2
1582125819 2
1582125820 2
1582125821 2
1582125822 2
1582125823 2
1582125824 2
1582125825 2
1582125988 2
1582125989 2
1582125990 2
1582125991 2
1582126135 4
1582126136 3
1582126137 4
1582126138 2
1582126139 2
1582126140 2
1582126141 2
1582126142 2
1582126143 2
1582126144 2
1582126145 2
1582126146 2
1582126147 2
1582126148 2
1582126149 2
1582126150 2
1582126151 2
1582126152 2
1582126153 2
1582126154 2
1582126155 2
1582126156 2
1582126157 2
1582126158 2
1582126159 2
1582126160 2
1582126319 2
1582126320 2
1582126321 2
1582126322 2
1582126484 2
1582126485 2
1582126486 2
1582126487 2
1582126488 2
1582126625 4
1582126626 3
1582126627 3
1582126628 2
1582126629 2
1582126630 2
1582126631 2
1582126632 2
1582126633 2
1582126634 2
1582126635 2
1582126636 2
1582126637 2
1582126638 2
1582126639 2
1582126640 2
1582126641 2
1582126642 2
1582126643 2
1582126644 2
1582126645 2
1582126646 2
1582126647 2
1582126648 2
1582126649 2
1582126650 2
1582126651 2
1582126792 5
1582126793 3
1582126794 3
1582126795 2
1582126796 2
1582126797 2
1582126798 2
1582126799 2
1582126800 2
1582126801 2
1582126802 2
1582126803 2
1582126804 2
1582126805 2
1582126806 2
1582126807 2
1582126808 2
1582126809 2
1582126810 2
1582126811 2
1582126812 2
1582126813 2
1582126814 2
1582126815 2
1582126816 2
1582126975 2
1582126976 2
1582126977 2
1582126978 2
1582126979 2
1582127135 2
1582127136 2
1582127137 2
1582127138 2
1582127139 2
1582127302 2
1582127303 2
1582127304 2
1582127305 2
1582127306 2
1582127472 2
1582127473 2
1582127474 2
1582127475 2
1582127635 2
1582127636 2
1582127637 2
1582127638 2
1582127639 2
1582127800 2
1582127801 2
1582127802 2
1582127803 2
1582127959 2
1582127960 2
1582127961 2
1582127962 2
1582127963 2
1582128126 2
1582128127 2
1582128128 2
1582128129 2
1582128264 4
1582128265 3
1582128266 3
1582128267 2
1582128268 2
1582128269 2
1582128270 2
1582128271 2
1582128272 2
1582128273 2
1582128274 2
1582128275 2
1582128276 2
1582128277 2
1582128278 2
1582128279 2
1582128280 2
1582128281 2
1582128282 2
1582128283 2
1582128284 2
1582128285 2
1582128286 2
1582128287 2
1582128288 2
1582128289 2
1582128463 2
1582128464 2
1582128465 2
1582128466 2
1582128467 2
1582128468 2
1582128469 2
1582128470 2
1582128471 2
1582128630 2
1582128631 2
1582128632 2
1582128633 2
1582128796 2
1582128797 2
1582128798 2
1582128799 2
1582128800 2
1582128960 2
1582128961 2
1582128962 2
1582129131 2
1582129132 2
1582129133 2
1582129134 2
1582129135 2
1582129267 4
1582129268 4
1582129269 3
1582129270 3
1582129271 2
1582129272 3
1582129273 2
1582129274 2
1582129275 2
1582129276 3
1582129277 2
1582129278 2
1582129279 2
1582129280 2
1582129281 2
1582129282 2
1582129283 2
1582129284 2
1582129285 2
1582129286 2
1582129287 2
1582129288 2
1582129289 2
1582129290 2
1582129291 2
1582129292 2
1582129293 2
1582129451 2
1582129452 2
1582129453 2
1582129454 2
