1580223913 2
1580224463 2
1580224464 2
1580224465 2
1580224466 2
1580224467 2
1580224468 2
1580224469 2
1580224470 2
1580224471 3
1580225028 3
1580225583 2
1580225584 2
1580225585 4
1580225586 3
1580225587 3
1580225588 3
1580225589 3
1580225590 3
1580225591 4
1580226150 3
1580226728 2
1580226729 2
1580226730 2
1580226731 2
1580226732 2
1580226733 2
1580226734 2
1580226735 2
1580226736 3
1580227295 2
1580227296 2
1580227297 2
1580227298 2
1580227299 2
1580227300 2
1580227301 2
1580227302 2
1580227303 3
1580227901 3
1580228474 2
1580228475 2
1580228476 2
1580228477 2
1580228478 2
1580228479 2
1580228480 2
1580228481 2
1580228482 3
1580229034 2
1580229035 2
1580229036 2
1580229037 2
1580229038 2
1580229039 2
1580229040 3
1580229041 2
1580229042 3
