1572532470 3
1572532471 3
1572532472 6
1572532473 7
1572532474 6
1572532475 8
1572532476 9
1572532477 10
1572532478 13
1572532479 11
1572532480 7
1572532481 9
1572532482 9
1572532483 10
1572532484 9
1572532485 9
1572532486 10
1572532487 7
1572532488 7
1572532489 7
1572532490 7
1572532491 6
1572532492 3
1572532493 3
1572532494 3
1572532495 2
1572532496 2
1572532497 3
1572532498 2
1572532499 1
1572532500 1
1572532501 1
1572532502 2
1572532503 2
1572532504 3
1572532505 4
1572532506 4
1572532658 6
1572532659 6
1572532660 5
1572532661 4
1572532662 6
1572532663 5
1572532664 6
1572532665 6
1572532666 6
1572532667 4
1572532668 2
1572532669 2
1572532670 2
1572532671 3
1572532672 4
1572532673 7
1572532674 6
1572532675 6
1572532676 8
1572532677 10
1572532678 10
1572532679 11
1572532680 11
1572532681 8
1572532682 9
1572532683 8
1572532684 8
1572532685 6
1572532686 7
1572532687 8
1572532688 5
1572532689 6
1572532690 6
1572532691 6
1572532692 5
1572532693 6
1572532694 5
1572532695 5
1572532696 4
1572532697 3
1572532698 2
1572532699 2
1572532700 2
1572532701 2
1572532702 3
1572532703 2
1572532704 1
1572532705 1
1572532706 1
1572532707 1
1572532708 1
1572532709 3
1572532710 2
1572532711 3
1572532712 4
1572532713 4
1572532982 3
1572532983 4
1572544600 3
1572544768 4
1572544941 4
1572544942 4
1572545117 4
1572545118 4
1572545287 5
1572545288 5
