1571322714 2
1571322715 3
1571322716 3
1571322717 3
1571322718 3
1571322719 3
1571322720 3
1571322721 3
1571322722 3
1571322723 3
1571322724 3
1571322725 3
1571322726 3
1571322727 3
1571322728 3
1571322729 2
1571322730 2
1571322731 2
1571322732 2
1571322733 2
1571322734 2
1571322735 2
1571322736 2
1571322737 2
1571322738 2
1571322739 2
1571322740 2
1571322741 1
1571322742 2
1571322743 1
1571322744 2
1571322745 2
1571322746 2
1571322747 2
1571322748 1
1571322749 1
1571322750 1
1571322751 1
1571322752 1
1571322753 2
1571322754 2
1571322755 2
1571322756 2
1571322757 2
1571322758 2
1571322759 2
1571322760 2
1571322761 2
1571322762 2
1571322763 2
1571322764 2
1571322765 2
1571322766 2
1571322767 2
1571322768 2
1571322769 2
1571322770 2
1571322771 2
1571322772 3
1571322773 4
1571322774 4
1571322775 4
1571322776 4
1571322777 4
1571322778 4
1571322779 4
1571322780 4
1571322781 4
1571322782 4
1571322783 4
1571322784 4
1571322785 4
1571322786 4
1571322787 4
1571322788 4
1571322789 4
1571322790 4
1571322791 4
1571322792 4
1571322793 4
1571322794 4
1571322795 4
1571322796 4
1571322797 4
1571322798 4
1571322799 4
1571322800 4
1571322801 4
1571322802 4
1571322803 4
1571322804 4
1571322805 4
1571322806 4
1571322807 4
1571322808 4
1571322809 4
1571322810 4
1571322811 4
1571322812 4
1571322813 4
1571322814 4
1571322815 4
1571322816 4
1571322817 4
1571322818 4
1571322819 4
1571322820 4
1571322821 4
1571322822 4
1571322823 4
1571322824 4
1571322825 4
1571322826 4
1571322827 4
1571322828 4
1571322829 4
1571322830 4
1571322831 4
1571322832 4
1571322833 4
1571322834 4
1571322835 4
1571322836 4
1571322837 4
1571322838 4
1571322839 4
1571322840 4
1571322841 4
1571322842 4
1571322843 4
1571322844 4
1571322845 4
1571322846 4
1571322847 4
1571322848 4
1571322849 4
1571322850 4
1571322851 4
1571322852 4
1571322853 4
1571322854 4
1571322855 4
1571322856 4
1571322857 4
1571322858 4
1571322859 4
1571322860 4
1571322861 4
1571322862 4
1571322863 4
1571322864 4
1571322865 4
1571322866 4
1571322867 4
1571322868 4
1571322869 4
1571322870 4
1571322871 4
1571322872 4
1571322873 4
1571322874 4
1571322875 4
1571322876 4
1571322877 4
1571322878 4
1571322879 4
1571322880 4
1571322881 4
1571322882 4
1571322883 4
1571322884 4
1571322885 3
1571322886 3
1571324791 4
1571324792 4
1571324793 4
1571325203 4
1571325204 4
1571325205 4
1571325403 4
1571325404 4
1571325605 4
1571325606 4
1571325607 4
1571325806 4
1571325807 4
1571325808 4
1571326003 4
1571326004 4
1571326005 4
1571326906 4
1571326907 4
1571326908 4
1571327114 4
1571327115 4
1571327116 4
1571327321 5
1571327322 5
1571327323 3
1571327324 4
1571328112 4
1571328113 4
1571328114 4
1571328503 4
1571328504 4
1571328505 4
1571328894 4
1571328895 4
1571328896 4
