1571395648 4
1571395652 3
1571395653 3
1571395654 3
1571395655 3
1571395656 3
1571395657 3
1571395658 3
1571395659 3
1571395660 3
1571395661 3
1571395662 3
1571395663 3
1571395692 4
1571395693 4
1571395694 4
1571395695 4
1571395696 4
1571395697 4
1571395698 4
1571395995 4
1571395996 4
1571395997 4
1571396192 4
1571396193 4
1571396194 4
1571396391 4
1571396392 4
1571396393 4
1571396788 4
1571396789 4
1571397017 4
1571397018 4
1571397220 4
1571397221 4
1571397419 4
1571397420 4
1571397421 4
1571397616 4
1571397617 5
1571397814 4
1571397815 4
1571399013 4
1571399014 4
1571399015 4
1571405061 4
1571405062 4
1571405261 4
1571405262 4
1571405460 5
1571405461 5
1571405691 4
1571405692 4
1571405890 4
1571405891 5
1571407570 4
1571407571 4
1571407572 4
1571409111 4
1571409112 4
1571409113 4
1571409313 5
1571409314 4
1571409315 4
1571409512 4
1571409513 4
1571409514 4
1571409926 4
1571409927 4
