1573208970 3
1573208971 3
1573208972 3
1573208973 2
1573209626 3
1573209627 3
1573209628 3
1573209629 2
1573210300 3
1573210301 3
1573210302 3
1573210303 2
1573210968 2
1573210969 2
1573210970 3
1573210971 2
1573211627 2
1573211628 3
1573211629 2
1573211630 2
1573212275 2
1573212276 3
1573212277 2
1573212278 2
1573212926 2
1573212927 3
1573212928 2
1573212929 2
1573213577 3
1573213578 2
1573213579 2
1573213580 2
1573214249 3
1573214250 3
1573214251 2
1573214252 2
1573214253 2
1573214907 3
1573214908 3
1573214909 2
1573214910 2
