1572871597 2
1572871598 2
1572871599 2
1572872249 2
1572872250 3
1572872930 2
1572872931 2
1572872932 3
1572873579 2
1572873580 3
1572874236 2
1572874237 3
1572875302 2
1572875303 3
1572876156 2
1572876157 3
1572876158 2
1572877381 2
1572877382 2
1572877383 3
1572878026 3
1572878027 3
1572878028 3
1572878029 3
1572878030 3
1572878031 3
1572878032 2
1572878033 2
1572878034 2
1572878035 3
1572878036 3
1572878037 2
1572878038 2
1572878039 2
1572879265 3
1572879266 3
1572879267 3
1572879268 3
1572879269 3
1572879270 3
1572879271 2
1572879272 3
1572879273 3
1572879274 3
1572879275 4
1572879276 4
1572879277 3
1572879278 3
1572879279 2
1572879280 2
1572879281 2
1572880342 2
1572880343 2
1572880344 3
1572880676 2
1572880677 2
1572880678 2
1572881023 3
1572881024 2
1572881025 3
1572881359 2
1572881360 3
1572881361 2
1572881691 3
1572881692 2
1572881693 3
1572882024 2
1572882025 3
1572882026 2
1572882354 2
1572882355 3
1572882744 2
1572882745 2
1572882746 2
1572883096 3
1572883097 2
1572883098 3
1572883435 2
1572883436 2
1572883437 2
