1579354240 2
1579354241 2
1579354549 2
1579354550 2
1579354551 3
1579354857 2
1579354858 2
1579354859 2
1579355165 2
1579355166 2
1579355167 2
1579355474 2
1579355475 3
1579355783 2
1579355784 2
1579355785 2
1579356092 2
1579356093 3
1579356399 2
1579356400 2
1579356401 3
1579356704 2
1579356705 2
1579356706 2
1579357010 2
1579357011 2
1579359680 2
1579359681 2
1579359682 3
1579360259 3
1579360260 3
1579360818 2
1579360819 2
1579360820 3
1579361374 2
1579361375 2
1579361929 2
1579361930 2
1579361931 3
1579362484 2
1579362485 2
1579362486 3
1579363041 2
1579363042 2
1579363607 2
1579363608 2
1579363609 2
1579364173 2
1579364174 2
1579364175 2
1579364733 2
1579364734 3
1579364735 2
