1580218305 2
1580218306 2
1580218307 2
1580218631 2
1580218632 2
1580218633 3
1580218956 2
1580218957 2
1580219331 2
1580219332 1
1580219333 2
1580219676 2
1580219677 2
1580219678 3
1580222393 2
1580222394 2
1580222706 2
1580222707 2
1580222708 3
1580223017 2
1580223018 2
1580223019 2
1580223984 2
1580223985 2
1580223986 2
1580224542 2
1580224543 1
1580225099 3
1580225100 3
1580225663 2
1580225664 2
1580225665 3
1580226222 2
1580226223 2
1580226810 3
1580226811 3
1580226812 4
1580227375 2
1580227376 2
1580227974 2
1580227975 2
1580227976 2
1580228554 2
1580228555 2
1580229113 2
1580229114 2
1580229115 2
