1582120329 2
1582120330 2
1582120331 2
1582120332 3
1582120333 3
1582120334 3
1582120335 3
1582120336 3
1582120337 2
1582120338 2
1582120339 2
1582120340 3
1582120341 3
1582120342 4
1582120343 4
1582120344 4
1582120345 4
1582120346 3
1582120347 4
1582120348 3
1582120349 4
1582120350 4
1582120351 3
1582120352 3
1582120353 2
1582120354 2
1582120355 2
1582120356 3
1582120357 3
1582120358 2
1582120359 2
1582120360 2
1582120361 2
1582120362 3
1582120363 3
1582120364 4
1582120365 4
1582120366 3
1582120367 3
1582120368 2
1582120369 2
1582120370 2
1582120371 2
1582120372 1
1582120373 2
1582120374 1
1582120375 1
1582120376 1
1582120377 1
1582120378 1
1582120379 1
1582120380 1
1582120381 1
1582120382 1
1582120383 1
1582120384 1
1582120385 3
1582120386 3
1582120387 3
1582120388 5
1582120389 4
1582120390 4
1582120391 5
1582120392 5
1582120393 6
1582120394 6
1582120395 4
1582120396 2
1582120397 2
1582120398 2
1582120399 2
1582120400 2
1582120401 2
1582120402 3
1582120403 4
1582120404 3
1582120405 5
1582120406 5
1582120407 6
1582120408 7
1582120409 6
1582120410 9
1582120411 7
1582120412 7
1582120413 8
1582120414 6
1582120415 9
1582120416 7
1582120417 8
1582120418 11
1582120419 8
1582120420 7
1582120421 9
1582120422 8
1582120423 9
1582120424 8
1582120425 9
1582120426 10
1582120427 7
1582120428 7
1582120429 5
1582120430 6
1582120431 3
1582120432 3
1582120433 5
1582120434 4
1582120435 3
1582120436 3
1582120437 3
1582120438 3
1582120439 4
1582120440 4
1582120441 5
1582120442 7
1582120443 7
1582120444 7
1582120445 6
1582120446 5
1582120447 6
1582120448 4
1582120449 5
1582120450 7
1582120451 7
1582120452 9
1582120453 9
1582120454 7
1582120455 7
1582120456 7
1582120457 7
1582120458 8
1582120459 8
1582120460 9
1582120461 7
1582120462 11
1582120463 7
1582120464 9
1582120465 9
1582120466 8
1582120467 7
1582120468 7
1582120469 5
1582120470 6
1582120471 4
1582120472 6
1582120473 8
1582120474 6
1582120475 6
1582120476 7
1582120477 5
1582120478 5
1582120479 4
1582120480 3
1582120481 2
1582120482 2
1582120483 2
1582120484 3
1582120485 3
1582120486 4
1582120487 5
1582120488 4
1582120489 4
1582120490 4
1582120491 5
1582120492 5
1582120493 3
1582120494 3
1582120495 3
1582120496 2
1582120497 2
1582120498 2
1582120499 3
1582120500 3
1582120501 3
1582120502 4
1582120503 4
1582120504 3
1582120505 4
1582120506 4
1582120507 3
1582120508 3
1582120509 3
1582120510 2
1582120511 3
1582120512 4
1582120513 4
1582120514 5
1582120515 3
1582120516 3
1582120517 3
1582120518 1
1582120520 1
1582120521 3
1582120522 3
1582120523 2
1582120524 2
1582120525 3
1582120526 3
1582120527 2
1582120528 4
1582120529 3
1582120530 4
1582120531 3
1582120532 5
1582120533 4
1582120534 4
1582120535 4
1582120536 3
1582120537 3
1582120538 2
1582120539 2
1582120540 2
1582120541 2
1582120542 2
1582120543 3
1582120544 3
1582120545 3
1582120546 3
1582120547 2
1582120548 2
1582120549 2
1582120634 2
1582120635 2
1582120636 2
1582120637 3
1582120638 3
1582120639 3
1582120640 3
1582120641 3
1582120642 2
1582120643 3
1582120644 4
1582120645 4
1582120646 4
1582120647 4
1582120648 4
1582120649 4
1582120650 5
1582120651 5
1582120652 5
1582120653 5
1582120654 4
1582120655 5
1582120656 5
1582120657 5
1582120658 5
1582120659 4
1582120660 3
1582120661 2
1582120662 2
1582120663 2
1582120664 3
1582120665 3
1582120666 2
1582120667 2
1582120668 3
1582120669 1
1582120670 1
1582120671 2
1582120672 1
1582120673 2
1582120674 2
1582120675 2
1582120676 2
1582120677 1
1582120678 1
1582120679 1
1582120680 1
1582120681 1
1582120682 2
1582120683 1
1582120684 1
1582120685 1
1582120686 1
1582120687 1
1582120688 2
1582120689 2
1582120690 2
1582120691 2
1582120692 3
1582120693 3
1582120694 3
1582120695 3
1582120696 4
1582120697 4
1582120698 3
1582120699 4
1582120700 3
1582120701 3
1582120702 3
1582120703 3
1582120704 3
1582120705 3
1582120706 3
1582120707 3
1582120708 3
1582120709 3
1582120710 3
1582120711 3
1582120712 3
1582120713 3
1582120714 3
1582120715 4
1582120716 4
1582120717 4
1582120718 4
1582120719 1
1582120720 1
1582120721 1
1582120722 1
1582120723 1
1582120724 2
1582120725 2
1582120726 2
1582120727 2
1582120728 1
1582120729 1
1582120730 1
1582120731 1
1582120732 1
1582120733 1
1582120734 1
1582120735 1
1582120736 1
1582120737 3
1582120738 3
1582120739 3
1582120740 3
1582120741 4
1582120742 4
1582120743 4
1582120744 3
1582120745 3
1582120746 4
1582120747 4
1582120748 2
1582120749 4
1582120750 4
1582120751 5
1582120752 4
1582120753 4
1582120754 5
1582120755 4
1582120756 3
1582120757 3
1582120758 3
1582120759 2
1582120760 2
1582120761 2
1582120762 3
1582120763 3
1582120764 3
1582120765 3
1582120766 3
1582120767 3
1582120768 2
1582120769 2
1582120770 2
