1569853587 2
1569853588 2
1569853589 2
1569853590 2
1569853591 3
1569853592 4
1569853593 4
1569853594 4
1569853595 5
1569853596 5
1569853597 4
1569853598 3
1569853599 3
1569853600 3
1569853601 3
1569853602 3
1569853603 3
1569853604 3
1569853605 2
1569853606 2
1569853607 2
1569853608 3
1569853609 3
1569853610 3
1569853611 3
1569853612 4
1569853613 4
1569853614 5
1569853615 6
1569853616 5
1569853617 3
1569853618 3
1569853619 2
1569853620 4
1569853621 3
1569853622 3
1569853623 3
1569853624 2
1569853625 3
1569853626 3
1569853627 2
1569853628 2
1569853629 1
1569853630 1
1569853631 1
1569853632 1
1569853633 2
1569853634 2
1569853635 3
1569853636 3
1569853637 3
1569853638 2
1569853639 1
1569853640 1
1569853641 2
1569853642 2
1569853643 2
1569853644 2
1569853645 1
1569853646 1
1569853647 2
1569853648 2
1569853649 1
1569853650 1
1569853651 1
1569853652 1
1569853653 1
1569853654 1
1569853655 1
1569853656 1
1569853657 3
1569853658 2
1569853659 2
1569853660 2
1569853661 2
1569853662 3
1569853663 2
1569853664 2
1569853665 2
1569853666 1
1569853667 1
1569853668 1
1569853669 2
1569853670 2
1569853671 3
1569853672 3
1569853673 4
1569853674 3
1569853675 3
1569853676 3
1569853677 4
1569853678 4
1569853679 3
1569853680 3
1569853681 3
1569853682 4
1569853683 3
1569853684 3
1569853685 3
1569853686 3
1569853687 2
1569853688 2
1569853689 2
1569853690 2
1569853691 2
1569853692 2
1569853693 2
1569853694 3
1569853695 3
1569853696 3
1569853697 2
1569853698 2
1569853699 2
1569853700 2
1569853701 3
1569853702 3
1569853703 3
1569853704 2
1569853705 2
1569853706 2
1569853707 1
1569853708 2
1569853709 2
1569853710 2
1569853711 3
1569853712 3
1569853713 2
1569853714 2
1569853715 2
1569853716 2
1569853717 3
1569853718 2
1569853719 1
1569853720 1
1569853721 1
1569853722 2
1569853723 2
1569853724 2
1569853725 3
1569853726 3
1569853727 2
1569853728 2
1569853729 2
1569853730 2
1569853731 2
1569853732 2
1569853733 4
1569853734 5
1569853735 5
1569853736 6
1569853737 6
1569853738 5
1569853739 5
1569853740 5
1569853741 5
1569853742 6
1569853743 5
1569853744 5
1569853745 5
1569853746 4
1569853747 3
1569853748 3
1569853749 3
1569853750 4
1569853751 4
1569853752 4
1569853753 3
1569853754 1
1569853755 1
1569853756 1
1569853757 1
1569853758 1
1569853759 1
1569853760 1
1569853761 1
1569853762 3
1569853763 3
1569853764 2
1569853765 2
1569853766 3
1569853767 3
1569853768 3
1569853769 3
1569853770 3
1569853771 2
1569853772 2
1569853773 2
1569853774 2
1569853775 2
1569853776 2
1569853777 3
1569853778 3
1569853779 3
1569853780 3
1569853781 2
1569853782 2
1569853783 2
1569853784 3
1569853785 2
1569853786 2
1569853787 2
1569853788 2
1569853789 2
1569853790 2
1569853791 2
1569853792 2
1569853793 3
1569853794 3
1569853795 4
1569853796 3
1569853797 5
1569853798 4
1569853799 5
1569853800 5
1569853801 5
1569853802 5
1569853803 2
1569853804 1
1569853805 2
1569853806 2
1569853807 2
1569853808 2
1569853809 1
1569853810 3
1569853811 3
1569853812 3
1569853813 3
1569853814 3
1569853815 3
1569853816 4
1569853817 5
1569853818 3
1569853819 3
1569853820 3
1569853821 3
1569853822 3
1569853823 3
1569853824 3
1569853825 4
1569853826 3
1569853827 4
1569853828 4
1569853829 4
1569853830 3
1569853831 3
1569853832 3
1569853833 4
1569853834 4
1569853835 3
1569853836 3
1569853837 3
1569853838 3
1569853839 4
1569853840 3
1569853841 2
1569853842 2
1569853843 3
1569853844 2
1569853845 2
1569853846 1
1569853847 1
1569853848 1
1569853849 1
1569853850 1
1569853851 1
1569853852 1
1569853853 1
1569853854 1
1569853855 1
1569853856 1
1569853857 3
1569853858 2
1569853859 2
1569853860 2
1569853861 2
1569853862 2
1569853863 2
1569853864 5
1569853865 5
1569853866 5
1569853867 4
1569853868 4
1569853869 3
1569853870 3
1569853871 3
1569853872 3
1569853873 2
1569853874 2
1569853875 2
1569853876 3
1569853877 3
1569853878 4
1569853879 3
1569853880 4
1569853881 3
1569853882 2
1569853883 2
1569853884 4
1569853885 4
1569853886 4
1569853887 5
1569853888 5
1569853889 3
1569853890 3
1569853891 2
1569853892 3
1569853893 3
1569853894 3
1569853895 2
1569853896 2
1569853897 3
1569853898 3
1569853899 3
1569853900 2
1569853901 2
1569853902 5
1569853903 5
1569853904 4
1569853905 4
1569853906 3
1569853907 4
1569853908 5
1569853909 5
1569853910 4
1569853911 4
1569853912 5
1569853913 3
1569853914 3
1569853915 3
1569853916 2
1569853917 2
1569853918 2
1569853919 2
1569853920 2
1569853921 3
1569853922 3
1569853923 3
1569853924 3
1569853925 3
1569853926 3
1569853927 3
1569853928 3
1569853929 3
1569853930 3
1569853931 2
1569853932 2
1569853933 2
1569853934 2
1569853935 2
1569855201 2
1569855202 3
1569855203 3
1569855204 2
1569855205 3
1569855206 3
1569855207 3
1569855208 3
1569855209 3
1569855210 3
1569855211 3
1569855212 3
1569855213 3
1569855214 3
1569855215 3
1569855216 3
1569855217 2
1569855218 2
1569855219 2
1569855220 2
1569855221 3
1569855222 3
1569855223 3
1569855224 3
1569855225 3
1569855226 4
1569855227 3
1569855228 5
1569855229 2
1569855230 3
1569855231 4
1569855232 3
1569855233 4
1569855234 4
1569855235 4
1569855236 3
1569855237 3
1569855238 2
1569855239 3
1569855240 3
1569855241 3
1569855242 4
1569855243 2
1569855244 2
1569855245 2
1569855246 2
1569855247 1
1569855248 2
1569855249 2
1569855250 2
1569855251 2
1569855252 3
1569855253 3
1569855254 1
1569855255 1
1569855256 2
1569855257 3
1569855258 4
1569855259 4
1569855260 3
1569855261 4
1569855262 4
1569855263 3
1569855264 1
1569855265 1
1569855266 1
1569855267 1
1569855268 1
1569855269 1
1569855270 2
1569855271 3
1569855272 2
1569855273 3
1569855274 2
1569855275 2
1569855276 2
1569855277 2
1569855278 2
1569855279 1
1569855280 1
1569855281 2
1569855282 1
1569855283 2
1569855284 1
1569855285 1
1569855286 1
1569855287 1
1569855288 2
1569855289 2
1569855290 3
1569855291 3
1569855292 3
1569855293 4
1569855294 5
1569855295 5
1569855296 4
1569855297 5
1569855298 4
1569855299 3
1569855300 3
1569855301 3
1569855302 3
1569855303 3
1569855304 2
1569855305 2
1569855306 2
1569855307 2
1569855308 2
1569855309 2
1569855310 3
1569855311 3
1569855312 3
1569855313 2
1569855314 2
1569855315 2
1569855316 2
1569855317 3
1569855318 3
1569855319 3
1569855320 3
1569855321 3
1569855322 3
1569855323 3
1569855324 3
1569855325 3
1569855326 3
1569855327 4
1569855328 4
1569855329 3
1569855330 3
1569855331 3
1569855332 2
1569855333 4
1569855334 3
1569855335 3
1569855336 3
1569855337 3
1569855338 2
1569855339 2
1569855340 2
1569855341 2
1569855342 3
1569855343 2
1569855344 3
1569855345 3
1569855346 3
1569855347 3
1569855348 3
1569855349 4
1569855350 6
1569855351 6
1569855352 6
1569855353 7
1569855354 6
1569855355 6
1569855356 6
1569855357 6
1569855358 4
1569855359 5
1569855360 6
1569855361 5
1569855362 4
1569855363 3
1569855364 2
1569855365 2
1569855366 3
1569855367 3
1569855368 4
1569855369 4
1569855370 4
1569855371 3
1569855372 1
1569855373 1
1569855374 1
1569855375 1
1569855376 1
1569855377 1
1569855378 1
1569855379 3
1569855380 3
1569855381 2
1569855382 3
1569855383 3
1569855384 3
1569855385 3
1569855386 2
1569855387 2
1569855388 2
1569855389 3
1569855390 2
1569855391 2
1569855392 2
1569855393 2
1569855394 3
1569855395 3
1569855396 2
1569855397 2
1569855398 2
1569855399 2
1569855400 3
1569855401 3
1569855402 3
1569855403 3
1569855404 2
1569855405 2
1569855406 2
1569855407 2
1569855408 2
1569855409 2
1569855410 3
1569855411 4
1569855412 3
1569855413 3
1569855414 3
1569855415 3
1569855416 3
1569855417 2
1569855418 3
1569855419 3
1569855420 3
1569855421 2
1569855422 1
1569855423 1
1569855424 1
1569855425 1
1569855426 1
1569855427 1
1569855428 1
1569855429 1
1569855430 2
1569855431 2
1569855432 2
1569855433 2
1569855434 2
1569855435 2
1569855436 3
1569855437 4
1569855438 3
1569855439 4
1569855440 4
1569855441 4
1569855442 4
1569855443 2
1569855444 2
1569855445 2
1569855446 2
1569855447 2
1569855448 2
1569855449 3
1569855450 3
1569855451 3
1569855452 3
1569855453 4
1569855454 5
1569855455 6
1569855456 5
1569855457 4
1569855458 4
1569855459 6
1569855460 6
1569855461 8
1569855462 7
1569855463 8
1569855464 7
1569855465 6
1569855466 5
1569855467 6
1569855468 5
1569855469 4
1569855470 3
1569855471 3
1569855472 3
1569855473 3
1569855474 3
1569855475 3
1569855476 3
1569855477 4
1569855478 4
1569855479 4
1569855480 4
1569855481 3
1569855482 4
1569855483 3
1569855484 5
1569855485 4
1569855486 5
1569855487 4
1569855488 3
1569855489 3
1569855490 3
1569855491 3
1569855492 3
1569855493 2
1569855494 2
1569855495 2
1569855496 3
1569855497 3
1569855498 3
1569855499 3
1569855500 3
1569855501 3
1569855502 3
1569855503 3
1569855504 3
1569855505 3
1569855506 2
1569855507 2
1569855508 2
1569855509 2
1569855510 2
1569855511 2
1569855634 2
1569855635 2
1569855636 2
1569855637 2
1569855638 2
1569855639 3
1569855640 3
1569855641 3
1569855642 3
1569855643 3
1569855644 3
1569855645 3
1569855646 3
1569855647 3
1569855648 3
1569855649 3
1569855650 3
1569855651 2
1569855652 2
1569855653 2
1569855654 2
1569855655 3
1569855656 3
1569855657 3
1569855658 3
1569855659 3
1569855660 5
1569855661 5
1569855662 6
1569855663 4
1569855664 3
1569855665 3
1569855666 3
1569855667 5
1569855668 3
1569855669 3
1569855670 3
1569855671 3
1569855672 4
1569855673 4
1569855674 4
1569855675 3
1569855676 3
1569855677 3
1569855678 3
1569855679 1
1569855683 1
1569855684 2
1569855685 3
1569855686 3
1569855687 4
1569855688 4
1569855689 4
1569855690 5
1569855691 7
1569855692 7
1569855693 8
1569855694 7
1569855695 6
1569855696 6
1569855697 4
1569855698 5
1569855699 4
1569855700 3
1569855701 4
1569855702 4
1569855703 3
1569855704 2
1569855705 3
1569855706 2
1569855707 4
1569855708 3
1569855709 3
1569855710 2
1569855711 2
1569855712 3
1569855713 3
1569855714 1
1569855715 2
1569855716 1
1569855717 1
1569855718 1
1569855719 1
1569855720 1
1569855721 1
1569855722 1
1569855723 1
1569855724 1
1569855725 1
1569855726 1
1569855727 2
1569855728 2
1569855729 3
1569855730 5
1569855731 5
1569855732 5
1569855733 4
1569855734 3
1569855735 4
1569855736 3
1569855737 3
1569855738 3
1569855739 3
1569855740 2
1569855741 2
1569855742 2
1569855743 2
1569855744 2
1569855745 2
1569855746 2
1569855747 2
1569855748 3
1569855749 3
1569855750 4
1569855751 2
1569855752 2
1569855753 3
1569855754 3
1569855755 4
1569855756 4
1569855757 3
1569855758 3
1569855759 3
1569855760 3
1569855761 3
1569855762 2
1569855763 3
1569855764 3
1569855765 3
1569855766 3
1569855767 2
1569855768 2
1569855769 2
1569855770 3
1569855771 1
1569855772 1
1569855773 1
1569855774 1
1569855775 1
1569855776 2
1569855777 3
1569855778 2
1569855779 3
1569855780 3
1569855781 2
1569855782 2
1569855783 2
1569855784 2
1569855785 2
1569855786 3
1569855787 6
1569855788 5
1569855789 5
1569855790 5
1569855791 5
1569855792 5
1569855793 5
1569855794 5
1569855795 4
1569855796 4
1569855797 4
1569855798 4
1569855799 4
1569855800 3
1569855801 3
1569855802 3
1569855803 3
1569855804 3
1569855805 3
1569855806 3
1569855807 3
1569855808 2
1569855809 2
1569855810 2
1569855811 2
1569855812 2
1569855813 2
1569855814 3
1569855815 3
1569855816 3
1569855817 2
1569855818 3
1569855819 3
1569855820 2
1569855821 3
1569855822 2
1569855823 2
1569855824 2
1569855825 2
1569855826 2
1569855827 2
1569855828 2
1569855829 2
1569855830 3
1569855831 2
1569855832 3
1569855833 4
1569855834 4
1569855835 4
1569855836 4
1569855837 3
1569855838 3
1569855839 2
1569855840 2
1569855841 2
1569855842 2
1569855843 2
1569855844 2
1569855845 2
1569855846 2
1569855847 2
1569855848 2
1569855849 2
1569855850 2
1569855851 2
1569855852 2
1569855853 2
1569855854 2
1569855855 2
1569855856 2
1569855857 2
1569855858 2
1569855859 2
1569855860 2
1569855861 2
1569855862 2
1569855863 2
1569855864 2
1569855865 2
1569855866 2
1569855867 2
1569855868 2
1569855869 2
1569855870 3
1569855871 2
1569855872 2
1569855873 4
1569855874 4
1569855875 4
1569855876 4
1569855877 4
1569855878 2
1569855879 2
1569855880 2
1569855881 3
1569855882 3
1569855883 3
1569855884 3
1569855885 3
1569855886 3
1569855887 2
1569855888 2
1569855889 2
1569855890 2
1569855891 2
1569855892 2
1569855893 2
1569855894 3
1569855895 3
1569855896 2
1569855897 2
1569855898 2
1569855899 2
1569855900 2
1569855901 3
1569855902 2
1569855903 2
1569855904 2
1569855905 2
1569855906 2
1569855907 2
1569855908 2
1569855909 2
1569855910 4
1569855911 2
1569855912 4
1569855913 4
1569855914 4
1569855915 4
1569855916 5
1569855917 4
1569855918 2
1569855919 2
1569855920 2
1569855921 2
1569855922 2
1569855923 2
1569855924 2
1569855925 3
1569855926 2
1569855927 3
1569855928 3
1569855929 3
1569855930 2
1569855931 2
1569855932 2
1569855933 3
1569855934 3
1569855935 3
1569855936 2
1569855937 2
1569855938 2
1569855939 2
1569855940 2
1569855941 2
1569855942 2
1569855943 3
1569855944 3
1569855945 3
1569855946 3
1569855947 3
1569855948 4
1569855949 3
1569855950 4
1569855951 4
1569855952 4
1569855953 5
1569855954 4
1569855955 5
1569855956 4
1569855957 3
1569855958 3
1569855959 2
1569855960 2
1569855961 2
1569855962 2
1569855963 2
1569855964 2
1569855965 2
1569855966 2
1569855967 2
1569855968 2
1569855969 2
1569855970 2
1569855971 2
1569855972 2
1569855973 2
1569855974 2
1569855975 2
1569855976 2
1569855977 2
1569855978 1
1569855979 1
1569855980 1
1569855981 1
1569855982 3
1569855983 2
1569855984 2
1569855985 2
1569855986 1
1569855987 1
1569855988 1
1569855989 1
1569855990 2
1569855991 2
1569855992 2
1569855993 2
1569855994 2
1569855995 1
1569855996 2
1569855997 2
1569855998 3
1569855999 3
1569856000 4
1569856001 5
1569856002 5
1569856003 3
1569856004 3
1569856005 3
1569856006 2
1569856007 2
1569856008 2
1569856009 2
1569856010 2
1569856011 2
1569856012 2
1569856013 2
1569856014 3
1569856015 3
1569856016 2
1569856017 2
1569856018 2
1569856019 2
1569856020 2
1569856021 2
1569856022 2
1569856023 2
1569856024 2
1569856025 3
1569856026 2
1569856027 2
1569856028 2
1569856029 2
1569856030 2
1569856031 2
1569856032 2
1569856033 2
1569856034 2
1569856035 2
1569856036 2
1569856037 2
1569856038 2
1569856039 2
1569856040 2
1569856041 2
1569856042 2
1569856043 2
1569856044 2
1569856045 2
1569856046 2
1569856047 2
1569856048 2
1569856049 2
1569856050 2
1569856051 2
1569856052 3
1569856053 2
1569856054 2
1569856055 3
1569856056 2
1569856057 2
1569856058 2
1569856059 2
1569856060 2
1569856061 2
1569856062 2
1569856063 2
1569856064 2
1569856065 2
1569856066 2
1569856067 2
1569856068 2
1569856069 2
1569856070 2
1569856071 2
1569856072 2
1569856073 2
1569856074 2
1569856075 1
1569856076 2
1569856077 2
1569856078 2
1569856079 2
1569856080 2
1569856081 1
1569856082 2
1569856083 2
1569856084 2
1569856085 2
1569856086 2
1569856087 2
1569856088 2
1569856089 2
1569856090 2
1569856091 1
1569856092 2
1569856093 2
1569856094 2
1569856095 2
1569856096 2
1569856097 2
1569856098 2
1569856099 2
1569856100 2
1569856101 2
1569856102 2
1569856103 2
1569856104 2
1569856105 2
1569856106 2
1569856107 2
1569856108 2
1569856109 2
1569856110 2
1569856111 2
1569856112 2
1569856113 1
1569856114 2
1569856115 2
1569856116 2
1569856117 2
1569856118 2
1569856119 2
1569856120 2
1569856121 2
1569856122 2
1569856123 1
1569856124 2
1569856125 1
1569856126 1
1569856127 1
1569856128 1
1569856129 1
1569856130 1
1569856131 1
1569856132 1
1569856133 2
1569856134 2
1569856135 2
1569856136 2
1569856137 2
1569856138 2
1569856139 2
1569856140 2
1569856141 2
1569856142 2
1569856143 2
1569856144 2
1569856145 2
1569856146 2
1569856147 2
1569856148 2
1569856149 2
1569856150 2
1569856151 2
1569856152 2
1569856153 2
1569856154 2
1569856155 2
1569856156 2
1569856157 2
1569856158 2
1569856159 2
1569856160 2
1569856161 2
1569856162 2
1569856163 2
1569856164 2
1569856165 2
1569856166 2
1569856167 2
1569856168 2
1569856169 2
1569856170 2
1569856171 2
1569856172 2
1569856173 2
1569856174 2
1569856175 2
1569856176 2
1569856177 2
1569856178 2
1569856179 2
1569856180 2
1569856181 2
1569856182 2
1569856183 2
1569856184 2
1569856185 2
1569856186 2
1569856187 2
1569856188 2
1569856189 2
1569856190 2
1569856191 2
1569856192 2
1569856193 2
1569856194 2
1569856195 2
1569856196 2
1569856197 2
1569856198 2
1569856199 2
1569856200 2
1569856201 2
1569856202 2
1569856203 2
1569856204 2
1569856205 2
1569856206 2
1569856207 2
1569856208 2
1569856209 2
1569856210 2
1569856211 2
1569856212 2
1569856213 2
1569856214 2
1569856215 2
1569856216 2
1569856217 2
1569856218 3
1569856219 2
1569856220 2
1569856221 3
1569856222 3
1569856223 3
1569856224 3
1569856225 4
1569856226 3
1569856227 4
1569856228 4
1569856229 4
1569856230 3
1569856231 3
1569856232 2
1569856233 2
1569856234 1
1569856235 1
1569856236 2
1569856237 2
1569856238 2
1569856239 2
1569856240 2
1569856241 3
1569856242 3
1569856243 3
1569856244 3
1569856245 3
1569856246 3
1569856247 3
1569856248 2
1569856249 2
1569856250 2
1569856251 2
1569856252 2
1569856253 2
1569856254 3
1569856255 3
1569856256 3
1569856257 5
1569856258 4
1569856259 4
1569856260 4
1569856261 4
1569856262 2
1569856263 3
1569856264 3
1569856265 3
1569856266 3
1569856267 3
1569856268 3
1569856269 3
1569856270 2
1569856271 2
1569856272 2
1569856273 2
1569856274 2
1569856275 2
1569856276 2
1569856277 3
1569856278 3
1569856279 3
1569856280 2
1569856281 2
1569856282 3
1569856283 2
1569856284 2
1569856285 2
1569856286 2
1569856287 2
1569856288 2
1569856289 2
1569856290 2
1569856291 2
1569856292 2
1569856293 2
1569856294 2
1569856295 5
1569856296 4
1569856297 4
1569856298 4
1569856299 3
1569856300 3
1569856301 2
1569856302 2
1569856303 2
1569856304 2
1569856305 2
1569856306 2
1569856307 2
1569856308 2
1569856309 2
1569856310 2
1569856311 4
1569856312 2
1569856313 2
1569856314 2
1569856315 2
1569856316 3
1569856317 3
1569856318 2
1569856319 2
1569856320 2
1569856321 2
1569856322 2
1569856323 2
1569856324 2
1569856325 2
1569856326 2
1569856327 2
1569856328 2
1569856329 2
1569856330 2
1569856331 2
1569856332 3
1569856333 4
1569856334 4
1569856335 4
1569856336 3
1569856337 3
1569856338 3
1569856339 2
1569856340 2
1569856341 2
1569856342 2
1569856343 2
1569856344 2
1569856345 2
1569856346 2
1569856347 2
1569856348 2
1569856349 2
1569856350 2
1569856351 2
1569856352 2
1569856353 2
1569856354 3
1569856355 3
1569856356 2
1569856357 3
1569856358 4
1569856359 3
1569856360 2
1569856361 2
1569856362 2
1569856363 2
1569856364 2
1569856365 2
1569856366 2
1569856367 2
1569856368 2
1569856369 3
1569856370 1
1569856371 2
1569856372 3
1569856373 3
1569856374 3
1569856375 3
1569856376 3
1569856377 2
1569856378 2
1569856379 2
1569856380 2
1569856381 2
1569856382 2
1569856383 2
1569856384 2
1569856385 2
1569856386 2
1569856387 2
1569856388 2
1569856389 2
1569856390 2
1569856391 2
1569856392 3
1569856393 3
1569856394 2
1569856395 2
1569856396 2
1569856397 2
1569856398 2
1569856399 2
1569856400 2
1569856401 3
1569856402 3
1569856403 3
1569856404 3
1569856405 4
1569856406 4
1569856407 5
1569856408 4
1569856409 4
1569856410 4
1569856411 3
1569856412 4
1569856413 6
1569856414 3
1569856415 3
1569856416 4
1569856417 4
1569856418 5
1569856419 5
1569856420 5
1569856421 4
1569856422 4
1569856423 3
1569856424 3
1569856425 1
1569856426 1
1569856427 1
1569856428 1
1569856429 2
1569856430 2
1569856431 2
1569856432 3
1569856433 2
1569856434 3
1569856435 3
1569856436 3
1569856437 2
1569856438 2
1569856439 2
1569856440 3
1569856441 2
1569856442 2
1569856443 2
1569856444 2
1569856445 2
1569856446 3
1569856447 2
1569856448 2
1569856449 2
1569856450 2
1569856451 2
1569856452 3
1569856453 3
1569856454 3
1569856455 2
1569856456 2
1569856457 2
1569856458 2
1569856459 2
1569856460 2
1569856461 4
1569856462 4
1569856463 4
1569856464 3
1569856465 3
1569856466 4
1569856467 5
1569856468 3
1569856469 2
1569856470 2
1569856471 2
1569856472 2
1569856473 3
1569856474 2
1569856475 2
1569856476 3
1569856477 3
1569856478 3
1569856479 3
1569856480 3
1569856481 3
1569856482 3
1569856483 3
1569856484 2
1569856485 2
1569856486 1
1569856487 1
1569856488 1
1569856489 1
1569856490 2
1569856491 3
1569856492 3
1569856493 3
1569856494 2
1569856495 2
1569856496 2
1569856497 4
1569856498 4
1569856499 4
1569856500 3
1569856501 3
1569856502 3
1569856503 3
1569856504 2
1569856505 2
1569856506 3
1569856507 5
1569856508 4
1569856509 3
1569856510 3
1569856511 4
1569856512 5
1569856513 4
1569856514 4
1569856515 4
1569856516 3
1569856517 3
1569856518 4
1569856519 4
1569856520 3
1569856521 3
1569856522 3
1569856523 4
1569856524 4
1569856525 4
1569856526 3
1569856527 3
1569856528 2
1569856529 2
1569856530 1
1569856531 1
1569856532 1
1569856533 1
