1580218060 2
1580218061 2
1580218062 2
1580218388 2
1580218389 2
1580218390 2
1580218391 2
1580218722 2
1580218723 2
1580218724 2
1580218725 2
1580219072 4
1580219073 3
1580219074 2
1580219075 2
1580219434 2
1580219435 2
1580219436 2
1580219759 2
1580219760 2
1580219761 2
1580222473 2
1580222474 2
1580222475 2
1580222786 2
1580222787 2
1580222788 2
1580222789 2
1580223097 2
1580223098 2
1580223099 2
1580223434 2
1580223435 2
1580223436 2
1580223565 2
1580223566 2
1580223567 2
1580223568 2
1580223569 3
1580223570 3
1580223571 3
1580223572 3
1580223573 2
1580223574 2
1580223575 2
1580223576 3
1580223577 3
1580223578 3
1580223579 4
1580223580 4
1580223581 3
1580223582 4
1580223583 3
1580223584 4
1580223585 3
1580223586 3
1580223587 3
1580223588 3
1580223589 4
1580223590 3
1580223591 2
1580223592 2
1580223593 2
1580223594 3
1580223595 2
1580223596 3
1580223597 3
1580223598 6
1580223599 5
1580223600 6
1580223601 6
1580223602 4
1580223603 3
1580223604 2
1580223605 2
1580223606 2
1580223607 5
1580223608 6
1580223609 3
1580223610 3
1580223611 2
1580223612 2
1580223613 2
1580223614 3
1580223615 2
1580223616 1
1580223617 1
1580223618 3
1580223619 3
1580223620 3
1580223621 5
1580223622 5
1580223623 4
1580223624 4
1580223625 7
1580223626 5
1580223627 4
1580223628 3
1580223629 3
1580223630 3
1580223631 3
1580223632 2
1580223633 2
1580223634 2
1580223635 2
1580223636 2
1580223637 2
1580223638 2
1580223639 2
1580223640 2
1580223641 2
1580223642 3
1580223643 3
1580223644 2
1580223645 2
1580223646 2
1580223647 2
1580223648 2
1580223649 2
1580223650 3
1580223651 3
1580223652 3
1580223653 4
1580223654 4
1580223655 4
1580223656 2
1580223657 3
1580223658 3
1580223659 3
1580223660 4
1580223661 4
1580223662 4
1580223663 4
1580223664 4
1580223665 4
1580223666 4
1580223667 4
1580223668 6
1580223669 4
1580223670 6
1580223671 5
1580223672 6
1580223673 5
1580223674 3
1580223675 2
1580223676 2
1580223677 2
1580223678 3
1580223679 2
1580223680 2
1580223681 2
1580223682 3
1580223683 3
1580223684 3
1580223685 2
1580223686 2
1580223687 3
1580223688 2
1580223689 2
1580223690 2
1580223691 2
1580223692 2
1580223693 2
1580223694 2
1580223695 4
1580223696 2
1580223697 4
1580223698 4
1580223699 5
1580223700 4
1580223701 2
1580223702 2
1580223703 2
1580223704 2
1580223705 2
1580223706 2
1580223707 2
1580223708 2
1580223709 2
1580223710 3
1580223711 2
1580223712 2
1580223713 3
1580223714 2
1580223715 2
1580223716 2
1580223717 2
1580223718 2
1580223719 2
1580223720 2
1580223721 2
1580223722 2
1580223723 2
1580223724 3
1580223725 2
1580223726 4
1580223727 4
1580223728 4
1580223729 3
1580223730 3
1580223731 2
1580223732 2
1580223733 2
1580223734 2
1580223735 2
1580223736 2
1580223737 2
1580223738 2
1580223739 2
1580223740 2
1580223741 2
1580223742 3
1580223743 2
1580223744 2
1580223745 2
1580223746 3
1580223747 3
1580223748 3
1580223749 3
1580223750 2
1580223751 2
1580223752 2
1580223753 2
1580223754 2
1580223755 2
1580223756 4
1580223757 4
1580223758 4
1580223759 5
1580223760 4
1580223761 2
1580223762 2
1580223763 2
1580223764 2
1580223765 2
1580223766 2
1580223767 3
1580223768 2
1580223769 3
1580223770 3
1580223771 4
1580223772 4
1580223773 2
1580223774 2
1580223775 2
1580223776 2
1580223777 2
1580223778 2
1580223779 3
1580223780 3
1580223781 3
1580223782 5
1580223783 6
1580223784 5
1580223785 4
1580223786 4
1580223787 4
1580223788 3
1580223789 3
1580223790 3
1580223791 2
1580223792 2
1580223793 2
1580223794 2
1580223795 2
1580223796 2
1580223797 2
1580223798 2
1580223799 2
1580223800 2
1580223801 2
1580223802 2
1580223803 2
1580223804 2
1580223805 2
1580223806 3
1580223807 4
1580223808 4
1580223809 4
1580223810 5
1580223811 5
1580223812 5
1580223813 5
1580223814 5
1580223815 4
1580223816 4
1580223817 4
1580223818 4
1580223819 4
1580223820 3
1580223821 2
1580223822 2
1580223823 2
1580223824 2
1580223825 2
1580223826 2
1580223827 2
1580223828 2
1580223829 2
1580223830 2
1580223831 2
1580223832 2
1580223833 2
1580223834 2
1580223835 2
1580223836 2
1580223837 3
1580223838 5
1580223839 4
1580223840 4
1580223841 4
1580223842 3
1580223843 3
1580223844 3
1580223845 3
1580223846 4
1580223847 3
1580223848 3
1580223849 2
1580223850 2
1580223851 2
1580223852 2
1580223853 3
1580223854 3
1580223855 3
1580223856 2
1580223857 2
1580223858 2
1580223859 2
1580223860 2
1580223861 2
1580223862 2
1580223863 2
1580223864 2
1580223865 2
1580223866 2
1580223867 5
1580223868 4
1580223869 4
1580223870 4
1580223871 3
1580223872 2
1580223873 2
1580223874 2
1580223875 2
1580223876 2
1580223877 2
1580223878 2
1580223879 2
1580223880 3
1580223881 2
1580223882 2
1580223883 2
1580223884 2
1580223885 2
1580223886 2
1580223887 2
1580223888 2
1580223889 2
1580223890 2
1580223891 2
1580223892 2
1580223893 2
1580223894 2
1580223895 2
1580223896 2
1580223897 4
1580223898 4
1580223899 4
1580223900 4
1580223901 4
1580223902 3
1580223903 2
1580223904 2
1580223905 2
1580223906 2
1580223907 2
1580223908 2
1580223909 2
1580223910 2
1580223911 3
1580223912 2
1580223913 2
1580223914 2
1580223915 2
1580223916 2
1580223917 2
1580223918 2
1580223919 2
1580223920 2
1580223921 2
1580223922 2
1580223923 2
1580223924 2
1580223925 3
1580223926 4
1580223927 4
1580223928 3
1580223929 3
1580223930 2
1580223931 2
1580223932 2
1580223933 2
1580223934 2
1580223935 2
1580223936 3
1580223937 2
1580223938 3
1580223939 2
1580223940 2
1580223941 3
1580223942 3
1580223943 3
1580223944 2
1580223945 2
1580223946 2
1580223947 2
1580223948 3
1580223949 3
1580223950 3
1580223951 3
1580223952 4
1580223953 3
1580223954 4
1580223955 4
1580223956 4
1580223957 5
1580223958 7
1580223959 5
1580223960 4
1580223961 4
1580223962 3
1580223963 4
1580223964 4
1580223965 3
1580223966 3
1580223967 2
1580223968 2
1580223969 3
1580223970 3
1580223971 5
1580223972 5
1580223973 6
1580223974 5
1580223975 4
1580223976 3
1580223977 3
1580223978 4
1580223979 1
1580223980 1
1580223981 1
1580223982 1
1580223983 2
1580223984 2
1580223985 2
1580223986 2
1580223987 2
1580223988 2
1580223989 2
1580223990 2
1580223991 2
1580223992 2
1580223993 4
1580223994 3
1580223995 4
1580223996 4
1580223997 4
1580223998 5
1580223999 4
1580224000 4
1580224001 3
1580224002 3
1580224003 3
1580224004 2
1580224005 2
1580224006 3
1580224007 3
1580224008 3
1580224009 3
1580224010 4
1580224011 3
1580224012 2
1580224013 2
1580224014 3
1580224015 2
1580224016 1
1580224017 1
1580224018 1
1580224019 2
1580224020 2
1580224021 2
1580224022 2
1580224024 1
1580224025 1
1580224026 3
1580224027 3
1580224028 3
1580224029 4
1580224030 5
1580224031 5
1580224032 5
1580224033 4
1580224034 4
1580224035 3
1580224036 4
1580224037 3
1580224038 4
1580224039 4
1580224040 5
1580224041 4
1580224042 3
1580224043 3
1580224044 3
1580224045 2
1580224046 2
1580224047 3
1580224048 3
1580224049 4
1580224050 3
1580224051 2
1580224052 2
1580224053 2
1580224054 2
1580224132 2
1580224133 2
1580224134 2
1580224135 2
1580224136 3
1580224137 3
1580224138 3
1580224139 2
1580224140 2
1580224141 2
1580224142 2
1580224143 5
1580224144 3
1580224145 3
1580224146 4
1580224147 4
1580224148 5
1580224149 4
1580224150 4
1580224151 4
1580224152 3
1580224153 4
1580224154 3
1580224155 4
1580224156 2
1580224157 1
1580224158 2
1580224159 2
1580224160 2
1580224161 1
1580224162 2
1580224163 2
1580224164 3
1580224165 4
1580224166 4
1580224167 3
1580224168 4
1580224169 3
1580224170 3
1580224171 4
1580224172 3
1580224173 4
1580224174 2
1580224175 2
1580224176 2
1580224177 2
1580224178 2
1580224179 2
1580224180 2
1580224181 2
1580224182 2
1580224183 2
1580224184 3
1580224185 3
1580224186 3
1580224187 4
1580224188 5
1580224189 3
1580224190 3
1580224191 3
1580224192 3
1580224193 2
1580224194 2
1580224195 2
1580224196 2
1580224197 2
1580224198 2
1580224199 2
1580224200 2
1580224201 2
1580224202 2
1580224203 2
1580224204 3
1580224205 2
1580224206 2
1580224207 2
1580224208 2
1580224209 2
1580224210 2
1580224211 3
1580224212 3
1580224213 3
1580224214 3
1580224215 4
1580224216 4
1580224217 3
1580224218 3
1580224219 2
1580224220 3
1580224221 3
1580224222 4
1580224223 4
1580224224 4
1580224225 3
1580224226 3
1580224227 2
1580224228 6
1580224229 6
1580224230 4
1580224231 3
1580224232 3
1580224233 3
1580224234 3
1580224235 3
1580224236 3
1580224237 3
1580224238 3
1580224239 2
1580224240 2
1580224241 2
1580224242 2
1580224243 2
1580224244 3
1580224245 3
1580224246 2
1580224247 4
1580224248 3
1580224249 2
1580224250 2
1580224251 2
1580224252 2
1580224253 2
1580224254 2
1580224255 3
1580224256 2
1580224257 4
1580224258 4
1580224259 4
1580224260 4
1580224261 2
1580224262 2
1580224263 2
1580224264 2
1580224265 2
1580224266 2
1580224267 2
1580224268 2
1580224269 2
1580224270 3
1580224271 2
1580224272 2
1580224273 2
1580224274 2
1580224275 2
1580224276 2
1580224277 2
1580224278 2
1580224279 2
1580224280 2
1580224281 2
1580224282 2
1580224283 3
1580224284 2
1580224285 4
1580224286 4
1580224287 4
1580224288 3
1580224289 3
1580224290 2
1580224291 2
1580224292 2
1580224293 2
1580224294 2
1580224295 2
1580224296 2
1580224297 2
1580224298 2
1580224299 2
1580224300 3
1580224301 2
1580224302 2
1580224303 2
1580224304 2
1580224305 2
1580224306 2
1580224307 2
1580224308 2
1580224309 2
1580224310 2
1580224311 2
1580224312 2
1580224313 4
1580224314 2
1580224315 4
1580224316 4
1580224317 4
1580224318 3
1580224319 3
1580224320 2
1580224321 2
1580224322 2
1580224323 2
1580224324 2
1580224325 2
1580224326 2
1580224327 3
1580224328 2
1580224329 4
1580224330 4
1580224331 3
1580224332 2
1580224333 2
1580224334 2
1580224335 2
1580224336 2
1580224337 3
1580224338 3
1580224339 3
1580224340 4
1580224341 4
1580224342 3
1580224343 4
1580224344 4
1580224345 4
1580224346 3
1580224347 3
1580224348 3
1580224349 2
1580224350 3
1580224351 2
1580224352 2
1580224353 2
1580224354 2
1580224355 2
1580224356 2
1580224357 2
1580224358 2
1580224359 2
1580224360 2
1580224361 2
1580224362 2
1580224363 2
1580224364 3
1580224365 4
1580224366 4
1580224367 4
1580224368 5
1580224369 5
1580224370 5
1580224371 5
1580224372 5
1580224373 5
1580224374 4
1580224375 4
1580224376 4
1580224377 4
1580224378 3
1580224379 2
1580224380 2
1580224381 2
1580224382 2
1580224383 2
1580224384 2
1580224385 2
1580224386 2
1580224387 2
1580224388 2
1580224389 2
1580224390 2
1580224391 2
1580224392 2
1580224393 2
1580224394 2
1580224395 3
1580224396 3
1580224397 5
1580224398 4
1580224399 4
1580224400 4
1580224401 4
1580224402 3
1580224403 3
1580224404 3
1580224405 3
1580224406 3
1580224407 3
1580224408 2
1580224409 2
1580224410 2
1580224411 2
1580224412 3
1580224413 3
1580224414 3
1580224415 2
1580224416 2
1580224417 2
1580224418 2
1580224419 2
1580224420 2
1580224421 2
1580224422 2
1580224423 2
1580224424 2
1580224425 4
1580224426 4
1580224427 4
1580224428 3
1580224429 3
1580224430 2
1580224431 2
1580224432 2
1580224433 2
1580224434 2
1580224435 2
1580224436 2
1580224437 2
1580224438 3
1580224439 2
1580224440 2
1580224441 2
1580224442 2
1580224443 2
1580224444 2
1580224445 2
1580224446 2
1580224447 2
1580224448 2
1580224449 2
1580224450 2
1580224451 2
1580224452 2
1580224453 2
1580224454 3
1580224455 3
1580224456 4
1580224457 4
1580224458 3
1580224459 3
1580224460 2
1580224461 2
1580224462 2
1580224463 2
1580224464 2
1580224465 2
1580224466 2
1580224467 2
1580224468 2
1580224469 2
1580224470 2
1580224471 3
1580224472 2
1580224473 2
1580224474 2
1580224475 2
1580224476 2
1580224477 2
1580224478 2
1580224479 2
1580224480 2
1580224481 2
1580224482 2
1580224483 2
1580224484 4
1580224485 4
1580224486 4
1580224487 2
1580224488 2
1580224489 2
1580224490 2
1580224491 3
1580224492 2
1580224493 2
1580224494 2
1580224495 2
1580224496 3
1580224497 2
1580224498 2
1580224499 3
1580224500 3
1580224501 2
1580224502 2
1580224503 2
1580224504 2
1580224505 2
1580224506 3
1580224507 3
1580224508 3
1580224509 4
1580224510 4
1580224511 4
1580224512 4
1580224513 4
1580224514 4
1580224515 5
1580224516 4
1580224517 3
1580224518 2
1580224519 3
1580224520 3
1580224521 4
1580224522 4
1580224523 3
1580224524 3
1580224525 3
1580224526 3
1580224527 3
1580224528 3
1580224529 4
1580224530 6
1580224531 5
1580224532 4
1580224533 3
1580224534 1
1580224535 2
1580224536 2
1580224537 2
1580224538 1
1580224539 1
1580224540 2
1580224541 3
1580224542 2
1580224543 1
1580224544 2
1580224545 2
1580224546 2
1580224547 2
1580224548 2
1580224549 2
1580224550 3
1580224551 3
1580224552 4
1580224553 4
1580224554 4
1580224555 4
1580224556 3
1580224557 3
1580224558 3
1580224559 2
1580224560 2
1580224561 2
1580224562 2
1580224563 2
1580224564 3
1580224565 3
1580224566 3
1580224567 2
1580224568 3
1580224569 3
1580224570 2
1580224571 2
1580224572 2
1580224573 1
1580224574 1
1580224575 1
1580224576 1
1580224577 2
1580224578 2
1580224579 2
1580224580 1
1580224582 1
1580224583 2
1580224584 2
1580224585 2
1580224586 1
1580224587 2
1580224588 2
1580224589 2
1580224590 4
1580224591 4
1580224592 3
1580224593 4
1580224594 4
1580224595 3
1580224596 4
1580224597 5
1580224598 5
1580224599 4
1580224600 4
1580224601 4
1580224602 2
1580224603 3
1580224604 3
1580224605 4
1580224606 5
1580224607 5
1580224608 3
1580224609 3
1580224610 2
1580224611 2
1580224689 2
1580224690 2
1580224691 2
1580224692 3
1580224693 4
1580224694 4
1580224695 3
1580224696 2
1580224697 2
1580224698 2
1580224699 2
1580224700 3
1580224701 3
1580224702 3
1580224703 4
1580224704 4
1580224705 5
1580224706 3
1580224707 4
1580224708 3
1580224709 4
1580224710 3
1580224711 3
1580224712 3
1580224713 3
1580224714 3
1580224715 2
1580224716 2
1580224717 3
1580224718 3
1580224719 3
1580224720 4
1580224721 4
1580224722 4
1580224723 4
1580224724 4
1580224725 3
1580224726 3
1580224727 3
1580224728 2
1580224729 2
1580224730 2
1580224731 3
1580224732 2
1580224733 2
1580224734 2
1580224735 2
1580224736 2
1580224737 2
1580224738 2
1580224739 2
1580224740 2
1580224741 3
1580224742 3
1580224743 4
1580224744 4
1580224745 3
1580224746 3
1580224747 3
1580224748 3
1580224749 3
1580224750 2
1580224751 2
1580224752 2
1580224753 2
1580224754 2
1580224755 2
1580224756 3
1580224757 2
1580224758 2
1580224759 2
1580224760 3
1580224761 2
1580224762 2
1580224763 2
1580224764 2
1580224765 3
1580224766 2
1580224767 3
1580224768 3
1580224769 4
1580224770 4
1580224771 4
1580224772 3
1580224773 4
1580224774 3
1580224775 3
1580224776 3
1580224777 4
1580224778 4
1580224779 4
1580224780 3
1580224781 3
1580224782 2
1580224783 6
1580224784 5
1580224785 3
1580224786 3
1580224787 4
1580224788 3
1580224789 3
1580224790 3
1580224791 3
1580224792 3
1580224793 3
1580224794 3
1580224795 2
1580224796 2
1580224797 2
1580224798 3
1580224799 3
1580224800 3
1580224801 2
1580224802 4
1580224803 4
1580224804 2
1580224805 2
1580224806 2
1580224807 2
1580224808 2
1580224809 2
1580224810 3
1580224811 2
1580224812 4
1580224813 4
1580224814 4
1580224815 5
1580224816 3
1580224817 2
1580224818 2
1580224819 2
1580224820 2
1580224821 2
1580224822 2
1580224823 2
1580224824 3
1580224825 2
1580224826 2
1580224827 2
1580224828 5
1580224829 3
1580224830 2
1580224831 2
1580224832 2
1580224833 2
1580224834 2
1580224835 2
1580224836 2
1580224837 2
1580224838 2
1580224839 3
1580224840 2
1580224841 4
1580224842 4
1580224843 4
1580224844 2
1580224845 2
1580224846 2
1580224847 2
1580224848 2
1580224849 2
1580224850 2
1580224851 2
1580224852 2
1580224853 2
1580224854 2
1580224855 2
1580224856 4
1580224857 2
1580224858 2
1580224859 2
1580224860 2
1580224861 2
1580224862 3
1580224863 2
1580224864 2
1580224865 2
1580224866 2
1580224867 2
1580224868 2
1580224869 2
1580224870 3
1580224871 4
1580224872 4
1580224873 3
1580224874 3
1580224875 3
1580224876 2
1580224877 2
1580224878 2
1580224879 2
1580224880 2
1580224881 3
1580224882 2
1580224883 3
1580224884 2
1580224885 4
1580224886 4
1580224887 3
1580224888 2
1580224889 2
1580224890 2
1580224891 2
1580224892 2
1580224893 3
1580224894 3
1580224895 3
1580224896 4
1580224897 3
1580224898 3
1580224899 4
1580224900 4
1580224901 4
1580224902 3
1580224903 3
1580224904 4
1580224905 2
1580224906 2
1580224907 2
1580224908 2
1580224909 2
1580224910 2
1580224911 2
1580224912 2
1580224913 2
1580224914 2
1580224915 2
1580224916 2
1580224917 2
1580224918 2
1580224919 2
1580224920 3
1580224921 4
1580224922 4
1580224923 4
1580224924 5
1580224925 5
1580224926 5
1580224927 5
1580224928 4
1580224929 4
1580224930 4
1580224931 4
1580224932 4
1580224933 4
1580224934 4
1580224935 3
1580224936 2
1580224937 2
1580224938 2
1580224939 2
1580224940 2
1580224941 2
1580224942 2
1580224943 2
1580224944 2
1580224945 2
1580224946 2
1580224947 2
1580224948 2
1580224949 2
1580224950 2
1580224951 2
1580224952 3
1580224953 3
1580224954 5
1580224955 4
1580224956 4
1580224957 4
1580224958 4
1580224959 3
1580224960 3
1580224961 3
1580224962 3
1580224963 3
1580224964 3
1580224965 2
1580224966 2
1580224967 2
1580224968 3
1580224969 3
1580224970 3
1580224971 2
1580224972 2
1580224973 2
1580224974 2
1580224975 2
1580224976 2
1580224977 2
1580224978 2
1580224979 2
1580224980 2
1580224981 2
1580224982 5
1580224983 4
1580224984 4
1580224985 3
1580224986 2
1580224987 2
1580224988 2
1580224989 2
1580224990 2
1580224991 2
1580224992 2
1580224993 2
1580224994 2
1580224995 3
1580224996 2
1580224997 2
1580224998 2
1580224999 2
1580225000 3
1580225001 3
1580225002 2
1580225003 3
1580225004 2
1580225005 2
1580225006 2
1580225007 2
1580225008 2
1580225009 2
1580225010 2
1580225011 2
1580225012 5
1580225013 4
1580225014 4
1580225015 3
1580225016 2
1580225017 2
1580225018 2
1580225019 2
1580225020 2
1580225021 2
1580225022 2
1580225023 2
1580225024 2
1580225025 2
1580225026 3
1580225027 2
1580225028 3
1580225029 2
1580225030 3
1580225031 3
1580225032 2
1580225033 2
1580225034 2
1580225035 2
1580225036 2
1580225037 2
1580225038 2
1580225039 2
1580225040 3
1580225041 4
1580225042 4
1580225043 4
1580225044 2
1580225045 2
1580225046 2
1580225047 2
1580225048 2
1580225049 2
1580225050 2
1580225051 3
1580225052 3
1580225053 4
1580225054 3
1580225055 4
1580225056 3
1580225057 2
1580225058 2
1580225059 2
1580225060 2
1580225061 2
1580225062 2
1580225063 3
1580225064 3
1580225065 3
1580225066 4
1580225067 4
1580225068 4
1580225069 5
1580225070 5
1580225071 5
1580225072 6
1580225073 4
1580225074 3
1580225075 2
1580225076 4
1580225077 3
1580225078 5
1580225079 5
1580225080 5
1580225081 4
1580225082 4
1580225083 4
1580225084 4
1580225085 4
1580225086 6
1580225087 6
1580225088 6
1580225089 5
1580225090 5
1580225091 3
1580225092 4
1580225093 3
1580225094 3
1580225095 3
1580225096 3
1580225097 4
1580225098 3
1580225099 3
1580225100 3
1580225101 3
1580225102 2
1580225103 2
1580225104 2
1580225105 2
1580225106 2
1580225107 3
1580225108 3
1580225109 4
1580225110 4
1580225111 4
1580225112 3
1580225113 5
1580225114 6
1580225115 4
1580225116 3
1580225117 3
1580225118 3
1580225119 3
1580225120 3
1580225121 3
1580225122 4
1580225123 3
1580225124 4
1580225125 3
1580225126 3
1580225127 2
1580225128 2
1580225129 2
1580225130 1
1580225131 1
1580225132 1
1580225133 2
1580225134 4
1580225135 3
1580225136 3
1580225137 2
1580225138 2
1580225139 2
1580225140 2
1580225141 2
1580225142 4
1580225143 2
1580225144 3
1580225145 3
1580225146 4
1580225147 4
1580225148 3
1580225149 3
1580225150 3
1580225151 5
1580225152 6
1580225153 5
1580225154 4
1580225155 5
1580225156 3
1580225157 3
1580225158 2
1580225159 2
1580225160 4
1580225161 3
1580225162 3
1580225163 3
1580225164 3
1580225165 3
1580225166 2
1580225167 2
1580225168 2
1580225248 2
1580225249 2
1580225250 2
1580225251 2
1580225252 3
1580225253 3
1580225254 3
1580225255 2
1580225256 3
1580225257 2
1580225258 2
1580225259 3
1580225260 4
1580225261 4
1580225262 5
1580225263 5
1580225264 4
1580225265 4
1580225266 3
1580225267 4
1580225268 4
1580225269 3
1580225270 3
1580225271 4
1580225272 4
1580225273 3
1580225274 3
1580225275 3
1580225276 3
1580225277 3
1580225278 3
1580225279 2
1580225280 3
1580225281 2
1580225282 2
1580225283 3
1580225284 3
1580225285 2
1580225286 2
1580225287 2
1580225288 3
1580225289 3
1580225290 5
1580225291 4
1580225292 3
1580225293 4
1580225294 3
1580225295 3
1580225296 3
1580225297 3
1580225298 3
1580225299 2
1580225300 2
1580225301 2
1580225302 2
1580225303 3
1580225304 3
1580225305 4
1580225306 3
1580225307 4
1580225308 3
1580225309 3
1580225310 3
1580225311 3
1580225312 3
1580225313 2
1580225314 2
1580225315 2
1580225316 2
1580225317 2
1580225318 3
1580225319 3
1580225320 2
1580225321 2
1580225322 3
1580225323 2
1580225324 2
1580225325 2
1580225326 2
1580225327 2
1580225328 2
1580225329 2
1580225330 3
1580225331 3
1580225332 3
1580225333 4
1580225334 4
1580225335 3
1580225336 2
1580225337 4
1580225338 4
1580225339 3
1580225340 4
1580225341 4
1580225342 4
1580225343 3
1580225344 3
1580225345 2
1580225346 3
1580225347 6
1580225348 4
1580225349 4
1580225350 4
1580225351 4
1580225352 3
1580225353 3
1580225354 3
1580225355 3
1580225356 3
1580225357 3
1580225358 2
1580225359 2
1580225360 2
1580225361 2
1580225362 3
1580225363 3
1580225364 2
1580225365 2
1580225366 3
1580225367 2
1580225368 2
1580225369 2
1580225370 2
1580225371 2
1580225372 2
1580225373 2
1580225374 3
1580225375 2
1580225376 4
1580225377 4
1580225378 4
1580225379 4
1580225380 3
1580225381 2
1580225382 2
1580225383 2
1580225384 2
1580225385 2
1580225386 2
1580225387 2
1580225388 3
1580225389 2
1580225390 2
1580225391 4
1580225392 4
1580225393 2
1580225394 2
1580225395 2
1580225396 2
1580225397 2
1580225398 2
1580225399 2
1580225400 2
1580225401 2
1580225402 2
1580225403 2
1580225404 2
1580225405 4
1580225406 4
1580225407 4
1580225408 3
1580225409 2
1580225410 2
1580225411 2
1580225412 2
1580225413 2
1580225414 2
1580225415 2
1580225416 2
1580225417 2
1580225418 2
1580225419 2
1580225420 4
1580225421 2
1580225422 2
1580225423 2
1580225424 2
1580225425 2
1580225426 2
1580225427 2
1580225428 2
1580225429 2
1580225430 2
1580225431 2
1580225432 2
1580225433 3
1580225434 2
1580225435 4
1580225436 4
1580225437 4
1580225438 4
1580225439 3
1580225440 2
1580225441 2
1580225442 2
1580225443 2
1580225444 2
1580225445 2
1580225446 2
1580225447 3
1580225448 2
1580225449 2
1580225450 2
1580225451 3
1580225452 2
1580225453 2
1580225454 2
1580225455 2
1580225456 2
1580225457 2
1580225458 3
1580225459 3
1580225460 3
1580225461 4
1580225462 3
1580225463 4
1580225464 4
1580225465 4
1580225466 4
1580225467 4
1580225468 3
1580225469 3
1580225470 2
1580225471 2
1580225472 2
1580225473 2
1580225474 2
1580225475 2
1580225476 2
1580225477 2
1580225478 2
1580225479 2
1580225480 2
1580225481 2
1580225482 2
1580225483 2
1580225484 2
1580225485 2
1580225486 4
1580225487 4
1580225488 4
1580225489 4
1580225490 5
1580225491 5
1580225492 5
1580225493 5
1580225494 4
1580225495 4
1580225496 4
1580225497 4
1580225498 4
1580225499 2
1580225500 2
1580225501 2
1580225502 2
1580225503 2
1580225504 2
1580225505 2
1580225506 2
1580225507 2
1580225508 2
1580225509 2
1580225510 2
1580225511 2
1580225512 2
1580225513 2
1580225514 2
1580225515 2
1580225516 3
1580225517 3
1580225518 5
1580225519 4
1580225520 4
1580225521 3
1580225522 3
1580225523 3
1580225524 3
1580225525 3
1580225526 3
1580225527 2
1580225528 2
1580225529 2
1580225530 2
1580225531 2
1580225532 3
1580225533 3
1580225534 3
1580225535 2
1580225536 3
1580225537 2
1580225538 2
1580225539 2
1580225540 2
1580225541 2
1580225542 2
1580225543 2
1580225544 2
1580225545 2
1580225546 5
1580225547 4
1580225548 4
1580225549 3
1580225550 2
1580225551 2
1580225552 2
1580225553 2
1580225554 2
1580225555 3
1580225556 2
1580225557 2
1580225558 2
1580225559 3
1580225560 2
1580225561 2
1580225562 2
1580225563 3
1580225564 3
1580225565 2
1580225566 2
1580225567 2
1580225568 2
1580225569 2
1580225570 2
1580225571 2
1580225572 2
1580225573 2
1580225574 2
1580225575 2
1580225576 4
1580225577 5
1580225578 5
1580225579 4
1580225580 3
1580225581 2
1580225582 2
1580225583 2
1580225584 2
1580225585 4
1580225586 3
1580225587 3
1580225588 3
1580225589 3
1580225590 3
1580225591 4
1580225592 2
1580225593 2
1580225594 3
1580225595 2
1580225596 2
1580225597 2
1580225598 2
1580225599 2
1580225600 2
1580225601 2
1580225602 2
1580225603 2
1580225604 3
1580225605 4
1580225606 4
1580225607 4
1580225608 3
1580225609 2
1580225610 2
1580225611 2
1580225612 2
1580225613 2
1580225614 2
1580225615 2
1580225616 2
1580225617 3
1580225618 2
1580225619 2
1580225620 3
1580225621 2
1580225622 2
1580225623 2
1580225624 2
1580225625 2
1580225626 2
1580225627 3
1580225628 3
1580225629 3
1580225630 3
1580225631 4
1580225632 4
1580225633 4
1580225634 4
1580225635 5
1580225636 6
1580225637 6
1580225638 4
1580225639 3
1580225640 3
1580225641 3
1580225642 4
1580225643 4
1580225644 5
1580225645 4
1580225646 4
1580225647 6
1580225648 6
1580225649 4
1580225650 4
1580225651 6
1580225652 6
1580225653 5
1580225654 4
1580225655 3
1580225656 3
1580225657 4
1580225658 4
1580225659 3
1580225660 2
1580225661 3
1580225662 2
1580225663 2
1580225664 2
1580225665 3
1580225666 2
1580225667 2
1580225668 2
1580225669 2
1580225670 2
1580225671 2
1580225672 3
1580225673 3
1580225674 3
1580225675 5
1580225676 5
1580225677 6
1580225678 6
1580225679 5
1580225680 3
1580225681 3
1580225682 3
1580225683 3
1580225684 3
1580225685 4
1580225686 4
1580225687 4
1580225688 4
1580225689 5
1580225690 6
1580225691 3
1580225692 2
1580225693 2
1580225694 1
1580225695 1
1580225696 1
1580225697 1
1580225698 2
1580225699 4
1580225700 5
1580225701 3
1580225702 3
1580225703 3
1580225704 3
1580225705 3
1580225706 4
1580225707 3
1580225708 5
1580225709 5
1580225710 5
1580225711 6
1580225712 5
1580225713 3
1580225714 4
1580225715 3
1580225716 4
1580225717 5
1580225718 5
1580225719 6
1580225720 5
1580225721 4
1580225722 2
1580225723 2
1580225724 2
1580225725 2
1580225726 3
1580225727 3
1580225728 3
1580225729 3
1580225730 3
1580225731 2
1580225732 2
1580225733 2
1580225813 2
1580225814 2
1580225815 2
1580225816 3
1580225817 4
1580225818 4
1580225819 3
1580225820 2
1580225821 3
1580225822 2
1580225823 2
1580225824 3
1580225825 3
1580225826 3
1580225827 4
1580225828 4
1580225829 6
1580225830 3
1580225831 3
1580225832 4
1580225833 6
1580225834 5
1580225835 5
1580225836 5
1580225837 6
1580225838 4
1580225839 4
1580225840 4
1580225841 3
1580225842 4
1580225843 5
1580225844 3
1580225845 5
1580225846 4
1580225847 3
1580225848 2
1580225849 1
1580225850 1
1580225851 1
1580225852 2
1580225853 2
1580225854 2
1580225855 4
1580225856 3
1580225857 2
1580225858 2
1580225859 2
1580225860 2
1580225861 2
1580225862 2
1580225863 2
1580225864 2
1580225865 3
1580225866 3
1580225867 5
1580225868 5
1580225869 4
1580225870 5
1580225871 3
1580225872 3
1580225873 3
1580225874 3
1580225875 3
1580225876 2
1580225877 2
1580225878 2
1580225879 2
1580225880 3
1580225881 3
1580225882 2
1580225883 2
1580225884 2
1580225885 3
1580225886 2
1580225887 2
1580225888 2
1580225889 1
1580225890 2
1580225891 2
1580225892 4
1580225893 4
1580225894 3
1580225895 4
1580225896 3
1580225897 3
1580225898 3
1580225899 2
1580225900 3
1580225901 4
1580225902 4
1580225903 4
1580225904 3
1580225905 4
1580225906 3
1580225907 3
1580225908 4
1580225909 3
1580225910 3
1580225911 3
1580225912 3
1580225913 3
1580225914 3
1580225915 4
1580225916 4
1580225917 4
1580225918 3
1580225919 3
1580225920 2
1580225921 2
1580225922 2
1580225923 3
1580225924 3
1580225925 2
1580225926 2
1580225927 2
1580225928 3
1580225929 3
1580225930 3
1580225931 2
1580225932 2
1580225933 2
1580225934 2
1580225935 2
1580225936 2
1580225937 4
1580225938 4
1580225939 3
1580225940 3
1580225941 3
1580225942 2
1580225943 2
1580225944 2
1580225945 2
1580225946 2
1580225947 2
1580225948 3
1580225949 2
1580225950 2
1580225951 2
1580225952 4
1580225953 4
1580225954 2
1580225955 2
1580225956 2
1580225957 2
1580225958 2
1580225959 2
1580225960 2
1580225961 2
1580225962 2
1580225963 2
1580225964 2
1580225965 4
1580225966 4
1580225967 5
1580225968 3
1580225969 2
1580225970 2
1580225971 2
1580225972 2
1580225973 2
1580225974 2
1580225975 2
1580225976 2
1580225977 2
1580225978 2
1580225979 2
1580225980 4
1580225981 2
1580225982 2
1580225983 2
1580225984 3
1580225985 2
1580225986 2
1580225987 2
1580225988 2
1580225989 2
1580225990 2
1580225991 2
1580225992 2
1580225993 2
1580225994 4
1580225995 4
1580225996 4
1580225997 4
1580225998 2
1580225999 2
1580226000 2
1580226001 2
1580226002 2
1580226003 3
1580226004 3
1580226005 2
1580226006 4
1580226007 3
1580226008 3
1580226009 3
1580226010 3
1580226011 2
1580226012 2
1580226013 3
1580226014 2
1580226015 2
1580226016 3
1580226017 3
1580226018 3
1580226019 3
1580226020 4
1580226021 3
1580226022 4
1580226023 4
1580226024 4
1580226025 4
1580226026 4
1580226027 3
1580226028 2
1580226029 2
1580226030 2
1580226031 2
1580226032 2
1580226033 2
1580226034 2
1580226035 2
1580226036 2
1580226037 2
1580226038 2
1580226039 2
1580226040 2
1580226041 2
1580226042 2
1580226043 2
1580226044 4
1580226045 5
1580226046 4
1580226047 5
1580226048 5
1580226049 5
1580226050 5
1580226051 5
1580226052 4
1580226053 4
1580226054 4
1580226055 4
1580226056 4
1580226057 4
1580226058 3
1580226059 2
1580226060 2
1580226061 2
1580226062 2
1580226063 2
1580226064 2
1580226065 2
1580226066 2
1580226067 2
1580226068 2
1580226069 2
1580226070 2
1580226071 2
1580226072 2
1580226073 2
1580226074 2
1580226075 3
1580226076 3
1580226077 5
1580226078 4
1580226079 4
1580226080 3
1580226081 3
1580226082 3
1580226083 3
1580226084 3
1580226085 3
1580226086 2
1580226087 2
1580226088 2
1580226089 2
1580226090 2
1580226091 3
1580226092 3
1580226093 3
1580226094 2
1580226095 3
1580226096 3
1580226097 2
1580226098 2
1580226099 2
1580226100 2
1580226101 2
1580226102 2
1580226103 2
1580226104 2
1580226105 4
1580226106 4
1580226107 4
1580226108 2
1580226109 2
1580226110 2
1580226111 2
1580226112 2
1580226113 2
1580226114 2
1580226115 2
1580226116 2
1580226117 3
1580226118 3
1580226119 2
1580226120 2
1580226121 2
1580226122 3
1580226123 2
1580226124 2
1580226125 2
1580226126 2
1580226127 2
1580226128 2
1580226129 2
1580226130 2
1580226131 2
1580226132 2
1580226133 2
1580226134 3
1580226135 4
1580226136 4
1580226137 4
1580226138 3
1580226139 2
1580226140 2
1580226141 2
1580226142 2
1580226143 2
1580226144 2
1580226145 2
1580226146 2
1580226147 2
1580226148 2
1580226149 2
1580226150 3
1580226151 2
1580226152 2
1580226153 2
1580226154 2
1580226155 2
1580226156 2
1580226157 2
1580226158 2
1580226159 2
1580226160 2
1580226161 2
1580226162 2
1580226163 5
1580226164 4
1580226165 4
1580226166 4
1580226167 3
1580226168 2
1580226169 2
1580226170 2
1580226171 2
1580226172 2
1580226173 2
1580226174 2
1580226175 3
1580226176 2
1580226177 2
1580226178 2
1580226179 2
1580226180 2
1580226181 2
1580226182 2
1580226183 2
1580226184 2
1580226185 3
1580226186 3
1580226187 3
1580226188 3
1580226189 4
1580226190 2
1580226191 3
1580226192 3
1580226193 3
1580226194 4
1580226195 4
1580226196 3
1580226197 2
1580226198 3
1580226199 3
1580226200 4
1580226201 3
1580226202 3
1580226203 2
1580226204 3
1580226205 2
1580226206 3
1580226207 3
1580226208 3
1580226209 5
1580226210 4
1580226211 4
1580226212 3
1580226213 3
1580226214 3
1580226215 3
1580226216 2
1580226217 2
1580226218 2
1580226219 2
1580226220 2
1580226221 2
1580226222 2
1580226223 2
1580226224 3
1580226225 2
1580226226 2
1580226227 2
1580226228 2
1580226229 2
1580226230 4
1580226231 3
1580226232 3
1580226233 3
1580226234 3
1580226235 4
1580226236 5
1580226237 6
1580226238 4
1580226239 3
1580226240 3
1580226241 2
1580226242 2
1580226243 3
1580226244 4
1580226245 3
1580226246 2
1580226247 2
1580226248 2
1580226249 4
1580226250 5
1580226251 4
1580226252 5
1580226253 3
1580226254 2
1580226255 2
1580226256 1
1580226257 2
1580226258 3
1580226259 4
1580226260 5
1580226261 5
1580226262 7
1580226263 7
1580226264 9
1580226265 6
1580226266 7
1580226267 7
1580226268 7
1580226269 7
1580226270 7
1580226271 8
1580226272 7
1580226273 5
1580226274 6
1580226275 7
1580226276 7
1580226277 9
1580226278 8
1580226279 7
1580226280 4
1580226281 5
1580226282 9
1580226283 6
1580226284 7
1580226285 6
1580226286 4
1580226287 2
1580226288 3
1580226289 4
1580226290 4
1580226291 4
1580226292 4
1580226293 7
1580226294 5
1580226295 6
1580226296 4
1580226297 5
1580226298 4
1580226299 4
1580226300 3
1580226301 3
1580226302 2
1580226303 2
1580226304 2
1580226305 2
1580226306 4
1580226307 4
1580226308 4
1580226309 4
1580226310 3
1580226311 3
1580226312 2
1580226391 2
1580226392 2
1580226393 4
1580226394 3
1580226395 3
1580226396 3
1580226397 3
1580226398 2
1580226399 1
1580226400 3
1580226401 3
1580226402 4
1580226403 3
1580226404 4
1580226405 5
1580226406 4
1580226407 3
1580226408 4
1580226409 4
1580226410 4
1580226411 4
1580226412 3
1580226413 4
1580226414 4
1580226415 5
1580226416 6
1580226417 5
1580226418 5
1580226419 7
1580226420 7
1580226421 7
1580226422 7
1580226423 8
1580226424 6
1580226425 5
1580226426 4
1580226427 3
1580226428 2
1580226429 1
1580226430 1
1580226431 1
1580226432 4
1580226433 4
1580226434 5
1580226435 5
1580226436 3
1580226437 4
1580226438 3
1580226439 2
1580226440 3
1580226441 3
1580226442 2
1580226443 2
1580226444 2
1580226445 2
1580226446 3
1580226447 3
1580226448 3
1580226449 6
1580226450 5
1580226451 4
1580226452 5
1580226453 4
1580226454 4
1580226455 3
1580226456 3
1580226457 2
1580226458 2
1580226459 2
1580226460 2
1580226461 2
1580226462 3
1580226463 2
1580226464 2
1580226465 2
1580226466 2
1580226467 3
1580226468 3
1580226469 2
1580226470 2
1580226471 1
1580226472 2
1580226473 2
1580226474 3
1580226475 3
1580226476 3
1580226477 4
1580226478 3
1580226479 2
1580226480 2
1580226481 3
1580226482 4
1580226483 3
1580226484 4
1580226485 4
1580226486 3
1580226487 3
1580226488 3
1580226489 2
1580226490 4
1580226491 3
1580226492 3
1580226493 3
1580226494 3
1580226495 4
1580226496 3
1580226497 3
1580226498 3
1580226499 3
1580226500 2
1580226501 2
1580226502 2
1580226503 2
1580226504 2
1580226505 2
1580226506 3
1580226507 3
1580226508 2
1580226509 2
1580226510 2
1580226511 2
1580226512 2
1580226513 2
1580226514 2
1580226515 2
1580226516 2
1580226517 2
1580226518 4
1580226519 2
1580226520 4
1580226521 4
1580226522 5
1580226523 3
1580226524 2
1580226525 2
1580226526 2
1580226527 2
1580226528 2
1580226529 2
1580226530 2
1580226531 2
1580226532 2
1580226533 3
1580226534 2
1580226535 2
1580226536 2
1580226537 3
1580226538 2
1580226539 2
1580226540 2
1580226541 3
1580226542 2
1580226543 2
1580226544 2
1580226545 2
1580226546 2
1580226547 4
1580226548 2
1580226549 4
1580226550 4
1580226551 4
1580226552 3
1580226553 2
1580226554 2
1580226555 2
1580226556 2
1580226557 2
1580226558 2
1580226559 2
1580226560 2
1580226561 2
1580226562 2
1580226563 2
1580226564 3
1580226565 2
1580226566 2
1580226567 2
1580226568 2
1580226569 2
1580226570 3
1580226571 2
1580226572 2
1580226573 2
1580226574 2
1580226575 2
1580226576 2
1580226577 3
1580226578 2
1580226579 4
1580226580 4
1580226581 4
1580226582 4
1580226583 2
1580226584 2
1580226585 2
1580226586 2
1580226587 2
1580226588 2
1580226589 2
1580226590 2
1580226591 4
1580226592 3
1580226593 3
1580226594 3
1580226595 3
1580226596 2
1580226597 2
1580226598 2
1580226599 2
1580226600 2
1580226601 3
1580226602 3
1580226603 3
1580226604 3
1580226605 4
1580226606 3
1580226607 4
1580226608 4
1580226609 4
1580226610 4
1580226611 3
1580226612 3
1580226613 2
1580226614 2
1580226615 2
1580226616 2
1580226617 2
1580226618 2
1580226619 2
1580226620 2
1580226621 2
1580226622 2
1580226623 2
1580226624 2
1580226625 2
1580226626 2
1580226627 2
1580226628 2
1580226629 3
1580226630 4
1580226631 4
1580226632 4
1580226633 5
1580226634 5
1580226635 5
1580226636 5
1580226637 4
1580226638 4
1580226639 4
1580226640 4
1580226641 4
1580226642 4
1580226643 2
1580226644 2
1580226645 2
1580226646 2
1580226647 2
1580226648 2
1580226649 2
1580226650 2
1580226651 2
1580226652 2
1580226653 2
1580226654 2
1580226655 2
1580226656 2
1580226657 2
1580226658 2
1580226659 3
1580226660 3
1580226661 5
1580226662 4
1580226663 4
1580226664 4
1580226665 3
1580226666 4
1580226667 3
1580226668 3
1580226669 3
1580226670 2
1580226671 2
1580226672 2
1580226673 2
1580226674 2
1580226675 2
1580226676 3
1580226677 3
1580226678 3
1580226679 3
1580226680 4
1580226681 3
1580226682 3
1580226683 3
1580226684 2
1580226685 2
1580226686 2
1580226687 2
1580226688 2
1580226689 2
1580226690 4
1580226691 5
1580226692 5
1580226693 3
1580226694 2
1580226695 2
1580226696 2
1580226697 2
1580226698 2
1580226699 2
1580226700 2
1580226701 2
1580226702 2
1580226703 2
1580226704 3
1580226705 2
1580226706 2
1580226707 2
1580226708 2
1580226709 2
1580226710 2
1580226711 2
1580226712 2
1580226713 2
1580226714 2
1580226715 2
1580226716 2
1580226717 2
1580226718 2
1580226719 2
1580226720 3
1580226721 4
1580226722 4
1580226723 4
1580226724 3
1580226725 2
1580226726 2
1580226727 2
1580226728 2
1580226729 2
1580226730 2
1580226731 2
1580226732 2
1580226733 2
1580226734 2
1580226735 2
1580226736 3
1580226737 2
1580226738 2
1580226739 2
1580226740 2
1580226741 2
1580226742 2
1580226743 2
1580226744 2
1580226745 2
1580226746 2
1580226747 2
1580226748 2
1580226749 3
1580226750 4
1580226751 4
1580226752 4
1580226753 3
1580226754 2
1580226755 2
1580226756 2
1580226757 2
1580226758 2
1580226759 2
1580226760 3
1580226761 2
1580226762 3
1580226763 2
1580226764 2
1580226765 3
1580226766 2
1580226767 2
1580226768 2
1580226769 2
1580226770 2
1580226771 2
1580226772 3
1580226773 3
1580226774 3
1580226775 4
1580226776 4
1580226777 3
1580226778 3
1580226779 3
1580226780 3
1580226781 5
1580226782 4
1580226783 4
1580226784 4
1580226785 4
1580226786 4
1580226787 5
1580226788 5
1580226789 5
1580226790 5
1580226791 4
1580226792 3
1580226793 3
1580226794 3
1580226795 4
1580226796 5
1580226797 4
1580226798 4
1580226799 2
1580226800 2
1580226801 3
1580226802 3
1580226803 3
1580226804 3
1580226805 3
1580226806 3
1580226807 4
1580226808 3
1580226809 3
1580226810 3
1580226811 3
1580226812 4
1580226813 4
1580226814 2
1580226815 2
1580226816 2
1580226817 2
1580226818 2
1580226819 4
1580226820 3
1580226821 4
1580226822 3
1580226823 4
1580226824 5
1580226825 5
1580226826 3
1580226827 2
1580226828 2
1580226829 2
1580226830 2
1580226831 2
1580226832 3
1580226833 3
1580226834 3
1580226835 3
1580226836 3
1580226837 3
1580226838 2
1580226839 2
1580226840 2
1580226841 2
1580226842 1
1580226843 3
1580226844 4
1580226845 5
1580226846 3
1580226847 4
1580226848 1
1580226849 2
1580226850 3
1580226851 4
1580226852 5
1580226853 3
1580226854 4
1580226855 4
1580226856 4
1580226857 5
1580226858 6
1580226859 4
1580226860 5
1580226861 5
1580226862 4
1580226863 3
1580226864 4
1580226865 4
1580226866 3
1580226867 3
1580226868 4
1580226869 3
1580226870 2
1580226871 3
1580226872 3
1580226873 4
1580226874 5
1580226875 3
1580226876 3
1580226877 2
1580226878 2
1580226879 2
1580226880 2
1580226960 2
1580226961 2
1580226962 3
1580226963 3
1580226964 3
1580226965 3
1580226966 3
1580226967 3
1580226968 2
1580226969 2
1580226970 2
1580226971 2
1580226972 3
1580226973 3
1580226974 4
1580226975 4
1580226976 4
1580226977 4
1580226978 5
1580226979 2
1580226980 4
1580226981 4
1580226982 3
1580226983 2
1580226984 3
1580226985 4
1580226986 4
1580226987 3
1580226988 2
1580226989 2
1580226990 2
1580226991 1
1580226992 2
1580226993 2
1580226994 2
1580226995 3
1580226996 2
1580226997 2
1580226998 1
1580226999 1
1580227000 1
1580227001 2
1580227002 2
1580227003 3
1580227004 3
1580227005 2
1580227006 2
1580227007 2
1580227008 3
1580227009 2
1580227010 2
1580227011 2
1580227012 2
1580227013 3
1580227014 3
1580227015 3
1580227016 4
1580227017 5
1580227018 4
1580227019 4
1580227020 3
1580227021 3
1580227022 3
1580227023 4
1580227024 2
1580227025 2
1580227026 2
1580227027 2
1580227028 2
1580227029 2
1580227030 2
1580227031 2
1580227032 2
1580227033 2
1580227034 3
1580227035 3
1580227036 3
1580227037 2
1580227038 2
1580227039 2
1580227040 1
1580227041 2
1580227042 3
1580227043 3
1580227044 3
1580227045 4
1580227046 5
1580227047 5
1580227048 3
1580227049 3
1580227050 4
1580227051 4
1580227052 4
1580227053 4
1580227054 4
1580227055 3
1580227056 3
1580227057 4
1580227058 4
1580227059 5
1580227060 3
1580227061 3
1580227062 3
1580227063 4
1580227064 4
1580227065 3
1580227066 3
1580227067 3
1580227068 2
1580227069 2
1580227070 2
1580227071 2
1580227072 2
1580227073 2
1580227074 3
1580227075 3
1580227076 2
1580227077 2
1580227078 2
1580227079 2
1580227080 2
1580227081 2
1580227082 2
1580227083 2
1580227084 2
1580227085 2
1580227086 2
1580227087 2
1580227088 4
1580227089 4
1580227090 4
1580227091 3
1580227092 2
1580227093 2
1580227094 2
1580227095 2
1580227096 2
1580227097 2
1580227098 2
1580227099 2
1580227100 2
1580227101 3
1580227102 2
1580227103 2
1580227104 2
1580227105 2
1580227106 2
1580227107 2
1580227108 2
1580227109 2
1580227110 2
1580227111 2
1580227112 2
1580227113 2
1580227114 2
1580227115 2
1580227116 2
1580227117 4
1580227118 4
1580227119 4
1580227120 3
1580227121 3
1580227122 2
1580227123 2
1580227124 2
1580227125 2
1580227126 2
1580227127 2
1580227128 2
1580227129 2
1580227130 2
1580227131 2
1580227132 3
1580227133 2
1580227134 2
1580227135 2
1580227136 2
1580227137 2
1580227138 3
1580227139 2
1580227140 2
1580227141 2
1580227142 2
1580227143 2
1580227144 2
1580227145 2
1580227146 2
1580227147 4
1580227148 4
1580227149 5
1580227150 3
1580227151 2
1580227152 2
1580227153 2
1580227154 2
1580227155 2
1580227156 2
1580227157 3
1580227158 3
1580227159 2
1580227160 2
1580227161 2
1580227162 3
1580227163 2
1580227164 2
1580227165 2
1580227166 2
1580227167 2
1580227168 2
1580227169 3
1580227170 3
1580227171 3
1580227172 3
1580227173 4
1580227174 2
1580227175 4
1580227176 4
1580227177 4
1580227178 3
1580227179 3
1580227180 3
1580227181 2
1580227182 2
1580227183 2
1580227184 2
1580227185 2
1580227186 2
1580227187 2
1580227188 2
1580227189 2
1580227190 2
1580227191 2
1580227192 2
1580227193 2
1580227194 2
1580227195 2
1580227196 2
1580227197 3
1580227198 4
1580227199 4
1580227200 4
1580227201 5
1580227202 5
1580227203 5
1580227204 5
1580227205 5
1580227206 4
1580227207 4
1580227208 4
1580227209 4
1580227210 4
1580227211 3
1580227212 2
1580227213 2
1580227214 2
1580227215 2
1580227216 2
1580227217 2
1580227218 2
1580227219 2
1580227220 2
1580227221 2
1580227222 2
1580227223 2
1580227224 2
1580227225 2
1580227226 2
1580227227 3
1580227228 3
1580227229 5
1580227230 4
1580227231 4
1580227232 3
1580227233 3
1580227234 3
1580227235 3
1580227236 4
1580227237 3
1580227238 2
1580227239 2
1580227240 2
1580227241 2
1580227242 2
1580227243 2
1580227244 3
1580227245 3
1580227246 3
1580227247 2
1580227248 2
1580227249 2
1580227250 2
1580227251 2
1580227252 2
1580227253 2
1580227254 2
1580227255 2
1580227256 2
1580227257 3
1580227258 4
1580227259 4
1580227260 3
1580227261 3
1580227262 2
1580227263 2
1580227264 2
1580227265 2
1580227266 2
1580227267 2
1580227268 2
1580227269 2
1580227270 3
1580227271 2
1580227272 2
1580227273 2
1580227274 2
1580227275 2
1580227276 2
1580227277 2
1580227278 2
1580227279 2
1580227280 2
1580227281 2
1580227282 2
1580227283 2
1580227284 2
1580227285 2
1580227286 3
1580227287 3
1580227288 4
1580227289 4
1580227290 4
1580227291 4
1580227292 2
1580227293 2
1580227294 2
1580227295 2
1580227296 2
1580227297 2
1580227298 2
1580227299 2
1580227300 2
1580227301 2
1580227302 2
1580227303 3
1580227304 2
1580227305 2
1580227306 2
1580227307 2
1580227308 2
1580227309 2
1580227310 2
1580227311 2
1580227312 2
1580227313 2
1580227314 2
1580227315 2
1580227316 3
1580227317 4
1580227318 4
1580227319 3
1580227320 3
1580227321 2
1580227322 2
1580227323 2
1580227324 2
1580227325 2
1580227326 2
1580227327 3
1580227328 3
1580227329 3
1580227330 2
1580227331 2
1580227332 3
1580227333 3
1580227334 2
1580227335 2
1580227336 2
1580227337 2
1580227338 2
1580227339 3
1580227340 3
1580227341 3
1580227342 4
1580227343 3
1580227344 3
1580227345 3
1580227346 3
1580227347 3
1580227348 4
1580227349 4
1580227350 2
1580227351 2
1580227352 3
1580227353 3
1580227354 4
1580227355 3
1580227356 3
1580227357 3
1580227358 3
1580227359 3
1580227360 3
1580227361 3
1580227362 4
1580227363 5
1580227364 4
1580227365 4
1580227366 3
1580227367 1
1580227368 2
1580227369 2
1580227370 2
1580227371 2
1580227372 2
1580227373 3
1580227374 2
1580227375 2
1580227376 2
1580227377 3
1580227378 2
1580227379 2
1580227380 2
1580227381 2
1580227382 2
1580227383 3
1580227384 4
1580227385 5
1580227386 5
1580227387 5
1580227388 3
1580227389 3
1580227390 3
1580227391 2
1580227392 2
1580227393 2
1580227394 2
1580227395 2
1580227396 2
1580227397 2
1580227398 4
1580227399 3
1580227400 3
1580227401 4
1580227402 3
1580227403 2
1580227404 2
1580227405 2
1580227406 2
1580227407 1
1580227408 1
1580227409 1
1580227410 2
1580227411 1
1580227412 2
1580227414 1
1580227415 1
1580227416 2
1580227417 3
1580227418 3
1580227419 4
1580227420 4
1580227421 4
1580227422 2
1580227423 4
1580227424 4
1580227425 6
1580227426 5
1580227427 4
1580227428 4
1580227429 4
1580227430 4
1580227431 3
1580227432 2
1580227433 2
1580227434 2
1580227435 2
1580227436 2
1580227437 3
1580227438 3
1580227439 4
1580227440 3
1580227441 4
1580227442 2
1580227443 2
1580227444 2
1580227445 2
1580227557 2
1580227558 2
1580227559 2
1580227560 2
1580227561 3
1580227562 3
1580227563 3
1580227564 3
1580227565 4
1580227566 2
1580227567 2
1580227568 3
1580227569 3
1580227570 3
1580227571 4
1580227572 5
1580227573 4
1580227574 3
1580227575 4
1580227576 4
1580227577 4
1580227578 3
1580227579 3
1580227580 4
1580227581 4
1580227582 3
1580227583 5
1580227584 5
1580227585 3
1580227586 3
1580227587 4
1580227588 3
1580227589 3
1580227590 4
1580227591 4
1580227592 5
1580227593 5
1580227594 3
1580227595 3
1580227596 1
1580227597 2
1580227598 2
1580227599 2
1580227600 4
1580227601 4
1580227602 2
1580227603 2
1580227604 3
1580227605 3
1580227606 2
1580227607 2
1580227608 2
1580227609 2
1580227610 3
1580227611 3
1580227612 4
1580227613 6
1580227614 5
1580227615 6
1580227616 3
1580227617 4
1580227618 4
1580227619 4
1580227620 3
1580227621 2
1580227622 2
1580227623 2
1580227624 2
1580227625 2
1580227626 2
1580227627 2
1580227628 2
1580227629 2
1580227630 3
1580227631 4
1580227632 4
1580227633 3
1580227634 3
1580227635 3
1580227636 3
1580227637 2
1580227638 4
1580227639 4
1580227640 4
1580227641 5
1580227642 5
1580227643 5
1580227644 6
1580227645 5
1580227646 4
1580227647 3
1580227648 4
1580227649 3
1580227650 4
1580227651 4
1580227652 4
1580227653 3
1580227654 3
1580227655 3
1580227656 4
1580227657 5
1580227658 4
1580227659 3
1580227660 3
1580227661 6
1580227662 3
1580227663 3
1580227664 3
1580227665 3
1580227666 2
1580227667 2
1580227668 2
1580227669 2
1580227670 2
1580227671 2
1580227672 3
1580227673 3
1580227674 3
1580227675 3
1580227676 3
1580227677 3
1580227678 2
1580227679 2
1580227680 2
1580227681 2
1580227682 2
1580227683 2
1580227684 4
1580227685 2
1580227686 4
1580227687 4
1580227688 4
1580227689 4
1580227690 2
1580227691 2
1580227692 2
1580227693 3
1580227694 2
1580227695 2
1580227696 2
1580227697 2
1580227698 2
1580227699 3
1580227700 2
1580227701 2
1580227702 2
1580227703 2
1580227704 2
1580227705 2
1580227706 2
1580227707 2
1580227708 2
1580227709 2
1580227710 2
1580227711 2
1580227712 2
1580227713 3
1580227714 2
1580227715 4
1580227716 4
1580227717 4
1580227718 3
1580227719 3
1580227720 2
1580227721 2
1580227722 2
1580227723 2
1580227724 2
1580227725 2
1580227726 2
1580227727 2
1580227728 2
1580227729 2
1580227730 3
1580227731 2
1580227732 2
1580227733 2
1580227734 2
1580227735 2
1580227736 3
1580227737 3
1580227738 2
1580227739 2
1580227740 2
1580227741 2
1580227742 2
1580227743 3
1580227744 2
1580227745 4
1580227746 4
1580227747 4
1580227748 5
1580227749 2
1580227750 2
1580227751 2
1580227752 2
1580227753 2
1580227754 2
1580227755 2
1580227756 3
1580227757 3
1580227758 3
1580227759 4
1580227760 4
1580227761 2
1580227762 2
1580227763 2
1580227764 2
1580227765 2
1580227766 2
1580227767 3
1580227768 3
1580227769 3
1580227770 3
1580227771 4
1580227772 2
1580227773 4
1580227774 4
1580227775 4
1580227776 4
1580227777 4
1580227778 4
1580227779 2
1580227780 2
1580227781 2
1580227782 2
1580227783 2
1580227784 2
1580227785 2
1580227786 2
1580227787 2
1580227788 2
1580227789 2
1580227790 2
1580227791 2
1580227792 2
1580227793 2
1580227794 2
1580227795 4
1580227796 5
1580227797 4
1580227798 4
1580227799 5
1580227800 5
1580227801 5
1580227802 5
1580227803 4
1580227804 4
1580227805 4
1580227806 5
1580227807 5
1580227808 4
1580227809 3
1580227810 2
1580227811 2
1580227812 2
1580227813 2
1580227814 2
1580227815 2
1580227816 2
1580227817 2
1580227818 2
1580227819 2
1580227820 2
1580227821 2
1580227822 2
1580227823 2
1580227824 2
1580227825 3
1580227826 3
1580227827 5
1580227828 4
1580227829 4
1580227830 3
1580227831 3
1580227832 3
1580227833 3
1580227834 4
1580227835 3
1580227836 3
1580227837 2
1580227838 2
1580227839 2
1580227840 2
1580227841 3
1580227842 3
1580227843 3
1580227844 2
1580227845 2
1580227846 2
1580227847 2
1580227848 2
1580227849 2
1580227850 2
1580227851 2
1580227852 2
1580227853 2
1580227854 2
1580227855 5
1580227856 4
1580227857 4
1580227858 4
1580227859 3
1580227860 2
1580227861 2
1580227862 2
1580227863 2
1580227864 2
1580227865 2
1580227866 2
1580227867 2
1580227868 3
1580227869 2
1580227870 2
1580227871 2
1580227872 2
1580227873 2
1580227874 2
1580227875 2
1580227876 2
1580227877 2
1580227878 2
1580227879 2
1580227880 2
1580227881 2
1580227882 2
1580227883 2
1580227884 4
1580227885 3
1580227886 4
1580227887 4
1580227888 4
1580227889 3
1580227890 2
1580227891 2
1580227892 2
1580227893 2
1580227894 2
1580227895 2
1580227896 2
1580227897 2
1580227898 2
1580227899 2
1580227900 2
1580227901 3
1580227902 2
1580227903 2
1580227904 2
1580227905 2
1580227906 2
1580227907 2
1580227908 2
1580227909 2
1580227910 2
1580227911 2
1580227912 2
1580227913 2
1580227914 4
1580227915 4
1580227916 4
1580227917 3
1580227918 3
1580227919 2
1580227920 2
1580227921 2
1580227922 2
1580227923 2
1580227924 2
1580227925 2
1580227926 2
1580227927 3
1580227928 2
1580227929 2
1580227930 3
1580227931 3
1580227932 3
1580227933 2
1580227934 2
1580227935 2
1580227936 2
1580227937 3
1580227938 3
1580227939 3
1580227940 3
1580227941 4
1580227942 5
1580227943 4
1580227944 4
1580227945 4
1580227946 4
1580227947 5
1580227948 5
1580227949 2
1580227950 3
1580227951 3
1580227952 3
1580227953 3
1580227954 3
1580227955 3
1580227956 3
1580227957 4
1580227958 4
1580227959 5
1580227960 6
1580227961 7
1580227962 9
1580227963 8
1580227964 7
1580227965 7
1580227966 5
1580227967 4
1580227968 3
1580227969 3
1580227970 2
1580227971 2
1580227972 3
1580227973 2
1580227974 2
1580227975 2
1580227976 2
1580227977 2
1580227978 2
1580227979 2
1580227980 2
1580227981 2
1580227982 2
1580227983 3
1580227984 4
1580227985 3
1580227986 3
1580227987 4
1580227988 3
1580227989 4
1580227990 4
1580227991 3
1580227992 3
1580227993 2
1580227994 2
1580227995 2
1580227996 2
1580227997 2
1580227998 3
1580227999 3
1580228000 2
1580228001 3
1580228002 2
1580228003 2
1580228004 2
1580228005 2
1580228006 1
1580228007 1
1580228008 1
1580228009 2
1580228010 2
1580228011 1
1580228012 2
1580228015 1
1580228016 2
1580228017 3
1580228018 4
1580228019 2
1580228020 3
1580228021 3
1580228022 4
1580228023 5
1580228024 3
1580228025 4
1580228026 3
1580228027 3
1580228028 3
1580228029 4
1580228030 4
1580228031 4
1580228032 4
1580228033 4
1580228034 4
1580228035 4
1580228036 4
1580228037 4
1580228038 4
1580228039 4
1580228040 4
1580228041 4
1580228042 4
1580228043 4
1580228044 4
1580228045 4
1580228046 4
1580228047 4
1580228048 5
1580228049 5
1580228050 5
1580228051 5
1580228052 3
1580228053 3
1580228054 2
1580228055 2
1580228056 2
1580228057 3
1580228058 3
1580228059 3
1580228060 2
1580228061 2
1580228062 2
1580228063 2
1580228142 2
1580228143 2
1580228144 2
1580228145 3
1580228146 4
1580228147 4
1580228148 3
1580228149 2
1580228150 3
1580228151 2
1580228152 2
1580228153 3
1580228154 3
1580228155 3
1580228156 4
1580228157 4
1580228158 4
1580228159 4
1580228160 3
1580228161 3
1580228162 2
1580228163 3
1580228164 3
1580228165 4
1580228166 3
1580228167 3
1580228168 2
1580228169 2
1580228170 2
1580228171 0
1580228172 1
1580228173 1
1580228174 2
1580228175 2
1580228176 3
1580228177 2
1580228178 2
1580228179 1
1580228180 2
1580228181 3
1580228182 3
1580228183 3
1580228184 3
1580228185 3
1580228186 3
1580228187 3
1580228188 2
1580228189 2
1580228190 2
1580228191 2
1580228192 2
1580228193 2
1580228194 3
1580228195 3
1580228196 4
1580228197 5
1580228198 5
1580228199 4
1580228200 4
1580228201 4
1580228202 4
1580228203 4
1580228204 2
1580228205 2
1580228206 2
1580228207 2
1580228208 2
1580228209 2
1580228210 2
1580228211 2
1580228212 2
1580228213 2
1580228214 3
1580228215 2
1580228216 2
1580228217 2
1580228218 2
1580228219 2
1580228220 2
1580228221 3
1580228222 4
1580228223 4
1580228224 5
1580228225 5
1580228226 5
1580228227 4
1580228228 3
1580228229 3
1580228230 4
1580228231 4
1580228232 5
1580228233 5
1580228234 5
1580228235 4
1580228236 4
1580228237 2
1580228238 5
1580228239 7
1580228240 5
1580228241 4
1580228242 4
1580228243 5
1580228244 3
1580228245 3
1580228246 3
1580228247 3
1580228248 3
1580228249 2
1580228250 2
1580228251 2
1580228252 2
1580228253 2
1580228254 3
1580228255 3
1580228256 3
1580228257 4
1580228258 3
1580228259 3
1580228260 3
1580228261 3
1580228262 2
1580228263 2
1580228264 2
1580228265 2
1580228266 2
1580228267 4
1580228268 4
1580228269 4
1580228270 4
1580228271 3
1580228272 2
1580228273 2
1580228274 2
1580228275 2
1580228276 2
1580228277 2
1580228278 2
1580228279 2
1580228280 3
1580228281 2
1580228282 2
1580228283 2
1580228284 2
1580228285 2
1580228286 2
1580228287 2
1580228288 2
1580228289 2
1580228290 2
1580228291 2
1580228292 2
1580228293 3
1580228294 2
1580228295 4
1580228296 4
1580228297 4
1580228298 4
1580228299 3
1580228300 2
1580228301 2
1580228302 2
1580228303 2
1580228304 2
1580228305 2
1580228306 2
1580228307 2
1580228308 2
1580228309 2
1580228310 2
1580228311 3
1580228312 2
1580228313 2
1580228314 2
1580228315 2
1580228316 2
1580228317 2
1580228318 3
1580228319 2
1580228320 2
1580228321 2
1580228322 2
1580228323 2
1580228324 4
1580228325 2
1580228326 4
1580228327 4
1580228328 4
1580228329 4
1580228330 2
1580228331 2
1580228332 2
1580228333 2
1580228334 2
1580228335 2
1580228336 2
1580228337 2
1580228338 3
1580228339 2
1580228340 2
1580228341 3
1580228342 3
1580228343 2
1580228344 2
1580228345 2
1580228346 2
1580228347 2
1580228348 3
1580228349 3
1580228350 3
1580228351 3
1580228352 4
1580228353 2
1580228354 4
1580228355 4
1580228356 4
1580228357 3
1580228358 3
1580228359 3
1580228360 2
1580228361 3
1580228362 2
1580228363 2
1580228364 2
1580228365 2
1580228366 2
1580228367 2
1580228368 2
1580228369 2
1580228370 2
1580228371 2
1580228372 2
1580228373 2
1580228374 2
1580228375 2
1580228376 4
1580228377 4
1580228378 4
1580228379 5
1580228380 5
1580228381 5
1580228382 5
1580228383 5
1580228384 4
1580228385 4
1580228386 4
1580228387 4
1580228388 4
1580228389 3
1580228390 3
1580228391 2
1580228392 2
1580228393 2
1580228394 2
1580228395 2
1580228396 2
1580228397 2
1580228398 2
1580228399 2
1580228400 2
1580228401 2
1580228402 2
1580228403 2
1580228404 2
1580228405 2
1580228406 3
1580228407 3
1580228408 5
1580228409 4
1580228410 4
1580228411 4
1580228412 4
1580228413 3
1580228414 3
1580228415 3
1580228416 4
1580228417 3
1580228418 2
1580228419 2
1580228420 2
1580228421 2
1580228422 2
1580228423 3
1580228424 3
1580228425 3
1580228426 2
1580228427 2
1580228428 2
1580228429 2
1580228430 2
1580228431 2
1580228432 2
1580228433 2
1580228434 2
1580228435 2
1580228436 5
1580228437 4
1580228438 4
1580228439 4
1580228440 3
1580228441 2
1580228442 2
1580228443 2
1580228444 2
1580228445 2
1580228446 2
1580228447 2
1580228448 2
1580228449 3
1580228450 3
1580228451 2
1580228452 2
1580228453 2
1580228454 2
1580228455 2
1580228456 2
1580228457 2
1580228458 2
1580228459 2
1580228460 2
1580228461 2
1580228462 2
1580228463 2
1580228464 2
1580228465 2
1580228466 2
1580228467 4
1580228468 4
1580228469 4
1580228470 3
1580228471 2
1580228472 2
1580228473 2
1580228474 2
1580228475 2
1580228476 2
1580228477 2
1580228478 2
1580228479 2
1580228480 2
1580228481 2
1580228482 3
1580228483 2
1580228484 2
1580228485 2
1580228486 2
1580228487 2
1580228488 2
1580228489 2
1580228490 2
1580228491 2
1580228492 2
1580228493 2
1580228494 2
1580228495 5
1580228496 4
1580228497 4
1580228498 3
1580228499 2
1580228500 2
1580228501 2
1580228502 2
1580228503 2
1580228504 2
1580228505 2
1580228506 2
1580228507 3
1580228508 2
1580228509 2
1580228510 3
1580228511 3
1580228512 3
1580228513 2
1580228514 2
1580228515 2
1580228516 2
1580228517 3
1580228518 3
1580228519 3
1580228520 3
1580228521 4
1580228522 4
1580228523 4
1580228524 4
1580228525 4
1580228526 4
1580228527 5
1580228528 4
1580228529 2
1580228530 3
1580228531 3
1580228532 4
1580228533 4
1580228534 4
1580228535 3
1580228536 2
1580228537 3
1580228538 3
1580228539 3
1580228540 3
1580228541 5
1580228542 6
1580228543 6
1580228544 5
1580228545 4
1580228546 1
1580228547 3
1580228548 3
1580228549 3
1580228550 2
1580228551 3
1580228552 3
1580228553 2
1580228554 2
1580228555 2
1580228556 2
1580228557 2
1580228558 2
1580228559 2
1580228560 2
1580228561 2
1580228562 3
1580228563 3
1580228564 4
1580228565 5
1580228566 5
1580228567 3
1580228568 3
1580228569 4
1580228570 4
1580228571 3
1580228572 2
1580228573 2
1580228574 2
1580228575 2
1580228576 3
1580228577 4
1580228578 2
1580228579 2
1580228580 3
1580228581 3
1580228582 2
1580228583 2
1580228584 2
1580228585 1
1580228586 1
1580228587 1
1580228588 2
1580228589 2
1580228590 1
1580228591 1
1580228592 1
1580228594 1
1580228595 1
1580228596 2
1580228597 2
1580228598 1
1580228599 2
1580228600 3
1580228601 4
1580228602 5
1580228603 3
1580228604 4
1580228605 3
1580228606 3
1580228607 4
1580228608 5
1580228609 5
1580228610 4
1580228611 5
1580228612 4
1580228613 3
1580228614 2
1580228615 3
1580228616 3
1580228617 3
1580228618 4
1580228619 3
1580228620 2
1580228621 2
1580228622 2
1580228623 2
1580229183 3
1580229184 3
1580229185 2
