1582185027 3.644154908
1582185207 3.664339592
1582185944 3.067391581
1582186264 3.247592112
1582186837 3.163680599
1582187958 3.129377538
1582188118 2.969091337
1582188279 3.125548214
1582188734 3.10707213
1582190758 3.139953961
1582191049 2.814986831
1582191340 3.096765833
1582191636 3.151874331
1582192222 3.032122496
1582192520 3.294202607
1582192808 3.022060329
1582193096 3.245660962
1582193729 3.326686349
1582194058 2.842835529
1582194696 3.139550886
1582194869 3.217060611
1582195029 3.202983454
1582195189 5.766402192
1582195845 3.286113497
1582196323 3.065309716
1582196482 3.207788637
1582196640 3.151797195
1582196960 3.179803682
1582197284 2.876720638
1582197445 8.606904086
1582197621 3.116044
1582197779 3.151229999
1582197937 3.264852162
1582199043 3.115223061
