1571395834 4.283406671
1571396030 4.299990961
1571396227 4.171034282
1571396427 4.006498101
1571396824 3.951203459
1571397053 4.207651313
1571397257 4.085019927
1571397653 4.227208753
1571397871 4.260119454
1571398263 4.345397312
1571398658 4.255796425
1571399049 4.212972
1571399441 4.317381695
1571399837 4.597593862
1571400230 4.023548228
1571400652 4.099096723
1571401051 4.136008558
1571401443 4.131068913
1571404900 4.322298682
1571405100 4.26215987
1571405497 4.046232679
1571405728 4.482029416
1571406823 4.211674219
1571407213 4.117787997
1571407607 4.253387632
1571407995 4.383442015
1571408388 4.160502791
1571408918 4.139836316
1571409149 4.363919597
1571409350 4.284038253
1571409549 4.008351638
1571409765 4.134098778
