1571751968 4.264872522
1571752163 4.21628847
1571752362 4.125014343
1571752567 4.173835398
1571752762 4.10112461
1571752959 3.931030686
1571753156 4.156938436
1571753353 4.294246852
1571753550 4.163174538
1571753746 4.407257539
1571754054 4.288563292
1571755247 4.245462594
1571755811 4.224365825
1571756481 4.192823865
1571756893 3.637205432
1571757341 4.220117154
1571757730 4.126595118
1571758130 4.307208571
1571758520 4.324219883
1571760103 4.362492613
1571760300 4.275058119
1571760502 4.145478446
1571761111 4.056812645
1571761310 4.280221087
1571761505 4.108482183
1571761700 4.185067018
1571761901 4.134572541
1571762135 4.005307049
1571762525 3.26506474
1571762923 4.261035056
1571763311 4.289450609
1571764108 4.308245536
1571764521 3.932193373
1571764913 4.279656474
1571765301 4.226307648
1571765693 4.249694852
1571766270 4.190498628
1571767052 4.426196771
