1571751973 2.664794412
1571752167 2.661293438
1571752366 2.714667905
1571752571 2.829561972
1571752766 2.609943556
1571752963 2.698038716
1571753160 2.644344042
1571753357 2.588944216
1571753555 2.568358294
1571753750 2.567979709
1571754059 2.96473186
1571754456 2.724643249
1571754849 2.70650546
1571755252 2.660251584
1571755816 2.606682508
1571756485 2.498793422
1571756896 2.693218816
1571757345 2.639678269
1571757735 2.581171879
1571758134 2.662505167
1571758524 2.669198123
1571760108 2.780235062
1571760304 2.808120593
1571760506 2.696284496
1571760705 2.714612297
1571760903 2.684429546
1571761115 2.683931573
1571761314 2.641884857
1571761509 2.678736627
1571761704 2.702001065
1571761905 2.507880047
1571762139 2.807618798
1571762529 2.818849392
1571762928 2.606968259
1571763316 2.616610918
1571763707 2.635134342
1571764113 2.776888134
1571764525 2.795896444
1571764917 2.605370736
1571765305 2.562072259
1571765697 2.672729456
1571766274 2.727802425
1571767056 2.554857223
