1572532344 2.606876888
1572532546 2.728108464
1572532751 2.559404919
1572533534 2.062456831
1572533872 2.231509479
1572534226 2.187391445
1572534573 2.148038506
1572534905 2.12911454
1572535253 2.05693717
1572535584 2.179087963
1572535919 2.170864936
1572536251 2.203469323
1572536616 2.033728325
1572537217 2.136164417
1572537871 2.136194133
1572538524 2.032495954
1572539181 2.088965891
1572539833 2.143354879
1572540740 2.132849838
1572541393 2.095102715
1572542042 2.171445338
1572542689 2.175919644
1572543334 2.104269568
1572544466 2.119022823
1572544633 2.192244367
1572544803 2.053242358
1572544977 2.273866726
1572545151 2.07147955
