1575384126 1.707699259
1575384286 2.128123892
1575384769 2.067592806
1575385247 1.923558478
1575385406 1.891365735
1575385570 1.873623156
1575385812 1.977176378
1575386122 2.051136211
1575386839 1.979231638
1575387148 1.449493835
1575387458 1.878187297
1575387768 1.573107456
1575388690 1.832722822
1575390561 1.873069302
1575391128 2.057067064
1575392505 1.825926657
1575393139 1.628093232
1575393702 1.840997171
1575394267 2.037304968
1575394830 1.839908417
1575395393 1.6621407
1575397368 1.733398882
1575397600 4.793683171
1575397957 5.381195725
1575398434 4.877515578
