1573831650 2
1573831651 1
1573831652 4
1573831975 1
1573831976 1
1573831977 2
1573831978 3
1573832291 1
1573832292 1
1573832293 3
1573832458 1
1573832459 2
1573832460 3
1573832610 1
1573832611 1
1573832612 2
1573832613 3
1573832766 3
1573832767 2
1573832768 2
1573832769 4
1573832921 2
1573832922 3
1573832923 3
1573832924 3
1573833119 1
1573833120 1
1573833121 3
1573833122 3
1573833282 1
1573833283 1
1573833284 2
1573833285 3
1573833438 3
1573833439 2
1573833440 3
1573833598 2
1573833599 2
1573833600 3
1573833760 1
1573833761 1
1573833762 3
