1575289711 4.20090553
1575289874 4.791796126
1575290044 4.615909034
1575290227 4.335965273
1575290395 4.363765233
1575290745 3.973100348
1575290903 4.429447941
1575291064 4.10475289
1575291224 4.40226913
1575292901 4.336885924
1575293219 4.368497067
1575293555 4.322821739
1575293893 4.462670662
1575294230 4.408833436
1575294920 4.357035452
1575295690 4.410091194
1575296901 4.426207569
1575297486 4.637064811
1575298070 4.350644026
1575298641 4.2288443
1575299214 4.474891687
1575299791 4.365708247
1575300974 4.434315875
1575301772 4.544475536
