1573741843 3.493676577
1573741961 3.555306288
1573743592 3.567276847
1573743694 3.470296197
1573743793 3.538302609
1573743891 3.600897803
1573743990 3.703730957
1573744087 3.278405692
1573744184 3.411434819
1573744283 3.366042722
1573744378 3.559861055
1573744470 3.522170813
1573744582 3.393972062
1573744675 3.486036746
1573744789 3.330120476
1573744886 3.725884426
1573745023 3.502371644
1573745304 3.580477878
1573745407 3.250094174
1573745504 3.587965913
1573745604 3.4832648
1573745703 2.510853566
1573745805 3.22659286
1573745904 3.439826486
1573745999 3.236785865
1573746100 3.514754687
1573746199 2.533292671
1573746300 3.458682886
1573746401 3.403296258
1573746498 3.299671023
1573746593 3.499586579
1573748914 3.533541127
1573749010 3.411978752
1573749111 3.539133501
1573749223 3.423639096
1573749316 3.572595403
1573749449 3.582720093
1573749555 3.353116303
1573749654 3.476872184
1573749850 3.474574161
1573752446 3.58681719
1573752704 3.465886944
1573752863 3.534409354
1573753021 3.555780172
1573753179 3.593607384
1573753333 3.429821871
1573753492 3.577663944
1573753646 3.448261891
1573753808 3.331051781
1573754628 3.329320584
1573754787 3.500190008
1573754948 3.672974041
1573755116 3.427996205
1573755275 3.491109947
1573755434 3.551341605
1573755591 3.191701464
1573755749 3.375611811
1573755907 2.959207781
1573756064 3.340748096
