1574707134 0 
1574707135 0 
1574707136 0 
1574707137 0 
1574707138 0 
1574707139 0 
1574707140 0 
1569850047 1 
1569850048 0 
1569850049 0 
1569850050 0 
1569850051 0 
1569850052 1 
1569850808 1 
1569850809 1 
1569850810 1 
1569850811 1 
1569850812 1 
1569850813 0 
1569850814 1 
1569851065 1 
1569851066 1 
1569851067 0 
1569851068 0 
1569851069 0 
1569851070 1 
1569851270 1 
1569851271 1 
1569851272 2 
1569851273 1 
1569851274 2 
1569851275 0 
1569851276 0 
1569851620 1 
1569851621 1 
1569851622 1 
1569851623 1 
1569851624 1 
1569851625 1 
1569851833 1 
1569851834 1 
1569851835 1 
1569851836 1 
1569851837 1 
1569851838 1 
1569852062 1 
1569852063 1 
1569852064 2 
1569852065 1 
1569852066 1 
1569852067 2 
1569852286 1 
1569852287 2 
1569852288 1 
1569852289 1 
1569852290 1 
1569852291 1 
1569852292 2 
1569852523 1 
1569852524 1 
1569852525 1 
1569852526 1 
1569852527 1 
1569852528 2 
1569853142 1 
1569853143 2 
1569853144 1 
1569853145 1 
1569853146 1 
1569853147 2 
1569853148 2 
1569853149 2 
1569853150 2 
1569853151 2 
1569853152 2 
1569853153 2 
1569853154 2 
1569853155 2 
1569853156 2 
1569853157 2 
1569853158 2 
1569853159 2 
1569853160 2 
1569853161 2 
1569853162 2 
1569853163 2 
1569853164 2 
1569853165 2 
1569853166 1 
1569853167 1 
1569853451 1 
1569853452 1 
1569853453 2 
1569853454 2 
1569853455 1 
1569853456 1 