1569855274 2
1569855275 2
1569855276 2
1569855277 2
1569855278 2
1569855279 1
1569855280 1
1569855281 2
1569855282 1
1569855283 2
1569855284 1
1569855285 1
1569855286 1
1569855287 1
1569855288 2
1569855289 2
1569855290 3
1569855291 3
1569855292 3
1569855293 4
1569855294 5
1569855295 5
1569855296 4
1569855297 5
1569855298 4
1569855299 3
1569855300 3
1569855301 3
1569855302 3
1569855303 3
1569855304 2
1569855305 2
1569855306 2
1569855307 2
1569855308 2
1569855309 2
1569855310 3
1569855311 3
1569855312 3
1569855313 2
1569855314 2
1569855315 2
1569855316 2
1569855317 3
1569855318 3
1569855319 3
1569855320 3
1569855321 3
1569855322 3
1569855323 3
1569855324 3
1569855325 3
1569855326 3
1569855327 4
1569855328 4
1569855329 3
1569855330 3
1569855331 3
1569855332 2
1569855333 4
1569855334 3
1569855335 3
1569855336 3
1569855337 3
1569855338 2
1569855339 2
1569855340 2
1569855341 2
1569855342 3
1569855343 2
1569855344 3
1569855345 3
1569855346 3
1569855347 3
1569855348 3
1569855349 4
1569855350 6
1569855351 6
1569855352 6
1569855353 7
1569855354 6
1569855355 6
1569855356 6
1569855357 6
1569855358 4
1569855359 5
1569855360 6
1569855361 5
1569855362 4
1569855363 3
1569855364 2
1569855365 2
1569855366 3
1569855367 3
1569855368 4
1569855369 4
1569855370 4
1569855371 3
1569855372 1
1569855373 1
1569855374 1
1569855375 1
1569855376 1
1569855377 1
1569855378 1
1569855379 3
1569855380 3
1569855381 2
1569855382 3
1569855383 3
1569855384 3
1569855385 3
1569855386 2
1569855387 2
1569855388 2
1569855389 3
1569855390 2
1569855391 2
1569855392 2
1569855393 2
1569855394 3
1569855395 3
1569855396 2
1569855397 2
1569855398 2
1569855399 2
1569855400 3
1569855401 3
1569855402 3
1569855403 3
1569855404 2
1569855405 2
1569855406 2
1569855407 2
1569855408 2
1569855409 2
1569855410 3
1569855411 4
1569855412 3
1569855413 3
1569855414 3
1569855415 3
1569855416 3
1569855417 2
1569855418 3
1569855419 3
1569855420 3
1569855421 2
1569855422 1
1569855423 1
1569855424 1
1569855425 1
1569855426 1
1569855427 1
1569855428 1
1569855429 1
1569855430 2
1569855431 2
1569855432 2
1569855433 2
1569855434 2
1569855435 2
1569855436 3
1569855437 4
1569855438 3
1569855439 4
1569855440 4
1569855441 4
1569855442 4
1569855443 2
1569855444 2
