1574710659 0 
1574710660 0 
1574710661 0 
1574710662 0 
1574710663 0 
1574710664 0 
1574708743 0 
1574708744 0 
1574708745 0 
1574708746 0 
1574708747 0 
1574708748 0 
1569853611 0 
1569853612 1 
1569853613 1 
1569853614 2 
1569853615 3 
1569853616 2 
1569853617 0 
1569853618 0 
1569854252 0 
1569854253 1 
1569854254 1 
1569854255 3 
1569854256 0 
1569854257 1 
1569854258 2 
1569854259 1 
1569855225 0 
1569855226 1 
1569855227 0 
1569855228 2 
1569855229 0 
1569855230 0 
1569855231 1 
1569855232 0 
1569855658 0 
1569855659 0 
1569855660 2 
1569855661 2 
1569855662 3 
1569855663 1 
1569855664 0 
1569855665 0 
1570448802 0 
1570448803 1 
1570448804 1 
1570448805 2 
1570448806 0 
1570448807 1 
1570448808 0 
1570448809 0 
1570449274 0 
1570449275 1 
1570449276 2 
1570449277 2 
1570449278 0 
1570449279 0 
1570449280 0 
1570449281 1 
1570449282 1 
1570449283 1 
1570449284 0 
1570449285 0 
1570449286 0 
1570449287 0 
1570449288 0 
1570449289 0 
1570449290 0 
1570449291 0 
1570449292 0 
1570449293 0 
1570449294 0 
1570449295 0 
1570449296 1 
1570449297 1 
1570449298 1 
1570449299 0 
1570449300 0 
1570449301 0 
1570449302 0 
1570449303 0 
1570449304 0 
1570449305 1 
1570449306 0 
1570449307 0 
1570449308 0 
1570449309 0 
1570449310 0 
1570449311 0 
1570449312 0 
1570449313 0 
1570449314 0 
1570449315 0 
1570449316 0 
1570449317 0 
1570449318 0 
1570449319 0 
1570449320 0 
1570449321 0 
1570449322 0 
1570449323 0 
1570449324 0 
1570449325 0 
1570449326 0 
1570449327 0 
1570449328 0 
1570449329 0 
1570449330 0 
1570449331 0 
1570449332 0 
1570449333 0 
1570449334 0 
1570449335 0 
1570449336 0 
1570449337 0 
1570449338 0 
1570449339 0 
1570449340 0 
1570449341 0 
1570449342 0 
1570449343 0 
1570449344 0 
1570449345 0 
1570449346 0 
1570449347 0 
1570449348 0 
1570449349 0 
1570449350 0 
1570449351 0 
1570449352 0 
1570449353 0 
1570449354 0 
1570449355 0 
1570449356 0 
1570449357 0 
1570449358 0 
1570449359 0 
1570449360 0 
1570449361 1 
1570449362 1 
1570449363 1 
1570449364 2 
1570449365 2 
1570449366 2 
1570449367 2 
1570449368 0 
1570449369 0 
1570449370 0 
1570449371 0 
1570449372 0 
1570449373 0 
1570449374 0 
1570449375 0 
1570449376 0 
1570449377 0 
1570449378 0 
1570449379 0 
1570449380 0 
1570449381 0 
1570449382 0 
1570449383 0 
1570449384 0 
1570449385 0 
1570449386 0 
1570449387 0 
1570449388 0 
1570449389 0 
1570449390 0 
1570449391 0 
1570449392 0 
1570449393 0 
1570449394 0 
1570449395 0 
1570449396 0 
1570449397 1 
1570449398 1 
1570449399 1 
1570449400 1 
1570449401 0 
1570449402 0 
1570449403 0 
1570449404 0 
1570449405 0 
1570449406 0 
1570449407 0 
1570449408 0 
1570449409 0 
1570449410 0 
1570449411 0 
1570449412 1 
1570449413 1 
1570449414 1 
1570449415 1 
1570449416 1 
1570449417 1 
1570449418 0 
1570449419 1 
1570449420 2 
1570449421 2 
1570449422 2 
1570449423 3 
1570449424 2 
1570449425 3 
1570449426 3 
1570449427 3 
1570449428 4 
1570449429 2 
1570449430 1 
1570449431 2 
1570449432 1 
1570449433 1 
1570449434 1 
1570449435 1 
1570449436 1 
1570449437 2 
1570449438 2 
1570449439 1 
1570449440 0 
1570449441 0 
1570449442 0 
1570449443 0 
1570449444 0 
1570449445 0 
1570449446 0 
1570449447 0 
1570449448 0 
1570449449 2 
1570449450 2 
1570449451 3 
1570449452 2 
1570449453 1 
1570449454 1 
1570449455 1 
1570449456 0 
1570449457 0 
1570449458 0 
1570449459 0 
1570449460 0 
1570449461 0 
1570449462 0 
1570449463 0 
1570449464 1 
1570449465 1 
1570449466 0 
1570449467 0 
1570449468 0 
1570449469 1 
1570449470 0 
1570449471 0 
1570449472 0 
1570449473 0 
1570449474 0 
1570449475 0 
1570449476 0 
1570449477 0 
1570449478 0 
1570449479 1 
1570449480 0 
1570449481 0 
1570449482 0 
1570449483 0 
1570449484 1 
1570449485 0 
1570449486 0 
1570449487 0 
1570449488 0 
1570449489 0 
1570449490 0 
1570449491 0 
1570449492 0 
1570449493 0 
1570449494 0 
1570449495 0 
1570449496 0 
1570449497 0 
1570449498 0 
1570449499 0 
1570449500 0 
1570449501 0 
1570449502 0 
1570449503 0 
1570449504 0 
1570449505 0 
1570449506 0 
1570449507 0 
1570449508 0 
1570449509 0 
1570449510 0 
1570449511 0 
1570449512 0 
1570449513 0 
1570449514 0 
1570449515 0 
1570449516 0 
1570449517 0 
1570449518 0 
1570449519 0 
1570449520 0 
1570449521 0 
1570449522 0 
1570449523 1 
1570449524 1 
1570449525 1 
1570449526 1 
1570449527 2 
1570449528 1 
1570449529 1 
1570449530 0 
1570449531 0 
1570449532 0 
1570449533 0 
1570449534 0 
1570449535 0 
1570449536 0 
1570449537 1 
1571324485 0 
1571324486 1 
1571324487 1 
1571324488 2 
1571324489 2 
1571324490 1 
1571324491 1 
1571324492 0 
1571398708 2 
1571398709 1 
1571398710 1 
1571398711 1 
1571398712 0 
1571398713 0 
1571398714 0 
1571401100 1 
1571401101 1 
1571401102 1 
1571401103 2 
1571401104 1 
1571401105 1 
1571401106 2 
1571401107 1 
1571407656 0 
1571407657 3 
1571407658 1 
1571407659 1 
1571407660 1 
1571407661 1 
1571407662 1 
1571407663 0 
1571408438 1 
1571408439 0 
1571408440 1 
1571408441 1 
1571408442 0 
1571408443 1 
1571408444 2 
1571665930 1 
1571665931 1 
1571665932 1 
1571665933 1 
1571665934 1 
1571665935 1 
1571665936 0 
1571665937 0 
1571665938 2 
1571665939 1 
1571665940 0 
1571665941 0 
1571665942 0 
1571665943 0 
1571665944 0 
1571665945 0 
1571665946 0 
1571665947 0 
1571665948 0 
1571665949 0 
1571665950 0 
1571665951 0 
1571665952 0 
1571665953 0 
1571665954 0 
1571665955 0 
1571665956 0 
1571665957 0 
1571665958 0 
1571665959 0 
1571665960 0 
1571665961 0 
1571665962 0 
1571665963 0 
1571665964 0 
1571665965 0 
1571665966 0 
1571665967 0 
1571665968 0 
1571665969 0 
1571665970 0 
1571665971 0 
1571665972 0 
1571665973 0 
1571665974 0 
1571665975 1 
1571665976 0 
1571665977 0 
1571665978 1 
1571665979 1 
1571665980 0 
1571665981 0 
1571665982 0 
1571665983 0 
1571665984 0 
1571665985 0 
1571665986 0 
1571665987 0 
1571665988 1 
1571665989 1 
1571665990 1 
1571665991 3 
1571665992 3 
1571665993 2 
1571665994 2 
1571665995 1 
1571665996 0 
1571665997 0 
1571665998 0 
1571665999 0 
1571666000 0 
1571666001 0 
1571666002 0 
1571666003 0 
1571666004 0 
1571666005 0 
1571666006 0 
1571666007 0 
1571666008 0 
1571666009 0 
1571666010 0 
1571666011 0 
1571666012 0 
1571666013 0 
1571666014 0 
1571666015 0 
1571666016 0 
1571666017 0 
1571666018 0 
1571666019 0 
1571666020 0 
1571666021 0 
1571666022 0 
1571666023 1 
1571666024 1 
1571666025 1 
1571666026 1 
1571666027 2 
1571666028 1 
1571666029 0 
1571666030 0 
1571666031 0 
1571666032 0 
1571666033 0 
1571666034 0 
1571666035 0 
1571666036 0 
1571666037 0 
1571666038 0 
1571666039 0 
1571666040 0 
1571666041 0 
1571666042 0 
1571666043 0 
1571666044 0 
1571666045 2 
1571666046 3 
1571666047 3 
1571666048 2 
1571666049 1 
1571666050 1 
1571666051 1 
1571666052 2 
1571666053 1 
1571666054 1 
1571666055 2 
1571666056 2 
1571666057 2 
1571666058 0 
1571666059 0 
1571666060 0 
1571666061 0 
1571666062 0 
1571666063 0 
1571666064 0 
1571666065 0 
1571666066 0 
1571666067 0 
1571666068 0 
1571666069 0 
1571666070 0 
1571666071 0 
1571666072 0 
1571666073 0 
1571666074 0 
1571666075 0 
1571666076 1 
1571666077 2 
1571666078 1 
1571666079 0 
1571666080 0 
1571666081 0 
1571666082 0 
1571666083 1 
1571666084 0 
1571666085 0 
1571666086 0 
1571666087 0 
1571666088 1 
1571666089 0 
1571666090 0 
1571666091 0 
1571666092 0 
1571666093 0 
1571666094 1 
1571666095 0 
1571666096 0 
1571666097 0 
1571666098 0 
1571666099 0 
1571666100 0 
1571666101 0 
1571666102 0 
1571666103 0 
1571666104 0 
1571666105 0 
1571666106 0 
1571666107 0 
1571666108 0 
1571666109 0 
1571666110 0 
1571666111 2 
1571666112 1 
1571666113 1 
1571666114 0 
1571666115 0 
1571666116 0 
1571666117 0 
1571666118 0 
1571666119 0 
1571666120 0 
1571666121 0 
1571666122 0 
1571666123 0 
1571666124 0 
1571666125 0 
1571666126 0 
1571666127 0 
1571666128 0 
1571666129 0 
1571666130 0 
1571666131 0 
1571666132 0 
1571666133 0 
1571666134 0 
1571666135 0 
1571666136 0 
1571666137 0 
1571666138 0 
1571666139 0 
1571666140 0 
1571666141 0 
1571666142 0 
1571666143 0 
1571666144 0 
1571666145 0 
1571666146 0 
1571666147 0 
1571666148 0 
1571666149 0 
1571666150 0 
1571666151 0 
1571666152 0 
1571666153 0 
1571666154 0 
1571666155 0 
1571666156 0 
1571666157 1 
1571666158 1 
1571666159 2 
1571669193 0 
1571669194 1 
1571669195 1 
1571669196 3 
1571669197 1 
1571669198 1 
1571669199 2 
1571669200 0 
1571669593 1 
1571669594 1 
1571669595 2 
1571669596 3 
1571669597 2 
1571669598 0 
1571669599 0 
1571669600 1 
1571669601 1 
1571669602 1 
1571669603 0 
1571669604 0 
1571669605 0 
1571669606 0 
1571669607 0 
1571669608 0 
1571669609 0 
1571669610 0 
1571669611 0 
1571669612 0 
1571669613 0 
1571669614 0 
1571669615 0 
1571669616 0 
1571669617 0 
1571669618 0 
1571669619 0 
1571669620 0 
1571669621 0 
1571669622 0 
1571669623 0 
1571669624 0 
1571669625 0 
1571669626 0 
1571669627 0 
1571669628 0 
1571669629 0 
1571669630 0 
1571669631 0 
1571669632 0 
1571669633 0 
1571669634 0 
1571669635 0 
1571669636 0 
1571669637 0 
1571669638 0 
1571669639 0 
1571669640 0 
1571669641 0 
1571669642 0 
1571669643 0 
1571669644 0 
1571669645 0 
1571669646 0 
1571669647 0 
1571669648 0 
1571669649 0 
1571669650 0 
1571669651 0 
1571669652 2 
1571669653 2 
1571669654 0 
1571669655 0 
1571669656 0 
1571669657 0 
1571669658 0 
1571669659 0 
1571669660 0 
1571669661 1 
1571669662 0 
1571669663 0 
1571669664 0 
1571669665 0 
1571669666 0 
1571669667 0 
1571669668 0 
1571669669 0 
1571669670 0 
1571669671 0 
1571669672 0 
1571669673 0 
1571669674 0 
1571669675 0 
1571669676 0 
1571669677 0 
1571669678 0 
1571669679 0 
1571669680 0 
1571669681 0 
1571669682 0 
1571669683 0 
1571669684 0 
1571669685 0 
1571669686 0 
1571669687 0 
1571669688 0 
1571669689 0 
1571669690 0 
1571669691 0 
1571669692 0 
1571669693 0 
1571669694 0 
1571669695 0 
1571669696 0 
1571669697 0 
1571669698 0 
1571669699 0 
1571669700 0 
1571669701 0 
1571669702 0 
1571669703 0 
1571669704 0 
1571669705 0 
1571669706 0 
1571669707 2 
1571669708 2 
1571669709 2 
1571669710 3 
1571669711 2 
1571669712 2 
1571669713 2 
1571669714 5 
1571669715 5 
1571669716 4 
1571669717 3 
1571669718 2 
1571669719 2 
1571669720 2 
1571669721 1 
1571669722 0 
1571669723 1 
1571669724 0 
1571669725 0 
1571669726 0 
1571669727 0 
1571669728 0 
1571669729 0 
1571669730 0 
1571669731 0 
1571669732 0 
1571669733 0 
1571669734 0 
1571669735 0 
1571669736 0 
1571669737 0 
1571669738 1 
1571669739 2 
1571669740 1 
1571669741 1 
1571669742 0 
1571669743 0 
1571669744 0 
1571669745 0 
1571669746 0 
1571669747 0 
1571669748 0 
1571669749 0 
1571669750 0 
1571669751 0 
1571669752 0 
1571669753 0 
1571669754 0 
1571669755 0 
1571669756 0 
1571669757 0 
1571669758 0 
1571669759 0 
1571669760 0 
1571669761 0 
1571669762 0 
1571669763 0 
1571669764 0 
1571669765 0 
1571669766 0 
1571669767 0 
1571669768 0 
1571669769 0 
1571669770 0 
1571669771 2 
1571669772 2 
1571669773 2 
1571669774 2 
1571669775 2 
1571669776 2 
1571669777 1 
1571669778 0 
1571669779 0 
1571669780 0 
1571669781 0 
1571669782 0 
1571669783 0 
1571669784 0 
1571669785 0 
1571669786 0 
1571669787 0 
1571669788 0 
1571669789 0 
1571669790 0 
1571669791 0 
1571669792 0 
1571669793 0 
1571669794 0 
1571669795 0 
1571669796 0 
1571669797 0 
1571669798 0 
1571669799 0 
1571669800 0 
1571669801 0 
1571669802 0 
1571669803 0 
1571669804 0 
1571669805 0 
1571669806 0 
1571669807 0 
1571669808 0 
1571669809 0 
1571669810 0 
1571669811 0 
1571669812 0 
1571669813 0 
1571669814 0 
1571669815 0 
1571669816 0 
1571669817 0 
1571669818 0 
1571669819 0 
1571669820 0 
1571669821 0 
1571669822 0 
1571669823 0 
1571669824 0 
1571754894 0 
1571754895 1 
1571754896 2 
1571754897 3 
1571754898 1 
1571754899 0 
1571754900 0 
1571754901 1 
1571754902 1 
1571754903 1 
1571754904 1 
1571754905 1 
1571756530 0 
1571756531 1 
1571756532 2 
1571756533 2 
1571756534 0 
1571756535 0 
1571756536 0 
1571756537 0 
1571756538 1 
1571756539 1 
1571756540 2 
1571756541 0 
1571756542 0 
1571756543 0 
1571756544 0 
1571756545 0 
1571756546 0 
1571756547 0 
1571756548 0 
1571756549 0 
1571756550 0 
1571756551 0 
1571756552 0 
1571756553 0 
1571756554 0 
1571756555 0 
1571756556 0 
1571756557 1 
1571756558 1 
1571756559 0 
1571756560 0 
1571756561 0 
1571756562 0 
1571756563 0 
1571756564 0 
1571756565 0 
1571756566 0 
1571756567 0 
1571756568 0 
1571756569 0 
1571756570 0 
1571756571 0 
1571756572 0 
1571756573 0 
1571756574 0 
1571756575 0 
1571756576 0 
1571756577 0 
1571756578 0 
1571756579 0 
1571756580 0 
1571756581 0 
1571756582 0 
1571756583 0 
1571756584 0 
1571756585 0 
1571756586 0 
1571756587 0 
1571756588 0 
1571756589 1 
1571756590 1 
1571756591 3 
1571756592 0 
1571756593 0 
1571756594 0 
1571756595 0 
1571756596 0 
1571756597 0 
1571756598 0 
1571756599 0 
1571756600 0 
1571756601 0 
1571756602 0 
1571756603 0 
1571756604 0 
1571756605 0 
1571756606 0 
1571756607 0 
1571756608 0 
1571756609 0 
1571756610 0 
1571756611 0 
1571756612 0 
1571756613 0 
1571756614 0 
1571756615 0 
1571756616 0 
1571756617 0 
1571756618 0 
1571756619 0 
1571756620 0 
1571756621 0 
1571756622 1 
1571756623 0 
1571756624 0 
1571756625 0 
1571756626 0 
1571756627 0 
1571756628 0 
1571756629 0 
1571756630 0 
1571756631 0 
1571756632 0 
1571756633 0 
1571756634 0 
1571756635 0 
1571756636 0 
1571756637 0 
1571756638 0 
1571756639 0 
1571756640 0 
1571756641 0 
1571756642 0 
1571756643 1 
1571756644 2 
1571756645 2 
1571756646 2 
1571756647 3 
1571756648 2 
1571756649 2 
1571756650 2 
1571756651 3 
1571756652 3 
1571756653 3 
1571756654 3 
1571756655 2 
1571756656 0 
1571756657 0 
1571756658 0 
1571756659 0 
1571756660 0 
1571756661 0 
1571756662 0 
1571756663 0 
1571756664 0 
1571756665 0 
1571756666 0 
1571756667 0 
1571756668 0 
1571756669 0 
1571756670 1 
1571756671 1 
1571756672 1 
1571756673 2 
1571756674 2 
1571756675 3 
1571756676 2 
1571756677 2 
1571756678 0 
1571756679 0 
1571756680 0 
1571756681 0 
1571756682 0 
1571756683 0 
1571756684 0 
1571756685 0 
1571756686 0 
1571756687 0 
1571756688 0 
1571756689 0 
1571756690 0 
1571756691 0 
1571756692 0 
1571756693 0 
1571756694 0 
1571756695 0 
1571756696 0 
1571756697 0 
1571756698 0 
1571756699 0 
1571756700 0 
1571756701 0 
1571756702 1 
1571756703 2 
1571756704 3 
1571756705 1 
1571756706 0 
1571756707 0 
1571756708 2 
1571756709 3 
1571756710 3 
1571756711 3 
1571756712 3 
1571756713 3 
1571756714 3 
1571756715 4 
1571756716 3 
1571756717 1 
1571756718 2 
1571756719 2 
1571756720 0 
1571756721 0 
1571756722 0 
1571756723 0 
1571756724 1 
1571756725 0 
1571756726 0 
1571756727 0 
1571756728 1 
1571756729 0 
1571756730 0 
1571756731 0 
1571756732 0 
1571756733 0 
1571756734 0 
1571756735 0 
1571756736 0 
1571756737 0 
1571756738 0 
1571756739 0 
1571756740 0 
1571756741 0 
1571756742 0 
1571756743 0 
1571756744 1 
1571756745 0 
1571756746 0 
1571756747 0 
1571756748 0 
1571756749 0 
1571756750 0 
1571756751 0 
1571756752 0 
1571756753 0 
1571756754 0 
1571756755 0 
1571756756 0 
1571756757 0 
1571756758 0 
1571756759 0 
1571756760 0 
1571756761 0 
1571756762 0 
1571756763 0 
1571756764 1 
1571756942 1 
1571756943 1 
1571756944 2 
1571756945 0 
1571756946 1 
1571756947 2 
1571756948 2 
1571756949 4 
1571756950 2 
1571756951 3 
1571756952 2 
1571756953 3 
1571756954 2 
1571756955 4 
1571756956 4 
1571756957 3 
1571756958 3 
1571762184 0 
1571762185 1 
1571762186 1 
1571762187 2 
1571762188 2 
1571762189 1 
1571762190 0 
1571762191 0 
1571762580 1 
1571762581 1 
1571762582 2 
1571762583 2 
1571762584 1 
1571762585 1 
1571762586 0 
1571764160 0 
1571764161 1 
1571764162 2 
1571764163 4 
1571764164 3 
1571764165 0 
1571764166 1 
1571764167 1 
1571764570 2 
1571764571 1 
1571764572 1 
1571764573 3 
1571764574 2 
1571764575 1 
1571764576 0 
1571764577 0 
1571764963 1 
1571764964 1 
1571764965 2 
1571764966 2 
1571764967 0 
1571764968 0 
1571764969 0 
1571764970 1 
1571764971 1 
1571764972 0 
1571764973 0 
1571764974 0 
1571764975 0 
1571764976 0 
1571764977 0 
1571764978 0 
1571764979 0 
1571764980 0 
1571764981 0 
1571764982 0 
1571764983 0 
1571764984 0 
1571764985 0 
1571764986 0 
1571764987 0 
1571764988 0 
1571764989 1 
1571764990 1 
1571764991 1 
1571764992 1 
1571764993 0 
1571764994 0 
1571764995 0 
1571764996 0 
1571764997 0 
1571764998 0 
1571764999 0 
1571765000 0 
1571765001 0 
1571765002 0 
1571765003 0 
1571765004 0 
1571765005 0 
1571765006 0 
1571765007 0 
1571765008 0 
1571765009 0 
1571765010 1 
1571765011 1 
1571765012 0 
1571765013 0 
1571765014 0 
1571765015 0 
1571765016 0 
1571765017 0 
1571765018 0 
1571765019 0 
1571765020 0 
1571765021 0 
1571765022 0 
1571765023 0 
1571765024 0 
1571765025 0 
1571765026 0 
1571765027 0 
1571765028 0 
1571765029 0 
1571765030 0 
1571765031 0 
1571765032 0 
1571765033 0 
1571765034 0 
1571765035 0 
1571765036 0 
1571765037 0 
1571765038 0 
1571765039 0 
1571765040 0 
1571765041 0 
1571765042 0 
1571765043 0 
1571765044 0 
1571765045 0 
1571765046 0 
1571765047 0 
1571765048 0 
1571765049 0 
1571765050 0 
1571765051 0 
1571765052 0 
1571765053 0 
1571765054 0 
1571765055 0 
1571765056 0 
1571765057 0 
1571765058 0 
1571765059 0 
1571765060 0 
1571765061 0 
1571765062 0 
1571765063 0 
1571765064 0 
1571765065 0 
1571765066 0 
1571765067 0 
1571765068 0 
1571765069 0 
1571765070 0 
1571765071 0 
1571765072 0 
1571765073 0 
1571765074 0 
1571765075 0 
1571765076 1 
1571765077 0 
1571765078 0 
1571765079 1 
1571765080 0 
1571765081 0 
1571765082 0 
1571765083 2 
1571765084 2 
1571765085 1 
1571765086 1 
1571765087 1 
1571765088 1 
1571765089 0 
1571765090 0 
1571765091 0 
1571765092 0 
1571765093 0 
1571765094 0 
1571765095 0 
1571765096 0 
1571765097 0 
1571765098 0 
1571765099 0 
1571765100 0 
1571765101 0 
1571765102 0 
1571765103 0 
1571765104 0 
1571765105 0 
1571765106 0 
1571765107 0 
1571765108 0 
1571765109 0 
1571765110 0 
1571765111 0 
1571765112 0 
1571765113 0 
1571765114 0 
1571765115 0 
1571765116 0 
1571765117 0 
1571765118 0 
1571765119 0 
1571765120 0 
1571765121 0 
1571765122 0 
1571765123 0 
1571765124 0 
1571765125 0 
1571765126 0 
1571765127 0 
1571765128 0 
1571765129 0 
1571765130 0 
1571765131 0 
1571765132 0 
1571765133 0 
1571765134 0 
1571765135 0 
1571765136 0 
1571765137 0 
1571765138 0 
1571765139 0 
1571765140 0 
1571765141 0 
1571765142 1 
1571765143 1 
1571765144 0 
1571765145 0 
1571765146 0 
1571765147 1 
1571765148 0 
1571765149 0 
1571765150 0 
1571765151 0 
1571765152 1 
1571765153 1 
1571765154 2 
1571765155 0 
1571765156 0 
1571765157 0 
1571765158 0 
1571765159 1 
1571765160 0 
1571765161 0 
1571765162 0 
1571765163 0 
1571765164 0 
1571765165 0 
1571765166 0 
1571765167 0 
1571765168 0 
1571765169 0 
1571765170 0 
1571765171 1 
1571765172 0 
1571765173 0 
1571765174 0 
1571765175 0 
1571765176 0 
1571765177 1 
1571765178 0 
1571765179 0 
1571765180 0 
1571765181 0 
1571765182 0 
1571765183 0 
1571765184 0 
1571765185 0 
1571765186 0 
1571765187 0 
1571765188 0 
1571765189 1 
1571765190 0 
1572007460 1 
1572007461 1 
1572007462 1 
1572007463 3 
1572007464 2 
1572007465 0 
1572007466 0 
1572009160 0 
1572009161 1 
1572009162 1 
1572009163 3 
1572009164 0 
1572009165 1 
1572009166 1 
1572009167 0 
1572013683 0 
1572013684 1 
1572013685 1 
1572013686 3 
1572013687 1 
1572013688 0 
1572013689 0 
1572013690 0 
1572013691 1 
1572013692 1 
1572013693 1 
1572013694 0 
1572013695 0 
1572013696 0 
1572013697 0 
1572013698 0 
1572013699 0 
1572013700 0 
1572013701 0 
1572013702 0 
1572013703 0 
1572013704 0 
1572013705 0 
1572013706 0 
1572013707 0 
1572013708 0 
1572013709 0 
1572013710 0 
1572013711 0 
1572013712 0 
1572013713 0 
1572013714 0 
1572013715 0 
1572013716 0 
1572013717 0 
1572013718 0 
1572013719 0 
1572013720 0 
1572013721 0 
1572013722 0 
1572013723 0 
1572013724 0 
1572013725 0 
1572013726 0 
1572013727 0 
1572013728 0 
1572013729 0 
1572013730 0 
1572013731 0 
1572013732 0 
1572013733 0 
1572013734 0 
1572013735 0 
1572013736 0 
1572013737 0 
1572013738 0 
1572013739 0 
1572013740 0 
1572013741 0 
1572013742 0 
1572013743 2 
1572013744 3 
1572013745 1 
1572013746 1 
1572013747 0 
1572013748 0 
1572013749 0 
1572013750 0 
1572013751 0 
1572013752 0 
1572013753 0 
1572013754 0 
1572013755 0 
1572013756 0 
1572013757 0 
1572013758 0 
1572013759 0 
1572013760 0 
1572013761 0 
1572013762 0 
1572013763 0 
1572013764 0 
1572013765 0 
1572013766 0 
1572013767 0 
1572013768 0 
1572013769 0 
1572013770 0 
1572013771 0 
1572013772 0 
1572013773 0 
1572013774 0 
1572013775 0 
1572013776 1 
1572013777 2 
1572013778 1 
1572013779 0 
1572013780 1 
1572013781 2 
1572013782 2 
1572013783 0 
1572013784 0 
1572013785 0 
1572013786 0 
1572013787 0 
1572013788 0 
1572013789 0 
1572013790 1 
1572013791 1 
1572013792 0 
1572013793 0 
1572013794 0 
1572013795 0 
1572013796 0 
1572013797 2 
1572013798 2 
1572013799 2 
1572013800 2 
1572013801 2 
1572013802 1 
1572013803 2 
1572013804 2 
1572013805 2 
1572013806 3 
1572013807 3 
1572013808 1 
1572013809 1 
1572013810 3 
1572013811 0 
1572013812 0 
1572013813 0 
1572013814 1 
1572013815 1 
1572013816 1 
1572013817 1 
1572013818 0 
1572013819 0 
1572013820 0 
1572013821 0 
1572013822 0 
1572013823 0 
1572013824 0 
1572013825 0 
1572013826 0 
1572013827 0 
1572013828 0 
1572013829 1 
1572013830 0 
1572013831 0 
1572013832 0 
1572013833 0 
1572013834 0 
1572013835 0 
1572013836 0 
1572013837 1 
1572013838 1 
1572013839 1 
1572013840 0 
1572013841 0 
1572013842 1 
1572013843 1 
1572013844 0 
1572013845 0 
1572013846 1 
1572013847 0 
1572013848 1 
1572013849 0 
1572013850 0 
1572013851 0 
1572013852 0 
1572013853 0 
1572013854 0 
1572013855 0 
1572013856 0 
1572013857 1 
1572013858 0 
1572013859 1 
1572013860 2 
1572013861 2 
1572013862 0 
1572013863 1 
1572013864 2 
1572013865 2 
1572013866 1 
1572013867 1 
1572013868 1 
1572013869 1 
1572013870 0 
1572013871 0 
1572013872 0 
1572013873 0 
1572013874 0 
1572013875 0 
1572013876 0 
1572013877 0 
1572013878 0 
1572013879 0 
1572013880 0 
1572013881 0 
1572013882 0 
1572013883 0 
1572013884 0 
1572013885 0 
1572013886 0 
1572013887 0 
1572013888 0 
1572013889 0 
1572013890 0 
1572013891 0 
1572013892 0 
1572013893 0 
1572013894 0 
1572013895 0 
1572013896 0 
1572013897 0 
1572013898 0 
1572013899 0 
1572013900 0 
1572013901 0 
1572013902 0 
1572013903 0 
1572013904 0 
1572013905 0 
1572013906 0 
1572013907 0 
1572013908 0 
1572013909 0 
1572013910 0 
1572013911 0 
1572013912 0 
1572013913 0 
1572013914 0 
1572268136 1 
1572268137 2 
1572268138 2 
1572268139 4 
1572268140 2 
1572268141 0 
1572268142 2 
1572269322 0 
1572269323 1 
1572269324 2 
1572269325 4 
1572269326 2 
1572269327 1 
1572269328 1 
1572269329 1 
1572269330 1 
1572269331 1 
1572269738 0 
1572269739 1 
1572269740 1 
1572269741 1 
1572269742 1 
1572269743 0 
1572269744 2 
1572269745 0 
1572270144 0 
1572270145 1 
1572270146 2 
1572270147 3 
1572270148 3 
1572270149 0 
1572270150 0 
1572270151 3 
1572270152 4 
1572272953 0 
1572272954 0 
1572272955 0 
1572272956 0 
1572272957 0 
1572272958 0 
1572272959 0 
1572272960 0 
1572272961 0 
1572272962 0 
1572272963 0 
1572272964 0 
1572272965 0 
1572272966 0 
1572272967 0 
1572272968 0 
1572272969 0 
1572272970 0 
1572272971 0 
1572272972 0 
1572272973 0 
1572272974 0 
1572272975 0 
1572272976 0 
1572272977 0 
1572272978 0 
1572272979 0 
1572272980 0 
1572272981 0 
1572272982 0 
1572272983 0 
1572272984 0 
1572272985 0 
1572272986 0 
1572272987 0 
1572272988 0 
1572272989 0 
1572272990 0 
1572272991 0 
1572272992 0 
1572272993 0 
1572272994 0 
1572272995 0 
1572272996 0 
1572272997 0 
1572272998 0 
1572272999 0 
1572273000 0 
1572273001 0 
1572273002 2 
1572273003 1 
1572273004 2 
1572273005 3 
1572273006 1 
1572273007 2 
1572273008 1 
1572273009 1 
1572273010 1 
1572273011 0 
1572273012 0 
1572273013 0 
1572273014 0 
1572273015 0 
1572273016 0 
1572273017 0 
1572273018 0 
1572273019 0 
1572273020 0 
1572273021 0 
1572273022 1 
1572273023 0 
1572273024 0 
1572273025 0 
1572273026 0 
1572273027 0 
1572273028 0 
1572273029 0 
1572273030 0 
1572273031 0 
1572273032 0 
1572273033 0 
1572273034 0 
1572273035 0 
1572273036 0 
1572273037 0 
1572273038 0 
1572273039 0 
1572273040 0 
1572273041 0 
1572273042 0 
1572273043 0 
1572273044 0 
1572273045 0 
1572273046 0 
1572273047 0 
1572273048 0 
1572273049 1 
1572273050 2 
1572273051 2 
1572273052 3 
1572273053 3 
1572273054 2 
1572273055 2 
1572273056 2 
1572273057 1 
1572273058 1 
1572273059 1 
1572273060 2 
1572273061 0 
1572273062 0 
1572273063 0 
1572273064 0 
1572273065 0 
1572273066 0 
1572273067 0 
1572273068 0 
1572273069 0 
1572273070 0 
1572273071 0 
1572273072 0 
1572273073 0 
1572273074 0 
1572273075 0 
1572273076 0 
1572273077 0 
1572273078 0 
1572273079 0 
1572273080 0 
1572273081 0 
1572273082 0 
1572273083 0 
1572273084 0 
1572273085 0 
1572273086 0 
1572273087 0 
1572273088 0 
1572273089 0 
1572273090 0 
1572273091 0 
1572273092 0 
1572273093 0 
1572273094 0 
1572273095 0 
1572273096 0 
1572273097 0 
1572273098 0 
1572273099 0 
1572273100 0 
1572273101 0 
1572273102 0 
1572273103 0 
1572273104 1 
1572273105 2 
1572273106 3 
1572273107 3 
1572273108 0 
1572273109 0 
1572273110 0 
1572273111 0 
1572273112 0 
1572273113 0 
1572273114 0 
1572273115 0 
1572273116 0 
1572273117 0 
1572273118 0 
1572273119 0 
1572273120 0 
1572273121 0 
1572273122 0 
1572273123 0 
1572273124 0 
1572273125 0 
1572273126 0 
1572273127 0 
1572273128 0 
1572273129 0 
1572273130 0 
1572273131 0 
1572273132 0 
1572273133 0 
1572273134 0 
1572273135 0 
1572273136 0 
1572273137 0 
1572273138 0 
1572273139 0 
1572273140 0 
1572273141 0 
1572273142 0 
1572273143 0 
1572273144 0 
1572273145 0 
1572273146 0 
1572273147 0 
1572273148 0 
1572277391 0 
1572277392 1 
1572277393 2 
1572277394 1 
1572277395 0 
1572277396 0 
1572277397 1 
1572277398 1 
1572277399 0 
1572277400 0 
1572277401 0 
1572277402 0 
1572277403 0 
1572277404 0 
1572277405 0 
1572277406 0 
1572277407 0 
1572277408 0 
1572277409 0 
1572277410 0 
1572277411 0 
1572277412 0 
1572277413 0 
1572277414 0 
1572277415 0 
1572277416 0 
1572277417 0 
1572277418 0 
1572277419 0 
1572277420 0 
1572277421 0 
1572277422 0 
1572277423 0 
1572277424 0 
1572277425 0 
1572277426 0 
1572277427 0 
1572277428 0 
1572277429 0 
1572277430 0 
1572277431 0 
1572277432 0 
1572277433 0 
1572277434 0 
1572277435 0 
1572277436 0 
1572277437 0 
1572277438 0 
1572277439 0 
1572277440 0 
1572277441 0 
1572277442 0 
1572277443 0 
1572277444 0 
1572277445 0 
1572277446 0 
1572277447 0 
1572277448 0 
1572277449 0 
1572277450 0 
1572277451 0 
1572277452 0 
1572277453 0 
1572277454 0 
1572277455 0 
1572277456 0 
1572277457 0 
1572277458 0 
1572277459 0 
1572277460 0 
1572277461 0 
1572277462 0 
1572277463 0 
1572277464 0 
1572277465 0 
1572277466 0 
1572277467 0 
1572277468 0 
1572277469 0 
1572277470 0 
1572277471 0 
1572277472 0 
1572277473 0 
1572277474 0 
1572277475 0 
1572277476 0 
1572277477 0 
1572277478 0 
1572277479 0 
1572277480 0 
1572277481 0 
1572277482 0 
1572277483 0 
1572277484 0 
1572277485 0 
1572277486 0 
1572277487 0 
1572277488 0 
1572277489 0 
1572277490 0 
1572277491 0 
1572277492 0 
1572277493 1 
1572277494 0 
1572277495 0 
1572277496 0 
1572277497 1 
1572277498 1 
1572277499 0 
1572277500 0 
1572277501 0 
1572277502 0 
1572277503 0 
1572277504 0 
1572277505 0 
1572277506 0 
1572277507 0 
1572277508 0 
1572277509 0 
1572277510 0 
1572277511 0 
1572277512 0 
1572277513 0 
1572277514 0 
1572277515 0 
1572277516 0 
1572277517 0 
1572277518 0 
1572277519 0 
1572277520 0 
1572277521 0 
1572277522 0 
1572277523 0 
1572277524 0 
1572277525 0 
1572277526 0 
1572277527 0 
1572277528 0 
1572277529 0 
1572277530 0 
1572277531 0 
1572277532 0 
1572277533 0 
1572277534 0 
1572277535 0 
1572277536 0 
1572277537 0 
1572277538 0 
1572277539 0 
1572277540 0 
1572277541 0 
1572277542 0 
1572277543 0 
1572277544 0 
1572277545 1 
1572277546 1 
1572277547 1 
1572277548 0 
1572277549 0 
1572277550 0 
1572277551 0 
1572277552 0 
1572277553 0 
1572277554 0 
1572277555 0 
1572277556 0 
1572277557 0 
1572277558 0 
1572277559 0 
1572277560 0 
1572277561 0 
1572277562 0 
1572277563 0 
1572277564 0 
1572277565 0 
1572277566 0 
1572277567 0 
1572277568 0 
1572277569 0 
1572277570 0 
1572277571 0 
1572277572 0 
1572277573 0 
1572277574 0 
1572277575 0 
1572277576 0 
1572277577 0 
1572277578 0 
1572277579 0 
1572277580 0 
1572277581 0 
1572277582 0 
1572277583 0 
1572277584 0 
1572277585 0 
1572277586 0 
1572277587 0 
1572277588 0 
1572277589 0 
1572363475 0 
1572363476 1 
1572363477 1 
1572363478 2 
1572363479 0 
1572363480 0 
1572363805 0 
1572363806 0 
1572363807 0 
1572363808 0 
1572363809 0 
1572363810 0 
1572363811 0 
1572363812 0 
1572363813 0 
1572363814 0 
1572363815 0 
1572363816 0 
1572363817 0 
1572363818 0 
1572363819 0 
1572363820 0 
1572363821 0 
1572363822 0 
1572363823 0 
1572363824 0 
1572363825 0 
1572363826 0 
1572363827 0 
1572363828 0 
1572363829 0 
1572363830 0 
1572363831 0 
1572363832 0 
1572363833 0 
1572363834 0 
1572363835 0 
1572363836 0 
1572363837 0 
1572363838 0 
1572363839 0 
1572363840 0 
1572363841 0 
1572363842 0 
1572363843 0 
1572363844 0 
1572363845 0 
1572363846 0 
1572363847 0 
1572363848 0 
1572363849 0 
1572363850 0 
1572363851 0 
1572363852 0 
1572363853 0 
1572363854 0 
1572363855 0 
1572363856 0 
1572363857 0 
1572363858 0 
1572363859 0 
1572363860 0 
1572363861 0 
1572363862 0 
1572363863 0 
1572363864 0 
1572363865 0 
1572363866 0 
1572363867 0 
1572363868 0 
1572363869 0 
1572363870 0 
1572363871 0 
1572363872 0 
1572363873 0 
1572363874 0 
1572363875 0 
1572363876 0 
1572363877 0 
1572363878 0 
1572363879 0 
1572363880 0 
1572363881 0 
1572363882 0 
1572363883 0 
1572363884 0 
1572363885 0 
1572363886 0 
1572363887 0 
1572363888 0 
1572363889 0 
1572363890 0 
1572363891 0 
1572363892 0 
1572363893 0 
1572363894 0 
1572363895 0 
1572363896 0 
1572363897 0 
1572363898 0 
1572363899 0 
1572363900 0 
1572363901 0 
1572363902 1 
1572363903 1 
1572363904 2 
1572363905 1 
1572363906 1 
1572363907 1 
1572363908 1 
1572363909 1 
1572363910 0 
1572363911 0 
1572363912 0 
1572363913 0 
1572363914 0 
1572363915 0 
1572363916 0 
1572363917 0 
1572363918 0 
1572363919 0 
1572363920 0 
1572363921 0 
1572363922 0 
1572363923 0 
1572363924 0 
1572363925 0 
1572363926 0 
1572363927 0 
1572363928 0 
1572363929 0 
1572363930 0 
1572363931 0 
1572363932 0 
1572363933 0 
1572363934 0 
1572363935 0 
1572363936 0 
1572363937 0 
1572363938 0 
1572363939 0 
1572363940 0 
1572363941 0 
1572363942 0 
1572363943 0 
1572363944 0 
1572363945 0 
1572363946 0 
1572363947 0 
1572363948 0 
1572363949 0 
1572363950 0 
1572363951 0 
1572363952 0 
1572363953 0 
1572363954 0 
1572363955 0 
1572363956 0 
1572363957 0 
1572363958 0 
1572363959 0 
1572363960 0 
1572363961 0 
1572363962 0 
1572363963 0 
1572363964 0 
1572363965 0 
1572363966 0 
1572363967 0 
1572363968 0 
1572363969 0 
1572363970 0 
1572363971 0 
1572363972 0 
1572363973 0 
1572363974 0 
1572363975 0 
1572363976 0 
1572363977 0 
1572363978 0 
1572363979 0 
1572363980 0 
1572363981 0 
1572363982 0 
1572363983 0 
1572363984 0 
1572363985 0 
1572363986 0 
1572363987 0 
1572363988 0 
1572363989 0 
1572363990 0 
1572363991 0 
1572363992 0 
1572363993 0 
1572363994 0 
1572363995 0 
1572363996 0 
1572363997 0 
1572363998 0 
1572363999 0 
1572364801 0 
1572364802 0 
1572364803 0 
1572364804 0 
1572364805 0 
1572364806 0 
1572364807 0 
1572365518 0 
1572365519 0 
1572365520 1 
1572365521 0 
1572365522 0 
1572365523 0 
1572366233 0 
1572366234 0 
1572366235 0 
1572366236 0 
1572366237 0 
1572366238 0 
1572366564 0 
1572366565 0 
1572366566 0 
1572366567 0 
1572366568 0 
1572366569 1 
1572366570 0 
1572369594 0 
1572369595 0 
1572369596 1 
1572369597 0 
1572369598 0 
1572369599 0 
1572369600 0 
1572369601 0 
1572369602 0 
1572369603 0 
1572369604 0 
1572369605 0 
1572369606 0 
1572369607 0 
1572369608 0 
1572369609 0 
1572369610 0 
1572369611 0 
1572369612 0 
1572369613 0 
1572369614 0 
1572369615 0 
1572369616 0 
1572369617 0 
1572369618 0 
1572369619 0 
1572369620 0 
1572369621 0 
1572369622 0 
1572369623 0 
1572369624 0 
1572369625 0 
1572369626 0 
1572369627 0 
1572369628 0 
1572369629 0 
1572369630 0 
1572369631 0 
1572369632 0 
1572369633 0 
1572369634 0 
1572369635 0 
1572369636 0 
1572369637 0 
1572369638 0 
1572369639 0 
1572369640 0 
1572369641 0 
1572369642 0 
1572369643 0 
1572369644 0 
1572369645 0 
1572369646 0 
1572369647 0 
1572369648 0 
1572369649 0 
1572369650 0 
1572369651 0 
1572369652 0 
1572369653 0 
1572369654 0 
1572369655 0 
1572369656 0 
1572369657 0 
1572369658 0 
1572369659 0 
1572369660 0 
1572369661 0 
1572369662 0 
1572369663 0 
1572369664 0 
1572369665 0 
1572369666 0 
1572369667 0 
1572369668 0 
1572369669 0 
1572369670 0 
1572369671 0 
1572369672 0 
1572369673 0 
1572369674 0 
1572369675 0 
1572369676 0 
1572369677 0 
1572369678 0 
1572369679 0 
1572369680 0 
1572369681 0 
1572369682 0 
1572369683 0 
1572369684 0 
1572369685 0 
1572369686 0 
1572369687 0 
1572369688 0 
1572369689 0 
1572369690 0 
1572369691 0 
1572369692 0 
1572369693 1 
1572369694 0 
1572369695 0 
1572369696 0 
1572369697 1 
1572369698 0 
1572369699 0 
1572369700 0 
1572369701 0 
1572369702 0 
1572369703 0 
1572369704 0 
1572369705 0 
1572369706 0 
1572369707 0 
1572369708 0 
1572369709 0 
1572369710 0 
1572369711 0 
1572369712 0 
1572369713 0 
1572369714 0 
1572369715 0 
1572369716 0 
1572369717 0 
1572369718 0 
1572369719 0 
1572369720 0 
1572369721 0 
1572369722 0 
1572369723 0 
1572369724 0 
1572369725 0 
1572369726 0 
1572369727 0 
1572369728 0 
1572369729 0 
1572369730 0 
1572369731 0 
1572369732 0 
1572369733 0 
1572369734 0 
1572369735 0 
1572369736 0 
1572369737 0 
1572369738 0 
1572369739 0 
1572369740 0 
1572369741 0 
1572369742 0 
1572369743 0 
1572369744 0 
1572369745 0 
1572369746 0 
1572369747 0 
1572369748 0 
1572369749 1 
1572369750 0 
1572369751 1 
1572369752 0 
1572369753 0 
1572369754 0 
1572369755 0 
1572369756 0 
1572369757 0 
1572369758 0 
1572369759 0 
1572369760 0 
1572369761 0 
1572369762 0 
1572369763 0 
1572369764 0 
1572369765 0 
1572369766 0 
1572369767 0 
1572369768 0 
1572369769 0 
1572369770 0 
1572369771 0 
1572369772 0 
1572369773 0 
1572369774 0 
1572369775 0 
1572369776 0 
1572369777 0 
1572369778 0 
1572369779 0 
1572369780 0 
1572369781 0 
1572369782 0 
1572369783 0 
1572369784 0 
1572369785 0 
1572369786 0 
1572369787 0 
1572369788 0 
1572369924 0 
1572369925 0 
1572369926 0 
1572369927 0 
1572369928 0 
1572369929 0 
1572369930 0 
1572369931 0 
1572369932 0 
1572369933 0 
1572369934 0 
1572369935 0 
1572369936 0 
1572369937 0 
1572369938 0 
1572369939 0 
1572369940 0 
1572369941 0 
1572369942 0 
1572369943 0 
1572369944 0 
1572369945 0 
1572369946 0 
1572369947 0 
1572369948 0 
1572369949 0 
1572369950 0 
1572369951 0 
1572369952 0 
1572369953 0 
1572369954 0 
1572369955 0 
1572369956 0 
1572369957 0 
1572369958 0 
1572369959 0 
1572369960 0 
1572369961 0 
1572369962 0 
1572369963 0 
1572369964 0 
1572369965 0 
1572369966 0 
1572369967 0 
1572369968 0 
1572369969 0 
1572369970 0 
1572369971 0 
1572369972 0 
1572369973 0 
1572369974 0 
1572369975 0 
1572369976 0 
1572369977 0 
1572369978 0 
1572369979 0 
1572369980 0 
1572369981 0 
1572369982 0 
1572369983 0 
1572369984 0 
1572369985 0 
1572369986 0 
1572369987 0 
1572369988 0 
1572369989 0 
1572369990 0 
1572369991 0 
1572369992 0 
1572369993 0 
1572369994 0 
1572369995 0 
1572369996 0 
1572369997 0 
1572369998 0 
1572369999 0 
1572370000 0 
1572370001 0 
1572370002 0 
1572370003 0 
1572370004 0 
1572370005 0 
1572370006 0 
1572370007 0 
1572370008 0 
1572370009 0 
1572370010 0 
1572370011 0 
1572370012 0 
1572370013 0 
1572370014 0 
1572370015 0 
1572370016 0 
1572370017 0 
1572370018 0 
1572370019 0 
1572370020 0 
1572370021 0 
1572370022 0 
1572370023 0 
1572370024 1 
1572370025 0 
1572370026 1 
1572370027 0 
1572370028 0 
1572370029 0 
1572370030 0 
1572370031 0 
1572370032 0 
1572370033 0 
1572370034 0 
1572370035 0 
1572370036 0 
1572370037 0 
1572370038 0 
1572370039 0 
1572370040 0 
1572370041 0 
1572370042 0 
1572370043 0 
1572370044 0 
1572370045 0 
1572370046 0 
1572370047 0 
1572370048 0 
1572370049 0 
1572370050 0 
1572370051 0 
1572370052 0 
1572370053 0 
1572370054 0 
1572370055 0 
1572370056 0 
1572370057 0 
1572370058 0 
1572370059 0 
1572370060 0 
1572370061 0 
1572370062 0 
1572370063 0 
1572370064 0 
1572370065 0 
1572370066 0 
1572370067 0 
1572370068 0 
1572370069 0 
1572370070 0 
1572370071 0 
1572370072 0 
1572370073 0 
1572370074 0 
1572370075 0 
1572370076 0 
1572370077 0 
1572370078 0 
1572370079 0 
1572370080 0 
1572370081 0 
1572370082 0 
1572370083 0 
1572370084 1 
1572370085 0 
1572370086 0 
1572370087 0 
1572370088 0 
1572370089 0 
1572370090 0 
1572370091 0 
1572370092 0 
1572370093 0 
1572370094 0 
1572370095 0 
1572370096 0 
1572370097 0 
1572370098 0 
1572370099 0 
1572370100 0 
1572370101 0 
1572370102 0 
1572370103 0 
1572370104 0 
1572370105 0 
1572370106 0 
1572370107 0 
1572370108 0 
1572370109 0 
1572370110 0 
1572370111 0 
1572370112 0 
1572370113 0 
1572370114 0 
1572370115 0 
1572370116 0 
1572370117 0 
1572370118 0 
1572370587 0 
1572370588 0 
1572370589 0 
1572370590 0 
1572370591 0 
1572370592 0 
1572370593 0 
1572370594 0 
1572370595 0 
1572370596 0 
1572370597 0 
1572370598 0 
1572370599 0 
1572370600 0 
1572370601 0 
1572370602 0 
1572370603 0 
1572370604 0 
1572370605 0 
1572370606 0 
1572370607 0 
1572370608 0 
1572370609 0 
1572370610 0 
1572370611 0 
1572370612 0 
1572370613 0 
1572370614 0 
1572370615 0 
1572370616 0 
1572370617 0 
1572370618 0 
1572370619 0 
1572370620 0 
1572370621 0 
1572370622 0 
1572370623 0 
1572370624 0 
1572370625 0 
1572370626 0 
1572370627 0 
1572370628 0 
1572370629 0 
1572370630 0 
1572370631 0 
1572370632 0 
1572370633 0 
1572370634 0 
1572370635 0 
1572370636 0 
1572370637 0 
1572370638 0 
1572370639 0 
1572370640 0 
1572370641 0 
1572370642 0 
1572370643 0 
1572370644 0 
1572370645 0 
1572370646 0 
1572370647 0 
1572370648 0 
1572370649 0 
1572370650 0 
1572370651 0 
1572370652 0 
1572370653 0 
1572370654 0 
1572370655 0 
1572370656 0 
1572370657 0 
1572370658 0 
1572370659 0 
1572370660 0 
1572370661 0 
1572370662 0 
1572370663 0 
1572370664 0 
1572370665 0 
1572370666 0 
1572370667 0 
1572370668 0 
1572370669 0 
1572370670 0 
1572370671 0 
1572370672 0 
1572370673 0 
1572370674 0 
1572370675 0 
1572370676 0 
1572370677 0 
1572370678 0 
1572370679 0 
1572370680 0 
1572370681 0 
1572370682 0 
1572370683 0 
1572370684 1 
1572370685 1 
1572370686 2 
1572370687 1 
1572370688 1 
1572370689 0 
1572370690 0 
1572370691 0 
1572370692 0 
1572370693 0 
1572370694 0 
1572370695 0 
1572370696 0 
1572370697 0 
1572370698 0 
1572370699 0 
1572370700 0 
1572370701 0 
1572370702 0 
1572370703 0 
1572370704 0 
1572370705 0 
1572370706 0 
1572370707 0 
1572370708 0 
1572370709 0 
1572370710 0 
1572370711 0 
1572370712 0 
1572370713 0 
1572370714 0 
1572370715 0 
1572370716 0 
1572370717 0 
1572370718 0 
1572370719 0 
1572370720 0 
1572370721 0 
1572370722 0 
1572370723 0 
1572370724 0 
1572370725 0 
1572370726 0 
1572370727 0 
1572370728 0 
1572370729 0 
1572370730 0 
1572370731 0 
1572370732 0 
1572370733 0 
1572370734 0 
1572370735 0 
1572370736 0 
1572370737 0 
1572370738 0 
1572370739 1 
1572370740 0 
1572370741 0 
1572370742 0 
1572370743 0 
1572370744 0 
1572370745 0 
1572370746 0 
1572370747 0 
1572370748 0 
1572370749 0 
1572370750 0 
1572370751 0 
1572370752 0 
1572370753 0 
1572370754 0 
1572370755 0 
1572370756 0 
1572370757 0 
1572370758 0 
1572370759 0 
1572370760 0 
1572370761 0 
1572370762 0 
1572370763 0 
1572370764 0 
1572370765 0 
1572370766 0 
1572370767 0 
1572370768 0 
1572370769 0 
1572370770 0 
1572370771 0 
1572370772 0 
1572370773 0 
1572370774 0 
1572370775 0 
1572370776 0 
1572370777 0 
1572370778 0 
1572370779 0 
1572370780 0 
1572371578 0 
1572371579 0 
1572371580 0 
1572371581 0 
1572371582 0 
1572371583 0 
1572371584 0 
1572371585 0 
1572371586 0 
1572371587 0 
1572371588 0 
1572371589 0 
1572371590 0 
1572371591 0 
1572371592 0 
1572371593 0 
1572371594 0 
1572371595 0 
1572371596 0 
1572371597 0 
1572371598 0 
1572371599 0 
1572371600 0 
1572371601 0 
1572371602 0 
1572371603 0 
1572371604 0 
1572371605 0 
1572371606 0 
1572371607 0 
1572371608 0 
1572371609 0 
1572371610 0 
1572371611 0 
1572371612 0 
1572371613 0 
1572371614 0 
1572371615 0 
1572371616 0 
1572371617 0 
1572371618 0 
1572371619 0 
1572371620 0 
1572371621 0 
1572371622 0 
1572371623 0 
1572371624 0 
1572371625 0 
1572371626 0 
1572371627 0 
1572371628 0 
1572371629 0 
1572371630 0 
1572371631 0 
1572371632 0 
1572371633 0 
1572371634 0 
1572371635 0 
1572371636 0 
1572371637 0 
1572371638 0 
1572371639 0 
1572371640 0 
1572371641 0 
1572371642 0 
1572371643 0 
1572371644 0 
1572371645 0 
1572371646 0 
1572371647 0 
1572371648 0 
1572371649 0 
1572371650 0 
1572371651 0 
1572371652 0 
1572371653 0 
1572371654 0 
1572371655 0 
1572371656 0 
1572371657 0 
1572371658 0 
1572371659 0 
1572371660 0 
1572371661 0 
1572371662 0 
1572371663 0 
1572371664 0 
1572371665 0 
1572371666 0 
1572371667 0 
1572371668 0 
1572371669 0 
1572371670 0 
1572371671 0 
1572371672 0 
1572371673 0 
1572371674 0 
1572371675 0 
1572371676 1 
1572371677 0 
1572371678 0 
1572371679 0 
1572371680 1 
1572371681 0 
1572371682 0 
1572371683 0 
1572371684 0 
1572371685 0 
1572371686 0 
1572371687 0 
1572371688 0 
1572371689 0 
1572371690 0 
1572371691 0 
1572371692 0 
1572371693 0 
1572371694 0 
1572371695 0 
1572371696 0 
1572371697 0 
1572371698 0 
1572371699 0 
1572371700 0 
1572371701 0 
1572371702 0 
1572371703 0 
1572371704 0 
1572371705 0 
1572371706 0 
1572371707 0 
1572371708 0 
1572371709 0 
1572371710 0 
1572371711 0 
1572371712 0 
1572371713 0 
1572371714 0 
1572371715 0 
1572371716 0 
1572371717 0 
1572371718 0 
1572371719 0 
1572371720 0 
1572371721 0 
1572371722 0 
1572371723 0 
1572371724 0 
1572371725 0 
1572371726 0 
1572371727 0 
1572371728 0 
1572371729 0 
1572371730 0 
1572371731 0 
1572371732 0 
1572371733 0 
1572371734 0 
1572371735 0 
1572371736 0 
1572371737 1 
1572371738 1 
1572371739 0 
1572371740 0 
1572371741 0 
1572371742 0 
1572371743 0 
1572371744 0 
1572371745 0 
1572371746 0 
1572371747 0 
1572371748 0 
1572371749 0 
1572371750 0 
1572371751 0 
1572371752 0 
1572371753 0 
1572371754 0 
1572371755 0 
1572371756 0 
1572371757 0 
1572371758 0 
1572371759 0 
1572371760 0 
1572371761 0 
1572371762 0 
1572371763 0 
1572371764 0 
1572371765 0 
1572371766 0 
1572371767 0 
1572371768 0 
1572371769 0 
1572371770 0 
1572371771 0 
1572372236 0 
1572372237 0 
1572372238 0 
1572372239 0 
1572372240 0 
1572372241 0 
1572372242 0 
1572372243 0 
1572372244 0 
1572372245 0 
1572372246 0 
1572372247 0 
1572372248 0 
1572372249 0 
1572372250 0 
1572372251 0 
1572372252 0 
1572372253 0 
1572372254 0 
1572372255 0 
1572372256 0 
1572372257 0 
1572372258 0 
1572372259 0 
1572372260 0 
1572372261 0 
1572372262 0 
1572372263 0 
1572372264 0 
1572372265 0 
1572372266 0 
1572372267 0 
1572372268 0 
1572372269 0 
1572372270 0 
1572372271 0 
1572372272 0 
1572372273 0 
1572372274 0 
1572372275 0 
1572372276 0 
1572372277 0 
1572372278 0 
1572372279 0 
1572372280 0 
1572372281 0 
1572372282 0 
1572372283 0 
1572372284 0 
1572372285 0 
1572372286 0 
1572372287 0 
1572372288 0 
1572372289 0 
1572372290 0 
1572372291 0 
1572372292 0 
1572372293 0 
1572372294 0 
1572372295 0 
1572372296 0 
1572372297 0 
1572372298 0 
1572372299 0 
1572372300 0 
1572372301 0 
1572372302 0 
1572372303 0 
1572372304 0 
1572372305 0 
1572372306 0 
1572372307 0 
1572372308 0 
1572372309 0 
1572372310 0 
1572372311 0 
1572372312 0 
1572372313 0 
1572372314 0 
1572372315 0 
1572372316 0 
1572372317 0 
1572372318 0 
1572372319 0 
1572372320 0 
1572372321 0 
1572372322 0 
1572372323 0 
1572372324 0 
1572372325 0 
1572372326 0 
1572372327 0 
1572372328 0 
1572372329 0 
1572372330 0 
1572372331 0 
1572372332 0 
1572372333 0 
1572372334 0 
1572372335 0 
1572372336 0 
1572372337 1 
1572372338 0 
1572372339 0 
1572372340 1 
1572372341 0 
1572372342 0 
1572372343 0 
1572372344 0 
1572372345 0 
1572372346 0 
1572372347 0 
1572372348 0 
1572372349 0 
1572372350 0 
1572372351 0 
1572372352 0 
1572372353 0 
1572372354 0 
1572372355 0 
1572372356 0 
1572372357 0 
1572372358 0 
1572372359 0 
1572372360 0 
1572372361 0 
1572372362 0 
1572372363 0 
1572372364 0 
1572372365 0 
1572372366 0 
1572372367 0 
1572372368 0 
1572372369 0 
1572372370 0 
1572372371 0 
1572372372 0 
1572372373 0 
1572372374 0 
1572372375 0 
1572372376 0 
1572372377 0 
1572372378 0 
1572372379 0 
1572372380 0 
1572372381 0 
1572372382 0 
1572372383 0 
1572372384 0 
1572372385 0 
1572372386 0 
1572372387 0 
1572372388 0 
1572372389 0 
1572372390 0 
1572372391 0 
1572372392 0 
1572372393 0 
1572372394 0 
1572372395 0 
1572372396 0 
1572372397 1 
1572372398 0 
1572372399 0 
1572372400 0 
1572372401 0 
1572372402 0 
1572372403 0 
1572372404 0 
1572372405 0 
1572372406 0 
1572372407 0 
1572372408 0 
1572372409 0 
1572372410 0 
1572372411 0 
1572372412 0 
1572372413 0 
1572372414 0 
1572372415 0 
1572372416 0 
1572372417 0 
1572372418 0 
1572372419 0 
1572372420 0 
1572372421 0 
1572372422 0 
1572372423 0 
1572372424 0 
1572372425 0 
1572372426 0 
1572372427 0 
1572372428 0 
1572372429 0 
1572372430 0 
1572372431 0 
1572533572 0 
1572533573 1 
1572533574 1 
1572533575 1 
1572533576 0 
1572533577 0 
1572533910 0 
1572533911 0 
1572533912 1 
1572533913 2 
1572533914 0 
1572533915 0 
1572533916 0 
1572533917 0 
1572533918 2 
1572533919 1 
1572533920 0 
1572533921 0 
1572533922 0 
1572533923 0 
1572533924 0 
1572533925 0 
1572533926 0 
1572533927 0 
1572533928 0 
1572533929 0 
1572533930 0 
1572533931 0 
1572533932 0 
1572533933 0 
1572533934 0 
1572533935 0 
1572533936 0 
1572533937 0 
1572533938 0 
1572533939 0 
1572533940 0 
1572533941 0 
1572533942 0 
1572533943 0 
1572533944 0 
1572533945 0 
1572533946 0 
1572533947 0 
1572533948 0 
1572533949 0 
1572533950 0 
1572533951 0 
1572533952 0 
1572533953 0 
1572533954 0 
1572533955 0 
1572533956 0 
1572533957 0 
1572533958 0 
1572533959 0 
1572533960 0 
1572533961 0 
1572533962 0 
1572533963 0 
1572533964 0 
1572533965 0 
1572533966 0 
1572533967 0 
1572533968 0 
1572533969 0 
1572533970 0 
1572533971 0 
1572533972 0 
1572533973 0 
1572533974 0 
1572533975 0 
1572533976 0 
1572533977 0 
1572533978 0 
1572533979 0 
1572533980 0 
1572533981 0 
1572533982 0 
1572533983 0 
1572533984 0 
1572533985 0 
1572533986 0 
1572533987 0 
1572533988 0 
1572533989 0 
1572533990 0 
1572533991 0 
1572533992 0 
1572533993 0 
1572533994 0 
1572533995 0 
1572533996 0 
1572533997 0 
1572533998 0 
1572533999 0 
1572534000 0 
1572534001 0 
1572534002 0 
1572534003 0 
1572534004 0 
1572534005 0 
1572534006 0 
1572534007 0 
1572534008 0 
1572534009 0 
1572534010 0 
1572534011 0 
1572534012 0 
1572534013 0 
1572534014 0 
1572534015 0 
1572534016 0 
1572534017 0 
1572534018 1 
1572534019 1 
1572534020 1 
1572534021 1 
1572534022 1 
1572534023 2 
1572534024 1 
1572534025 1 
1572534026 2 
1572534027 1 
1572534028 0 
1572534029 0 
1572534030 0 
1572534031 0 
1572534032 0 
1572534033 0 
1572534034 0 
1572534035 0 
1572534036 0 
1572534037 0 
1572534038 0 
1572534039 0 
1572534040 0 
1572534041 0 
1572534042 0 
1572534043 0 
1572534044 0 
1572534045 0 
1572534046 0 
1572534047 0 
1572534048 0 
1572534049 0 
1572534050 0 
1572534051 0 
1572534052 0 
1572534053 0 
1572534054 0 
1572534055 0 
1572534056 0 
1572534057 0 
1572534058 0 
1572534059 0 
1572534060 0 
1572534061 0 
1572534062 0 
1572534063 0 
1572534064 0 
1572534065 0 
1572534066 0 
1572534067 0 
1572534068 0 
1572534069 0 
1572534070 0 
1572534071 0 
1572534072 0 
1572534073 0 
1572534074 0 
1572534075 0 
1572534076 0 
1572534077 0 
1572534078 0 
1572534079 0 
1572534080 0 
1572534081 0 
1572534082 0 
1572534083 0 
1572534084 0 
1572534085 0 
1572534086 0 
1572534087 0 
1572534088 0 
1572534089 0 
1572534090 0 
1572534091 0 
1572534092 0 
1572534093 0 
1572534094 0 
1572534095 0 
1572534096 0 
1572534097 0 
1572534098 0 
1572534099 0 
1572534100 0 
1572534101 0 
1572534102 0 
1572534103 0 
1572534104 0 
1572534105 0 
1572534106 0 
1572534107 0 
1572534108 0 
1572534109 0 
1572534110 0 
1572534111 0 
1572534112 0 
1572534113 0 
1572534114 0 
1572534115 0 
1572534116 0 
1572534117 0 
1572534118 0 
1572534119 0 
1572534120 0 
1572534121 0 
1572534122 0 
1572534123 0 
1572534124 0 
1572534125 0 
1572534126 0 
1572534127 0 
1572534128 0 
1572534129 0 
1572534130 0 
1572535958 0 
1572535959 0 
1572535960 2 
1572535961 0 
1572535962 0 
1572535963 0 
1572535964 1 
1572535965 0 
1572535966 0 
1572535967 0 
1572535968 0 
1572535969 0 
1572535970 0 
1572535971 0 
1572535972 0 
1572535973 0 
1572535974 0 
1572535975 0 
1572535976 0 
1572535977 0 
1572535978 0 
1572535979 0 
1572535980 0 
1572535981 0 
1572535982 0 
1572535983 0 
1572535984 0 
1572535985 0 
1572535986 0 
1572535987 0 
1572535988 0 
1572535989 0 
1572535990 0 
1572535991 0 
1572535992 0 
1572535993 0 
1572535994 0 
1572535995 0 
1572535996 0 
1572535997 0 
1572535998 0 
1572535999 0 
1572536000 0 
1572536001 0 
1572536002 0 
1572536003 0 
1572536004 0 
1572536005 0 
1572536006 0 
1572536007 0 
1572536008 0 
1572536009 0 
1572536010 0 
1572536011 2 
1572536012 0 
1572536013 0 
1572536014 0 
1572536015 0 
1572536016 0 
1572536017 0 
1572536018 0 
1572536019 0 
1572536020 0 
1572536021 0 
1572536022 0 
1572536023 0 
1572536024 0 
1572536025 0 
1572536026 0 
1572536027 0 
1572536028 0 
1572536029 0 
1572536030 0 
1572536031 0 
1572536032 0 
1572536033 0 
1572536034 0 
1572536035 0 
1572536036 0 
1572536037 0 
1572536038 0 
1572536039 0 
1572536040 0 
1572536041 0 
1572536042 0 
1572536043 0 
1572536044 0 
1572536045 0 
1572536046 0 
1572536047 0 
1572536048 0 
1572536049 0 
1572536050 0 
1572536051 0 
1572536052 0 
1572536053 0 
1572536054 0 
1572536055 0 
1572536056 0 
1572536057 1 
1572536058 1 
1572536059 0 
1572536060 0 
1572536061 0 
1572536062 0 
1572536063 0 
1572536064 0 
1572536065 0 
1572536066 0 
1572536067 0 
1572536068 0 
1572536069 0 
1572536070 0 
1572536071 0 
1572536072 0 
1572536073 0 
1572536074 0 
1572536075 0 
1572536076 0 
1572536077 0 
1572536078 0 
1572536079 0 
1572536080 0 
1572536081 0 
1572536082 0 
1572536083 0 
1572536084 0 
1572536085 0 
1572536086 0 
1572536087 0 
1572536088 0 
1572536089 0 
1572536090 0 
1572536091 0 
1572536092 0 
1572536093 0 
1572536094 0 
1572536095 0 
1572536096 0 
1572536097 0 
1572536098 0 
1572536099 0 
1572536100 0 
1572536101 0 
1572536102 0 
1572536103 0 
1572536104 0 
1572536105 0 
1572536106 0 
1572536107 0 
1572536108 0 
1572536109 0 
1572536110 1 
1572536111 0 
1572536112 0 
1572536113 0 
1572536114 0 
1572536115 0 
1572536116 0 
1572536117 0 
1572536118 0 
1572536119 0 
1572536120 0 
1572536121 0 
1572536122 0 
1572536123 0 
1572536124 0 
1572536125 0 
1572536126 0 
1572536127 0 
1572536128 0 
1572536129 0 
1572536130 0 
1572536131 0 
1572536132 0 
1572536133 0 
1572536134 0 
1572536135 0 
1572536136 0 
1572536137 0 
1572536138 0 
1572536139 0 
1572536140 0 
1572536141 0 
1572536142 0 
1572536143 0 
1572536144 0 
1572536145 0 
1572536146 0 
1572536147 0 
1572536148 0 
1572536149 0 
1572536150 0 
1572536151 0 
1572536152 0 
1572536655 0 
1572536656 0 
1572536657 1 
1572536658 0 
1572536659 0 
1572872472 0 
1572872473 0 
1572872474 1 
1572872475 0 
1572872476 0 
1572872477 0 
1572872478 0 
1572873775 1 
1572873776 1 
1572873777 2 
1572873778 2 
1572873779 0 
1572873780 1 
1572873781 1 
1572873782 1 
1572874838 0 
1572874839 0 
1572874840 0 
1572874841 0 
1572874842 0 
1572874843 0 
1572880537 1 
1572880538 2 
1572880539 2 
1572880540 4 
1572880541 1 
1572880542 0 
1572880543 0 
1572881220 0 
1572881221 0 
1572881222 0 
1572881223 1 
1572881224 0 
1572881225 0 
1572881226 0 
1572882217 0 
1572882218 0 
1572882219 0 
1572882220 0 
1572882221 0 
1572882222 0 
1572882223 0 
1572882607 0 
1572882608 2 
1572882609 3 
1572882610 2 
1572882611 2 
1572882612 2 
1572882613 0 
1572882614 0 
1572882615 2 
1572882616 3 
1572882617 2 
1572882618 0 
1572882619 0 
1572882620 0 
1572882621 0 
1572882622 1 
1572882623 1 
1572882624 1 
1572882625 0 
1572882626 0 
1572882627 0 
1572882628 0 
1572882629 0 
1572882630 0 
1572882631 0 
1572882632 1 
1572882633 1 
1572882634 0 
1572882635 0 
1572882636 0 
1572882637 0 
1572882638 0 
1572882639 0 
1572882640 0 
1572882641 0 
1572882642 0 
1572882643 0 
1572882644 0 
1572882645 0 
1572882646 0 
1572882647 0 
1572882648 0 
1572882649 0 
1572882650 0 
1572882651 0 
1572882652 0 
1572882653 0 
1572882654 0 
1572882655 0 
1572882656 0 
1572882657 0 
1572882658 0 
1572882659 0 
1572882660 0 
1572882661 0 
1572882662 0 
1572882663 0 
1572882664 0 
1572882665 0 
1572882666 0 
1572882667 0 
1572882668 0 
1572882669 0 
1572882670 0 
1572882671 0 
1572882672 0 
1572882673 0 
1572882674 0 
1572882675 0 
1572882676 0 
1572882677 0 
1572882678 0 
1572882679 0 
1572882680 0 
1572882681 1 
1572882682 0 
1572882683 0 
1572882684 0 
1572882685 0 
1572882686 0 
1572882687 1 
1572882688 1 
1572882689 2 
1572882690 1 
1572882691 1 
1572882692 0 
1572882693 0 
1572882694 0 
1572882695 0 
1572882696 0 
1572882697 0 
1572882698 0 
1572882699 0 
1572882700 0 
1572882701 0 
1572882702 0 
1572882703 0 
1572882704 2 
1572882705 1 
1572882706 2 
1572882707 0 
1572882708 0 
1572882709 0 
1572882710 0 
1572882711 0 
1572882712 1 
1572882713 1 
1572882714 0 
1572882715 1 
1572882716 0 
1572882717 0 
1572882718 0 
1572882719 0 
1572882720 0 
1572882721 0 
1572882722 0 
1572882723 0 
1572882724 0 
1572882725 0 
1572882726 0 
1572882727 1 
1572882728 3 
1572882729 3 
1572882730 2 
1572882731 2 
1572882732 1 
1572882733 1 
1572882734 1 
1572882735 0 
1572882736 0 
1572882737 0 
1572882738 0 
1572882739 0 
1572882740 0 
1572882741 0 
1572882742 0 
1572882743 0 
1572882744 0 
1572882745 0 
1572882746 0 
1572882747 0 
1572882748 0 
1572882749 0 
1572882750 0 
1572882751 0 
1572882752 0 
1572882753 0 
1572882754 0 
1572882755 0 
1572882756 0 
1572882757 0 
1572882758 0 
1572882759 0 
1572882760 0 
1572882761 0 
1572882762 0 
1572882763 0 
1572882764 0 
1572882765 0 
1572882766 0 
1572882767 0 
1572882768 0 
1572882769 0 
1572882770 0 
1572882771 0 
1572882772 0 
1572882773 0 
1572882774 0 
1572882775 0 
1572882776 0 
1572882777 0 
1572882778 0 
1572882779 0 
1572882780 0 
1572882781 0 
1572882782 0 
1572882783 0 
1572882784 0 
1572882785 0 
1572882786 0 
1572882787 0 
1572882788 0 
1572882789 0 
1572882790 0 
1572882791 0 
1572882792 0 
1572882793 0 
1572882794 0 
1572882795 0 
1572882796 0 
1572882797 0 
1572882798 0 
1572882799 0 
1572882800 0 
1572882801 1 
1572882802 1 
1572969169 2 
1572969170 1 
1572969171 4 
1572969172 1 
1572969173 1 
1572969174 1 
1572969175 0 
1573208756 0 
1573208757 1 
1573208758 2 
1573208759 3 
1573208760 2 
1573208761 1 
1573209406 0 
1573209407 0 
1573209408 0 
1573209409 0 
1573209410 0 
1573209411 0 
1573210073 1 
1573210074 0 
1573210075 0 
1573210076 0 
1573210077 0 
1573210078 2 
1573210738 0 
1573210739 0 
1573210740 0 
1573210741 0 
1573210742 1 
1573210743 0 
1573210744 0 
1573211405 0 
1573211406 0 
1573211407 0 
1573211408 0 
1573211409 0 
1573211410 1 
1573211411 3 
1573212709 1 
1573212710 0 
1573212711 1 
1573212712 1 
1573212713 1 
1573212714 3 
1573213362 0 
1573213363 1 
1573213364 1 
1573213365 1 
1573213366 0 
1573213367 1 
1573213368 2 
1573214688 0 
1573214689 0 
1573214690 0 
1573214691 0 
1573214692 0 
1573214693 0 
1573218223 1 
1573218224 0 
1573218225 0 
1573218226 2 
1573218227 1 
1573218228 2 
1573218229 1 
1573218230 2 
1573218231 0 
1573218232 2 
1573218233 0 
1573218234 0 
1573218235 0 
1573218236 0 
1573218237 0 
1573218238 0 
1573218239 0 
1573218240 0 
1573218241 0 
1573218242 0 
1573218243 0 
1573218244 0 
1573218245 0 
1573218246 1 
1573218247 1 
1573218248 0 
1573218249 0 
1573218250 1 
1573218251 0 
1573218252 0 
1573218253 0 
1573218254 0 
1573218255 0 
1573218256 0 
1573218257 0 
1573218258 0 
1573218259 0 
1573218260 0 
1573218261 0 
1573218262 0 
1573218263 0 
1573218264 0 
1573218265 0 
1573218266 0 
1573218267 0 
1573218268 0 
1573218269 0 
1573218270 0 
1573218271 0 
1573218272 0 
1573218273 0 
1573218274 2 
1573218275 2 
1573218276 1 
1573218277 0 
1573218278 0 
1573218279 0 
1573218280 0 
1573218281 0 
1573218282 0 
1573218283 0 
1573218284 0 
1573218285 0 
1573218286 0 
1573218287 0 
1573218288 0 
1573218289 0 
1573218290 0 
1573218291 0 
1573218292 0 
1573218293 0 
1573218294 0 
1573218295 0 
1573218296 0 
1573218297 0 
1573218298 0 
1573218299 0 
1573218300 0 
1573218301 0 
1573218302 0 
1573218303 0 
1573218304 0 
1573218305 0 
1573218306 0 
1573218307 0 
1573218308 0 
1573218309 0 
1573218310 0 
1573218311 0 
1573218312 0 
1573218313 0 
1573218314 0 
1573218315 0 
1573218316 0 
1573218317 0 
1573218318 0 
1573218319 0 
1573218320 0 
1573218321 1 
1573218322 0 
1573218323 1 
1573218324 1 
1573218325 1 
1573218326 1 
1573218327 1 
1573218328 1 
1573218329 0 
1573218330 0 
1573218331 0 
1573218332 0 
1573218333 0 
1573218334 0 
1573218335 0 
1573218336 0 
1573218337 0 
1573218338 0 
1573218339 0 
1573218340 0 
1573218341 0 
1573218342 0 
1573218343 0 
1573218344 0 
1573218345 0 
1573218346 0 
1573218347 0 
1573218348 0 
1573218349 0 
1573218350 0 
1573218351 0 
1573218352 0 
1573218353 0 
1573218354 0 
1573218355 0 
1573218356 0 
1573218357 0 
1573218358 0 
1573218359 0 
1573218360 0 
1573218361 0 
1573218362 0 
1573218363 0 
1573218364 0 
1573218365 0 
1573218366 0 
1573218367 0 
1573218368 0 
1573218369 0 
1573218370 0 
1573218371 0 
1573218372 0 
1573218373 1 
1573218374 1 
1573218375 2 
1573218376 3 
1573218377 0 
1573218378 0 
1573218379 0 
1573218380 0 
1573218381 0 
1573218382 0 
1573218383 1 
1573218384 0 
1573218385 0 
1573218386 0 
1573218387 0 
1573218388 0 
1573218389 0 
1573218390 1 
1573218391 0 
1573218392 0 
1573218393 0 
1573218394 0 
1573218395 0 
1573218396 0 
1573218397 0 
1573218398 0 
1573218399 0 
1573218400 1 
1573218401 1 
1573218402 0 
1573218403 1 
1573218404 1 
1573218405 0 
1573218406 0 
1573218407 0 
1573218408 0 
1573218409 0 
1573218410 0 
1573218411 0 
1573218412 0 
1573218413 0 
1573218414 0 
1573218415 0 
1573218416 0 
1573218417 2 
1573306466 0 
1573306467 1 
1573306468 1 
1573306469 2 
1573306470 1 
1573306471 0 
1573306472 0 
1573306473 1 
1573306783 0 
1573306784 2 
1573306785 3 
1573306786 1 
1573306787 0 
1573306788 0 
1573306789 0 
1573308079 0 
1573308080 1 
1573308081 1 
1573308082 2 
1573308083 1 
1573308084 2 
1573308085 0 
1573308393 1 
1573308394 1 
1573308395 5 
1573308396 0 
1573308397 1 
1573308398 0 
1573308399 1 
1573308400 2 
1573308401 2 
1573308402 3 
1573308403 3 
1573308404 1 
1573308405 1 
1573308406 1 
1573308407 2 
1573308408 2 
1573308409 2 
1573308410 2 
1573308411 2 
1573308412 2 
1573308413 2 
1573308414 2 
1573308415 1 
1573308416 1 
1573308417 1 
1573308418 2 
1573308419 2 
1573308420 2 
1573308421 2 
1573308422 1 
1573308423 0 
1573308424 0 
1573308425 2 
1573308426 2 
1573308427 2 
1573308428 3 
1573308429 2 
1573308430 2 
1573308431 2 
1573308432 1 
1573308433 1 
1573308434 0 
1573308435 1 
1573308436 1 
1573308437 0 
1573308438 0 
1573308439 0 
1573308440 0 
1573308441 0 
1573308442 0 
1573308443 0 
1573308444 0 
1573308445 0 
1573308446 0 
1573308447 0 
1573308448 0 
1573308449 0 
1573308450 0 
1573308451 0 
1573308452 0 
1573308453 1 
1573308454 1 
1573308455 1 
1573308456 2 
1573308457 1 
1573308458 0 
1573308459 2 
1573308460 0 
1573308461 0 
1573308462 0 
1573308463 0 
1573308464 0 
1573308465 0 
1573308466 0 
1573308467 0 
1573308468 0 
1573308469 0 
1573308470 0 
1573308471 0 
1573308472 0 
1573308473 0 
1573308474 0 
1573308475 0 
1573308476 0 
1573308477 0 
1573308478 0 
1573308479 0 
1573308480 0 
1573308481 0 
1573308482 0 
1573308483 0 
1573308484 0 
1573308485 0 
1573308486 0 
1573308487 0 
1573308488 0 
1573308489 0 
1573308490 0 
1573308491 0 
1573308492 0 
1573308493 0 
1573308494 0 
1573308495 0 
1573308496 0 
1573308497 0 
1573308498 0 
1573308499 1 
1573308500 2 
1573308501 2 
1573308502 2 
1573308503 3 
1573308504 2 
1573308505 2 
1573308506 2 
1573308507 3 
1573308508 3 
1573308509 4 
1573308510 3 
1573308511 3 
1573308512 0 
1573308513 0 
1573308514 0 
1573308515 0 
1573308516 0 
1573308517 0 
1573308518 0 
1573308519 0 
1573308520 0 
1573308521 0 
1573308522 0 
1573308523 0 
1573308524 0 
1573308525 1 
1573308526 0 
1573308527 1 
1573308528 1 
1573308529 1 
1573308530 0 
1573308531 0 
1573308532 0 
1573308533 0 
1573308534 0 
1573308535 0 
1573308536 1 
1573308537 1 
1573308538 1 
1573308539 1 
1573308540 2 
1573308541 1 
1573308542 0 
1573308543 0 
1573308544 0 
1573308545 0 
1573308546 0 
1573308547 0 
1573308548 0 
1573308549 0 
1573308550 0 
1573308551 0 
1573308552 1 
1573308553 1 
1573308554 0 
1573308555 0 
1573308556 0 
1573308557 0 
1573308558 1 
1573308559 0 
1573308560 0 
1573308561 0 
1573308562 0 
1573308563 0 
1573308564 0 
1573308565 0 
1573308566 0 
1573308567 0 
1573308568 0 
1573308569 0 
1573308570 0 
1573308571 0 
1573308572 0 
1573308573 0 
1573308574 0 
1573308575 0 
1573308576 0 
1573308577 0 
1573308578 0 
1573308579 0 
1573308580 0 
1573308581 0 
1573308582 0 
1573308583 0 
1573308584 0 
1573308585 0 
1573308586 0 
1573308587 0 
1573308588 0 
1573308589 0 
1573308590 0 
1573308591 0 
1573308592 1 
1573308593 0 
1573308594 0 
1573308595 0 
1573308596 0 
1573308597 1 
1573308598 1 
1573308725 1 
1573308726 1 
1573308727 3 
1573308728 2 
1573308729 0 
1573308730 0 
1573310216 1 
1573310217 1 
1573310218 1 
1573310219 2 
1573310220 0 
1573310221 0 
1573310222 0 
1573312074 1 
1573312075 1 
1573312076 3 
1573312077 2 
1573312078 0 
1573312079 0 
1573828920 1 
1573828921 1 
1573828922 2 
1573828923 0 
1573828924 0 
1573829224 0 
1573829225 1 
1573829226 2 
1573829227 2 
1573829228 0 
1573829229 0 
1573829230 1 
1573829231 1 
1573829232 0 
1573829233 0 
1573829234 0 
1573829235 0 
1573829236 0 
1573829237 0 
1573829238 0 
1573829239 0 
1573829240 0 
1573829241 0 
1573829242 0 
1573829243 0 
1573829244 0 
1573829245 0 
1573829246 1 
1573829247 1 
1573829248 1 
1573829249 1 
1573829250 1 
1573829251 0 
1573829252 0 
1573829253 0 
1573829254 0 
1573829255 0 
1573829256 0 
1573829257 0 
1573829258 1 
1573829259 1 
1573829260 0 
1573829261 0 
1573829262 0 
1573829263 0 
1573829264 0 
1573829265 0 
1573829266 0 
1573829267 0 
1573829268 0 
1573829269 0 
1573829270 0 
1573829271 2 
1573829272 1 
1573829273 0 
1573829274 0 
1573829275 0 
1573829276 0 
1573829277 0 
1573829278 0 
1573829279 0 
1573829280 0 
1573829281 0 
1573829282 0 
1573829283 0 
1573829284 0 
1573829285 0 
1573829286 0 
1573829287 0 
1573829288 0 
1573829289 0 
1573829290 0 
1573829291 0 
1573829292 0 
1573829293 0 
1573829294 0 
1573829295 1 
1573829296 2 
1573829297 1 
1573829298 2 
1573829299 0 
1573829300 0 
1573829301 0 
1573829302 0 
1573829303 0 
1573829304 0 
1573829305 0 
1573829306 0 
1573829307 0 
1573829308 0 
1573829309 0 
1573829310 0 
1573829311 0 
1573829312 0 
1573829313 1 
1573829314 2 
1573829315 2 
1573829316 2 
1573829317 2 
1573829318 2 
1573829319 2 
1573829320 3 
1573829321 2 
1573829322 2 
1573829323 1 
1573829324 0 
1573829325 0 
1573829326 0 
1573829327 0 
1573829328 0 
1573829329 0 
1573829330 0 
1573829331 0 
1573829332 0 
1573829333 0 
1573829334 0 
1573829335 1 
1573829336 2 
1573829337 3 
1573829338 2 
1573829339 1 
1573829340 1 
1573829341 0 
1573829342 0 
1573829343 0 
1573829344 0 
1573829345 0 
1573829346 0 
1573829347 0 
1573829348 0 
1573829349 0 
1573829350 0 
1573829351 0 
1573829352 0 
1573829353 0 
1573829354 0 
1573829355 0 
1573829356 0 
1573829357 0 
1573829358 0 
1573829359 0 
1573829360 1 
1573829361 1 
1573829362 1 
1573829363 1 
1573829364 2 
1573829365 0 
1573829366 0 
1573829367 1 
1573829368 0 
1573829369 0 
1573829370 1 
1573829371 0 
1573829372 0 
1573829373 0 
1573829374 0 
1573829375 1 
1573829376 1 
1573829377 1 
1573829378 0 
1573829379 0 
1573829380 0 
1573829381 0 
1573829382 0 
1573829383 0 
1573829384 0 
1573829385 0 
1573829386 0 
1573829387 0 
1573829388 0 
1573829389 0 
1573829390 0 
1573829391 0 
1573829392 0 
1573829393 0 
1573829394 0 
1573829395 0 
1573829396 0 
1573829397 0 
1573829398 0 
1573829399 0 
1573829400 0 
1573829401 0 
1573829402 0 
1573829403 2 
1573830397 0 
1573830398 1 
1573830399 2 
1573830400 2 
1573830401 3 
1573830402 1 
1573830403 0 
1573830404 1 
1573903266 0 
1573903267 1 
1573903268 2 
1573903269 1 
1573903270 1 
1573903577 0 
1573903578 1 
1573903579 2 
1573903580 0 
1573903581 1 
1573903582 0 
1573903583 1 
1573903584 0 
1573903585 0 
1573903586 0 
1573903587 0 
1573903588 0 
1573903589 0 
1573903590 0 
1573903591 0 
1573903592 0 
1573903593 0 
1573903594 0 
1573903595 0 
1573903596 0 
1573903597 0 
1573903598 0 
1573903599 0 
1573903600 0 
1573903601 0 
1573903602 0 
1573903603 1 
1573903604 0 
1573903605 0 
1573903606 0 
1573903607 0 
1573903608 0 
1573903609 0 
1573903610 0 
1573903611 0 
1573903612 1 
1573903613 2 
1573903614 1 
1573903615 1 
1573903616 1 
1573903617 0 
1573903618 0 
1573903619 0 
1573903620 0 
1573903621 0 
1573903622 0 
1573903623 0 
1573903624 0 
1573903625 3 
1573903626 4 
1573903627 2 
1573903628 1 
1573903629 2 
1573903630 2 
1573903631 2 
1573903632 0 
1573903633 0 
1573903634 0 
1573903635 0 
1573903636 0 
1573903637 0 
1573903638 0 
1573903639 0 
1573903640 0 
1573903641 0 
1573903642 0 
1573903643 0 
1573903644 0 
1573903645 0 
1573903646 0 
1573903647 0 
1573903648 0 
1573903649 0 
1573903650 1 
1573903651 1 
1573903652 2 
1573903653 1 
1573903654 2 
1573903655 0 
1573903656 0 
1573903657 0 
1573903658 0 
1573903659 0 
1573903660 0 
1573903661 0 
1573903662 0 
1573903663 0 
1573903664 0 
1573903665 0 
1573903666 0 
1573903667 0 
1573903668 2 
1573903669 2 
1573903670 2 
1573903671 3 
1573903672 2 
1573903673 3 
1573903674 3 
1573903675 3 
1573903676 3 
1573903677 2 
1573903678 3 
1573903679 2 
1573903680 1 
1573903681 2 
1573903682 0 
1573903683 0 
1573903684 0 
1573903685 0 
1573903686 0 
1573903687 0 
1573903688 0 
1573903689 0 
1573903690 0 
1573903691 0 
1573903692 1 
1573903693 0 
1573903694 2 
1573903695 2 
1573903696 1 
1573903697 1 
1573903698 0 
1573903699 0 
1573903700 0 
1573903701 0 
1573903702 0 
1573903703 0 
1573903704 0 
1573903705 0 
1573903706 0 
1573903707 0 
1573903708 0 
1573903709 0 
1573903710 0 
1573903711 0 
1573903712 0 
1573903713 0 
1573903714 0 
1573903715 0 
1573903716 0 
1573903717 0 
1573903718 0 
1573903719 0 
1573903720 0 
1573903721 1 
1573903722 1 
1573903723 2 
1573903724 0 
1573903725 0 
1573903726 0 
1573903727 0 
1573903728 0 
1573903729 1 
1573903730 0 
1573903731 0 
1573903732 0 
1573903733 0 
1573903734 2 
1573903735 0 
1573903736 0 
1573903737 0 
1573903738 0 
1573903739 0 
1573903740 0 
1573903741 0 
1573903742 0 
1573903743 0 
1573903744 0 
1573903745 0 
1573903746 0 
1573903747 0 
1573903748 0 
1573903749 0 
1573903750 0 
1573903751 0 
1573903752 0 
1573903753 0 
1573903754 0 
1573903755 0 
1573903756 0 
1573903757 0 
1573903758 0 
1573903759 0 
1573903760 0 
1573903761 0 
1573904197 1 
1573904198 1 
1573904199 2 
1573904200 0 
1573904201 1 
1574689269 1 
1574689270 2 
1574689271 1 
1574689272 1 
1574689273 2 
1574689274 0 
1574693517 0 
1574693518 0 
1574693519 1 
1574693520 1 
1574693521 0 
1574693522 1 
1574693523 0 
1574693524 1 
1574693525 0 
1574693526 0 
1574693527 0 
1574693528 0 
1574693529 0 
1574693530 0 
1574693531 0 
1574693533 0 
1574693534 0 
1574693535 0 
1574693536 0 
1574693537 0 
1574693538 0 
1574693539 0 
1574693540 0 
1574693541 0 
1574693542 0 
1574693543 0 
1574693544 0 
1574693545 0 
1574693546 0 
1574693547 0 
1574693548 0 
1574693549 0 
1574693550 0 
1574693551 0 
1574693552 0 
1574693553 0 
1574693554 0 
1574693555 0 
1574693556 0 
1574693557 0 
1574693558 0 
1574693559 0 
1574693560 0 
1574693561 0 
1574693562 0 
1574693563 0 
1574693564 1 
1574693565 1 
1574693566 1 
1574693567 1 
1574693568 0 
1574693569 1 
1574693570 0 
1574693571 2 
1574693572 0 
1574693573 0 
1574693574 1 
1574693575 0 
1574693576 0 
1574693577 0 
1574693578 0 
1574693579 0 
1574693580 0 
1574693581 0 
1574693582 0 
1574693583 0 
1574693584 0 
1574693585 0 
1574693586 0 
1574693587 0 
1574693588 0 
1574693589 0 
1574693590 0 
1574693591 0 
1574693592 0 
1574693593 0 
1574693594 0 
1574693595 0 
1574693596 0 
1574693597 0 
1574693598 0 
1574693599 0 
1574693600 0 
1574693601 0 
1574693602 0 
1574693603 0 
1574693604 0 
1574693605 0 
1574693606 0 
1574693607 0 
1574693608 0 
1574693609 0 
1574693610 1 
1574693611 1 
1574693612 1 
1574693613 2 
1574693614 1 
1574693615 1 
1574693616 1 
1574693617 1 
1574693618 2 
1574693619 2 
1574693620 2 
1574693621 3 
1574693622 0 
1574693623 0 
1574693624 0 
1574693625 0 
1574693626 0 
1574693627 0 
1574693628 0 
1574693629 0 
1574693630 0 
1574693631 0 
1574693632 0 
1574693633 0 
1574693634 0 
1574693635 0 
1574693636 0 
1574693637 0 
1574693638 0 
1574693639 0 
1574693640 0 
1574693641 1 
1574693642 2 
1574693643 1 
1574693644 0 
1574693645 0 
1574693646 0 
1574693647 0 
1574693648 0 
1574693649 0 
1574693650 0 
1574693651 0 
1574693652 0 
1574693653 0 
1574693654 0 
1574693655 0 
1574693656 0 
1574693657 0 
1574693658 0 
1574693659 0 
1574693660 0 
1574693661 0 
1574693662 0 
1574693663 0 
1574693664 0 
1574693665 0 
1574693666 1 
1574693667 1 
1574693668 3 
1574693669 0 
1574693670 0 
1574693671 0 
1574693672 0 
1574693673 0 
1574693674 0 
1574693675 0 
1574693676 0 
1574693677 0 
1574693678 0 
1574693679 0 
1574693680 0 
1574693681 0 
1574693682 0 
1574693683 0 
1574693684 0 
1574693685 0 
1574693686 0 
1574693687 0 
1574693688 0 
1574693689 0 
1574693690 0 
1574693691 0 
1574693692 0 
1574693693 0 
1574693694 0 
1574693695 0 
1574693696 0 
1574693697 0 
1574693698 0 
1574693699 0 
1574693700 0 
1574693701 0 
1574693702 0 
1574693703 0 
1574693704 0 
1574693705 0 
1574693706 0 
1574693707 0 
1574693708 0 
1574693709 0 
1574956019 1 
1574956020 1 
1574956021 1 
1574956022 2 
1574956023 3 
1574956024 1 
1574956025 0 
1575115987 0 
1575115988 1 
1575115989 1 
1575115990 2 
1575115991 1 
1575115992 1 
1575115993 0 
1575122984 2 
1575122985 1 
1575122986 0 
1575122987 1 
1575122988 2 
1575296967 0 
1575296968 0 
1575296969 0 
1575296970 0 
1575296971 0 
1575296972 0 
1575296973 0 
1575296974 0 
1575296975 0 
1575296976 0 
1575296977 0 
1575296978 0 
1575296979 0 
1575296980 0 
1575296981 0 
1575296982 0 
1575296983 0 
1575296984 0 
1575296985 0 
1575296986 0 
1575296987 0 
1575296988 0 
1575296989 0 
1575296990 0 
1575296991 0 
1575296992 0 
1575296993 0 
1575296994 0 
1575296995 0 
1575296996 0 
1575296997 0 
1575296998 0 
1575296999 0 
1575297000 0 
1575297001 0 
1575297002 0 
1575297003 0 
1575297004 0 
1575297005 0 
1575297006 0 
1575297007 0 
1575297008 0 
1575297009 0 
1575297010 0 
1575297011 0 
1575297012 0 
1575297013 0 
1575297014 0 
1575297015 0 
1575297016 0 
1575297017 0 
1575297018 0 
1575297019 0 
1575297020 0 
1575297021 0 
1575297022 0 
1575297023 0 
1575297024 0 
1575297025 0 
1575297026 0 
1575297027 0 
1575297028 0 
1575297029 0 
1575297030 0 
1575297031 0 
1575297032 0 
1575297033 0 
1575297034 0 
1575297035 0 
1575297036 0 
1575297037 0 
1575297038 0 
1575297039 0 
1575297040 0 
1575297041 0 
1575297042 0 
1575297043 0 
1575297044 0 
1575297045 0 
1575297046 0 
1575297047 0 
1575297048 0 
1575297049 0 
1575297050 0 
1575297051 0 
1575297052 0 
1575297053 1 
1575297054 0 
1575297055 0 
1575297056 0 
1575297057 0 
1575297058 0 
1575297059 0 
1575297060 0 
1575297061 0 
1575297062 0 
1575297063 0 
1575297064 0 
1575297065 0 
1575297066 0 
1575297067 0 
1575297068 0 
1575297069 0 
1575297070 0 
1575297071 0 
1575297072 0 
1575297073 0 
1575297074 0 
1575297075 0 
1575297076 0 
1575297077 0 
1575297078 0 
1575297079 0 
1575297080 0 
1575297081 0 
1575297082 0 
1575297083 0 
1575297084 0 
1575297085 0 
1575297086 0 
1575297087 0 
1575297088 0 
1575297089 0 
1575297090 0 
1575297091 0 
1575297092 0 
1575297093 0 
1575297094 0 
1575297095 0 
1575297096 0 
1575297097 0 
1575297098 0 
1575297099 0 
1575297100 0 
1575297101 0 
1575297102 0 
1575297103 0 
1575297104 0 
1575297105 0 
1575297106 0 
1575297107 0 
1575297108 0 
1575297109 0 
1575297110 0 
1575297111 0 
1575297112 0 
1575297113 0 
1575297114 0 
1575297115 0 
1575297116 0 
1575297117 0 
1575297118 0 
1575297119 0 
1575297120 0 
1575297121 0 
1575297122 0 
1575297123 0 
1575297124 0 
1575297125 0 
1575297126 0 
1575297127 0 
1575297128 0 
1575297129 0 
1575297130 0 
1575297131 0 
1575297132 0 
1575297133 0 
1575297134 0 
1575297135 0 
1575297136 0 
1575297137 0 
1575297138 0 
1575297139 0 
1575297140 0 
1575297141 0 
1575297142 0 
1575297143 0 
1575297144 0 
1575297145 0 
1575297146 0 
1575297147 0 
1575297148 0 
1575297149 0 
1575297150 0 
1575297151 0 
1575297152 0 
1575297153 0 
1575297154 0 
1575297155 0 
1575297156 0 
1575297157 0 
1575297158 0 
1575561124 0 
1575561125 0 
1575561126 0 
1575561127 0 
1575561128 1 
1575561129 1 
1575561130 0 
1575561131 0 
1575561132 0 
1575561133 0 
1575561134 0 
1575561135 1 
1575561136 0 
1575561137 0 
1575561138 0 
1575561139 0 
1575561140 0 
1575561141 0 
1575561142 0 
1575561143 0 
1575561144 0 
1575561145 0 
1575561146 0 
1575561147 0 
1575561148 0 
1575561149 0 
1575561150 0 
1575561151 1 
1575561152 0 
1575561153 0 
1575561154 1 
1575561155 1 
1575561156 0 
1575561157 0 
1575561158 0 
1575561159 0 
1575561160 0 
1575561161 0 
1575561162 2 
1575561163 0 
1575561164 1 
1575561165 0 
1575561166 0 
1575561167 0 
1575561168 0 
1575561169 0 
1575561170 0 
1575561171 0 
1575561172 0 
1575561173 0 
1575561174 0 
1575561175 0 
1575561176 1 
1575561177 1 
1575561178 1 
1575561179 1 
1575561180 1 
1575561181 0 
1575561182 0 
1575561183 0 
1575561184 0 
1575561185 0 
1575561186 0 
1575561187 0 
1575561188 0 
1575561189 0 
1575561190 0 
1575561191 0 
1575561192 0 
1575561193 0 
1575561194 0 
1575561195 0 
1575561196 0 
1575561197 0 
1575561198 0 
1575561199 0 
1575561200 0 
1575561201 1 
1575561202 0 
1575561203 0 
1575561204 0 
1575561205 0 
1575561206 0 
1575561207 0 
1575561208 0 
1575561209 0 
1575561210 0 
1575561211 0 
1575561212 0 
1575561213 1 
1575561214 1 
1575561215 0 
1575561216 0 
1575561217 0 
1575561218 0 
1575561219 1 
1575561220 1 
1575561221 1 
1575561222 2 
1575561223 1 
1575561224 1 
1575561225 1 
1575561226 2 
1575561227 0 
1575561228 0 
1575561229 1 
1575561230 0 
1575561231 0 
1575561232 0 
1575561233 0 
1575561234 0 
1575561235 0 
1575561236 0 
1575561237 0 
1575561238 0 
1575561239 0 
1575561240 0 
1575561241 0 
1575561242 0 
1575561243 0 
1575561244 0 
1575561245 1 
1575561246 0 
1575561247 0 
1575561248 0 
1575561249 0 
1575561250 0 
1575561251 0 
1575561252 0 
1575561253 0 
1575561254 0 
1575561255 0 
1575561256 0 
1575561257 0 
1575561258 0 
1575561259 0 
1575561260 0 
1575561261 0 
1575561262 0 
1575561263 0 
1575561264 0 
1575561265 0 
1575561266 0 
1575561267 2 
1575561268 0 
1575561269 0 
1575561270 2 
1575561271 2 
1575561272 1 
1575561273 2 
1575561274 0 
1575561275 0 
1575561276 1 
1575561277 0 
1575561278 0 
1575561279 0 
1575561280 0 
1575561281 0 
1575561282 0 
1575561283 0 
1575561284 1 
1575561285 0 
1575561286 0 
1575561287 1 
1575561288 2 
1575561289 2 
1575561290 0 
1575561291 0 
1575561292 0 
1575561293 1 
1575561294 1 
1575561295 0 
1575561296 0 
1575561297 0 
1575561298 0 
1575561299 0 
1575561300 0 
1575561301 0 
1575561302 0 
1575561303 0 
1575561304 0 
1575561305 0 
1575561306 0 
1575561307 0 
1575561308 0 
1575561309 0 
1575561310 0 
1575561311 0 
1575561312 1 
1579525775 0 
1579525776 0 
1579525777 0 
1579525778 1 
1579525779 0 
1579525780 0 
1579525781 1 
1579525782 0 
1579525783 0 
1579525784 0 
1579525785 0 
1579525786 0 
1579525787 0 
1579525788 0 
1579525789 0 
1579525790 0 
1579525791 0 
1579525792 0 
1579525793 0 
1579525794 0 
1579525795 0 
1579525796 0 
1579525797 0 
1579525798 0 
1579525799 0 
1579525800 0 
1579525801 0 
1579525802 0 
1579525803 0 
1579525804 0 
1579525805 0 
1579525806 0 
1579525807 0 
1579525808 0 
1579525809 1 
1579525810 0 
1579525811 0 
1579525812 0 
1579525813 0 
1579525814 0 
1579525815 0 
1579525816 0 
1579525817 0 
1579525818 0 
1579525819 1 
1579525820 2 
1579525821 3 
1579525822 3 
1579525823 2 
1579525824 2 
1579525825 0 
1579525826 0 
1579525827 0 
1579525828 0 
1579525829 0 
1579525830 0 
1579525831 0 
1579525832 0 
1579525833 0 
1579525834 0 
1579525835 0 
1579525836 0 
1579525837 0 
1579525838 0 
1579525839 0 
1579525840 0 
1579525841 0 
1579525842 0 
1579525843 0 
1579525844 0 
1579525845 0 
1579525846 0 
1579525847 0 
1579525848 0 
1579525849 0 
1579525850 0 
1579525851 0 
1579525852 1 
1579525853 0 
1579525854 0 
1579525855 0 
1579525856 0 
1579525857 1 
1579525858 1 
1579525859 1 
1579525860 2 
1579525861 1 
1579525862 0 
1579525863 0 
1579525864 0 
1579525865 1 
1579525866 1 
1579525867 1 
1579525868 1 
1579525869 2 
1579525870 1 
1579525871 1 
1579525872 1 
1579525873 0 
1579525874 0 
1579525875 2 
1579525876 2 
1579525877 1 
1579525878 0 
1579525879 0 
1579525880 1 
1579525881 2 
1579525882 2 
1579525883 2 
1579525884 1 
1579525885 1 
1579525886 1 
1579525887 0 
1579525888 0 
1579525889 1 
1579525890 1 
1579525891 3 
1579525892 3 
1579525893 2 
1579525894 0 
1579525895 0 
1579525896 0 
1579525897 0 
1579525898 0 
1579525899 0 
1579525900 0 
1579525901 0 
1579525902 0 
1579525903 0 
1579525904 0 
1579525905 0 
1579525906 0 
1579525907 0 
1579525908 0 
1579525909 0 
1579525910 0 
1579525911 0 
1579525912 0 
1579525913 0 
1579525914 0 
1579525915 0 
1579525916 0 
1579525917 0 
1579525918 0 
1579525919 0 
1579525920 0 
1579525921 0 
1579525922 0 
1579525923 0 
1579525924 0 
1579525925 0 
1579525926 0 
1579525927 0 
1579525928 0 
1579525929 0 
1579525930 0 
1579525931 0 
1579525932 0 
1579525933 0 
1579525934 0 
1579525935 0 
1579525936 0 
1579525937 0 
1579525938 0 
1579525939 0 
1579525940 0 
1579525941 0 
1579525942 0 
1579525943 0 
1579525944 0 
1579525945 0 
1579525946 0 
1579525947 0 
1579525948 0 
1579525949 0 
1579525950 0 
1579525951 0 
1579525952 0 
1579525953 0 
1579525954 0 
1579525955 0 
1579525956 0 
1579525957 0 
1579525958 0 
1579525959 0 
1579525960 0 
1579525961 0 
1579526101 0 
1579526102 0 
1579526103 0 
1579526104 0 
1579526105 0 
1579526106 2 
1580222580 1 
1580222581 1 
1580222582 0 
1580222583 1 
1580222584 1 
1580306488 0 
1580306489 0 
1580306490 0 
1580306491 1 
1580306492 0 
1580306493 0 
1580307666 0 
1580307667 1 
1580307668 1 
1580307669 0 
1580307670 0 
1580307671 0 
1580307672 0 
1580307673 0 
1580307674 0 
1580307675 0 
1580307676 0 
1580307677 0 
1580307678 0 
1580307679 0 
1580307680 0 
1580307681 0 
1580307682 0 
1580307683 0 
1580307684 0 
1580307685 0 
1580307686 0 
1580307687 0 
1580307688 0 
1580307689 0 
1580307690 0 
1580307691 0 
1580307692 0 
1580307693 0 
1580307694 0 
1580307695 0 
1580307696 0 
1580307697 0 
1580307698 0 
1580307699 0 
1580307700 0 
1580307701 0 
1580307702 0 
1580307703 0 
1580307704 0 
1580307705 0 
1580307706 0 
1580307707 0 
1580307708 0 
1580307709 0 
1580307710 0 
1580307711 0 
1580307712 0 
1580307713 0 
1580307714 0 
1580307715 0 
1580307716 0 
1580307717 0 
1580307718 0 
1580307719 0 
1580307720 0 
1580307721 0 
1580307722 0 
1580307723 0 
1580307724 0 
1580307725 0 
1580307726 0 
1580307727 0 
1580307728 0 
1580307729 0 
1580307730 0 
1580307731 0 
1580307732 0 
1580307733 0 
1580307734 0 
1580307735 0 
1580307736 0 
1580307737 0 
1580307738 0 
1580307739 0 
1580307740 0 
1580307741 0 
1580307742 0 
1580307743 0 
1580307744 0 
1580307745 0 
1580307746 0 
1580307747 0 
1580307748 1 
1580307749 2 
1580307750 2 
1580307751 0 
1580307752 0 
1580307753 0 
1580307754 0 
1580307755 0 
1580307756 0 
1580307757 0 
1580307758 0 
1580307759 0 
1580307760 0 
1580307761 0 
1580307762 0 
1580307763 0 
1580307764 2 
1580307765 0 
1580307766 0 
1580307767 0 
1580307768 0 
1580307769 0 
1580307770 0 
1580307771 0 
1580307772 1 
1580307773 0 
1580307774 0 
1580307775 0 
1580307776 0 
1580307777 0 
1580307778 0 
1580307779 0 
1580307780 0 
1580307781 0 
1580307782 2 
1580307783 2 
1580307784 0 
1580307785 0 
1580307786 0 
1580307787 0 
1580307788 0 
1580307789 0 
1580307790 0 
1580307791 0 
1580307792 0 
1580307793 0 
1580307794 0 
1580307795 0 
1580307796 0 
1580307797 0 
1580307798 0 
1580307799 0 
1580307800 0 
1580307801 0 
1580307802 0 
1580307803 0 
1580307804 0 
1580307805 0 
1580307806 0 
1580307807 0 
1580307808 0 
1580307809 0 
1580307810 0 
1580307811 0 
1580307812 0 
1580307813 0 
1580307814 0 
1580307815 0 
1580307816 0 
1580307817 0 
1580307818 0 
1580307819 0 
1580307820 0 
1580307821 0 
1580307822 0 
1580307823 0 
1580307824 0 
1580307825 0 
1580307826 0 
1580307827 0 
1580307828 0 
1580307829 0 
1580307830 0 
1580307831 0 
1580307832 0 
1580307833 0 
1580307834 0 
1580307835 0 
1580307836 0 
1580307837 0 
1580307838 0 
1580307839 0 
1580307840 0 
1580307841 0 
1580307842 0 
1580307843 0 
1580307844 0 
1580307845 0 
1580307846 0 
1580307847 0 
1580307848 0 
1580307849 0 
1580307850 0 
1581937202 1 
1581937203 1 
1581937204 1 
1581937205 2 
1581937206 2 
1581937207 1 
1581938189 1 
1581938190 1 
1581938191 0 
1581938192 1 
1581938193 1 
1582031541 0 
1582031542 1 
1582031543 1 
1582031544 0 
1582031545 2 
1582031546 2 
1582031547 0 
1582031548 2 
1582190790 1 
1582190791 2 
1582190792 2 
1582190793 1 
1582190794 0 
1582636624 2 
1582636625 2 
1582636626 3 
1582636627 3 
1582636628 4 