1572361217 2
1572361218 2
1572361219 2
1572361220 2
1572361221 2
1572361222 2
1572361415 2
1572361416 2
1572361417 2
1572361418 2
1572361419 2
1572361420 2
1572361610 2
1572361611 2
1572361612 2
1572361613 2
1572361614 2
1572361615 2
1572361806 2
1572361807 2
1572361808 2
1572361809 2
1572361810 2
1572362003 2
1572362004 2
1572362005 2
1572362006 2
1572362007 2
1572362008 2
1572362198 2
1572362199 2
1572362200 2
1572362201 2
1572362202 2
1572362203 2
1572362394 2
1572362395 2
1572362396 2
1572362397 2
1572362398 2
1572362399 2
1572362590 2
1572362591 2
1572362592 2
1572362593 2
1572362594 2
1572362595 2
1572362789 2
1572362790 2
1572362791 2
1572362792 2
1572362793 2
1572362794 2
1572362985 2
1572362986 2
1572362987 2
1572362988 2
1572362989 2
1572362990 2
1572363430 2
1572363431 2
1572363432 2
1572363433 2
1572363760 2
1572363761 2
1572363762 2
1572363763 2
1572364089 2
1572364090 2
1572364091 2
1572364092 2
1572364093 2
1572364420 2
1572364421 2
1572364422 2
1572364423 2
1572364752 2
1572364753 2
1572364754 2
1572364755 2
1572364756 2
1572365094 2
1572365095 2
1572365096 2
1572365097 2
1572365098 2
1572365472 2
1572365473 2
1572365474 2
1572365475 2
1572365844 2
1572365845 2
1572365846 2
1572365847 2
1572365848 2
1572366183 2
1572366184 2
1572366185 2
1572366186 2
1572366187 2
1572366518 2
1572366519 2
1572366520 2
1572366521 2
1572366522 2
1572366856 4
1572366857 3
1572366858 1
1572366859 1
1572366860 1
1572366861 1
1572366862 1
1572366863 1
1572366864 2
1572366865 2
1572366866 2
1572366867 3
1572366868 2
1572366869 2
1572366870 2
1572366871 2
1572366872 2
1572366873 2
1572366874 2
1572367038 2
1572367039 2
1572367040 2
1572367041 2
1572367042 2
1572367207 2
1572367208 2
1572367209 2
1572367210 2
1572367211 2
1572367376 2
1572367377 2
1572367378 2
1572367379 2
1572367380 2
1572367730 2
1572367731 2
1572367732 2
1572367733 2
1572367906 2
1572367907 2
1572367908 2
1572367909 2
1572368073 2
1572368074 2
1572368075 2
1572368076 2
1572368077 2
1572368240 2
1572368241 2
1572368242 2
1572368243 2
1572368244 2
1572368406 2
1572368407 2
1572368408 2
1572368409 2
1572369548 2
1572369549 2
1572369550 2
1572369551 2
1572369552 2
1572369878 2
1572369879 2
1572369880 2
1572369881 2
1572369882 2
1572370209 2
1572370210 2
1572370211 2
1572370212 2
1572370541 2
1572370542 2
1572370543 2
1572370544 2
1572370545 2
1572370870 2
1572370871 2
1572370872 2
1572370873 2
1572371199 2
1572371200 2
1572371201 2
1572371202 2
1572371203 2
1572371533 2
1572371534 2
1572371535 2
1572371536 2
1572371861 2
1572371862 2
1572371863 2
1572371864 2
1572371865 2
1572372191 2
1572372192 2
1572372193 2
1572372194 2
1572372195 2
1572372520 2
1572372521 2
1572372522 2
1572372523 2
