1573827949 2
1573827950 2
1573827951 2
1573827952 2
1573827953 2
1573828877 2
1573828878 2
1573828879 2
1573828880 2
1573829182 2
1573829183 2
1573829184 2
1573829185 2
1573829186 2
1573829488 2
1573829489 2
1573829490 2
1573829491 2
1573829492 2
1573829869 2
1573829870 2
1573829871 2
1573829872 2
1573829873 2
1573830355 2
1573830356 2
1573830357 2
1573830358 2
1573830359 2
1573831363 2
1573831364 2
1573831365 2
1573831366 2
1573831367 2
1573831521 2
1573831522 2
1573831523 2
1573831524 2
1573831679 2
1573831680 2
1573831681 2
1573831682 2
1573831843 4
1573831844 4
1573831845 3
1573831846 2
1573831847 2
1573831848 2
1573831849 2
1573831850 2
1573831851 2
1573831852 2
1573831853 2
1573831854 2
1573831855 2
1573832005 2
1573832006 2
1573832007 2
1573832163 2
1573832164 2
1573832165 2
1573832166 2
1573832320 2
1573832321 2
1573832322 2
1573832323 2
1573832478 4
1573832479 4
1573832480 2
1573832481 2
1573832482 2
1573832483 2
1573832484 2
1573832485 2
1573832486 2
1573832487 2
1573832488 2
1573832489 2
1573832642 2
1573832643 2
1573832644 2
1573832645 2
1573832796 2
1573832797 2
1573832798 2
1573832799 2
1573832979 2
1573832980 2
1573832981 2
1573832982 2
1573832983 2
1573833150 2
1573833151 2
1573833152 2
1573833153 2
1573833313 2
1573833314 2
1573833315 2
1573833316 2
1573833470 2
1573833471 2
1573833472 2
1573833473 2
1573833627 2
1573833628 2
1573833629 2
1573833630 2
1573833631 2
