1580304683 2
1580304684 2
1580304685 2
1580304686 2
1580304840 2
1580304841 2
1580304842 2
1580304843 2
1580305001 2
1580305002 2
1580305003 2
1580305004 2
1580305005 2
1580305161 2
1580305162 2
1580305163 2
1580305164 2
1580305165 2
1580305324 2
1580305325 2
1580305326 2
1580305327 2
1580305506 2
1580305507 2
1580305508 2
1580305509 2
1580305668 2
1580305669 2
1580305670 2
1580305671 2
1580305672 2
1580305827 2
1580305828 2
1580305829 2
1580305830 2
1580305831 2
1580305983 2
1580305984 2
1580305985 2
1580305986 2
1580305987 2
1580306142 2
1580306143 2
1580306144 2
1580306145 2
1580306447 2
1580306448 2
1580306449 2
1580306450 2
1580306748 2
1580306749 2
1580306750 2
1580306751 2
1580307063 2
1580307064 2
1580307065 2
1580307066 2
1580307624 2
1580307625 2
1580307626 2
1580307627 2
1580307934 2
1580307935 2
1580307936 2
1580307937 2
1580308246 2
1580308247 2
1580308248 2
1580308249 2
1580310449 2
1580310450 2
1580310451 2
1580310452 2
1580310762 2
1580310763 2
1580310764 2
1580310765 2
1580310766 2
1580311077 2
1580311078 2
1580311079 2
1580311080 2
1580311696 2
1580311697 2
1580311698 2
1580311699 2
1580311700 2
1580311701 2
1580311702 2
1580311703 2
1580311704 2
1580311705 2
1580311706 2
1580311707 2
1580311708 2
1580311709 2
1580311710 2
1580311711 2
1580311712 2
1580311713 2
1580311714 2
1580311715 2
1580311716 2
1580311717 2
1580311718 2
1580311719 2
1580311720 2
1580311721 2
1580311722 2
1580311723 2
1580311724 2
1580311725 2
1580311726 2
1580311727 2
1580311728 2
1580311729 2
1580311730 2
1580311731 2
1580311732 2
1580311733 2
1580311734 2
1580311735 2
1580311736 2
1580311737 2
1580311738 2
1580311739 2
1580311740 2
1580311741 2
1580311742 2
1580311743 2
1580311744 2
1580311745 2
1580311746 2
1580311747 2
1580311748 2
1580311749 2
1580311750 2
1580311751 2
1580311752 2
1580311753 2
1580311754 2
1580311755 2
1580311756 2
1580311757 2
1580311758 2
1580311759 2
1580311760 2
1580311761 2
1580311762 2
1580312103 2
1580312104 2
1580312105 2
1580312106 2
1580312688 2
1580312689 2
1580312690 2
1580312691 2
1580312692 2
1580313246 2
1580313247 2
1580313248 2
1580313249 2
1580314210 2
1580314211 2
1580314212 2
1580314213 2
1580314766 2
1580314767 2
1580314768 2
1580314769 2
1580314770 2
1580315322 2
1580315323 2
1580315324 2
1580315325 2
1580315886 2
1580315887 2
1580315888 2
1580315889 2
1580316589 2
1580316590 2
1580316591 2
1580316592 2
1580317162 2
1580317163 2
1580317164 2
1580317165 2
