1579522810 2
1579522811 2
1579522812 2
1579522813 2
1579523020 2
1579523021 2
1579523022 2
1579523023 2
1579523209 2
1579523210 2
1579523211 2
1579523212 2
1579523213 2
1579523375 2
1579523376 2
1579523377 2
1579523378 2
1579523548 2
1579523549 2
1579523550 2
1579523551 2
1579523729 2
1579523730 2
1579523731 2
1579523732 2
1579523910 2
1579523911 2
1579523912 2
1579523913 2
1579524097 2
1579524098 2
1579524099 2
1579524100 2
1579524101 2
1579524267 2
1579524268 2
1579524269 2
1579524270 2
1579524435 2
1579524436 2
1579524437 2
1579524438 2
1579524668 2
1579524669 2
1579524670 2
1579524671 2
1579524991 2
1579524992 2
1579524993 2
1579524994 2
1579525342 2
1579525343 2
1579525344 2
1579525345 2
1579525719 2
1579525720 2
1579525721 2
1579525722 2
1579526043 2
1579526044 2
1579526045 2
1579526046 2
1579526047 2
1579528355 2
1579528356 2
1579528357 2
1579528358 2
1579528675 2
1579528676 2
1579528677 2
1579528678 2
1579528679 2
1579529098 2
1579529099 2
1579529100 2
1579529101 2
1579529477 2
1579529478 2
1579529479 2
1579529480 2
1579529814 2
1579529815 2
1579529816 2
1579529817 2
1579529818 2
1579530214 2
1579530215 2
1579530216 2
1579530217 2
1579530218 2
1579530853 2
1579530854 2
1579530855 2
1579530856 2
1579531904 2
1579531905 2
1579531906 2
1579531907 2
1579532606 2
1579532607 2
1579532608 2
1579532609 2
1579532610 2
1579533240 2
1579533241 2
1579533242 2
1579533243 2
1579533834 2
1579533835 2
1579533836 2
1579533837 2
1579534477 2
1579534478 2
1579534479 2
1579534480 2
1579535150 2
1579535151 2
1579535152 2
1579535153 2
1579535737 2
1579535738 2
1579535739 2
1579535740 2
1579536817 2
1579536818 2
1579536819 2
1579536820 2
1579537402 2
1579537403 2
1579537404 2
1579537405 2
