1575472833 0.900201488
1575472834 0.179918062
1575472834 0.001307993
1575472834 0.074285087
1575472834 0.092901447
1575472834 0.043166759
1575472834 0.039325243
1575472834 0.053411625
1575472834 0.010958252
1575472834 0.011137991
1575472834 0.049724168
1575472834 0.043354919
1575472834 0.043823062
1575472834 0.044605421
1575472835 0.003192713
1575472835 0.009460227
1575472835 0.011539385
1575472835 0.051697942
1575472835 0.039418477
1575472835 0.041945655
1575472838 0.035110157
1575472838 0.003155334
1575472838 0.051042925
1575472838 0.033957078
1575472838 0.001245618
1575472838 0.044074007
1575472838 0.050714193
1575472838 0.00682884
1575472838 0.019991459
1575472838 0.049321756
1575472838 0.036836161
1575472838 0.044676002
1575472838 0.054861933
1575474632 6.9467e-05
1575474632 0.030394309
1575474632 0.04635934
1575474633 0.037120977
1575474633 0.001090997
1575474633 0.049625106
1575474633 0.00139669
1575474633 0.005582095
1575474633 0.020338382
1575474633 0.042200523
1575474633 0.0507287
1575474633 0.037397247
1575474633 0.001517129
1575474633 0.058093473
1575474633 0.027957401
1575474633 0.002163646
1575474633 0.052986605
1575474633 0.000810978
1575474633 0.036475402
1575474633 0.010666801
1575474633 0.032411519
1575474633 0.035706675
1575474633 0.036936675
1575474633 0.051961773
1575474633 0.037011497
1575474633 0.051569544
1575474633 0.002038024
1575474633 0.035182068
1575474633 0.001935743
1575474633 0.047317226
1575474634 0.017304609
1575474634 0.020596408
1575474634 0.031125373
1575474634 0.050439163
1575474634 0.001419944
1575474634 0.05185819
1575474634 0.028257269
1575474634 0.044499634
1575474634 0.050124644
1575474634 0.001086849
1575474634 0.036257715
1575474634 0.001539917
1575474634 0.018689039
1575474634 0.022946894
1575474634 0.033521463
1575474634 0.051815416
1575474634 0.001464562
1575474634 0.036890303
1575474634 0.000145919
1575474634 0.016921136
1575474634 0.012588929
1575474634 0.043601494
1575474634 0.052134039
1575474634 0.036079332
1575474634 0.050544723
1575474634 0.038685799
1575474634 0.052825531
