1575569493 0.053166906
1575569493 0.002715833
1575569493 0.031968684
1575569493 0.001166121
1575569493 0.012615223
1575569493 0.037137876
1575569493 0.025245356
1575569493 0.044074527
1575569493 0.050497585
1575569494 0.044960115
1575569494 0.044023589
1575569494 0.036320861
1575569494 0.051188078
1575569494 0.001924997
1575569494 0.006003578
1575569494 0.029864205
1575569494 0.039943128
1575569494 0.035174571
1575569494 0.001883565
1575569494 0.051530172
1575569494 0.042556423
1575569494 0.037464703
1575569494 0.0494269
1575569494 0.054678425
1575569494 0.026659149
1575569494 0.012525336
1575569494 0.022344159
1575569494 0.047755987
1575569494 0.049503225
1575569494 0.043856229
1575569494 0.000922642
1575569494 0.041305168
1575569494 0.002085067
1575569494 0.045644864
1575569494 0.034310417
1575569494 0.036380079
1575569494 0.000772196
1575569494 0.045864675
1575569494 0.047778629
1575569495 0.045503841
