1571752123 1
1571752321 1
1571752322 1
1571752323 4
1571752324 3
1571752325 4
1571752326 4
1571752327 4
1571752328 4
1571752329 4
1571752330 4
1571752331 4
1571752332 4
1571752333 4
1571752334 4
1571752335 4
1571752336 4
1571752337 3
1571752338 2
1571752339 2
1571752340 3
1571752341 4
1571752342 4
1571752343 4
1571752344 4
1571752345 4
1571752346 4
1571752347 4
1571752348 2
1571752349 2
1571752350 2
1571752351 2
1571752352 2
1571752353 2
1571752354 2
1571752355 2
1571752356 2
1571752357 2
1571752358 2
1571752359 2
1571752360 2
1571752361 2
1571752362 2
1571752363 2
1571752364 2
1571752365 2
1571752366 2
1571752367 2
1571752368 2
1571752369 2
1571752370 2
1571752371 2
1571752372 2
1571752373 2
1571752374 2
1571752375 2
1571752376 2
1571752377 2
1571752378 2
1571752379 2
1571752380 2
1571752381 2
1571752382 2
1571752383 2
1571752384 2
1571752385 2
1571752386 2
1571752387 2
1571752388 2
1571752389 2
1571752390 2
1571752391 2
1571752392 3
1571752393 3
1571752394 3
1571752395 3
1571752396 3
1571752397 3
1571752398 3
1571752399 3
1571752400 3
1571752401 3
1571752402 3
1571752403 2
1571752404 1
1571752405 2
1571752406 2
1571752407 2
1571752408 3
1571752409 5
1571752410 3
1571752411 4
1571752412 6
1571752413 8
1571752414 7
1571752415 5
1571752416 4
1571752417 5
1571752418 4
1571752419 4
1571752420 4
1571752421 6
1571752422 6
1571752423 7
1571752424 5
1571752425 6
1571752426 4
1571752427 4
1571752428 3
1571752429 2
1571752430 2
1571752431 2
1571752432 3
1571752433 3
1571752434 4
1571752435 4
1571752436 4
1571752437 3
1571752438 3
1571752439 3
1571752440 3
1571752441 3
1571752442 3
1571752443 3
1571752444 2
1571752445 2
1571752446 2
1571752447 2
1571752448 2
1571752449 2
1571752450 2
1571752451 2
1571752452 2
1571752453 2
1571752454 2
1571752455 2
1571752456 2
1571752457 2
1571752458 2
1571752459 2
1571752460 2
1571752461 2
1571752462 2
1571752463 2
1571752464 2
1571752465 2
1571752466 2
1571752467 2
1571752468 2
1571752469 2
1571752470 2
1571752471 2
1571752472 2
1571752473 2
1571752474 2
1571752475 2
1571752476 2
1571752477 2
1571752478 5
1571752479 5
1571752480 4
1571752481 5
1571752482 5
1571752483 4
1571752484 4
1571752485 4
1571752486 5
1571752487 5
1571752488 5
1571752489 5
1571752490 3
1571752491 2
1571752492 2
1571752493 3
1571752494 5
1571752495 6
1571752496 5
1571752497 4
1571752498 7
1571752499 9
1571752500 8
1571752501 5
1571752502 8
1571752503 6
1571752504 7
1571752505 6
1571752506 9
1571752507 6
1571752508 7
1571752509 6
1571752510 3
1571752511 5
1571752512 5
1571752513 4
1571752514 4
1571752515 5
1571752516 5
1571752517 5
1571752518 4
1571752519 4
1571752520 4
1571752521 3
1571752522 3
1571752523 3
1571752524 2
1571752525 1
1571752722 1
1571752918 3
1571752919 2
1571753114 2
1571753115 1
1571753311 2
1571753509 1
1571753705 1
1571753901 2
1571760260 1
1571760458 2
1571760659 2
1571760858 2
1571760859 2
1571761057 2
1571761058 1
1571761270 1
1571761271 1
1571761463 3
1571761659 3
1571761855 3
1571762063 1
