1574710594 0 
1574710595 0 
1574710596 0 
1574710597 0 
1574710598 0 
1574710599 0 
1574710600 0 
1574710601 0 
1574710602 0 
1574710603 0 
1574710604 0 
1574710605 0 
1574710606 0 
1574710607 0 
1574710608 0 
1574710609 0 
1574710610 0 
1574710611 0 
1574710612 0 
1574710613 0 
1574710614 0 
1574710615 0 
1574710616 0 
1574710617 0 
1574710618 0 
1574710619 0 
1574710620 0 
1574710621 0 
1574710622 0 
1574710623 0 
1574710624 0 
1574710625 0 
1574710626 0 
1574710627 0 
1574710628 0 
1574710629 0 
1574710630 0 
1574710631 0 
1574710632 0 
1574710633 0 
1574710634 0 
1574710635 0 
1574710636 0 
1574710637 0 
1574710638 0 
1574710639 0 
1574710640 0 
1574710641 0 
1574710642 0 
1574710643 0 
1574710644 0 
1574710645 0 
1574710646 0 
1574710647 0 
1574710648 0 
1574710649 0 
1574710650 0 
1574710651 0 
1574710652 0 
1574710653 0 
1574710654 0 
1574710655 0 
1574710656 0 
1574710657 0 
1574710658 0 
1574710659 0 
1574710660 0 
1574710661 0 
1574710662 0 
1574710663 0 
1574710664 0 
1574710665 0 
1574710666 0 
1574710667 0 
1574710668 0 
1574710669 0 
1574710670 0 
1574710671 0 
1574710672 0 
1574710673 0 
1574710676 0 
1574710677 0 
1574710678 0 
1574710679 0 
1574710680 0 
1574710681 0 
1574710682 0 
1574710683 0 
1574710684 0 
1574710685 0 
1574710686 0 
1574710687 0 
1574710688 0 
1574710689 0 
1574710690 0 
1574710691 0 
1574710692 0 
1574710693 0 
1574710694 0 
1574710695 0 
1574710696 0 
1574710697 0 
1574710698 0 
1574710699 0 
1574710700 0 
1574710701 0 
1574710702 0 
1574710703 0 
1574710704 0 
1574710705 0 
1574710706 0 
1574710707 0 
1574710708 0 
1574710709 0 
1574710710 0 
1574710711 0 
1574710712 0 
1574710713 0 
1574710714 0 
1574710715 0 
1574710716 0 
1574710717 0 
1574710718 0 
1574710719 0 
1574710720 0 
1574710721 0 
1574710722 0 
1574710723 0 
1574710724 0 
1574710725 0 
1574710726 0 
1574710727 0 
1574710728 0 
1574710729 0 
1574710730 0 
1574710731 0 
1574710732 0 
1574710733 0 
1574710734 0 
1574710735 0 
1574710736 0 
1574710737 0 
1574710738 0 
1574710739 0 
1574710740 0 
1574710741 0 
1574710742 0 
1574710743 0 
1574710744 0 
1574710745 0 
1574710746 0 
1574710747 0 
1574710748 0 
1574710749 0 
1574710750 0 
1574710751 0 
1574710752 0 
1574710753 0 
1574710754 0 
1574710755 0 
1574710756 0 
1574710757 0 
1574710758 0 
1574710759 0 
1574710760 0 
1574710761 0 
1574710762 0 
1574710763 0 
1574710764 0 
1574710765 0 
1574710766 0 
1574710767 0 
1574710768 0 
1574710769 0 
1574710770 0 
1574710771 0 
1574710772 0 
1574710773 0 
1574710774 0 
1574710775 0 
1574710776 0 
1574710777 0 
1574710778 0 
1574710779 0 
1574710780 0 
1574710781 0 
1574710782 0 
1574710783 0 
1574710784 0 
1574710785 0 
1574710786 0 
1574710787 0 
1574710788 0 
1574710789 0 
1574710790 0 
1574710791 0 
1574710792 0 
1574710793 0 
1574710794 0 
1574710795 0 
1574710796 0 
1574710797 0 
1574710798 0 
1574710799 0 
1574710800 0 
1574710801 0 
1574710802 0 
1574710803 0 
1574710804 0 
1574710805 0 
1574710806 0 
1574710807 0 
1574710808 0 
1574710809 0 
1574710810 0 
1574710811 0 
1574710812 0 
1574710813 0 
1574710814 0 
1574710815 0 
1574710816 0 
1574710817 0 
1574710818 0 
1574710819 0 
1574710820 0 
1574710821 0 
1574710822 0 
1574710823 0 
1574710824 0 
1574710825 0 
1574710826 0 
1574710827 0 
1574710828 0 
1574710829 0 
1574710830 0 
1574710831 0 
1574710832 0 
1574710833 0 
1574710834 0 
1574710835 0 
1574710836 0 
1574710837 0 
1574710838 0 
1574710839 0 
1574710840 0 
1574710841 0 
1574710842 0 
1574710843 0 
1574710844 0 
1574710845 0 
1574710846 0 
1574710847 0 
1574710848 0 
1574710849 0 
1574710850 0 
1574710851 0 
1574710852 0 
1574710853 0 
1574710854 0 
1574710855 0 
1574710856 0 
1574710857 0 
1574710858 0 
1574710859 0 
1574710860 0 
1574710861 0 
1574710862 0 
1574710863 0 
1574710864 0 
1574710865 0 
1574710866 0 
1574710867 0 
1574710868 0 
1574710869 0 
1574710870 0 
1574710871 0 
1574710872 0 
1574710873 0 
1574710874 0 
1574710875 0 
1574710876 0 
1574710877 0 
1574710878 0 
1574710879 0 
1574710880 0 
1574710881 0 
1574710882 0 
1574710883 0 
1574710884 0 
1574710885 0 
1574710886 0 
1574710887 0 
1574710888 0 
1574710889 0 
1574710890 0 
1574710891 0 
1574710892 0 
1574710893 0 
1574710894 0 
1574710895 0 
1574710896 0 
1574710897 0 
1574710898 0 
1574710899 0 
1574710900 0 
1574710901 0 
1574710902 0 
1574710903 0 
1574710904 0 
1574710905 0 
1574710906 0 
1574710907 0 
1574710908 0 
1574710909 0 
1574710910 0 
1574710911 0 
1574710912 0 
1574710913 0 
1574710914 0 