1574685817 2
1574685818 2
1574685819 2
1574685820 2
1574685821 2
1574686010 2
1574686011 2
1574686012 2
1574686013 2
1574686178 2
1574686179 2
1574686180 2
1574686181 2
1574686340 2
1574686341 2
1574686342 2
1574686343 2
1574686344 2
1574686498 2
1574686499 2
1574686500 2
1574686501 2
1574686664 2
1574686665 2
1574686666 2
1574686667 2
1574686828 2
1574686829 2
1574686830 2
1574686831 2
1574686832 2
1574687014 2
1574687015 2
1574687016 2
1574687017 2
1574687018 2
1574687189 2
1574687190 2
1574687191 2
1574687192 2
1574687353 2
1574687354 2
1574687355 2
1574687356 2
1574689682 2
1574689683 2
1574689684 2
1574689685 2
1574689686 2
1574689898 2
1574689899 2
1574689900 2
1574689901 2
1574689902 2
1574690067 2
1574690068 2
1574690069 2
1574690070 2
1574690071 2
1574690237 2
1574690238 2
1574690239 2
1574690240 2
1574690407 2
1574690408 2
1574690409 2
1574690410 2
1574690567 2
1574690568 2
1574690569 2
1574690570 2
1574690571 2
1574690738 2
1574690739 2
1574690740 2
1574690741 2
1574690897 2
1574690898 2
1574690899 2
1574690900 2
1574691081 2
1574691082 2
1574691083 2
1574691084 2
1574691085 2
1574691260 2
1574691261 2
1574691262 2
1574691263 2
1574691264 2
1574706882 2
1574706883 2
1574706884 2
1574706885 2
1574706886 2
1574707125 2
1574707126 2
1574707127 2
1574707128 2
