1579359404 2
1579359405 2
1579359406 2
1579359407 3
1579359408 2
1579359978 2
1579359979 2
1579359980 2
1579359981 3
1579359982 2
1579360541 2
1579360542 2
1579360543 2
1579360544 3
1579360545 2
1579361098 2
1579361099 2
1579361100 2
1579361101 3
1579361102 2
1579361654 2
1579361655 2
1579361656 2
1579361657 2
1579362208 2
1579362209 2
1579362210 2
1579362211 3
1579362212 2
1579362764 2
1579362765 2
1579362766 2
1579362767 2
1579363329 2
1579363330 2
1579363331 2
1579363332 3
1579363333 2
1579363896 2
1579363897 2
1579363898 2
1579363899 3
1579363900 2
1579364455 2
1579364456 2
1579364457 2
1579364458 3
1579364459 2
