1575120359 2
1575120360 2
1575120361 2
1575120362 3
1575120363 2
1575120923 2
1575120924 2
1575120925 2
1575120926 2
1575121483 2
1575121484 2
1575121485 2
1575121486 2
1575121487 2
1575122546 2
1575122547 2
1575122548 2
1575122549 3
1575122550 2
1575123103 2
1575123104 2
1575123105 2
1575123106 3
1575123107 2
1575123663 2
1575123664 2
1575123665 2
1575123666 2
1575124218 2
1575124219 2
1575124220 2
1575124221 3
1575124222 2
1575124786 2
1575124787 2
1575124788 2
1575124789 3
1575124790 2
1575125343 2
1575125344 2
1575125345 2
1575125346 2
1575125912 2
1575125913 2
1575125914 2
1575125915 3
1575125916 2
