1573310589 2
1573310590 2
1573310591 2
1573310592 2
1573310593 2
1573311208 2
1573311209 2
1573311210 2
1573311211 2
1573311212 2
1573311818 2
1573311819 2
1573311820 2
1573311821 2
1573311822 2
1573311823 2
1573312524 3
1573312525 2
1573312526 2
1573312527 2
1573312528 2
1573312529 2
1573313142 2
1573313143 2
1573313144 2
1573313145 2
1573313146 2
1573313147 2
1573313766 2
1573313767 2
1573313768 2
1573313769 2
1573313770 2
1573313771 3
1573314394 2
1573314395 2
1573314396 2
1573314397 2
1573314398 2
1573314399 2
1573315008 2
1573315009 2
1573315010 2
1573315011 2
1573315012 2
