1575556490 4
1575556491 4
1575556492 3
1575556493 3
1575556494 2
1575556495 2
1575556496 2
1575556497 2
1575556498 2
1575556499 2
1575556500 2
1575556501 2
1575556502 2
1575556503 2
1575556504 2
1575556505 2
1575556506 2
1575556507 2
1575556508 2
1575556668 2
1575556669 2
1575556826 2
1575556827 2
1575556828 2
1575556829 2
1575556830 2
1575556831 2
1575556832 2
1575556833 2
1575556834 2
1575557005 3
1575557006 3
1575557007 2
1575557008 2
1575557009 2
1575557010 2
1575557011 2
1575557012 2
1575557013 2
1575557014 2
1575557546 2
1575557547 2
1575557548 2
1575557549 2
1575557550 2
1575557551 2
1575557552 2
1575557553 2
1575557554 2
1575558186 2
1575558564 3
1575558565 3
1575558566 2
1575558567 2
1575558568 2
1575558569 2
1575558570 2
1575558571 2
1575558572 2
1575558573 2
1575558884 2
1575558885 2
1575559890 2
1575559891 2
1575559892 2
1575559893 2
1575559894 2
1575559895 2
1575559896 2
1575559897 2
1575559898 2
1575559899 2
1575560556 2
1575560557 2
1575561080 2
1575561081 2
1575561082 2
1575561083 2
1575561084 2
1575561085 2
1575561086 2
1575561087 2
1575561088 2
1575561418 5
1575561419 4
1575561420 3
1575561421 2
1575561422 2
1575561423 2
1575561424 2
1575561425 2
1575561426 2
1575561427 2
1575561428 2
1575561429 2
1575561430 2
1575561431 2
1575561432 2
1575561433 2
1575561434 2
1575561435 2
1575561436 2
1575561784 2
1575561785 2
1575561786 2
1575561787 2
1575561788 2
1575561789 2
1575561790 2
1575561791 2
1575561792 2
1575561793 2
1575562211 2
1575562212 2
1575562902 5
1575562903 4
1575562904 4
1575562905 2
1575562906 2
1575562907 2
1575562908 2
1575562909 2
1575562910 2
1575562911 2
1575562912 2
1575562913 2
1575562914 2
1575562915 2
1575562916 2
1575562917 2
1575562918 2
1575562919 2
1575562920 2
1575562921 2
1575563540 4
1575563541 3
1575563542 2
1575563543 2
1575563544 2
1575563545 2
1575563546 2
1575563547 2
1575563548 2
1575563549 2
1575563550 2
1575563551 2
1575563552 2
1575563553 2
1575563554 2
1575563555 2
1575563556 2
1575563557 2
1575563558 2
1575564164 2
1575564165 2
1575564166 2
1575564167 2
1575564168 2
1575564169 2
1575564170 2
1575564171 2
1575564172 2
1575564737 5
1575564738 4
1575564739 4
1575564740 2
1575564741 2
1575564742 2
1575564743 2
1575564744 2
1575564745 2
1575564746 2
1575564747 2
1575564748 2
1575564749 2
1575564750 2
1575564751 2
1575564752 2
1575564753 2
1575564754 2
1575564755 2
1575565304 4
1575565305 4
1575565306 3
1575565307 3
1575565308 2
1575565309 2
1575565310 2
1575565311 2
1575565312 2
1575565313 2
1575565314 2
1575565315 2
1575565316 2
1575565317 2
1575565318 2
1575565319 2
1575565320 2
1575565321 2
1575565322 2
1575566436 4
1575566437 4
1575566438 3
1575566439 3
1575566440 2
1575566441 2
1575566442 2
1575566443 2
1575566444 2
1575566445 2
1575566446 2
1575566447 2
1575566448 2
1575566449 2
1575566450 2
1575566451 2
1575566452 2
1575566453 2
1575566454 2
1575568393 2
1575568394 2
1575568395 2
1575568396 2
1575568397 2
1575568398 2
1575568399 2
1575568400 2
1575568401 2
1575568402 2
