1575556560 3
1575556561 4
1575556562 3
1575556563 3
1575556564 3
1575556565 3
1575556566 3
1575556567 3
1575556568 3
1575556720 4
1575556721 4
1575556722 4
1575556723 3
1575556724 4
1575556725 3
1575556726 3
1575556727 3
1575556728 3
1575556729 3
1575556893 3
1575556894 3
1575556895 3
1575556896 4
1575556897 3
1575556898 3
1575556899 4
1575556900 3
1575556901 3
1575557078 4
1575557079 4
1575557080 3
1575557081 4
1575557082 4
1575557083 4
1575557084 3
1575557085 3
1575557086 3
1575557248 4
1575557249 4
1575557250 3
1575557251 3
1575557252 3
1575557253 3
1575557254 4
1575557255 4
1575557256 4
1575557432 4
1575557433 5
1575557434 4
1575557435 3
1575557436 4
1575557437 3
1575557438 3
1575557439 3
1575557605 3
1575557606 4
1575557607 3
1575557608 3
1575557609 3
1575557610 3
1575557611 3
1575557612 3
1575557613 3
1575557614 3
1575557615 3
1575557780 4
1575557781 4
1575557782 4
1575557783 4
1575557784 4
1575557785 4
1575557786 4
1575557787 4
1575558237 3
1575558238 5
1575558239 3
1575558240 3
1575558241 3
1575558242 3
1575558243 4
1575558244 3
1575558245 4
1575558246 5
1575558247 5
1575558426 4
1575558427 5
1575558428 4
1575558429 3
1575558430 3
1575558431 3
1575558432 3
1575558433 3
