1574688473 5
1574688474 3
1574688475 3
1574688476 3
1574688477 2
1574688478 2
1574688479 2
1574688480 2
1574688481 3
1574688482 3
1574688483 3
1574688484 4
1574688485 5
1574688486 5
1574688487 5
1574688488 3
1574688489 3
1574688490 2
1574688491 2
1574688492 2
1574688493 2
1574688494 2
1574688495 2
1574688496 2
1574688497 2
1574688498 2
1574688499 2
1574688500 2
1574688501 2
1574688502 2
1574688503 2
1574688504 2
1574688505 2
1574688506 2
1574688507 2
1574688508 2
1574688509 2
1574688510 2
1574688511 3
1574688512 2
1574688513 2
1574688514 2
1574688515 2
1574688516 2
1574688517 2
1574688518 2
1574688519 2
1574688520 2
1574688521 2
1574688522 2
1574688523 3
1574688524 4
1574688525 4
1574688526 4
1574688527 4
1574688528 4
1574688529 4
1574688530 4
1574688531 4
1574688532 4
1574688533 4
1574688534 3
1574688535 3
1574688536 3
1574688537 3
1574688538 3
1574688539 3
1574688540 3
1574688541 3
1574688542 3
1574688543 2
1574688544 2
1574688545 2
1574688546 2
1574688547 2
1574688548 2
1574688549 2
1574688550 2
1574688551 2
1574688552 2
1574688553 2
1574688554 2
1574688555 2
1574688556 2
1574688557 2
1574688558 2
1574688559 2
1574688560 2
1574688561 2
1574688562 2
1574688563 2
1574688564 2
1574688565 2
1574688566 2
1574688567 2
1574688568 2
1574688569 2
1574688570 2
1574688571 2
1574688572 2
1574688573 2
1574688574 2
1574688575 2
1574688576 2
1574688577 2
1574688578 2
1574688579 2
1574688580 2
1574688581 2
1574688582 2
1574688583 2
1574688584 2
1574688585 2
1574688586 2
1574688587 2
1574688588 2
1574688589 2
1574688590 2
1574688591 2
1574688592 2
1574688593 2
1574688594 2
1574688595 2
1574688596 2
1574688597 2
1574688598 2
1574688599 2
1574688600 2
1574688601 2
1574688602 2
1574688603 2
1574688604 2
1574688605 2
1574688606 2
1574688607 2
1574688608 2
1574688609 2
1574688610 2
1574688611 2
1574688612 2
1574688613 2
1574688614 2
1574688615 2
1574688616 2
1574688617 2
1574688618 2
1574688619 2
1574688620 2
1574688621 2
1574688622 2
1574688623 2
1574688624 2
1574688625 2
1574688626 2
1574688627 2
1574688628 2
1574688629 2
1574688630 2
1574688631 2
1574688632 2
1574688633 2
1574688634 2
1574688635 2
1574688636 2
1574688637 2
1574688638 2
1574688639 2
1574688640 2
1574688641 2
1574688642 2
1574688643 2
1574688644 2
1574688645 2
1574688646 2
1574688647 2
1574688648 2
1574688649 2
1574688650 2
1574688651 2
1574688652 2
1574688653 2
1574688654 2
1574688655 2
1574688656 2
1574688657 2
1574688658 2
1574688659 2
1574688660 2
1574688661 2
1574688662 2
1574688663 2
1574688664 2
1574688665 2
1574688666 2
1574688667 2
1574688668 2
1574688669 2
1574688670 2
1574688671 2
1574688672 2
1574688673 2
1574688674 2
1574688675 2
1574688676 2
1574688677 2
1574688678 2
1574688679 2
1574688680 2
1574688681 2
1574688682 2
1574688683 2
1574688684 2
1574688685 2
1574688686 2
1574688687 2
1574688688 2
1574688689 2
1574688690 2
1574688691 2
1574688692 2
1574688693 2
1574688694 2
1574688695 2
1574688696 2
1574688697 2
1574688698 2
1574688699 2
1574688700 2
1574688701 2
1574688702 2
1574688703 2
1574688704 2
1574688705 2
1574688706 2
1574688707 2
1574688708 2
1574688709 2
1574688710 2
1574688711 2
1574688712 2
1574688713 2
1574688714 2
1574688715 2
1574688716 2
1574688717 2
1574688718 2
1574688719 2
1574688720 2
1574688721 2
1574688722 2
1574688723 2
1574688724 2
1574688725 2
1574688726 2
1574688727 2
1574688728 2
1574688729 2
1574688730 2
1574688731 2
1574688732 2
1574688733 2
1574688734 2
1574688735 2
1574688736 2
1574688737 2
1574688738 2
1574688739 2
1574688740 2
1574688741 2
1574688742 2
1574688743 2
1574688744 2
1574688745 2
1574688746 2
1574688747 2
1574688748 2
1574688749 2
1574688750 2
1574688751 2
1574688752 2
1574688753 2
1574688754 2
1574688755 2
1574688756 2
1574688757 2
1574688758 2
1574688759 2
1574688760 2
1574688761 2
1574688762 2
1574688763 2
1574688764 2
1574688765 2
1574688766 2
1574688767 2
1574688768 2
1574688769 2
1574688770 2
1574688771 2
1574688772 2
1574688773 2
1574688774 2
1574688775 2
1574688776 2
1574688777 2
1574688778 2
1574688779 2
1574688780 2
1574688781 2
1574688782 2
1574688783 2
1574688784 2
1574688785 2
1574688786 2
1574688787 2
1574688788 2
1574688789 2
1574688790 2
1574688791 2
1574688792 2
1574688793 2
1574688794 2
1574688795 1
1574688796 2
1574688797 2
1574688798 1
1574688799 2
1574688800 2
1574688801 2
1574688802 2
1574688803 2
1574688804 2
1574688805 2
1574688806 2
1574688807 2
1574688808 2
1574688809 2
1574688810 2
1574688811 2
1574688812 2
1574688813 2
1574688814 2
1574688815 2
1574688816 2
1574688817 2
1574688818 2
1574688819 2
1574688820 2
1574688821 2
1574688822 2
1574688823 2
1574688824 2
1574688825 2
1574688826 2
1574688827 2
1574688828 2
1574688829 2
1574688830 2
1574688831 2
1574688832 2
1574688833 2
1574688834 2
1574688835 2
1574688836 2
1574688837 2
1574688838 2
1574688839 2
1574688840 2
1574688841 2
1574688842 2
1574688843 2
1574688844 2
1574688845 2
1574688846 2
1574688847 2
1574688848 2
1574688849 2
1574688850 2
1574688851 2
1574688852 2
1574688853 2
1574688854 2
1574688855 2
1574688856 2
1574688857 2
1574688858 2
1574688859 2
1574688860 2
1574688861 2
1574688862 2
1574688863 2
1574688864 2
1574688865 2
1574688866 1
1574688867 2
1574688868 2
1574688869 2
1574688870 2
1574688871 2
1574688872 2
1574688873 2
1574688874 2
1574688875 2
1574688876 2
1574688877 2
1574688878 2
1574688879 2
1574688880 2
1574688881 2
1574688882 2
1574688883 2
1574688884 2
1574688885 2
1574688886 2
1574688887 2
1574688888 2
1574688889 2
1574688890 2
1574688891 2
1574688892 2
1574688893 2
1574688894 2
1574688895 2
1574688896 2
1574688897 2
1574688898 2
1574688899 2
1574688900 2
1574688901 2
1574688902 2
1574688903 2
1574688904 2
1574688905 2
1574688906 2
1574688907 2
1574688908 2
1574688909 2
1574688910 2
1574688911 2
1574688912 2
1574688913 2
1574688914 2
1574688915 2
1574688916 2
1574688917 2
1574688918 2
1574688919 2
1574688920 2
1574688921 2
1574688922 2
1574688923 2
1574688924 2
1574688925 2
1574688926 2
1574688927 2
1574688928 2
1574688929 2
1574688930 2
1574688931 2
1574688932 2
1574688933 2
1574688934 2
1574688935 2
1574688936 2
1574688937 2
1574688938 2
1574688939 2
1574688940 2
1574688941 2
1574688942 2
1574688943 2
1574688944 2
1574688945 2
1574688946 2
1574688947 2
1574688948 2
1574688949 2
1574688950 2
1574688951 2
1574688952 2
1574688953 2
1574688954 2
1574688955 2
1574688956 2
1574688957 2
1574688958 2
1574688959 2
1574688960 2
1574688961 2
1574688962 2
1574688963 2
1574688964 2
1574688965 2
1574688966 2
1574688967 2
1574688968 2
1574688969 2
1574688970 2
1574688971 2
1574688972 2
1574688973 2
1574688974 2
1574688975 2
1574688976 2
1574688977 2
1574688978 2
1574688979 2
1574688980 2
1574688981 2
1574688982 2
1574688983 2
1574688984 2
1574688985 2
1574688986 2
1574688987 2
1574688988 2
1574688989 2
1574688990 2
1574688991 2
1574688992 2
1574688993 2
1574688994 2
1574688995 2
1574688996 2
1574688997 2
1574688998 2
1574688999 2
1574689000 2
1574689001 2
1574689002 2
1574689003 2
1574689004 2
1574689005 2
1574689006 2
1574689007 2
1574689008 2
1574689009 2
1574689010 2
1574689011 2
1574689012 2
1574689013 2
1574689014 2
1574689015 2
1574689016 2
1574689017 2
1574689018 1
1574689019 1
1574689020 1
1574689021 2
1574689022 2
1574689023 2
1574689024 2
1574689025 2
1574689026 2
1574689027 2
1574689028 2
1574689029 2
1574689030 2
1574689031 2
1574689032 2
1574689033 2
1574689034 2
1574689035 2
1574689036 2
1574689037 2
1574689038 2
1574689039 2
1574689040 2
1574689041 2
1574689042 2
1574689043 2
1574689044 2
1574689045 2
1574689046 2
1574689047 2
1574689048 2
1574689049 2
1574689050 2
1574689051 2
1574689052 2
1574689053 2
1574689054 2
1574689055 2
1574689056 2
1574689057 2
1574689058 2
1574689059 2
1574689060 2
1574689061 2
1574689062 2
1574689063 2
1574689064 2
1574689065 2
1574689066 2
1574689067 2
1574689068 2
1574689069 2
1574689070 2
1574689071 2
1574689072 2
1574689073 2
1574689074 2
1574689075 2
1574689076 2
1574689077 2
1574689078 2
1574689079 2
1574689080 2
1574689081 2
1574689082 2
1574689083 2
1574689084 2
1574689085 2
1574689086 2
1574689087 2
1574689088 2
1574689089 2
1574689090 2
1574689091 2
1574689092 2
1574689093 2
1574689094 2
1574689095 2
1574689096 2
1574689097 2
1574689098 2
1574689099 2
1574689100 2
1574689101 2
1574689102 2
1574689103 2
1574689104 2
1574689105 2
1574689106 2
1574689107 2
1574689108 2
1574689109 2
1574689110 2
1574689111 2
1574689112 2
1574689113 2
1574689114 2
1574689115 2
1574689116 2
1574689117 2
1574689118 2
1574689119 2
1574689120 2
1574689121 2
1574689122 2
1574689123 2
1574689124 2
1574689125 2
1574689126 2
1574689127 2
1574689128 2
1574689129 2
1574689130 2
1574689131 2
1574689132 2
1574689133 2
1574689134 2
1574689135 2
1574689136 2
1574689137 2
1574689138 2
1574689139 2
1574689140 2
1574689141 2
1574689142 2
1574689143 2
1574689144 2
1574689145 2
1574689146 2
1574689147 2
1574689148 2
1574689149 2
1574689150 2
1574689151 2
1574689152 2
1574689153 2
1574689154 2
1574689155 2
1574689156 2
1574689157 2
1574689158 2
1574689159 2
1574689160 2
1574689161 2
1574689162 2
1574689163 2
1574689164 2
1574689165 2
1574689166 2
1574689167 2
1574689168 2
1574689169 2
1574689170 2
1574689171 2
1574689172 2
1574689173 2
1574689174 2
1574689175 2
1574689176 2
1574689177 2
1574689178 2
1574689179 2
1574689180 2
1574689181 2
1574689182 2
1574689183 2
1574689184 2
1574689185 2
1574689186 2
1574689187 2
1574689188 2
1574689189 2
1574689190 2
1574689191 2
1574689192 2
1574689193 2
1574689194 2
1574689195 2
1574689196 2
1574689197 2
1574689198 2
1574689199 2
1574689200 2
1574689201 2
1574689202 2
1574689203 2
1574689204 3
1574689205 4
1574689206 4
1574689207 4
1574689208 4
1574689209 3
1574689210 3
1574689211 3
1574689212 3
1574689213 3
1574689214 2
1574689215 2
1574689216 2
1574689217 2
1574689218 2
1574689219 2
1574689220 1
1574689221 1
1574689222 1
1574689223 1
1574689224 2
1574689225 2
1574689226 2
1574689227 2
1574689228 2
1574689229 2
1574689230 2
1574689231 2
1574689232 2
1574689233 2
1574689234 2
1574689235 2
1574689236 2
1574689237 2
1574689238 2
1574689239 2
1574689240 2
1574689241 2
1574689242 2
1574689243 2
1574689244 2
1574689245 2
1574689246 2
1574689247 2
1574689248 2
1574689249 2
1574689250 3
1574689251 3
1574689252 3
1574689253 3
1574689254 3
1574689255 3
1574689256 3
1574689257 3
1574689258 3
1574689259 3
1574689260 3
1574689261 3
1574689262 2
1574689263 2
1574689264 3
1574689265 4
1574689266 3
1574689267 4
1574689268 4
1574693399 5
1574693400 4
1574693401 3
1574693402 2
1574693403 2
1574693404 2
1574693405 2
1574693406 3
1574693407 4
1574693408 3
1574693409 3
1574693410 3
1574693411 3
1574693412 3
1574693413 4
1574693414 5
1574693415 5
1574693416 3
1574693417 3
1574693418 2
1574693419 2
1574693420 2
1574693421 2
1574693422 2
1574693423 2
1574693424 2
1574693425 2
1574693426 2
1574693427 2
1574693428 2
1574693429 2
1574693430 2
1574693431 2
1574693432 2
1574693433 2
1574693434 2
1574693435 2
1574693436 2
1574693437 2
1574693438 2
1574693439 2
1574693440 2
1574693441 2
1574693442 2
1574693443 2
1574693444 2
1574693445 2
1574693446 2
1574693447 3
1574693448 4
1574693449 4
1574693450 5
1574693451 4
1574693452 4
1574693453 3
1574693454 3
1574693455 3
1574693456 3
1574693457 3
1574693458 3
1574693459 4
1574693460 4
1574693461 3
1574693462 3
1574693463 4
1574693464 4
1574693465 4
1574693466 3
1574693467 3
1574693468 3
1574693469 1
1574693470 2
1574693471 2
1574693472 2
1574693473 2
1574693474 2
1574693475 2
1574693476 2
1574693477 2
1574693478 2
1574693479 2
1574693480 2
1574693481 2
1574693482 2
1574693483 2
1574693484 2
1574693485 2
1574693486 2
1574693487 2
1574693488 2
1574693489 2
1574693490 2
1574693491 2
1574693492 2
1574693493 2
1574693494 2
1574693495 2
1574693496 2
1574693497 2
1574693498 2
1574693499 3
1574693500 3
1574693501 3
1574693502 3
1574693503 3
1574693504 3
1574693505 3
1574693506 3
1574693507 3
1574693508 4
1574693509 3
1574693510 3
1574693511 2
1574693512 2
1574693513 2
1574693514 3
1574693515 3
1574693516 3
1574708279 5
1574708280 4
1574708281 3
1574708282 2
1574708283 2
1574708284 2
1574708285 2
1574708286 3
1574708287 3
1574708288 3
1574708289 3
1574708290 3
1574708291 3
1574708292 4
1574708293 4
1574708294 4
1574708295 4
1574708296 4
1574708297 3
1574708298 3
1574708299 3
1574708300 2
1574708301 2
1574708302 2
1574708303 2
1574708304 2
1574708305 2
1574708306 2
1574708307 2
1574708308 2
1574708309 2
1574708310 2
1574708311 2
1574708312 2
1574708313 2
1574708314 2
1574708315 2
1574708316 2
1574708317 2
1574708318 2
1574708319 2
1574708320 2
1574708321 2
1574708322 2
1574708323 2
1574708324 2
1574708325 2
1574708326 2
1574708327 2
1574708328 3
1574708329 5
1574708330 5
1574708331 5
1574708332 4
1574708333 3
1574708334 3
1574708335 3
1574708336 3
1574708337 2
1574708338 3
1574708339 3
1574708340 1
1574708341 2
1574708342 2
1574708343 2
1574708344 2
1574708345 2
1574708346 2
1574708347 2
1574708348 2
1574708349 2
1574708350 2
1574708351 2
1574708352 2
1574708353 2
1574708354 2
1574708355 2
1574708356 2
1574708357 2
1574708358 2
1574708359 2
1574708360 2
1574708361 2
1574708362 2
1574708363 2
1574708364 2
1574708365 2
1574708366 2
1574708367 2
1574708368 2
1574708369 2
1574708370 2
1574708371 2
1574708372 2
1574708373 2
1574708374 2
1574708375 2
1574708376 2
1574708377 2
1574708378 2
1574708379 2
1574708380 2
1574708381 2
1574708382 2
1574708383 2
1574708384 2
1574708385 2
1574708386 2
1574708387 2
1574708388 2
1574708389 2
1574708390 2
1574708391 2
1574708392 2
1574708393 2
1574708394 2
1574708395 2
1574708396 2
1574708397 2
1574708398 2
1574708399 2
1574708400 2
1574708401 2
1574708402 2
1574708403 2
1574708404 2
1574708405 2
1574708406 4
1574708407 4
1574708408 4
1574708409 4
1574708410 3
1574708411 3
1574708412 3
1574708413 2
1574708414 2
1574708415 2
1574708416 2
1574708417 2
1574708418 2
1574708419 2
1574708420 2
1574708421 2
1574708422 2
1574708423 2
1574708424 2
1574708425 2
1574708426 2
1574708427 2
1574708428 2
1574708429 2
1574708430 2
1574708431 2
1574708432 2
1574708433 2
1574708434 2
1574708435 2
1574708436 2
1574708437 2
1574708438 2
1574708439 2
1574708440 2
1574708441 2
1574708442 2
1574708443 2
1574708444 2
1574708445 2
1574708446 2
1574708447 2
1574708448 2
1574708449 2
1574708450 2
1574708451 3
1574708452 4
1574708453 4
1574708454 4
1574708455 4
1574708456 3
1574708457 2
1574708458 2
1574708459 2
1574708460 2
1574708461 2
1574708462 1
1574708463 2
1574708464 2
1574708465 2
1574708466 2
1574708467 2
1574708468 2
1574708469 2
1574708470 2
1574708471 2
1574708472 2
1574708473 2
1574708474 2
1574708475 2
1574708476 2
1574708477 2
1574708478 2
1574708479 2
1574708480 2
1574708481 2
1574708482 2
1574708483 2
1574708484 2
1574708485 2
1574708486 2
1574708487 3
1574708488 4
1574708489 5
1574708490 4
1574708491 4
1574708492 3
1574708493 3
1574708494 2
1574708495 2
1574708496 2
1574708497 2
1574708498 2
1574708499 2
1574708500 2
1574708501 2
1574708502 2
1574708503 2
1574708504 2
1574708505 2
1574708506 2
1574708507 2
1574708508 2
1574708509 2
1574708510 2
1574708511 2
1574708512 2
1574708513 2
1574708514 2
1574708515 2
1574708516 2
1574708517 2
1574708518 2
1574708519 2
1574708520 2
1574708521 2
1574708522 2
1574708523 2
1574708524 3
1574708525 3
1574708526 3
1574708527 3
1574708528 3
1574708529 3
1574708530 3
1574708531 2
1574708532 2
1574708533 3
1574708534 3
1574708535 3
1574709885 4
1574709886 3
1574709887 3
1574709888 2
1574709889 2
1574709890 2
1574709891 2
1574709892 3
1574709893 3
1574709894 4
1574709895 4
1574709896 3
1574709897 3
1574709898 3
1574709899 3
1574709900 3
1574709901 4
1574709902 4
1574709903 4
1574709904 4
1574709905 3
1574709906 2
1574709907 2
1574709908 2
1574709909 2
1574709910 2
1574709911 2
1574709912 2
1574709913 2
1574709914 2
1574709915 2
1574709916 2
1574709917 2
1574709918 2
1574709919 2
1574709920 2
1574709921 2
1574709922 2
1574709923 2
1574709924 2
1574709925 2
1574709926 2
1574709927 2
1574709928 2
1574709929 2
1574709930 2
1574709931 2
1574709932 2
1574709933 2
1574709934 2
1574709935 2
1574709936 3
1574709937 3
1574709938 4
1574709939 4
1574709940 4
1574709941 4
1574709942 4
1574709943 4
1574709944 4
1574709945 4
1574709946 4
1574709947 4
1574709948 4
1574709949 4
1574709950 4
1574709951 4
1574709952 4
1574709953 4
1574709954 4
1574709955 4
1574709956 4
1574709957 4
1574709958 4
1574709959 4
1574709960 4
1574709961 4
1574709962 4
1574709963 4
1574709964 4
1574709965 4
1574709966 4
1574709967 4
1574709968 4
1574709969 4
1574709970 4
1574709971 4
1574709972 4
1574709973 4
1574709974 4
1574709975 4
1574709976 4
1574709977 4
1574709978 4
1574709979 4
1574709980 4
1574709981 4
1574709982 4
1574709983 4
1574709984 4
1574709985 4
1574709986 4
1574709987 4
1574709988 4
1574709989 4
1574710091 2
1574710092 2
1574710093 2
1574710094 2
1574710095 2
1574710096 2
1574710097 2
1574710098 2
1574710099 2
1574710100 2
1574710101 2
1574710102 2
1574710103 2
1574710104 2
1574710105 2
1574710106 2
1574710107 2
1574710108 2
1574710109 2
1574710110 2
1574710111 2
1574710112 2
1574710113 2
1574710114 2
1574710115 2
1574710116 2
1574710117 2
1574710118 2
1574710119 2
1574710120 2
1574710121 2
1574710122 2
1574710123 2
1574710124 2
1574710125 2
1574710126 2
1574710127 2
1574710128 2
1574710129 2
1574710130 2
1574710131 2
1574710132 2
1574710133 2
1574710134 2
1574710135 2
1574710136 2
1574710137 2
1574710138 2
1574710139 2
1574710140 2
1574710141 2
1574710142 2
1574710143 2
1574710144 2
1574710145 2
1574710146 2
1574710147 2
1574710148 2
1574710149 2
1574710150 2
1574710151 2
1574710152 2
1574710153 2
1574710154 2
1574710155 2
1574710156 2
1574710157 2
1574710158 2
1574710159 2
1574710160 2
1574710161 2
1574710162 2
1574710163 2
1574710164 2
1574710165 2
1574710166 2
1574710167 2
1574710168 2
1574710169 2
1574710170 2
1574710171 2
1574710172 2
1574710173 2
1574710174 2
1574710175 2
1574710176 2
1574710177 2
1574710178 2
1574710179 2
1574710180 2
1574710181 2
1574710182 2
1574710183 2
1574710184 2
1574710185 2
1574710186 2
1574710187 2
1574710188 2
1574710189 2
1574710190 2
1574710191 2
1574710192 2
1574710193 2
1574710194 2
1574710195 2
1574710196 2
1574710197 2
1574710198 2
1574710199 2
1574710200 2
1574710201 2
1574710202 2
1574710203 2
1574710204 2
1574710205 2
1574710206 2
1574710207 2
1574710208 2
1574710209 2
1574710210 2
1574710211 2
1574710212 2
1574710213 2
1574710214 2
1574710215 2
1574710216 2
1574710217 2
1574710218 2
1574710219 2
1574710220 2
1574710221 2
1574710222 2
1574710223 2
1574710224 2
1574710225 2
1574710226 2
1574710227 2
1574710228 2
1574710229 2
1574710230 2
1574710231 2
1574710232 2
1574710233 2
1574710234 2
1574710235 2
1574710236 2
1574710237 2
1574710238 2
1574710239 2
1574710240 2
1574710241 2
1574710242 2
1574710243 2
1574710244 2
1574710245 2
1574710246 2
1574710247 2
1574710248 2
1574710249 2
1574710250 2
1574710251 2
1574710252 2
1574710253 2
1574710254 2
1574710255 2
1574710256 2
1574710257 2
1574710258 2
1574710259 2
1574710260 2
1574710261 2
1574710262 2
1574710263 2
1574710264 2
1574710265 2
1574710266 2
1574710267 2
1574710268 2
1574710269 2
1574710270 2
1574710271 2
1574710272 2
1574710273 2
1574710274 2
1574710275 2
1574710276 2
1574710277 2
1574710278 2
1574710279 2
1574710280 2
1574710281 2
1574710282 2
1574710283 2
1574710284 2
1574710285 2
1574710286 2
1574710287 2
1574710288 2
1574710289 2
1574710290 2
1574710291 2
1574710292 2
1574710293 2
1574710294 2
1574710295 2
1574710296 2
1574710297 2
1574710298 2
1574710299 2
1574710300 2
1574710301 2
1574710302 2
1574710303 2
1574710304 2
1574710305 2
1574710306 2
1574710307 2
1574710308 2
1574710309 2
1574710310 2
1574710311 2
1574710312 2
1574710313 2
1574710314 2
1574710315 2
1574710316 2
1574710317 2
1574710318 2
1574710319 2
1574710320 2
1574710321 2
1574710322 2
1574710323 2
1574710324 2
1574710325 2
1574710326 2
1574710327 2
1574710328 2
1574710329 2
1574710330 2
1574710331 2
1574710332 2
1574710333 2
1574710334 2
1574710335 2
1574710336 2
1574710337 2
1574710338 2
1574710339 2
1574710340 2
1574710341 2
1574710342 2
1574710343 2
1574710344 2
1574710345 2
1574710346 2
1574710347 2
1574710348 2
1574710349 2
1574710350 2
1574710351 2
1574710352 2
1574710353 2
1574710354 2
1574710355 2
1574710356 2
1574710357 2
1574710358 2
1574710359 2
1574710360 2
1574710361 2
1574710362 2
1574710363 2
1574710364 2
1574710365 2
1574710366 2
1574710367 2
1574710368 2
1574710369 2
1574710370 2
1574710371 2
1574710372 2
1574710373 2
1574710374 2
1574710375 2
1574710376 2
1574710377 2
1574710378 2
1574710379 2
1574710380 2
1574710381 2
1574710382 2
1574710383 2
1574710384 2
1574710385 2
1574710386 2
1574710387 2
1574710388 2
1574710389 2
1574710390 2
1574710391 2
1574710392 2
1574710393 2
1574710394 2
1574710395 2
1574710396 2
1574710397 2
1574710398 2
1574710399 2
1574710400 2
1574710401 2
1574710402 2
1574710403 2
1574710404 2
1574710405 2
1574710406 2
1574710407 2
1574710408 2
1574710409 2
1574710410 2
1574710411 2
1574710412 2
1574710413 2
1574710414 3
1574710415 5
1574710416 4
1574710417 4
1574710418 4
1574710419 3
1574710420 3
1574710421 2
1574710422 2
1574710423 2
1574710424 2
1574710425 2
1574710426 2
1574710427 2
1574710428 2
1574710429 2
1574710430 2
1574710431 2
1574710432 2
1574710433 2
1574710434 2
1574710435 2
1574710436 2
1574710437 2
1574710438 2
1574710439 2
1574710440 2
1574710441 2
1574710442 2
1574710443 2
1574710444 2
1574710445 2
1574710446 2
1574710447 2
1574710448 2
1574710449 2
1574710450 2
1574710451 2
1574710452 2
1574710453 3
1574710454 3
1574710455 3
1574710456 3
1574710457 3
1574710458 3
1574710459 3
1574710460 3
1574710461 3
1574710462 3
1574710463 2
1574710464 3
1574710465 2
1574710466 2
1574710467 3
1574710468 3
1574710469 3
1574710470 4
1574710471 5
1574710472 5
1574710473 5
1574710474 5
1574710475 5
1574710476 5
1574710477 5
1574710478 5
1574710479 5
1574710480 5
1574710481 5
1574710482 5
1574710483 5
1574710484 6
1574710485 5
1574710486 6
1574710487 4
1574710488 4
1574710489 4
1574710490 4
