1574710924 0 
1574710925 0 
1574710926 0 
1569854643 0 
1569854644 0 
1569854645 0 
1571330305 0 
1571330306 0 
1571330307 0 
1571766662 0 
1571766663 0 
1571766664 2 
1571767445 0 
1571767446 0 
1571767447 1 
1572537543 1 
1572537544 0 
1572537545 2 
1572538197 0 
1572538198 0 
1572538856 0 
1572538857 0 
1572538858 0 
1572539509 0 
1572539510 0 
1572539511 0 
1572540157 0 
1572540158 0 
1572540159 2 
1572541062 0 
1572541063 0 
1572541064 2 
1572541716 0 
1572541717 0 
1572541718 2 
1572542364 0 
1572542365 0 
1572542366 2 
1572543012 0 
1572543013 0 
1572543014 2 
1572543676 0 
1572543677 0 
1572543678 0 
1572871430 0 
1572871431 0 
1572871432 0 
1572872081 0 
1572872082 0 
1572872083 0 
1572872759 0 
1572872760 0 
1572872761 0 
1572873411 0 
1572873412 0 
1572873413 2 
1572874064 0 
1572874065 0 
1572874066 0 
1572874067 0 
1572874068 0 
1572874069 0 
1572874070 0 
1572874071 2 
1572875133 0 
1572875134 0 
1572875135 0 
1572875987 0 
1572875988 0 
1572875989 2 
1572877212 0 
1572877213 1 
1572877214 1 
1572877215 3 
1572877864 0 
1572877865 0 
1572877866 2 
1572879108 0 
1572879109 0 
1572879110 2 
1572967498 0 
1572967499 0 
1572967500 0 
1572968156 0 
1572968157 0 
1572968158 2 
1572969456 0 
1572969457 0 
1572969458 2 
1572970118 0 
1572970119 0 
1572970120 2 
1572970768 0 
1572970769 0 
1572970770 2 
1572971428 0 
1572971429 0 
1572971430 0 
1572971431 2 
1572972091 0 
1572972092 0 
1572972093 2 
1572972740 0 
1572972741 0 
1572972742 0 
1572973456 0 
1572973457 0 
1572973458 2 
1572974105 0 
1572974106 0 
1572974107 0 
1572974108 2 
1572974757 0 
1572974758 0 
1572974759 0 
1572974760 2 
1573209040 0 
1573209041 0 
1573209042 0 
1573209696 0 
1573209697 0 
1573209698 2 
1573210371 0 
1573210372 0 
1573210373 2 
1573211039 0 
1573211040 0 
1573211041 2 
1573211697 0 
1573211698 0 
1573211699 0 
1573212346 0 
1573212347 0 
1573212348 2 
1573212999 0 
1573213000 0 
1573213001 2 
1573213648 0 
1573213649 0 
1573213650 2 
1573214319 0 
1573214320 0 
1573214321 0 
1573214322 2 
1573214978 0 
1573214979 0 
1573214980 2 
1573310491 0 
1573310492 0 
1573310493 0 
1573310494 0 
1573310495 2 
1573311110 0 
1573311111 0 
1573311724 0 
1573311725 0 
1573311726 2 
1573312430 0 
1573312431 0 
1573312432 2 
1573313043 0 
1573313044 0 
1573313045 2 
1573313669 0 
1573313670 0 
1573313671 2 
1573314299 0 
1573314300 0 
1573314301 2 
1573314914 0 
1573314915 0 
1573314916 2 
1574697102 0 
1574697103 0 
1574697104 2 
1574709665 0 
1574709666 0 
1574709667 2 
1574710924 0 
1574710925 0 
1574710926 0 
1574956273 0 
1574956274 0 
1574956275 2 
1574958119 0 
1574958120 0 
1574958712 0 
1574958713 0 
1574959297 0 
1574959298 1 
1574959299 0 
1574959300 0 
1574959301 0 
1574959302 2 
1574959901 0 
1574959902 0 
1574959903 2 
1574960479 0 
1574960480 1 
1574961089 0 
1574961090 0 
1574961724 0 
1574961725 0 
1574961726 2 
1575033200 0 
1575033201 0 
1575033202 2 
1575034359 0 
1575034360 0 
1575034932 0 
1575034933 0 
1575034934 2 
1575035496 0 
1575035497 2 
1575036534 0 
1575036535 0 
1575037096 0 
1575037097 0 
1575037654 0 
1575037655 0 
1575037656 2 
1575038657 0 
1575038658 0 
1575039227 0 
1575039228 0 
1575039229 2 
1575120489 0 
1575120490 0 
1575122048 0 
1575122049 0 
1575122050 2 
1575122675 0 
1575122676 0 
1575123232 0 
1575123233 0 
1575123791 0 
1575123792 0 
1575124914 0 
1575124915 1 
1575124916 2 
1575125476 0 
1575125477 0 
1575125478 2 
1575126043 0 
1575126044 0 
1575297793 0 
1575297794 0 
1575297795 2 
1575298368 0 
1575298369 1 
1575300089 0 
1575300090 0 
1575300091 2 
1575300707 0 
1575300708 0 
1575300709 2 
1575302087 0 
1575302088 0 
1575302089 2 
1575390275 0 
1575390276 0 
1575390277 2 
1575391975 0 
1575391976 2 
1575392784 0 
1575392785 2 
1575394546 0 
1575394547 0 
1575394548 2 
1575563854 0 
1575563855 0 
1575565598 0 
1575565599 0 
1575565600 2 
1575566754 0 
1575566755 0 
1575568683 0 
1575568684 0 
1575568685 2 
1579191740 1 
1579191741 1 
1579192306 1 
1579192307 1 
1579192886 1 
1579192887 3 
1579194610 0 
1579194611 0 
1579194612 2 
1579195765 0 
1579195766 0 
1579195767 2 
1579360671 0 
1579360672 1 
1579360673 2 
1579361227 0 
1579361228 0 
1579361782 0 
1579361783 0 
1579361784 3 
1579364026 0 
1579364027 0 
1579364028 2 
1579530578 0 
1579530579 1 
1579532898 0 
1579532899 0 
1579532900 1 
1579533560 0 
1579533561 0 
1579534846 0 
1579534847 0 
1579534848 2 
1580225516 0 
1580225517 0 
1580227227 0 
1580227228 0 
1580227229 2 
1580227825 0 
1580227826 0 
1580228406 0 
1580228407 0 
1580228408 2 
1580312393 0 
1580312394 0 
1580312395 0 
1580312974 0 
1580312975 0 
1580312976 2 
1580314493 0 
1580314494 1 
1580315050 0 
1580315051 0 
1580315052 2 
1580316171 0 
1580316172 0 
1580316876 0 
1580316877 0 
1580316878 2 
1581942533 0 
1581942534 0 
1581942535 2 
1581943947 0 
1581943948 2 
1581946006 0 
1581946007 0 
1581946008 2 
1581946575 0 
1581946576 0 
1581946577 2 
1581947145 0 
1581947146 1 
1581948064 0 
1581948065 0 
1581948066 2 
1582034868 0 
1582034869 0 
1582035745 0 
1582035746 0 
1582035747 2 
1582036354 0 
1582036355 0 
1582036356 2 
1582036956 0 
1582036957 0 
1582036958 2 
1582037563 0 
1582037564 2 
1582038154 0 
1582038155 0 
1582038156 2 
1582041651 0 
1582041652 0 
1582041653 0 
1582042410 0 
1582042411 0 
1582042412 2 
1582043851 0 
1582043852 0 
1582043853 0 
1582044452 0 
1582044453 0 
1582044454 0 
1582638619 0 
1582638620 0 
1582638621 2 
1582640872 0 
1582640873 2 
1582641428 0 
1582641429 0 
1582641430 0 
1582642003 0 
1582642004 0 
1582642005 2 
1582642570 0 
1582642571 0 
1582642572 2 
1582643143 0 
1582643144 0 
1582643743 0 
1582643744 0 
1582643745 2 
1582644300 0 
1582644301 0 
1582644302 2 
1582898911 0 
1582898912 0 
1582899473 0 
1582899474 0 
1582899475 2 
1582900042 0 
1582900043 0 
1582900601 0 
1582900602 0 
1582902346 0 
1582902347 0 
1582903510 0 
1582903511 0 
1582903512 1 