1574710826 0 
1574710827 0 
1574710828 0 
1569854483 0 
1569854484 0 
1569854485 1 
1569855898 0 
1569855899 0 
1569855900 0 
1569855901 1 
1569855902 0 
1569855903 0 
1569855904 0 
1569855905 0 
1569855906 0 
1569855907 0 
1569855908 0 
1569855909 0 
1569855910 2 
1571330180 0 
1571330181 0 
1571330182 2 
1571766536 0 
1571766537 0 
1571766538 2 
1571767318 0 
1571767319 0 
1571767320 1 
1571767321 0 
1572537435 0 
1572537436 0 
1572537437 2 
1572538093 0 
1572538094 1 
1572538753 0 
1572538754 1 
1572539405 0 
1572539406 0 
1572539407 1 
1572540052 0 
1572540053 0 
1572540054 1 
1572540958 0 
1572540959 1 
1572540960 0 
1572541612 0 
1572541613 1 
1572541614 1 
1572542260 0 
1572542261 0 
1572542262 2 
1572542907 0 
1572542908 0 
1572542909 1 
1572543572 0 
1572543573 0 
1572543574 1 
1572871326 0 
1572871327 0 
1572871328 1 
1572871977 0 
1572871978 1 
1572871979 0 
1572872654 0 
1572872655 1 
1572872656 0 
1572873307 0 
1572873308 1 
1572873309 0 
1572873959 0 
1572873960 0 
1572873961 1 
1572875021 0 
1572875022 0 
1572875023 1 
1572875883 0 
1572875884 0 
1572875885 1 
1572877108 0 
1572877109 0 
1572877110 1 
1572877758 0 
1572877759 1 
1572877760 1 
1572878986 0 
1572878987 0 
1572878988 1 
1572967393 0 
1572967394 0 
1572967395 2 
1572968050 0 
1572968051 1 
1572968052 1 
1572969352 0 
1572969353 0 
1572969354 2 
1572970013 0 
1572970014 0 
1572970015 1 
1572970663 0 
1572970664 0 
1572970665 1 
1572971315 0 
1572971316 0 
1572971317 2 
1572971976 0 
1572971977 0 
1572971978 2 
1572972635 0 
1572972636 0 
1572972637 1 
1572973352 0 
1572973353 1 
1572973354 1 
1572974002 0 
1572974003 1 
1572974004 0 
1572974653 0 
1572974654 0 
1572974655 1 
1573208935 0 
1573208936 0 
1573208937 1 
1573209590 0 
1573209591 0 
1573209592 1 
1573210266 0 
1573210267 1 
1573210268 1 
1573210934 0 
1573210935 0 
1573210936 2 
1573211591 0 
1573211592 1 
1573211593 1 
1573212240 0 
1573212241 0 
1573212242 2 
1573212892 0 
1573212893 1 
1573212894 0 
1573213543 0 
1573213544 0 
1573213545 1 
1573214215 0 
1573214216 1 
1573214869 0 
1573214870 0 
1573214871 2 
1573310391 0 
1573310392 1 
1573311012 0 
1573311013 0 
1573311014 2 
1573311628 0 
1573311629 1 
1573312332 0 
1573312333 0 
1573312334 2 
1573312942 0 
1573312943 1 
1573313569 0 
1573313570 0 
1573313571 1 
1573314201 0 
1573314202 0 
1573314203 1 
1573314815 0 
1573314816 0 
1573314817 1 
1574696425 0 
1574696426 1 
1574697005 0 
1574697006 1 
1574697007 0 
1574697596 0 
1574697597 1 
1574697598 0 
1574698170 0 
1574698171 1 
1574698755 0 
1574698756 1 
1574698757 1 
1574709540 0 
1574709541 1 
1574710826 0 
1574710827 0 
1574710828 0 