1575298358 3
1575298359 2
1575298360 2
1575298361 2
1575298362 2
1575298925 2
1575298926 2
1575298927 2
1575298928 2
1575298929 2
1575298930 2
1575299505 2
1575299506 2
1575299507 2
1575299508 2
1575299509 3
1575299510 1
1575300079 2
1575300080 2
1575300081 2
1575300082 2
1575300083 2
1575300697 2
1575300698 2
1575300699 2
1575300700 2
1575300701 2
1575300702 2
1575301468 1
1575301469 1
1575301470 2
1575301471 2
1575301472 2
1575301473 2
1575302077 2
1575302078 2
1575302079 2
1575302080 2
1575302081 2
