1574956170 2
1574956171 2
1574956172 2
1574956173 2
1574956831 2
1574956832 2
1574956833 2
1574956834 2
1574957434 2
1574957435 2
1574957436 2
1574958006 4
1574958007 4
1574958008 3
1574958009 3
1574958010 3
1574958011 2
1574958012 2
1574958013 2
1574958014 2
1574958598 4
1574958599 4
1574958600 4
1574958601 5
1574958602 2
1574958603 2
1574958604 2
1574958605 2
1574958606 2
1574958607 2
1574959192 2
1574959193 2
1574959194 2
1574959195 2
1574959796 2
1574959797 2
1574959798 2
1574960369 4
1574960370 4
1574960371 4
1574960372 3
1574960373 2
1574960374 2
1574960375 2
1574960376 2
1574960377 2
1574960980 4
1574960981 4
1574960982 3
1574960983 3
1574960984 3
1574960985 2
1574960986 2
1574960987 2
1574960988 2
1574961622 2
1574961623 2
1574961624 2
