1572265113 2
1572265114 2
1572265309 2
1572265310 2
1572265311 2
1572265508 2
1572265509 2
1572265510 2
1572265706 2
1572265707 2
1572265708 2
1572265912 2
1572265913 2
1572266113 2
1572266114 2
1572266115 2
1572266311 2
1572266312 2
1572266511 2
1572266512 2
1572266513 2
1572266710 2
1572266711 2
1572266913 2
1572266914 2
1572274170 2
1572274171 2
1572274343 2
1572274344 2
1572274512 2
1572274513 2
1572274684 2
1572274685 2
1572274852 2
1572274853 2
1572275022 2
1572275193 2
1572275194 2
1572275369 2
1572275370 1
1572275539 2
1572275540 2
1572275712 2
1572275713 2
