1581936950 2
1581936951 2
1581936952 2
1581937263 2
1581937264 2
1581937265 2
1581937608 2
1581937609 2
1581937610 2
1581937611 2
1581937921 2
1581937922 2
1581937923 3
1581937924 2
1581937925 2
1581937926 2
1581937927 2
1581937928 3
1581937929 3
1581937930 2
1581937931 2
1581938250 3
1581938251 2
1581938252 2
1581938564 2
1581938565 2
1581938566 3
1581938567 2
1581938568 2
1581938569 2
1581938570 3
1581938571 3
1581938572 3
1581938573 3
1581938876 1
1581938877 2
1581938878 2
1581939217 2
1581939218 2
1581939219 2
1581939220 2
1581939541 2
1581939542 2
1581939543 2
1581939842 2
1581939843 2
1581942339 2
1581942340 2
1581942341 2
1581942926 2
1581942927 2
1581942928 2
1581943536 2
1581943537 2
1581943538 2
1581943539 3
1581943540 2
1581943541 2
1581943542 2
1581943543 3
1581943544 3
1581943545 2
1581943546 2
1581944779 2
1581944780 2
1581944781 1
1581945808 2
1581945809 2
1581945810 2
1581946382 2
1581946383 2
1581946384 2
1581946950 2
1581946951 2
1581946952 2
1581947870 2
1581947871 2
1581947872 2
1581948958 3
1581948959 2
1581948960 2
1581948961 2
