1575293021 2
1575293022 2
1575293023 2
1575293354 3
1575293355 2
1575293356 2
1575293696 3
1575293697 3
1575294032 3
1575294033 2
1575294034 2
1575294368 2
1575294369 2
1575294370 3
1575294371 2
1575294372 2
1575294373 2
1575294374 3
1575294375 3
1575294376 3
1575294377 2
1575294378 2
1575294711 2
1575294712 2
1575294713 3
1575294714 3
1575294715 2
1575294716 2
1575294717 2
1575294718 3
1575294719 2
1575294720 2
1575294721 2
1575294722 2
1575295083 3
1575295084 2
1575295474 3
1575295475 3
1575295476 3
1575295833 3
1575295834 4
1575295835 2
1575297032 2
1575297033 2
1575297034 2
1575297594 3
1575297595 3
1575297596 3
1575298175 3
1575298176 2
1575298177 2
1575298741 4
1575298742 3
1575298743 3
1575299320 3
1575299321 2
1575299322 2
1575299894 2
1575299895 2
1575299896 2
1575300515 2
1575300516 2
1575300517 2
1575301086 2
1575301087 2
1575301088 2
1575301895 3
1575301896 2
1575301897 2
