1574711166 0 
1574711167 0 
1574711168 0 
1574711169 0 
1574711170 0 
1574708957 0 
1574708958 0 
1574708959 0 
1574708960 0 
1574708961 0 
1569853939 0 
1569853940 0 
1569853941 0 
1569853942 0 
1569853943 0 
1569853944 0 
1569853945 0 
1569854965 0 
1569854966 0 
1569854967 0 
1569854968 0 
1569854969 0 
1569854970 0 
1569854971 0 
1569855514 0 
1569855515 0 
1569855516 0 
1569855517 0 
1569855518 0 
1569855519 0 
1569855520 0 
1570447360 0 
1570447361 0 
1570447362 0 
1570447363 0 
1570447364 0 
1570447365 0 
1570447366 0 
1570449118 0 
1570449119 0 
1570449120 0 
1570449121 0 
1570449122 0 
1570449123 0 
1570449124 0 
1570449125 0 
1570449126 0 
1570449127 0 
1570449128 0 
1570449129 0 
1570449130 0 
1570449131 0 
1570449132 0 
1570449133 0 
1570449134 0 
1570449135 0 
1570449136 0 
1570449137 0 
1570449138 0 
1570449139 0 
1570449140 0 
1570449141 0 
1570449142 0 
1570449143 0 
1570449144 0 
1570449145 0 
1570449146 0 
1570449147 0 
1570449148 0 
1570449149 0 
1570449150 0 
1570449151 0 
1570449152 0 
1570449153 0 
1570449573 0 
1570449574 0 
1570449575 0 
1570449576 0 
1570449577 0 
1570449578 0 
1570449579 0 
1570449580 0 
1571323560 0 
1571323561 0 
1571323562 0 
1571323563 0 
1571323564 0 
1571323565 0 
1571323566 0 
1571323963 0 
1571323964 0 
1571323965 0 
1571323966 0 
1571323967 0 
1571323968 0 
1571323969 0 
1571324361 0 
1571324362 0 
1571324363 0 
1571324364 0 
1571324365 0 
1571324366 0 
1571324367 0 
1571324753 0 
1571324754 0 
1571324755 0 
1571324756 0 
1571324757 0 
1571324758 0 
1571324759 0 
1571327683 0 
1571327684 0 
1571327685 0 
1571327686 0 
1571327687 0 
1571327688 0 
1571327689 0 
1571327690 0 
1571328074 0 
1571328075 0 
1571328076 0 
1571328077 0 
1571328078 0 
1571328079 0 
1571328080 0 
1571328081 0 
1571328465 0 
1571328466 0 
1571328467 0 
1571328468 0 
1571328469 0 
1571328470 0 
1571328471 0 
1571328856 0 
1571328857 0 
1571328858 0 
1571328859 0 
1571328860 0 
1571328861 0 
1571328862 0 
1571329248 0 
1571329249 0 
1571329250 0 
1571329251 0 
1571329252 0 
1571329253 0 
1571329254 0 
1571329255 0 
1571329637 0 
1571329638 0 
1571329639 0 
1571329640 0 
1571329641 0 
1571329642 0 
1571329643 0 
1571330615 0 
1571330616 0 
1571330617 0 
1571330618 0 
1571330619 0 
1571330620 0 
1571330621 0 