1574707087 0 
1574707088 0 
1574707089 0 
1574707090 0 
1569849986 1 
1569849987 0 
1569849988 0 
1569849989 0 
1569849990 0 
1569849991 1 
1569850189 0 
1569850190 0 
1569850191 0 
1569850192 0 
1569850193 0 
1569850194 0 
1569850720 0 
1569850721 0 
1569850722 1 
1569850723 0 
1569850724 0 
1569850725 0 
1569851002 1 
1569851003 0 
1569851004 0 
1569851005 0 
1569851006 0 
1569851007 0 
1569851008 0 
1569851209 0 
1569851210 0 
1569851211 0 
1569851212 0 
1569851213 0 
1569851214 1 
1569851558 2 
1569851559 0 
1569851560 2 
1569851561 1 
1569851562 0 
1569851563 0 
1569851765 0 
1569851766 0 
1569851767 1 
1569851768 0 
1569851769 0 
1569851770 0 
1569851995 0 
1569851996 1 
1569851997 2 
1569851998 0 
1569851999 0 
1569852000 0 
1569852224 2 
1569852225 0 
1569852226 0 
1569852227 0 
1569852228 0 
1569852229 0 
1569852462 1 
1569852463 0 
1569852464 1 
1569852465 0 
1569852466 0 
1569852467 0 
1569853070 3 
1569853071 0 
1569853072 1 
1569853073 1 
1569853074 0 
1569853075 0 
1569853382 1 
1569853383 0 
1569853384 0 
1569853385 0 
1569853386 0 
1569853387 0 
1570543110 0 
1570543111 0 
1570543112 1 
1570543113 0 
1570543114 0 
1570543115 2 
1570543455 0 
1570543456 0 
1570543457 0 
1570543458 0 
1570543459 0 
1570543460 0 
1570543461 0 
1570543462 0 
1570543463 0 
1570543464 0 
1570543465 0 
1570543466 0 
1570543467 0 
1570543468 0 
1570543469 0 
1570543470 0 
1570543471 0 
1570543472 0 
1570543473 0 
1570543474 0 
1570543475 0 
1570543476 0 
1570543477 0 
1570543670 0 
1570543671 0 
1570543672 1 
1570543673 2 
1570543674 0 
1570543675 0 
1570543676 0 
1570543677 0 
1570543678 0 
1570543679 0 
1570543680 0 
1570543681 0 
1570544599 0 
1570544600 0 
1570544601 0 
1570544602 0 
1570544603 0 
1570544604 0 
1570544825 0 
1570544826 2 
1570544827 0 
1570544828 0 
1570544829 0 
1570544830 0 
1570544831 0 
1570544832 0 
1570544833 0 
1570544834 0 
1570544835 0 
1570544836 0 
1570544837 0 
1570544838 0 
1570544839 0 
1570544840 0 
1570544841 0 
1570544842 0 
1570544843 0 
1570544844 0 
1570544845 0 
1570544846 0 
1570544847 0 
1570544848 0 
1570544849 0 
1570544850 0 
1570544851 0 
1570544852 0 
1570544853 0 
1570544854 0 
1570544855 0 
1570544856 2 
1570544857 2 
1570544858 0 
1570544859 0 
1570545059 0 
1570545060 1 
1570545061 1 
1570545062 1 
1570545063 0 
1570545064 0 
1570545276 0 
1570545277 0 
1570545278 0 
1570545279 0 
1570545280 0 
1570545281 0 
1571322965 0 
1571322966 0 
1571322967 0 
1571322968 1 
1571322969 0 
1571322970 0 
1571322971 0 
1571322972 1 
1571322973 0 
1571322974 1 
1571322975 0 
1571322976 1 
1571322977 0 
1571322978 0 
1571322979 0 
1571322980 0 
1571322981 0 
1571322982 0 
1571322983 0 
1571322984 0 
1571322985 0 
1571322986 0 
1571322987 0 
1571322988 1 
1571325101 0 
1571325102 0 
1571325103 0 
1571325104 0 
1571325105 0 
1571325284 0 
1571325285 0 
1571325286 0 
1571325287 0 
1571325288 0 
1571325289 0 
1571325290 1 
1571325291 0 
1571325292 2 
1571325293 2 
1571325294 1 
1571325295 0 
1571325296 0 
1571325297 0 
1571325298 0 
1571325299 0 
1571325300 0 
1571325301 0 
1571325302 0 
1571325483 0 
1571325484 0 
1571325485 0 
1571325486 0 
1571325487 0 
1571325488 0 
1571325489 1 
1571325490 0 
1571325491 0 
1571325492 0 
1571325493 1 
1571325494 0 
1571325495 0 
1571325496 0 
1571325497 0 
1571325498 0 
1571325499 0 
1571325500 0 
1571325501 0 
1571325502 0 
1571325503 1 
1571325504 0 
1571325505 0 
1571325506 0 
1571325507 3 
1571325688 0 
1571325689 0 
1571325690 0 
1571325691 0 
1571325692 0 
1571325693 0 
1571325694 0 
1571325695 0 
1571325696 0 
1571325697 0 
1571325698 0 
1571325699 0 
1571325700 0 
1571325701 1 
1571325702 0 
1571325703 0 
1571325704 0 
1571325705 0 
1571325706 0 
1571325707 0 
1571325899 0 
1571325900 0 
1571325901 0 
1571325902 0 
1571325903 0 
1571325904 0 
1571326100 0 
1571326101 0 
1571326102 2 
1571326103 0 
1571326104 0 
1571326105 0 
1571326791 0 
1571326792 0 
1571326793 1 
1571326794 0 
1571326795 0 
1571326796 0 
1571327007 0 
1571327008 0 
1571327009 0 
1571327010 0 
1571327011 0 
1571327012 1 
1571327197 0 
1571327198 0 
1571327199 0 
1571327200 0 
1571327201 0 
1571327202 0 
1571327203 0 
1571327204 0 
1571327205 0 
1571327206 1 
1571327207 0 
1571327208 1 
1571327209 0 
1571327210 0 
1571327211 0 
1571327212 0 
1571327213 0 
1571327214 0 
1571327215 0 
1571327216 0 
1571327217 1 
1571327218 0 
1571327219 1 
1571327220 1 
1571395892 0 
1571395893 0 
1571395894 0 
1571395895 0 
1571395896 0 
1571395897 0 
1571396088 0 
1571396089 0 
1571396090 1 
1571396091 0 
1571396092 0 
1571396093 0 
1571396286 0 
1571396287 0 
1571396288 0 
1571396289 0 
1571396290 0 
1571396485 0 
1571396486 0 
1571396487 0 
1571396488 0 
1571396489 0 
1571396683 0 
1571396684 0 
1571396685 0 
1571396686 0 
1571396687 0 
1571396688 0 
1571396911 0 
1571396912 0 
1571396913 0 
1571396914 0 
1571396915 0 
1571396916 0 
1571397115 0 
1571397116 0 
1571397117 1 
1571397118 0 
1571397119 0 
1571397120 1 
1571397302 0 
1571397303 0 
1571397304 0 
1571397305 0 
1571397306 0 
1571397307 0 
1571397308 0 
1571397309 0 
1571397310 0 
1571397311 0 
1571397312 0 
1571397313 0 
1571397314 0 
1571397315 0 
1571397316 0 
1571397317 0 
1571397318 0 
1571397319 1 
1571397320 0 
1571397321 1 
1571397322 2 
1571397513 0 
1571397514 0 
1571397515 1 
1571397516 0 
1571397517 0 
1571397518 0 
1571397710 0 
1571397711 0 
1571397712 1 
1571397713 0 
1571397714 0 
1571397715 0 
1571404960 0 
1571404961 0 
1571404962 0 
1571404963 0 
1571404964 0 
1571405144 0 
1571405145 0 
1571405146 0 
1571405147 0 
1571405148 0 
1571405149 0 
1571405150 0 
1571405151 0 
1571405152 1 
1571405153 0 
1571405154 0 
1571405155 0 
1571405156 0 
1571405157 0 
1571405158 0 
1571405159 0 
1571405160 0 
1571405161 0 
1571405162 0 
1571405355 0 
1571405356 0 
1571405357 0 
1571405358 0 
1571405359 0 
1571405583 0 
1571405584 0 
1571405585 1 
1571405586 0 
1571405587 0 
1571405588 0 
1571405773 0 
1571405774 0 
1571405775 0 
1571405776 0 
1571405777 0 
1571405778 0 
1571405779 1 
1571405780 0 
1571405781 0 
1571405782 1 
1571405783 1 
1571405784 0 
1571405785 0 
1571405786 0 
1571405787 0 
1571405788 1 
1571405789 1 
1571405790 0 
1571405791 0 
1571409005 0 
1571409006 0 
1571409007 1 
1571409008 0 
1571409009 0 
1571409010 1 
1571409193 0 
1571409194 0 
1571409195 0 
1571409196 0 
1571409197 0 
1571409198 0 
1571409199 0 
1571409200 0 
1571409201 0 
1571409202 0 
1571409203 0 
1571409204 0 
1571409205 0 
1571409206 0 
1571409207 0 
1571409208 0 
1571409209 0 
1571409210 0 
1571409211 0 
1571409212 0 
1571409408 0 
1571409409 0 
1571409410 0 
1571409411 0 
1571409412 0 
1571409413 0 
1571409625 0 
1571409626 0 
1571409627 1 
1571409628 0 
1571409629 0 
1571409630 0 
1571409823 0 
1571409824 0 
1571409825 0 
1571409826 0 
1571409827 0 
1571409828 0 
1571664391 0 
1571664392 0 
1571664393 0 
1571664394 0 
1571664395 0 
1571664933 0 
1571664934 0 
1571664935 1 
1571664936 0 
1571664937 0 
1571665136 0 
1571665137 0 
1571665138 1 
1571665139 0 
1571665140 0 
1571665347 0 
1571665348 0 
1571665349 0 
1571665350 1 
1571665351 1 
1571665352 2 
1571665541 0 
1571665542 0 
1571665543 0 
1571665544 1 
1571665545 0 
1571665546 1 
1571665736 0 
1571665737 0 
1571665738 0 
1571665739 1 
1571665740 0 
1571665741 1 
1571668154 0 
1571668155 0 
1571668156 1 
1571668157 0 
1571668158 0 
1571668353 0 
1571668354 0 
1571668355 1 
1571668356 0 
1571668357 0 
1571668358 0 
1571668557 0 
1571668558 0 
1571668559 0 
1571668560 0 
1571668561 0 
1571668562 0 
1571668751 0 
1571668752 0 
1571668753 0 
1571668754 0 
1571668755 0 
1571668756 1 
1571668951 0 
1571668952 0 
1571668953 0 
1571668954 0 
1571668955 0 
1571668956 0 
1571752025 0 
1571752026 0 
1571752027 0 
1571752028 0 
1571752029 0 
1571752220 0 
1571752221 0 
1571752222 0 
1571752223 0 
1571752224 0 
1571752225 1 
1571752420 0 
1571752421 0 
1571752422 0 
1571752423 1 
1571752424 0 
1571752425 0 
1571752624 0 
1571752625 0 
1571752626 1 
1571752627 1 
1571752628 0 
1571752629 2 
1571752819 0 
1571752820 0 
1571752821 1 
1571752822 0 
1571752823 0 
1571753015 0 
1571753016 0 
1571753017 0 
1571753018 1 
1571753019 0 
1571753020 0 
1571753212 0 
1571753213 0 
1571753214 0 
1571753215 0 
1571753216 0 
1571753217 0 
1571753409 0 
1571753410 0 
1571753411 0 
1571753412 1 
1571753413 0 
1571753414 1 
1571753607 0 
1571753608 0 
1571753609 0 
1571753610 2 
1571753611 0 
1571753804 0 
1571753805 0 
1571753806 0 
1571753807 1 
1571753808 0 
1571753809 0 
1571760162 0 
1571760163 0 
1571760164 0 
1571760165 1 
1571760166 0 
1571760167 2 
1571760357 0 
1571760358 0 
1571760359 0 
1571760360 1 
1571760361 0 
1571760362 0 
1571760562 0 
1571760563 0 
1571760564 2 
1571760565 2 
1571760566 0 
1571760757 0 
1571760758 0 
1571760759 0 
1571760760 0 
1571760761 0 
1571760762 0 
1571760959 0 
1571760960 0 
1571760961 1 
1571760962 0 
1571760963 0 
1571760964 0 
1571761167 0 
1571761168 0 
1571761169 0 
1571761170 1 
1571761171 0 
1571761172 0 
1571761367 0 
1571761368 0 
1571761369 1 
1571761370 0 
1571761371 0 
1571761562 0 
1571761563 0 
1571761564 0 
1571761565 0 
1571761566 0 
1571761757 0 
1571761758 0 
1571761759 0 
1571761760 0 
1571761761 0 
1571761965 0 
1571761966 0 
1571761967 0 
1571761968 0 
1571761969 0 
1571761970 1 
1572003268 0 
1572003269 0 
1572003270 0 
1572003271 0 
1572003272 0 
1572003464 0 
1572003465 0 
1572003466 0 
1572003467 0 
1572003468 0 
1572003469 0 
1572003660 0 
1572003661 0 
1572003662 0 
1572003663 0 
1572003664 0 
1572003665 0 
1572003858 0 
1572003859 0 
1572003860 0 
1572003861 0 
1572003862 0 
1572004054 0 
1572004055 0 
1572004056 0 
1572004057 0 
1572004058 0 
1572004059 0 
1572004250 0 
1572004251 0 
1572004252 0 
1572004253 0 
1572004254 0 
1572004444 0 
1572004445 0 
1572004446 1 
1572004447 0 
1572004448 0 
1572004449 1 
1572004643 0 
1572004644 0 
1572004645 0 
1572004646 0 
1572004647 0 
1572004648 0 
1572004845 0 
1572004846 0 
1572004847 2 
1572004848 1 
1572004849 0 
1572004850 1 
1572005044 0 
1572005045 0 
1572005046 0 
1572005047 1 
1572005048 0 
1572005049 0 
1572011246 0 
1572011247 1 
1572011248 3 
1572011249 2 
1572011250 1 
1572011442 0 
1572011443 0 
1572011444 0 
1572011445 0 
1572011446 0 
1572011447 0 
1572011638 0 
1572011639 0 
1572011640 0 
1572011641 1 
1572011642 0 
1572011643 0 
1572011835 0 
1572011836 0 
1572011837 0 
1572011838 0 
1572011839 0 
1572011840 0 
1572012031 0 
1572012032 0 
1572012033 0 
1572012034 1 
1572012035 0 
1572012036 0 
1572012229 0 
1572012230 0 
1572012231 0 
1572012232 0 
1572012233 0 
1572012234 0 
1572012424 0 
1572012425 0 
1572012426 0 
1572012427 0 
1572012428 0 
1572012618 0 
1572012619 0 
1572012620 0 
1572012621 0 
1572012622 0 
1572012623 0 
1572012813 0 
1572012814 0 
1572012815 0 
1572012816 0 
1572012817 0 
1572012818 1 
1572013007 0 
1572013008 0 
1572013009 0 
1572013010 0 
1572013011 0 
1572265066 0 
1572265067 0 
1572265068 1 
1572265069 0 
1572265070 0 
1572265071 0 
1572265263 0 
1572265264 0 
1572265265 0 
1572265266 0 
1572265267 0 
1572265268 0 
1572265462 0 
1572265463 0 
1572265464 0 
1572265465 0 
1572265466 0 
1572265660 0 
1572265661 0 
1572265662 0 
1572265663 0 
1572265664 0 
1572265665 0 
1572265866 0 
1572265867 0 
1572265868 0 
1572265869 0 
1572265870 0 
1572266067 0 
1572266068 0 
1572266069 0 
1572266070 1 
1572266071 0 
1572266072 2 
1572266264 0 
1572266265 2 
1572266266 1 
1572266267 1 
1572266268 0 
1572266269 0 
1572266464 0 
1572266465 0 
1572266466 0 
1572266467 0 
1572266468 0 
1572266469 0 
1572266663 0 
1572266664 0 
1572266665 0 
1572266666 2 
1572266667 0 
1572266668 0 
1572266866 0 
1572266867 0 
1572266868 1 
1572266869 1 
1572266870 0 
1572266871 0 
1572274131 0 
1572274132 0 
1572274133 0 
1572274134 0 
1572274135 1 
1572274303 0 
1572274304 0 
1572274305 1 
1572274306 0 
1572274307 0 
1572274472 0 
1572274473 0 
1572274474 0 
1572274475 1 
1572274476 1 
1572274630 0 
1572274631 0 
1572274632 0 
1572274633 0 
1572274634 0 
1572274635 0 
1572274636 0 
1572274637 0 
1572274638 0 
1572274639 1 
1572274640 0 
1572274641 0 
1572274642 0 
1572274643 0 
1572274644 0 
1572274645 0 
1572274646 0 
1572274647 0 
1572274648 0 
1572274649 1 
1572274812 0 
1572274813 0 
1572274814 0 
1572274815 0 
1572274816 0 
1572274982 0 
1572274983 0 
1572274984 1 
1572274985 0 
1572274986 0 
1572275154 0 
1572275155 0 
1572275156 0 
1572275157 0 
1572275158 0 
1572275330 0 
1572275331 0 
1572275332 0 
1572275333 1 
1572275334 2 
1572275500 0 
1572275501 0 
1572275502 1 
1572275503 1 
1572275504 1 
1572275673 0 
1572275674 0 
1572275675 1 
1572275676 0 
1572275677 0 
1572361280 0 
1572361281 0 
1572361282 0 
1572361283 0 
1572361284 0 
1572361477 0 
1572361478 0 
1572361479 0 
1572361480 0 
1572361481 0 
1572361672 0 
1572361673 0 
1572361674 0 
1572361675 0 
1572361676 0 
1572361677 0 
1572361867 0 
1572361868 0 
1572361869 0 
1572361870 0 
1572361871 0 
1572361872 0 
1572362066 0 
1572362067 0 
1572362068 1 
1572362069 0 
1572362070 0 
1572362071 2 
1572362260 0 
1572362261 0 
1572362262 0 
1572362263 0 
1572362264 0 
1572362265 1 
1572362456 0 
1572362457 0 
1572362458 0 
1572362459 0 
1572362460 0 
1572362461 1 
1572362652 0 
1572362653 0 
1572362654 0 
1572362655 0 
1572362656 0 
1572362657 0 
1572362658 0 
1572362659 0 
1572362660 0 
1572362850 0 
1572362851 0 
1572362852 0 
1572362853 0 
1572362854 0 
1572362855 1 
1572363046 0 
1572363047 0 
1572363048 0 
1572363049 0 
1572363050 0 
1572363051 1 
1572366922 0 
1572366923 0 
1572366924 1 
1572366925 2 
1572366926 3 
1572367090 0 
1572367091 0 
1572367092 0 
1572367093 0 
1572367094 0 
1572367261 0 
1572367262 0 
1572367263 0 
1572367264 0 
1572367428 0 
1572367429 0 
1572367430 0 
1572367431 0 
1572367432 1 
1572367610 0 
1572367611 0 
1572367612 0 
1572367613 0 
1572367614 1 
1572367788 0 
1572367789 0 
1572367790 0 
1572367791 0 
1572367792 0 
1572367957 0 
1572367958 0 
1572367959 1 
1572367960 0 
1572367961 0 
1572368126 0 
1572368127 0 
1572368128 0 
1572368129 0 
1572368130 1 
1572368292 0 
1572368293 0 
1572368294 0 
1572368295 0 
1572368296 0 
1572368458 0 
1572368459 1 
1572368460 0 
1572368461 0 
1572532397 0 
1572532398 0 
1572532399 0 
1572532400 0 
1572532401 0 
1572532402 1 
1572532598 0 
1572532599 0 
1572532600 0 
1572532601 0 
1572532602 0 
1572532803 0 
1572532804 0 
1572532805 0 
1572532806 0 
1572532807 0 
1572532808 0 
1572544510 0 
1572544511 0 
1572544512 1 
1572544513 1 
1572544514 2 
1572544678 0 
1572544679 0 
1572544680 0 
1572544681 0 
1572544682 0 
1572544849 0 
1572544850 0 
1572544851 1 
1572544852 0 
1572544853 1 
1572545022 0 
1572545023 0 
1572545024 1 
1572545025 0 
1572545026 1 
1572545195 0 
1572545196 0 
1572545197 0 
1572545198 0 
1572545199 0 
1572870022 0 
1572870023 2 
1572870024 0 
1572870025 0 
1572870242 0 
1572870243 0 
1572870244 0 
1572870245 0 
1572870422 0 
1572870423 1 
1572870424 1 
1572870425 0 
1572870426 1 
1572870645 0 
1572870646 0 
1572870647 0 
1572870648 0 
1572870649 2 
1572870814 0 
1572870815 0 
1572870816 0 
1572870817 0 
1572870818 0 
1572965403 0 
1572965404 0 
1572965405 0 
1572965406 0 
1572965407 0 
1572965571 0 
1572965572 1 
1572965573 1 
1572965574 0 
1572965738 0 
1572965739 1 
1572965740 1 
1572965741 1 
1572965742 1 
1572965907 0 
1572965908 0 
1572965909 0 
1572965910 0 
1572965911 0 
1572966079 0 
1572966080 0 
1572966081 0 
1572966082 1 
1572966083 3 
1572966245 0 
1572966246 0 
1572966247 0 
1572966248 0 
1572966249 0 
1572966416 0 
1572966417 0 
1572966418 0 
1572966419 0 
1572966420 0 
1572966600 0 
1572966601 0 
1572966602 0 
1572966603 0 
1572966604 0 
1572966780 0 
1572966781 0 
1572966782 0 
1572966783 0 
1572966784 0 
1572966944 0 
1572966945 1 
1572966946 0 
1572966947 0 
1573207051 0 
1573207052 0 
1573207053 1 
1573207054 1 
1573207055 1 
1573207219 0 
1573207220 1 
1573207221 0 
1573207222 0 
1573207223 1 
1573207388 0 
1573207389 0 
1573207390 0 
1573207391 0 
1573207392 0 
1573207554 0 
1573207555 1 
1573207556 0 
1573207557 0 
1573207558 0 
1573207724 0 
1573207725 0 
1573207726 0 
1573207727 0 
1573207891 0 
1573207892 0 
1573207893 0 
1573207894 0 
1573207895 2 
1573208058 0 
1573208059 0 
1573208060 1 
1573208061 0 
1573208062 2 
1573208223 0 
1573208224 0 
1573208225 0 
1573208226 0 
1573208227 0 
1573208391 0 
1573208392 0 
1573208393 0 
1573208394 0 
1573208395 0 
1573208557 0 
1573208558 0 
1573208559 1 
1573208560 1 
1573208561 2 
1573220292 0 
1573220293 0 
1573220294 0 
1573220295 0 
1573220296 0 
1573220460 0 
1573220461 2 
1573220462 0 
1573220463 1 
1573220464 1 
1573220627 0 
1573220628 0 
1573220629 0 
1573220630 0 
1573220631 0 
1573220796 0 
1573220797 0 
1573220798 0 
1573220799 0 
1573220800 0 
1573220964 0 
1573220965 0 
1573220966 0 
1573220967 0 
1573220968 0 
1573221131 0 
1573221132 0 
1573221133 0 
1573221134 0 
1573221135 0 
1573221296 0 
1573221297 0 
1573221298 0 
1573221299 0 
1573221465 0 
1573221466 0 
1573221467 0 
1573221468 0 
1573221469 0 
1573221632 0 
1573221633 0 
1573221634 0 
1573221635 0 
1573221636 1 
1573221801 0 
1573221802 0 
1573221803 0 
1573221804 0 
1573221990 0 
1573221991 0 
1573221992 1 
1573221993 1 
1573221994 1 
1573222161 0 
1573222162 1 
1573222163 0 
1573222164 0 
1573222327 0 
1573222328 0 
1573222329 1 
1573222330 1 
1573222331 1 
1573222493 0 
1573222494 0 
1573222495 0 
1573222496 0 
1573222497 2 
1573222663 0 
1573222664 1 
1573222665 0 
1573222666 0 
1573301141 0 
1573301142 0 
1573301143 0 
1573301144 0 
1573301145 2 
1573301310 0 
1573301311 0 
1573301312 1 
1573301313 1 
1573301492 0 
1573301493 0 
1573301494 0 
1573301495 0 
1573301659 0 
1573301660 0 
1573301661 0 
1573301662 0 
1573301663 0 
1573301846 0 
1573301847 0 
1573301848 0 
1573301849 0 
1573301850 0 
1573302024 0 
1573302025 1 
1573302026 0 
1573302027 0 
1573302193 0 
1573302194 1 
1573302195 0 
1573302196 0 
1573302367 0 
1573302368 1 
1573302369 0 
1573302370 0 
1573302371 0 
1573302536 0 
1573302537 0 
1573302538 0 
1573302539 1 
1573302540 2 
1573302718 0 
1573302719 0 
1573302720 0 
1573302721 0 
1573303856 0 
1573303857 0 
1573303858 1 
1573303859 0 
1573304006 0 
1573304007 0 
1573304008 0 
1573304009 0 
1573304010 0 
1573304011 0 
1573304012 0 
1573304013 0 
1573304014 0 
1573304015 0 
1573304016 0 
1573304017 0 
1573304018 0 
1573304019 1 
1573304020 0 
1573304021 0 
1573304022 0 
1573304023 0 
1573304024 0 
1573304180 0 
1573304181 0 
1573304182 0 
1573304183 1 
1573304184 2 
1573304346 0 
1573304347 0 
1573304348 0 
1573304349 1 
1573304350 1 
1573304505 0 
1573304506 0 
1573304507 0 
1573304508 0 
1573304509 1 
1573304672 0 
1573304673 1 
1573304674 1 
1573304675 0 
1573304676 1 
1573304831 0 
1573304832 1 
1573304833 0 
1573304834 0 
1573304991 0 
1573304992 0 
1573304993 0 
1573304994 0 
1573305153 0 
1573305154 0 
1573305155 1 
1573305156 0 
1573305157 1 
1573305313 0 
1573305314 0 
1573305315 0 
1573305316 0 
1573752485 0 
1573752486 0 
1573752487 0 
1573752488 0 
1573752489 1 
1573752743 0 
1573752744 0 
1573752745 0 
1573752746 0 
1573752747 1 
1573752902 0 
1573752903 0 
1573752904 1 
1573752905 0 
1573752906 0 
1573753061 0 
1573753062 0 
1573753063 0 
1573753064 0 
1573753219 0 
1573753220 0 
1573753221 0 
1573753222 1 
1573753374 0 
1573753375 1 
1573753376 0 
1573753377 1 
1573753532 0 
1573753533 0 
1573753534 0 
1573753535 0 
1573753685 0 
1573753686 0 
1573753687 0 
1573753688 0 
1573753847 0 
1573753848 1 
1573753849 0 
1573753850 0 
1573754666 0 
1573754667 0 
1573754668 1 
1573754669 1 
1573754670 2 
1573754827 0 
1573754828 0 
1573754829 0 
1573754830 0 
1573754988 0 
1573754989 0 
1573754990 0 
1573754991 0 
1573755155 0 
1573755156 0 
1573755157 0 
1573755158 0 
1573755318 0 
1573755319 1 
1573755320 0 
1573755321 0 
1573755474 0 
1573755475 0 
1573755476 0 
1573755477 0 
1573755478 1 
1573755630 0 
1573755631 0 
1573755632 0 
1573755633 0 
1573755788 0 
1573755789 0 
1573755790 0 
1573755791 1 
1573755946 0 
1573755947 0 
1573755948 0 
1573755949 0 
1573756103 0 
1573756104 0 
1573756105 0 
1573756106 0 
1573756107 1 
1573831411 0 
1573831412 2 
1573831413 0 
1573831414 0 
1573831569 0 
1573831570 0 
1573831571 0 
1573831572 0 
1573831727 0 
1573831728 0 
1573831729 0 
1573831730 0 
1573831899 0 
1573831900 0 
1573831901 0 
1573831902 0 
1573831903 0 
1573832052 0 
1573832053 1 
1573832054 0 
1573832055 1 
1573832212 0 
1573832213 0 
1573832214 0 
1573832215 0 
1573832216 0 
1573832367 0 
1573832368 0 
1573832369 0 
1573832370 0 
1573832371 0 
1573832534 0 
1573832535 1 
1573832536 0 
1573832537 0 
1573832689 0 
1573832690 0 
1573832691 0 
1573832692 0 
1573832693 0 
1573832844 0 
1573832845 0 
1573832846 0 
1573832847 0 
1573832848 0 
1573833040 0 
1573833041 0 
1573833042 0 
1573833043 0 
1573833197 0 
1573833198 0 
1573833199 0 
1573833200 0 
1573833361 0 
1573833362 1 
1573833363 0 
1573833364 0 
1573833518 0 
1573833519 0 
1573833520 0 
1573833521 0 
1573833675 0 
1573833676 0 
1573833677 0 
1573833678 0 
1573833679 0 
1573901049 0 
1573901050 0 
1573901051 0 
1573901052 0 
1573901207 0 
1573901208 0 
1573901209 0 
1573901210 0 
1573901211 0 
1573901363 0 
1573901364 0 
1573901365 0 
1573901366 0 
1573901367 0 
1573901519 0 
1573901520 0 
1573901521 0 
1573901522 0 
1573901523 1 
1573901680 0 
1573901681 0 
1573901682 0 
1573901683 0 
1573901834 0 
1573901835 0 
1573901836 0 
1573901837 0 
1573901989 0 
1573901990 0 
1573901991 0 
1573901992 0 
1573901993 0 
1573902147 0 
1573902148 0 
1573902149 0 
1573902150 0 
1573902305 0 
1573902306 1 
1573902307 0 
1573902308 0 
1573902460 0 
1573902461 0 
1573902462 0 
1573902463 0 
1573902464 1 
1574685777 0 
1574685778 0 
1574685779 0 
1574685780 0 
1574685781 0 
1574685967 0 
1574685968 0 
1574685969 0 
1574685970 0 
1574685971 0 
1574686140 0 
1574686141 0 
1574686142 0 
1574686143 0 
1574686300 0 
1574686301 0 
1574686302 0 
1574686303 0 
1574686459 0 
1574686460 0 
1574686461 0 
1574686462 0 
1574686625 0 
1574686626 0 
1574686627 0 
1574686628 0 
1574686629 0 
1574686789 0 
1574686790 0 
1574686791 0 
1574686792 0 
1574686975 0 
1574686976 0 
1574686977 0 
1574686978 0 
1574687314 0 
1574687315 0 
1574687316 0 
1574687317 1 
1574689643 0 
1574689644 0 
1574689645 0 
1574689646 0 
1574689647 1 
1574689859 0 
1574689860 0 
1574689861 0 
1574689862 0 
1574689863 1 
1574690198 0 
1574690199 0 
1574690200 0 
1574690201 0 
1574690368 0 
1574690369 0 
1574690370 0 
1574690371 0 
1574690527 0 
1574690528 0 
1574690529 0 
1574690530 0 
1574690698 0 
1574690699 0 
1574690700 0 
1574690701 0 
1574690702 0 
1574690858 0 
1574690859 0 
1574690860 0 
1574690861 0 
1574691043 1 
1574691044 0 
1574691045 0 
1574691046 0 
1574691222 0 
1574691223 0 
1574691224 0 
1574691225 0 
1574706844 0 
1574706845 0 
1574706846 0 
1574706847 0 
1574707087 0 
1574707088 0 
1574707089 0 
1574707090 0 
1574954189 0 
1574954190 0 
1574954191 0 
1574954192 0 
1574954354 0 
1574954355 0 
1574954356 1 
1574954357 2 
1574954530 0 
1574954531 0 
1574954532 1 
1574954533 1 
1574954534 2 
1574954694 0 
1574954695 0 
1574954696 0 
1574954697 0 
1574954877 0 
1574954878 0 
1574954879 1 
1574954880 2 
1574955034 0 
1574955035 0 
1574955036 0 
1574955037 0 
1574955038 1 
1574955293 0 
1574955294 0 
1574955295 0 
1574955296 0 
1574955453 0 
1574955454 0 
1574955455 1 
1574955456 1 
1574955611 0 
1574955612 0 
1574955613 0 
1574955614 0 
1574955615 2 
1574955772 0 
1574955773 0 
1574955774 0 
1574955775 0 
1574955776 1 
1575026520 0 
1575026521 0 
1575026522 0 
1575026523 0 
1575026681 0 
1575026682 0 
1575026683 0 
1575026684 0 
1575026685 0 
1575026843 0 
1575026844 0 
1575026845 1 
1575026846 0 
1575026847 1 
1575027003 0 
1575027004 0 
1575027005 0 
1575027006 0 
1575027167 0 
1575027168 0 
1575027169 0 
1575027170 0 
1575027328 0 
1575027329 0 
1575027330 0 
1575027331 0 
1575027332 1 
1575027494 0 
1575027495 0 
1575027496 0 
1575027497 0 
1575027498 0 
1575027652 0 
1575027653 0 
1575027654 0 
1575027655 0 
1575027816 0 
1575027817 0 
1575027818 1 
1575027819 0 
1575027980 0 
1575027981 0 
1575027982 0 
1575027983 0 
1575112836 0 
1575112837 0 
1575112838 0 
1575112839 0 
1575112997 0 
1575112998 0 
1575112999 0 
1575113000 0 
1575113159 0 
1575113160 1 
1575113161 2 
1575113162 0 
1575113320 0 
1575113321 0 
1575113322 0 
1575113323 0 
1575113479 0 
1575113480 0 
1575113481 0 
1575113482 0 
1575113638 0 
1575113639 0 
1575113640 1 
1575113641 3 
1575113795 0 
1575113796 0 
1575113797 0 
1575113798 0 
1575113953 0 
1575113954 0 
1575113955 0 
1575113956 0 
1575113957 1 
1575114114 0 
1575114115 0 
1575114116 0 
1575114117 0 
1575114118 0 
1575114119 1 
1575114120 1 
1575114277 0 
1575114278 0 
1575114279 0 
1575114280 0 
1575114281 1 
1575289766 0 
1575289767 0 
1575289768 0 
1575289769 0 
1575289933 0 
1575289934 0 
1575289935 0 
1575289936 0 
1575290098 0 
1575290099 0 
1575290100 1 
1575290101 1 
1575290281 0 
1575290282 0 
1575290283 0 
1575290284 1 
1575290453 0 
1575290454 0 
1575290455 0 
1575290456 0 
1575290457 0 
1575290629 0 
1575290630 0 
1575290631 0 
1575290632 1 
1575290633 1 
1575290798 0 
1575290799 0 
1575290800 0 
1575290801 0 
1575290955 0 
1575290956 0 
1575290957 0 
1575290958 0 
1575290959 1 
1575291117 0 
1575291118 0 
1575291119 0 
1575291120 0 
1575291121 1 
1575291279 0 
1575291280 0 
1575291281 0 
1575291282 0 
1575291283 0 
1575384167 0 
1575384168 0 
1575384169 0 
1575384170 0 
1575384171 1 
1575384327 0 
1575384328 0 
1575384329 0 
1575384330 0 
1575384488 0 
1575384489 0 
1575384490 1 
1575384491 0 
1575384646 0 
1575384647 0 
1575384648 0 
1575384649 0 
1575384650 0 
1575384810 0 
1575384811 0 
1575384812 0 
1575384813 0 
1575384967 0 
1575384968 0 
1575384969 0 
1575384970 1 
1575385129 0 
1575385130 0 
1575385131 0 
1575385132 0 
1575385288 0 
1575385289 0 
1575385290 0 
1575385291 0 
1575385292 1 
1575385447 0 
1575385448 0 
1575385449 0 
1575385450 1 
1575385451 1 
1575385611 0 
1575385612 0 
1575385613 1 
1575385614 0 
1575385615 1 
1575556549 0 
1575556550 0 
1575556551 0 
1575556552 0 
1575556709 0 
1575556710 1 
1575556711 0 
1575556712 0 
1575556713 0 
1575556875 0 
1575556876 0 
1575556877 1 
1575556878 1 
1575556879 0 
1575557060 0 
1575557061 0 
1575557062 0 
1575557063 0 
1575557064 0 
1575557065 0 
1575557066 0 
1575557067 0 
1575557068 0 
1575557069 0 
1575557070 0 
1575557236 0 
1575557237 0 
1575557238 1 
1575557239 0 
1575557240 0 
1575557421 1 
1575557422 2 
1575557423 0 
1575557424 2 
1575557594 0 
1575557595 0 
1575557596 0 
1575557597 0 
1575557598 0 
1575557768 0 
1575557769 1 
1575557770 2 
1575557771 0 
1575557772 1 
1575558226 0 
1575558227 0 
1575558228 0 
1575558229 0 
1575558230 0 
1575558415 0 
1575558416 0 
1575558417 0 
1575558418 0 
1579184046 0 
1579184047 0 
1579184048 0 
1579184049 1 
1579184762 0 
1579184763 0 
1579184764 0 
1579184765 0 
1579184923 0 
1579184924 0 
1579184925 0 
1579184926 0 
1579185085 0 
1579185086 0 
1579185087 0 
1579185088 1 
1579185089 1 
1579185260 0 
1579185261 0 
1579185262 0 
1579185263 0 
1579185437 0 
1579185438 0 
1579185439 0 
1579185440 1 
1579185620 0 
1579185621 0 
1579185622 0 
1579185623 0 
1579185624 2 
1579185794 0 
1579185795 0 
1579185796 0 
1579185797 0 
1579185798 0 
1579185799 0 
1579185800 0 
1579185801 0 
1579185802 0 
1579185803 0 
1579185987 0 
1579185988 0 
1579185989 0 
1579185990 0 
1579186159 0 
1579186160 0 
1579186161 0 
1579186162 1 
1579186163 2 
1579351776 0 
1579351777 0 
1579351778 0 
1579351779 0 
1579351943 0 
1579351944 0 
1579351945 0 
1579351946 0 
1579352104 0 
1579352105 0 
1579352106 0 
1579352107 1 
1579352265 0 
1579352266 0 
1579352267 0 
1579352268 0 
1579352428 0 
1579352429 0 
1579352430 0 
1579352431 0 
1579352592 0 
1579352593 1 
1579352594 1 
1579352595 0 
1579352750 0 
1579352751 0 
1579352752 0 
1579352753 0 
1579352911 0 
1579352912 1 
1579352913 0 
1579352914 0 
1579353074 0 
1579353075 0 
1579353076 0 
1579353077 0 
1579353930 0 
1579353931 0 
1579353932 0 
1579353933 0 
1579353934 0 
1579353935 0 
1579353936 0 
1579353937 0 
1579353938 0 
1579353939 0 
1579353940 0 
1579353941 0 
1579353942 0 
1579353943 0 
1579353944 0 
1579353945 0 
1579353946 0 
1579353947 0 
1579353948 0 
1579353949 0 
1579353950 0 
1579353951 0 
1579353952 0 
1579353953 0 
1579353954 0 
1579353955 0 
1579353956 0 
1579522865 0 
1579522866 0 
1579522867 0 
1579522868 0 
1579523068 0 
1579523069 0 
1579523070 0 
1579523071 0 
1579523072 1 
1579523259 0 
1579523260 0 
1579523261 0 
1579523262 1 
1579523424 0 
1579523425 0 
1579523426 0 
1579523427 0 
1579523598 0 
1579523599 1 
1579523600 1 
1579523601 0 
1579523778 0 
1579523779 0 
1579523780 0 
1579523781 0 
1579523782 2 
1579523961 0 
1579523962 0 
1579523963 0 
1579523964 0 
1579524148 0 
1579524149 0 
1579524150 0 
1579524151 0 
1579524152 1 
1579524315 0 
1579524316 0 
1579524317 0 
1579524318 0 
1579524484 0 
1579524485 0 
1579524486 0 
1579524487 0 
1579537461 0 
1579537462 0 
1579537463 0 
1579537464 0 
1579537465 0 
1579537466 0 
1579537467 0 
1579537468 0 
1579537469 0 
1579537470 0 
1579537471 0 
1579537472 0 
1579537473 0 
1580215318 0 
1580215319 0 
1580215320 0 
1580215321 0 
1580215512 0 
1580215513 0 
1580215514 1 
1580215515 1 
1580215516 2 
1580215677 0 
1580215678 0 
1580215679 1 
1580215680 1 
1580215835 0 
1580215836 0 
1580215837 0 
1580215838 0 
1580215839 1 
1580215996 0 
1580215997 0 
1580215998 1 
1580215999 0 
1580216159 0 
1580216160 0 
1580216161 0 
1580216162 0 
1580216318 0 
1580216319 0 
1580216320 0 
1580216321 0 
1580216481 0 
1580216482 0 
1580216483 2 
1580216484 1 
1580216639 0 
1580216640 0 
1580216641 0 
1580216642 0 
1580216821 0 
1580216822 0 
1580216823 1 
1580216824 0 
1580216825 3 
1580304731 0 
1580304732 0 
1580304733 0 
1580304734 0 
1580304888 0 
1580304889 0 
1580304890 1 
1580304891 0 
1580305050 0 
1580305051 0 
1580305052 0 
1580305053 0 
1580305211 0 
1580305212 0 
1580305213 0 
1580305214 0 
1580305394 0 
1580305395 0 
1580305396 1 
1580305397 0 
1580305554 0 
1580305555 0 
1580305556 2 
1580305557 1 
1580305558 1 
1580305719 0 
1580305720 0 
1580305721 0 
1580305722 0 
1580305876 0 
1580305877 0 
1580305878 1 
1580305879 0 
1580306031 0 
1580306032 0 
1580306033 0 
1580306034 0 
1580306191 0 
1580306192 0 
1580306193 1 
1580306194 2 
1581935231 0 
1581935232 0 
1581935233 0 
1581935234 0 
1581935235 2 
1581935389 0 
1581935390 0 
1581935391 1 
1581935392 1 
1581935393 1 
1581935550 0 
1581935551 0 
1581935552 0 
1581935553 2 
1581935554 3 
1581935716 0 
1581935717 0 
1581935718 0 
1581935719 0 
1581935883 0 
1581935884 0 
1581935885 0 
1581935886 0 
1581935887 1 
1581936055 0 
1581936056 0 
1581936057 1 
1581936058 1 
1581936226 0 
1581936227 0 
1581936228 1 
1581936229 1 
1581936230 2 
1581936389 0 
1581936390 0 
1581936391 0 
1581936392 0 
1581936393 0 
1581936548 0 
1581936549 0 
1581936550 0 
1581936551 0 
1581936723 0 
1581936724 0 
1581936725 0 
1581936726 2 
1581936727 2 
1582026905 0 
1582026906 0 
1582026907 1 
1582026908 1 
1582027067 0 
1582027068 0 
1582027069 0 
1582027070 0 
1582027071 2 
1582027231 0 
1582027232 0 
1582027233 1 
1582027234 1 
1582027399 0 
1582027400 0 
1582027401 0 
1582027402 1 
1582027403 1 
1582027812 0 
1582027813 0 
1582027814 0 
1582027815 0 
1582027816 1 
1582027976 0 
1582027977 0 
1582027978 0 
1582027979 0 
1582027980 0 
1582028145 0 
1582028146 0 
1582028147 1 
1582028148 0 
1582028311 0 
1582028312 0 
1582028313 0 
1582028314 1 
1582028315 0 
1582028479 0 
1582028480 0 
1582028481 0 
1582028482 0 
1582028483 0 
1582028650 0 
1582028651 0 
1582028652 0 
1582028653 0 
1582113120 0 
1582113121 0 
1582113122 0 
1582113123 0 
1582113124 0 
1582113287 0 
1582113288 0 
1582113289 0 
1582113290 1 
1582113291 1 
1582113450 0 
1582113451 0 
1582113452 0 
1582113453 1 
1582113454 0 
1582113619 0 
1582113620 0 
1582113621 0 
1582113622 1 
1582113623 2 
1582113784 0 
1582113785 0 
1582113786 0 
1582113787 0 
1582113788 1 
1582113959 0 
1582113960 0 
1582113961 0 
1582113962 0 
1582113963 1 
1582114121 0 
1582114122 0 
1582114123 0 
1582114124 0 
1582114125 1 
1582114285 0 
1582114286 0 
1582114287 0 
1582114288 1 
1582114451 0 
1582114452 0 
1582114453 0 
1582114454 0 
1582114455 1 
1582114615 0 
1582114616 0 
1582114617 0 
1582114618 0 
1582114778 0 
1582114779 0 
1582114780 0 
1582114781 0 
1582114782 1 
1582114944 0 
1582114945 1 
1582114946 1 
1582114947 0 
1582114948 1 
1582115106 0 
1582115107 0 
1582115108 0 
1582115109 0 
1582115273 0 
1582115274 0 
1582115275 0 
1582115276 0 
1582115277 0 
1582115436 0 
1582115437 0 
1582115438 0 
1582115439 0 
1582115440 0 
1582115600 0 
1582115601 0 
1582115602 2 
1582115603 0 
1582115604 1 
1582115763 0 
1582115764 0 
1582115765 1 
1582115766 2 
1582115927 0 
1582115928 0 
1582115929 0 
1582115930 0 
1582116108 0 
1582116109 0 
1582116110 0 
1582116111 1 
1582116112 2 
1582116324 0 
1582116325 0 
1582116326 1 
1582116327 1 
1582116328 2 
1582116499 0 
1582116500 0 
1582116501 0 
1582116502 1 
1582116503 1 
1582116665 0 
1582116666 0 
1582116667 0 
1582116668 1 
1582116669 1 
1582118984 0 
1582118985 1 
1582118986 2 
1582118987 3 
1582119147 0 
1582119148 0 
1582119149 1 
1582119150 2 
1582119151 1 
1582119317 0 
1582119318 0 
1582119319 2 
1582119320 0 
1582119321 1 
1582119482 0 
1582119483 0 
1582119484 0 
1582119485 0 
1582119486 0 
1582119487 0 
1582119488 0 
1582119489 0 
1582119490 0 
1582119491 0 
1582119492 1 
1582119493 1 
1582119494 1 
1582119495 1 
1582119496 0 
1582119668 0 
1582119669 0 
1582119670 0 
1582119671 1 
1582119672 0 
1582119831 0 
1582119832 0 
1582119833 1 
1582119834 0 
1582119835 2 
1582120002 0 
1582120003 0 
1582120004 0 
1582120005 0 
1582120006 0 
1582120174 0 
1582120175 0 
1582120176 0 
1582120177 0 
1582120898 0 
1582120899 0 
1582120900 0 
1582120901 1 
1582120902 0 
1582121065 0 
1582121066 0 
1582121067 0 
1582121068 0 
1582121069 0 
1582121309 0 
1582121310 0 
1582121311 0 
1582121312 1 
1582121313 0 
1582121472 0 
1582121473 0 
1582121474 1 
1582121475 2 
1582121476 0 
1582125215 0 
1582125216 1 
1582125217 1 
1582125218 0 
1582125374 0 
1582125375 0 
1582125376 1 
1582125377 0 
1582125378 1 
1582125858 0 
1582125859 0 
1582125860 1 
1582125861 0 
1582125862 2 
1582126025 0 
1582126026 0 
1582126027 1 
1582126028 0 
1582126194 0 
1582126195 1 
1582126196 0 
1582126197 0 
1582126354 0 
1582126355 0 
1582126356 0 
1582126357 0 
1582126358 0 
1582126521 0 
1582126522 0 
1582126523 0 
1582126524 0 
1582126525 1 
1582126683 0 
1582126684 0 
1582126685 0 
1582126686 1 
1582126687 0 
1582126850 0 
1582126851 0 
1582126852 0 
1582126853 3 
1582127012 0 
1582127013 0 
1582127014 1 
1582127015 0 
1582127173 0 
1582127174 0 
1582127175 0 
1582127176 0 
1582127177 0 
1582127341 0 
1582127342 0 
1582127343 0 
1582127344 0 
1582127345 1 
1582127508 0 
1582127509 0 
1582127510 0 
1582127511 0 
1582127512 0 
1582127672 0 
1582127673 0 
1582127674 0 
1582127675 1 
1582127676 2 
1582127836 0 
1582127837 0 
1582127838 0 
1582127839 0 
1582127996 0 
1582127997 0 
1582127998 0 
1582127999 1 
1582128000 2 
1582128163 0 
1582128164 0 
1582128165 0 
1582128166 0 
1582128342 0 
1582128343 0 
1582128344 0 
1582128345 0 
1582128346 2 
1582128503 0 
1582128504 0 
1582128505 2 
1582128506 1 
1582128507 2 
1582128666 0 
1582128667 0 
1582128668 1 
1582128669 0 
1582128670 1 
1582128832 0 
1582128833 0 
1582128834 0 
1582128835 2 
1582128836 1 
1582128994 0 
1582128995 1 
1582128996 0 
1582128997 0 
1582128998 1 
1582129167 0 
1582129168 0 
1582129169 2 
1582129170 1 
1582129171 2 
1582129326 0 
1582129327 1 
1582129328 2 
1582129329 2 
1582129330 2 
1582129487 0 
1582129488 0 
1582129489 2 
1582129490 2 
1582129651 0 
1582129652 0 
1582129653 1 
1582129654 0 
1582185074 0 
1582185075 0 
1582185076 1 
1582185077 2 
1582185255 0 
1582185256 0 
1582185257 1 
1582185258 1 
1582185989 0 
1582185990 0 
1582185991 1 
1582185992 0 
1582186149 0 
1582186150 1 
1582186151 1 
1582186152 1 
1582186882 0 
1582186883 1 
1582186884 1 
1582186885 2 
1582187845 0 
1582187846 0 
1582187847 0 
1582187848 2 
1582187849 2 
1582188004 0 
1582188005 0 
1582188006 1 
1582188007 1 
1582188163 0 
1582188164 1 
1582188165 2 
1582188166 1 
1582188323 0 
1582188324 0 
1582188325 1 
1582188326 2 
1582188327 1 
1582193775 0 
1582193776 0 
1582193777 0 
1582193778 2 
1582193938 0 
1582193939 0 
1582193940 1 
1582193941 0 
1582194102 0 
1582194103 0 
1582194104 0 
1582194105 0 
1582194106 1 
1582194258 0 
1582194259 0 
1582194260 1 
1582194261 0 
1582194262 0 
1582194420 0 
1582194421 0 
1582194422 1 
1582194423 0 
1582194584 0 
1582194585 0 
1582194586 0 
1582194587 1 
1582194588 2 
1582194745 0 
1582194746 0 
1582194747 0 
1582194748 1 
1582194914 0 
1582194915 0 
1582194916 1 
1582194917 1 
1582195074 0 
1582195075 0 
1582195076 1 
1582195077 1 
1582195235 0 
1582195236 0 
1582195237 2 
1582195238 3 
1582195239 3 
1582195240 2 
1582195241 2 
1582195730 0 
1582195731 0 
1582195732 1 
1582195733 0 
1582195890 0 
1582195891 1 
1582195892 1 
1582195893 0 
1582196047 0 
1582196048 0 
1582196049 1 
1582196050 0 
1582196208 0 
1582196209 0 
1582196210 2 
1582196211 0 
1582196367 0 
1582196368 0 
1582196369 1 
1582196370 0 
1582196526 0 
1582196527 0 
1582196528 0 
1582196529 0 
1582196684 0 
1582196685 0 
1582196686 1 
1582196687 0 
1582196844 0 
1582196845 0 
1582196846 1 
1582196847 0 
1582196848 1 
1582197006 0 
1582197007 0 
1582197008 1 
1582197009 0 
1582197010 1 
1582197172 0 
1582197173 0 
1582197174 1 
1582197175 0 
1582197329 0 
1582197330 0 
1582197331 0 
1582197332 2 
1582197333 2 
1582197495 0 
1582197496 0 
1582197497 0 
1582197498 1 
1582197499 1 
1582197666 0 
1582197667 0 
1582197668 0 
1582197669 1 
1582197670 0 
1582197824 0 
1582197825 0 
1582197826 1 
1582197827 1 
1582197982 0 
1582197983 0 
1582197984 1 
1582197985 0 
1582198138 0 
1582198139 0 
1582198140 0 
1582198141 0 
1582198142 1 
1582198300 0 
1582198301 0 
1582198302 0 
1582198303 0 
1582198304 2 
1582198457 0 
1582198458 1 
1582198459 2 
1582198460 1 
1582198461 2 
1582198739 0 
1582198740 0 
1582198741 0 
1582198742 2 
1582199087 0 
1582199088 0 
1582199089 0 
1582199090 1 
1582199091 2 
1582631395 0 
1582631396 0 
1582631397 0 
1582631398 0 
1582631555 0 
1582631556 0 
1582631557 2 
1582631558 1 
1582631559 2 
1582631711 0 
1582631712 0 
1582631713 1 
1582631714 1 
1582631869 0 
1582631870 0 
1582631871 1 
1582631872 1 
1582632025 0 
1582632026 0 
1582632027 0 
1582632028 0 
1582632183 0 
1582632184 0 
1582632185 1 
1582632186 0 
1582632343 0 
1582632344 1 
1582632345 2 
1582632346 1 
1582632505 0 
1582632506 0 
1582632507 0 
1582632508 0 
1582632665 0 
1582632666 0 
1582632667 0 
1582632668 1 
1582632825 0 
1582632826 0 
1582632827 0 
1582632828 0 
1582632829 2 
1582884524 0 
1582884525 0 
1582884526 1 
1582884527 0 
1582884528 1 
1582884703 0 
1582884704 0 
1582884705 1 
1582884706 0 
1582884872 0 
1582884873 0 
1582884874 0 
1582884875 1 
1582885036 0 
1582885037 0 
1582885038 0 
1582885039 0 
1582885200 0 
1582885201 2 
1582885202 2 
1582885203 1 
1582885361 0 
1582885362 0 
1582885363 1 
1582885364 0 
1582885521 0 
1582885522 0 
1582885523 0 
1582885524 0 
1582885525 0 
1582885683 0 
1582885684 0 
1582885685 1 
1582885686 0 
1582885687 1 
1582885848 0 
1582885849 0 
1582885850 1 
1582885851 0 
1582886005 0 
1582886006 0 
1582886007 1 
1582886008 0 