1573901084 2
1573901085 2
1573901086 2
1573901087 2
1573901088 2
1573901089 2
1573901090 2
1573901242 2
1573901243 2
1573901244 2
1573901245 2
1573901246 2
1573901247 2
1573901398 2
1573901399 2
1573901400 2
1573901401 2
1573901402 2
1573901403 2
1573901404 2
1573901554 2
1573901555 2
1573901556 2
1573901557 2
1573901558 2
1573901559 2
1573901560 2
1573901715 2
1573901716 2
1573901717 2
1573901718 2
1573901719 2
1573901720 2
1573901869 2
1573901870 2
1573901871 2
1573901872 2
1573901873 2
1573901874 2
1573901875 2
1573902024 2
1573902025 2
1573902026 2
1573902027 2
1573902028 2
1573902029 2
1573902030 2
1573902182 2
1573902183 2
1573902184 2
1573902185 2
1573902186 2
1573902187 2
1573902339 2
1573902340 2
1573902341 2
1573902342 2
1573902343 2
1573902344 2
1573902345 2
1573902495 2
1573902496 2
1573902497 2
1573902498 2
1573902499 2
1573902500 2
1573902501 2
