1582903809 0.002167182
1582903809 0.001786638
1582903809 0.018446379
1582903809 0.044241826
1582903809 0.055390981
1582903809 0.032732002
1582903809 0.052940931
1582903809 0.035534021
1582903809 0.051402463
1582903809 0.007754851
1582903809 0.020622288
1582903809 0.039341594
1582903809 0.053101181
1582903809 0.046481258
1582903809 0.032799664
1582903809 0.055950407
1582903809 0.036096244
1582903809 0.001507079
1582903809 0.056124939
1582903809 0.001287208
1582903809 0.015961833
1582903809 0.041775881
1582903809 0.001648327
1582903809 0.04864064
1582903809 0.03650849
1582903809 0.051950673
1582903809 0.036191145
1582903809 0.001585409
1582903809 0.04512066
1582903809 2.8096e-05
1582903809 0.048347596
1582903809 0.008526405
1582903809 0.019788804
1582903810 0.040981999
1582903810 0.043556192
1582903810 0.044436783
1582903810 0.002185041
1582903810 0.041627583
1582903810 0.001509026
1582903810 0.04236913
1582903810 0.001040298
1582903810 0.054809178
1582903810 0.032022548
1582903810 0.001592012
1582903810 0.023153504
1582903810 0.01113157
1582903810 0.040063324
1582903810 0.045032907
1582903810 0.002707416
1582903810 0.040634938
1582903810 0.001318196
1582903810 0.012011237
1582903810 0.019564164
1582903810 0.051141962
1582903810 0.0378857
1582903810 0.042060931
1582903810 0.001843584
1582903810 0.042075594
1582903810 0.045817432
1582903810 0.049368904
1582903810 0.001000665
1582903810 0.036701757
1582903810 0.012935853
1582903810 0.027531742
1582903810 0.035012747
1582903810 0.043774528
1582903810 0.043660165
1582903810 0.044692444
1582903811 0.001027738
1582903811 0.043689786
1582903811 0.042630165
1582903811 0.001230311
1582903811 0.042959229
1582903811 0.01279705
1582903811 0.020319569
1582903811 0.044195804
1582903811 0.043901049
1582903811 0.062198703
1582903811 2.0087e-05
1582903811 0.024759976
1582903811 0.045769064
1582903811 0.041855164
1582903811 0.044458196
1582903811 0.001593075
1582903811 0.012231162
1582903811 0.019919866
1582903811 0.043733162
1582903811 0.04399805
1582903811 0.042096589
1582903811 0.001107859
1582903811 0.042993657
1582903811 0.001458852
1582903811 0.044518178
1582903811 0.043988372
1582903811 0.042452181
1582903811 0.004133172
1582903811 0.018407933
1582903811 0.011967433
1582903811 0.040928301
1582903811 0.001264414
1582903811 0.043877719
1582903811 0.044153795
1582903812 0.001836716
1582903812 0.042578291
1582903812 0.049842108
1582903812 0.040673945
1582903812 0.001680969
1582903812 0.014193158
1582903812 0.019669145
1582903812 0.040205905
1582903812 0.046665272
1582903812 0.043133106
1582903812 0.04239733
1582903812 0.001369115
1582903812 0.043389093
1582903812 0.043769916
1582903812 0.043295351
1582903812 0.044205235
1582903812 0.012228465
1582903812 0.029136846
1582903812 0.036738066
1582903812 0.041790689
1582903812 0.044172962
1582903812 0.001175879
1582903812 0.042855672
1582903812 0.045035584
1582903812 0.042759582
1582903812 0.044923524
1582903812 0.012091414
1582903812 0.020077846
1582903812 0.043526473
1582903812 0.043545887
1582903812 0.044149622
1582903813 0.000942327
1582903813 0.044297619
1582903813 0.0439996
1582903813 0.042453775
1582903813 0.044285437
1582903813 0.001834621
1582903813 0.010696781
1582903813 0.021628583
1582903813 0.041620437
1582903813 0.045023355
1582903813 0.044406433
1582903813 0.042613904
1582903813 0.044308597
1582903813 0.045728405
1582903813 8.745e-06
1582903813 0.04211614
1582903813 0.015061662
1582903813 0.019366273
1582903813 0.052796229
1582903813 0.001861516
1582903813 0.035149643
1582903813 0.043791082
1582903813 0.044940744
1582903813 0.042835027
1582903813 0.043848149
1582903813 0.001543154
1582903813 0.012691442
1582903813 0.020628098
1582903813 0.041270804
1582903813 0.043907368
1582903813 0.002503415
1582903813 0.041546207
1582903814 0.045397279
1582903814 0.045605617
1582903814 0.042107809
1582903814 0.000309556
1582903814 0.042468206
1582903814 0.01545524
1582903814 0.020504432
1582903814 0.041536472
1582903814 0.044611606
1582903814 0.041804178
1582903814 0.002195247
1582903814 0.042230306
1582903814 0.002036823
1582903814 0.042855554
1582903814 0.04436874
1582903814 0.042530578
1582903814 0.002663548
1582903814 0.012922118
1582903814 0.019903874
1582903814 0.041056645
1582903814 0.043484604
1582903814 0.00368593
1582903814 0.040449327
1582903814 0.04402492
1582903814 0.045693886
1582903814 0.044111632
1582903814 1.4039e-05
1582903814 0.046104347
1582903814 0.002023768
1582903814 0.010495097
1582903814 0.019226063
1582903814 0.044060498
1582903814 0.001147557
1582903814 0.04287508
1582903814 0.001303214
1582903814 0.042714015
1582903815 0.050102512
1582903815 0.042112981
1582903815 0.01509425
1582903815 0.020203608
1582903815 0.040761725
1582903815 0.002051419
1582903815 0.043349073
1582903815 0.046342264
1582903815 0.001581812
1582903815 0.042495684
1582903815 0.043939522
1582903815 0.043801451
1582903815 0.016467792
1582903815 0.019665512
1582903815 0.043974818
1582903815 0.044601151
1582903815 0.001971304
1582903815 0.042548436
1582903815 0.043136627
1582903815 0.003226452
1582903815 0.040953193
1582903815 0.044548459
1582903815 0.001131238
1582903815 0.047973452
1582903815 6.4795e-05
1582903815 0.006209624
1582903815 0.020384623
1582903815 0.045938378
1582903815 8.8952e-05
1582903815 0.041379096
1582903815 0.002552052
1582903815 0.042555978
1582903815 0.042620674
1582903815 0.045593297
1582903816 1.9047e-05
1582903816 0.043914902
1582903816 0.043944046
1582903816 0.012162459
1582903816 0.021037728
1582903816 0.041379306
1582903816 0.001203371
1582903816 0.043637549
1582903816 0.046849295
1582903816 0.041379635
1582903816 3.739e-05
1582903816 0.042848589
1582903816 0.045672284
1582903816 0.047950242
1582903816 0.009784603
1582903816 0.018729383
1582903816 0.042372925
1582903816 0.003135476
1582903816 0.045992339
1582903816 0.04480425
1582903816 5.205e-06
1582903816 0.042645562
1582903816 0.046862247
1582903816 1.641e-05
1582903816 0.047013413
1582903816 5.621e-06
1582903816 0.008669551
1582903816 0.018950842
1582903816 0.042779124
1582903816 0.043166082
1582903816 0.047215606
1582903816 0.041364305
1582903816 0.045034611
1582903816 0.000207502
1582903816 0.04330973
1582903817 0.042456297
1582903817 0.002557954
1582903817 0.017688212
1582903817 0.015629261
1582903817 0.040235534
1582903817 0.045253551
1582903817 0.043971346
1582903817 0.042882901
1582903817 0.003867899
1582903817 0.040232515
1582903817 0.048264631
1582903817 0.041161181
1582903817 0.013912643
1582903817 0.019029268
1582903817 0.042782774
1582903817 0.043143209
1582903817 0.043225764
1582903817 0.001627464
1582903817 0.048130412
1582903817 0.042886889
1582903817 0.000796109
1582903817 0.046560948
1582903817 0.002583882
1582903817 0.017219927
1582903817 0.012541015
1582903817 0.042114167
1582903817 0.000554386
1582903817 0.041431238
1582903817 0.043825923
1582903817 0.045516416
1582903817 0.0424023
1582903817 0.043992612
1582903818 0.001498992
1582903818 0.044747961
1582903818 0.012942405
1582903818 0.021196151
1582903818 0.039521197
1582903818 0.044229599
1582903818 0.043882442
1582903818 0.045867161
1582903818 0.042037158
1582903818 0.002406621
1582903818 0.041675187
1582903818 0.045181675
1582903818 0.01567428
1582903818 0.018760397
1582903818 0.044476723
1582903818 0.00084223
1582903818 0.043243977
1582903818 0.045252372
1582903818 0.047431497
1582903818 0.001304204
1582903818 0.042858802
1582903818 0.015122624
1582903818 0.020769444
1582903818 0.045594483
1582903818 2.1603e-05
1582903818 0.041402159
1582903818 0.001724631
1582903818 0.042251579
1582903818 0.001372055
1582903818 0.045409129
1582903818 2.2305e-05
1582903818 0.049538442
1582903818 0.041147307
1582903818 0.011787491
1582903818 0.018911714
1582903818 0.044282871
1582903819 0.043603865
1582903819 0.043833192
1582903819 0.045494804
1582903819 0.042836692
1582903819 0.002965563
1582903819 0.042246722
1582903819 0.015673976
1582903819 0.019257088
1582903819 0.045056093
1582903819 0.042525447
1582903819 0.048905047
1582903819 0.039161609
1582903819 0.044126073
1582903819 0.002255507
1582903819 0.042764213
1582903819 0.044159065
1582903819 0.010952364
1582903819 0.020677545
1582903819 0.045308532
1582903819 9.17e-06
1582903819 0.043083321
1582903819 0.043576935
1582903819 0.043028464
1582903819 0.002872423
1582903819 0.042459697
1582903819 0.05407724
1582903819 0.034903342
1582903819 1.6011e-05
1582903819 0.009638215
1582903819 0.02008623
1582903819 0.045734597
1582903820 0.043790346
1582903820 0.042705231
1582903820 0.043971871
1582903820 0.002166966
1582903820 0.041718755
1582903820 0.052080523
1582903820 7.699e-06
1582903820 0.037277042
1582903820 0.011196349
1582903820 0.019464505
1582903820 0.044515478
1582903820 0.045100879
1582903820 0.042358089
1582903820 0.044359429
1582903820 0.00407027
1582903820 0.041318591
1582903820 3.0788e-05
1582903820 0.042579403
1582903820 0.047662916
1582903820 0.007885749
1582903820 0.02083059
1582903820 0.044439914
1582903820 0.048174756
1582903820 0.04257079
1582903820 0.045236984
1582903820 0.043028263
1582903820 0.002282137
1582903820 0.015665758
1582903820 0.019834783
1582903820 0.041938442
1582903820 0.043888551
1582903821 0.002916888
1582903821 0.041256839
1582903821 0.045516855
1582903821 0.042521275
1582903821 0.043923553
1582903821 0.001348898
1582903821 0.044405462
1582903821 0.011825421
1582903821 0.020442751
1582903821 0.042467246
1582903821 0.044056402
1582903821 0.001750444
1582903821 0.046646663
1582903821 0.041015861
1582903821 0.042391161
1582903821 0.04410918
1582903821 0.001183129
1582903821 0.044622908
1582903821 0.000761604
1582903821 0.011235976
1582903821 0.018487937
1582903821 0.043290552
1582903821 0.001767406
1582903821 0.042184807
1582903821 0.002228921
1582903821 0.041940805
1582903821 0.044181058
1582903821 0.001086798
1582903821 0.044153941
1582903821 0.042577764
1582903821 0.001969737
1582903821 0.042432393
1582903821 0.013080692
1582903821 0.026226612
1582903821 0.036121744
1582903821 0.001245107
1582903821 0.042870075
1582903822 0.043995531
1582903822 0.043966695
1582903822 0.045250845
1582903822 0.044095295
1582903822 0.000402435
1582903822 0.04352391
1582903822 0.019757963
1582903822 0.01236783
1582903822 0.043029237
1582903822 0.000933438
1582903822 0.044580029
1582903822 3.246e-05
1582903822 0.04312702
1582903822 0.043073689
1582903822 0.043934669
1582903822 0.002196802
1582903822 0.043993928
1582903822 0.042760466
1582903822 0.000495087
1582903822 0.013486297
1582903822 0.019320287
1582903822 0.041837879
1582903822 0.000988601
1582903822 0.043972773
1582903822 1.8003e-05
1582903822 0.042830686
1582903822 0.046339687
1582903822 3.8261e-05
1582903822 0.04568225
1582903822 0.002259824
1582903822 0.043251117
1582903822 0.014248069
1582903822 0.019971372
1582903822 0.039949291
1582903822 0.002393852
1582903822 0.041907948
1582903823 0.044616208
1582903823 0.045530238
1582903823 0.04180143
1582903823 0.001202875
1582903823 0.043718465
1582903823 0.000245591
1582903823 0.043399226
1582903823 0.002222728
1582903823 0.019859013
1582903823 0.020907262
1582903823 0.036594549
1582903823 0.001675124
1582903823 0.042234646
1582903823 0.048005072
1582903823 0.046303688
1582903823 1.6962e-05
1582903823 0.041802062
1582903823 0.002542356
1582903823 0.012472412
1582903823 0.019340982
1582903823 0.044997574
1582903823 0.040498988
1582903823 0.04579548
1582903823 2.3822e-05
1582903823 0.044281209
1582903823 0.046512298
1582903823 0.039124704
1582903823 0.051793139
1582903823 0.000168437
1582903823 0.007508616
1582903823 0.019302327
1582903823 0.044098895
1582903823 0.041224572
1582903823 0.002527691
1582903823 0.046209133
1582903823 0.00096692
1582903823 0.042625043
1582903824 0.001403071
1582903824 0.043725382
1582903824 0.043089907
1582903824 0.001266143
1582903824 0.01325122
1582903824 0.020326827
1582903824 0.040841612
1582903824 0.001028796
1582903824 0.044354947
1582903824 0.042414877
1582903824 0.046703487
1582903824 0.045500738
1582903824 0.001694066
1582903824 0.645191536
1582903825 0.001218974
1582903825 0.035771321
1582903825 0.001450959
1582903825 0.013807252
1582903825 0.020135406
1582903825 0.040615866
1582903825 0.002451389
1582903825 0.041538863
1582903825 0.002167285
1582903825 0.043325906
1582903825 0.043677921
1582903825 0.043324211
1582903825 0.043512028
1582903825 0.001226982
1582903825 0.045369604
1582903825 0.013492368
1582903825 0.020158818
1582903825 0.046514453
1582903825 1.438e-05
1582903825 0.041490997
1582903825 0.048272692
1582903825 0.047275646
1582903825 0.001312219
1582903825 0.043940058
1582903825 0.011232496
1582903825 0.021187735
1582903825 0.04252284
1582903825 0.045656124
1582903825 0.002094061
1582903825 0.040299242
1582903825 0.045635229
1582903825 0.043873032
1582903825 0.047555582
1582903825 0.04290184
1582903826 0.00959691
1582903826 0.022549752
1582903826 0.040500202
1582903826 0.001200363
1582903826 0.043161501
1582903826 0.054446964
1582903826 0.038660455
1582903826 0.043087926
1582903826 0.042829767
1582903826 0.002973647
1582903826 0.016525936
1582903826 0.014973735
1582903826 0.041407012
1582903826 0.044011955
1582903826 0.044178095
1582903826 0.043790765
1582903826 0.045283794
1582903826 0.044106947
1582903826 0.04438585
1582903826 0.015962601
1582903826 0.01579076
1582903826 0.042947913
1582903826 0.043688265
1582903826 0.049205545
1582903826 0.042894787
1582903826 0.001584489
1582903826 0.042401646
1582903826 0.002527537
1582903826 0.041483019
1582903826 0.001205912
1582903826 0.011733404
1582903826 0.019489616
1582903826 0.044309026
1582903827 0.043401727
1582903827 0.043530417
1582903827 0.001297239
1582903827 0.044790644
1582903827 0.043338744
1582903827 0.04291912
1582903827 0.002313754
1582903827 0.042809327
1582903827 0.000104924
1582903827 0.01260081
1582903827 0.026829497
1582903827 0.035092931
1582903827 0.04433117
1582903827 0.043728336
1582903827 0.001895103
1582903827 0.048112913
1582903827 0.041911643
1582903827 0.002112672
1582903827 0.041924719
1582903827 0.012549523
1582903827 0.021097201
1582903827 0.042576796
1582903827 0.043804401
1582903827 0.044322272
1582903827 0.001790386
1582903827 0.045920107
1582903827 0.043968869
1582903827 0.001355388
1582903827 0.043771199
1582903827 0.011001861
1582903827 0.021375139
1582903827 0.043417281
1582903827 0.043218525
1582903828 0.001049188
1582903828 0.04290856
1582903828 0.001122938
1582903828 0.04267213
1582903828 0.044374815
1582903828 0.045022465
1582903828 0.000201675
1582903828 0.043538228
1582903828 0.011314046
1582903828 0.02004922
1582903828 0.049777856
1582903828 0.042048283
1582903828 0.044824739
1582903828 0.044603012
1582903828 0.042405511
1582903828 0.001325875
1582903828 0.042496457
1582903828 0.00105988
1582903828 0.011374436
1582903828 0.021149033
1582903828 0.042518992
1582903828 0.049375397
1582903828 0.039186078
1582903828 0.002328191
1582903828 0.041019428
1582903828 0.001225029
1582903828 0.044004747
1582903828 2.4114e-05
1582903828 0.044282182
1582903828 0.014383614
1582903828 0.02108317
1582903828 0.039081008
1582903828 0.04594689
1582903828 2.715e-05
1582903828 0.041977057
1582903828 0.001206688
1582903828 0.011357213
1582903829 0.020788672
1582903829 0.044053309
1582903829 0.044103716
1582903829 0.043486084
1582903829 0.045686541
1582903829 2.6128e-05
1582903829 0.041516702
1582903829 0.045045368
1582903829 0.001365755
1582903829 0.043617989
1582903829 0.009782571
1582903829 0.021186743
1582903829 0.043408031
1582903829 0.043686625
1582903829 0.043809476
1582903829 0.002241835
1582903829 0.041911598
1582903829 0.043684364
1582903829 0.001400486
1582903829 0.043279001
1582903829 0.043611779
1582903829 0.001162679
1582903829 0.011002955
1582903829 0.021226477
1582903829 0.043619158
1582903829 0.042950232
1582903829 0.044133402
1582903829 0.000991467
1582903829 0.042796961
1582903829 0.045254841
1582903829 0.051988199
1582903829 0.034851366
1582903830 0.002386048
1582903830 0.010234291
1582903830 0.019624375
1582903830 0.044492378
1582903830 0.044954101
1582903830 0.041930707
1582903830 0.044110215
1582903830 0.00224926
1582903830 0.041747099
1582903830 0.047751901
1582903830 0.041902289
1582903830 0.01208979
1582903830 0.018709355
1582903830 0.043746435
1582903830 0.045564911
1582903830 0.042625831
1582903830 0.044668769
1582903830 0.046085119
1582903830 0.045319309
1582903830 0.043728815
1582903830 0.002247326
1582903830 0.010182666
1582903830 0.016741252
1582903830 0.045169516
1582903830 0.045695694
1582903830 0.040336689
1582903830 0.047702415
1582903830 0.00122504
1582903830 0.043905966
1582903830 0.042677506
1582903830 0.001642122
1582903830 0.010605686
1582903831 0.020069751
1582903831 0.04610391
1582903831 0.001970485
1582903831 0.039894654
1582903831 0.043931169
1582903831 0.001490508
1582903831 0.043135946
1582903831 0.045738234
1582903831 0.04150687
1582903831 0.049142497
1582903831 0.007467946
1582903831 0.019528476
1582903831 0.043901057
1582903831 0.044177884
1582903831 0.044250607
1582903831 0.043498052
1582903831 0.004072569
1582903831 0.039969122
1582903831 0.049405976
1582903831 0.043565215
1582903831 0.007131163
1582903831 0.021982933
1582903831 0.042263848
1582903831 0.00222388
1582903831 0.046772493
1582903831 0.038917464
1582903831 0.043587798
1582903831 0.043867443
1582903831 0.044170116
1582903831 0.001227062
1582903831 0.043066405
1582903832 0.000901797
1582903832 0.01192065
1582903832 0.019252055
1582903832 0.044014742
1582903832 0.001407582
1582903832 0.046257065
1582903832 0.041538603
1582903832 8.979e-06
1582903832 0.042772081
1582903832 0.043647004
1582903832 0.048937068
1582903832 0.000121845
1582903832 0.043468643
1582903832 0.001911462
1582903832 0.005435491
1582903832 0.020250699
1582903832 0.04787858
1582903832 0.040932275
1582903832 0.043108557
1582903832 0.043971187
1582903832 0.001480791
1582903832 0.044206631
1582903832 0.042714435
1582903832 0.043782266
1582903832 0.013061286
1582903832 0.021347217
1582903832 0.042753804
1582903832 0.043666353
1582903832 0.043048859
1582903832 0.047911645
1582903832 0.044754389
1582903832 0.04339118
1582903832 0.044291881
1582903833 0.001371372
1582903833 0.008014614
1582903833 0.019772105
1582903833 0.043531005
1582903833 0.042895644
1582903833 0.001735924
1582903833 0.042738711
1582903833 0.00087813
1582903833 0.042827644
1582903833 0.04460202
1582903833 0.043835757
1582903833 0.000753296
1582903833 0.042970962
1582903833 0.014478437
1582903833 0.019310589
1582903833 0.043635129
1582903833 0.042149116
1582903833 0.001220391
1582903833 0.043128047
1582903833 0.001016082
1582903833 0.010384892
1582903833 0.019502711
1582903833 0.049222808
1582903833 0.035699691
1582903833 0.002080136
1582903833 0.042098313
1582903833 0.010201159
1582903833 0.021012541
1582903833 0.041804848
1582903833 0.042827086
1582903833 0.044010501
1582903833 0.001997264
1582903833 0.04224692
1582903833 0.046824769
1582903833 0.040833696
1582903833 0.043860162
1582903834 0.014855121
1582903834 0.019482694
1582903834 0.043328497
1582903834 0.00026365
1582903834 0.042520088
1582903834 0.001466608
1582903834 0.042265023
1582903834 0.043888301
1582903834 0.00124515
1582903834 0.046621551
1582903834 0.044534377
1582903834 0.000946313
1582903834 0.013034208
1582903834 0.021202897
1582903834 0.046163778
1582903834 0.038233201
1582903834 0.044111997
1582903834 0.044581398
1582903834 0.045001225
1582903834 0.043363077
1582903834 0.043264964
1582903834 0.001420099
1582903834 0.0146797
1582903834 0.017945431
1582903834 0.043420475
1582903834 0.042084989
1582903834 0.04804035
1582903834 0.00204543
1582903834 0.042261342
1582903834 0.00105288
1582903834 0.044435271
1582903834 0.042891253
1582903834 0.000986173
1582903834 0.012686127
1582903834 0.02077803
1582903835 0.041375721
1582903835 0.043771688
1582903835 0.044268131
1582903835 0.043552374
1582903835 0.044197431
1582903835 0.002896513
1582903835 0.055339931
1582903835 0.030954323
1582903835 0.042665467
1582903835 0.009869626
1582903835 0.020712244
1582903835 0.044677874
1582903835 0.045795257
1582903835 0.043157588
1582903835 0.04542353
1582903835 0.047900681
1582903835 0.043866298
1582903835 0.009217719
1582903835 0.019251156
1582903835 0.042125964
1582903835 0.048524322
1582903835 0.045869254
1582903835 6.448e-06
1582903835 0.041463764
1582903835 0.046059086
1582903835 0.043378781
1582903835 0.013808243
1582903835 0.020992508
1582903835 0.039920783
1582903836 0.043892028
1582903836 0.04407963
1582903836 0.001406293
1582903836 0.042586184
1582903836 0.044410989
1582903836 0.044798688
1582903836 0.042798936
1582903836 0.001717723
1582903836 0.013721121
1582903836 0.029993406
1582903836 0.030817531
1582903836 0.044722071
1582903836 0.001402738
1582903836 0.041566872
1582903836 0.001433538
1582903836 0.042773014
1582903836 0.044129279
1582903836 0.046854965
1582903836 0.041832579
1582903836 1.2922e-05
1582903836 0.014090052
1582903836 0.019476593
1582903836 0.042360792
1582903836 0.048863267
1582903836 0.038351146
1582903836 0.043993017
1582903836 0.043909302
1582903836 0.053208138
1582903836 0.034738978
1582903836 0.001308174
1582903836 0.042942162
1582903837 0.001241327
1582903837 0.010611868
1582903837 0.020815687
1582903837 0.040459414
1582903837 0.04293727
1582903837 0.043855424
1582903837 0.044088782
1582903837 0.00963473
1582903837 0.019928002
1582903837 0.042221498
1582903837 0.043899525
1582903837 0.002502084
1582903837 0.042243381
1582903837 0.043660717
1582903837 0.045474978
1582903837 0.04249437
1582903837 0.045732227
1582903837 0.011698792
1582903837 0.020162599
1582903837 0.042023074
1582903837 0.044005071
1582903837 0.00169318
1582903837 0.043495929
1582903837 0.043223476
1582903837 0.048993968
1582903837 0.043014054
1582903837 0.012999383
1582903837 0.021632462
1582903837 0.041051268
1582903837 0.001289119
1582903837 0.04268129
1582903837 0.044112243
1582903838 0.001023537
1582903838 0.044162801
1582903838 0.04717313
1582903838 0.002798974
1582903838 0.040764031
1582903838 0.013586985
1582903838 0.019630458
1582903838 0.043475142
1582903838 0.043574947
1582903838 0.043539845
1582903838 0.001147871
1582903838 0.042869443
1582903838 0.050401855
1582903838 0.040321431
1582903838 1.1521e-05
1582903838 0.041673715
1582903838 0.013393553
1582903838 0.020140373
1582903838 0.043861979
1582903838 0.042446083
1582903838 0.043888723
1582903838 0.001267085
1582903838 0.044137412
1582903838 7.0878e-05
1582903838 0.043725058
1582903838 0.042822035
1582903838 0.044669334
1582903838 0.001167211
1582903838 0.011252316
1582903838 0.020086265
1582903838 0.04324176
1582903838 0.044358843
1582903838 0.043503099
1582903838 0.001191989
1582903839 0.043534776
1582903839 0.04411453
1582903839 0.043778374
1582903839 0.000534036
1582903839 0.042482263
1582903839 0.012658535
1582903839 0.020137993
1582903839 0.043869433
1582903839 0.043637653
1582903839 0.043691158
1582903839 0.045102599
1582903839 0.049267427
1582903839 0.254911304
1582903839 0.035931853
