1569841945 1
1569841946 1
1569841947 2
1569841948 3
1569841949 3
1569841950 3
1569841951 4
1569841952 4
1569841953 4
1569841954 4
1569841955 4
1569841956 2
1569841957 4
1569841958 6
1569841959 7
1569841960 7
1569841961 9
1569841962 9
1569841963 10
1569841964 9
1569841965 7
1569841966 7
1569841967 9
1569841968 7
1569841969 6
1569841970 7
1569841971 6
1569841972 2
1569841973 3
1569841974 3
1569841975 4
1569841976 3
1569841977 3
1569841978 4
1569841979 4
1569841980 4
1569841981 4
1569841982 4
1569841983 4
1569841984 4
1569841985 4
1569841986 3
1569841987 3
1569841988 3
1569841989 3
1569841990 3
1569841991 3
1569841992 3
1569841993 3
1569841994 3
1569841995 3
1569841996 3
1569841997 3
1569841998 3
1569841999 3
1569842000 3
1569842001 3
1569842002 3
1569842003 3
1569842004 3
1569842005 3
1569842006 3
1569842007 3
1569842008 2
1569842009 2
1569842010 2
1569842011 2
1569842012 1
1569842013 1
1569842014 1
1569842015 1
