1572265137 2
1572265138 1
1572265139 1
1572265533 1
1572265534 1
1572265730 2
1572265731 2
1572265732 1
1572265935 3
1572265936 3
1572265937 2
1572265938 1
1572266137 2
1572266138 2
1572266139 1
1572266335 2
1572266336 1
1572266337 1
1572266535 3
1572266536 1
1572266537 1
1572266538 3
1572266734 2
1572266735 1
1572266736 1
1572266937 2
1572266938 2
1572266939 1
1572266940 2
1572274191 1
1572274192 1
1572274364 2
1572274365 1
1572274533 2
1572274534 1
1572274705 2
1572274706 1
1572274873 2
1572274874 1
1572274875 2
1572275042 2
1572275043 1
1572275044 1
1572275215 2
1572275216 2
1572275392 3
1572275393 3
1572275560 2
1572275561 1
1572275733 1
1572275734 1
1572275735 2
