1574688152 2.327399782
1574688471 2.297697135
1574689296 2.552737489
1574692165 2.3412529
1574692478 2.289104421
1574693397 2.348890175
1574693715 2.219457025
1574694043 2.393455793
1574694467 2.352705583
1574694791 2.298507155
1574695345 2.336213502
1574695687 2.389619248
1574695995 2.764094981
1574696725 2.266536598
1574697304 1.875732796
1574698467 2.317275268
1574699054 2.550146865
1574707316 1.859213379
1574708277 2.218173406
1574708575 2.456627578
1574708933 2.342402405
1574709150 1.953861149
1574709883 2.436456266
1574710491 2.965401162
1574711139 2.477964134
