1570543079 4
1570543080 4
1570543081 3
1570543082 4
1570543083 4
1570543084 4
1570543085 4
1570543086 5
1570543087 5
1570543088 6
1570543089 5
1570543090 5
1570543091 5
1570543440 4
1570543441 4
1570543442 4
1570543443 4
1570543444 4
1570543445 4
1570543446 3
1570543447 3
1570543448 3
1570543449 3
1570543450 3
1570544571 3
1570544572 3
1570544573 3
1570544574 3
1570544575 3
1570544576 3
1570544577 3
1570544578 3
1570544579 3
1570544580 3
1570544581 3
1570544582 2
1570545241 3
1570545242 3
1570545243 3
1570545244 3
1570545245 3
1570545246 3
1570545247 4
1570545248 3
1570545249 3
1570545250 3
1570545251 3
