1575113138 3
1575113139 3
1575113140 4
1575113141 4
1575113142 3
1575113143 3
1575113144 3
1575113145 3
1575113146 3
1575113147 3
1575113298 3
1575113299 3
1575113300 3
1575113301 3
1575113302 3
1575113303 3
1575113304 3
1575113305 3
1575113306 3
1575113307 3
1575113616 3
1575113617 3
1575113618 3
1575113619 3
1575113620 3
1575113621 3
1575113622 3
1575113623 3
1575113624 3
1575113625 3
1575113931 3
1575113932 3
1575113933 3
1575113934 3
1575113935 3
1575113936 3
1575113937 3
1575113938 3
1575113939 3
1575113940 3
1575113941 3
