1579183984 1.568924954
1579184145 1.92773505
1579184153 270.236036241
1579184695 1.504339122
1579184861 1.821499251
1579185022 2.141002196
1579185185 2.151861908
1579185360 1.941508794
1579185538 13.392137946
1579185716 16.091951375
1579185898 11.849069597
1579186085 13.220519429
1579186281 1.291520552
1579186608 1.451788711
1579187656 1.62922373
1579188297 1.783290076
1579188953 1.860645689
1579189278 1.755444094
1579189942 1.239068105
1579190822 1.745833985
1579193150 1.282524464
1579193738 1.195998181
1579194304 1.872249212
1579194874 1.923857706
1579195438 1.387421059
1579196027 1.183668073
