1574949569 2
1574949570 2
1574949571 2
1574949572 2
1574949573 2
1574949574 2
1574949575 2
1574949576 2
1574949577 2
1574949578 2
1574949579 2
1574949580 2
1574949581 2
1574949582 2
1574949583 2
1574949584 2
1574949585 2
1574949586 2
1574949587 2
1574949588 2
1574949589 2
1574949590 2
1574949591 2
1574949592 3
1574949593 3
1574949594 3
1574949595 3
1574949596 2
1574949597 4
1574949598 1
1574949599 2
1574949600 2
1574949601 2
1574949602 2
1574949603 2
1574949604 2
1574949886 3
1574949887 3
1574949888 3
1574949889 3
1574949890 3
1574949891 3
1574949892 3
1574949893 3
1574949894 3
1574949895 3
1574949896 3
1574949897 3
1574949898 3
1574949899 2
1574949900 2
1574949901 2
1574949902 2
1574949903 2
1574949904 2
1574949905 2
1574949906 2
1574949907 2
1574949908 2
1574949909 2
1574949910 2
1574949911 2
1574949912 2
1574949913 2
1574949914 2
1574949915 2
1574949916 2
1574949917 2
1574949918 2
1574949919 2
1574949920 2
1574949921 2
1574949922 2
1574949923 2
1574949924 2
1574949925 2
1574949926 2
1574949927 2
1574949928 2
1574949929 2
1574949930 2
1574949931 2
1574949932 2
1574949933 2
1574949934 2
1574949935 2
1574949936 2
1574949937 2
1574949938 2
1574949939 2
1574949940 2
1574949941 2
1574949942 2
1574949943 2
1574949944 2
1574949945 2
1574949946 2
1574949947 2
1574949948 2
1574949949 2
1574949950 2
1574949951 2
1574949952 2
1574949953 2
1574949954 2
1574949955 2
1574949956 2
1574949957 2
1574949958 2
1574949959 2
1574949960 2
1574949961 2
1574949962 2
1574949963 2
1574949964 2
1574949965 2
1574949966 2
1574949967 2
1574949968 2
1574949969 2
1574949970 2
1574949971 2
1574949972 2
1574949973 2
1574949974 2
1574949975 2
1574949976 2
1574949977 2
1574949978 2
1574949979 2
1574949980 2
1574949981 2
1574949982 2
1574949983 2
1574949984 2
1574949985 2
1574949986 2
1574949987 2
1574949988 2
1574949989 2
1574949990 2
1574949991 2
1574949992 2
1574949993 2
1574949994 2
1574949995 2
1574949996 2
1574949997 2
1574949998 2
1574949999 2
1574950000 2
1574950001 2
1574950002 2
1574950003 2
1574950004 2
1574950005 2
1574950006 2
1574950007 2
1574950008 2
1574950009 2
1574950010 2
1574950011 2
1574950012 2
1574950013 2
1574950014 2
1574950015 2
1574950016 2
1574950017 2
1574950018 2
1574950019 2
1574950020 2
1574950021 2
1574950022 2
1574950023 2
1574950024 2
1574950025 2
1574950026 2
1574950027 2
1574950028 2
1574950029 2
1574950030 2
1574950031 2
1574950032 2
1574950033 2
1574950034 2
1574950035 2
1574950036 2
1574950037 2
1574950038 2
1574950039 2
1574950040 2
1574950041 2
1574950042 2
1574950043 2
1574950044 2
1574950045 2
1574950046 2
1574950047 2
1574950048 2
1574950049 2
1574950050 2
1574950051 2
1574950052 2
1574950053 2
1574950054 2
1574950055 2
1574950056 2
1574950057 2
1574950058 2
1574950059 2
1574950060 2
1574950061 2
1574950062 2
1574950063 2
1574950064 2
1574950065 2
1574950066 2
1574950067 2
1574950068 2
1574950069 2
1574950070 2
1574950071 2
1574950072 2
1574950073 2
1574950074 2
1574950075 2
1574950076 2
1574950077 2
1574950078 2
1574950079 2
1574950080 2
1574950081 2
1574950082 2
1574950083 2
1574950084 4
1574962450 4
1574962451 4
