1573207086 3.005562975
1573207254 2.846172959
1573207424 2.886806768
1573207589 2.980889903
1573207759 2.866993681
1573207926 2.750329331
1573208093 2.926607215
1573208258 2.959022763
1573208427 2.952703483
1573208592 2.991828883
1573220327 3.015163158
1573220495 3.08871705
1573220663 2.875420821
1573220832 2.842768184
1573221000 2.938718759
1573221166 2.902076217
1573221330 2.748716665
1573221500 2.992269016
1573221667 2.912669988
1573221836 2.805166405
1573222025 2.906157631
1573222196 2.890624635
1573222363 2.807885024
1573222528 2.890840644
1573222698 2.899751074
