1580223926 4
1580223927 4
1580223928 3
1580223929 3
1580224484 4
1580224485 4
1580224486 4
1580224487 2
1580225041 4
1580225042 4
1580225043 4
1580225044 2
1580225605 4
1580225606 4
1580225607 4
1580225608 3
1580226164 4
1580226165 4
1580226166 4
1580226750 4
1580226751 4
1580226752 4
1580226753 3
1580227317 4
1580227318 4
1580227319 3
1580227320 3
1580227915 4
1580227916 4
1580227917 3
1580227918 3
1580228496 4
1580228497 4
1580228498 3
1580228499 2
1580229055 4
1580229056 4
1580229057 4
1580229058 2
