1572363547 2
1572363548 3
1572363549 3
1572363550 3
1572363551 3
1572363552 3
1572363553 3
1572363554 3
1572363555 3
1572363556 3
1572363557 4
1572363558 2
1572363559 2
1572363560 2
1572363561 1
1572363562 2
1572363563 2
1572363564 2
1572363565 3
1572363566 3
1572363567 3
1572363568 3
1572363569 2
1572363570 2
1572363571 5
1572363572 5
1572363573 5
1572363574 6
1572363575 4
1572363576 4
1572363577 4
1572363578 5
1572363579 4
1572363580 4
1572363581 5
1572363582 5
1572363583 4
1572363584 2
1572363585 2
1572363586 3
1572363587 3
1572363588 3
1572363589 3
1572363590 3
1572363591 2
1572363592 2
1572363593 1
1572363594 3
1572363595 2
1572363596 2
1572363597 2
1572363598 3
1572363599 3
1572363600 3
1572363601 2
1572363602 2
1572363603 1
1572363604 2
1572363605 2
1572363606 2
1572363607 2
1572363608 3
1572363609 3
1572363610 2
1572363611 2
1572363612 2
1572363613 3
1572363614 3
1572363877 3
1572363878 2
1572363879 2
1572363880 1
1572363881 2
1572363882 3
1572363883 3
1572363884 3
1572363885 2
1572363886 3
1572363887 3
1572363888 3
1572363889 1
1572363890 1
1572363891 1
1572363892 2
1572363893 2
1572363894 3
1572363895 3
1572363896 3
1572363897 3
1572363898 3
1572363899 3
1572363900 3
1572363901 4
1572363902 5
1572363903 5
1572363904 6
1572363905 5
1572363906 5
1572363907 5
1572363908 5
1572363909 5
1572363910 4
1572363911 4
1572363912 4
1572363913 3
1572363914 3
1572363915 3
1572363916 3
1572363917 3
1572363918 3
1572363919 2
1572363920 2
1572363921 1
1572363922 1
1572363923 1
1572363924 2
1572363925 2
1572363926 3
1572363927 3
1572363928 3
1572363929 3
1572363930 3
1572363931 3
1572363932 2
1572363933 1
1572363934 2
1572363935 2
1572363936 2
1572363937 2
1572363938 3
1572363939 3
1572363940 2
1572363941 2
1572363942 2
1572363943 3
1572364207 2
1572364208 2
1572364209 2
1572364210 2
1572364211 2
1572364212 3
1572364213 3
1572364214 3
1572364215 3
1572364216 4
1572364217 2
1572364218 2
1572364219 2
1572364220 1
1572364221 1
1572364222 2
1572364223 2
1572364224 3
1572364225 3
1572364226 3
1572364227 3
1572364228 2
1572364229 2
1572364230 3
1572364231 5
1572364232 5
1572364233 5
1572364234 6
1572364235 5
1572364236 5
1572364237 5
1572364238 6
1572364239 5
1572364240 5
1572364241 5
1572364242 6
1572364243 6
1572364244 3
1572364245 4
1572364246 4
1572364247 4
1572364248 4
1572364249 4
1572364250 4
1572364251 3
1572364252 2
1572364253 2
1572364254 2
1572364255 3
1572364256 4
1572364257 3
1572364258 4
1572364259 4
1572364260 4
1572364261 3
1572364262 4
1572364263 3
1572364264 4
1572364265 4
1572364266 4
1572364267 5
1572364268 5
1572364269 4
1572364270 3
1572364271 3
1572364272 3
1572364273 4
1572364274 3
1572364536 3
1572364537 2
1572364538 2
1572364539 2
1572364540 1
1572364541 2
1572364542 3
1572364543 3
1572364544 3
1572364545 2
1572364546 3
1572364547 3
1572364548 3
1572364549 1
1572364550 1
1572364551 1
1572364552 3
1572364553 3
1572364554 4
1572364555 4
1572364556 4
1572364557 4
1572364558 3
1572364559 2
1572364560 3
1572364561 5
1572364562 5
1572364563 5
1572364564 6
1572364565 5
1572364566 5
1572364567 5
1572364568 6
1572364569 4
1572364570 3
1572364571 4
1572364572 5
1572364573 3
1572364574 3
1572364575 2
1572364576 3
1572364577 3
1572364578 3
1572364579 2
1572364580 2
1572364581 2
1572364582 1
1572364583 1
1572364584 2
1572364585 2
1572364586 3
1572364587 3
1572364588 4
1572364589 3
1572364590 3
1572364591 3
1572364592 2
1572364593 2
1572364594 2
1572364595 2
1572364596 2
1572364597 2
1572364598 3
1572364599 2
1572364600 2
1572364601 2
1572364602 2
1572364603 3
1572364875 2
1572364876 2
1572364877 2
1572364878 2
1572364879 2
1572364880 2
1572364881 3
1572364882 3
1572364883 3
1572364884 2
1572364885 2
1572364886 2
1572364887 2
1572364888 1
1572364889 1
1572364890 1
1572364891 2
1572364892 2
1572364893 3
1572364894 3
1572364895 3
1572364896 2
1572364897 2
1572364898 2
1572364899 3
1572364900 5
1572364901 5
1572364902 5
1572364903 6
1572364904 5
1572364905 5
1572364906 6
1572364907 5
1572364908 5
1572364909 4
1572364910 5
1572364911 5
1572364912 3
1572364913 3
1572364914 3
1572364915 3
1572364916 3
1572364917 3
1572364918 2
1572364919 2
1572364920 1
1572364921 1
1572364922 1
1572364923 4
1572364924 3
1572364925 4
1572364926 3
1572364927 4
1572364928 3
1572364929 3
1572364930 2
1572364931 1
1572364932 2
1572364933 2
1572364934 2
1572364935 3
1572364936 3
1572364937 4
1572364938 3
1572364939 3
1572364940 3
1572364941 4
1572364942 3
1572365212 2
1572365213 2
1572365214 2
1572365215 1
1572365216 2
1572365217 3
1572365218 3
1572365219 3
1572365220 3
1572365221 3
1572365222 3
1572365223 2
1572365224 2
1572365225 1
1572365226 1
1572365227 2
1572365228 2
1572365229 3
1572365230 3
1572365231 3
1572365232 3
1572365233 3
1572365234 2
1572365235 3
1572365236 4
1572365237 5
1572365238 5
1572365239 6
1572365240 5
1572365241 5
1572365242 5
1572365243 5
1572365244 5
1572365245 4
1572365246 5
1572365247 2
1572365248 2
1572365249 2
1572365250 3
1572365251 3
1572365252 4
1572365253 3
1572365254 3
1572365255 2
1572365256 3
1572365257 2
1572365258 2
1572365259 3
1572365260 3
1572365261 4
1572365262 3
1572365263 4
1572365264 4
1572365265 3
1572365266 2
1572365267 2
1572365268 2
1572365269 2
1572365270 2
1572365271 2
1572365272 2
1572365273 3
1572365274 2
1572365275 2
1572365276 2
1572365277 3
1572365278 3
1572365589 2
1572365590 2
1572365591 2
1572365592 2
1572365593 1
1572365594 2
1572365595 3
1572365596 3
1572365597 4
1572365598 3
1572365599 3
1572365600 3
1572365601 2
1572365602 1
1572365603 1
1572365604 2
1572365605 2
1572365606 2
1572365607 3
1572365608 3
1572365609 3
1572365610 2
1572365611 2
1572365612 3
1572365613 5
1572365614 5
1572365615 5
1572365616 6
1572365617 6
1572365618 5
1572365619 5
1572365620 6
1572365621 5
1572365622 3
1572365623 3
1572365624 4
1572365625 4
1572365626 2
1572365627 3
1572365628 3
1572365629 3
1572365630 2
1572365631 2
1572365632 2
1572365633 1
1572365634 1
1572365635 2
1572365636 3
1572365637 4
1572365638 6
1572365639 6
1572365640 5
1572365641 4
1572365642 4
1572365643 4
1572365644 2
1572365645 3
1572365646 4
1572365647 4
1572365648 4
1572365649 3
1572365650 4
1572365651 4
1572365652 3
1572365653 2
1572365654 3
1572365655 2
1572365963 2
1572365964 2
1572365965 2
1572365966 2
1572365967 1
1572365968 2
1572365969 3
1572365970 3
1572365971 3
1572365972 3
1572365973 3
1572365974 2
1572365975 2
1572365976 1
1572365977 1
1572365978 2
1572365979 2
1572365980 2
1572365981 3
1572365982 3
1572365983 3
1572365984 3
1572365985 2
1572365986 3
1572365987 5
1572365988 5
1572365989 5
1572365990 5
1572365991 6
1572365992 5
1572365993 5
1572365994 5
1572365995 5
1572365996 3
1572365997 3
1572365998 2
1572365999 3
1572366000 3
1572366001 3
1572366002 3
1572366003 3
1572366004 3
1572366005 3
1572366006 3
1572366007 3
1572366008 3
1572366009 2
1572366010 3
1572366011 3
1572366012 4
1572366013 3
1572366014 4
1572366015 3
1572366016 3
1572366017 2
1572366018 2
1572366019 3
1572366020 2
1572366021 2
1572366022 2
1572366023 2
1572366024 3
1572366025 2
1572366026 2
1572366027 2
1572366028 2
1572366029 3
1572366303 2
1572366304 2
1572366305 2
1572366306 2
1572366307 1
1572366308 2
1572366309 3
1572366310 3
1572366311 3
1572366312 2
1572366313 3
1572366314 2
1572366315 2
1572366316 1
1572366317 1
1572366318 1
1572366319 2
1572366320 2
1572366321 3
1572366322 3
1572366323 3
1572366324 3
1572366325 3
1572366326 2
1572366327 3
1572366328 5
1572366329 5
1572366330 5
1572366331 6
1572366332 5
1572366333 5
1572366334 5
1572366335 5
1572366336 4
1572366337 4
1572366338 3
1572366339 4
1572366340 3
1572366341 2
1572366342 3
1572366343 3
1572366344 3
1572366345 3
1572366346 2
1572366347 2
1572366348 1
1572366349 1
1572366350 1
1572366351 2
1572366352 3
1572366353 3
1572366354 4
1572366355 3
1572366356 3
1572366357 3
1572366358 3
1572366359 2
1572366360 2
1572366361 2
1572366362 2
1572366363 2
1572366364 2
1572366365 3
1572366366 3
1572366367 2
1572366368 2
1572366369 3
1572366370 2
1572366638 2
1572366639 2
1572366640 2
1572366641 2
1572366642 1
1572366643 3
1572366644 3
1572366645 3
1572366646 3
1572366647 4
1572366648 2
1572366649 2
1572366650 2
1572366651 2
1572366652 1
1572366653 2
1572366654 2
1572366655 3
1572366656 3
1572366657 3
1572366658 3
1572366659 2
1572366660 2
1572366661 3
1572366662 5
1572366663 5
1572366664 5
1572366665 6
1572366666 5
1572366667 5
1572366668 4
1572366669 4
1572366670 5
1572366671 4
1572366672 5
1572366673 5
1572366674 4
1572366675 2
1572366676 2
1572366677 3
1572366678 3
1572366679 3
1572366680 3
1572366681 3
1572366682 2
1572366683 2
1572366684 1
1572366685 2
1572366686 2
1572366687 3
1572366688 2
1572366689 3
1572366690 3
1572366691 3
1572366692 2
1572366693 2
1572366694 3
1572366695 2
1572366696 2
1572366697 2
1572366698 2
1572366699 3
1572366700 2
1572366701 2
1572366702 2
1572366703 3
1572366704 3
1572369665 2
1572369666 2
1572369667 2
1572369668 3
1572369669 1
1572369670 2
1572369671 3
1572369672 3
1572369673 3
1572369674 3
1572369675 3
1572369676 2
1572369677 2
1572369678 1
1572369679 1
1572369680 1
1572369681 2
1572369682 2
1572369683 3
1572369684 3
1572369685 3
1572369686 3
1572369687 3
1572369688 2
1572369689 3
1572369690 4
1572369691 5
1572369692 5
1572369693 6
1572369694 5
1572369695 5
1572369696 5
1572369697 6
1572369698 4
1572369699 3
1572369700 3
1572369701 3
1572369702 2
1572369703 2
1572369704 3
1572369705 3
1572369706 3
1572369707 2
1572369708 2
1572369709 2
1572369710 2
1572369711 2
1572369712 2
1572369713 3
1572369714 3
1572369715 4
1572369716 5
1572369717 4
1572369718 4
1572369719 3
1572369720 3
1572369721 1
1572369722 2
1572369723 2
1572369724 2
1572369725 2
1572369726 3
1572369727 3
1572369728 3
1572369729 2
1572369730 2
1572369731 3
1572369732 2
1572369996 1
1572369997 1
1572369998 1
1572369999 1
1572370000 1
1572370001 2
1572370002 3
1572370003 3
1572370004 3
1572370005 3
1572370006 3
1572370007 2
1572370008 2
1572370009 2
1572370010 1
1572370011 2
1572370012 2
1572370013 2
1572370014 3
1572370015 3
1572370016 3
1572370017 3
1572370018 2
1572370019 2
1572370020 5
1572370021 5
1572370022 5
1572370023 5
1572370024 6
1572370025 5
1572370026 6
1572370027 5
1572370028 4
1572370029 4
1572370030 5
1572370031 5
1572370032 4
1572370033 2
1572370034 2
1572370035 3
1572370036 3
1572370037 3
1572370038 3
1572370039 3
1572370040 3
1572370041 3
1572370042 3
1572370043 2
1572370044 3
1572370045 3
1572370046 3
1572370047 4
1572370048 4
1572370049 4
1572370050 2
1572370051 2
1572370052 2
1572370053 2
1572370054 2
1572370055 2
1572370056 2
1572370057 3
1572370058 2
1572370059 2
1572370060 2
1572370061 2
1572370062 3
1572370063 3
1572370326 2
1572370327 2
1572370328 2
1572370329 1
1572370330 1
1572370331 2
1572370332 3
1572370333 3
1572370334 2
1572370335 2
1572370336 3
1572370337 2
1572370338 1
1572370339 1
1572370340 1
1572370341 2
1572370342 2
1572370343 2
1572370344 3
1572370345 3
1572370346 3
1572370347 3
1572370348 3
1572370349 3
1572370350 5
1572370351 5
1572370352 5
1572370353 6
1572370354 6
1572370355 5
1572370356 5
1572370357 5
1572370358 5
1572370359 5
1572370360 4
1572370361 3
1572370362 2
1572370363 2
1572370364 3
1572370365 3
1572370366 3
1572370367 3
1572370368 2
1572370369 2
1572370370 1
1572370371 1
1572370372 1
1572370373 2
1572370374 2
1572370375 3
1572370376 3
1572370377 3
1572370378 3
1572370379 3
1572370380 3
1572370381 1
1572370382 2
1572370383 2
1572370384 2
1572370385 2
1572370386 2
1572370387 3
1572370388 3
1572370389 2
1572370390 2
1572370391 2
1572370392 2
1572370659 2
1572370660 2
1572370661 2
1572370662 2
1572370663 2
1572370664 3
1572370665 3
1572370666 3
1572370667 3
1572370668 4
1572370669 2
1572370670 2
1572370671 2
1572370672 2
1572370673 1
1572370674 2
1572370675 2
1572370676 3
1572370677 3
1572370678 3
1572370679 3
1572370680 2
1572370681 2
1572370682 3
1572370683 5
1572370684 6
1572370685 6
1572370686 7
1572370687 6
1572370688 6
1572370689 5
1572370690 4
1572370691 4
1572370692 4
1572370693 5
1572370694 4
1572370695 4
1572370696 2
1572370697 3
1572370698 3
1572370699 3
1572370700 3
1572370701 3
1572370702 2
1572370703 2
1572370704 1
1572370705 2
1572370706 3
1572370707 4
1572370708 5
1572370709 3
1572370710 4
1572370711 4
1572370712 2
1572370713 2
1572370714 2
1572370715 2
1572370716 2
1572370717 2
1572370718 2
1572370719 2
1572370720 3
1572370721 2
1572370722 2
1572370723 2
1572370724 3
1572370725 3
1572370986 3
1572370987 2
1572370988 2
1572370989 2
1572370990 1
1572370991 2
1572370992 3
1572370993 4
1572370994 3
1572370995 3
1572370996 5
1572370997 4
1572370998 3
1572370999 2
1572371000 2
1572371001 2
1572371002 3
1572371003 2
1572371004 3
1572371005 3
1572371006 3
1572371007 3
1572371008 3
1572371009 3
1572371010 3
1572371011 4
1572371012 5
1572371013 5
1572371014 6
1572371015 5
1572371016 5
1572371017 5
1572371018 5
1572371019 5
1572371020 4
1572371021 3
1572371022 3
1572371023 3
1572371024 2
1572371025 2
1572371026 3
1572371027 3
1572371028 3
1572371029 2
1572371030 2
1572371031 2
1572371032 1
1572371033 1
1572371034 1
1572371035 2
1572371036 2
1572371037 3
1572371038 4
1572371039 3
1572371040 3
1572371041 3
1572371042 3
1572371043 1
1572371044 2
1572371045 2
1572371046 2
1572371047 2
1572371048 3
1572371049 3
1572371050 2
1572371051 2
1572371052 2
1572371053 3
1572371054 2
1572371320 2
1572371321 2
1572371322 2
1572371323 2
1572371324 1
1572371325 2
1572371326 3
1572371327 3
1572371328 3
1572371329 3
1572371330 2
1572371331 2
1572371332 2
1572371333 2
1572371334 1
1572371335 2
1572371336 2
1572371337 2
1572371338 3
1572371339 3
1572371340 3
1572371341 2
1572371342 2
1572371343 2
1572371344 6
1572371345 5
1572371346 5
1572371347 6
1572371348 6
1572371349 4
1572371350 4
1572371351 4
1572371352 4
1572371353 4
1572371354 5
1572371355 5
1572371356 5
1572371357 2
1572371358 2
1572371359 3
1572371360 3
1572371361 3
1572371362 3
1572371363 3
1572371364 2
1572371365 1
1572371366 1
1572371367 2
1572371368 3
1572371369 3
1572371370 3
1572371371 4
1572371372 3
1572371373 3
1572371374 2
1572371375 2
1572371376 2
1572371377 2
1572371378 2
1572371379 2
1572371380 2
1572371381 3
1572371382 2
1572371383 2
1572371384 2
1572371385 2
1572371386 3
1572371649 2
1572371650 2
1572371651 2
1572371652 1
1572371653 1
1572371654 2
1572371655 3
1572371656 3
1572371657 2
1572371658 3
1572371659 3
1572371660 2
1572371661 1
1572371662 1
1572371663 1
1572371664 2
1572371665 2
1572371666 2
1572371667 3
1572371668 3
1572371669 3
1572371670 3
1572371671 3
1572371672 3
1572371673 4
1572371674 5
1572371675 5
1572371676 6
1572371677 5
1572371678 5
1572371679 5
1572371680 6
1572371681 4
1572371682 3
1572371683 3
1572371684 4
1572371685 3
1572371686 3
1572371687 3
1572371688 3
1572371689 3
1572371690 3
1572371691 2
1572371692 2
1572371693 1
1572371694 1
1572371695 1
1572371696 2
1572371697 2
1572371698 3
1572371699 3
1572371700 3
1572371701 3
1572371702 3
1572371703 3
1572371704 1
1572371705 2
1572371706 2
1572371707 2
1572371708 2
1572371709 2
1572371710 3
1572371711 3
1572371712 2
1572371713 2
1572371714 2
1572371715 2
1572371980 2
1572371981 2
1572371982 2
1572371983 2
1572371984 1
1572371985 2
1572371986 3
1572371987 3
1572371988 3
1572371989 3
1572371990 3
1572371991 2
1572371992 2
1572371993 2
1572371994 1
1572371995 1
1572371996 2
1572371997 2
1572371998 3
1572371999 3
1572372000 3
1572372001 2
1572372002 2
1572372003 2
1572372004 4
1572372005 5
1572372006 5
1572372007 6
1572372008 6
1572372009 5
1572372010 5
1572372011 5
1572372012 4
1572372013 4
1572372014 5
1572372015 5
1572372016 5
1572372017 3
1572372018 2
1572372019 3
1572372020 3
1572372021 3
1572372022 3
1572372023 3
1572372024 2
1572372025 2
1572372026 1
1572372027 2
1572372028 2
1572372029 2
1572372030 2
1572372031 3
1572372032 3
1572372033 3
1572372034 2
1572372035 2
1572372036 2
1572372037 2
1572372038 2
1572372039 2
1572372040 2
1572372041 3
1572372042 2
1572372043 2
1572372044 2
1572372045 2
1572372046 3
1572372047 3
1572372309 2
1572372310 2
1572372311 2
1572372312 1
1572372313 1
1572372314 2
1572372315 3
1572372316 3
1572372317 2
1572372318 3
1572372319 3
1572372320 2
1572372321 1
1572372322 1
1572372323 1
1572372324 2
1572372325 2
1572372326 2
1572372327 3
1572372328 3
1572372329 3
1572372330 3
1572372331 3
1572372332 3
1572372333 4
1572372334 5
1572372335 5
1572372336 5
1572372337 6
1572372338 5
1572372339 5
1572372340 6
1572372341 4
1572372342 3
1572372343 3
1572372344 5
1572372345 3
1572372346 3
1572372347 3
1572372348 3
1572372349 3
1572372350 3
1572372351 2
1572372352 2
1572372353 1
1572372354 1
1572372355 1
1572372356 2
1572372357 2
1572372358 3
1572372359 3
1572372360 3
1572372361 3
1572372362 3
1572372363 3
1572372364 2
1572372365 2
1572372366 2
1572372367 2
1572372368 2
1572372369 2
1572372370 3
1572372371 3
1572372372 2
1572372373 2
1572372374 3
1572372375 2
1572372639 2
1572372640 2
1572372641 2
1572372642 2
1572372643 1
1572372644 2
1572372645 3
1572372646 3
1572372647 3
1572372648 4
1572372649 2
1572372650 2
1572372651 2
1572372652 2
1572372653 1
1572372654 2
1572372655 2
1572372656 3
1572372657 3
1572372658 3
1572372659 3
1572372660 2
1572372661 2
1572372662 3
1572372663 5
1572372664 5
1572372665 5
1572372666 6
1572372667 5
1572372668 4
1572372669 4
1572372670 4
1572372671 4
1572372672 4
1572372673 5
1572372674 5
1572372675 5
1572372676 3
1572372677 2
1572372678 3
1572372679 3
1572372680 3
1572372681 3
1572372682 3
1572372683 2
1572372684 2
1572372685 2
1572372686 1
1572372687 2
1572372688 2
1572372689 2
1572372690 4
1572372691 3
1572372692 3
1572372693 2
1572372694 3
1572372695 3
1572372696 4
1572372697 4
1572372698 4
1572372699 4
1572372700 4
1572372701 3
1572372702 4
1572372703 4
1572372704 3
1572372705 3
1572372706 3
1572372707 2
1572372708 3
1572372709 3
