1582898720 2
1582898721 2
1582898722 3
1582898723 3
1582898724 3
1582898725 4
1582898726 4
1582899293 2
1582899294 3
1582899295 3
1582899296 3
1582899297 5
1582899298 5
1582899861 2
1582899862 3
1582899863 3
1582899864 3
1582899865 4
1582899866 4
1582900425 2
1582900426 4
1582900427 4
1582900428 4
1582900429 5
1582900430 4
1582902082 2
1582902083 3
1582902084 3
1582902085 3
1582902086 4
1582902087 4
1582902088 3
1582902728 2
1582902729 3
1582902730 3
1582902731 3
1582902732 4
1582902733 4
1582903306 2
1582903307 2
1582903308 3
1582903309 3
1582903310 4
1582903311 4
