1580217930 2
1580217931 3
1580217932 4
1580217933 4
1580217934 4
1580218257 2
1580218258 2
1580218259 3
1580218260 3
1580218261 4
1580218262 4
1580218263 4
1580218583 3
1580218584 4
1580218585 3
1580218586 3
1580218587 4
1580218588 4
1580218908 2
1580218909 2
1580218910 4
1580218911 5
1580218912 5
1580218913 5
1580219285 2
1580219286 3
1580219287 3
1580219288 4
1580219289 4
1580219290 4
1580219629 2
1580219630 3
1580219631 3
1580219632 4
1580219633 4
1580219634 4
1580222345 3
1580222346 3
1580222347 3
1580222348 3
1580222349 4
1580222350 4
1580222659 3
1580222660 2
1580222661 3
1580222662 3
1580222663 4
1580222664 4
1580222970 3
1580222971 2
1580222972 3
1580222973 3
1580222974 4
1580222975 4
1580222976 3
1580223275 2
1580223276 3
1580223277 3
1580223278 3
1580223279 4
1580223280 4
1580223281 4
1580223657 3
1580223658 3
1580223659 3
1580223660 4
1580223661 4
1580223662 4
1580224218 3
1580224219 2
1580224220 3
1580224221 3
1580224222 4
1580224223 4
1580224774 3
1580224775 3
1580224776 3
1580224777 4
1580224778 4
1580224779 4
1580225337 4
1580225338 4
1580225339 3
1580225340 4
1580225341 4
1580225342 4
1580225898 3
1580225899 2
1580225900 3
1580225901 4
1580225902 4
1580225903 4
1580226481 3
1580226482 4
1580226483 3
1580226484 4
1580226485 4
1580226486 3
1580227049 3
1580227050 4
1580227051 4
1580227052 4
1580227053 4
1580227054 4
1580227646 4
1580227647 3
1580227648 4
1580227649 3
1580227650 4
1580227651 4
1580228229 3
1580228230 4
1580228231 4
1580228232 5
1580228233 5
1580228234 5
1580228787 3
1580228788 3
1580228789 3
1580228790 3
1580228791 4
1580228792 4
1580228793 3
