1582030368 3
1582030369 4
1582030370 5
1582030371 6
1582030372 7
1582030373 8
1582030374 7
1582030675 2
1582030676 2
1582030677 3
1582030678 3
1582030679 3
1582030680 5
1582030681 5
1582031326 2
1582031327 2
1582031328 3
1582031329 3
1582031330 4
1582031331 5
1582031332 6
1582031623 2
1582031624 3
1582031625 3
1582031626 3
1582031627 4
1582031628 5
1582031919 2
1582031920 2
1582031921 3
1582031922 3
1582031923 3
1582031924 4
1582031925 4
1582031926 4
1582032305 2
1582032306 2
1582032307 3
1582032308 4
1582032309 4
1582032310 4
1582032311 4
1582032614 3
1582032615 3
1582032616 4
1582032617 5
1582032618 6
1582032619 6
1582032620 7
1582032621 7
1582032914 4
1582032915 7
1582032916 6
1582032917 6
1582032918 6
1582032919 6
1582032920 5
1582033209 3
1582033210 3
1582033211 4
1582033212 4
1582033213 3
1582033214 4
1582033215 4
1582033216 3
1582033564 2
1582033565 3
1582033566 3
1582033567 3
1582033568 4
1582033569 4
1582033570 3
1582033890 2
1582033891 2
1582033892 3
1582033893 3
1582033894 3
1582033895 4
1582033896 3
1582035551 2
1582035552 3
1582035553 3
1582035554 3
1582035555 4
1582035556 4
1582035557 4
1582036157 2
1582036158 2
1582036159 3
1582036160 3
1582036161 4
1582036162 4
1582036163 4
1582036164 4
1582036760 2
1582036761 2
1582036762 3
1582036763 3
1582036764 3
1582036765 4
1582036766 4
1582037367 3
1582037368 3
1582037369 3
1582037370 4
1582037371 5
1582037372 5
1582037373 5
1582037965 2
1582037966 2
1582037967 3
1582037968 5
1582037969 6
1582037970 7
1582037971 5
1582038563 3
1582038564 3
1582038565 3
1582038566 3
1582038567 4
1582038568 4
1582038569 3
1582041454 2
1582041455 2
1582041456 3
1582041457 3
1582041458 3
1582041459 4
1582041460 4
1582042065 4
1582042066 3
1582042067 4
1582042068 5
1582042069 6
1582042070 7
1582042071 6
1582043651 3
1582043652 3
1582043653 3
1582043654 3
1582043655 3
1582043656 4
1582043657 4
1582043658 4
1582044265 4
1582044266 3
1582044267 4
1582044268 3
1582044269 3
1582044270 4
1582044271 4
1582044867 2
1582044868 3
1582044869 3
1582044870 3
1582044871 4
1582044872 4
1582044873 3
1582045168 3
1582045169 4
1582045170 5
1582045171 5
1582045172 4
1582045173 5
1582045174 3
1582045468 3
1582045469 2
1582045470 3
1582045471 3
1582045472 4
1582045473 4
1582045474 3
1582045779 3
1582045780 2
1582045781 3
1582045782 3
1582045783 3
1582045784 4
1582045785 4
1582046076 2
1582046077 2
1582046078 3
1582046079 3
1582046080 3
1582046081 4
1582046082 4
