1575114728 3
1575114729 3
1575114730 3
1575114731 3
1575114732 3
1575114733 3
1575114734 3
1575114735 3
1575114736 4
1575114737 2
1575115657 3
1575115658 3
1575115659 3
1575115660 3
1575115661 3
1575115662 3
1575115663 3
1575115664 3
1575115665 3
1575115666 3
1575115667 3
1575115972 3
1575115973 3
1575115974 3
1575115975 3
1575115976 3
1575115977 3
1575115978 3
1575115979 4
1575115980 3
1575115981 2
1575116595 3
1575116596 3
1575116597 3
1575116598 3
1575116599 3
1575116600 3
1575116601 3
1575116602 3
1575116603 3
1575116604 3
