1575556539 4
1575556700 2
1575556866 2
1575557032 3
1575557033 4
1575557034 4
1575557035 4
1575557036 4
1575557037 4
1575557038 4
1575557039 4
1575557040 4
1575557041 4
1575557042 4
1575557043 4
1575557044 4
1575557045 4
1575557046 4
1575557047 4
1575557048 3
1575557049 3
1575557050 3
1575557227 2
1575557399 3
1575557400 4
1575557401 4
1575557402 4
1575557403 4
1575557404 3
1575557405 5
1575557406 5
1575557407 5
1575557408 3
1575557409 3
1575557410 2
1575557411 3
1575557573 4
1575557574 4
1575557575 4
1575557576 4
1575557577 4
1575557578 3
1575557579 3
1575557580 3
1575557581 3
1575557582 2
1575557583 2
1575557584 2
1575557585 2
1575557746 4
1575557747 4
1575557748 4
1575557749 4
1575557750 4
1575557751 4
1575557752 4
1575557753 3
1575557754 3
1575557755 3
1575557756 2
1575557757 2
1575557758 2
1575557759 2
1575558205 4
1575558206 4
1575558207 4
1575558208 4
1575558209 3
1575558210 3
1575558211 3
1575558212 3
1575558213 3
1575558214 2
1575558215 2
1575558216 2
1575558217 2
1575558394 3
1575558395 4
1575558396 4
1575558397 5
1575558398 4
1575558399 4
1575558400 5
1575558401 5
1575558402 4
1575558403 3
1575558404 3
1575558405 2
