1573831390 3
1573831391 3
1573831392 3
1573831393 3
1573831394 3
1573831395 3
1573831396 5
1573831397 5
1573831398 5
1573831399 3
1573831400 3
1573831401 3
1573831402 3
1573831547 3
1573831548 3
1573831549 3
1573831550 3
1573831551 3
1573831552 3
1573831553 3
1573831554 3
1573831555 3
1573831556 3
1573831557 3
1573831558 2
1573831559 2
1573831718 3
1573831879 3
1573831880 3
1573831881 3
1573831882 3
1573831883 3
1573831884 3
1573831885 3
1573831886 3
1573831887 3
1573831888 2
1573831889 2
1573831890 2
1573832031 3
1573832032 3
1573832033 3
1573832034 3
1573832035 3
1573832036 3
1573832037 3
1573832038 3
1573832039 3
1573832040 2
1573832041 3
1573832042 3
1573832203 2
1573832346 3
1573832347 3
1573832348 3
1573832349 3
1573832350 3
1573832351 3
1573832352 3
1573832353 3
1573832354 5
1573832355 2
1573832356 2
1573832357 2
1573832358 3
1573832513 3
1573832514 3
1573832515 3
1573832516 3
1573832517 3
1573832518 3
1573832519 4
1573832520 4
1573832521 4
1573832522 2
1573832523 2
1573832524 2
1573832525 3
1573832668 3
1573832669 3
1573832670 3
1573832671 3
1573832672 3
1573832673 3
1573832674 3
1573832675 4
1573832676 3
1573832677 3
1573832678 3
1573832679 2
1573832680 2
1573832835 2
1573833031 2
1573833176 3
1573833177 3
1573833178 3
1573833179 3
1573833180 3
1573833181 3
1573833182 4
1573833183 4
1573833184 4
1573833185 2
1573833186 2
1573833187 2
1573833508 2
1573833654 3
1573833655 3
1573833656 3
1573833657 3
1573833658 3
1573833659 3
1573833660 3
1573833661 3
1573833662 3
1573833663 2
1573833664 2
1573833665 2
1573833666 2
