1582026883 3
1582026884 3
1582026885 3
1582026886 3
1582026887 3
1582026888 3
1582026889 3
1582026890 4
1582026891 4
1582026892 4
1582026893 3
1582026894 3
1582026895 3
1582027045 3
1582027046 3
1582027047 3
1582027048 3
1582027049 3
1582027050 3
1582027051 4
1582027052 4
1582027053 4
1582027054 5
1582027055 4
1582027056 3
1582027057 3
1582027058 2
1582027221 2
1582027390 2
1582027790 3
1582027791 3
1582027792 3
1582027793 3
1582027794 3
1582027795 3
1582027796 3
1582027797 3
1582027798 3
1582027799 3
1582027800 2
1582027801 2
1582027802 2
1582027967 3
1582028135 2
1582028289 4
1582028290 4
1582028291 4
1582028292 4
1582028293 4
1582028294 4
1582028295 4
1582028296 4
1582028297 4
1582028298 4
1582028299 3
1582028300 2
1582028301 2
1582028302 2
1582028458 4
1582028459 4
1582028460 4
1582028461 4
1582028462 4
1582028463 4
1582028464 4
1582028465 4
1582028466 3
1582028467 2
1582028468 2
1582028469 2
1582028626 3
1582028627 4
1582028628 4
1582028629 4
1582028630 4
1582028631 4
1582028632 4
1582028633 4
1582028634 4
1582028635 4
1582028636 4
1582028637 3
1582028638 2
1582028639 2
1582028640 3
