1581935210 3
1581935211 3
1581935212 3
1581935213 3
1581935214 3
1581935215 3
1581935216 4
1581935217 4
1581935218 4
1581935219 4
1581935220 4
1581935221 3
1581935222 2
1581935368 3
1581935369 3
1581935370 3
1581935371 3
1581935372 3
1581935373 3
1581935374 3
1581935375 3
1581935376 3
1581935377 3
1581935378 3
1581935379 2
1581935380 3
1581935529 3
1581935530 3
1581935531 3
1581935532 3
1581935533 3
1581935534 4
1581935535 4
1581935536 4
1581935537 4
1581935538 4
1581935539 4
1581935540 3
1581935541 2
1581935707 3
1581935862 3
1581935863 3
1581935864 3
1581935865 3
1581935866 3
1581935867 4
1581935868 4
1581935869 4
1581935870 4
1581935871 3
1581935872 3
1581935873 2
1581935874 2
1581936046 3
1581936217 2
1581936380 2
1581936526 3
1581936527 3
1581936528 3
1581936529 3
1581936530 3
1581936531 3
1581936532 4
1581936533 4
1581936534 4
1581936535 4
1581936536 4
1581936537 4
1581936538 3
1581936539 2
1581936714 2
