1569849971 3
1569849972 4
1569849973 3
1569849974 5
1569849975 5
1569849976 5
1569849977 6
1569849978 5
1569849979 4
1569849980 4
1569849981 4
1569849982 7
1569849983 6
1569849984 7
1569849985 6
1569849986 7
1569849987 6
1569849988 5
1569849989 5
1569849990 5
1569849991 7
1569849992 5
1569849993 3
1569849994 3
1569849995 2
1569849996 2
1569849997 2
1569849998 2
1569849999 4
1569850000 3
1569850001 3
1569850002 3
1569850003 3
1569850004 3
1569850005 3
1569850006 3
1569850007 3
1569850008 3
1569850009 3
1569850204 3
1569850205 3
1569850206 3
1569850207 3
1569850208 3
1569850209 3
1569850210 3
1569850211 3
1569850212 3
1569850711 6
1569850712 6
1569850713 6
1569850714 4
1569850715 5
1569850716 7
1569850717 7
1569850718 6
1569850719 7
1569850720 5
1569850721 5
1569850722 7
1569850723 5
1569850724 4
1569850725 4
1569850726 4
1569850727 3
1569850728 4
1569850729 2
1569850730 2
1569850731 2
1569850732 2
1569850733 3
1569850734 4
1569850735 3
1569850736 4
1569850737 4
1569850738 4
1569850739 4
1569850740 3
1569850741 3
1569850742 3
1569850743 3
1569850744 2
1569850994 7
1569850995 7
1569850996 4
1569850997 6
1569850998 8
1569850999 6
1569851000 6
1569851001 7
1569851002 7
1569851003 4
1569851004 4
1569851005 5
1569851006 5
1569851007 5
1569851008 6
1569851009 5
1569851010 4
1569851011 2
1569851012 2
1569851013 2
1569851014 2
1569851015 2
1569851016 3
1569851017 3
1569851018 4
1569851019 3
1569851020 3
1569851021 3
1569851022 3
1569851023 3
1569851024 3
1569851025 3
1569851026 3
1569851200 6
1569851201 5
1569851202 6
1569851203 5
1569851204 4
1569851205 6
1569851206 6
1569851207 6
1569851208 6
1569851209 6
1569851210 5
1569851211 5
1569851212 6
1569851213 6
1569851214 7
1569851215 3
1569851216 3
1569851217 3
1569851218 3
1569851219 2
1569851220 2
1569851221 2
1569851222 4
1569851223 4
1569851224 4
1569851225 3
1569851226 3
1569851227 3
1569851228 3
1569851229 3
1569851230 3
1569851231 3
1569851232 3
1569851529 3
1569851530 3
1569851531 3
1569851532 3
1569851533 3
1569851534 3
1569851535 3
1569851536 2
1569851537 3
1569851538 3
1569851539 4
1569851540 3
1569851541 2
1569851542 2
1569851543 2
1569851544 3
1569851545 4
1569851546 4
1569851547 5
1569851548 5
1569851549 6
1569851550 5
1569851551 5
1569851552 5
1569851553 4
1569851554 6
1569851555 7
1569851556 7
1569851557 8
1569851558 8
1569851559 6
1569851560 8
1569851561 7
1569851562 5
1569851563 5
1569851564 3
1569851565 3
1569851566 3
1569851567 3
1569851568 3
1569851569 2
1569851570 2
1569851571 3
1569851572 4
1569851573 3
1569851574 3
1569851575 3
1569851576 3
1569851577 3
1569851578 3
1569851579 4
1569851580 4
1569851581 4
1569851737 3
1569851738 3
1569851739 3
1569851740 3
1569851741 3
1569851742 3
1569851743 3
1569851744 4
1569851745 3
1569851746 3
1569851747 3
1569851748 2
1569851749 2
1569851750 2
1569851751 3
1569851752 3
1569851753 4
1569851754 5
1569851755 6
1569851756 5
1569851757 6
1569851758 5
1569851759 5
1569851760 7
1569851761 6
1569851762 6
1569851763 6
1569851764 7
1569851765 5
1569851766 6
1569851767 7
1569851768 6
1569851769 5
1569851770 4
1569851771 5
1569851772 3
1569851773 3
1569851774 3
1569851775 2
1569851776 2
1569851777 2
1569851778 2
1569851779 4
1569851780 3
1569851781 4
1569851782 3
1569851783 3
1569851784 3
1569851785 3
1569851786 3
1569851787 2
1569851788 3
1569851789 3
1569851790 3
1569851791 3
1569851792 3
1569851793 3
1569851981 4
1569851982 3
1569851983 4
1569851984 5
1569851985 5
1569851986 5
1569851987 6
1569851988 6
1569851989 4
1569851990 5
1569851991 8
1569851992 7
1569851993 7
1569851994 7
1569851995 6
1569851996 7
1569851997 8
1569851998 5
1569851999 4
1569852000 6
1569852001 4
1569852002 3
1569852003 4
1569852004 2
1569852005 2
1569852006 2
1569852007 2
1569852008 4
1569852009 4
1569852010 4
1569852011 4
1569852012 4
1569852013 4
1569852014 3
1569852015 3
1569852016 3
1569852017 3
1569852239 4
1569852240 4
1569852241 3
1569852242 3
1569852243 3
1569852244 3
1569852245 4
1569852246 4
1569852247 4
1569852453 6
1569852454 5
1569852455 6
1569852456 5
1569852457 5
1569852458 7
1569852459 6
1569852460 8
1569852461 7
1569852462 7
1569852463 4
1569852464 7
1569852465 5
1569852466 6
1569852467 6
1569852468 5
1569852469 3
1569852470 3
1569852471 3
1569852472 2
1569852473 2
1569852474 3
1569852475 5
1569852476 3
1569852477 3
1569852478 3
1569852479 3
1569852480 3
1569852481 3
1569852482 3
1569852483 3
1569852484 3
1569852485 3
1569853086 4
1569853087 3
1569853088 5
1569853089 5
1569853090 4
1569853091 3
1569853092 3
1569853093 4
1569853094 4
1569853353 3
1569853354 3
1569853355 3
1569853356 3
1569853357 3
1569853358 3
1569853359 4
1569853360 3
1569853361 3
1569853362 3
1569853363 2
1569853364 2
1569853365 2
1569853366 2
1569853367 3
1569853368 4
1569853369 3
1569853370 5
1569853371 5
1569853372 6
1569853373 6
1569853374 5
1569853375 5
1569853376 5
1569853377 4
1569853378 6
1569853379 6
1569853380 7
1569853381 6
1569853382 7
1569853383 6
1569853384 5
1569853385 6
1569853386 5
1569853387 6
1569853388 4
1569853389 3
1569853390 3
1569853391 2
1569853392 2
1569853393 2
1569853394 2
1569853395 2
1569853396 6
1569853397 4
1569853398 4
1569853399 4
1569853400 5
1569853401 5
1569853402 5
1569853403 4
1569853404 4
1569853405 4
1569853406 3
1569853407 3
