1571664405 3
1571664406 4
1571664407 4
1571664408 4
1571664409 3
1571664410 3
1571664411 3
1571664412 3
1571664413 3
1571664947 3
1571664948 4
1571664949 3
1571664950 4
1571664951 4
1571664952 3
1571664953 4
1571664954 3
1571664955 3
1571665124 3
1571665125 4
1571665126 3
1571665127 5
1571665128 6
1571665129 7
1571665130 5
1571665131 5
1571665132 4
1571665133 4
1571665134 5
1571665135 4
1571665136 5
1571665137 4
1571665138 7
1571665139 6
1571665140 5
1571665141 4
1571665142 4
1571665143 3
1571665144 3
1571665145 2
1571665146 2
1571665147 2
1571665148 3
1571665149 5
1571665150 4
1571665151 4
1571665152 3
1571665153 3
1571665154 3
1571665155 3
1571665156 3
1571665157 3
1571665158 3
1571665335 3
1571665336 5
1571665337 3
1571665338 4
1571665339 6
1571665340 7
1571665341 6
1571665342 5
1571665343 6
1571665344 5
1571665345 6
1571665346 5
1571665347 3
1571665348 5
1571665349 6
1571665350 7
1571665351 7
1571665352 8
1571665353 3
1571665354 3
1571665355 3
1571665356 3
1571665357 2
1571665358 2
1571665359 3
1571665360 4
1571665361 4
1571665362 3
1571665363 3
1571665364 3
1571665365 3
1571665366 3
1571665367 3
1571665368 3
1571665369 3
1571665556 4
1571665557 4
1571665558 3
1571665559 3
1571665560 4
1571665561 3
1571665562 3
1571665563 3
1571665751 4
1571665752 4
1571665753 3
1571665754 3
1571665755 3
1571665756 3
1571665757 3
1571665758 3
1571665759 3
1571668128 3
1571668129 3
1571668130 3
1571668131 3
1571668132 3
1571668133 3
1571668134 4
1571668135 4
1571668136 3
1571668137 3
1571668138 2
1571668139 2
1571668140 2
1571668141 2
1571668142 3
1571668143 4
1571668144 3
1571668145 5
1571668146 6
1571668147 7
1571668148 6
1571668149 4
1571668150 5
1571668151 5
1571668152 7
1571668153 5
1571668154 4
1571668155 5
1571668156 7
1571668157 5
1571668158 5
1571668159 5
1571668160 4
1571668161 4
1571668162 2
1571668163 2
1571668164 2
1571668165 2
1571668166 3
1571668167 4
1571668168 4
1571668169 4
1571668170 4
1571668171 2
1571668172 3
1571668173 3
1571668174 3
1571668175 3
1571668176 3
1571668341 3
1571668342 4
1571668343 3
1571668344 5
1571668345 8
1571668346 7
1571668347 7
1571668348 6
1571668349 7
1571668350 7
1571668351 6
1571668352 5
1571668353 5
1571668354 4
1571668355 7
1571668356 6
1571668357 6
1571668358 4
1571668359 3
1571668360 3
1571668361 3
1571668362 2
1571668363 2
1571668364 2
1571668365 5
1571668366 4
1571668367 3
1571668368 4
1571668369 3
1571668370 3
1571668371 3
1571668372 3
1571668373 3
1571668374 3
1571668375 3
1571668545 3
1571668546 4
1571668547 4
1571668548 5
1571668549 7
1571668550 8
1571668551 5
1571668552 5
1571668553 5
1571668554 5
1571668555 6
1571668556 6
1571668557 4
1571668558 4
1571668559 5
1571668560 5
1571668561 6
1571668562 6
1571668563 3
1571668564 3
1571668565 3
1571668566 3
1571668567 2
1571668568 2
1571668569 3
1571668570 4
1571668571 3
1571668572 3
1571668573 4
1571668574 4
1571668575 3
1571668576 3
1571668577 3
1571668578 3
1571668579 3
1571668725 3
1571668726 3
1571668727 3
1571668728 3
1571668729 3
1571668730 3
1571668731 3
1571668732 3
1571668733 3
1571668734 3
1571668735 3
1571668736 3
1571668737 2
1571668738 2
1571668739 2
1571668740 4
1571668741 3
1571668742 5
1571668743 7
1571668744 8
1571668745 6
1571668746 5
1571668747 5
1571668748 6
1571668749 6
1571668750 6
1571668751 5
1571668752 5
1571668753 5
1571668754 6
1571668755 4
1571668756 7
1571668757 4
1571668758 4
1571668759 4
1571668760 3
1571668761 3
1571668762 2
1571668763 2
1571668764 4
1571668765 4
1571668766 3
1571668767 4
1571668768 4
1571668769 3
1571668770 3
1571668771 3
1571668772 3
1571668773 3
1571668917 2
1571668918 3
1571668919 3
1571668920 3
1571668921 3
1571668922 4
1571668923 5
1571668924 5
1571668925 4
1571668926 4
1571668927 4
1571668928 4
1571668929 4
1571668930 4
1571668931 4
1571668932 5
1571668933 5
1571668934 6
1571668935 5
1571668936 4
1571668937 3
1571668938 2
1571668939 3
1571668940 4
1571668941 4
1571668942 5
1571668943 6
1571668944 6
1571668945 5
1571668946 6
1571668947 5
1571668948 5
1571668949 5
1571668950 7
1571668951 6
1571668952 5
1571668953 6
1571668954 5
1571668955 5
1571668956 5
1571668957 4
1571668958 3
1571668959 5
1571668960 2
1571668961 2
1571668962 3
1571668963 3
1571668964 5
1571668965 5
1571668966 5
1571668967 6
1571668968 5
1571668969 5
1571668970 5
1571668971 4
1571668972 3
1571668973 4
1571668974 4
