1582113204 6
1582113205 3
1582113206 2
1582113366 4
1582113367 4
1582113368 4
1582113369 4
1582113370 3
1582113532 6
1582113533 5
1582113534 5
1582113535 4
1582113536 3
1582113537 2
1582113697 7
1582113698 6
1582113699 3
1582113865 8
1582113866 8
1582113867 7
1582113868 7
1582113869 6
1582113870 6
1582113871 6
1582113872 6
1582113873 6
1582113874 5
1582113875 6
1582113876 5
1582113877 3
1582114038 7
1582114039 6
1582114040 5
1582114041 3
1582114202 4
1582114203 3
1582114204 2
1582114364 2
1582114365 3
1582114366 2
1582114367 4
1582114368 3
1582114369 2
1582114370 1
1582114530 4
1582114531 4
1582114532 3
1582114694 6
1582114695 4
1582114696 3
1582114857 6
1582114858 3
1582114859 3
1582115025 5
1582115026 5
1582115027 4
1582115185 5
1582115186 6
1582115187 5
1582115188 6
1582115189 6
1582115353 5
1582115354 4
1582115355 4
1582115356 4
1582115515 6
1582115516 3
1582115517 3
1582115518 2
1582115678 7
1582115679 5
1582115680 5
1582115681 5
1582115682 3
1582115842 5
1582115843 3
1582115844 2
1582116006 5
1582116007 4
1582116008 3
1582116187 5
1582116188 4
1582116189 4
1582116190 3
1582116399 5
1582116400 5
1582116401 4
1582116402 5
1582116403 5
1582116404 3
1582116405 2
1582116578 9
1582116579 6
1582116580 5
1582116581 3
1582116742 7
1582116743 5
1582116744 3
1582119062 6
1582119063 4
1582119064 3
1582119065 3
1582119226 6
1582119227 6
1582119228 4
1582119229 4
1582119230 3
1582119231 3
1582119232 3
1582119233 2
1582119398 5
1582119399 4
1582119400 4
1582119401 4
1582119402 3
1582119574 6
1582119575 6
1582119576 6
1582119577 5
1582119578 4
1582119579 4
1582119580 6
1582119581 5
1582119582 4
1582119746 5
1582119747 5
1582119748 4
1582119749 2
1582119750 2
1582119908 5
1582119909 5
1582119910 5
1582119911 5
1582119912 4
1582119913 4
1582119914 3
1582119915 3
1582119916 3
1582119917 2
1582120087 5
1582120088 4
1582120089 3
1582120090 3
1582120258 5
1582120259 4
1582120260 4
1582120261 3
1582120262 2
1582120977 4
1582120978 3
1582120979 2
1582121143 4
1582121144 6
1582121145 4
1582121146 4
1582121147 3
1582121148 3
1582121149 2
1582121388 5
1582121389 4
1582121390 3
1582121391 2
1582125077 6
1582125078 4
1582125079 3
1582125293 5
1582125294 4
1582125295 2
1582125743 5
1582125744 4
1582125745 4
1582125746 3
1582125747 3
1582125748 3
1582125749 2
1582125750 1
1582125938 5
1582125939 5
1582125940 4
1582125941 5
1582125942 3
1582125943 3
1582125944 2
1582126103 5
1582126104 5
1582126105 4
1582126106 4
1582126107 4
1582126108 4
1582126109 4
1582126110 4
1582126111 4
1582126112 4
1582126270 5
1582126271 4
1582126272 3
1582126435 5
1582126436 5
1582126437 5
1582126601 4
1582126602 4
1582126603 3
1582126604 2
1582126766 3
1582126767 3
1582126768 4
1582126769 3
1582126926 6
1582126927 4
1582126928 4
1582126929 5
1582126930 3
1582126931 4
1582127088 8
1582127089 7
1582127090 6
1582127253 8
1582127254 8
1582127255 6
1582127256 6
1582127257 4
1582127422 5
1582127423 5
1582127424 4
1582127588 4
1582127589 4
1582127590 4
1582127751 7
1582127752 6
1582127753 4
1582127754 3
1582127755 3
1582127914 5
1582127915 4
1582127916 3
1582128079 6
1582128080 5
1582128081 5
1582128082 4
1582128241 7
1582128242 5
1582128420 6
1582128421 5
1582128422 5
1582128423 4
1582128424 5
1582128582 4
1582128583 4
1582128746 6
1582128747 5
1582128748 5
1582128749 5
1582128750 4
1582128912 4
1582128913 3
1582128914 3
1582128915 4
1582128916 3
1582129078 7
1582129079 5
1582129080 4
1582129081 3
1582129243 11
1582129244 6
1582129245 3
1582129404 6
1582129405 5
1582129406 3
1582129566 7
1582129567 7
1582129568 6
1582129569 4
1582129570 3
1582129728 4
1582129729 5
1582129730 3
