1574710985 0 
1574710986 0 
1574710987 0 
1569854724 1 
1569854725 1 
1569854726 1 
1569854727 0 
1569854728 0 
1569856334 1 
1569856335 1 
1569856336 0 
1569856337 0 
1569856338 0 
1571330386 1 
1571330387 1 
1571330388 1 
1571330389 0 
1571330390 0 
1571766743 1 
1571766744 1 
1571766745 1 
1571766746 0 
1571766747 0 
1571767526 2 
1571767527 1 
1571767528 1 
1571767529 1 
1571767530 0 
1572537610 2 
1572537611 2 
1572537612 1 
1572537613 0 
1572538264 1 
1572538265 1 
1572538266 0 
1572538267 0 
1572538923 2 
1572538924 1 
1572538925 1 
1572538926 0 
1572539576 2 
1572539577 1 
1572539578 1 
1572539579 0 
1572540225 1 
1572540226 1 
1572540227 0 
1572541128 2 
1572541129 1 
1572541130 1 
1572541131 0 
1572541782 2 
1572541783 1 
1572541784 1 
1572541785 0 
1572542431 1 
1572542432 1 
1572542433 1 
1572542434 0 
1572543078 1 
1572543079 1 
1572543080 0 
1572543081 0 
1572543742 2 
1572543743 1 
1572543744 0 
1572543745 0 
1572543746 0 
1572543747 0 
1572543748 1 
1572543749 1 
1572543750 1 
1572543751 0 