1580215556 0.817016159
1580215557 0.036061448
1580215557 0.048551702
1580215557 0.001620289
1580215557 0.012732696
1580215557 0.012198654
1580215557 0.048123867
1580215557 0.04408488
1580215557 0.044597396
1580215557 0.001193244
1580215557 0.03639339
1580215557 0.053780436
1580215557 0.047299696
1580215557 0.035817069
1580215558 0.001210075
1580215558 0.043359032
1580215558 0.001218835
1580215558 0.004121338
1580215558 0.029529102
1580215558 0.045893105
1580215558 0.032092516
1580215558 0.050528239
1580215558 0.045098996
1580215720 0.768451348
1580215720 0.001631136
1580215720 0.035109126
1580215720 0.001791798
1580215720 0.024611356
1580215720 0.009260514
1580215720 0.047955282
1580215720 0.001078496
1580215720 0.043084433
1580215720 0.045252187
1580215721 0.001381616
1580215721 0.04038677
1580215721 0.055923825
1580215721 0.025860469
1580215721 0.004094934
1580215721 0.046076474
1580215721 0.015483427
1580215721 0.013528199
1580215721 0.050076047
1580215721 0.047373878
1580215721 0.044830157
1580215721 0.001799414
1580215721 0.042311953
1580215721 0.033988102
1580215721 0.0515899
1580215721 0.001068544
1580215721 0.01271746
1580215721 0.013468299
1580215721 0.052365981
1580215879 0.503269972
1580215879 0.001240706
1580215879 0.044603896
1580215879 0.039403032
1580215879 0.001941373
1580215879 0.042438672
1580215879 0.001845298
1580215880 0.040190189
1580215880 0.001314854
1580215880 0.044861967
1580215880 0.04364111
1580215880 0.006191275
1580215880 0.021677159
1580215880 0.046825919
1580215880 0.001546138
1580215880 0.042883817
1580215880 0.043210237
1580215880 0.044855458
1580215880 0.001306982
1580215880 0.041915144
1580215880 0.001665866
1580215880 0.047464628
1580215880 0.032406457
1580215880 0.021600982
1580215880 0.013102687
1580215880 0.048342678
1580215880 0.04606506
1580215880 0.045902648
1580215880 0.039749191
1580216039 0.593797734
1580216040 0.034762381
1580216040 0.001210541
1580216040 0.053803151
1580216040 0.013393311
1580216040 0.012250802
1580216040 0.055679786
1580216040 0.045296508
1580216040 0.042849601
1580216040 0.046591329
1580216040 0.001207664
1580216040 0.038851388
1580216040 0.002963665
1580216040 0.005729062
1580216040 0.020916943
1580216040 0.048601032
1580216040 0.041611222
1580216040 0.044477213
1580216040 0.002444943
1580216040 0.070755695
1580216040 0.022835672
1580216040 0.029786742
1580216041 0.050117565
1580216041 0.044869521
1580216041 0.014627332
1580216041 0.020995757
1580216041 0.043982551
1580216041 0.046759882
1580216202 0.732857423
1580216203 0.042807238
1580216203 0.001712175
1580216203 0.031826457
1580216203 0.004069132
1580216203 0.050419664
1580216203 9.9393e-05
1580216203 0.044676062
1580216203 0.012344865
1580216203 0.011635637
1580216203 0.04777508
1580216203 0.001302376
1580216203 0.042911207
1580216203 0.041766962
1580216203 0.052648743
1580216203 0.045732245
1580216203 0.056208639
1580216203 0.000482544
1580216203 0.006271376
1580216203 0.005474751
1580216203 0.048691908
1580216203 0.045841557
1580216203 0.001647035
1580216203 0.043533758
1580216203 0.040540843
1580216361 0.508264827
1580216362 0.039834469
1580216362 0.001390435
1580216362 0.042582587
1580216362 0.009392086
1580216362 0.031504088
1580216362 0.040477357
1580216362 0.045175826
1580216362 0.005272063
1580216362 0.029703891
1580216362 0.016447192
1580216362 0.012051781
1580216362 0.055479108
1580216362 0.04469756
1580216362 0.002044501
1580216362 0.043605449
1580216362 0.002065567
1580216362 0.040542572
1580216362 0.041891718
1580216362 0.00229123
1580216362 0.034937571
1580216362 0.001209957
1580216362 0.019874034
1580216362 0.012970366
1580216362 0.054431104
1580216362 0.001388234
1580216362 0.049751052
1580216363 0.031393359
1580216363 0.051660828
1580216363 2.077e-05
1580216363 0.041191877
1580216525 0.866098316
1580216526 0.001899041
1580216526 0.009178422
1580216526 0.011776159
1580216526 0.050500699
1580216526 0.04464161
1580216526 0.045094108
1580216526 0.000475477
1580216526 0.035617622
1580216526 0.06030297
1580216526 0.035413331
1580216526 0.042502625
1580216526 0.001350088
1580216526 0.00718585
1580216526 0.025968631
1580216526 0.041196345
1580216526 0.046125476
1580216526 0.005152176
1580216526 0.029749678
1580216526 0.056500944
1580216526 0.040462717
1580216526 0.042886453
1580216526 0.001567116
1580216526 0.041641426
1580216526 0.008752571
1580216526 0.02748769
1580216684 0.427091569
1580216685 0.001280865
1580216685 0.007004908
1580216685 0.026947229
1580216685 0.033816967
1580216685 0.052920765
1580216685 0.041914996
1580216685 0.00164484
1580216685 0.05189878
1580216685 0.034443772
1580216685 0.04381582
1580216685 0.001271784
1580216685 0.043568156
1580216685 0.020801481
1580216685 0.00535539
1580216685 0.049994958
1580216685 0.04354211
1580216685 0.043651981
1580216685 0.046631232
1580216685 0.04346223
1580216685 0.043538724
1580216685 0.04959828
1580216685 0.000106741
1580216685 0.001634085
1580216685 0.017742066
1580216686 0.050357976
1580216686 0.044704615
1580216866 0.596072707
1580216866 0.047774419
1580216866 0.044084044
1580216866 0.044869636
1580216866 0.042995099
1580216866 0.002136043
1580216866 0.042268699
1580216866 0.000919821
1580216866 0.007601668
1580216866 0.019991609
1580216866 0.047276968
1580216867 0.044141041
1580216867 0.046366024
1580216867 0.044460599
1580216867 0.003459478
1580216867 0.041308747
1580216867 0.047804795
1580216867 0.042019432
1580216867 0.001380584
1580216867 0.004895972
1580216867 0.019816532
1580216867 0.052188264
1580216867 0.04419443
1580216867 0.001892668
1580216867 0.042330564
1580216867 0.001530125
1580216867 0.065794371
1580216867 0.024417732
