1582884569 0.437609317
1582884569 0.011838451
1582884569 0.048973115
1582884569 0.043263774
1582884569 0.046104105
1582884569 0.046539053
1582884569 0.032485785
1582884569 0.001159952
1582884569 0.054132732
1582884569 0.00104394
1582884569 0.040119317
1582884569 0.001467655
1582884569 0.00509037
1582884569 0.03045851
1582884569 0.038972647
1582884570 0.049073923
1582884570 6.887e-06
1582884570 0.04199314
1582884570 0.001352834
1582884570 0.017233482
1582884570 0.051238383
1582884570 0.041818424
1582884570 0.045584664
1582884570 0.045045251
1582884570 0.034233225
1582884570 0.051305351
1582884570 0.001601979
1582884570 0.04228523
1582884570 0.002214589
1582884570 0.004855516
1582884570 0.028689372
1582884570 0.047211541
1582884746 0.413689456
1582884746 0.001555736
1582884746 0.063099807
1582884747 0.0213296
1582884747 0.015833387
1582884747 0.012083032
1582884747 0.050835084
1582884747 0.043388553
1582884747 0.043469191
1582884747 0.00108924
1582884747 0.036558933
1582884747 0.001636161
1582884747 0.05075274
1582884747 0.001681531
1582884747 0.044193942
1582884747 0.048093057
1582884747 0.002611554
1582884747 0.022835366
1582884747 0.043477539
1582884747 0.044298292
1582884747 0.036282547
1582884747 0.052311438
1582884747 0.04652226
1582884747 0.002881055
1582884747 0.038172401
1582884747 0.001272868
1582884747 0.043135209
1582884747 0.001106691
1582884747 0.003021255
1582884747 0.026810846
1582884915 0.580494636
1582884915 0.011623213
1582884915 0.048133185
1582884915 0.001155616
1582884915 0.048771155
1582884915 0.043492688
1582884915 0.044688766
1582884915 0.034653278
1582884915 0.051366935
1582884915 0.012584355
1582884915 0.013506801
1582884915 0.050977201
1582884916 0.050597623
1582884916 0.001138413
1582884916 0.041870623
1582884916 0.001995166
1582884916 0.044194095
1582884916 0.031869341
1582884916 0.002165465
1582884916 0.049409584
1582884916 0.001849532
1582884916 0.010203527
1582884916 0.013579639
1582884916 0.050894375
1582884916 0.043397873
1582884916 0.046091939
1582885079 0.601563767
1582885079 0.001994728
1582885079 0.044548722
1582885080 0.041423353
1582885080 4.727e-06
1582885080 0.047052046
1582885080 0.002084291
1582885080 0.026116266
1582885080 0.04807881
1582885080 0.046303764
1582885080 0.040365136
1582885080 0.039868809
1582885080 0.002072014
1582885080 0.042325528
1582885080 0.001620156
1582885080 0.042103735
1582885080 0.001132357
1582885080 0.042847448
1582885080 0.001188905
1582885080 0.00479112
1582885080 0.019949917
1582885080 0.058215685
1582885080 0.002430792
1582885080 0.034450292
1582885080 0.047106249
1582885080 0.002183388
1582885080 0.038658082
1582885242 0.607429357
1582885243 0.033939297
1582885243 0.035368722
1582885243 0.053251253
1582885243 0.041490935
1582885243 0.045113077
1582885243 0.042939734
1582885243 0.043654864
1582885243 0.001835641
1582885243 0.003858929
1582885243 0.027667872
1582885243 0.035710315
1582885243 0.002107057
1582885243 0.051917766
1582885243 0.00109855
1582885243 0.040909081
1582885243 0.048635076
1582885244 0.042626284
1582885244 0.001399553
1582885244 0.042563977
1582885244 0.001383948
1582885244 0.003940759
1582885244 0.028617135
1582885244 0.036326052
1582885244 0.049258449
1582885406 0.59024631
1582885406 0.033731073
1582885406 0.044869305
1582885406 0.043798866
1582885406 0.048352679
1582885406 0.044467827
1582885406 0.004984957
1582885406 0.02036583
1582885406 0.049892561
1582885406 0.046927396
1582885407 0.045869079
1582885407 0.042435021
1582885407 0.044979948
1582885407 0.044120131
1582885407 0.006043305
1582885407 0.020101259
1582885407 0.053858433
1582885407 0.001781929
1582885407 0.04680017
1582885407 0.00164954
1582885407 0.04715696
1582885564 0.47913882
1582885564 0.001905683
1582885564 0.119235096
1582885565 0.041764108
1582885565 0.044312143
1582885565 0.001907034
1582885565 0.043291027
1582885565 0.04881678
1582885565 0.035759117
1582885565 0.018589605
1582885565 0.012574596
1582885565 0.05100893
1582885565 0.043865746
1582885565 0.0439185
1582885565 0.044249217
1582885565 0.044413234
1582885565 0.001089628
1582885565 0.035545478
1582885565 0.002316049
1582885565 0.031316885
1582885565 0.002282248
1582885565 0.054110045
1582885565 0.001274881
1582885565 0.039818926
1582885726 0.601831682
1582885727 0.001321162
1582885727 0.005090915
1582885727 0.028953124
1582885727 0.034784924
1582885727 0.051664271
1582885727 0.002498484
1582885727 0.044445226
1582885727 0.040543819
1582885727 0.001363391
1582885727 0.042800099
1582885727 0.042774499
1582885727 0.001544078
1582885727 0.043115153
1582885727 0.002790225
1582885727 0.004305064
1582885727 0.020746274
1582885727 0.05294327
1582885727 0.043783429
1582885727 0.001387601
1582885727 0.041618284
1582885727 0.045285176
1582885727 0.002183723
1582885727 0.040998494
1582885727 0.043689468
1582885727 0.001762188
1582885727 0.006088974
1582885727 0.021096314
1582885727 0.050640234
1582885892 0.590990012
1582885892 0.043851732
1582885892 0.04496925
1582885892 0.001479493
1582885892 0.043891385
1582885892 0.004280838
1582885892 0.019492433
1582885892 0.050568304
1582885892 0.001509288
1582885892 0.041711098
1582885893 0.048721933
1582885893 0.043293853
1582885893 0.04422127
1582885893 0.052292783
1582885893 0.00224103
1582885893 0.016223359
1582885893 0.049070282
1582885893 0.043913691
1582885893 0.001448044
1582885893 0.043149919
1582885893 0.003148642
1582885893 0.067308695
1582886049 0.512683347
1582886050 0.043277457
1582886050 0.043362117
1582886050 0.001715833
1582886050 0.042545425
1582886050 0.044264116
1582886050 0.043891785
1582886050 0.037076504
1582886050 0.001414631
1582886050 0.050099515
1582886050 0.003108055
1582886050 0.014444013
1582886050 0.008756068
1582886050 0.048769404
1582886050 0.045094259
1582886050 0.001407241
1582886050 0.050538439
1582886050 0.033687103
1582886050 0.048928979
1582886050 0.001721502
1582886050 0.046012465
1582886050 0.000735555
1582886050 0.012784007
1582886050 0.012145162
1582886050 0.046843236
1582886050 0.044532884
1582886050 0.044368264
1582886050 0.041706463
1582886050 0.001468677
1582886050 0.048243934
