1575289809 0.651768964
1575289810 0.000234282
1575289810 0.03443704
1575289810 0.00161002
1575289810 0.004105088
1575289810 0.029736881
1575289810 0.044812544
1575289810 0.005694242
1575289810 0.043994482
1575289810 0.031885471
1575289810 0.050967307
1575289810 0.044086137
1575289810 0.043392936
1575289810 0.002511124
1575289810 0.004252537
1575289810 0.031690137
1575289810 0.041425594
1575289810 0.001869863
1575289810 0.031754573
1575289810 0.052039708
1575289810 0.002201667
1575289810 0.041231693
1575289810 0.054548198
1575289811 0.037859387
1575289811 0.002416879
1575289811 0.004615429
1575289811 0.037079044
1575289811 0.034998408
1575289811 0.001777896
1575289811 0.045186925
1575289976 0.602047406
1575289976 0.00141011
1575289976 0.002320949
1575289976 0.027470878
1575289976 0.035556795
1575289976 0.057973738
1575289976 0.033465566
1575289977 0.051080415
1575289977 0.04478521
1575289977 0.012567019
1575289977 0.035644114
1575289977 1.0323e-05
1575289977 0.002840081
1575289977 0.027988461
1575289977 0.044895861
1575289977 0.032094777
1575289977 0.001283481
1575289977 0.052010712
1575289977 0.001605108
1575289977 0.042140166
1575289977 0.04377039
1575289977 0.00186967
1575289977 0.040768359
1575289977 0.043885253
1575289977 0.053207235
1575289977 0.001408193
1575289977 0.015805275
1575289977 0.049421123
1575290143 0.958564354
1575290144 0.001369551
1575290144 0.042964161
1575290144 0.00486186
1575290144 0.039249334
1575290144 0.006166434
1575290144 0.028078134
1575290144 0.041789607
1575290144 0.001643821
1575290144 0.043414559
1575290144 0.035784369
1575290145 0.050359328
1575290145 0.043139018
1575290145 0.044342986
1575290145 0.043863677
1575290145 0.001157705
1575290145 0.043643221
1575290145 0.003704768
1575290145 0.019708827
1575290145 0.049416733
1575290145 0.042146054
1575290145 0.044512804
1575290145 0.001191149
1575290145 0.042860761
1575290145 0.044626163
1575290331 0.575350014
1575290332 0.03427241
1575290332 0.051556417
1575290332 0.04329007
1575290332 0.044038455
1575290332 0.044643457
1575290332 0.04270103
1575290332 0.049215912
1575290332 0.001434486
1575290332 0.001260946
1575290332 0.01872122
1575290332 0.054955101
1575290332 0.001397042
1575290332 0.041592282
1575290332 0.043882639
1575290332 0.043658653
1575290332 0.047076971
1575290332 0.001215722
1575290332 0.041715068
1575290332 0.001132874
1575290332 0.004064987
1575290332 0.020283906
1575290332 0.048830826
1575290332 0.045581316
1575290332 0.042270819
1575290332 0.001448758
1575290332 0.043593537
1575290500 0.508296001
1575290501 0.042912214
1575290501 0.044432016
1575290501 0.043635084
1575290501 0.03733789
1575290501 0.022928678
1575290501 0.013999111
1575290501 0.048765625
1575290501 0.040921361
1575290501 0.001579207
1575290501 0.042682989
1575290501 0.005073611
1575290501 0.040437386
1575290501 0.043792244
1575290501 0.002620165
1575290501 0.032832611
1575290501 0.001674074
1575290501 0.052027478
1575290501 0.004059892
1575290501 0.010095911
1575290501 0.012172179
1575290501 0.047563651
1575290501 0.049960813
1575290501 0.002310439
1575290501 0.040663242
1575290501 0.001507132
1575290501 0.041182862
1575290501 0.039232789
1575290501 0.055047957
1575290676 0.629109039
1575290677 0.002311534
1575290677 0.014722197
1575290677 0.010082298
1575290677 0.049517813
1575290677 0.044068405
1575290677 0.001686162
1575290677 0.044104546
1575290677 0.003786349
1575290677 0.017366776
1575290677 0.052853146
1575290677 0.041927008
1575290677 0.00129159
1575290677 0.044820369
1575290677 0.042286496
1575290677 0.050855632
1575290677 0.004767793
1575290677 0.03695646
1575290677 0.001123796
1575290677 0.004552099
1575290677 0.019183357
1575290677 0.05104559
1575290677 0.04449076
1575290677 0.043994998
1575290677 0.050514216
1575290677 0.040328652
1575290841 0.68114782
1575290842 0.040829271
1575290842 0.001924988
1575290842 0.03647821
1575290842 0.001079471
1575290842 0.048468107
1575290842 0.016494376
1575290842 0.012248245
1575290842 0.051623622
1575290842 0.043769674
1575290842 0.00199386
1575290842 0.037840761
1575290842 0.00130717
1575290842 0.004967092
1575290842 0.020701382
1575290842 0.049415555
1575290842 0.045570124
1575290843 0.001950467
1575290843 0.040283094
1575290843 0.050895884
1575290843 0.041045153
1575290843 0.001764768
1575290843 0.032126385
1575290843 0.051014286
1575290843 0.001473296
1575290843 0.042314844
1575290998 0.608791484
1575290999 0.040441159
1575290999 0.044603224
1575290999 0.052678638
1575290999 0.027465183
1575290999 0.000492774
1575290999 0.051268117
1575290999 0.001635238
1575290999 0.042609111
1575290999 0.001503494
1575290999 0.002886012
1575290999 0.027053797
1575290999 0.042682769
1575290999 0.001330461
1575290999 0.048383184
1575290999 0.04220301
1575290999 0.037210848
1575290999 0.054099771
1575290999 0.040621516
1575290999 0.015143764
1575290999 0.012293222
1575290999 0.049409305
1575290999 0.001246564
1575290999 0.042600052
1575290999 0.044078349
1575290999 0.044892044
1575291161 0.550890811
1575291161 0.045334833
1575291161 0.036714726
1575291161 0.049937052
1575291161 0.001656058
1575291161 0.042458357
1575291162 0.047937654
1575291162 0.001088363
1575291162 0.041783727
1575291162 0.001366049
1575291162 0.003480801
1575291162 0.031351869
1575291162 0.035864207
1575291162 0.037192023
1575291162 0.052102559
1575291162 0.04497741
1575291162 0.041705751
1575291162 0.048539341
1575291162 0.041261861
1575291162 0.006414277
1575291162 0.035998942
1575291162 0.024956103
1575291162 0.050783319
1575291162 0.001803513
1575291162 0.045880888
1575291162 0.040810453
1575291322 0.456950855
1575291323 0.045477799
1575291323 0.035668513
1575291323 0.001508665
1575291323 0.049717697
1575291323 0.001041125
1575291323 0.054148189
1575291323 0.033656449
1575291323 0.04393891
1575291323 0.007924396
1575291323 0.029937722
1575291323 0.030631623
1575291323 0.053586305
1575291323 0.04204015
1575291323 0.043972217
1575291323 0.043097116
1575291323 0.0580282
1575291323 0.03207715
1575291323 0.001340149
1575291323 0.042906447
1575291323 0.001012638
1575291323 0.002721369
1575291323 0.0311992
1575291323 0.038361868
1575291323 0.001792628
1575291323 0.041920032
1575291323 0.045023438
1575291323 0.008631651
1575291323 0.036902299
