1571766628 5
1571766629 5
1571766630 5
1571766631 5
1571766632 5
1571766633 5
1571766634 4
1571766635 4
1571766636 4
1571766637 4
1571766638 4
1571766639 3
1571766640 2
1571766641 2
1571766642 2
1571766643 2
1571766644 2
1571766645 2
1571766646 2
1571766647 2
1571766648 2
1571766649 2
1571766650 2
1571766651 2
1571766652 2
1571766653 2
1571766654 2
1571766655 2
1571766656 2
1571766657 2
1571766658 2
1571766659 2
1571766660 2
1571766661 2
1571766662 3
1571766663 3
1571766664 5
1571766665 4
1571766666 4
1571766667 4
1571766668 4
1571766669 3
1571766670 4
1571766671 3
1571766672 3
1571766673 3
1571766674 3
1571766675 3
1571766676 3
1571766677 3
1571766678 3
1571766679 2
1571766680 3
1571766681 2
1571766682 2
1571766683 2
1571766684 3
1571766685 3
1571766686 3
1571766687 2
1571766688 2
1571766689 3
1571766690 2
1571766691 2
1571766692 2
1571766693 2
1571766694 2
1571766695 2
1571766696 3
1571766697 2
1571766698 2
1571766699 2
1571766700 2
1571766701 3
1571766702 3
1571766703 4
1571766704 4
1571766705 4
1571766706 4
1571766707 2
1571766708 2
1571766709 2
1571766710 2
1571766711 2
1571766712 2
1571766713 2
1571766714 2
1571766715 2
1571766716 2
1571766717 2
1571766718 2
1571766719 3
1571766720 2
1571766721 2
1571766722 2
1571766723 2
1571766724 2
1571766725 3
1571766726 2
1571766727 2
1571766728 2
1571766729 2
1571766730 2
1571766731 2
1571766732 2
1571766733 2
1571766734 2
1571766735 2
1571766736 2
1571766737 2
1571766738 2
1571766739 2
1571766740 2
1571766741 3
1571766742 5
1571766743 4
1571766744 4
1571766745 4
1571766746 3
1571766747 2
1571766748 2
1571766749 2
1571766750 2
1571766751 2
1571766752 2
1571766753 2
1571766754 2
1571766755 2
1571766756 2
1571766757 2
1571766758 2
1571766759 2
1571766760 2
1571766761 3
1571766762 2
1571766763 3
1571766764 2
1571766765 2
1571766766 3
1571766767 3
1571766768 2
1571766769 2
1571766770 2
1571766771 2
1571766772 2
1571766773 2
1571766774 2
1571766775 2
1571766776 2
1571766777 2
1571766778 2
1571766779 2
1571766780 3
1571766781 4
1571766782 4
1571766783 4
1571766784 4
1571766785 3
1571766786 3
1571766787 2
1571766788 2
1571766789 2
1571766790 2
1571766791 2
1571766792 2
1571766793 2
1571766794 2
1571766795 3
1571766796 2
1571766797 2
1571766798 2
1571766799 2
1571766800 2
1571766801 2
1571766802 2
1571766803 2
1571766804 2
1571766805 2
1571766806 2
1571766807 2
1571766808 2
1571766809 2
1571766810 2
1571766811 2
1571766812 3
1571766813 3
1571766814 3
1571766815 2
1571766816 2
1571766817 2
1571766818 3
1571766819 2
1571766820 4
1571766821 4
1571766822 5
1571766823 5
1571767411 5
1571767412 5
1571767413 5
1571767414 5
1571767415 5
1571767416 6
1571767417 4
1571767418 4
1571767419 4
1571767420 4
1571767421 4
1571767422 2
1571767423 2
1571767424 2
1571767425 2
1571767426 2
1571767427 2
1571767428 2
1571767429 2
1571767430 2
1571767431 2
1571767432 2
1571767433 2
1571767434 2
1571767435 2
1571767436 2
1571767437 2
1571767438 2
1571767439 2
1571767440 2
1571767441 2
1571767442 2
1571767443 2
1571767444 2
1571767445 3
1571767446 3
1571767447 4
1571767448 5
1571767449 4
1571767450 4
1571767451 4
1571767452 3
1571767453 3
1571767454 3
1571767455 3
1571767456 3
1571767457 3
1571767458 3
1571767459 3
1571767460 3
1571767461 2
1571767462 2
1571767463 2
1571767464 2
1571767465 2
1571767466 2
1571767467 2
1571767468 3
1571767469 3
1571767470 2
1571767471 2
1571767472 2
1571767473 2
1571767474 2
1571767475 2
1571767476 2
1571767477 2
1571767478 2
1571767479 2
1571767480 2
1571767481 2
1571767482 2
1571767483 2
1571767484 2
1571767485 3
1571767486 5
1571767487 4
1571767488 4
1571767489 4
1571767490 3
1571767491 2
1571767492 2
1571767493 2
1571767494 2
1571767495 2
1571767496 2
1571767497 2
1571767498 2
1571767499 2
1571767500 2
1571767501 2
1571767502 3
1571767503 2
1571767504 2
1571767505 2
1571767506 2
1571767507 2
1571767508 2
1571767509 2
1571767510 2
1571767511 2
1571767512 2
1571767513 2
1571767514 2
1571767515 2
1571767516 2
1571767517 2
1571767518 2
1571767519 2
1571767520 2
1571767521 2
1571767522 2
1571767523 2
1571767524 2
1571767525 3
1571767526 5
1571767527 4
1571767528 4
1571767529 4
1571767530 3
1571767531 2
1571767532 2
1571767533 2
1571767534 2
1571767535 2
1571767536 2
1571767537 2
1571767538 2
1571767539 2
1571767540 2
1571767541 2
1571767542 2
1571767543 2
1571767544 3
1571767545 2
1571767546 3
1571767547 2
1571767548 2
1571767549 3
1571767550 3
1571767551 2
1571767552 2
1571767553 2
1571767554 2
1571767555 2
1571767556 2
1571767557 2
1571767558 2
1571767559 2
1571767560 2
1571767561 2
1571767562 3
1571767563 3
1571767564 4
1571767565 5
1571767566 5
1571767567 5
1571767568 5
1571767569 5
1571767570 3
1571767571 3
1571767572 2
1571767573 2
1571767574 2
1571767575 2
1571767576 2
1571767577 2
1571767578 2
1571767579 2
1571767580 2
1571767581 3
1571767582 2
1571767583 2
1571767584 2
1571767585 3
1571767586 3
1571767587 3
1571767588 2
1571767589 2
1571767590 2
1571767591 2
1571767592 2
1571767593 2
1571767594 3
1571767595 3
1571767596 3
1571767597 3
1571767598 3
1571767599 4
1571767600 3
1571767601 5
1571767602 5
1571767603 4
1571767604 4
