1582898878 3
1582898879 4
1582898880 4
1582898881 4
1582898882 4
1582898883 4
1582898884 4
1582898885 3
1582898886 3
1582898887 3
1582898888 3
1582898889 3
1582898890 3
1582898891 3
1582898892 3
1582898893 2
1582898894 2
1582898895 3
1582898896 1
1582898897 2
1582898898 2
1582898899 2
1582898900 2
1582898901 2
1582898902 2
1582898903 2
1582898904 2
1582898905 2
1582898906 2
1582898907 2
1582898908 2
1582898909 2
1582898910 2
1582898911 3
1582898912 3
1582898913 4
1582898914 4
1582898915 4
1582898916 4
1582898917 3
1582898918 4
1582898919 3
1582898920 3
1582898921 3
1582898922 3
1582898923 2
1582898924 2
1582898925 2
1582898926 2
1582898927 3
1582898928 3
1582898929 3
1582898930 2
1582898931 2
1582898932 4
1582898933 3
1582898934 3
1582898935 2
1582898936 3
1582898937 2
1582898938 2
1582898939 2
1582898940 2
1582898941 4
1582898942 4
1582898943 4
1582898944 2
1582898945 2
1582898946 2
1582898947 2
1582898948 2
1582898949 2
1582898950 2
1582898951 2
1582898952 2
1582898953 2
1582898954 3
1582898955 2
1582898956 2
1582898957 2
1582898958 3
1582898959 2
1582898960 2
1582898961 2
1582898962 2
1582898963 2
1582898964 2
1582898965 2
1582898966 2
1582898967 2
1582898968 2
1582898969 2
1582898970 2
1582898971 4
1582898972 4
1582898973 4
1582898974 4
1582898975 2
1582898976 2
1582898977 2
1582898978 2
1582898979 2
1582898980 2
1582898981 2
1582898982 2
1582898983 2
1582898984 2
1582898985 3
1582898986 2
1582898987 2
1582898988 2
1582898989 2
1582898990 2
1582898991 2
1582898992 2
1582898993 2
1582898994 3
1582898995 2
1582898996 2
1582898997 2
1582898998 2
1582898999 2
1582899000 4
1582899001 4
1582899002 4
1582899003 3
1582899004 3
1582899005 3
1582899006 2
1582899007 2
1582899008 2
1582899009 2
1582899010 2
1582899011 4
1582899012 3
1582899013 2
1582899014 3
1582899015 4
1582899016 4
1582899017 3
1582899018 2
1582899019 2
1582899020 2
1582899021 2
1582899022 3
1582899023 3
1582899024 3
1582899025 3
1582899026 4
1582899027 4
1582899028 3
1582899443 4
1582899444 5
1582899445 5
1582899446 5
1582899447 5
1582899448 5
1582899449 5
1582899450 4
1582899451 4
1582899452 4
1582899453 4
1582899454 4
1582899455 4
1582899456 2
1582899457 2
1582899458 2
1582899459 2
1582899460 2
1582899461 2
1582899462 2
1582899463 2
1582899464 2
1582899465 2
1582899466 2
1582899467 2
1582899468 2
1582899469 2
1582899470 2
1582899471 2
1582899472 2
1582899473 3
1582899474 3
1582899475 5
1582899476 4
1582899477 4
1582899478 4
1582899479 3
1582899480 3
1582899481 3
1582899482 3
1582899483 3
1582899484 2
1582899485 2
1582899486 2
1582899487 2
1582899488 2
1582899489 2
1582899490 3
1582899491 3
1582899492 3
1582899493 2
1582899494 2
1582899495 2
1582899496 2
1582899497 2
1582899498 2
1582899499 2
1582899500 2
1582899501 2
1582899502 2
1582899503 5
1582899504 4
1582899505 4
1582899506 4
1582899507 4
1582899508 2
1582899509 2
1582899510 2
1582899511 2
1582899512 2
1582899513 2
1582899514 2
1582899515 2
1582899516 2
1582899517 3
1582899518 2
1582899519 2
1582899520 2
1582899521 2
1582899522 3
1582899523 3
1582899524 2
1582899525 3
1582899526 2
1582899527 2
1582899528 2
1582899529 2
1582899530 2
1582899531 2
1582899532 2
1582899533 2
1582899534 4
1582899535 4
1582899536 4
1582899537 4
1582899538 2
1582899539 2
1582899540 2
1582899541 2
1582899542 2
1582899543 2
1582899544 2
1582899545 2
1582899546 2
1582899547 2
1582899548 3
1582899549 2
1582899550 3
1582899551 2
1582899552 3
1582899553 2
1582899554 2
1582899555 2
1582899556 2
1582899557 2
1582899558 2
1582899559 3
1582899560 3
1582899561 3
1582899562 2
1582899563 4
1582899564 4
1582899565 4
1582899566 4
1582899567 2
1582899568 2
1582899569 2
1582899570 2
1582899571 2
1582899572 2
1582899573 3
1582899574 2
1582899575 3
1582899576 2
1582899577 2
1582899578 2
1582899579 3
1582899580 2
1582899581 2
1582899582 2
1582899583 2
1582899584 2
1582899585 3
1582899586 3
1582899587 3
1582899588 3
1582899589 4
1582899590 3
1582899591 3
1582900012 4
1582900013 4
1582900014 5
1582900015 5
1582900016 5
1582900017 5
1582900018 5
1582900019 4
1582900020 4
1582900021 4
1582900022 4
1582900023 4
1582900024 4
1582900025 3
1582900026 3
1582900027 2
1582900028 2
1582900029 2
1582900030 2
1582900031 2
1582900032 2
1582900033 2
1582900034 2
1582900035 2
1582900036 2
1582900037 2
1582900038 2
1582900039 2
1582900040 2
1582900041 2
1582900042 3
1582900043 3
1582900044 5
1582900045 4
1582900046 4
1582900047 4
1582900048 4
1582900049 3
1582900050 3
1582900051 3
1582900052 3
1582900053 3
1582900054 2
1582900055 2
1582900056 2
1582900057 2
1582900058 2
1582900059 3
1582900060 3
1582900061 2
1582900062 2
1582900063 3
1582900064 2
1582900065 2
1582900066 2
1582900067 2
1582900068 2
1582900069 2
1582900070 2
1582900071 2
1582900072 4
1582900073 4
1582900074 4
1582900075 2
1582900076 2
1582900077 2
1582900078 2
1582900079 2
1582900080 2
1582900081 2
1582900082 2
1582900083 2
1582900084 2
1582900085 3
1582900086 2
1582900087 2
1582900088 2
1582900089 3
1582900090 2
1582900091 2
1582900092 2
1582900093 2
1582900094 2
1582900095 2
1582900096 2
1582900097 2
1582900098 2
1582900099 2
1582900100 3
1582900101 3
1582900102 4
1582900103 4
1582900104 4
1582900105 3
1582900106 2
1582900107 2
1582900108 2
1582900109 2
1582900110 2
1582900111 2
1582900112 2
1582900113 2
1582900114 2
1582900115 3
1582900116 2
1582900117 3
1582900118 2
1582900119 2
1582900120 3
1582900121 2
1582900122 2
1582900123 2
1582900124 2
1582900125 2
1582900126 2
1582900127 2
1582900128 2
1582900129 2
1582900130 5
1582900131 4
1582900132 4
1582900133 3
1582900134 2
1582900135 2
1582900136 2
1582900137 2
1582900138 2
1582900139 3
1582900140 3
1582900141 3
1582900142 3
1582900143 2
1582900144 2
1582900145 3
1582900146 2
1582900147 2
1582900148 2
1582900149 2
1582900150 2
1582900151 2
1582900152 3
1582900153 3
1582900154 3
1582900155 3
1582900156 4
1582900157 2
1582900158 3
1582900572 4
1582900573 4
1582900574 4
1582900575 5
1582900576 5
1582900577 5
1582900578 5
1582900579 5
1582900580 5
1582900581 5
1582900582 5
1582900583 4
1582900584 2
1582900585 2
1582900586 2
1582900587 2
1582900588 2
1582900589 2
1582900590 2
1582900591 2
1582900592 2
1582900593 2
1582900594 2
1582900595 2
1582900596 2
1582900597 2
1582900598 2
1582900599 2
1582900600 2
1582900601 3
1582900602 3
1582900603 5
1582900604 4
1582900605 4
1582900606 2
1582900607 3
1582900608 3
1582900609 3
1582900610 3
1582900611 3
1582900612 2
1582900613 2
1582900614 2
1582900615 2
1582900616 2
1582900617 2
1582900618 3
1582900619 3
1582900620 2
1582900621 3
1582900622 2
1582900623 2
1582900624 2
1582900625 2
1582900626 2
1582900627 2
1582900628 2
1582900629 2
1582900630 3
1582900631 4
1582900632 4
1582900633 4
1582900634 4
1582900635 2
1582900636 2
1582900637 2
1582900638 2
1582900639 2
1582900640 2
1582900641 2
1582900642 2
1582900643 2
1582900644 2
1582900645 3
1582900646 2
1582900647 2
1582900648 2
1582900649 2
1582900650 3
1582900651 2
1582900652 2
1582900653 2
1582900654 2
1582900655 2
1582900656 2
1582900657 2
1582900658 2
1582900659 2
1582900660 3
1582900661 3
1582900662 4
1582900663 4
1582900664 4
1582900665 2
1582900666 2
1582900667 2
1582900668 2
1582900669 2
1582900670 2
1582900671 2
1582900672 2
1582900673 2
1582900674 2
1582900675 3
1582900676 2
1582900677 2
1582900678 2
1582900679 3
1582900680 2
1582900681 2
1582900682 2
1582900683 2
1582900684 2
1582900685 2
1582900686 2
1582900687 2
1582900688 2
1582900689 2
1582900690 4
1582900691 4
1582900692 4
1582900693 4
1582900694 2
1582900695 2
1582900696 2
1582900697 2
1582900698 2
1582900699 2
1582900700 2
1582900701 2
1582900702 3
1582900703 2
1582900704 3
1582900705 3
1582900706 4
1582900707 3
1582900708 2
1582900709 2
1582900710 2
1582900711 2
1582900712 3
1582900713 3
1582900714 3
1582900715 4
1582900716 4
1582900717 3
1582900718 3
1582902232 4
1582902233 5
1582902234 5
1582902235 5
1582902236 5
1582902237 5
1582902238 5
1582902239 5
1582902240 5
1582902241 5
1582902242 5
1582902243 5
1582902244 5
1582902245 5
1582902246 5
1582902247 5
1582902248 5
1582902249 5
1582902250 5
1582902251 5
1582902252 5
1582902253 5
1582902254 5
1582902255 5
1582902256 5
1582902257 5
1582902258 5
1582902259 5
1582902260 5
1582902261 5
1582902262 5
1582902263 5
1582902264 5
1582902265 5
1582902266 5
1582902267 5
1582902268 5
1582902269 5
1582902270 5
1582902271 5
1582902272 5
1582902273 5
1582902274 5
1582902275 5
1582902276 5
1582902277 5
1582902278 5
1582902279 5
1582902280 5
1582902281 5
1582902282 5
1582902283 5
1582902284 5
1582902285 5
1582902286 5
1582902287 5
1582902288 5
1582902289 5
1582902290 5
1582902291 5
1582902292 5
1582902293 5
1582902294 5
1582902295 5
1582902296 5
1582902297 5
1582902298 5
1582902299 5
1582902300 5
1582902301 5
1582902302 5
1582902303 5
1582902304 5
1582902305 5
1582902306 5
1582902307 5
1582902308 5
1582902309 5
1582902310 5
1582902311 5
1582902312 5
1582902313 5
1582902314 5
1582902315 5
1582902316 5
1582902317 5
1582902318 5
1582902319 5
1582902320 5
1582902321 5
1582902322 5
1582902323 5
1582902324 5
1582902325 5
1582902326 6
1582902327 5
1582902328 4
1582902329 2
1582902330 2
1582902331 2
1582902332 2
1582902333 3
1582902334 2
1582902335 2
1582902336 2
1582902337 2
1582902338 2
1582902339 2
1582902340 2
1582902341 2
1582902342 2
1582902343 2
1582902344 2
1582902345 2
1582902346 3
1582902347 3
1582902348 5
1582902349 4
1582902350 4
1582902351 3
1582902352 3
1582902353 3
1582902354 3
1582902355 3
1582902356 3
1582902357 2
1582902358 2
1582902359 2
1582902360 2
1582902361 2
1582902362 3
1582902363 3
1582902364 3
1582902365 2
1582902366 3
1582902367 2
1582902368 2
1582902369 2
1582902370 2
1582902371 2
1582902372 2
1582902373 2
1582902374 2
1582902375 3
1582902376 4
1582902377 4
1582902378 4
1582902379 3
1582902380 2
1582902381 2
1582902382 2
1582902383 2
1582902384 2
1582902385 2
1582902386 2
1582902387 2
1582902388 2
1582902389 3
1582902390 2
1582902391 2
1582902392 2
1582902393 2
1582902394 2
1582902395 2
1582902396 2
1582902397 2
1582902398 2
1582902399 2
1582902400 2
1582902401 2
1582902402 2
1582902403 2
1582902404 3
1582902405 3
1582902406 4
1582902407 4
1582902408 4
1582902409 2
1582902410 2
1582902411 2
1582902412 2
1582902413 2
1582902414 2
1582902415 2
1582902416 2
1582902417 2
1582902418 2
1582902419 2
1582902420 2
1582902421 3
1582902422 2
1582902423 2
1582902424 3
1582902425 2
1582902426 2
1582902427 2
1582902428 2
1582902429 2
1582902430 2
1582902431 2
1582902432 2
1582902433 2
1582902434 5
1582902435 4
1582902436 4
1582902437 4
1582902438 3
1582902439 2
1582902440 2
1582902441 2
1582902442 2
1582902443 2
1582902444 3
1582902445 2
1582902446 3
1582902447 2
1582902448 2
1582902449 2
1582902450 3
1582902451 2
1582902452 2
1582902453 2
1582902454 2
1582902455 2
1582902456 3
1582902457 3
1582902458 3
1582902459 3
1582902460 4
1582902461 2
1582902462 3
1582902463 4
1582902878 4
1582902879 5
1582902880 5
1582902881 5
1582902882 5
1582902883 5
1582902884 5
1582902885 5
1582902886 5
1582902887 5
1582902888 4
1582902889 4
1582902890 2
1582902891 2
1582902892 2
1582902893 2
1582902894 2
1582902895 2
1582902896 2
1582902897 2
1582902898 2
1582902899 2
1582902900 2
1582902901 2
1582902902 2
1582902903 2
1582902904 2
1582902905 2
1582902906 3
1582902907 3
1582902908 5
1582902909 4
1582902910 4
1582902911 4
1582902912 4
1582902913 4
1582902914 3
1582902915 3
1582902916 3
1582902917 3
1582902918 2
1582902919 2
1582902920 2
1582902921 2
1582902922 3
1582902923 3
1582902924 3
1582902925 2
1582902926 3
1582902927 2
1582902928 2
1582902929 2
1582902930 2
1582902931 2
1582902932 2
1582902933 2
1582902934 2
1582902935 2
1582902936 4
1582902937 4
1582902938 4
1582902939 3
1582902940 2
1582902941 2
1582902942 2
1582902943 2
1582902944 2
1582902945 2
1582902946 2
1582902947 2
1582902948 2
1582902949 4
1582902950 2
1582902951 2
1582902952 2
1582902953 3
1582902954 2
1582902955 2
1582902956 2
1582902957 2
1582902958 2
1582902959 2
1582902960 2
1582902961 2
1582902962 2
1582902963 2
1582902964 2
1582902965 3
1582902966 4
1582902967 4
1582902968 4
1582902969 3
1582902970 2
1582902971 2
1582902972 2
1582902973 2
1582902974 2
1582902975 2
1582902976 2
1582902977 2
1582902978 2
1582902979 2
1582902980 2
1582902981 3
1582902982 2
1582902983 2
1582902984 2
1582902985 2
1582902986 2
1582902987 2
1582902988 2
1582902989 2
1582902990 2
1582902991 2
1582902992 2
1582902993 2
1582902994 5
1582902995 4
1582902996 4
1582902997 3
1582902998 2
1582902999 2
1582903000 2
1582903001 2
1582903002 2
1582903003 3
1582903004 2
1582903005 2
1582903006 3
1582903007 2
1582903008 2
1582903009 3
1582903010 3
1582903011 2
1582903012 2
1582903013 2
1582903014 2
1582903015 2
1582903016 3
1582903017 3
1582903018 3
1582903019 3
1582903020 4
1582903021 4
1582903022 4
1582903482 4
1582903483 4
1582903484 5
1582903485 5
1582903486 5
1582903487 5
1582903488 5
1582903489 4
1582903490 4
1582903491 4
1582903492 4
1582903493 3
1582903494 3
1582903495 2
1582903496 2
1582903497 2
1582903498 2
1582903499 2
1582903500 2
1582903501 2
1582903502 2
1582903503 2
1582903504 2
1582903505 2
1582903506 2
1582903507 2
1582903508 2
1582903509 2
1582903510 3
1582903511 3
1582903512 4
1582903513 4
1582903514 4
1582903515 4
1582903516 3
1582903517 3
1582903518 3
1582903519 3
1582903520 3
1582903521 3
1582903522 2
1582903523 2
1582903524 2
1582903525 2
1582903526 2
1582903527 3
1582903528 3
1582903529 3
1582903530 2
1582903531 3
1582903532 3
1582903533 2
1582903534 2
1582903535 2
1582903536 2
1582903537 2
1582903538 2
1582903539 2
1582903540 3
1582903541 4
1582903542 4
1582903543 3
1582903544 3
1582903545 2
1582903546 2
1582903547 2
1582903548 3
1582903549 2
1582903550 2
1582903551 2
1582903552 2
1582903553 2
1582903554 3
1582903555 2
1582903556 2
1582903557 2
1582903558 2
1582903559 2
1582903560 2
1582903561 2
1582903562 2
1582903563 2
1582903564 2
1582903565 2
1582903566 2
1582903567 2
1582903568 2
1582903569 2
1582903570 2
1582903571 4
1582903572 4
1582903573 4
1582903574 3
1582903575 2
1582903576 2
1582903577 2
1582903578 2
1582903579 2
1582903580 2
1582903581 2
1582903582 2
1582903583 2
1582903584 2
1582903585 2
1582903586 3
1582903587 2
1582903588 2
1582903589 3
1582903590 2
1582903591 2
1582903592 2
1582903593 2
1582903594 2
1582903595 2
1582903596 2
1582903597 2
1582903598 2
1582903599 4
1582903600 4
1582903601 4
1582903602 3
1582903603 2
1582903604 2
1582903605 2
1582903606 2
1582903607 2
1582903608 3
1582903609 2
1582903610 2
1582903611 3
1582903612 2
1582903613 2
1582903614 3
1582903615 2
1582903616 2
1582903617 2
1582903618 2
1582903619 2
1582903620 2
1582903621 3
1582903622 3
1582903623 3
1582903624 3
1582903625 4
1582903626 2
1582903627 3
