1569854593 3
1569854594 2
1569854595 2
1569854596 3
1569854597 3
1569854598 3
1569854599 2
1569854600 2
1569854601 4
1569854602 2
1569854603 2
1569854604 2
1569854605 2
1569854606 3
1569854607 2
1569854608 2
1569854609 3
1569854610 3
1569854611 2
1569854612 3
1569854613 3
1569854614 4
1569854615 3
1569854616 3
1569854617 2
1569854618 3
1569854619 3
1569854620 3
1569854621 4
1569854622 2
1569854623 2
1569854624 2
1569854625 3
1569854626 3
1569854627 2
1569854628 2
1569854629 2
1569854630 2
1569854631 2
1569854632 2
1569854633 2
1569854634 2
1569854635 2
1569854636 2
1569854637 2
1569854638 2
1569854639 2
1569854640 2
1569854641 2
1569854642 2
1569854643 3
1569854644 3
1569854645 3
1569854646 5
1569854647 4
1569854648 4
1569854649 4
1569854650 4
1569854651 4
1569854652 3
1569854653 3
1569854654 4
1569854655 3
1569854656 3
1569854657 3
1569854658 3
1569854659 2
1569854660 2
1569854661 2
1569854662 2
1569854663 2
1569854664 2
1569854665 3
1569854666 3
1569854667 3
1569854668 2
1569854669 2
1569854670 2
1569854671 3
1569854672 3
1569854673 2
1569854674 2
1569854675 2
1569854676 2
1569854677 2
1569854678 2
1569854679 2
1569854680 2
1569854681 2
1569854682 2
1569854683 2
1569854684 5
1569854685 4
1569854686 4
1569854687 4
1569854688 3
1569854689 3
1569854690 2
1569854691 2
1569854692 2
1569854693 2
1569854694 2
1569854695 2
1569854696 2
1569854697 2
1569854698 2
1569854699 2
1569854700 4
1569854701 2
1569854702 2
1569854703 2
1569854704 2
1569854705 2
1569854706 3
1569854707 3
1569854708 2
1569854709 2
1569854710 2
1569854711 2
1569854712 2
1569854713 2
1569854714 2
1569854715 2
1569854716 2
1569854717 2
1569854718 2
1569854719 2
1569854720 2
1569854721 2
1569854722 2
1569854723 3
1569854724 4
1569854725 4
1569854726 4
1569854727 3
1569854728 3
1569854729 2
1569854730 2
1569854731 2
1569854732 2
1569854733 2
1569854734 2
1569854735 2
1569854736 2
1569854737 2
1569854738 2
1569854739 2
1569854740 2
1569854741 2
1569854742 2
1569854743 2
1569854744 2
1569854745 3
1569854746 2
1569854747 2
1569854748 2
1569854749 2
1569854750 2
1569854751 2
1569854752 2
1569854753 2
1569854754 2
1569854755 2
1569854756 2
1569854757 2
1569854758 2
1569854759 2
1569854760 2
1569854761 2
1569854762 2
1569854763 5
1569854764 4
1569854765 4
1569854766 4
1569854767 3
1569854768 2
1569854769 2
1569854770 2
1569854771 2
1569854772 2
1569854773 3
1569854774 2
1569854775 2
1569854776 2
1569854777 2
1569854778 3
1569854779 3
1569854780 3
1569854781 2
1569854782 3
1569854783 3
1569854784 3
1569854785 3
1569854786 2
1569854787 2
1569854788 2
1569854789 2
1569854790 2
1569854791 2
1569854792 2
1569854793 2
1569854794 3
1569854795 3
1569854796 3
1569854797 3
1569854798 3
1569854799 4
1569854800 4
1569854801 2
1569854802 4
1569854803 4
