1582635119 2
1582635120 2
1582635121 2
1582635122 2
1582635404 2
1582635405 2
1582635406 2
1582635407 2
1582635688 2
1582635689 2
1582635690 2
1582635972 2
1582635973 2
1582635974 2
1582635975 2
1582636259 2
1582636260 2
1582636261 2
1582636262 2
1582636545 2
1582636546 2
1582636547 2
1582636548 2
1582636838 2
1582636839 2
1582636840 2
1582636841 2
1582637137 1
1582637138 2
1582637139 2
1582637140 2
1582637141 1
1582637431 2
1582637432 2
1582637433 2
1582637434 2
1582637435 2
1582637727 2
1582637728 2
1582637729 2
1582637730 2
1582638294 2
1582638295 2
1582638296 2
1582638297 2
1582638855 2
1582638856 2
1582638857 2
1582638858 2
1582640522 2
1582640523 2
1582640524 2
1582640525 2
1582641109 2
1582641110 2
1582641111 2
1582641112 2
1582641669 2
1582641670 2
1582641671 2
1582641672 2
1582642242 2
1582642243 2
1582642244 2
1582642245 2
1582642809 2
1582642810 2
1582642811 2
1582642812 2
1582643383 2
1582643384 2
1582643385 2
1582643386 2
1582643979 2
1582643980 2
1582643981 2
1582643982 2
1582643983 2
1582644648 2
1582644649 2
1582644650 2
1582644651 2
