1571751995 5.327531702
1571752189 5.73777847
1571752389 6.108225084
1571752594 5.702665425
1571752789 5.583985776
1571752985 5.835804149
1571753182 5.571492945
1571753379 5.551687388
1571753577 5.527712026
1571753772 6.511411375
1571754081 5.787417952
1571754478 6.101048963
1571754871 5.805833197
1571755274 5.660285558
1571755838 5.751329967
1571756507 5.524970654
1571756919 5.774894063
1571757367 5.727416032
1571757757 5.441640296
1571758156 5.668923457
1571758546 5.498173143
1571760132 5.715480104
1571760327 5.240059701
1571760531 5.788937243
1571760727 5.414814581
1571760926 8.662039183
1571761137 5.397407442
1571761336 5.556820846
1571761532 5.810240392
1571761727 5.639925215
1571762161 5.680365472
1571762950 5.609794545
1571763338 5.679993677
1571763730 5.449676091
1571764137 6.653595877
1571764547 6.000363823
1571764939 5.716111115
1571765327 5.37666886
1571765719 5.685376725
1571766296 5.646479727
1571767078 5.745210776
