1575386011 2
1575386012 1
1575386013 1
1575386014 1
1575386325 2
1575386326 2
1575386327 1
1575386328 1
1575386635 3
1575386636 3
1575386637 2
1575386638 1
1575387040 1
1575387041 2
1575387042 2
1575387043 1
1575387347 3
1575387348 2
1575387349 1
1575387350 1
1575387351 1
1575387966 2
1575387967 2
1575387968 2
1575387969 3
1575387970 3
1575388274 2
1575388275 2
1575388276 3
1575388277 2
1575388278 1
1575388584 3
1575388585 3
1575388586 2
1575388587 2
1575388886 3
1575388887 4
1575388888 2
1575388889 2
