1574710784 0 
1574710785 0 
1574710786 0 
1569854420 0 
1569854421 0 
1569854422 0 
1569854423 0 
1569855833 0 
1569855834 0 
1569855835 0 
1569855836 0 
1571330123 0 
1571330124 0 
1571330125 0 
1571330126 0 
1571766478 0 
1571766479 0 
1571766480 0 
1571766481 0 
1571767261 0 
1571767262 0 
1571767263 0 
1571767264 0 
1572537389 0 
1572537390 0 
1572537391 0 
1572538047 0 
1572538048 0 
1572538049 1 
1572538706 0 
1572538707 0 
1572538708 0 
1572538709 1 
1572539359 0 
1572539360 0 
1572539361 0 
1572540006 0 
1572540007 0 
1572540008 0 
1572540912 0 
1572540913 0 
1572540914 0 
1572541566 0 
1572541567 0 
1572541568 0 
1572542214 0 
1572542215 0 
1572542216 0 
1572542861 0 
1572542862 0 
1572542863 0 
1572543526 0 
1572543527 0 
1572543528 0 
1572543529 1 