1579190993 2
1579190994 2
1579190995 2
1579190996 2
1579191606 2
1579191607 2
1579191608 3
1579191609 2
1579191610 2
1579192171 2
1579192172 2
1579192173 2
1579192174 2
1579192175 2
1579192752 2
1579192753 2
1579192754 2
1579192755 2
1579193316 2
1579193317 2
1579193318 2
1579193319 2
1579193907 2
1579193908 2
1579193909 2
1579193910 2
1579193911 2
1579194474 3
1579194475 3
1579194476 3
1579194477 3
1579194478 3
1579195040 4
1579195041 3
1579195042 3
1579195043 4
1579195044 3
1579195631 2
1579195632 2
1579195633 2
1579195634 2
1579195635 2
1579196194 2
1579196195 2
1579196196 2
1579196197 2
1579196198 2
