1582033981 2
1582033982 2
1582033983 2
1582033984 2
1582033985 2
1582035600 2
1582035601 2
1582035602 3
1582035603 2
1582036206 3
1582036207 2
1582036208 2
1582036209 2
1582036210 2
1582036211 2
1582036810 3
1582036811 3
1582036812 3
1582036813 2
1582036814 2
1582036815 2
1582037415 4
1582037416 3
1582037417 3
1582037418 2
1582037419 2
1582038011 3
1582038012 3
1582038013 2
1582038014 2
1582038015 2
1582038016 2
1582038608 2
1582038609 2
1582038610 2
1582038611 2
1582038612 2
1582041503 2
1582041504 2
1582041505 2
1582041506 2
1582041507 2
1582042111 3
1582042112 2
1582042113 2
1582042114 2
1582042115 2
1582043701 3
1582043702 2
1582043703 2
1582043704 3
1582043705 2
1582043706 2
1582044313 3
1582044314 2
1582044315 2
1582044316 2
1582044317 2
1582044318 2
