1579186543 5
1579186544 5
1579186891 4
1579186892 5
1579187901 5
1579187902 4
1579188234 4
1579188683 5
1579188684 6
1579188685 6
1579189213 5
1579189214 4
1579189215 4
1579189551 4
1579189552 4
1579189876 4
1579189877 4
1579190215 4
1579190216 4
1579190217 5
1579190218 3
1579190219 3
1579190220 3
1579190221 3
1579190222 2
1579190223 2
1579190224 2
1579190225 3
1579190226 3
1579190227 3
1579190228 4
1579190229 4
1579190230 4
1579190231 4
1579190232 3
1579190233 3
1579190234 3
1579190235 2
1579190236 2
1579190237 3
1579190238 2
1579190239 2
1579190240 2
1579190241 2
1579190242 2
1579190243 2
1579190244 2
1579190245 2
1579190246 2
1579190247 2
1579190248 2
1579190249 2
1579190250 2
1579190251 2
1579190252 2
1579190253 2
1579190254 2
1579190255 2
1579190256 2
1579190257 3
1579190258 2
1579190259 2
1579190260 2
1579190261 2
1579190262 2
1579190263 2
1579190264 2
1579190265 2
1579190266 3
1579190267 4
1579190268 4
1579190269 4
1579190270 4
1579190271 4
1579190272 4
1579190273 4
1579190274 4
1579190275 4
1579190276 4
1579190277 4
1579190278 4
1579190279 3
1579190280 3
1579190281 3
1579190282 4
1579190283 4
1579190284 4
1579190285 4
1579190286 4
1579190287 3
1579190288 2
1579190289 2
1579190290 2
1579190291 2
1579190292 2
1579190293 2
1579190294 2
1579190295 2
1579190296 2
1579190297 2
1579190298 2
1579190299 2
1579190300 2
1579190301 2
1579190302 2
1579190303 2
1579190304 2
1579190305 2
1579190306 2
1579190307 2
1579190308 2
1579190309 2
1579190310 2
1579190311 2
1579190312 2
1579190313 2
1579190314 2
1579190315 2
1579190316 2
1579190317 2
1579190318 2
1579190319 2
1579190320 2
1579190321 2
1579190322 2
1579190323 2
1579190324 2
1579190325 2
1579190326 2
1579190327 2
1579190328 2
1579190329 2
1579190330 2
1579190331 2
1579190332 2
1579190333 2
1579190334 2
1579190335 2
1579190336 2
1579190337 3
1579190338 3
1579190339 3
1579190340 3
1579190341 3
1579190342 3
1579190343 3
1579190344 3
1579190345 3
1579190346 3
1579190347 2
1579190348 2
1579190349 2
1579190350 2
1579190351 3
1579190352 3
1579190353 3
1579190354 3
1579190355 4
1579190356 4
1579190357 3
1579190358 2
1579190359 2
1579190360 4
1579190361 4
1579190362 3
1579190363 3
1579190364 3
1579190365 3
1579190366 1
1579190367 1
1579190368 1
1579190370 1
1579190371 1
1579190372 1
1579190373 1
1579190374 1
1579190375 1
1579190376 1
1579190377 1
1579190378 1
1579190379 2
1579190380 2
1579190381 2
1579190382 3
1579190383 3
1579190384 2
1579190385 2
1579190386 1
1579190387 1
1579190388 2
1579190389 2
1579190390 3
1579190391 4
1579190392 3
1579190393 3
1579190394 3
1579190395 3
1579190396 2
1579190397 2
1579190398 3
1579190399 3
1579190400 4
1579190401 5
1579190402 4
1579190403 4
1579190404 4
1579190405 4
1579190406 4
1579190407 5
1579190408 5
1579190409 5
1579190410 3
1579190411 3
1579190412 3
1579190413 3
1579190414 2
1579190415 2
1579190416 2
1579190417 2
1579190418 2
1579190419 2
1579190420 3
1579190421 2
1579190422 2
1579190423 2
1579190424 2
1579190425 3
1579190426 2
1579190427 2
1579190428 2
1579190429 2
1579190430 2
1579190431 2
1579190432 4
1579190433 3
1579190434 3
1579190435 4
1579190436 4
1579190437 4
1579190438 3
1579190439 3
1579190440 3
1579190441 4
1579190442 3
1579190443 4
1579190444 4
1579190445 4
1579190446 4
1579190447 4
1579190448 3
1579190449 6
1579190450 5
1579190451 5
1579190452 6
1579190453 5
1579190454 5
1579190455 4
1579190456 4
1579190457 5
1579190458 3
1579190459 4
1579190460 4
1579190461 3
1579190462 3
1579190463 3
1579190464 3
1579190465 3
1579190466 4
1579190467 3
1579190468 3
1579190469 3
1579190470 3
1579190471 2
1579190472 3
1579190473 3
1579190474 4
1579190475 4
1579190476 4
1579190477 4
1579190478 2
1579190479 1
1579190480 1
1579190481 2
1579190482 2
1579190483 2
1579190484 2
1579190485 3
1579190486 2
1579190487 2
1579190488 2
1579190489 2
1579190490 3
1579190491 3
1579190492 2
1579190493 2
1579190494 2
1579190495 2
1579190496 2
1579190497 4
1579190498 4
1579190499 4
1579190500 4
1579190501 4
1579190502 3
1579190503 3
1579190504 4
1579190505 3
1579190506 3
1579190507 5
1579190508 4
1579190509 4
1579190510 4
1579190511 7
1579190512 6
1579190513 4
1579190514 4
1579190515 5
1579190516 4
1579190517 4
1579190518 3
1579190519 3
1579190520 2
1579190521 1
1579190522 1
1579190523 1
1579190524 2
1579191946 4
1579192510 4
1579192511 4
1579193093 4
1579193094 4
1579193680 5
1579193681 5
1579194244 5
1579194245 4
1579194813 4
1579194814 4
1579195380 4
1579195969 4
1579195970 4
1579196530 5
1579196531 4
