1582886334 5
1582886335 4
1582886623 4
1582886624 4
1582886918 6
1582886919 5
1582887207 4
1582887208 4
1582887496 5
1582887497 5
1582887789 4
1582887790 4
1582888073 4
1582888074 4
1582888075 3
1582888076 3
1582888077 3
1582888078 2
1582888079 2
1582888080 2
1582888081 3
1582888082 3
1582888083 3
1582888084 3
1582888085 3
1582888086 4
1582888087 4
1582888088 3
1582888089 2
1582888090 2
1582888091 2
1582888092 2
1582888093 2
1582888094 2
1582888095 2
1582888096 2
1582888097 2
1582888098 2
1582888099 2
1582888100 2
1582888101 2
1582888102 2
1582888103 2
1582888104 2
1582888105 2
1582888106 2
1582888107 2
1582888108 2
1582888109 2
1582888110 2
1582888111 2
1582888112 2
1582888113 2
1582888114 2
1582888115 2
1582888116 2
1582888117 2
1582888118 2
1582888119 2
1582888120 2
1582888121 3
1582888122 4
1582888123 4
1582888124 4
1582888125 4
1582888126 4
1582888127 3
1582888128 3
1582888129 3
1582888130 3
1582888131 3
1582888132 3
1582888133 3
1582888134 3
1582888135 3
1582888136 3
1582888137 4
1582888138 4
1582888139 4
1582888140 4
1582888141 3
1582888142 3
1582888143 3
1582888144 2
1582888145 2
1582888146 2
1582888147 2
1582888148 2
1582888149 2
1582888150 2
1582888151 2
1582888152 2
1582888153 2
1582888154 2
1582888155 2
1582888156 2
1582888157 2
1582888158 2
1582888159 2
1582888160 2
1582888161 2
1582888162 2
1582888163 2
1582888164 2
1582888165 2
1582888166 2
1582888167 2
1582888168 2
1582888169 2
1582888170 2
1582888171 2
1582888172 2
1582888173 2
1582888174 3
1582888175 2
1582888176 3
1582888177 3
1582888178 3
1582888179 3
1582888180 4
1582888181 2
1582888182 2
1582888183 3
1582888184 3
1582888185 3
1582888186 4
1582888187 4
1582888188 4
1582888189 4
1582888190 4
1582888191 6
1582888192 5
1582888193 5
1582888194 4
1582888195 3
1582888196 3
1582888197 2
1582888198 2
1582888199 2
1582888200 1
1582888201 1
1582888202 2
1582888203 2
1582888204 3
1582888205 3
1582888206 3
1582888207 3
1582888208 2
1582888209 3
1582888210 5
1582888211 6
1582888212 7
1582888213 6
1582888214 6
1582888215 4
1582888216 3
1582888217 3
1582888218 3
1582888219 2
1582888220 2
1582888221 2
1582888222 2
1582888223 2
1582888224 3
1582888225 3
1582888226 3
1582888227 5
1582888228 5
1582888229 4
1582888230 4
1582888231 4
1582888232 4
1582888233 4
1582888234 3
1582888235 2
1582888236 2
1582888237 2
1582888238 2
1582888239 2
1582888240 2
1582888241 2
1582888242 2
1582888243 3
1582888244 3
1582888245 3
1582888246 2
1582888247 2
1582888248 2
1582888249 1
1582888250 2
1582888251 3
1582888252 3
1582888253 3
1582888254 2
1582888255 4
1582888256 4
1582888257 1
1582888258 1
1582888259 2
1582888260 3
1582888261 3
1582888262 3
1582888263 4
1582888264 4
1582888265 4
1582888266 3
1582888267 3
1582888268 3
1582888269 4
1582888270 6
1582888271 6
1582888272 6
1582888273 7
1582888274 6
1582888275 6
1582888276 7
1582888277 4
1582888278 4
1582888279 4
1582888280 4
1582888281 3
1582888282 4
1582888283 4
1582888284 5
1582888285 5
1582888286 4
1582888287 4
1582888288 2
1582888289 1
1582888290 2
1582888291 2
1582888292 2
1582888293 3
1582888294 3
1582888295 3
1582888296 3
1582888297 2
1582888298 2
1582888299 2
1582888300 2
1582888301 2
1582888302 2
1582888303 3
1582888304 2
1582888305 2
1582888306 2
1582888307 2
1582888308 2
1582888309 2
1582888310 2
1582888311 2
1582888312 2
1582888313 2
1582888314 3
1582888315 4
1582888316 4
1582888317 4
1582888318 3
1582888319 3
1582888320 5
1582888321 5
1582888322 2
1582888323 3
1582888324 3
1582888325 3
1582888326 3
1582888327 4
1582888328 3
1582888329 3
1582888330 3
1582888331 4
1582888332 4
1582888333 3
1582888334 3
1582888335 2
1582888336 2
1582888337 1
1582888338 1
1582888339 2
1582888340 2
1582888341 3
1582888342 3
1582888343 3
1582888344 4
1582888345 5
1582888346 4
1582888347 4
1582888348 4
1582888349 4
1582888350 5
1582888351 4
1582888352 4
1582888353 2
1582888354 3
1582888355 4
1582888356 3
1582888357 3
1582888358 4
1582888359 4
1582888360 2
1582888361 5
1582888362 4
1582888363 4
1582888651 5
1582888652 5
1582889010 4
1582889011 4
