1572006327 3
1572006328 4
1572006329 4
1572006330 5
1572006331 5
1572006332 4
1572006333 4
1572006334 2
1572006335 4
1572006336 4
1572006337 3
1572006338 4
1572006339 2
1572006340 2
1572006341 2
1572006342 1
1572006343 1
1572006344 1
1572006345 1
1572006346 2
1572006347 2
1572006348 2
1572006349 2
1572006350 1
1572006351 1
1572006352 2
1572006353 2
1572006354 4
1572006355 3
1572006356 5
1572006357 4
1572006358 5
1572006359 4
1572006360 3
1572006361 3
1572006362 3
1572006363 3
1572006364 3
1572006365 3
1572006366 4
1572006367 4
1572006368 3
1572006369 4
1572006370 2
1572006371 3
1572006372 2
1572006373 1
1572006374 2
1572006375 1
1572006376 2
1572006377 1
1572006378 1
1572006379 1
1572006380 2
1572006381 2
1572006382 1
1572006383 1
1572006384 1
1572006385 1
1572006386 1
1572006387 1
1572006388 1
1572006389 2
1572006390 1
1572006391 1
1572006392 2
1572006393 2
1572006394 1
1572006395 1
1572006396 1
1572006397 2
1572006398 1
1572006399 1
1572006400 3
1572006401 3
1572006402 6
1572006403 4
1572006404 2
1572006405 4
1572006406 2
1572006407 2
1572006408 2
1572006409 4
1572006410 5
1572006411 7
1572006412 8
1572006413 7
1572006414 6
1572006415 5
1572006416 6
1572006417 5
1572006418 5
1572006419 5
1572006420 3
1572006421 3
1572006422 2
1572006423 2
1572006424 2
1572006425 2
1572006426 2
1572006427 2
1572006428 3
1572006429 3
1572006430 3
1572006431 3
1572006432 3
1572006433 4
1572006434 3
1572006435 3
1572006436 2
1572006437 2
1572006438 2
1572006439 2
1572006440 2
1572006441 2
1572006442 2
1572006443 3
1572006444 4
1572006445 4
1572006446 4
1572006447 5
1572006448 4
1572006449 3
1572006450 2
1572006451 2
1572006452 2
1572006453 1
1572006454 1
1572006455 2
1572006456 2
1572006457 2
1572006458 3
1572006459 3
1572006460 3
1572006461 2
1572006462 2
1572006463 2
1572006464 2
1572006465 3
1572006466 3
1572006467 3
1572006468 3
1572006469 3
1572006470 3
1572006471 2
1572006472 2
1572006473 1
1572006474 1
1572006475 1
1572006476 1
1572006477 1
1572006478 1
1572006479 1
1572006480 1
1572006481 1
1572006482 1
1572006483 1
1572006484 1
1572006485 1
1572006486 1
1572006487 1
1572006488 1
1572006489 1
1572006490 1
1572006491 1
1572006492 1
1572006493 1
1572006494 1
1572006495 1
1572006496 1
1572006497 1
1572006498 1
1572006499 1
1572006500 1
1572006501 1
1572006502 1
1572006503 1
1572006504 1
1572006505 1
1572006506 1
1572006507 1
1572006508 1
1572006509 1
1572006510 1
1572006511 1
1572006512 1
1572006513 1
1572006514 1
1572006515 1
1572006516 1
1572006517 1
1572006518 1
1572006519 1
1572006520 1
1572006521 1
1572006522 1
1572006523 1
1572006524 1
1572006525 1
1572006526 1
1572006527 1
1572006528 1
1572006529 1
1572006530 2
1572006531 2
1572006532 2
1572006533 1
1572006534 1
1572006535 1
1572006536 1
1572006537 1
1572006538 1
1572006539 2
1572006540 2
1572006541 2
1572006542 2
1572006543 2
1572006544 2
1572006545 1
1572006546 1
1572006547 1
1572006548 1
1572006549 1
1572006550 2
1572006551 2
1572006552 2
1572006553 3
1572006554 3
1572006555 3
1572006556 3
1572006557 3
1572006558 3
1572006559 3
1572006560 3
1572006561 3
1572006562 3
1572006563 3
1572006564 3
1572006565 3
1572006566 3
1572006567 3
1572006568 4
1572006569 4
1572006570 4
1572006571 4
1572006572 3
1572006573 3
1572006574 3
1572006575 3
1572006576 3
1572006577 3
1572006578 3
1572006579 3
1572006580 3
1572006581 3
1572006582 3
1572006583 3
1572006584 3
1572006585 3
1572006586 3
1572006587 3
1572006588 3
1572006589 2
1572006590 2
1572006591 2
1572006592 3
1572006593 3
1572006594 2
1572006595 1
1572006596 1
1572006597 1
1572006598 1
1572006599 2
1572006600 1
1572006601 2
1572006602 2
1572006603 4
1572006604 5
1572006605 5
1572006606 5
1572006607 3
1572006608 3
1572006609 3
1572006610 3
1572006611 1
1572006612 1
1572006613 2
1572006614 2
1572006615 2
1572006616 2
1572006617 2
1572006618 3
1572006619 3
1572006620 3
1572006621 3
1572006622 3
1572006623 2
1572006624 3
1572006625 2
1572006626 2
1572006627 2
1572006628 2
1572006629 2
1572006630 2
1572006631 2
1572006632 2
1572006633 3
1572006634 3
1572006635 3
1572006636 3
1572006637 4
1572006638 5
1572006639 5
1572006640 5
1572006641 6
1572006642 4
1572006643 4
1572006644 3
1572006645 3
1572006646 3
1572006647 2
1572006648 3
1572006649 2
1572006650 2
1572006651 3
1572006652 2
1572006653 2
1572006654 3
1572006655 3
1572006656 3
1572006657 2
1572006658 3
1572006659 2
1572006660 1
1572006661 1
1572006662 1
1572006663 1
1572006664 1
1572006665 2
1572006666 3
1572006667 2
1572006668 4
1572006669 3
1572006670 3
1572006671 3
1572006672 3
1572006673 4
1572006674 4
1572006675 4
1572006676 6
1572006677 5
1572006678 4
1572006679 2
1572006680 3
1572006681 4
1572006682 2
1572006683 3
1572006684 3
1572006685 5
1572006686 5
1572006687 4
1572006688 4
1572008363 3
1572008364 4
1572008365 4
1572008366 6
1572008367 6
1572008368 4
1572008369 4
1572008370 3
1572008371 4
1572008372 4
1572008373 4
1572008374 2
1572008375 2
1572008376 2
1572008377 1
1572008378 1
1572008379 1
1572008380 3
1572008381 2
1572008382 3
1572008383 2
1572008384 2
1572008385 2
1572008386 2
1572008387 1
1572008388 2
1572008389 1
1572008390 2
1572008391 3
1572008392 3
1572008393 3
1572008394 3
1572008395 3
1572008396 2
1572008397 2
1572008398 2
1572008399 2
1572008400 2
1572008401 1
1572008402 1
1572008403 1
1572008404 2
1572008405 3
1572008406 2
1572008407 3
1572008408 2
1572008409 2
1572008410 2
1572008411 3
1572008412 2
1572008413 2
1572008414 2
1572008415 2
1572008416 3
1572008417 2
1572008418 3
1572008419 3
1572008420 3
1572008421 3
1572008422 3
1572008423 5
1572008424 4
1572008425 5
1572008426 3
1572008427 3
1572008428 3
1572008429 3
1572008430 3
1572008431 3
1572008432 2
1572008433 2
1572008434 2
1572008435 2
1572008436 2
1572008437 2
1572008438 2
1572008439 2
1572008440 3
1572008441 2
1572008442 2
1572008443 2
1572008444 2
1572008445 3
1572008446 2
1572008447 2
1572008448 2
1572008449 2
1572008450 2
1572008451 2
1572008452 2
1572008453 2
1572008454 2
1572008455 3
1572008456 3
1572008457 3
1572008458 3
1572008459 3
1572008460 2
1572008461 2
1572008462 3
1572008463 4
1572008464 4
1572008465 4
1572008466 4
1572008467 4
1572008468 4
1572008469 4
1572008470 2
1572008471 4
1572008472 5
1572008473 5
1572008474 5
1572008475 4
1572008476 3
1572008477 5
1572008478 5
1572008479 5
1572008480 5
1572008481 4
1572008482 4
1572008483 5
1572008484 3
1572008485 3
1572008486 3
1572008487 3
1572008488 7
1572008489 5
1572008490 4
1572008491 5
1572008492 4
1572008493 4
1572008494 5
1572008495 4
1572008496 4
1572008497 4
1572008498 5
1572008499 5
1572008500 4
1572008501 3
1572008502 2
1572008503 3
1572008504 3
1572008505 3
1572008506 3
1572008507 3
1572008508 2
1572008509 2
1572008510 1
1572008511 1
1572008512 1
1572008513 1
1572008514 2
1572008515 2
1572008516 2
1572008517 2
1572008518 3
1572008519 3
1572008520 3
1572008521 3
1572008522 3
1572008523 3
1572008524 2
1572008525 3
1572008526 3
1572008527 3
1572008528 3
1572008529 3
1572008530 3
1572008531 4
1572008532 4
1572008533 3
1572008534 2
1572008535 2
1572008536 2
1572008537 2
1572008538 2
1572008539 2
1572008540 2
1572008541 2
1572008542 2
1572008543 2
1572008544 2
1572008545 2
1572008546 3
1572008547 4
1572008548 3
1572008549 3
1572008550 3
1572008551 3
1572008552 4
1572008553 6
1572008554 6
1572008555 5
1572008556 4
1572008557 5
1572008558 5
1572008559 5
1572008560 4
1572008561 5
1572008562 3
1572008563 2
1572008564 3
1572008565 2
1572008566 2
1572008567 2
1572008568 2
1572008569 2
1572008570 3
1572008571 2
1572008572 2
1572008573 2
1572008574 2
1572008575 1
1572008576 1
1572008577 2
1572008578 1
1572008579 2
1572008580 2
1572008581 3
1572008582 4
1572008583 3
1572008584 3
1572008585 3
1572008586 2
1572008587 1
1572008588 1
1572008589 1
1572008590 1
1572008591 1
1572008592 2
1572008593 2
1572008594 1
1572008595 1
1572008596 2
1572008597 2
1572008598 2
1572008599 3
1572008600 5
1572008601 3
1572008602 2
1572008603 3
1572008604 4
1572008605 4
1572008606 4
1572008607 6
1572008608 5
1572008609 4
1572008610 4
1572008611 5
1572008612 5
1572008613 4
1572008614 4
1572009398 4
1572009399 3
1572009788 5
1572009789 4
1572009941 4
1572009942 4
1572009943 4
1572009944 6
1572009945 4
1572009946 4
1572009947 5
1572009948 4
1572009949 5
1572009950 6
1572009951 6
1572009952 7
1572009953 7
1572009954 5
1572009955 5
1572009956 5
1572009957 4
1572009958 1
1572009959 1
1572009960 1
1572009961 1
1572009962 2
1572009963 2
1572009964 1
1572009965 1
1572009966 1
1572009967 2
1572009968 3
1572009969 3
1572009970 3
1572009971 3
1572009972 3
1572009973 3
1572009974 2
1572009975 2
1572009976 1
1572009977 1
1572009978 1
1572009979 1
1572009980 1
1572009981 1
1572009982 2
1572009983 2
1572009984 2
1572009985 3
1572009986 2
1572009987 2
1572009988 2
1572009989 2
1572009990 2
1572009991 2
1572009992 2
1572009993 2
1572009994 2
1572009995 2
1572009996 2
1572009997 3
1572009998 3
1572009999 3
1572010000 3
1572010001 5
1572010002 5
1572010003 5
1572010004 4
1572010005 4
1572010006 3
1572010007 3
1572010008 3
1572010009 3
1572010010 2
1572010011 2
1572010012 2
1572010013 2
1572010014 2
1572010015 2
1572010016 2
1572010017 2
1572010018 2
1572010019 2
1572010020 2
1572010021 2
1572010022 2
1572010023 3
1572010024 3
1572010025 2
1572010026 2
1572010027 2
1572010028 2
1572010029 2
1572010030 2
1572010031 1
1572010032 2
1572010033 3
1572010034 3
1572010035 4
1572010036 3
1572010037 3
1572010038 4
1572010039 2
1572010040 2
1572010041 2
1572010042 2
1572010043 1
1572010044 1
1572010045 2
1572010046 2
1572010047 2
1572010048 3
1572010049 3
1572010050 3
1572010051 3
1572010052 2
1572010053 2
1572010054 2
1572010055 5
1572010056 5
1572010057 5
1572010058 6
1572010059 5
1572010060 4
1572010061 4
1572010062 5
1572010063 4
1572010064 4
1572010065 4
1572010066 5
1572010067 5
1572010068 5
1572010069 2
1572010070 2
1572010071 3
1572010072 3
1572010073 3
1572010074 3
1572010075 3
1572010076 3
1572010077 2
1572010078 2
1572010079 1
1572010080 1
1572010081 1
1572010082 2
1572010083 2
1572010084 3
1572010085 2
1572010086 3
1572010087 3
1572010088 3
1572010089 3
1572010090 2
1572010091 2
1572010092 1
1572010093 2
1572010094 2
1572010095 2
1572010096 2
1572010097 2
1572010098 3
1572010099 3
1572010100 2
1572010101 2
1572010102 2
1572010103 2
1572010104 3
1572010105 3
1572010106 2
1572010107 2
1572010108 2
1572010109 2
1572010110 2
1572010111 2
1572010112 2
1572010113 3
1572010114 4
1572010115 4
1572010116 3
1572010117 3
1572010118 3
1572010119 3
1572010120 5
1572010121 6
1572010122 6
1572010123 5
1572010124 5
1572010125 5
1572010126 4
1572010127 4
1572010128 2
1572010129 3
1572010130 3
1572010131 3
1572010132 2
1572010133 3
1572010134 2
1572010135 2
1572010136 2
1572010137 2
1572010138 3
1572010139 3
1572010140 2
1572010141 1
1572010142 1
1572010143 1
1572010144 1
1572010145 1
1572010146 1
1572010147 2
1572010148 2
1572010149 2
1572010150 2
1572010151 3
1572010152 3
1572010153 3
1572010154 3
1572010155 3
1572010156 4
1572010157 4
1572010158 4
1572010159 4
1572010160 3
1572010161 3
1572010162 3
1572010163 2
1572010164 3
1572010165 2
1572010166 2
1572010167 2
1572010168 2
1572010169 2
1572010170 3
1572010171 4
1572010172 4
1572010173 4
1572010174 4
1572010175 3
1572010176 3
1572010177 4
1572010178 5
1572010179 4
1572010180 4
1572010337 3
1572010338 4
1572010339 5
1572010340 5
1572010341 3
1572010342 2
1572010343 3
1572010344 4
1572010345 4
1572010346 4
1572010347 4
1572010348 2
1572010349 2
1572010350 3
1572010351 3
1572010352 2
1572010353 1
1572010354 1
1572010355 1
1572010356 1
1572010357 2
1572010358 2
1572010359 2
1572010360 2
1572010361 2
1572010362 1
1572010363 1
1572010364 2
1572010365 2
1572010366 2
1572010367 2
1572010368 3
1572010369 2
1572010370 2
1572010371 2
1572010372 2
1572010373 1
1572010374 1
1572010375 1
1572010376 1
1572010377 1
1572010378 2
1572010379 4
1572010380 3
1572010381 3
1572010382 3
1572010383 3
1572010384 2
1572010385 2
1572010386 2
1572010387 2
1572010388 2
1572010389 2
1572010390 2
1572010391 2
1572010392 3
1572010393 3
1572010394 3
1572010395 3
1572010396 3
1572010397 4
1572010398 6
1572010399 3
1572010400 3
1572010401 3
1572010402 3
1572010403 3
1572010404 3
1572010405 3
1572010406 3
1572010407 2
1572010408 2
1572010409 2
1572010410 2
1572010411 2
1572010412 2
1572010413 2
1572010414 3
1572010415 3
1572010416 2
1572010417 2
1572010418 2
1572010419 3
1572010420 3
1572010421 3
1572010422 2
1572010423 2
1572010424 2
1572010425 2
1572010426 1
1572010427 2
1572010428 3
1572010429 3
1572010430 4
1572010431 3
1572010432 2
1572010433 3
1572010434 3
1572010435 2
1572010436 2
1572010437 1
1572010438 1
1572010439 1
1572010440 1
1572010441 2
1572010442 2
1572010443 3
1572010444 3
1572010445 3
1572010446 3
1572010447 3
1572010448 3
1572010449 3
1572010450 3
1572010451 4
1572010452 5
1572010453 5
1572010454 6
1572010455 6
1572010456 5
1572010457 5
1572010458 6
1572010459 6
1572010460 5
1572010461 5
1572010462 5
1572010463 4
1572010464 4
1572010465 3
1572010466 2
1572010467 3
1572010468 3
1572010469 3
1572010470 3
1572010471 3
1572010472 2
1572010473 2
1572010474 1
1572010475 1
1572010476 1
1572010477 1
1572010478 2
1572010479 2
1572010480 3
1572010481 3
1572010482 4
1572010483 3
1572010484 3
1572010485 3
1572010486 3
1572010487 3
1572010488 1
1572010489 2
1572010490 3
1572010491 3
1572010492 3
1572010493 3
1572010494 3
1572010495 4
1572010496 4
1572010497 3
1572010498 3
1572010499 3
1572010500 4
1572010501 2
1572010502 2
1572010503 2
1572010504 2
1572010505 2
1572010506 2
1572010507 2
1572010508 2
1572010509 3
1572010510 3
1572010511 4
1572010512 3
1572010513 3
1572010514 3
1572010515 3
1572010516 4
1572010517 5
1572010518 3
1572010519 3
1572010520 3
1572010521 3
1572010522 2
1572010523 2
1572010524 2
1572010525 2
1572010526 2
1572010527 3
1572010528 2
1572010529 3
1572010530 2
1572010531 2
1572010532 2
1572010533 3
1572010534 2
1572010535 2
1572010536 2
1572010537 2
1572010538 1
1572010539 1
1572010540 1
1572010541 1
1572010542 1
1572010543 2
1572010544 2
1572010545 2
1572010546 3
1572010547 3
1572010548 2
1572010549 2
1572010550 3
1572010551 2
1572010552 2
1572010553 1
1572010554 2
1572010555 3
1572010556 3
1572010557 3
1572010558 3
1572010559 3
1572010560 2
1572010561 1
1572010562 1
1572010563 2
1572010564 2
1572010565 3
1572010566 3
1572010567 3
1572010568 3
1572010569 4
1572010570 4
1572010571 3
1572010572 4
1572010573 4
1572010574 5
1572010575 4
1572010576 4
1572010727 3
1572010728 4
1572010729 4
1572010730 6
1572010731 4
1572010732 5
1572010733 3
1572010734 2
1572010735 4
1572010736 4
1572010737 4
1572010738 3
1572010739 3
1572010740 3
1572010741 2
1572010742 3
1572010743 1
1572010744 1
1572010745 1
1572010746 1
1572010747 1
1572010748 2
1572010749 3
1572010750 3
1572010751 3
1572010752 2
1572010753 2
1572010754 2
1572010755 3
1572010756 3
1572010757 3
1572010758 4
1572010759 4
1572010760 3
1572010761 3
1572010762 3
1572010763 2
1572010764 2
1572010765 2
1572010766 2
1572010767 2
1572010768 2
1572010769 3
1572010770 4
1572010771 2
1572010772 2
1572010773 2
1572010774 2
1572010775 2
1572010776 2
1572010777 2
1572010778 2
1572010779 3
1572010780 2
1572010781 2
1572010782 2
1572010783 3
1572010784 3
1572010785 3
1572010786 3
1572010787 5
1572010788 5
1572010789 6
1572010790 5
1572010791 5
1572010792 3
1572010793 3
1572010794 3
1572010795 3
1572010796 3
1572010797 2
1572010798 2
1572010799 2
1572010800 2
1572010801 2
1572010802 2
1572010803 2
1572010804 2
1572010805 2
1572010806 2
1572010807 2
1572010808 2
1572010809 2
1572010810 3
1572010811 2
1572010812 2
1572010813 2
1572010814 2
1572010815 2
1572010816 2
1572010817 1
1572010818 2
1572010819 3
1572010820 3
1572010821 3
1572010822 3
1572010823 3
1572010824 4
1572010825 3
1572010826 2
1572010827 2
1572010828 2
1572010829 1
1572010830 1
1572010831 2
1572010832 2
1572010833 2
1572010834 3
1572010835 3
1572010836 3
1572010837 3
1572010838 2
1572010839 2
1572010840 2
1572010841 3
1572010842 5
1572010843 5
1572010844 5
1572010845 6
1572010846 4
1572010847 4
1572010848 4
1572010849 4
1572010850 4
1572010851 4
1572010852 5
1572010853 5
1572010854 4
1572010855 2
1572010856 2
1572010857 3
1572010858 3
1572010859 3
1572010860 3
1572010861 3
1572010862 3
1572010863 3
1572010864 2
1572010865 2
1572010866 2
1572010867 1
1572010868 2
1572010869 2
1572010870 3
1572010871 2
1572010872 3
1572010873 3
1572010874 3
1572010875 3
1572010876 2
1572010877 2
1572010878 2
1572010879 3
1572010880 2
1572010881 2
1572010882 2
1572010883 2
1572010884 2
1572010885 3
1572010886 2
1572010887 2
1572010888 2
1572010889 2
1572010890 2
1572010891 3
1572010892 3
1572010893 3
1572010894 2
1572010895 2
1572010896 2
1572010897 2
1572010898 2
1572010899 3
1572010900 3
1572010901 3
1572010902 3
1572010903 4
1572010904 3
1572010905 3
1572010906 5
1572010907 6
1572010908 5
1572010909 5
1572010910 4
1572010911 4
1572010912 4
1572010913 3
1572010914 3
1572010915 3
1572010916 2
1572010917 3
1572010918 2
1572010919 3
1572010920 2
1572010921 2
1572010922 2
1572010923 2
1572010924 2
1572010925 2
1572010926 2
1572010927 1
1572010928 1
1572010929 1
1572010930 1
1572010931 1
1572010932 1
1572010933 2
1572010934 2
1572010935 2
1572010936 2
1572010937 2
1572010938 2
1572010939 2
1572010940 2
1572010941 2
1572010942 3
1572010943 3
1572010944 4
1572010945 4
1572010946 4
1572010947 4
1572010948 3
1572010949 3
1572010950 3
1572010951 3
1572010952 2
1572010953 2
1572010954 2
1572010955 2
1572010956 3
1572010957 2
1572010958 3
1572010959 5
1572010960 4
1572010961 4
1572010962 2
1572010963 2
1572010964 3
1572010965 5
1572010966 4
1572010967 3
1572013289 3
1572013290 4
1572013291 4
1572013292 4
1572013293 3
1572013294 4
1572013295 5
1572013296 3
1572013297 2
1572013298 4
1572013299 4
1572013300 3
1572013301 3
1572013302 4
1572013303 2
1572013304 2
1572013305 1
1572013306 1
1572013307 1
1572013308 1
1572013309 2
1572013310 2
1572013311 1
1572013312 2
1572013313 2
1572013314 2
1572013315 2
1572013316 2
1572013317 2
1572013318 3
1572013319 3
1572013320 2
1572013321 3
1572013322 2
1572013323 2
1572013324 2
1572013325 1
1572013326 1
1572013327 1
1572013328 1
1572013329 1
1572013330 1
1572013331 2
1572013332 3
1572013333 3
1572013334 2
1572013335 2
1572013336 2
1572013337 2
1572013338 3
1572013339 2
1572013340 2
1572013341 2
1572013342 3
1572013343 3
1572013344 2
1572013345 2
1572013346 3
1572013347 3
1572013348 3
1572013349 3
1572013350 5
1572013351 6
1572013352 6
1572013353 5
1572013354 3
1572013355 3
1572013356 3
1572013357 3
1572013358 3
1572013359 2
1572013360 2
1572013361 2
1572013362 2
1572013363 2
1572013364 2
1572013365 2
1572013366 2
1572013367 3
1572013368 2
1572013369 2
1572013370 2
1572013371 2
1572013372 2
1572013373 3
1572013374 2
1572013375 2
1572013376 2
1572013377 2
1572013378 2
1572013379 2
1572013380 2
1572013381 2
1572013382 3
1572013383 3
1572013384 3
1572013385 3
1572013386 3
1572013387 3
1572013388 2
1572013389 2
1572013390 2
1572013391 1
1572013392 1
1572013393 1
1572013394 2
1572013395 2
1572013396 2
1572013397 3
1572013398 3
1572013399 3
1572013400 3
1572013401 2
1572013402 2
1572013403 2
1572013404 5
1572013405 5
1572013406 5
1572013407 4
1572013408 4
1572013409 4
1572013410 4
1572013411 4
1572013412 4
1572013413 4
1572013414 5
1572013415 6
1572013416 6
1572013417 5
1572013418 3
1572013419 3
1572013420 4
1572013421 4
1572013422 4
1572013423 4
1572013424 4
1572013425 4
1572013426 3
1572013427 2
1572013428 1
1572013429 1
1572013430 1
1572013431 2
1572013432 2
1572013433 2
1572013434 2
1572013435 2
1572013436 3
1572013437 3
1572013438 3
1572013439 2
1572013440 3
1572013441 3
1572013442 2
1572013443 3
1572013444 3
1572013445 3
1572013446 3
1572013447 3
1572013448 4
1572013449 4
1572013450 3
1572013451 3
1572013452 3
1572013453 3
1572013454 3
1572013455 4
1572013456 3
1572013457 3
1572013458 3
1572013459 3
1572013460 3
1572013461 3
1572013462 3
1572013463 3
1572013464 3
1572013465 4
1572013466 3
1572013467 3
1572013468 3
1572013469 3
1572013470 4
1572013471 4
1572013472 6
1572013473 5
1572013474 4
1572013475 4
1572013476 4
1572013477 5
1572013478 5
1572013479 3
1572013480 2
1572013481 2
1572013482 3
1572013483 3
1572013484 2
1572013485 2
1572013486 3
1572013487 3
1572013488 4
1572013489 4
1572013490 2
1572013491 2
1572013492 1
1572013493 1
1572013494 1
1572013495 1
1572013496 1
1572013497 2
1572013498 3
1572013499 3
1572013500 3
1572013501 3
1572013502 3
1572013503 3
1572013504 3
1572013505 3
1572013506 3
1572013507 3
1572013508 3
1572013509 2
1572013510 2
1572013511 2
1572013512 2
1572013513 2
1572013514 3
1572013515 3
1572013516 3
1572013517 2
1572013518 2
1572013519 3
1572013520 3
1572013521 3
1572013522 3
1572013523 4
1572013524 4
1572013525 3
1572013526 2
1572013527 4
1572013528 5
1572013529 4
1572013530 4
1572013922 4
1572013923 4
1572014075 4
1572014076 4
1572014077 4
1572014078 4
1572014079 4
1572014080 4
1572014081 3
1572014082 4
1572014083 4
1572014084 4
1572014085 3
1572014086 3
1572014087 2
1572014088 2
1572014089 2
1572014090 1
1572014091 1
1572014092 1
1572014093 1
1572014094 1
1572014095 2
1572014096 3
1572014097 3
1572014098 3
1572014099 2
1572014100 2
1572014101 3
1572014102 4
1572014103 4
1572014104 4
1572014105 3
1572014106 4
1572014107 3
1572014108 3
1572014109 2
1572014110 1
1572014111 1
1572014112 1
1572014113 1
1572014114 1
1572014115 1
1572014116 3
1572014117 3
1572014118 2
1572014119 3
1572014120 4
1572014121 4
1572014122 4
1572014123 4
1572014124 6
1572014125 6
1572014126 6
1572014127 5
1572014128 5
1572014129 3
1572014130 3
1572014131 3
1572014132 4
1572014133 3
1572014134 3
1572014135 5
1572014136 5
1572014137 4
1572014138 4
1572014139 4
1572014140 3
1572014141 3
1572014142 3
1572014143 3
1572014144 2
1572014145 2
1572014146 2
1572014147 2
1572014148 2
1572014149 2
1572014150 2
1572014151 2
1572014152 2
1572014153 2
1572014154 2
1572014155 2
1572014156 2
1572014157 3
1572014158 2
1572014159 2
1572014160 2
1572014161 2
1572014162 2
1572014163 2
1572014164 2
1572014165 2
1572014166 3
1572014167 3
1572014168 3
1572014169 3
1572014170 3
1572014171 4
1572014172 2
1572014173 2
1572014174 2
1572014175 2
1572014176 2
1572014177 1
1572014178 2
1572014179 2
1572014180 2
1572014181 3
1572014182 3
1572014183 3
1572014184 3
1572014185 2
1572014186 2
1572014187 2
1572014188 3
1572014189 5
1572014190 5
1572014191 5
1572014192 6
1572014193 5
1572014194 4
1572014195 6
1572014196 5
1572014197 5
1572014198 5
1572014199 6
1572014200 6
1572014201 5
1572014202 4
1572014203 3
1572014204 4
1572014205 4
1572014206 3
1572014207 3
1572014208 3
1572014209 3
1572014210 4
1572014211 3
1572014212 3
1572014213 2
1572014214 2
1572014215 4
1572014216 5
1572014217 6
1572014218 4
1572014219 5
1572014220 5
1572014221 4
1572014222 4
1572014223 4
1572014224 5
1572014225 5
1572014226 5
1572014227 5
1572014228 4
1572014229 4
1572014230 3
1572014231 3
1572014232 4
1572014233 3
1572014234 3
1572014235 3
1572014236 2
1572014237 2
1572014238 3
1572014239 3
1572014240 2
1572014241 2
1572014242 2
1572014243 2
1572014244 2
1572014245 2
1572014246 2
1572014247 3
1572014248 4
1572014249 3
1572014250 4
1572014251 3
1572014252 3
1572014253 4
1572014254 3
1572014255 6
1572014256 5
1572014257 5
1572014258 4
1572014259 6
1572014260 5
1572014261 5
1572014262 5
1572014263 5
1572014264 6
1572014265 7
1572014266 5
1572014267 5
1572014268 4
1572014269 4
1572014270 3
1572014271 4
1572014272 3
1572014273 3
1572014274 3
1572014275 2
1572014276 2
1572014277 2
1572014278 2
1572014279 2
1572014280 2
1572014281 2
1572014282 2
1572014283 3
1572014284 3
1572014285 4
1572014286 3
1572014287 2
1572014288 2
1572014289 2
1572014290 2
1572014291 2
1572014292 2
1572014293 2
1572014294 2
1572014295 2
1572014296 1
1572014297 1
1572014298 1
1572014299 2
1572014300 2
1572014301 2
1572014302 2
1572014303 2
1572014304 3
1572014305 3
1572014306 3
1572014307 3
1572014308 4
1572014309 4
1572014310 4
1572014311 3
1572014312 5
1572014313 6
1572014314 4
1572014315 4
1572014703 4
1572014704 4
