1571754502 4
1571754503 4
1571754504 4
1571754505 5
1571754506 4
1571754507 3
1571754508 4
1571754509 6
1571754510 5
1571754511 4
1571754512 4
1571754513 2
1571754514 2
1571754515 2
1571754516 2
1571754517 1
1571754518 1
1571754519 1
1571754520 1
1571754521 2
1571754522 2
1571754523 2
1571754524 2
1571754525 1
1571754526 1
1571754527 1
1571754528 2
1571754529 2
1571754530 2
1571754531 2
1571754532 3
1571754533 2
1571754534 2
1571754535 2
1571754536 1
1571754537 1
1571754538 1
1571754539 1
1571754540 1
1571754541 2
1571754542 2
1571754543 3
1571754544 2
1571754545 3
1571754546 2
1571754547 2
1571754548 2
1571754549 3
1571754550 3
1571754551 2
1571754552 2
1571754553 2
1571754554 2
1571754555 2
1571754556 2
1571754557 3
1571754558 3
1571754559 4
1571754560 4
1571754561 5
1571754562 4
1571754563 5
1571754564 3
1571754565 3
1571754566 3
1571754567 3
1571754568 3
1571754569 3
1571754570 2
1571754571 2
1571754572 2
1571754573 3
1571754574 3
1571754575 2
1571754576 2
1571754577 2
1571754578 3
1571754579 3
1571754580 3
1571754581 2
1571754582 2
1571754583 3
1571754584 3
1571754585 2
1571754586 2
1571754587 2
1571754588 2
1571754589 2
1571754590 3
1571754591 2
1571754592 2
1571754593 4
1571754594 4
1571754595 4
1571754596 3
1571754597 2
1571754598 3
1571754599 2
1571754600 2
1571754601 2
1571754602 2
1571754603 2
1571754604 1
1571754605 1
1571754606 1
1571754607 1
1571754608 2
1571754609 2
1571754610 2
1571754611 2
1571754612 3
1571754613 3
1571754614 3
1571754615 6
1571754616 6
1571754617 6
1571754618 5
1571754619 6
1571754620 5
1571754621 5
1571754622 6
1571754623 5
1571754624 5
1571754625 6
1571754626 6
1571754627 6
1571754628 5
1571754629 4
1571754630 4
1571754631 3
1571754632 3
1571754633 3
1571754634 3
1571754635 3
1571754636 2
1571754637 1
1571754638 1
1571754639 1
1571754640 1
1571754641 1
1571754642 2
1571754643 3
1571754644 2
1571754645 4
1571754646 2
1571754647 4
1571754648 4
1571754649 4
1571754650 4
1571754651 3
1571754652 4
1571754653 4
1571754654 4
1571754655 4
1571754656 3
1571754657 3
1571754658 3
1571754659 4
1571754660 4
1571754661 3
1571754662 3
1571754663 3
1571754664 2
1571754665 3
1571754666 2
1571754667 2
1571754668 2
1571754669 2
1571754670 2
1571754671 2
1571754672 2
1571754673 2
1571754674 3
1571754675 3
1571754676 3
1571754677 3
1571754678 3
1571754679 3
1571754680 4
1571754681 6
1571754682 7
1571754683 6
1571754684 5
1571754685 3
1571754686 4
1571754687 4
1571754688 4
1571754689 4
1571754690 3
1571754691 3
1571754692 3
1571754693 3
1571754694 2
1571754695 2
1571754696 2
1571754697 2
1571754698 2
1571754699 3
1571754700 3
1571754701 2
1571754702 3
1571754703 2
1571754704 2
1571754705 1
1571754706 1
1571754707 1
1571754708 1
1571754709 2
1571754710 2
1571754711 2
1571754712 4
1571754713 3
1571754714 3
1571754715 3
1571754716 2
1571754717 3
1571754718 3
1571754719 3
1571754720 3
1571754721 3
1571754722 3
1571754723 3
1571754724 3
1571754725 4
1571754726 2
1571754727 1
1571754728 2
1571754729 2
1571754730 3
1571754731 4
1571754732 4
1571754733 5
1571754734 4
1571754735 4
1571754736 4
1571754737 4
1571754738 4
1571754739 6
1571754740 6
1571754741 5
1571756773 4
1571756774 4
1571757209 5
1571757210 4
1571757391 4
1571757392 4
1571757393 5
1571757394 5
1571757395 2
1571757396 3
1571757397 3
1571757398 4
1571757399 5
1571757400 4
1571757401 3
1571757402 2
1571757403 2
1571757404 2
1571757405 1
1571757406 1
1571757407 1
1571757408 1
1571757409 1
1571757410 2
1571757411 2
1571757412 1
1571757413 1
1571757414 1
1571757415 1
1571757416 1
1571757417 2
1571757418 2
1571757419 2
1571757420 3
1571757421 2
1571757422 2
1571757423 1
1571757424 1
1571757425 1
1571757426 1
1571757427 1
1571757428 1
1571757429 1
1571757430 2
1571757431 2
1571757432 3
1571757433 3
1571757434 2
1571757435 2
1571757436 2
1571757437 2
1571757438 3
1571757439 2
1571757440 2
1571757441 2
1571757442 2
1571757443 2
1571757444 2
1571757445 4
1571757446 4
1571757447 4
1571757448 4
1571757449 4
1571757450 4
1571757451 5
1571757452 3
1571757453 3
1571757454 3
1571757455 3
1571757456 3
1571757457 3
1571757458 2
1571757459 2
1571757460 2
1571757461 2
1571757462 2
1571757463 2
1571757464 2
1571757465 2
1571757466 3
1571757467 3
1571757468 2
1571757469 2
1571757470 2
1571757471 2
1571757472 3
1571757473 2
1571757474 2
1571757475 2
1571757476 2
1571757477 2
1571757478 2
1571757479 2
1571757480 2
1571757481 4
1571757482 4
1571757483 3
1571757484 3
1571757485 2
1571757486 3
1571757487 2
1571757488 2
1571757489 2
1571757490 1
1571757491 1
1571757492 1
1571757493 1
1571757494 1
1571757495 1
1571757496 2
1571757497 2
1571757498 2
1571757499 2
1571757500 2
1571757501 2
1571757502 2
1571757503 3
1571757504 5
1571757505 5
1571757506 5
1571757507 6
1571757508 5
1571757509 5
1571757510 6
1571757511 6
1571757512 5
1571757513 5
1571757514 6
1571757515 6
1571757516 6
1571757517 4
1571757518 5
1571757519 3
1571757520 3
1571757521 3
1571757522 3
1571757523 3
1571757524 3
1571757525 2
1571757526 2
1571757527 1
1571757528 1
1571757529 1
1571757530 1
1571757531 2
1571757532 3
1571757533 2
1571757534 4
1571757535 2
1571757536 4
1571757537 4
1571757538 4
1571757539 2
1571757540 2
1571757541 2
1571757542 2
1571757543 2
1571757544 2
1571757545 2
1571757546 2
1571757547 2
1571757548 3
1571757549 3
1571757550 2
1571757551 2
1571757552 2
1571757553 2
1571757554 2
1571757555 2
1571757556 2
1571757557 2
1571757558 2
1571757559 2
1571757560 2
1571757561 2
1571757562 3
1571757563 3
1571757564 4
1571757565 3
1571757566 3
1571757567 3
1571757568 4
1571757569 6
1571757570 7
1571757571 7
1571757572 6
1571757573 4
1571757574 5
1571757575 4
1571757576 4
1571757577 3
1571757578 3
1571757579 3
1571757580 2
1571757581 3
1571757582 3
1571757583 2
1571757584 2
1571757585 2
1571757586 2
1571757587 3
1571757588 2
1571757589 3
1571757590 2
1571757591 2
1571757592 1
1571757593 1
1571757594 1
1571757595 1
1571757596 2
1571757597 2
1571757598 3
1571757599 4
1571757600 3
1571757601 3
1571757602 3
1571757603 3
1571757604 4
1571757605 4
1571757606 4
1571757607 4
1571757608 4
1571757609 3
1571757610 3
1571757611 3
1571757612 2
1571757613 2
1571757614 1
1571757615 1
1571757616 2
1571757617 3
1571757618 3
1571757619 4
1571757620 5
1571757621 5
1571757622 3
1571757623 3
1571757624 2
1571757625 3
1571757626 5
1571757627 6
1571757628 5
1571757629 6
1571758180 4
1571758181 4
1571758182 4
1571758183 5
1571758184 4
1571758185 5
1571758186 3
1571758187 4
1571758188 4
1571758189 3
1571758190 4
1571758191 4
1571758192 4
1571758193 3
1571758194 2
1571758195 1
1571758196 1
1571758197 1
1571758198 1
1571758199 2
1571758200 3
1571758201 2
1571758202 3
1571758203 3
1571758204 3
1571758205 3
1571758206 4
1571758207 4
1571758208 4
1571758209 4
1571758210 4
1571758211 3
1571758212 3
1571758213 3
1571758214 2
1571758215 2
1571758216 2
1571758217 1
1571758218 1
1571758219 1
1571758220 2
1571758221 3
1571758222 2
1571758223 2
1571758224 2
1571758225 2
1571758226 2
1571758227 3
1571758228 2
1571758229 2
1571758230 2
1571758231 2
1571758232 2
1571758233 2
1571758234 3
1571758235 3
1571758236 3
1571758237 3
1571758238 3
1571758239 5
1571758240 4
1571758241 4
1571758242 4
1571758243 3
1571758244 4
1571758245 4
1571758246 4
1571758247 4
1571758248 2
1571758249 2
1571758250 2
1571758251 2
1571758252 2
1571758253 2
1571758254 2
1571758255 3
1571758256 2
1571758257 2
1571758258 2
1571758259 2
1571758260 2
1571758261 3
1571758262 3
1571758263 2
1571758264 2
1571758265 2
1571758266 2
1571758267 2
1571758268 3
1571758269 2
1571758270 2
1571758271 3
1571758272 3
1571758273 3
1571758274 3
1571758275 3
1571758276 3
1571758277 2
1571758278 2
1571758279 2
1571758280 1
1571758281 1
1571758282 1
1571758283 1
1571758284 1
1571758285 2
1571758286 2
1571758287 2
1571758288 2
1571758289 2
1571758290 2
1571758291 2
1571758292 2
1571758293 6
1571758294 5
1571758295 5
1571758296 5
1571758297 4
1571758298 4
1571758299 4
1571758300 5
1571758301 5
1571758302 5
1571758303 5
1571758304 6
1571758305 6
1571758306 5
1571758307 3
1571758308 3
1571758309 3
1571758310 3
1571758311 3
1571758312 3
1571758313 2
1571758314 2
1571758315 2
1571758316 2
1571758317 2
1571758318 2
1571758319 3
1571758320 4
1571758321 3
1571758322 4
1571758323 3
1571758324 4
1571758325 4
1571758326 4
1571758327 3
1571758328 2
1571758329 2
1571758330 2
1571758331 2
1571758332 2
1571758333 2
1571758334 2
1571758335 2
1571758336 3
1571758337 3
1571758338 2
1571758339 2
1571758340 2
1571758341 2
1571758342 3
1571758343 3
1571758344 2
1571758345 2
1571758346 2
1571758347 2
1571758348 2
1571758349 2
1571758350 2
1571758351 3
1571758352 3
1571758353 4
1571758354 3
1571758355 3
1571758356 3
1571758357 3
1571758358 4
1571758359 5
1571758360 5
1571758361 4
1571758362 2
1571758363 2
1571758364 2
1571758365 2
1571758366 3
1571758367 3
1571758368 3
1571758369 4
1571758370 4
1571758371 4
1571758372 4
1571758373 4
1571758374 3
1571758375 3
1571758376 4
1571758377 2
1571758378 2
1571758379 1
1571758380 1
1571758381 1
1571758382 1
1571758383 1
1571758384 1
1571758385 2
1571758386 2
1571758387 2
1571758388 2
1571758389 2
1571758390 2
1571758391 3
1571758392 3
1571758393 4
1571758394 4
1571758395 4
1571758396 4
1571758397 4
1571758398 3
1571758399 3
1571758400 3
1571758401 3
1571758402 3
1571758403 1
1571758404 2
1571758405 2
1571758406 3
1571758407 4
1571758408 4
1571758409 4
1571758410 5
1571758411 5
1571758412 4
1571758413 3
1571758414 4
1571758415 6
1571758416 4
1571758417 4
1571763210 4
1571763361 3
1571763362 4
1571763363 5
1571763364 5
1571763365 4
1571763366 3
1571763367 3
1571763368 3
1571763369 4
1571763370 4
1571763371 3
1571763372 2
1571763373 2
1571763374 2
1571763375 2
1571763376 1
1571763377 1
1571763378 1
1571763379 1
1571763380 2
1571763381 3
1571763382 3
1571763383 4
1571763384 4
1571763385 4
1571763386 3
1571763387 3
1571763388 4
1571763389 4
1571763390 4
1571763391 4
1571763392 4
1571763393 3
1571763394 3
1571763395 2
1571763396 2
1571763397 2
1571763398 1
1571763399 1
1571763400 1
1571763401 2
1571763402 2
1571763403 3
1571763404 3
1571763405 3
1571763406 3
1571763407 4
1571763408 5
1571763409 5
1571763410 7
1571763411 6
1571763412 5
1571763413 4
1571763414 3
1571763415 4
1571763416 4
1571763417 4
1571763418 4
1571763419 4
1571763420 4
1571763421 4
1571763422 4
1571763423 4
1571763424 4
1571763425 3
1571763426 3
1571763427 3
1571763428 3
1571763429 3
1571763430 2
1571763431 2
1571763432 2
1571763433 2
1571763434 2
1571763435 2
1571763436 2
1571763437 3
1571763438 3
1571763439 2
1571763440 2
1571763441 2
1571763442 3
1571763443 3
1571763444 2
1571763445 2
1571763446 2
1571763447 2
1571763448 2
1571763449 1
1571763450 2
1571763451 3
1571763452 4
1571763453 4
1571763454 5
1571763455 4
1571763456 4
1571763457 4
1571763458 3
1571763459 2
1571763460 1
1571763461 1
1571763462 1
1571763463 1
1571763464 1
1571763465 1
1571763466 1
1571763467 2
1571763468 2
1571763469 2
1571763470 2
1571763471 2
1571763472 2
1571763473 2
1571763474 3
1571763475 4
1571763476 5
1571763477 5
1571763478 6
1571763479 5
1571763480 5
1571763481 5
1571763482 5
1571763483 6
1571763484 6
1571763485 4
1571763486 5
1571763487 5
1571763488 3
1571763489 2
1571763490 2
1571763491 2
1571763492 2
1571763493 2
1571763494 2
1571763495 2
1571763496 1
1571763497 1
1571763498 1
1571763499 1
1571763500 1
1571763501 1
1571763502 2
1571763503 3
1571763504 2
1571763505 4
1571763506 4
1571763507 5
1571763508 4
1571763509 4
1571763510 3
1571763511 3
1571763512 3
1571763513 1
1571763514 2
1571763515 2
1571763516 2
1571763517 2
1571763518 2
1571763519 3
1571763520 3
1571763521 3
1571763522 2
1571763523 2
1571763524 2
1571763525 3
1571763526 2
1571763527 2
1571763528 2
1571763529 2
1571763530 2
1571763531 2
1571763532 2
1571763533 2
1571763534 3
1571763535 4
1571763536 4
1571763537 3
1571763538 3
1571763539 3
1571763540 3
1571763541 4
1571763542 5
1571763543 3
1571763544 3
1571763545 3
1571763546 4
1571763547 4
1571763548 4
1571763549 5
1571763550 5
1571763551 5
1571763552 7
1571763553 5
1571763554 4
1571763555 5
1571763556 4
1571763557 4
1571763558 3
1571763559 3
1571763560 2
1571763561 2
1571763562 1
1571763563 1
1571763564 1
1571763565 1
1571763566 1
1571763567 1
1571763568 2
1571763569 2
1571763570 2
1571763571 2
1571763572 1
1571763573 2
1571763574 2
1571763575 2
1571763576 2
1571763577 2
1571763578 3
1571763579 3
1571763580 3
1571763581 4
1571763582 4
1571763583 3
1571763584 3
1571763585 1
1571763586 1
1571763587 1
1571763588 2
1571763589 3
1571763590 3
1571763591 4
1571763592 4
1571763593 4
1571763594 4
1571763595 3
1571763596 4
1571763597 3
1571763598 4
1571763599 5
1571763600 4
1571763601 4
1571763753 4
1571763754 4
1571763755 4
1571763756 3
1571763757 3
1571763758 4
1571763759 3
1571763760 4
1571763761 4
1571763762 4
1571763763 3
1571763764 2
1571763765 3
1571763766 2
1571763767 2
1571763768 1
1571763769 2
1571763770 2
1571763771 1
1571763772 2
1571763773 2
1571763774 3
1571763775 4
1571763776 4
1571763777 5
1571763778 5
1571763779 4
1571763780 4
1571763781 4
1571763782 4
1571763783 5
1571763784 4
1571763785 3
1571763786 3
1571763787 2
1571763788 2
1571763789 1
1571763790 1
1571763791 1
1571763792 1
1571763793 1
1571763794 1
1571763795 2
1571763796 3
1571763797 3
1571763798 3
1571763799 3
1571763800 3
1571763801 4
1571763802 5
1571763803 5
1571763804 6
1571763805 5
1571763806 4
1571763807 4
1571763808 3
1571763809 3
1571763810 2
1571763811 3
1571763812 3
1571763813 3
1571763814 5
1571763815 5
1571763816 4
1571763817 4
1571763818 4
1571763819 4
1571763820 4
1571763821 4
1571763822 4
1571763823 3
1571763824 2
1571763825 2
1571763826 2
1571763827 2
1571763828 2
1571763829 2
1571763830 2
1571763831 2
1571763832 2
1571763833 2
1571763834 2
1571763835 2
1571763836 3
1571763837 3
1571763838 2
1571763839 2
1571763840 2
1571763841 2
1571763842 2
1571763843 2
1571763844 2
1571763845 3
1571763846 4
1571763847 4
1571763848 3
1571763849 3
1571763850 3
1571763851 4
1571763852 2
1571763853 2
1571763854 2
1571763855 2
1571763856 1
1571763857 1
1571763858 1
1571763859 1
1571763860 1
1571763861 2
1571763862 2
1571763863 2
1571763864 2
1571763865 2
1571763866 2
1571763867 2
1571763868 3
1571763869 5
1571763870 5
1571763871 5
1571763872 6
1571763873 5
1571763874 5
1571763875 5
1571763876 4
1571763877 4
1571763878 4
1571763879 5
1571763880 5
1571763881 5
1571763882 3
1571763883 3
1571763884 3
1571763885 3
1571763886 3
1571763887 3
1571763888 3
1571763889 3
1571763890 3
1571763891 2
1571763892 2
1571763893 2
1571763894 2
1571763895 4
1571763896 4
1571763897 5
1571763898 5
1571763899 5
1571763900 7
1571763901 7
1571763902 6
1571763903 6
1571763904 4
1571763905 4
1571763906 4
1571763907 4
1571763908 4
1571763909 3
1571763910 3
1571763911 3
1571763912 3
1571763913 4
1571763914 3
1571763915 2
1571763916 3
1571763917 3
1571763918 3
1571763919 4
1571763920 3
1571763921 3
1571763922 2
1571763923 2
1571763924 2
1571763925 2
1571763926 2
1571763927 2
1571763928 3
1571763929 4
1571763930 4
1571763931 3
1571763932 3
1571763933 3
1571763934 5
1571763935 4
1571763936 5
1571763937 4
1571763938 3
1571763939 3
1571763940 2
1571763941 3
1571763942 4
1571763943 5
1571763944 5
1571763945 7
1571763946 5
1571763947 5
1571763948 3
1571763949 4
1571763950 3
1571763951 3
1571763952 3
1571763953 3
1571763954 2
1571763955 1
1571763956 1
1571763957 1
1571763958 1
1571763959 1
1571763960 1
1571763961 2
1571763962 2
1571763963 2
1571763964 3
1571763965 2
1571763966 2
1571763967 2
1571763968 1
1571763969 1
1571763970 3
1571763971 3
1571763972 3
1571763973 4
1571763974 4
1571763975 4
1571763976 4
1571763977 4
1571763978 3
1571763979 2
1571763980 1
1571763981 2
1571763982 4
1571763983 4
1571763984 4
1571763985 4
1571763986 5
1571763987 5
1571763988 5
1571763989 5
1571763990 3
1571763991 5
1571763992 5
1571763993 4
1571763994 4
1571764810 5
1571764811 5
1571765199 4
1571765200 4
1571765743 4
1571765744 4
1571765745 6
1571765746 5
1571765747 3
1571765748 3
1571765749 2
1571765750 4
1571765751 4
1571765752 3
1571765753 4
1571765754 2
1571765755 2
1571765756 2
1571765757 1
1571765758 1
1571765759 1
1571765760 1
1571765761 1
1571765762 2
1571765763 2
1571765764 1
1571765765 1
1571765766 1
1571765767 1
1571765768 1
1571765769 2
1571765770 2
1571765771 2
1571765772 3
1571765773 3
1571765774 2
1571765775 2
1571765776 2
1571765777 1
1571765778 1
1571765779 1
1571765780 1
1571765781 1
1571765782 1
1571765783 2
1571765784 3
1571765785 2
1571765786 3
1571765787 3
1571765788 4
1571765789 4
1571765790 6
1571765791 6
1571765792 6
1571765793 6
1571765794 5
1571765795 5
1571765796 4
1571765797 3
1571765798 5
1571765799 4
1571765800 4
1571765801 5
1571765802 4
1571765803 5
1571765804 3
1571765805 3
1571765806 4
1571765807 4
1571765808 4
1571765809 4
1571765810 3
1571765811 2
1571765812 2
1571765813 2
1571765814 2
1571765815 2
1571765816 2
1571765817 2
1571765818 3
1571765819 2
1571765820 2
1571765821 2
1571765822 2
1571765823 3
1571765824 3
1571765825 2
1571765826 2
1571765827 2
1571765828 2
1571765829 2
1571765830 2
1571765831 2
1571765832 2
1571765833 4
1571765834 4
1571765835 3
1571765836 3
1571765837 2
1571765838 3
1571765839 2
1571765840 2
1571765841 2
1571765842 1
1571765843 1
1571765844 1
1571765845 1
1571765846 1
1571765847 1
1571765848 2
1571765849 2
1571765850 2
1571765851 2
1571765852 2
1571765853 2
1571765854 2
1571765855 3
1571765856 5
1571765857 5
1571765858 5
1571765859 6
1571765860 5
1571765861 5
1571765862 7
1571765863 6
1571765864 6
1571765865 5
1571765866 6
1571765867 6
1571765868 4
1571765869 4
1571765870 3
1571765871 3
1571765872 2
1571765873 2
1571765874 2
1571765875 1
1571765876 1
1571765877 1
1571765878 1
1571765879 1
1571765880 1
1571765881 1
1571765882 3
1571765883 3
1571765884 4
1571765885 3
1571765886 4
1571765887 4
1571765888 4
1571765889 3
1571765890 2
1571765891 2
1571765892 1
1571765893 2
1571765894 2
1571765895 2
1571765896 2
1571765897 2
1571765898 2
1571765899 3
1571765900 3
1571765901 2
1571765902 2
1571765903 2
1571765904 2
1571765905 2
1571765906 2
1571765907 2
1571765908 2
1571765909 2
1571765910 2
1571765911 2
1571765912 2
1571765913 3
1571765914 4
1571765915 4
1571765916 5
1571765917 4
1571765918 4
1571765919 4
1571765920 4
1571765921 5
1571765922 5
1571765923 6
1571765924 5
1571765925 2
1571765926 2
1571765927 2
1571765928 4
1571765929 4
1571765930 5
1571765931 5
1571765932 5
1571765933 5
1571765934 6
1571765935 5
1571765936 5
1571765937 4
1571765938 4
1571765939 4
1571765940 3
1571765941 3
1571765942 2
1571765943 2
1571765944 1
1571765945 1
1571765946 1
1571765947 1
1571765948 2
1571765949 2
1571765950 2
1571765951 3
1571765952 2
1571765953 2
1571765954 2
1571765955 2
1571765956 2
1571765957 1
1571765958 1
1571765959 1
1571765960 1
1571765961 1
1571765962 1
1571765964 1
1571765965 1
1571765966 1
1571765967 2
1571765968 3
1571765969 4
1571765970 3
1571765971 4
1571765972 3
1571765973 3
1571765974 4
1571765975 3
1571765976 3
1571765977 2
1571765978 3
1571765979 5
1571765980 4
1571765981 4
1571765982 4
1571765983 3
1571765984 3
1571765985 3
1571765986 2
1571765987 2
1571765988 2
1571765989 2
1571765990 2
1571765991 3
1571765992 4
1571765993 4
1571765994 4
1571765995 4
1571765996 4
1571765997 5
1571765998 4
1571765999 4
1571766000 4
1571766001 4
1571766002 3
1571766003 3
1571766004 2
1571766005 2
1571766006 2
1571766007 2
1571766008 2
1571766009 2
1571766010 2
1571766011 2
1571766012 2
1571766013 2
1571766014 2
1571766015 2
1571766016 2
1571766017 2
1571766018 2
1571766019 2
1571766020 2
1571766021 2
1571766022 2
1571766023 2
1571766024 2
1571766025 2
1571766026 2
1571766027 2
1571766028 2
1571766029 2
1571766030 2
1571766031 2
1571766032 2
1571766033 2
1571766034 2
1571766035 2
1571766036 2
1571766037 2
1571766038 2
1571766039 2
1571766040 2
1571766041 2
1571766042 2
1571766043 2
1571766044 3
1571766045 4
1571766046 4
1571766047 4
1571766048 4
1571766049 4
1571766050 4
1571766051 3
1571766052 3
1571766053 3
1571766054 3
1571766055 3
1571766056 3
1571766057 3
1571766058 3
1571766059 3
1571766060 3
1571766061 3
1571766062 3
1571766063 3
1571766064 3
1571766065 3
1571766066 3
1571766067 3
1571766068 3
1571766069 3
1571766070 3
1571766071 3
1571766072 3
1571766073 3
1571766074 3
1571766075 3
1571766076 3
1571766077 3
1571766078 3
1571766079 3
1571766080 3
1571766081 3
1571766082 3
1571766083 3
1571766084 3
1571766085 3
1571766086 3
1571766087 3
1571766088 3
1571766089 3
1571766090 3
1571766091 3
1571766092 3
1571766093 3
1571766094 3
1571766095 3
1571766096 3
1571766097 3
1571766098 3
1571766099 3
1571766100 3
1571766101 3
1571766102 3
1571766103 3
1571766104 2
1571766105 2
1571766106 2
1571766107 2
1571766108 2
1571766109 2
1571766110 2
1571766111 2
1571766112 2
1571766113 2
1571766114 2
1571766115 2
1571766116 2
1571766117 2
1571766118 2
1571766119 2
1571766120 2
1571766121 2
1571766122 2
1571766123 2
1571766124 2
1571766125 2
1571766126 2
1571766127 2
1571766128 2
1571766129 2
1571766130 2
1571766131 2
1571766132 2
1571766133 2
1571766134 2
1571766135 2
1571766136 2
1571766137 2
1571766138 2
1571766139 2
1571766140 2
1571766141 2
1571766142 2
1571766143 2
1571766144 2
1571766145 2
1571766146 2
1571766147 3
1571766148 3
1571766149 3
1571766150 3
1571766151 3
1571766152 3
1571766153 3
1571766154 3
1571766155 3
1571766156 3
1571766157 3
1571766158 3
1571766159 3
1571766160 3
1571766161 3
1571766162 3
1571766163 3
1571766164 3
1571766165 3
1571766166 3
1571766167 3
1571766168 3
1571766169 3
1571766170 3
1571766171 3
1571766172 3
1571766173 3
1571766174 3
1571766175 3
1571766176 3
1571766177 3
1571766178 2
1571766179 2
1571766180 3
1571766181 3
1571766182 3
1571766183 3
1571766184 3
1571766185 3
1571766186 3
1571766187 3
1571766188 3
1571766189 3
1571766190 3
1571766191 3
1571766192 3
1571766193 2
1571766194 3
1571766195 3
1571766196 3
1571766197 3
1571766198 3
1571766199 3
1571766200 3
1571766201 3
1571766202 3
1571766203 3
1571766204 3
1571766205 3
1571766206 3
1571766207 3
1571766208 3
1571766209 3
1571766210 3
1571766211 3
1571766212 3
1571766213 3
1571766214 3
1571766215 3
1571766216 3
1571766217 3
1571766218 3
1571766219 3
1571766220 3
1571766221 3
1571766222 3
1571766223 3
1571766224 3
1571766225 3
1571766226 3
1571766227 3
1571766228 3
1571766229 3
1571766230 3
1571766231 3
1571766232 3
1571766233 3
1571766234 3
1571766235 3
1571766236 3
1571766237 3
1571766238 3
1571766239 3
1571766240 3
1571766241 3
1571766242 3
1571766243 3
1571766244 3
1571766245 2
1571766246 2
1571766247 2
1571766248 4
1571766249 4
1571766250 4
1571766251 4
1571766252 4
1571766253 3
1571766254 3
1571766255 3
1571766256 3
1571766257 2
1571766258 2
1571766259 2
1571766260 2
1571766261 2
1571766262 2
1571766263 2
1571766264 2
1571766265 2
1571766266 2
1571766267 2
1571766268 2
1571766269 2
1571766270 2
1571766271 2
1571766272 2
1571766273 2
1571766274 2
1571766275 2
1571766276 2
1571766277 2
1571766278 2
1571766279 2
1571766280 2
1571766281 2
1571766282 2
1571766283 2
1571766284 2
1571766285 2
1571766286 2
1571766287 2
1571766288 2
1571766289 2
1571766290 2
1571766291 2
1571766292 2
1571766293 2
1571766294 2
1571766295 2
1571766296 2
1571766297 2
1571766298 2
1571766299 3
1571766300 3
1571766301 3
1571766302 3
1571766303 3
1571766304 3
1571766305 3
1571766306 3
1571766307 3
1571766308 3
1571766309 3
1571766310 3
1571766311 2
1571766312 4
1571766313 3
1571766314 2
1571766315 3
1571766316 3
1571766317 3
1571766318 3
1571766319 3
1571766320 4
1571766321 5
1571766322 6
1571766323 5
1571766324 4
1571766325 4
1571766326 4
1571766327 4
1571766328 5
1571766329 4
1571766330 2
1571766331 2
1571766332 2
1571766333 2
1571766334 2
1571766335 2
1571766336 1
1571766337 1
1571766338 1
1571766339 2
1571766340 1
1571766341 1
1571766342 1
1571766343 3
1571766344 3
1571766345 3
1571766346 3
1571766347 3
1571766348 2
1571766349 2
1571766350 2
1571766351 3
1571766352 2
1571766353 1
1571766354 1
1571766355 1
1571766356 1
1571766357 2
1571766358 2
1571766359 2
1571766360 3
1571766361 4
1571766362 4
1571766363 4
1571766364 4
1571766365 5
1571766366 5
1571766367 6
1571766368 6
1571766369 6
1571766370 5
1571766371 5
1571766372 4
1571766373 5
1571766374 2
1571766375 3
1571766376 3
1571766377 3
1571766378 3
1571766379 6
1571766380 5
1571766381 4
1571766382 5
1571766383 6
1571766384 6
1571766385 6
1571766386 5
1571766387 4
1571766388 3
1571766389 3
1571766390 2
1571766391 2
1571766392 2
1571766393 2
1571766394 2
1571766395 2
1571766396 3
1571766397 2
1571766398 2
1571766399 2
1571766400 2
1571766401 3
1571766402 3
1571766403 3
1571766404 4
1571766405 3
1571766406 3
1571766407 3
1571766408 3
1571766409 2
1571766410 2
1571766411 4
1571766412 4
1571766413 3
1571766414 2
1571766415 2
1571766416 3
1571766417 3
1571766418 3
1571766419 1
1571766420 1
1571766421 1
1571766422 1
1571766423 1
1571766424 1
1571766425 1
1571766426 2
1571766427 2
1571766428 2
1571766429 2
1571766430 3
1571766431 3
1571766432 3
1571766433 4
1571766434 6
1571766435 6
1571766436 6
1571766437 7
1571766438 6
1571766439 6
1571766440 6
1571766441 6
1571766442 5
1571766443 5
1571766444 5
1571766445 5
1571766446 4
1571766447 4
1571766448 3
1571766449 3
1571766450 3
1571766451 3
1571766452 3
1571766453 2
1571766454 2
1571766455 2
1571766456 2
1571766457 2
1571766458 2
1571766459 2
1571766460 3
1571766461 3
1571766462 3
1571766463 2
1571766464 2
1571766465 2
1571766466 2
1571766467 2
1571766468 2
1571766469 2
1571766470 2
1571766471 2
1571766472 2
1571766473 2
1571766474 2
1571766475 2
1571766476 4
1571766477 2
1571766478 3
1571766479 4
1571766480 4
1571766481 4
1571766482 4
1571766483 4
1571766484 2
1571766485 2
1571766486 2
1571766487 2
1571766488 2
1571766489 2
1571766490 2
1571766491 2
1571766492 2
1571766493 2
1571766494 3
1571766495 2
1571766496 3
1571766497 2
1571766498 2
1571766499 2
1571766500 3
1571766501 2
1571766502 2
1571766503 2
1571766504 2
1571766505 2
1571766506 2
1571766507 2
1571766508 2
1571766509 2
1571766510 2
1571766511 2
1571766512 2
1571766513 2
1571766514 2
1571766515 4
1571766516 2
1571766517 4
1571766518 5
1571766519 5
1571766520 5
1571766521 6
1571766522 5
1571766523 3
1571766524 3
1571766525 2
1571766526 2
1571766527 2
1571766528 2
1571766529 2
1571766530 2
1571766531 2
1571766532 2
1571766533 2
1571766534 2
1571766535 2
1571766536 2
1571766537 2
1571766538 4
1571766539 2
1571766540 2
1571766541 2
1571766542 2
1571766543 2
1571766544 2
1571766545 2
1571766546 3
1571766547 2
1571766548 2
1571766549 3
1571766550 2
1571766551 2
1571766552 2
1571766553 2
1571766554 3
1571766555 2
1571766556 4
1571766557 4
1571766558 4
1571766559 4
1571766560 3
1571766561 3
1571766562 3
1571766563 2
1571766564 2
1571766565 2
1571766566 2
1571766567 2
1571766568 2
1571766569 3
1571766570 2
1571766571 3
1571766572 2
1571766573 3
1571766574 2
1571766575 2
1571766576 2
1571766577 3
1571766578 3
1571766579 2
1571766580 2
1571766581 2
1571766582 2
1571766583 2
1571766584 2
1571766585 2
1571766586 3
1571766587 3
1571766588 3
1571766589 3
1571766590 3
1571766591 4
1571766592 4
1571766593 5
1571766594 3
1571766595 4
1571766596 4
1571766597 4
1571766598 4
1571766599 3
1571766600 3
1571766601 3
1571766602 3
1571766603 2
1571766604 3
1571766605 2
1571766606 2
1571766607 2
1571766608 2
1571766609 2
1571766610 2
1571766611 2
1571766612 2
1571766613 2
1571766614 2
1571766615 2
1571766616 2
1571766617 2
1571766618 2
1571766619 2
1571766620 2
1571766621 2
1571766622 2
1571766623 2
1571766624 3
1571766625 4
1571766626 4
1571766627 5
1571766628 5
1571766629 5
1571766630 5
1571766631 5
1571766632 5
1571766633 5
1571766634 4
1571766635 4
1571766636 4
1571766637 4
1571766638 4
1571766639 3
1571766640 2
1571766641 2
1571766642 2
1571766643 2
1571766644 2
1571766645 2
1571766646 2
1571766647 2
1571766648 2
1571766649 2
1571766650 2
1571766651 2
1571766652 2
1571766653 2
1571766654 2
1571766655 2
1571766656 2
1571766657 2
1571766658 2
1571766659 2
1571766660 2
1571766661 2
1571766662 3
1571766663 3
1571766664 5
1571766665 4
1571766666 4
1571766667 4
1571766668 4
1571766669 3
1571766670 4
1571766671 3
1571766672 3
1571766673 3
1571766674 3
1571766675 3
1571766676 3
1571766677 3
1571766678 3
1571766679 2
1571766680 3
1571766681 2
1571766682 2
1571766683 2
1571766684 3
1571766685 3
1571766686 3
1571766687 2
1571766688 2
1571766689 3
1571766690 2
1571766691 2
1571766692 2
1571766693 2
1571766694 2
1571766695 2
1571766696 3
1571766697 2
1571766698 2
1571766699 2
1571766700 2
1571766701 3
1571766702 3
1571766703 4
1571766704 4
1571766705 4
1571766706 4
1571766707 2
1571766708 2
1571766709 2
1571766710 2
1571766711 2
1571766712 2
1571766713 2
1571766714 2
1571766715 2
1571766716 2
1571766717 2
1571766718 2
1571766719 3
1571766720 2
1571766721 2
1571766722 2
1571766723 2
1571766724 2
1571766725 3
1571766726 2
1571766727 2
1571766728 2
1571766729 2
1571766730 2
1571766731 2
1571766732 2
1571766733 2
1571766734 2
1571766735 2
1571766736 2
1571766737 2
1571766738 2
1571766739 2
1571766740 2
1571766741 3
1571766742 5
1571766743 4
1571766744 4
1571766745 4
1571766746 3
1571766747 2
1571766748 2
1571766749 2
1571766750 2
1571766751 2
1571766752 2
1571766753 2
1571766754 2
1571766755 2
1571766756 2
1571766757 2
1571766758 2
1571766759 2
1571766760 2
1571766761 3
1571766762 2
1571766763 3
1571766764 2
1571766765 2
1571766766 3
1571766767 3
1571766768 2
1571766769 2
1571766770 2
1571766771 2
1571766772 2
1571766773 2
1571766774 2
1571766775 2
1571766776 2
1571766777 2
1571766778 2
1571766779 2
1571766780 3
1571766781 4
1571766782 4
1571766783 4
1571766784 4
1571766785 3
1571766786 3
1571766787 2
1571766788 2
1571766789 2
1571766790 2
1571766791 2
1571766792 2
1571766793 2
1571766794 2
1571766795 3
1571766796 2
1571766797 2
1571766798 2
1571766799 2
1571766800 2
1571766801 2
1571766802 2
1571766803 2
1571766804 2
1571766805 2
1571766806 2
1571766807 2
1571766808 2
1571766809 2
1571766810 2
1571766811 2
1571766812 3
1571766813 3
1571766814 3
1571766815 2
1571766816 2
1571766817 2
1571766818 3
1571766819 2
1571766820 4
1571766821 4
1571766822 5
1571766823 5
1571766824 5
1571766825 5
1571766826 5
1571766827 5
1571766828 4
1571766829 5
1571766830 6
1571766831 5
1571766832 3
1571766833 3
1571766834 2
1571766835 2
1571766836 2
1571766837 2
1571766838 2
1571766839 1
1571766840 1
1571766841 1
1571766842 1
1571766843 1
1571766844 2
1571766845 2
1571766846 4
1571766847 4
1571766848 5
1571766849 5
1571766850 6
1571766851 6
1571766852 4
1571766853 4
1571766854 2
1571766855 2
1571766856 2
1571766857 3
1571766858 3
1571766859 3
1571766860 3
1571766861 3
1571766862 3
1571766863 4
1571766864 4
1571766865 3
1571766866 4
1571766867 4
1571766868 4
1571766869 5
1571766870 4
1571766871 4
1571766872 3
1571766873 2
1571766874 2
1571766875 2
1571766876 2
1571766877 2
1571766878 3
1571766879 3
1571766880 3
1571766881 3
1571766882 2
1571766883 3
1571766884 3
1571766885 4
1571766886 7
1571766887 6
1571766888 5
1571766889 4
1571766890 5
1571766891 5
1571766892 6
1571766893 5
1571766894 6
1571766895 6
1571766896 7
1571766897 6
1571766898 7
1571766899 5
1571766900 5
1571766901 4
1571766902 4
1571766903 4
1571766904 3
1571766905 2
1571766906 2
1571766907 2
1571766908 1
1571766909 2
1571766910 2
1571766911 2
1571766912 2
1571766913 2
1571766914 2
1571766915 3
1571766916 4
1571766917 4
1571766918 4
1571766919 4
1571766920 3
1571766921 3
1571766922 4
1571766923 3
1571766924 2
1571766925 1
1571766926 2
1571766927 1
1571766929 1
1571766930 1
1571766931 1
1571766932 2
1571766933 2
1571766934 2
1571766935 4
1571766936 4
1571766937 4
1571766938 4
1571766939 3
1571766940 3
1571766941 3
1571766942 3
1571766943 5
1571766944 5
1571766945 4
1571766946 3
