1571752094 5
1571752095 2
1571752096 1
1571752097 1
1571752290 4
1571752291 2
1571752292 2
1571752293 1
1571752490 3
1571752491 2
1571752492 2
1571752694 5
1571752695 2
1571752696 2
1571752697 1
1571752891 3
1571752892 1
1571752893 1
1571753085 5
1571753086 3
1571753087 1
1571753282 3
1571753283 1
1571753284 1
1571753285 2
1571753479 4
1571753480 2
1571753481 1
1571753482 2
1571753677 3
1571753678 2
1571753679 2
1571753680 1
1571753874 3
1571753875 2
1571753876 1
1571753877 2
1571760232 2
1571760233 2
1571760234 1
1571760429 4
1571760430 3
1571760431 2
1571760432 1
1571760631 3
1571760632 2
1571760633 1
1571760634 2
1571760827 4
1571760828 2
1571760829 1
1571760830 1
1571760831 2
1571761029 4
1571761030 3
1571761031 1
1571761032 1
1571761237 4
1571761238 2
1571761239 2
1571761240 1
1571761436 3
1571761437 3
1571761438 2
1571761439 1
1571761631 3
1571761632 2
1571761633 2
1571761634 2
1571761828 3
1571761829 2
1571761830 1
1571762035 4
1571762036 1
1571762037 1
1571762038 2
