1581942608 0.76870577
1581944186 0.77105461
1581945133 0.812050771
1581945875 0.0
1581945875 0.0
1581945876 0.0
1581945876 0.0
1581945876 0.0
1581945876 0.043858885
1581945876 0.0
1581945876 0.0
1581946082 0.768329603
1581946083 0.0
1581946083 0.0
1581946083 0.0
1581946449 0.0
1581946449 0.0
1581946449 0.0
1581946449 0.0
1581946450 0.0
1581946450 0.0
1581946450 0.0
1581946450 0.0
1581946450 0.0
1581946450 0.0
1581946450 0.0
1581946450 0.0
1581946450 0.0
1581946650 0.822316631
1581946651 0.0
1581946651 0.0
1581946651 0.0
1581946651 0.0
1581946651 0.0
1581946651 0.0
1581946651 0.0
1581946651 0.0
1581946652 0.0
1581946652 0.0
1581946652 0.0
1581946652 0.0
1581946652 0.0
1581947017 0.0
1581947017 0.0
1581947017 0.0
1581947017 0.0
1581947017 0.0
1581947017 0.0
1581947017 0.0
1581947017 0.0
1581947017 0.0
1581947017 0.0
1581947017 0.0
1581947017 0.0
1581947017 0.0
1581947017 0.0
1581947546 0.713484119
1581948139 0.68002509
1581949032 0.0
1581949032 0.0
1581949032 0.0
1581949032 0.0
1581949032 0.0
1581949032 0.0
1581949032 0.0
1581949032 0.0
1581949247 0.899581488
