1572537404 0.000971054
1572537404 0.045343505
1572537404 0.002059806
1572537404 0.039103001
1572537404 0.00130056
1572537626 0.856850288
1572537626 0.000430026
1572537626 0.007635444
1572537626 0.025630636
1572537626 0.043885726
1572538061 0.001187932
1572538061 0.043339483
1572538061 0.005441892
1572538061 0.026732786
1572538061 0.053082
1572538061 0.001693276
1572538061 0.026486637
1572538279 0.803775435
1572538280 0.000984709
1572538280 0.043466761
1572538280 0.036562407
1572538280 0.001131882
1572538280 0.048936903
1572538280 0.001300479
1572538280 0.015417598
1572538280 0.013040724
1572538280 0.046969451
1572538280 0.047502326
1572538280 4.189e-06
1572538280 0.040148369
1572538721 0.044719374
1572538721 0.001412613
1572538721 0.041749178
1572538721 0.036095447
1572538721 0.051176528
1572538939 0.904676717
1572538939 2.2469e-05
1572538939 0.026730123
1572538939 0.04324857
1572538940 0.044506273
1572538940 0.036856784
1572538940 0.050422592
1572538940 0.001611742
1572538940 0.042844554
1572539374 0.037676662
1572539374 0.050564008
1572539374 0.001158809
1572539374 0.047504232
1572539591 0.891137764
1572539592 0.043370765
1572539592 0.041692458
1572539592 0.044194021
1572539592 0.002275696
1572539592 0.04526706
1572540020 0.034558844
1572540020 0.05936964
1572540020 0.035481608
1572540020 0.00146275
1572540020 0.04467854
1572540020 0.002837169
1572540240 0.808931651
1572540241 0.047184379
1572540241 0.001854225
1572540241 0.030058838
1572540241 0.051763444
1572540241 0.043570501
1572540241 0.002009718
1572540241 0.043190042
1572540926 0.001659708
1572540926 0.033733953
1572540926 0.025734486
1572540926 0.009944539
1572540926 0.04749687
1572540926 0.04447454
1572540926 0.043817597
1572540926 0.00110022
1572541143 0.808875544
1572541144 0.046640404
1572541144 0.002797029
1572541144 0.040932758
1572541144 0.047717169
1572541144 0.002265759
1572541144 0.031204196
1572541144 0.001014902
1572541144 0.020696152
1572541144 0.01324483
1572541144 0.048134295
1572541144 0.002388526
1572541144 0.043831505
1572541144 0.042124545
1572541145 0.051193362
1572541145 0.029399049
1572541145 0.052254746
1572541145 0.002614084
1572541145 0.042702805
1572541580 0.045193084
1572541580 0.051216584
1572541580 0.03598729
1572541580 0.044844104
1572541580 0.043102999
1572541580 0.003311578
1572541580 0.001997161
1572541580 0.019843802
1572541797 0.860233975
1572541798 0.001217143
1572541798 0.061362621
1572541798 0.001282689
1572541798 0.027633068
1572541798 0.00125128
1572541798 0.001423822
1572541798 0.026855362
1572541798 0.046515592
1572541798 0.054179625
1572542228 0.051522829
1572542228 1.9304e-05
1572542228 0.036801025
1572542229 0.044949313
1572542446 0.911674692
1572542447 0.001794495
1572542447 0.02663621
1572542447 0.044436537
1572542447 0.001931381
1572542447 0.033488546
1572542447 0.000745342
1572542447 0.050766162
1572542447 0.045309438
1572542447 0.043568343
1572542876 0.0439197
1572542876 0.000493708
1572543093 0.860611
1572543094 0.038065394
1572543094 0.036446375
1572543094 0.052960412
1572543541 0.003238776
1572543541 0.039009623
1572543541 0.047453458
1572543541 0.043237223
1572543541 0.052249897
1572543541 0.004833074
1572543541 0.016694363
1572543764 0.885159519
1572543765 0.035488015
1572543765 0.001247143
1572543765 0.054518114
1572543765 0.041363846
1572543765 0.042899358
1572543765 0.004792641
1572543765 0.040759209
1572543765 0.026482876
1572543765 0.048658283
