1574696432 3
1574696433 2
1574696434 2
1574696435 2
1574696436 2
1574697011 2
1574697012 2
1574697013 2
1574697014 2
1574697015 2
1574697016 2
1574697017 2
1574697602 2
1574697603 3
1574697604 3
1574697605 2
1574697606 2
1574697607 2
1574698177 3
1574698178 2
1574698179 2
1574698180 2
1574698181 2
1574698761 2
1574698762 2
1574698763 2
1574698764 2
1574698765 2
1574698766 2
1574709546 2
1574709547 2
1574709548 2
1574709549 2
1574709550 2
1574709551 2
1574710833 2
1574710834 2
1574710835 2
1574710836 2
1574710837 2
1574710838 2
