1582898810 2
1582898811 2
1582898812 2
1582898813 2
1582898814 2
1582898815 2
1582899381 3
1582899382 3
1582899383 2
1582899384 2
1582899385 2
1582899949 2
1582899950 2
1582899951 2
1582899952 2
1582899953 2
1582899954 2
1582899955 2
1582900511 3
1582900512 3
1582900513 2
1582900514 2
1582900515 2
1582900516 2
1582902170 3
1582902171 2
1582902172 2
1582902173 2
1582902174 2
1582902816 2
1582902817 2
1582902818 3
1582902819 2
1582902820 2
1582903412 3
1582903413 1
1582903414 2
1582903415 1
1582903416 1
1582903417 2
1582903418 2
1582903419 2
1582903420 2
1582903421 2
1582903422 2
1582903423 2
1582903424 2
1582903425 2
