1575120399 2
1575120400 2
1575120401 2
1575120402 2
1575120403 2
1575120404 2
1575120962 2
1575120963 2
1575120964 2
1575120965 2
1575120966 2
1575120967 2
1575121522 2
1575121523 2
1575121524 2
1575121525 2
1575121526 2
1575121527 2
1575122586 3
1575122587 3
1575122588 3
1575122589 2
1575122590 2
1575123144 3
1575123145 2
1575123146 2
1575123147 2
1575123702 2
1575123703 2
1575123704 2
1575123705 2
1575123706 2
1575124257 2
1575124258 2
1575124259 2
1575124260 2
1575124261 2
1575124262 2
1575124263 2
1575124826 2
1575124827 2
1575124828 2
1575124829 2
1575124830 2
1575125383 2
1575125384 2
1575125385 2
1575125386 2
1575125387 2
1575125388 2
1575125952 2
1575125953 2
1575125954 3
1575125955 2
1575125956 2
