1575386076 4.389420135
1575386389 4.432041324
1575386700 4.241653358
1575387104 4.265480507
1575387412 4.464711879
1575387724 4.178852793
1575388031 4.482398479
1575388339 4.412259993
1575388648 4.264623555
1575388952 4.600306499
1575390513 4.430299755
1575391084 4.488755975
1575391646 4.372880149
1575392458 4.352206716
1575393074 4.423575555
1575393657 4.4531557
1575394222 4.475022731
1575394784 4.337524168
1575395347 4.312066958
1575395915 3.220575879
1575397230 12.867107613
1575397519 46.435308332
1575397797 11.817071549
1575398079 11.662262251
1575398324 11.461056234
1575398550 12.04885974
