1571322945 2
1571322946 2
1571322947 2
1571322948 2
1571322949 3
1571322950 3
1571323267 2
1571323268 2
1571323269 2
1571323270 3
1571323271 3
1571323660 2
1571323661 2
1571323662 2
1571323663 2
1571323664 3
1571324061 2
1571324062 2
1571324063 2
1571324064 3
1571324065 3
1571324066 3
1571324461 2
1571324462 2
1571324463 2
1571324464 2
1571324465 2
1571324466 3
1571325068 2
1571325069 2
1571325070 2
1571325071 3
1571325072 3
1571325264 2
1571325265 2
1571325266 2
1571325267 2
1571325268 2
1571325269 3
1571325463 2
1571325464 2
1571325465 2
1571325466 2
1571325467 2
1571325468 3
1571325668 2
1571325669 2
1571325670 2
1571325671 2
1571325672 3
1571325866 2
1571325867 2
1571325868 2
1571325869 2
1571325870 2
1571325871 3
1571326067 2
1571326068 2
1571326069 2
1571326070 2
1571326071 2
1571326072 3
1571326758 2
1571326759 2
1571326760 2
1571326761 2
1571326762 2
1571326763 3
1571326970 2
1571326971 2
1571326972 2
1571326973 2
1571326974 2
1571326975 3
1571327178 2
1571327179 2
1571327180 2
1571327181 2
1571327182 3
1571327392 2
1571327393 2
1571327394 2
1571327395 2
1571327396 2
1571327397 3
1571327782 2
1571327783 2
1571327784 2
1571327785 2
1571327786 2
1571327787 3
1571328173 2
1571328174 2
1571328175 2
1571328176 2
1571328177 3
1571328178 3
1571328564 2
1571328565 2
1571328566 2
1571328567 2
1571328568 2
1571328569 3
1571328955 2
1571328956 2
1571328957 2
1571328958 3
1571328959 2
1571328960 3
1571329347 2
1571329348 2
1571329349 3
1571329350 3
1571329351 2
1571329352 3
1571329939 2
1571329940 2
1571329941 2
1571329942 2
1571329943 2
1571329944 3
