1575292970 1
1575292971 2
1575292972 1
1575292973 1
1575292974 1
1575292975 1
1575292976 1
1575292977 1
1575292978 2
1575292979 2
1575292980 2
1575292981 3
1575292982 2
1575292983 2
1575292984 1
1575292985 1
1575292986 1
1575292987 1
1575292988 1
1575292989 2
1575292990 3
1575292991 4
1575292992 3
1575292993 2
1575292994 3
1575292995 2
1575292996 2
1575292997 2
1575292998 2
1575292999 2
1575293000 3
1575293001 3
1575293002 3
1575293003 4
1575293004 4
1575293005 3
1575293006 4
1575293007 4
1575293008 4
1575293303 5
1575293304 5
1575293305 5
1575293306 5
1575293307 6
1575293308 5
1575293309 5
1575293310 4
1575293311 2
1575293312 3
1575293313 2
1575293314 2
1575293315 3
1575293316 3
1575293317 2
1575293318 1
1575293319 1
1575293320 1
1575293321 1
1575293322 2
1575293323 3
1575293324 3
1575293325 1
1575293326 1
1575293327 2
1575293328 2
1575293329 2
1575293330 2
1575293331 2
1575293332 2
1575293333 2
1575293334 2
1575293335 2
1575293336 3
1575293337 6
1575293338 3
1575293339 3
1575293340 3
1575293341 3
1575293639 3
1575293640 4
1575293641 4
1575293642 5
1575293643 6
1575293644 5
1575293645 5
1575293646 4
1575293647 5
1575293648 4
1575293649 3
1575293650 3
1575293651 4
1575293652 4
1575293653 4
1575293654 5
1575293655 4
1575293656 3
1575293657 2
1575293658 2
1575293659 2
1575293660 2
1575293661 1
1575293662 2
1575293663 2
1575293664 2
1575293665 2
1575293666 2
1575293667 3
1575293668 2
1575293669 2
1575293670 2
1575293671 2
1575293672 2
1575293673 3
1575293674 5
1575293675 4
1575293676 5
1575293677 7
1575293678 6
1575293679 3
1575293680 3
1575293681 3
1575293982 3
1575293983 3
1575293984 3
1575293985 4
1575293986 4
1575293987 4
1575293988 3
1575293989 4
1575293990 4
1575293991 3
1575293992 5
1575293993 4
1575293994 4
1575293995 2
1575293996 1
1575293997 1
1575293998 1
1575293999 2
1575294000 2
1575294001 2
1575294002 3
1575294003 2
1575294004 2
1575294005 2
1575294006 2
1575294007 2
1575294008 2
1575294009 2
1575294010 3
1575294011 3
1575294012 3
1575294013 3
1575294014 4
1575294015 5
1575294016 4
1575294017 3
1575294018 3
1575294019 3
1575294325 2
1575294326 3
1575294327 2
1575294328 3
1575294329 3
1575294330 3
1575294331 2
1575294332 3
1575294333 3
1575294334 3
1575294335 3
1575294336 3
1575294337 2
1575294338 1
1575294339 1
1575294340 1
1575294341 1
1575294342 2
1575294343 2
1575294344 2
1575294345 2
1575294346 2
1575294347 2
1575294348 3
1575294349 2
1575294350 2
1575294351 2
1575294352 2
1575294353 2
1575294354 3
1575294355 3
1575294356 3
1575294357 5
1575294358 5
1575294359 3
1575294360 3
1575294361 3
1575294362 3
1575295421 2
1575295422 3
1575295423 3
1575295424 3
1575295425 3
1575295426 3
1575295427 3
1575295428 3
1575295429 3
1575295430 3
1575295431 2
1575295432 3
1575295433 3
1575295434 2
1575295435 1
1575295436 1
1575295437 1
1575295438 1
1575295439 1
1575295440 2
1575295441 2
1575295442 2
1575295443 3
1575295444 2
1575295445 2
1575295446 2
1575295447 2
1575295448 2
1575295449 2
1575295450 2
1575295451 2
1575295452 3
1575295453 3
1575295454 3
1575295455 4
1575295456 5
1575295457 5
1575295458 3
1575295459 3
1575295460 3
1575295461 3
1575295775 2
1575295776 3
1575295777 3
1575295778 3
1575295779 3
1575295780 3
1575295781 3
1575295782 1
1575295783 3
1575295784 3
1575295785 4
1575295786 4
1575295787 3
1575295788 3
1575295789 4
1575295790 2
1575295791 1
1575295792 2
1575295793 1
1575295794 1
1575295795 2
1575295796 2
1575295797 2
1575295798 2
1575295799 3
1575295800 2
1575295801 2
1575295802 2
1575295803 2
1575295804 2
1575295805 2
1575295806 2
1575295807 2
1575295808 3
1575295809 3
1575295810 4
1575295811 6
1575295812 6
1575295813 4
1575295814 4
1575295815 4
1575295816 3
1575297549 3
1575297550 3
1575297551 2
1575297552 1
1575297553 1
1575297554 1
1575297555 1
1575297556 3
1575297557 2
1575297558 2
1575297559 3
1575297560 3
1575297561 3
1575297562 4
1575297563 3
1575297564 3
1575297565 3
1575297566 2
1575297567 3
1575297568 4
1575297569 5
1575297570 6
1575297571 6
1575297572 4
1575297573 6
1575297574 5
1575297575 4
1575297576 4
1575297577 4
1575297578 5
1575297579 5
1575298125 3
1575298126 3
1575298127 2
1575298128 2
1575298129 2
1575298130 2
1575298131 1
1575298132 2
1575298133 3
1575298134 3
1575298135 3
1575298136 5
1575298137 4
1575298138 3
1575298139 3
1575298140 1
1575298141 1
1575298142 1
1575298143 2
1575298144 3
1575298145 4
1575298146 2
1575298147 4
1575298148 3
1575298149 4
1575298150 3
1575298151 4
1575298152 4
1575298153 3
1575298154 3
1575298155 3
1575298156 3
1575298157 5
1575298158 5
1575298159 4
1575298160 3
1575298161 4
1575298692 3
1575298693 4
1575298694 2
1575298695 2
1575298696 1
1575298697 1
1575298698 2
1575298699 2
1575298700 3
1575298701 4
1575298702 4
1575298703 3
1575298704 2
1575298705 1
1575298706 1
1575298707 1
1575298708 2
1575298709 3
1575298710 2
1575298711 2
1575298712 3
1575298713 3
1575298714 3
1575298715 3
1575298716 3
1575298717 3
1575298718 3
1575298719 2
1575298720 3
1575298721 3
1575298722 3
1575298723 5
1575298724 7
1575298725 4
1575298726 3
1575298727 3
1575299270 2
1575299271 2
1575299272 3
1575299273 2
1575299274 2
1575299275 1
1575299276 2
1575299277 2
1575299278 3
1575299279 3
1575299280 3
1575299281 2
1575299282 1
1575299283 1
1575299284 1
1575299285 1
1575299286 1
1575299287 2
1575299288 3
1575299289 2
1575299290 2
1575299291 3
1575299292 3
1575299293 3
1575299294 4
1575299295 3
1575299296 3
1575299297 4
1575299298 2
1575299299 3
1575299300 4
1575299301 4
1575299302 5
1575299303 5
1575299304 3
1575299305 4
1575299306 3
1575300466 2
1575300467 4
1575300468 2
1575300469 2
1575300470 2
1575300471 2
1575300472 2
1575300473 3
1575300474 2
1575300475 2
1575300476 3
1575300477 2
1575300478 2
1575300479 1
1575300480 1
1575300481 1
1575300482 1
1575300483 2
1575300484 3
1575300485 2
1575300486 2
1575300487 2
1575300488 2
1575300489 2
1575300490 2
1575300491 2
1575300492 2
1575300493 2
1575300494 3
1575300495 3
1575300496 3
1575300497 4
1575300498 4
1575300499 3
1575300500 3
1575300501 3
1575300502 3
1575301046 3
1575301047 3
1575301048 3
1575301049 2
1575301050 2
1575301051 1
1575301052 1
1575301053 1
1575301054 3
1575301055 3
1575301056 3
1575301057 2
1575301058 2
1575301059 3
1575301060 4
1575301061 2
1575301062 2
1575301063 2
1575301064 2
1575301065 3
1575301066 3
1575301067 4
1575301068 6
1575301069 5
1575301070 6
1575301071 5
1575301072 4
1575301073 4
1575301843 4
1575301844 4
1575301845 2
1575301846 1
1575301849 1
1575301850 2
1575301851 2
1575301852 3
1575301853 3
1575301854 2
1575301855 2
1575301856 1
1575301857 1
1575301858 1
1575301859 1
1575301860 2
1575301861 3
1575301862 2
1575301863 2
1575301864 3
1575301865 4
1575301866 3
1575301867 3
1575301868 3
1575301869 3
1575301870 4
1575301871 3
1575301872 3
1575301873 3
1575301874 4
1575301875 4
1575301876 6
1575301877 6
1575301878 6
1575301879 5
1575301880 4
1575301881 4
