1580217862 4
1580217863 4
1580217864 5
1580217865 5
1580217866 4
1580217867 4
1580217868 5
1580217869 3
1580217870 3
1580217871 4
1580217872 4
1580217873 4
1580217874 4
1580217875 5
1580217876 4
1580217877 3
1580217878 3
1580217879 2
1580217880 1
1580217881 1
1580217882 2
1580217883 2
1580217884 3
1580217885 3
1580217886 3
1580217887 3
1580217888 3
1580217889 3
1580217890 2
1580217891 2
1580217892 2
1580217893 2
1580217894 2
1580217895 3
1580217896 3
1580217897 4
1580217898 5
1580217899 8
1580217900 6
1580217901 6
1580217902 4
1580217903 4
1580218193 3
1580218194 3
1580218195 3
1580218196 2
1580218197 2
1580218198 2
1580218199 2
1580218200 3
1580218201 3
1580218202 2
1580218203 3
1580218204 2
1580218205 2
1580218206 1
1580218207 1
1580218208 1
1580218209 2
1580218210 2
1580218211 3
1580218212 5
1580218213 1
1580218214 2
1580218215 2
1580218216 2
1580218217 2
1580218218 2
1580218219 2
1580218220 2
1580218221 2
1580218222 2
1580218223 3
1580218224 3
1580218225 3
1580218226 4
1580218227 5
1580218228 4
1580218229 3
1580218230 4
1580218231 4
1580218505 3
1580218506 3
1580218507 2
1580218508 2
1580218509 2
1580218510 2
1580218511 2
1580218512 2
1580218513 3
1580218514 3
1580218515 2
1580218516 3
1580218517 2
1580218518 2
1580218519 1
1580218520 1
1580218521 1
1580218522 2
1580218523 2
1580218524 3
1580218525 5
1580218526 4
1580218527 4
1580218528 3
1580218529 4
1580218530 2
1580218531 3
1580218532 4
1580218533 5
1580218534 5
1580218535 4
1580218536 5
1580218537 4
1580218538 4
1580218539 3
1580218540 3
1580218541 3
1580218542 3
1580218543 3
1580218544 2
1580218545 2
1580218546 3
1580218547 3
1580218548 2
1580218549 3
1580218550 3
1580218551 4
1580218552 3
1580218553 3
1580218554 3
1580218555 3
1580218556 4
1580218842 6
1580218843 6
1580218844 5
1580218845 5
1580218846 5
1580218847 6
1580218848 6
1580218849 6
1580218850 5
1580218851 5
1580218852 6
1580218853 7
1580218854 6
1580218855 6
1580218856 5
1580218857 5
1580218858 4
1580218859 3
1580218860 3
1580218861 3
1580218862 4
1580218863 5
1580218864 5
1580218865 3
1580218866 2
1580218867 2
1580218868 3
1580218869 2
1580218870 2
1580218871 2
1580218872 2
1580218873 3
1580218874 3
1580218875 3
1580218876 3
1580218877 5
1580218878 4
1580218879 4
1580218880 4
1580218881 3
1580218882 3
1580219197 6
1580219198 6
1580219199 5
1580219200 5
1580219201 5
1580219202 5
1580219203 6
1580219204 5
1580219205 5
1580219206 5
1580219207 5
1580219208 6
1580219209 6
1580219210 6
1580219211 5
1580219212 5
1580219213 6
1580219214 5
1580219215 4
1580219216 4
1580219217 3
1580219218 3
1580219219 3
1580219220 4
1580219221 3
1580219222 4
1580219223 3
1580219224 2
1580219225 2
1580219226 2
1580219227 2
1580219228 1
1580219229 1
1580219230 1
1580219231 1
1580219232 1
1580219233 1
1580219234 1
1580219235 1
1580219236 2
1580219237 2
1580219238 2
1580219239 2
1580219240 2
1580219241 1
1580219242 1
1580219243 1
1580219244 3
1580219245 2
1580219246 2
1580219247 2
1580219248 3
1580219249 3
1580219250 3
1580219251 3
1580219252 3
1580219253 4
1580219254 5
1580219255 4
1580219256 5
1580219257 5
1580219258 4
1580219259 4
1580222280 4
1580222281 4
1580222282 3
1580222283 3
1580222284 3
1580222285 2
1580222286 2
1580222287 2
1580222288 3
1580222289 3
1580222290 3
1580222291 3
1580222292 3
1580222293 2
1580222294 1
1580222295 1
1580222296 1
1580222297 2
1580222298 2
1580222299 3
1580222300 3
1580222301 2
1580222302 2
1580222303 2
1580222304 2
1580222305 2
1580222306 2
1580222307 2
1580222308 2
1580222309 2
1580222310 3
1580222311 3
1580222312 4
1580222313 4
1580222314 5
1580222315 4
1580222316 4
1580222317 4
1580222596 2
1580222597 2
1580222598 2
1580222599 2
1580222600 2
1580222601 2
1580222602 1
1580222603 3
1580222604 3
1580222605 3
1580222606 4
1580222607 4
1580222608 3
1580222609 5
1580222610 4
1580222611 4
1580222612 4
1580222613 4
1580222614 4
1580222615 5
1580222616 4
1580222617 3
1580222618 3
1580222619 5
1580222620 3
1580222621 4
1580222622 2
1580222623 2
1580222624 2
1580222625 3
1580222626 3
1580222627 3
1580222628 5
1580222629 5
1580222630 5
1580222631 4
1580222632 4
1580222633 3
1580222909 3
1580222910 2
1580222911 1
1580222912 1
1580222913 1
1580222914 2
1580222915 3
1580222916 4
1580222917 4
1580222918 4
1580222919 5
1580222920 4
1580222921 2
1580222922 1
1580222923 1
1580222924 1
1580222925 2
1580222926 3
1580222927 4
1580222928 4
1580222929 3
1580222930 2
1580222931 2
1580222932 2
1580222933 2
1580222934 2
1580222935 2
1580222936 2
1580222937 3
1580222938 3
1580222939 3
1580222940 3
1580222941 5
1580222942 3
1580222943 4
1580222944 3
1580222945 3
1580223588 3
1580223589 4
1580223590 3
1580223591 2
1580223592 2
1580223593 2
1580223594 3
1580223595 2
1580223596 3
1580223597 3
1580223598 6
1580223599 5
1580223600 6
1580223601 6
1580223602 4
1580223603 3
1580223604 2
1580223605 2
1580223606 2
1580223607 5
1580223608 6
1580223609 3
1580223610 3
1580223611 2
1580223612 2
1580223613 2
1580223614 3
1580223615 2
1580223616 1
1580223617 1
1580223618 3
1580223619 3
1580223620 3
1580223621 5
1580223622 5
1580223623 4
1580223624 4
1580223625 7
1580223626 5
1580223627 4
1580223628 3
1580223629 3
1580224155 4
1580224156 2
1580224157 1
1580224158 2
1580224159 2
1580224160 2
1580224161 1
1580224162 2
1580224163 2
1580224164 3
1580224165 4
1580224166 4
1580224167 3
1580224168 4
1580224169 3
1580224170 3
1580224171 4
1580224172 3
1580224173 4
1580224174 2
1580224175 2
1580224176 2
1580224177 2
1580224178 2
1580224179 2
1580224180 2
1580224181 2
1580224182 2
1580224183 2
1580224184 3
1580224185 3
1580224186 3
1580224187 4
1580224188 5
1580224189 3
1580224190 3
1580224191 3
1580224712 3
1580224713 3
1580224714 3
1580224715 2
1580224716 2
1580224717 3
1580224718 3
1580224719 3
1580224720 4
1580224721 4
1580224722 4
1580224723 4
1580224724 4
1580224725 3
1580224726 3
1580224727 3
1580224728 2
1580224729 2
1580224730 2
1580224731 3
1580224732 2
1580224733 2
1580224734 2
1580224735 2
1580224736 2
1580224737 2
1580224738 2
1580224739 2
1580224740 2
1580224741 3
1580224742 3
1580224743 4
1580224744 4
1580224745 3
1580224746 3
1580224747 3
1580224748 3
1580226426 4
1580226427 3
1580226428 2
1580226429 1
1580226430 1
1580226431 1
1580226432 4
1580226433 4
1580226434 5
1580226435 5
1580226436 3
1580226437 4
1580226438 3
1580226439 2
1580226440 3
1580226441 3
1580226442 2
1580226443 2
1580226444 2
1580226445 2
1580226446 3
1580226447 3
1580226448 3
1580226449 6
1580226450 5
1580226451 4
1580226452 5
1580226453 4
1580226454 4
1580226984 3
1580226985 4
1580226986 4
1580226987 3
1580226988 2
1580226989 2
1580226990 2
1580226991 1
1580226992 2
1580226993 2
1580226994 2
1580226995 3
1580226996 2
1580226997 2
1580226998 1
1580226999 1
1580227000 1
1580227001 2
1580227002 2
1580227003 3
1580227004 3
1580227005 2
1580227006 2
1580227007 2
1580227008 3
1580227009 2
1580227010 2
1580227011 2
1580227012 2
1580227013 3
1580227014 3
1580227015 3
1580227016 4
1580227017 5
1580227018 4
1580227019 4
1580227020 3
1580227021 3
1580227581 4
1580227582 3
1580227583 5
1580227584 5
1580227585 3
1580227586 3
1580227587 4
1580227588 3
1580227589 3
1580227590 4
1580227591 4
1580227592 5
1580227593 5
1580227594 3
1580227595 3
1580227596 1
1580227597 2
1580227598 2
1580227599 2
1580227600 4
1580227601 4
1580227602 2
1580227603 2
1580227604 3
1580227605 3
1580227606 2
1580227607 2
1580227608 2
1580227609 2
1580227610 3
1580227611 3
1580227612 4
1580227613 6
1580227614 5
1580227615 6
1580227616 3
1580227617 4
1580227618 4
1580228165 4
1580228166 3
1580228167 3
1580228168 2
1580228169 2
1580228170 2
1580228171 0
1580228172 1
1580228173 1
1580228174 2
1580228175 2
1580228176 3
1580228177 2
1580228178 2
1580228179 1
1580228180 2
1580228181 3
1580228182 3
1580228183 3
1580228184 3
1580228185 3
1580228186 3
1580228187 3
1580228188 2
1580228189 2
1580228190 2
1580228191 2
1580228192 2
1580228193 2
1580228194 3
1580228195 3
1580228196 4
1580228197 5
1580228198 5
1580228199 4
1580228200 4
1580228201 4
1580228202 4
1580228725 2
1580228726 2
1580228727 2
1580228728 2
1580228729 2
1580228730 1
1580228731 2
1580228732 2
1580228733 3
1580228734 3
1580228735 4
1580228736 3
1580228737 2
1580228738 2
1580228739 1
1580228740 1
1580228741 2
1580228742 2
1580228743 2
1580228744 2
1580228745 2
1580228746 2
1580228747 2
1580228748 2
1580228749 2
1580228750 2
1580228751 2
1580228752 2
1580228753 2
1580228754 3
1580228755 3
1580228756 4
1580228757 4
1580228758 3
1580228759 3
1580228760 3
1580228761 3
