1573306799 2
1573306800 3
1573306801 2
1573306802 2
1573306803 2
1573306804 2
1573306805 2
1573306806 3
1573306807 3
1573306808 3
1573306809 3
1573306810 3
1573306811 2
1573306812 2
1573306813 1
1573306814 1
1573306815 1
1573306816 1
1573306817 1
1573306818 2
1573306819 3
1573306820 2
1573306821 2
1573306822 2
1573306823 3
1573306824 2
1573306825 2
1573306826 2
1573306827 2
1573306828 3
1573306829 4
1573306830 3
1573306831 3
1573306832 5
1573306833 4
1573306834 3
1573306835 3
1573306836 3
1573306837 3
1573307137 3
1573307138 3
1573307139 3
1573307140 2
1573307141 2
1573307142 2
1573307143 2
1573307144 3
1573307145 3
1573307146 2
1573307147 3
1573307148 3
1573307149 2
1573307150 2
1573307151 1
1573307152 2
1573307153 2
1573307154 2
1573307155 2
1573307156 3
1573307157 4
1573307158 2
1573307159 2
1573307160 2
1573307161 2
1573307162 2
1573307163 2
1573307164 2
1573307165 3
1573307166 3
1573307167 4
1573307168 5
1573307169 3
1573307170 4
1573307171 6
1573307172 6
1573307173 5
1573307174 3
1573307175 3
1573307458 1
1573307459 2
1573307460 3
1573307461 4
1573307462 4
1573307463 4
1573307464 4
1573307465 3
1573307466 3
1573307467 2
1573307468 2
1573307469 2
1573307470 3
1573307471 3
1573307472 2
1573307473 2
1573307474 2
1573307475 1
1573307476 1
1573307477 1
1573307478 2
1573307479 2
1573307480 2
1573307481 2
1573307482 2
1573307483 2
1573307484 2
1573307485 2
1573307486 2
1573307487 3
1573307488 4
1573307489 4
1573307490 5
1573307491 5
1573307492 7
1573307493 5
1573307494 4
1573307495 3
1573307496 3
1573307497 3
1573307775 1
1573307776 2
1573307777 2
1573307778 2
1573307779 2
1573307780 2
1573307781 1
1573307782 2
1573307783 2
1573307784 2
1573307785 2
1573307786 2
1573307787 2
1573307788 2
1573307789 1
1573307790 1
1573307791 1
1573307792 1
1573307793 1
1573307794 3
1573307795 2
1573307796 2
1573307797 2
1573307798 2
1573307799 2
1573307800 3
1573307801 2
1573307802 3
1573307803 3
1573307804 3
1573307805 3
1573307806 4
1573307807 4
1573307808 5
1573307809 5
1573307810 4
1573307811 4
1573307812 4
1573307813 4
1573308096 2
1573308097 2
1573308098 3
1573308099 4
1573308100 4
1573308101 4
1573308102 2
1573308103 3
1573308104 4
1573308105 3
1573308106 3
1573308107 4
1573308108 3
1573308109 3
1573308110 2
1573308111 2
1573308112 1
1573308113 1
1573308114 2
1573308115 3
1573308116 3
1573308117 2
1573308118 2
1573308119 3
1573308120 2
1573308121 2
1573308122 2
1573308123 3
1573308124 3
1573308125 4
1573308126 3
1573308127 3
1573308128 5
1573308129 5
1573308130 4
1573308131 4
1573308132 4
1573308133 4
1573308425 5
1573308426 5
1573308427 5
1573308428 6
1573308429 5
1573308430 5
1573308431 5
1573308432 4
1573308433 4
1573308434 3
1573308435 4
1573308436 4
1573308437 2
1573308438 2
1573308439 1
1573308440 1
1573308441 1
1573308442 1
1573308443 3
1573308444 3
1573308445 2
1573308446 2
1573308447 2
1573308448 2
1573308449 2
1573308450 2
1573308451 3
1573308452 3
1573308453 4
1573308454 4
1573308455 4
1573308456 5
1573308457 4
1573308458 3
1573308459 5
1573308460 3
1573308461 3
1573308743 2
1573308744 2
1573308745 2
1573308746 2
1573308747 2
1573308748 2
1573308749 3
1573308750 3
1573308751 3
1573308752 3
1573308753 2
1573308754 2
1573308755 1
1573308756 1
1573308757 1
1573308758 1
1573308759 1
1573308760 2
1573308761 3
1573308762 2
1573308763 2
1573308764 2
1573308765 2
1573308766 3
1573308767 2
1573308768 2
1573308769 2
1573308770 3
1573308771 3
1573308772 3
1573308773 3
1573308774 3
1573308775 4
1573308776 5
1573308777 3
1573308778 4
1573308779 3
1573309062 1
1573309063 2
1573309064 2
1573309065 2
1573309066 2
1573309067 2
1573309068 2
1573309069 3
1573309070 2
1573309071 2
1573309072 2
1573309073 3
1573309074 2
1573309075 2
1573309076 1
1573309077 1
1573309078 1
1573309079 1
1573309080 1
1573309081 2
1573309082 3
1573309083 2
1573309084 2
1573309085 2
1573309086 2
1573309087 2
1573309088 2
1573309089 2
1573309090 3
1573309091 3
1573309092 3
1573309093 4
1573309094 3
1573309095 3
1573309096 6
1573309097 6
1573309098 5
1573309099 3
1573309100 3
1573309101 3
1573309393 3
1573309394 4
1573309395 5
1573309396 5
1573309397 4
1573309398 4
1573309399 4
1573309400 2
1573309401 3
1573309402 3
1573309403 4
1573309404 4
1573309405 3
1573309406 3
1573309407 2
1573309408 2
1573309409 2
1573309410 1
1573309411 2
1573309412 3
1573309413 3
1573309414 2
1573309415 2
1573309416 2
1573309417 2
1573309418 2
1573309419 3
1573309420 3
1573309421 3
1573309422 4
1573309423 4
1573309424 4
1573309425 5
1573309426 6
1573309427 4
1573309428 3
1573309429 4
1573309430 4
1573309431 3
1573309432 4
1573310244 2
1573310245 3
1573310246 1
1573310247 1
1573310248 1
1573310249 1
1573310250 2
1573310251 2
1573310252 4
1573310253 4
1573310254 4
1573310255 3
1573310256 4
1573310257 2
1573310258 4
1573310259 3
1573310260 4
1573310261 4
1573310262 3
1573310263 4
1573310264 3
1573310265 3
1573310266 5
1573310267 4
1573310268 4
1573310269 3
1573310270 3
1573310271 3
1573310869 2
1573310870 3
1573310871 3
1573310872 1
1573310873 1
1573310874 1
1573310875 1
1573310876 1
1573310877 2
1573310878 2
1573310879 2
1573310880 2
1573310881 2
1573310882 3
1573310883 2
1573310884 2
1573310885 2
1573310886 3
1573310887 3
1573310888 4
1573310889 4
1573310890 4
1573310891 5
1573310892 6
1573310893 3
1573310894 3
1573310895 4
1573310896 4
1573311484 2
1573311485 2
1573311486 1
1573311487 1
1573311488 1
1573311489 1
1573311490 1
1573311491 1
1573311492 3
1573311493 2
1573311494 2
1573311495 2
1573311496 2
1573311497 2
1573311498 2
1573311499 2
1573311500 3
1573311501 3
1573311502 3
1573311503 4
1573311504 5
1573311505 5
1573311506 6
1573311507 5
1573311508 6
1573311509 5
1573311510 5
1573311511 4
1573312103 1
1573312104 1
1573312105 1
1573312106 1
1573312107 1
1573312108 1
1573312109 1
1573312110 2
1573312111 2
1573312112 2
1573312113 2
1573312114 2
1573312115 2
1573312116 2
1573312117 1
1573312118 1
1573312119 1
1573312120 1
1573312121 1
1573312122 1
1573312123 1
1573312124 1
1573312125 2
1573312126 1
1573312127 1
1573312128 1
1573312129 2
1573312130 1
1573312131 1
1573312132 2
1573312133 2
1573312134 2
1573312135 2
1573312136 2
1573312137 2
1573312138 2
1573312139 2
1573312140 2
1573312141 2
1573312142 2
1573312143 2
1573312144 2
1573312145 2
1573312146 2
1573312147 2
1573312148 2
1573312149 2
1573312150 2
1573312151 2
1573312152 2
1573312153 2
1573312154 2
1573312155 2
1573312156 2
1573312157 2
1573312158 2
1573312159 2
1573312160 2
1573312161 2
1573312162 3
1573312163 2
1573312164 2
1573312165 3
1573312166 3
1573312167 3
1573312168 3
1573312169 3
1573312170 3
1573312171 3
1573312172 3
1573312173 3
1573312174 2
1573312175 3
1573312176 3
1573312177 3
1573312178 3
1573312179 3
1573312180 2
1573312181 3
1573312182 3
1573312183 3
1573312184 2
1573312185 2
1573312186 2
1573312187 2
1573312188 2
1573312189 2
1573312190 2
1573312191 2
1573312192 2
1573312193 2
1573312194 2
1573312195 2
1573312196 2
1573312197 3
1573312198 2
1573312199 2
1573312200 2
1573312201 1
1573312202 2
1573312203 2
1573312204 2
1573312205 2
1573312206 4
1573312207 3
1573312208 3
1573312209 5
1573312210 6
1573312211 4
1573312212 3
1573312213 3
1573312214 3
1573312800 4
1573312801 3
1573312802 2
1573312803 1
1573312804 1
1573312805 1
1573312806 1
1573312807 2
1573312808 2
1573312809 2
1573312810 2
1573312811 2
1573312812 2
1573312813 2
1573312814 3
1573312815 3
1573312816 3
1573312817 4
1573312818 4
1573312819 4
1573312820 4
1573312821 5
1573312822 4
1573312823 3
1573312824 3
1573312825 3
1573313424 3
1573313425 2
1573313426 2
1573313427 1
1573313428 2
1573313429 1
1573313430 1
1573313431 1
1573313432 2
1573313433 3
1573313434 3
1573313435 2
1573313436 2
1573313437 3
1573313438 2
1573313439 2
1573313440 3
1573313441 3
1573313442 3
1573313443 4
1573313444 3
1573313445 3
1573313446 5
1573313447 6
1573313448 5
1573313449 3
1573313450 4
1573313451 4
1573314044 4
1573314045 4
1573314046 4
1573314047 4
1573314048 4
1573314049 4
1573314050 4
1573314051 5
1573314052 5
1573314053 5
1573314054 4
1573314055 4
1573314056 3
1573314057 4
1573314058 3
1573314059 3
1573314060 3
1573314061 3
1573314062 1
1573314063 1
1573314064 2
1573314065 3
1573314066 3
1573314067 2
1573314068 2
1573314069 2
1573314070 3
1573314071 2
1573314072 2
1573314073 3
1573314074 3
1573314075 4
1573314076 3
1573314077 3
1573314078 3
1573314079 4
1573314080 4
1573314081 3
1573314082 3
1573314083 3
1573314673 3
1573314674 3
1573314675 2
1573314676 1
1573314677 1
1573314678 1
1573314679 1
1573314680 2
1573314681 3
1573314682 2
1573314683 2
1573314684 2
1573314685 2
1573314686 2
1573314687 2
1573314688 3
1573314689 3
1573314690 3
1573314691 4
1573314692 4
1573314693 4
1573314694 5
1573314695 5
1573314696 4
1573314697 4
1573314698 4
1573314699 4
