1573208784 4
1573208785 4
1573208786 3
1573208787 2
1573208788 2
1573208789 2
1573208790 1
1573208791 2
1573208792 3
1573208793 2
1573208794 2
1573208795 2
1573208796 2
1573208797 3
1573208798 2
1573208799 2
1573208800 2
1573208801 2
1573208802 2
1573208803 3
1573208804 4
1573208805 3
1573208806 4
1573208807 4
1573208808 6
1573208809 3
1573208810 3
1573208811 3
1573208812 3
1573209434 3
1573209435 2
1573209436 2
1573209437 3
1573209438 3
1573209439 2
1573209440 2
1573209441 2
1573209442 4
1573209443 4
1573209444 4
1573209445 3
1573209446 3
1573209447 2
1573209448 2
1573209449 2
1573209450 3
1573209451 2
1573209452 2
1573209453 2
1573209454 2
1573209455 2
1573209456 2
1573209457 3
1573209458 3
1573209459 3
1573209460 3
1573209461 5
1573209462 5
1573209463 4
1573209464 3
1573209465 3
1573209466 3
1573210103 5
1573210104 5
1573210105 6
1573210106 4
1573210107 3
1573210108 4
1573210109 4
1573210110 2
1573210111 4
1573210112 4
1573210113 4
1573210114 2
1573210115 2
1573210116 2
1573210117 2
1573210118 2
1573210119 2
1573210120 3
1573210121 3
1573210122 2
1573210123 2
1573210124 1
1573210125 2
1573210126 3
1573210127 2
1573210128 1
1573210129 2
1573210130 2
1573210131 2
1573210132 3
1573210133 3
1573210134 5
1573210135 3
1573210136 5
1573210137 4
1573210138 4
1573210139 5
1573210140 4
1573210141 4
1573210142 4
1573210767 3
1573210768 4
1573210769 5
1573210770 4
1573210771 4
1573210772 4
1573210773 3
1573210774 3
1573210775 4
1573210776 3
1573210777 4
1573210778 4
1573210779 5
1573210780 4
1573210781 4
1573210782 2
1573210783 3
1573210784 4
1573210785 1
1573210786 1
1573210787 1
1573210788 1
1573210789 1
1573210790 1
1573210791 1
1573210792 2
1573210793 3
1573210794 3
1573210795 3
1573210796 1
1573210797 1
1573210798 1
1573210799 2
1573210800 3
1573210801 3
1573210802 3
1573210803 3
1573210804 3
1573210805 5
1573210806 5
1573210807 6
1573210808 6
1573210809 5
1573210810 4
1573210811 4
1573211439 3
1573211440 3
1573211441 2
1573211442 2
1573211443 3
1573211444 3
1573211445 3
1573211446 2
1573211447 2
1573211448 2
1573211449 2
1573211450 2
1573211451 2
1573211452 2
1573211453 2
1573211454 2
1573211455 2
1573211456 2
1573211457 2
1573211458 4
1573211459 4
1573211460 4
1573211461 5
1573211462 5
1573211463 6
1573211464 4
1573211465 4
1573211466 4
1573211467 3
1573212740 4
1573212741 2
1573212742 2
1573212743 1
1573212744 1
1573212745 1
1573212746 1
1573212747 2
1573212748 2
1573212749 2
1573212750 2
1573212751 2
1573212752 2
1573212753 2
1573212754 2
1573212755 2
1573212756 2
1573212757 2
1573212758 2
1573212759 3
1573212760 4
1573212761 4
1573212762 4
1573212763 6
1573212764 6
1573212765 5
1573212766 5
1573212767 4
1573212768 4
1573213391 3
1573213392 2
1573213393 1
1573213394 1
1573213395 1
1573213396 1
1573213397 1
1573213398 1
1573213399 2
1573213400 3
1573213401 2
1573213402 2
1573213403 2
1573213404 2
1573213405 3
1573213406 2
1573213407 2
1573213408 2
1573213409 2
1573213410 2
1573213411 3
1573213412 3
1573213413 3
1573213414 3
1573213415 5
1573213416 6
1573213417 3
1573213418 3
1573213419 3
1573213420 3
1573214060 4
1573214061 4
1573214062 3
1573214063 2
1573214064 2
1573214065 2
1573214066 2
1573214067 2
1573214068 2
1573214069 4
1573214070 3
1573214071 2
1573214072 2
1573214073 2
1573214074 1
1573214075 2
1573214076 2
1573214077 2
1573214078 2
1573214079 2
1573214080 2
1573214081 4
1573214082 5
1573214083 4
1573214084 6
1573214085 7
1573214086 6
1573214087 5
1573214088 3
1573214089 3
1573214716 4
1573214717 3
1573214718 2
1573214719 2
1573214720 1
1573214721 1
1573214722 1
1573214723 1
1573214724 2
1573214725 3
1573214726 3
1573214727 2
1573214728 2
1573214729 3
1573214730 3
1573214731 2
1573214732 2
1573214733 2
1573214734 3
1573214735 2
1573214736 3
1573214737 3
1573214738 3
1573214739 4
1573214740 5
1573214741 5
1573214742 5
1573214743 5
1573214744 4
1573214745 4
1573218239 3
1573218240 3
1573218241 3
1573218242 2
1573218243 2
1573218244 1
1573218245 2
1573218246 4
1573218247 4
1573218248 3
1573218249 3
1573218250 4
1573218251 3
1573218252 2
1573218253 1
1573218254 1
1573218255 1
1573218256 1
1573218257 1
1573218258 2
1573218259 2
1573218260 2
1573218261 2
1573218262 2
1573218263 2
1573218264 3
1573218265 2
1573218266 2
1573218267 2
1573218268 2
1573218269 2
1573218270 3
1573218271 3
1573218272 3
1573218273 3
1573218274 5
1573218275 5
1573218276 4
1573218277 3
1573218278 3
1573218279 3
1573218568 3
1573218569 2
1573218570 3
1573218571 2
1573218572 2
1573218573 2
1573218574 3
1573218575 3
1573218576 3
1573218577 2
1573218578 3
1573218579 4
1573218580 4
1573218581 4
1573218582 3
1573218583 3
1573218584 2
1573218585 2
1573218586 3
1573218587 2
1573218588 4
1573218589 3
1573218590 3
1573218591 3
1573218592 3
1573218593 2
1573218594 2
1573218595 3
1573218596 2
1573218597 3
1573218598 1
1573218599 1
1573218600 2
1573218601 4
1573218602 3
1573218603 3
1573218604 3
1573218605 4
1573218606 6
1573218607 4
1573218608 3
1573218609 3
1573218610 3
1573218611 3
