1574710774 0 
1574710775 0 
1569854407 1 
1569854408 0 
1569854409 0 
1569855819 1 
1569855820 0 
1569855821 1 
1571330110 0 
1571330111 0 
1571766465 0 
1571766466 0 
1571766467 0 
1571767248 0 
1571767249 0 
1571767250 0 
1572537379 0 
1572537380 0 
1572538036 0 
1572538037 1 
1572538696 0 
1572538697 0 
1572539349 0 
1572539350 0 
1572539995 1 
1572539996 0 
1572539997 0 
1572540901 1 
1572540902 0 
1572541555 0 
1572541556 0 
1572542203 0 
1572542204 0 
1572542205 0 
1572542851 0 
1572542852 0 
1572543516 0 
1572543517 0 
1572871270 0 
1572871271 0 
1572871920 0 
1572871921 0 
1572872597 0 
1572872598 0 
1572873250 0 
1572873251 0 
1572873903 0 
1572873904 1 
1572874965 1 
1572874966 0 
1572875826 1 
1572875827 0 
1572877051 0 
1572877052 0 
1572877053 0 
1572877701 2 
1572877702 0 
1572877703 0 
1572878929 1 
1572878930 0 
1572878931 0 
1572967336 0 
1572967337 0 
1572967993 2 
1572967994 1 
1572969295 0 
1572969296 0 
1572969297 0 
1572969956 0 
1572969957 0 
1572969958 0 
1572970606 0 
1572970607 0 
1572970608 0 
1572971256 0 
1572971257 0 
1572971919 0 
1572971920 0 
1572972579 1 
1572972580 0 
1572973292 1 
1572973293 0 
1572973945 2 
1572973946 1 
1572974596 1 
1572974597 0 
1573208878 0 
1573208879 1 
1573209533 0 
1573209534 0 
1573210208 1 
1573210209 1 
1573210878 0 
1573210879 0 
1573211534 0 
1573211535 0 
1573211536 0 
1573212183 0 
1573212184 0 
1573212835 0 
1573212836 0 
1573213486 1 
1573213487 0 
1573213488 0 
1573214157 1 
1573214158 0 
1573214812 1 
1573214813 1 
1573214814 0 
1573310338 0 
1573310339 0 
1573310960 0 
1573310961 0 
1573311575 1 
1573311576 1 
1573312279 1 
1573312280 0 
1573312888 0 
1573312889 0 
1573313516 1 
1573313517 1 
1573314148 0 
1573314149 0 
1573314763 0 
1573314764 0 
1574696952 1 
1574696953 1 
1574697543 2 
1574697544 0 
1574698119 0 
1574698120 0 
1574698704 0 
1574698705 0 
1574709487 1 
1574709488 2 
1574709489 1 
1574710774 0 
1574710775 0 
1574956699 1 
1574956700 1 
1574956701 0 
1574957390 2 
1574957391 1 
1574957967 1 
1574957968 0 
1574959149 1 
1574959150 1 
1574960330 2 
1574960331 1 
1574960942 2 
1574960943 1 
1574961579 0 
1574961580 0 
1575033050 1 
1575033051 1 
1575033052 1 
1575033619 0 
1575033620 1 
1575034776 1 
1575034777 1 
1575035348 0 
1575035349 0 
1575036370 0 
1575036371 1 
1575036947 1 
1575036948 1 
1575037506 1 
1575037507 0 
1575038509 1 
1575038510 1 
1575120341 2 
1575120342 2 
1575120904 0 
1575120905 1 
1575120906 0 
1575121465 1 
1575121466 2 
1575122528 1 
1575122529 0 
1575123084 0 
1575123085 0 
1575123086 0 
1575123645 0 
1575123646 0 
1575124200 0 
1575124201 0 
1575125324 2 
1575125325 1 
1575125894 0 
1575125895 0 
1575297639 1 
1575297640 1 
1575297641 1 
1575298220 0 
1575298787 0 
1575298788 0 
1575298789 0 
1575299365 0 
1575299366 0 
1575299367 0 
1575299938 0 
1575299939 1 
1575300558 2 
1575300559 0 
1575301129 1 
1575301130 0 
1575301939 0 
1575301940 0 
1575390125 0 
1575390126 1 
1575390693 1 
1575390694 2 
1575391261 1 
1575391262 0 
1575391827 1 
1575391828 0 
1575392635 0 
1575392636 0 
1575392637 0 
1575393272 0 
1575393273 1 
1575393832 1 
1575393833 1 
1575394398 1 
1575394399 0 
1575394961 0 
1575394962 0 
1575395524 0 
1575395525 0 
1575562360 0 
1575562361 0 
1575563058 0 
1575563059 0 
1575563705 0 
1575563706 1 
1575564302 0 
1575564303 1 
1575564885 0 
1575564886 0 
1575564887 0 
1575565451 0 
1575565452 0 
1575566019 0 
1575566020 0 
1575566605 0 
1575566606 1 
1575568531 0 
1575568532 0 
1579190978 1 
1579190979 0 
1579192156 1 
1579192157 0 
1579192737 1 
1579192738 0 
1579193301 1 
1579193302 0 
1579193892 1 
1579193893 2 
1579194459 1 
1579194460 1 
1579195026 1 
1579195027 0 
1579195616 1 
1579195617 0 
1579195618 0 
1579196180 2 
1579196181 0 
1579359386 0 
1579359387 0 
1579360524 0 
1579361636 1 
1579361637 1 
1579362190 3 
1579362191 2 
1579363878 0 
1579363879 0 
1579364437 2 
1579364438 0 