1579186486 2
1579186487 2
1579186488 2
1579186489 2
1579186490 2
1579186491 3
1579186492 3
1579186493 4
1579186494 3
1579187843 3
1579187844 2
1579187845 2
1579187846 2
1579187847 2
1579187848 3
1579187849 3
1579187850 4
1579187851 3
1579188176 2
1579188177 2
1579188178 2
1579188179 2
1579188180 2
1579188181 3
1579188182 4
1579188183 4
1579188184 4
1579188622 2
1579188623 2
1579188624 2
1579188625 2
1579188626 2
1579188627 4
1579188628 4
1579188629 3
1579188630 4
1579189155 2
1579189156 2
1579189157 2
1579189158 2
1579189159 2
1579189160 3
1579189161 4
1579189162 4
1579189163 5
1579189164 6
1579189487 3
1579189488 2
1579189489 2
1579189490 2
1579189491 2
1579189492 2
1579189493 4
1579189494 3
1579189495 4
1579189496 5
1579190156 2
1579190157 2
1579190158 2
1579190159 2
1579190160 2
1579190161 3
1579190162 4
1579190163 5
1579190164 5
1579190492 2
1579190493 2
1579190494 2
1579190495 2
1579190496 2
1579190497 4
1579190498 4
1579190499 4
1579190500 4
1579191279 3
1579191280 2
1579191281 2
1579191282 2
1579191283 2
1579191284 2
1579191285 4
1579191286 4
1579191287 4
1579191288 5
1579192459 3
1579192460 2
1579192461 2
1579192462 2
1579192463 2
1579192464 2
1579192465 4
1579192466 5
1579192467 5
1579193629 2
1579193630 2
1579193631 2
1579193632 2
1579193633 2
1579193634 4
1579193635 5
1579193636 3
1579193637 5
1579194193 2
1579194194 2
1579194195 2
1579194196 2
1579194197 2
1579194198 2
1579194199 3
1579194200 4
1579194201 5
1579194202 5
1579195327 2
1579195328 2
1579195329 2
1579195330 2
1579195331 2
1579195332 3
1579195333 5
1579195334 5
1579195335 7
1579196479 2
1579196480 2
1579196481 2
1579196482 2
1579196483 2
1579196484 3
1579196485 3
1579196486 4
1579196487 5
