1580306919 3
1580306920 2
1580306921 2
1580306922 2
1580306923 2
1580306924 2
1580306925 4
1580306926 4
1580306927 4
1580306928 5
1580307797 2
1580307798 2
1580307799 2
1580307800 2
1580307801 2
1580307802 2
1580307803 3
1580307804 3
1580307805 3
1580307806 4
1580308110 4
1580308111 2
1580308112 2
1580308113 2
1580308114 2
1580308115 3
1580308116 3
1580308117 3
1580308118 3
1580308425 2
1580308426 2
1580308427 2
1580308428 2
1580308429 2
1580308430 2
1580308431 3
1580308432 3
1580308433 3
1580308434 3
1580310627 3
1580310628 2
1580310629 2
1580310630 2
1580310631 2
1580310632 3
1580310633 4
1580310634 3
1580310635 4
1580310941 2
1580310942 2
1580310943 2
1580310944 2
1580310945 2
1580310946 3
1580310947 5
1580310948 4
1580310949 3
1580311251 3
1580311252 3
1580311253 3
1580311254 2
1580311255 2
1580311256 3
1580311257 3
1580311258 3
1580311259 3
1580311260 3
1580311935 5
1580311936 3
1580311937 3
1580311938 2
1580311939 2
1580311940 4
1580311941 3
1580311942 4
1580311943 3
1580312544 3
1580312545 3
1580312546 3
1580312547 3
1580312548 2
1580312549 4
1580312550 4
1580312551 3
1580312552 3
1580313124 2
1580313125 2
1580313126 2
1580313127 2
1580313128 2
1580313129 3
1580313130 3
1580313131 6
1580313132 6
1580314004 4
1580314005 3
1580314006 3
1580314007 2
1580314008 2
1580314009 4
1580314010 4
1580314011 4
1580314012 5
1580315200 2
1580315201 2
1580315202 2
1580315203 2
1580315204 2
1580315205 3
1580315206 3
1580315207 4
1580315208 5
1580315762 2
1580315763 2
1580315764 2
1580315765 2
1580315766 2
1580315767 3
1580315768 3
1580315769 4
1580315770 6
1580317621 2
1580317622 2
1580317623 2
1580317624 2
1580317625 2
1580317626 3
1580317627 3
1580317628 4
1580317629 4
