1572869964 4.52638145
1572870353 4.706382059
1572870538 4.55838199
1572870755 4.566727675
1572871094 4.379814799
1572871744 4.64102811
1572872393 4.728582562
1572873075 4.566118228
1572873724 4.592368353
1572875635 6.212352911
1572876872 4.606423687
1572877526 4.597147374
1572878737 4.478522497
1572879865 4.648874887
1572880147 4.692489502
1572880483 4.698891206
1572880822 4.602459406
1572881168 4.566937323
1572881503 4.690320755
1572881835 4.552484363
1572882166 4.576241728
1572882556 4.292660174
1572882905 4.521751932
1572883246 4.602496508
