1571751978 5.967624658
1571752173 5.846176632
1571752373 6.06029891
1571752772 6.003297681
1571752968 5.950986999
1571753166 5.952541005
1571753363 5.713736756
1571753561 5.852323707
1571753756 5.770150028
1571754065 5.811539653
1571754462 5.911025629
1571754855 5.950788618
1571755258 5.857707354
1571755822 5.680682811
1571756491 5.932118059
1571756902 5.856174453
1571757351 5.851562116
1571757740 5.77541539
1571758140 5.860699816
1571758530 5.888036353
1571760115 6.687039087
1571760311 5.789343241
1571760512 5.79509409
1571760710 5.881525911
1571760909 5.888106468
1571761121 5.791377907
1571761320 5.792203748
1571761515 5.82985673
1571761711 5.763363558
1571762145 5.859338606
1571762934 6.018055765
1571763322 5.86710362
1571763713 6.023491656
1571764119 6.635123819
1571764531 5.844514369
1571764923 5.803654784
1571765311 5.702737757
1571765703 5.830275093
1571766280 6.007508697
1571767062 5.84907964
