1572965359 1.952384465
1572965527 1.035140712
1572965694 2.108576481
1572965863 1.942068349
1572966034 1.954816932
1572966200 2.038033388
1572966372 2.008006813
1572966556 1.998966958
1572966736 1.305299886
1572966899 1.999736122
1572967170 1.999270805
1572967826 2.011962537
1572969130 2.041446598
1572969783 2.018937304
1572970443 2.0007688
1572971095 2.018378765
1572971757 2.120883707
1572972416 2.072122952
1572973129 1.982954494
1572973782 2.008981681
1572974431 2.035682769
1572975161 2.09071116
1572975488 2.092527951
1572975838 2.600033166
1572976231 2.047430927
1572976569 2.010868077
1572976899 1.999587344
1572977229 2.087241313
1572977592 1.871397731
1572977940 2.079850105
