1579351735 1.885563353
1579351902 1.84024876
1579352062 1.7515492
1579352223 2.036279705
1579352386 2.000758141
1579352550 2.052345495
1579352707 1.908878198
1579352869 1.91267686
1579353032 1.922687523
1579353195 1.837485151
1579354077 2.079217115
1579354383 1.953531417
1579354694 1.98773529
1579355005 1.842912489
1579355312 1.756371848
1579355622 1.715654823
1579355932 2.254136076
1579356236 1.758677582
1579356544 1.792844955
1579356849 2.077143631
1579359256 1.975803438
1579359828 1.968045832
1579360392 1.838424968
1579360950 1.799082839
1579361506 1.821793196
1579362060 2.003929641
1579362616 1.764262809
1579363176 1.751351192
1579363745 1.875802644
1579364306 2.088495195
