1570543193 7
1570543194 6
1570543195 7
1570543196 10
1570543197 8
1570543198 6
1570543199 8
1570543200 10
1570543201 7
1570543551 6
1570543552 6
1570543553 6
1570543554 8
1570543555 11
1570543556 6
1570543557 7
1570543558 8
1570543559 8
1570543762 9
1570543763 11
1570543764 10
1570543765 10
1570543766 7
1570543767 7
1570543768 7
1570543769 8
1570543770 8
1570544679 7
1570544680 6
1570544681 6
1570544682 8
1570544683 7
1570544684 4
1570544685 6
1570544686 8
1570544687 9
1570544937 5
1570544938 7
1570544939 8
1570544940 7
1570544941 9
1570544942 10
1570544943 9
1570544944 9
1570544945 10
1570544946 6
1570545138 9
1570545139 5
1570545140 6
1570545141 7
1570545142 7
1570545143 4
1570545144 6
1570545145 7
1570545146 9
1570545355 7
1570545356 8
1570545357 8
1570545358 6
1570545359 9
1570545360 10
1570545361 10
1570545362 8
1570545363 9
1570545364 9
1570545365 9
1570545366 8
