1572265040 3
1572265041 3
1572265042 3
1572265043 3
1572265044 3
1572265045 3
1572265046 3
1572265047 3
1572265048 3
1572265049 3
1572265050 3
1572265051 3
1572265052 2
1572265053 3
1572265054 3
1572265055 4
1572265056 3
1572265057 4
1572265058 5
1572265059 7
1572265060 7
1572265061 6
1572265062 7
1572265063 5
1572265064 6
1572265065 6
1572265066 5
1572265067 4
1572265068 7
1572265069 5
1572265070 5
1572265071 4
1572265072 4
1572265073 3
1572265074 3
1572265075 3
1572265076 2
1572265077 2
1572265078 2
1572265079 4
1572265237 3
1572265238 3
1572265239 3
1572265240 3
1572265241 3
1572265242 4
1572265243 5
1572265244 5
1572265245 4
1572265246 4
1572265247 4
1572265248 2
1572265249 2
1572265250 3
1572265251 3
1572265252 4
1572265253 3
1572265254 5
1572265255 6
1572265256 8
1572265257 6
1572265258 6
1572265259 4
1572265260 4
1572265261 5
1572265262 5
1572265263 3
1572265264 4
1572265265 6
1572265266 5
1572265267 4
1572265268 6
1572265269 3
1572265270 3
1572265271 2
1572265272 2
1572265273 2
1572265274 2
1572265275 2
1572265276 4
1572265435 3
1572265436 3
1572265437 3
1572265438 3
1572265439 3
1572265440 3
1572265441 4
1572265442 4
1572265443 4
1572265444 3
1572265445 2
1572265446 2
1572265447 2
1572265448 2
1572265449 2
1572265450 3
1572265451 4
1572265452 5
1572265453 6
1572265454 7
1572265455 8
1572265456 8
1572265457 5
1572265458 5
1572265459 5
1572265460 6
1572265461 4
1572265462 3
1572265463 4
1572265464 6
1572265465 4
1572265466 4
1572265467 4
1572265468 4
1572265469 4
1572265470 2
1572265471 2
1572265472 2
1572265473 2
1572265474 4
1572265633 3
1572265634 3
1572265635 4
1572265636 4
1572265637 3
1572265638 3
1572265639 3
1572265640 6
1572265641 5
1572265642 4
1572265643 4
1572265644 2
1572265645 2
1572265646 2
1572265647 2
1572265648 3
1572265649 4
1572265650 4
1572265651 5
1572265652 7
1572265653 8
1572265654 6
1572265655 5
1572265656 3
1572265657 4
1572265658 6
1572265659 5
1572265660 4
1572265661 4
1572265662 5
1572265663 6
1572265664 4
1572265665 6
1572265666 4
1572265667 4
1572265668 3
1572265669 2
1572265670 2
1572265671 2
1572265672 2
1572265673 3
1572265835 3
1572265836 4
1572265837 5
1572265838 5
1572265839 4
1572265840 3
1572265841 3
1572265842 3
1572265843 3
1572265844 3
1572265845 3
1572265846 3
1572265847 3
1572265848 3
1572265849 3
1572265850 2
1572265851 2
1572265852 3
1572265853 2
1572265854 3
1572265855 4
1572265856 4
1572265857 6
1572265858 7
1572265859 6
1572265860 5
1572265861 6
1572265862 6
1572265863 6
1572265864 7
1572265865 5
1572265866 3
1572265867 6
1572265868 6
1572265869 5
1572265870 6
1572265871 5
1572265872 4
1572265873 4
1572265874 3
1572265875 3
1572265876 2
1572265877 2
1572265878 4
1572266041 3
1572266042 3
1572266043 3
1572266044 3
1572266045 3
1572266046 3
1572266047 3
1572266048 4
1572266049 3
1572266050 2
1572266051 2
1572266052 2
1572266053 2
1572266054 2
1572266055 2
1572266056 4
1572266057 4
1572266058 5
1572266059 6
1572266060 8
1572266061 6
1572266062 5
1572266063 5
1572266064 5
1572266065 4
1572266066 5
1572266067 3
1572266068 3
1572266069 6
1572266070 7
1572266071 6
1572266072 8
1572266073 4
1572266074 3
1572266075 3
1572266076 3
1572266077 2
1572266078 2
1572266079 2
1572266080 3
1572266234 4
1572266235 4
1572266236 4
1572266237 4
1572266238 3
1572266239 4
1572266240 3
1572266241 3
1572266242 3
1572266243 3
1572266244 3
1572266245 3
1572266246 2
1572266247 2
1572266248 3
1572266249 4
1572266250 3
1572266251 5
1572266252 4
1572266253 6
1572266254 6
1572266255 7
1572266256 7
1572266257 7
1572266258 8
1572266259 7
1572266260 7
1572266261 6
1572266262 6
1572266263 7
1572266264 6
1572266265 8
1572266266 7
1572266267 7
1572266268 4
1572266269 6
1572266270 4
1572266271 4
1572266272 4
1572266273 3
1572266274 3
1572266275 3
1572266276 4
1572266277 3
1572266438 3
1572266439 3
1572266440 3
1572266441 4
1572266442 4
1572266443 3
1572266444 3
1572266445 3
1572266446 3
1572266447 3
1572266448 3
1572266449 2
1572266450 1
1572266451 1
1572266452 3
1572266453 4
1572266454 4
1572266455 6
1572266456 7
1572266457 7
1572266458 7
1572266459 6
1572266460 6
1572266461 6
1572266462 5
1572266463 6
1572266464 3
1572266465 5
1572266466 6
1572266467 6
1572266468 4
1572266469 6
1572266470 3
1572266471 3
1572266472 2
1572266473 2
1572266474 2
1572266475 2
1572266476 2
1572266477 4
1572266638 3
1572266639 3
1572266640 3
1572266641 3
1572266642 3
1572266643 3
1572266644 3
1572266645 3
1572266646 4
1572266647 3
1572266648 2
1572266649 2
1572266650 2
1572266651 2
1572266652 3
1572266653 3
1572266654 4
1572266655 5
1572266656 6
1572266657 6
1572266658 6
1572266659 4
1572266660 5
1572266661 5
1572266662 5
1572266663 5
1572266664 3
1572266665 6
1572266666 8
1572266667 6
1572266668 6
1572266669 5
1572266670 4
1572266671 4
1572266672 2
1572266673 2
1572266674 2
1572266675 2
1572266676 3
1572266677 4
1572266836 4
1572266837 3
1572266838 3
1572266839 3
1572266840 3
1572266841 3
1572266842 4
1572266843 5
1572266844 3
1572266845 2
1572266846 2
1572266847 2
1572266848 1
1572266849 1
1572266850 2
1572266851 3
1572266852 1
1572266853 1
1572266854 2
1572266855 3
1572266856 4
1572266857 4
1572266858 4
1572266859 7
1572266860 7
1572266861 7
1572266862 5
1572266863 6
1572266864 5
1572266865 4
1572266866 4
1572266867 4
1572266868 7
1572266869 7
1572266870 6
1572266871 6
1572266872 4
1572266873 4
1572266874 3
1572266875 2
1572266876 2
1572266877 2
1572266878 3
1572266879 3
1572274107 3
1572274108 3
1572274109 3
1572274110 3
1572274111 3
1572274112 3
1572274113 3
1572274114 3
1572274115 3
1572274116 3
1572274117 3
1572274118 2
1572274119 2
1572274120 2
1572274121 3
1572274122 3
1572274123 5
1572274124 7
1572274125 7
1572274126 7
1572274127 6
1572274128 6
1572274129 6
1572274130 5
1572274131 4
1572274132 6
1572274133 6
1572274134 5
1572274135 7
1572274136 4
1572274137 4
1572274138 2
1572274139 2
1572274140 2
1572274141 3
1572274142 4
1572274280 2
1572274281 2
1572274282 3
1572274283 3
1572274284 3
1572274285 3
1572274286 3
1572274287 3
1572274288 2
1572274289 2
1572274290 2
1572274291 2
1572274292 2
1572274293 2
1572274294 3
1572274295 3
1572274296 5
1572274297 6
1572274298 7
1572274299 6
1572274300 5
1572274301 6
1572274302 6
1572274303 4
1572274304 3
1572274305 7
1572274306 5
1572274307 5
1572274308 4
1572274309 3
1572274310 2
1572274311 2
1572274312 2
1572274313 2
1572274314 4
1572274453 4
1572274454 4
1572274455 4
1572274456 4
1572274457 4
1572274458 4
1572274459 3
1572274460 2
1572274461 2
1572274462 2
1572274463 4
1572274464 3
1572274465 5
1572274466 6
1572274467 7
1572274468 5
1572274469 5
1572274470 6
1572274471 6
1572274472 4
1572274473 6
1572274474 6
1572274475 7
1572274476 7
1572274477 4
1572274478 3
1572274479 4
1572274480 3
1572274481 3
1572274482 5
1572274483 6
1572274617 3
1572274618 3
1572274619 3
1572274620 3
1572274621 4
1572274622 4
1572274623 3
1572274624 3
1572274625 3
1572274626 3
1572274627 3
1572274628 3
1572274629 3
1572274630 2
1572274631 4
1572274632 3
1572274633 6
1572274634 6
1572274635 6
1572274636 5
1572274637 5
1572274638 5
1572274639 7
1572274640 5
1572274641 5
1572274642 5
1572274643 5
1572274644 5
1572274645 4
1572274646 4
1572274647 6
1572274648 6
1572274649 7
1572274650 3
1572274651 3
1572274652 3
1572274653 2
1572274654 2
1572274655 2
1572274656 3
1572274789 3
1572274790 3
1572274791 3
1572274792 3
1572274793 3
1572274794 3
1572274795 3
1572274796 3
1572274797 3
1572274798 3
1572274799 3
1572274800 2
1572274801 2
1572274802 2
1572274803 4
1572274804 4
1572274805 5
1572274806 7
1572274807 8
1572274808 7
1572274809 6
1572274810 6
1572274811 6
1572274812 6
1572274813 5
1572274814 6
1572274815 6
1572274816 5
1572274817 4
1572274818 4
1572274819 4
1572274820 2
1572274821 2
1572274822 2
1572274823 4
1572274959 3
1572274960 3
1572274961 3
1572274962 3
1572274963 3
1572274964 3
1572274965 3
1572274966 3
1572274967 3
1572274968 3
1572274969 2
1572274970 2
1572274971 2
1572274972 2
1572274973 4
1572274974 4
1572274975 6
1572274976 7
1572274977 7
1572274978 6
1572274979 6
1572274980 6
1572274981 7
1572274982 4
1572274983 6
1572274984 7
1572274985 5
1572274986 6
1572274987 5
1572274988 3
1572274989 2
1572274990 2
1572274991 2
1572274992 3
1572274993 5
1572275128 3
1572275129 3
1572275130 3
1572275131 3
1572275132 3
1572275133 3
1572275134 3
1572275135 3
1572275136 3
1572275137 2
1572275138 2
1572275139 2
1572275140 2
1572275141 3
1572275142 4
1572275143 5
1572275144 5
1572275145 5
1572275146 6
1572275147 6
1572275148 6
1572275149 6
1572275150 7
1572275151 6
1572275152 6
1572275153 4
1572275154 5
1572275155 5
1572275156 6
1572275157 6
1572275158 6
1572275159 4
1572275160 4
1572275161 3
1572275162 2
1572275163 2
1572275164 3
1572275165 4
1572275307 4
1572275308 3
1572275309 3
1572275310 3
1572275311 3
1572275312 3
1572275313 4
1572275314 4
1572275315 4
1572275316 2
1572275317 2
1572275318 2
1572275319 2
1572275320 4
1572275321 3
1572275322 4
1572275323 5
1572275324 7
1572275325 6
1572275326 6
1572275327 7
1572275328 6
1572275329 6
1572275330 5
1572275331 5
1572275332 6
1572275333 7
1572275334 8
1572275335 4
1572275336 3
1572275337 3
1572275338 2
1572275339 2
1572275340 4
1572275341 5
1572275475 3
1572275476 3
1572275477 3
1572275478 3
1572275479 3
1572275480 3
1572275481 3
1572275482 3
1572275483 3
1572275484 4
1572275485 5
1572275486 3
1572275487 4
1572275488 3
1572275489 4
1572275490 5
1572275491 6
1572275492 6
1572275493 7
1572275494 6
1572275495 6
1572275496 6
1572275497 6
1572275498 6
1572275499 6
1572275500 5
1572275501 6
1572275502 7
1572275503 7
1572275504 7
1572275505 4
1572275506 3
1572275507 3
1572275508 2
1572275509 2
1572275510 2
1572275511 3
1572275650 3
1572275651 3
1572275652 3
1572275653 3
1572275654 3
1572275655 3
1572275656 3
1572275657 3
1572275658 3
1572275659 3
1572275660 5
1572275661 2
1572275662 2
1572275663 2
1572275664 4
1572275665 4
1572275666 6
1572275667 7
1572275668 7
1572275669 8
1572275670 6
1572275671 6
1572275672 6
1572275673 4
1572275674 6
1572275675 7
1572275676 6
1572275677 6
1572275678 5
1572275679 4
1572275680 2
1572275681 2
1572275682 2
1572275683 2
1572275684 4
