1573752464 3
1573752465 3
1573752466 3
1573752467 3
1573752468 3
1573752469 3
1573752470 3
1573752471 4
1573752472 3
1573752473 2
1573752474 2
1573752475 2
1573752476 2
1573752477 4
1573752478 4
1573752479 5
1573752480 7
1573752481 6
1573752482 3
1573752483 4
1573752484 5
1573752485 6
1573752486 5
1573752487 6
1573752488 5
1573752489 7
1573752490 4
1573752491 4
1573752492 2
1573752493 2
1573752494 3
1573752495 4
1573752722 3
1573752723 3
1573752724 3
1573752725 3
1573752726 3
1573752727 3
1573752728 3
1573752729 3
1573752730 3
1573752731 3
1573752732 2
1573752733 2
1573752734 2
1573752735 3
1573752736 4
1573752737 5
1573752738 8
1573752739 5
1573752740 4
1573752741 4
1573752742 4
1573752743 4
1573752744 5
1573752745 6
1573752746 6
1573752747 7
1573752748 3
1573752749 3
1573752750 3
1573752751 2
1573752752 2
1573752753 4
1573752881 3
1573752882 3
1573752883 3
1573752884 3
1573752885 3
1573752886 3
1573752887 3
1573752888 4
1573752889 3
1573752890 3
1573752891 3
1573752892 2
1573752893 2
1573752894 4
1573752895 4
1573752896 6
1573752897 7
1573752898 5
1573752899 4
1573752900 5
1573752901 5
1573752902 5
1573752903 5
1573752904 7
1573752905 6
1573752906 5
1573752907 4
1573752908 3
1573752909 3
1573752910 2
1573752911 2
1573752912 3
1573752913 3
1573753039 3
1573753040 3
1573753041 3
1573753042 3
1573753043 3
1573753044 3
1573753045 3
1573753046 3
1573753047 3
1573753048 3
1573753049 2
1573753050 2
1573753051 2
1573753052 3
1573753053 3
1573753054 4
1573753055 6
1573753056 6
1573753057 5
1573753058 4
1573753059 4
1573753060 5
1573753061 4
1573753062 6
1573753063 6
1573753064 6
1573753065 6
1573753066 4
1573753067 3
1573753068 2
1573753069 2
1573753070 2
1573753071 4
1573753197 3
1573753198 3
1573753199 3
1573753200 3
1573753201 3
1573753202 3
1573753203 4
1573753204 3
1573753205 3
1573753206 3
1573753207 2
1573753208 2
1573753209 2
1573753210 3
1573753211 5
1573753212 5
1573753213 7
1573753214 7
1573753215 3
1573753216 4
1573753217 5
1573753218 4
1573753219 4
1573753220 6
1573753221 6
1573753222 7
1573753223 4
1573753224 3
1573753225 2
1573753226 2
1573753227 2
1573753228 3
1573753351 3
1573753352 3
1573753353 3
1573753354 3
1573753355 3
1573753356 3
1573753357 3
1573753358 3
1573753359 4
1573753360 4
1573753361 4
1573753362 3
1573753363 3
1573753364 3
1573753365 4
1573753366 5
1573753367 5
1573753368 7
1573753369 7
1573753370 4
1573753371 5
1573753372 5
1573753373 4
1573753374 4
1573753375 7
1573753376 6
1573753377 7
1573753378 3
1573753379 3
1573753380 3
1573753381 2
1573753382 2
1573753383 3
1573753510 3
1573753511 3
1573753512 3
1573753513 3
1573753514 3
1573753515 3
1573753516 3
1573753517 3
1573753518 3
1573753519 3
1573753520 3
1573753521 3
1573753522 2
1573753523 3
1573753524 4
1573753525 5
1573753526 7
1573753527 7
1573753528 5
1573753529 6
1573753530 4
1573753531 5
1573753532 3
1573753533 6
1573753534 6
1573753535 5
1573753536 5
1573753537 3
1573753538 3
1573753539 2
1573753540 2
1573753541 2
1573753542 3
1573753664 3
1573753665 3
1573753666 3
1573753667 3
1573753668 3
1573753669 3
1573753670 3
1573753671 3
1573753672 3
1573753673 3
1573753674 3
1573753675 2
1573753676 2
1573753677 4
1573753678 3
1573753679 6
1573753680 7
1573753681 6
1573753682 4
1573753683 4
1573753684 6
1573753685 4
1573753686 5
1573753687 6
1573753688 5
1573753689 7
1573753690 4
1573753691 2
1573753692 2
1573753693 2
1573753694 2
1573753695 3
1573753826 3
1573753827 3
1573753828 3
1573753829 3
1573753830 3
1573753831 3
1573753832 3
1573753833 3
1573753834 3
1573753835 2
1573753836 2
1573753837 2
1573753838 3
1573753839 4
1573753840 5
1573753841 6
1573753842 7
1573753843 4
1573753844 4
1573753845 5
1573753846 5
1573753847 4
1573753848 7
1573753849 6
1573753850 5
1573753851 6
1573753852 4
1573753853 3
1573753854 2
1573753855 2
1573753856 3
1573753857 3
1573754646 3
1573754647 3
1573754648 3
1573754649 3
1573754650 3
1573754651 3
1573754652 3
1573754653 3
1573754654 3
1573754655 3
1573754656 2
1573754657 2
1573754658 3
1573754659 4
1573754660 5
1573754661 7
1573754662 5
1573754663 4
1573754664 4
1573754665 5
1573754666 4
1573754667 4
1573754668 7
1573754669 7
1573754670 8
1573754671 5
1573754672 3
1573754673 3
1573754674 2
1573754675 2
1573754676 3
1573754677 3
1573754805 3
1573754806 3
1573754807 3
1573754808 3
1573754809 3
1573754810 3
1573754811 3
1573754812 3
1573754813 4
1573754814 4
1573754815 4
1573754816 3
1573754817 3
1573754818 3
1573754819 4
1573754820 5
1573754821 7
1573754822 7
1573754823 6
1573754824 5
1573754825 4
1573754826 5
1573754827 4
1573754828 6
1573754829 6
1573754830 5
1573754831 4
1573754832 4
1573754833 2
1573754834 2
1573754835 2
1573754836 2
1573754837 4
1573754966 3
1573754967 3
1573754968 3
1573754969 3
1573754970 3
1573754971 3
1573754972 3
1573754973 4
1573754974 4
1573754975 3
1573754976 2
1573754977 2
1573754978 2
1573754979 3
1573754980 4
1573754981 4
1573754982 6
1573754983 6
1573754984 5
1573754985 5
1573754986 4
1573754987 5
1573754988 3
1573754989 6
1573754990 6
1573754991 6
1573754992 6
1573754993 3
1573754994 2
1573754995 2
1573754996 2
1573754997 2
1573754998 3
1573755134 4
1573755135 4
1573755136 4
1573755137 4
1573755138 4
1573755139 4
1573755140 4
1573755141 4
1573755142 4
1573755143 3
1573755144 3
1573755145 2
1573755146 2
1573755147 4
1573755148 5
1573755149 7
1573755150 7
1573755151 4
1573755152 3
1573755153 5
1573755154 4
1573755155 5
1573755156 6
1573755157 6
1573755158 5
1573755159 4
1573755160 3
1573755161 3
1573755162 2
1573755163 2
1573755164 5
1573755294 4
1573755295 3
1573755296 3
1573755297 3
1573755298 3
1573755299 3
1573755300 3
1573755301 3
1573755302 3
1573755303 4
1573755304 4
1573755305 4
1573755306 4
1573755307 3
1573755308 3
1573755309 3
1573755310 4
1573755311 5
1573755312 7
1573755313 6
1573755314 5
1573755315 4
1573755316 5
1573755317 5
1573755318 4
1573755319 7
1573755320 6
1573755321 6
1573755322 4
1573755323 3
1573755324 3
1573755325 2
1573755326 3
1573755327 3
1573755452 3
1573755453 3
1573755454 3
1573755455 3
1573755456 3
1573755457 3
1573755458 3
1573755459 3
1573755460 3
1573755461 3
1573755462 3
1573755463 2
1573755464 2
1573755465 2
1573755466 4
1573755467 4
1573755468 5
1573755469 8
1573755470 7
1573755471 4
1573755472 4
1573755473 5
1573755474 5
1573755475 5
1573755476 6
1573755477 5
1573755478 7
1573755479 4
1573755480 4
1573755481 3
1573755482 2
1573755483 2
1573755484 3
1573755485 4
1573755608 3
1573755609 3
1573755610 3
1573755611 3
1573755612 3
1573755613 3
1573755614 3
1573755615 3
1573755616 3
1573755617 2
1573755618 2
1573755619 2
1573755620 2
1573755621 3
1573755622 4
1573755623 5
1573755624 7
1573755625 7
1573755626 3
1573755627 5
1573755628 5
1573755629 4
1573755630 4
1573755631 6
1573755632 5
1573755633 6
1573755634 4
1573755635 3
1573755636 2
1573755637 2
1573755638 2
1573755639 3
1573755767 3
1573755768 3
1573755769 3
1573755770 3
1573755771 3
1573755772 3
1573755773 3
1573755774 3
1573755775 3
1573755776 2
1573755777 2
1573755778 2
1573755779 3
1573755780 4
1573755781 5
1573755782 7
1573755783 6
1573755784 4
1573755785 5
1573755786 4
1573755787 4
1573755788 4
1573755789 6
1573755790 6
1573755791 7
1573755792 3
1573755793 3
1573755794 3
1573755795 2
1573755796 2
1573755797 3
1573755924 3
1573755925 3
1573755926 3
1573755927 3
1573755928 3
1573755929 3
1573755930 3
1573755931 3
1573755932 3
1573755933 3
1573755934 3
1573755935 2
1573755936 2
1573755937 3
1573755938 5
1573755939 5
1573755940 7
1573755941 7
1573755942 6
1573755943 6
1573755944 5
1573755945 5
1573755946 4
1573755947 6
1573755948 6
1573755949 5
1573755950 4
1573755951 3
1573755952 3
1573755953 2
1573755954 2
1573755955 2
1573755956 4
1573756081 3
1573756082 3
1573756083 3
1573756084 3
1573756085 3
1573756086 3
1573756087 3
1573756088 3
1573756089 4
1573756090 4
1573756091 3
1573756092 3
1573756093 2
1573756094 2
1573756095 4
1573756096 4
1573756097 5
1573756098 7
1573756099 6
1573756100 3
1573756101 4
1573756102 5
1573756103 3
1573756104 6
1573756105 6
1573756106 5
1573756107 7
1573756108 3
1573756109 4
1573756110 2
1573756111 2
1573756112 2
1573756113 4
