1575297684 2
1575297685 2
1575297686 2
1575297687 2
1575297688 2
1575298264 2
1575298265 2
1575298266 2
1575298267 2
1575298832 2
1575298833 2
1575298834 2
1575298835 2
1575298836 2
1575299409 2
1575299410 2
1575299411 2
1575299412 2
1575299413 2
1575299981 2
1575299982 2
1575299983 2
1575299984 2
1575299985 2
1575299986 2
1575300601 2
1575300602 2
1575300603 2
1575300604 2
1575300605 2
1575301172 2
1575301173 2
1575301174 2
1575301175 2
1575301176 2
1575301983 2
1575301984 2
1575301985 2
1575301986 2
1575301987 2
