1582113275 2.169063796
1582113607 2.213655581
1582113769 2.201230039
1582113946 2.48389509
1582114108 2.714508603
1582114271 2.652184007
1582114438 2.340109249
1582114603 2.444090345
1582114766 2.448075791
1582114931 2.789167028
1582115260 2.742162528
1582115423 2.669262108
1582115587 2.305672451
1582115750 2.704720337
1582116095 1.914092718
1582119135 2.24212776
1582119304 2.238920289
1582119656 2.116313771
1582119818 2.29663672
1582119989 2.319491327
1582120161 2.468685182
1582121297 2.080594707
1582125202 2.704917228
1582125362 2.317670215
1582126012 2.479150355
1582126180 2.361503307
1582126342 2.006398454
1582126509 2.250897227
1582126670 2.545539854
1582126837 2.335636309
1582126998 2.71774814
1582127159 2.732931216
1582127329 2.61981674
1582127495 2.457436392
1582127659 2.769519815
1582127824 2.799001268
1582127983 2.716558993
1582128150 2.679628742
1582128490 2.601081149
1582128653 2.717235244
1582128819 2.613280708
1582128982 2.636953277
1582129154 2.770808935
1582129313 2.731401524
1582129474 2.575114516
1582129638 2.52413458
