1575112792 10.732616797
1575112953 10.919269416
1575113115 11.308113755
1575113276 10.051175938
1575113433 11.391518404
1575113593 11.161919502
1575113750 11.099034849
1575113908 11.173016555
1575114065 11.159267695
1575114233 11.093046987
1575114402 11.021363462
1575114706 10.993713287
1575115016 11.046543413
1575115325 11.25560351
1575115634 11.178432247
1575115949 11.279500148
1575116260 11.338533494
1575116572 11.097076186
1575116879 11.330966993
1575117187 11.06068237
1575120209 10.977849708
1575120771 11.352567748
1575121330 11.117613302
1575122393 11.159017032
1575122952 10.964545822
1575123508 11.105082897
1575124068 11.205863143
1575124622 11.127986969
1575125188 11.148081375
1575125757 11.215276579
