1571751969 15.17435739
1571752164 15.009043966
1571752363 15.472616963
1571752567 15.669074074
1571752763 15.042403915
1571752959 15.10652098
1571753156 15.311619695
1571753353 14.987769617
1571753551 14.968288618
1571753747 14.884416065
1571754055 15.34644149
1571754452 15.380012489
1571754845 15.31598734
1571755248 14.979923585
1571755812 14.936212424
1571756481 15.020394326
1571756892 15.259089024
1571757342 15.181763759
1571757731 15.170054009
1571758130 14.996044464
1571758520 15.113220652
1571760104 16.608933458
1571760301 15.103684035
1571760502 15.058188849
1571760701 15.171245511
1571760900 15.180374718
1571761111 14.951488429
1571761311 14.915145978
1571761506 14.920678495
1571761701 14.959780462
1571762135 15.036530103
1571762924 15.296160405
1571763314 13.23025443
1571763703 15.108037058
1571764108 16.782611212
1571764521 15.110824524
1571764913 14.985246353
1571765302 14.774739929
1571765693 15.044847508
1571766270 15.203594579
1571767052 15.143895478
