1572965356 12.166954472
1572965523 12.082717414
1572965691 12.192460577
1572965860 12.213514889
1572966031 11.987843678
1572966197 12.290278333
1572966369 12.11677772
1572966553 12.140646514
1572966725 19.520697531
1572966896 12.157339028
1572967167 12.137553613
1572967823 12.192426124
1572969127 12.065439761
1572969780 15.593246659
1572970440 12.003516587
1572971091 12.227995228
1572971754 12.345173194
1572972413 12.225001196
1572973126 12.057035601
1572973779 12.113618778
1572974428 12.185270932
1572975158 12.167024865
1572975485 12.125834842
1572975834 15.012430621
1572976228 12.807319776
1572976566 12.223253732
1572976896 12.065612202
1572977226 12.034595883
1572977589 12.133606697
1572977937 12.197807009
