1572869974 12.086071697
1572870142 12.072466016
1572870363 12.258558923
1572870548 12.337494798
1572870765 12.062496788
1572871103 12.327006409
1572871754 12.121820425
1572872403 12.27802615
1572873084 12.119016423
1572873734 11.990833887
1572874796 12.200803461
1572875647 13.560355094
1572876881 12.210943189
1572877536 12.138374519
1572878747 27.46880467
1572879875 12.135375996
1572880157 12.320833985
1572880493 12.025700887
1572880832 12.200454311
1572881178 11.980411527
1572881513 11.953311187
1572881845 12.167142617
1572882176 12.113807974
1572882566 12.173498655
1572882915 12.75299866
1572883256 12.068835762
