1571396056 2
1571396057 2
1571396058 2
1571396059 2
1571396060 3
1571396061 3
1571396062 3
1571396063 3
1571396064 4
1571396065 3
1571396066 3
1571396067 3
1571396068 4
1571396069 4
1571396070 4
1571396071 3
1571396072 3
1571396073 3
1571396074 4
1571396075 4
1571396076 5
1571396077 5
1571396078 5
1571396079 6
1571396080 6
1571396081 5
1571396082 7
1571396083 6
1571396084 7
1571396085 7
1571396086 7
1571396087 5
1571396088 5
1571396089 3
1571396090 7
1571396091 5
1571396092 5
1571396093 5
1571396094 5
1571396095 4
1571396096 3
1571396097 3
1571396098 3
