1573831879 3
1573831880 3
1573831881 3
1573831882 3
1573831883 3
1573831884 3
1573831885 3
1573831886 3
1573831887 3
1573831888 2
1573831889 2
1573831890 2
1573831891 3
1573831892 4
1573831893 5
1573831894 7
1573831895 5
1573831896 5
1573831897 4
1573831898 4
1573831899 4
1573831900 6
1573831901 7
1573831902 6
1573831903 7
1573831904 4
1573831905 3
1573831906 2
1573832031 3
1573832032 3
1573832033 3
1573832034 3
1573832035 3
1573832036 3
1573832037 3
1573832038 3
1573832039 3
1573832040 2
1573832041 3
1573832042 3
1573832043 4
1573832044 5
1573832045 6
1573832046 7
1573832047 6
1573832048 4
1573832049 5
1573832050 5
1573832051 4
1573832052 4
1573832053 8
1573832054 7
1573832055 8
1573832056 5
1573832057 3
1573832058 3
1573832059 2
1573832513 3
1573832514 3
1573832515 3
1573832516 3
1573832517 3
1573832518 3
1573832519 4
1573832520 4
1573832521 4
1573832522 2
1573832523 2
1573832524 2
1573832525 3
1573832526 4
1573832527 5
1573832528 7
1573832529 6
1573832530 4
1573832531 4
1573832532 5
1573832533 4
1573832534 5
1573832535 8
1573832536 6
1573832537 6
1573832538 4
1573832539 3
1573832540 3
1573832541 2
1573833176 3
1573833177 3
1573833178 3
1573833179 3
1573833180 3
1573833181 3
1573833182 4
1573833183 4
1573833184 4
1573833185 2
1573833186 2
1573833187 2
1573833188 3
1573833189 4
1573833190 5
1573833191 7
1573833192 7
1573833193 5
1573833194 4
1573833195 4
1573833196 5
1573833197 5
1573833198 7
1573833199 6
1573833200 6
1573833201 4
1573833202 3
1573833203 2
1573833339 3
1573833340 3
1573833341 3
1573833342 3
1573833343 4
1573833344 4
1573833345 3
1573833346 4
1573833347 3
1573833348 3
1573833349 3
1573833350 4
1573833351 2
1573833352 3
1573833353 4
1573833354 5
1573833355 7
1573833356 5
1573833357 5
1573833358 4
1573833359 5
1573833360 5
1573833361 4
1573833362 8
1573833363 6
1573833364 5
1573833365 4
1573833366 3
1573833367 3
1573833654 3
1573833655 3
1573833656 3
1573833657 3
1573833658 3
1573833659 3
1573833660 3
1573833661 3
1573833662 3
1573833663 2
1573833664 2
1573833665 2
1573833666 2
1573833667 4
1573833668 4
1573833669 5
1573833670 8
1573833671 6
1573833672 3
1573833673 4
1573833674 4
1573833675 5
1573833676 6
1573833677 7
1573833678 6
1573833679 7
1573833680 4
1573833681 3
1573833682 2
