1575556526 3
1575556527 4
1575556528 4
1575556529 4
1575556530 4
1575556531 4
1575556532 4
1575556533 4
1575556534 4
1575556535 3
1575556536 2
1575556537 2
1575556538 2
1575556539 4
1575556540 2
1575556541 4
1575556542 5
1575556543 7
1575556544 6
1575556545 7
1575556546 7
1575556547 7
1575556548 7
1575556549 5
1575556550 7
1575556551 7
1575556552 6
1575556553 5
1575556554 3
1575556555 3
1575556688 4
1575556689 4
1575556690 4
1575556691 4
1575556692 4
1575556693 5
1575556694 4
1575556695 4
1575556696 3
1575556697 3
1575556698 3
1575556699 3
1575556700 2
1575556701 3
1575556702 3
1575556703 4
1575556704 7
1575556705 4
1575556706 5
1575556707 7
1575556708 5
1575556709 5
1575556710 8
1575556711 6
1575556712 5
1575556713 7
1575556714 4
1575556715 4
1575556716 2
1575556852 3
1575556853 4
1575556854 4
1575556855 4
1575556856 4
1575556857 3
1575556858 3
1575556859 3
1575556860 3
1575556861 3
1575556862 3
1575556863 2
1575556864 2
1575556865 2
1575556866 2
1575556867 3
1575556868 3
1575556869 4
1575556870 7
1575556871 5
1575556872 5
1575556873 7
1575556874 8
1575556875 6
1575556876 6
1575556877 7
1575556878 7
1575556879 6
1575556880 4
1575556881 3
1575556882 3
1575557214 3
1575557215 3
1575557216 4
1575557217 4
1575557218 4
1575557219 4
1575557220 3
1575557221 3
1575557222 4
1575557223 4
1575557224 3
1575557225 3
1575557226 3
1575557227 2
1575557228 3
1575557229 3
1575557230 5
1575557231 6
1575557232 5
1575557233 4
1575557234 6
1575557235 6
1575557236 5
1575557237 6
1575557238 7
1575557239 6
1575557240 6
1575557241 4
1575557242 3
1575557243 3
1575557399 3
1575557400 4
1575557401 4
1575557402 4
1575557403 4
1575557404 3
1575557405 5
1575557406 5
1575557407 5
1575557408 3
1575557409 3
1575557410 2
1575557411 3
1575557412 3
1575557413 4
1575557414 6
1575557415 7
1575557416 5
1575557417 5
1575557418 7
1575557419 5
1575557420 5
1575557421 7
1575557422 8
1575557423 6
1575557424 8
1575557425 5
1575557426 3
1575557427 2
1575557572 3
1575557573 4
1575557574 4
1575557575 4
1575557576 4
1575557577 4
1575557578 3
1575557579 3
1575557580 3
1575557581 3
1575557582 2
1575557583 2
1575557584 2
1575557585 2
1575557586 3
1575557587 3
1575557588 5
1575557589 7
1575557590 5
1575557591 5
1575557592 7
1575557593 7
1575557594 4
1575557595 6
1575557596 7
1575557597 6
1575557598 7
1575557599 4
1575557600 3
1575557601 3
1575558204 3
1575558205 4
1575558206 4
1575558207 4
1575558208 4
1575558209 3
1575558210 3
1575558211 3
1575558212 3
1575558213 3
1575558214 2
1575558215 2
1575558216 2
1575558217 2
1575558218 3
1575558219 4
1575558220 5
1575558221 6
1575558222 5
1575558223 5
1575558224 7
1575558225 7
1575558226 5
1575558227 6
1575558228 7
1575558229 6
1575558230 7
1575558231 4
1575558232 3
1575558233 3
