1573752464 3
1573752465 3
1573752466 3
1573752467 3
1573752468 3
1573752469 3
1573752470 3
1573752471 4
1573752472 3
1573752473 2
1573752474 2
1573752475 2
1573752476 2
1573752477 4
1573752478 4
1573752479 5
1573752480 7
1573752481 6
1573752482 3
1573752483 4
1573752484 5
1573752485 6
1573752486 5
1573752487 6
1573752488 5
1573752489 7
1573752490 4
1573752491 4
1573752492 2
1573752722 3
1573752723 3
1573752724 3
1573752725 3
1573752726 3
1573752727 3
1573752728 3
1573752729 3
1573752730 3
1573752731 3
1573752732 2
1573752733 2
1573752734 2
1573752735 3
1573752736 4
1573752737 5
1573752738 8
1573752739 5
1573752740 4
1573752741 4
1573752742 4
1573752743 4
1573752744 5
1573752745 6
1573752746 6
1573752747 7
1573752748 3
1573752749 3
1573752750 3
1573753197 3
1573753198 3
1573753199 3
1573753200 3
1573753201 3
1573753202 3
1573753203 4
1573753204 3
1573753205 3
1573753206 3
1573753207 2
1573753208 2
1573753209 2
1573753210 3
1573753211 5
1573753212 5
1573753213 7
1573753214 7
1573753215 3
1573753216 4
1573753217 5
1573753218 4
1573753219 4
1573753220 6
1573753221 6
1573753222 7
1573753223 4
1573753224 3
1573753225 2
1573753351 3
1573753352 3
1573753353 3
1573753354 3
1573753355 3
1573753356 3
1573753357 3
1573753358 3
1573753359 4
1573753360 4
1573753361 4
1573753362 3
1573753363 3
1573753364 3
1573753365 4
1573753366 5
1573753367 5
1573753368 7
1573753369 7
1573753370 4
1573753371 5
1573753372 5
1573753373 4
1573753374 4
1573753375 7
1573753376 6
1573753377 7
1573753378 3
1573753379 3
1573753380 3
1573754646 3
1573754647 3
1573754648 3
1573754649 3
1573754650 3
1573754651 3
1573754652 3
1573754653 3
1573754654 3
1573754655 3
1573754656 2
1573754657 2
1573754658 3
1573754659 4
1573754660 5
1573754661 7
1573754662 5
1573754663 4
1573754664 4
1573754665 5
1573754666 4
1573754667 4
1573754668 7
1573754669 7
1573754670 8
1573754671 5
1573754672 3
1573754673 3
1573755134 4
1573755135 4
1573755136 4
1573755137 4
1573755138 4
1573755139 4
1573755140 4
1573755141 4
1573755142 4
1573755143 3
1573755144 3
1573755145 2
1573755146 2
1573755147 4
1573755148 5
1573755149 7
1573755150 7
1573755151 4
1573755152 3
1573755153 5
1573755154 4
1573755155 5
1573755156 6
1573755157 6
1573755158 5
1573755159 4
1573755160 3
1573755161 3
1573755162 2
1573755294 4
1573755295 3
1573755296 3
1573755297 3
1573755298 3
1573755299 3
1573755300 3
1573755301 3
1573755302 3
1573755303 4
1573755304 4
1573755305 4
1573755306 4
1573755307 3
1573755308 3
1573755309 3
1573755310 4
1573755311 5
1573755312 7
1573755313 6
1573755314 5
1573755315 4
1573755316 5
1573755317 5
1573755318 4
1573755319 7
1573755320 6
1573755321 6
1573755322 4
1573755323 3
1573755324 3
1573755608 3
1573755609 3
1573755610 3
1573755611 3
1573755612 3
1573755613 3
1573755614 3
1573755615 3
1573755616 3
1573755617 2
1573755618 2
1573755619 2
1573755620 2
1573755621 3
1573755622 4
1573755623 5
1573755624 7
1573755625 7
1573755626 3
1573755627 5
1573755628 5
1573755629 4
1573755630 4
1573755631 6
1573755632 5
1573755633 6
1573755634 4
1573755635 3
1573755636 2
