1582026883 3
1582026884 3
1582026885 3
1582026886 3
1582026887 3
1582026888 3
1582026889 3
1582026890 4
1582026891 4
1582026892 4
1582026893 3
1582026894 3
1582026895 3
1582026896 4
1582026897 3
1582026898 4
1582026899 7
1582026900 6
1582026901 5
1582026902 7
1582026903 6
1582026904 4
1582026905 6
1582026906 7
1582026907 8
1582026908 8
1582026909 4
1582026910 3
1582026911 3
1582027045 3
1582027046 3
1582027047 3
1582027048 3
1582027049 3
1582027050 3
1582027051 4
1582027052 4
1582027053 4
1582027054 5
1582027055 4
1582027056 3
1582027057 3
1582027058 2
1582027059 4
1582027060 4
1582027061 5
1582027062 6
1582027063 5
1582027064 5
1582027065 5
1582027066 5
1582027067 6
1582027068 6
1582027069 6
1582027070 6
1582027071 8
1582027072 3
1582027073 3
1582027074 3
1582027208 4
1582027209 4
1582027210 4
1582027211 3
1582027212 3
1582027213 3
1582027214 3
1582027215 3
1582027216 3
1582027217 3
1582027218 3
1582027219 3
1582027220 2
1582027221 2
1582027222 4
1582027223 3
1582027224 4
1582027225 7
1582027226 6
1582027227 4
1582027228 4
1582027229 5
1582027230 5
1582027231 5
1582027232 6
1582027233 7
1582027234 7
1582027235 7
1582027236 4
1582027237 3
1582027238 2
1582027789 3
1582027790 3
1582027791 3
1582027792 3
1582027793 3
1582027794 3
1582027795 3
1582027796 3
1582027797 3
1582027798 3
1582027799 3
1582027800 2
1582027801 2
1582027802 2
1582027803 4
1582027804 3
1582027805 4
1582027806 6
1582027807 5
1582027808 4
1582027809 5
1582027810 6
1582027811 5
1582027812 4
1582027813 6
1582027814 7
1582027815 7
1582027816 8
1582027817 4
1582027818 3
1582027819 2
1582028289 4
1582028290 4
1582028291 4
1582028292 4
1582028293 4
1582028294 4
1582028295 4
1582028296 4
1582028297 4
1582028298 4
1582028299 3
1582028300 2
1582028301 2
1582028302 2
1582028303 4
1582028304 3
1582028305 5
1582028306 6
1582028307 5
1582028308 4
1582028309 4
1582028310 5
1582028311 5
1582028312 5
1582028313 6
1582028314 7
1582028315 6
1582028316 7
1582028317 4
1582028318 2
1582028319 2
