1573831422 4
1573831423 4
1573831424 5
1573831425 4
1573831426 4
1573831427 4
1573831428 4
1573831429 4
1573831430 4
1573831431 4
1573831432 3
1573831433 2
1573831434 2
1573831435 2
1573831436 2
1573831437 2
1573831438 2
1573831439 2
1573831440 2
1573831441 2
1573831442 2
1573831443 2
1573831444 2
1573831445 2
1573831446 2
1573831447 2
1573831448 2
1573831449 2
1573831450 2
1573831451 2
1573831452 2
1573831453 2
1573831454 2
1573831455 2
1573831456 4
1573831457 5
1573831580 4
1573831581 4
1573831582 4
1573831583 3
1573831584 3
1573831585 3
1573831586 3
1573831587 3
1573831588 3
1573831589 2
1573831590 2
1573831591 2
1573831592 2
1573831593 2
1573831594 2
1573831595 2
1573831596 2
1573831597 2
1573831598 2
1573831599 2
1573831600 2
1573831601 2
1573831602 2
1573831603 2
1573831604 2
1573831605 2
1573831606 2
1573831607 2
1573831608 2
1573831609 2
1573831610 2
1573831611 2
1573831612 2
1573831613 2
1573831614 4
1573831615 4
1573831738 4
1573831739 4
1573831740 3
1573831741 4
1573831742 4
1573831743 4
1573831744 3
1573831745 3
1573831746 3
1573831747 2
1573831748 2
1573831749 2
1573831750 2
1573831751 2
1573831752 2
1573831753 2
1573831754 2
1573831755 2
1573831756 2
1573831757 2
1573831758 2
1573831759 2
1573831760 2
1573831761 2
1573831762 2
1573831763 2
1573831764 2
1573831765 2
1573831766 2
1573831767 2
1573831768 2
1573831769 2
1573831770 2
1573831771 2
1573831772 2
1573831773 4
1573831774 5
1573831910 5
1573831911 4
1573831912 3
1573831913 3
1573831914 3
1573831915 3
1573831916 3
1573831917 3
1573831918 3
1573831919 3
1573831920 2
1573831921 2
1573831922 2
1573831923 2
1573831924 2
1573831925 2
1573831926 2
1573831927 2
1573831928 2
1573831929 2
1573831930 2
1573831931 2
1573831932 2
1573831933 2
1573831934 2
1573831935 2
1573831936 2
1573831937 2
1573831938 2
1573831939 2
1573831940 2
1573831941 2
1573831942 2
1573831943 2
1573831944 4
1573831945 4
1573832062 4
1573832063 4
1573832064 4
1573832065 3
1573832066 3
1573832067 3
1573832068 3
1573832069 3
1573832070 3
1573832071 3
1573832072 2
1573832073 2
1573832074 2
1573832075 2
1573832076 2
1573832077 2
1573832078 2
1573832079 2
1573832080 2
1573832081 2
1573832082 2
1573832083 2
1573832084 2
1573832085 2
1573832086 2
1573832087 2
1573832088 2
1573832089 2
1573832090 2
1573832091 2
1573832092 2
1573832093 2
1573832094 2
1573832095 2
1573832096 4
1573832097 4
1573832224 4
1573832225 4
1573832226 3
1573832227 3
1573832228 3
1573832229 3
1573832230 3
1573832231 3
1573832232 3
1573832233 2
1573832234 2
1573832235 2
1573832236 2
1573832237 2
1573832238 2
1573832239 2
1573832240 2
1573832241 2
1573832242 2
1573832243 2
1573832244 2
1573832245 2
1573832246 2
1573832247 2
1573832248 2
1573832249 2
1573832250 2
1573832251 2
1573832252 2
1573832253 2
1573832254 2
1573832255 2
1573832256 2
1573832257 2
1573832258 3
1573832259 5
1573832260 4
1573832378 4
1573832379 3
1573832380 4
1573832381 3
1573832382 4
1573832383 3
1573832384 3
1573832385 3
1573832386 3
1573832387 3
1573832388 3
1573832389 4
1573832390 2
1573832391 2
1573832392 2
1573832393 2
1573832394 2
1573832395 2
1573832396 2
1573832397 2
1573832398 2
1573832399 2
1573832400 2
1573832401 2
1573832402 2
1573832403 2
1573832404 2
1573832405 2
1573832406 2
1573832407 2
1573832408 2
1573832409 2
1573832410 2
1573832411 2
1573832412 2
1573832413 2
1573832414 2
1573832415 2
1573832416 4
1573832417 4
1573832545 3
1573832546 3
1573832547 3
1573832548 3
1573832549 3
1573832550 4
1573832551 4
1573832552 4
1573832553 4
1573832554 3
1573832555 2
1573832556 2
1573832557 2
1573832558 2
1573832559 2
1573832560 2
1573832561 2
1573832562 2
1573832563 2
1573832564 2
1573832565 2
1573832566 2
1573832567 2
1573832568 2
1573832569 2
1573832570 2
1573832571 2
1573832572 2
1573832573 2
1573832574 2
1573832575 2
1573832576 2
1573832577 2
1573832578 3
1573832579 4
1573832580 4
1573832700 4
1573832701 3
1573832702 4
1573832703 3
1573832704 4
1573832705 3
1573832706 3
1573832707 3
1573832708 3
1573832709 3
1573832710 2
1573832711 2
1573832712 2
1573832713 2
1573832714 2
1573832715 2
1573832716 2
1573832717 2
1573832718 2
1573832719 2
1573832720 2
1573832721 2
1573832722 2
1573832723 2
1573832724 2
1573832725 2
1573832726 2
1573832727 2
1573832728 2
1573832729 2
1573832730 2
1573832731 2
1573832732 2
1573832733 2
1573832734 4
1573832735 4
1573832736 5
1573832856 4
1573832857 4
1573832858 4
1573832859 3
1573832860 4
1573832861 3
1573832862 3
1573832863 3
1573832864 2
1573832865 2
1573832866 2
1573832867 2
1573832868 2
1573832869 2
1573832870 2
1573832871 2
1573832872 2
1573832873 2
1573832874 2
1573832875 2
1573832876 2
1573832877 2
1573832878 2
1573832879 2
1573832880 2
1573832881 2
1573832882 2
1573832883 2
1573832884 2
1573832885 2
1573832886 2
1573832887 2
1573832888 2
1573832889 2
1573832890 4
1573832891 5
1573833051 4
1573833052 4
1573833053 4
1573833054 3
1573833055 3
1573833056 3
1573833057 3
1573833058 3
1573833059 3
1573833060 3
1573833061 2
1573833062 2
1573833063 2
1573833064 2
1573833065 2
1573833066 2
1573833067 2
1573833068 2
1573833069 2
1573833070 2
1573833071 2
1573833072 2
1573833073 2
1573833074 2
1573833075 2
1573833076 2
1573833077 2
1573833078 2
1573833079 2
1573833080 2
1573833081 2
1573833082 2
1573833083 2
1573833084 2
1573833085 3
1573833086 5
1573833087 5
1573833207 3
1573833208 5
1573833209 3
1573833210 3
1573833211 3
1573833212 3
1573833213 3
1573833214 3
1573833215 3
1573833216 3
1573833217 2
1573833218 2
1573833219 2
1573833220 2
1573833221 2
1573833222 2
1573833223 2
1573833224 2
1573833225 2
1573833226 2
1573833227 2
1573833228 2
1573833229 2
1573833230 2
1573833231 2
1573833232 2
1573833233 2
1573833234 2
1573833235 2
1573833236 2
1573833237 2
1573833238 2
1573833239 2
1573833240 2
1573833241 3
1573833242 4
1573833371 4
1573833372 3
1573833373 4
1573833374 3
1573833375 3
1573833376 3
1573833377 3
1573833378 3
1573833379 3
1573833380 3
1573833381 2
1573833382 2
1573833383 2
1573833384 2
1573833385 2
1573833386 2
1573833387 2
1573833388 2
1573833389 2
1573833390 2
1573833391 2
1573833392 2
1573833393 2
1573833394 2
1573833395 2
1573833396 2
1573833397 2
1573833398 2
1573833399 2
1573833400 2
1573833401 2
1573833402 2
1573833403 2
1573833404 2
1573833405 3
1573833406 4
1573833528 4
1573833529 4
1573833530 5
1573833531 4
1573833532 4
1573833533 4
1573833534 3
1573833535 3
1573833536 3
1573833537 2
1573833538 2
1573833539 2
1573833540 2
1573833541 2
1573833542 2
1573833543 2
1573833544 2
1573833545 2
1573833546 2
1573833547 2
1573833548 2
1573833549 2
1573833550 2
1573833551 2
1573833552 2
1573833553 2
1573833554 2
1573833555 2
1573833556 2
1573833557 2
1573833558 2
1573833559 2
1573833560 2
1573833561 2
1573833562 3
1573833563 5
1573833564 4
1573833686 3
1573833687 3
1573833688 4
1573833689 4
1573833690 4
1573833691 3
1573833692 3
1573833693 3
1573833694 4
1573833695 4
1573833696 3
1573833697 2
1573833698 2
1573833699 2
1573833700 2
1573833701 2
1573833702 2
1573833703 2
1573833704 2
1573833705 2
1573833706 2
1573833707 2
1573833708 2
1573833709 2
1573833710 2
1573833711 2
1573833712 2
1573833713 2
1573833714 2
1573833715 2
1573833716 2
1573833717 2
1573833718 2
1573833719 2
1573833720 3
1573833721 4
