1574954200 4
1574954201 3
1574954202 3
1574954203 5
1574954204 4
1574954205 3
1574954206 3
1574954207 3
1574954208 2
1574954209 2
1574954210 2
1574954211 2
1574954212 2
1574954213 2
1574954214 2
1574954215 2
1574954216 2
1574954217 2
1574954218 2
1574954219 2
1574954220 2
1574954221 2
1574954222 2
1574954223 2
1574954224 2
1574954225 2
1574954226 2
1574954227 2
1574954228 2
1574954229 2
1574954230 2
1574954231 2
1574954232 2
1574954233 2
1574954234 4
1574954235 4
1574954364 5
1574954365 4
1574954366 4
1574954367 3
1574954368 3
1574954369 3
1574954370 4
1574954371 4
1574954372 4
1574954373 4
1574954374 3
1574954375 2
1574954376 2
1574954377 2
1574954378 2
1574954379 2
1574954380 2
1574954381 2
1574954382 2
1574954383 2
1574954384 2
1574954385 2
1574954386 2
1574954387 2
1574954388 2
1574954389 2
1574954390 2
1574954391 2
1574954392 2
1574954393 2
1574954394 2
1574954395 2
1574954396 2
1574954397 2
1574954398 2
1574954399 4
1574954400 5
1574954541 3
1574954542 3
1574954543 4
1574954544 3
1574954545 4
1574954546 4
1574954547 5
1574954548 5
1574954549 5
1574954550 5
1574954551 4
1574954552 3
1574954553 3
1574954554 2
1574954555 2
1574954556 2
1574954557 2
1574954558 2
1574954559 2
1574954560 2
1574954561 2
1574954562 2
1574954563 2
1574954564 2
1574954565 2
1574954566 2
1574954567 2
1574954568 2
1574954569 2
1574954570 2
1574954571 2
1574954572 2
1574954573 2
1574954574 2
1574954575 2
1574954576 4
1574954577 4
1574954705 4
1574954706 3
1574954707 4
1574954708 4
1574954709 5
1574954710 3
1574954711 3
1574954712 3
1574954713 4
1574954714 2
1574954715 2
1574954716 2
1574954717 2
1574954718 2
1574954719 2
1574954720 2
1574954721 2
1574954722 2
1574954723 2
1574954724 2
1574954725 2
1574954726 2
1574954727 2
1574954728 2
1574954729 2
1574954730 2
1574954731 2
1574954732 2
1574954733 2
1574954734 2
1574954735 2
1574954736 2
1574954737 2
1574954738 2
1574954739 3
1574954740 5
1574954741 5
1574954887 5
1574954888 5
1574954889 4
1574954890 3
1574954891 3
1574954892 3
1574954893 3
1574954894 3
1574954895 3
1574954896 3
1574954897 2
1574954898 2
1574954899 2
1574954900 2
1574954901 2
1574954902 2
1574954903 2
1574954904 2
1574954905 2
1574954906 2
1574954907 2
1574954908 2
1574954909 2
1574954910 2
1574954911 2
1574954912 2
1574954913 2
1574954914 2
1574954915 2
1574954916 2
1574954917 2
1574954918 2
1574954919 2
1574954920 2
1574954921 2
1574954922 2
1574954923 2
1574954924 4
1574954925 6
1574954926 4
1574955046 3
1574955047 4
1574955048 3
1574955049 3
1574955050 3
1574955051 3
1574955052 3
1574955053 3
1574955054 3
1574955055 3
1574955056 2
1574955057 2
1574955058 2
1574955059 2
1574955060 2
1574955061 2
1574955062 2
1574955063 2
1574955064 2
1574955065 2
1574955066 2
1574955067 2
1574955068 2
1574955069 2
1574955070 2
1574955071 2
1574955072 2
1574955073 2
1574955074 2
1574955075 2
1574955076 2
1574955077 2
1574955078 2
1574955079 2
1574955080 2
1574955081 4
1574955082 4
1574955304 4
1574955305 3
1574955306 3
1574955307 3
1574955308 4
1574955309 3
1574955310 3
1574955311 3
1574955312 3
1574955313 2
1574955314 2
1574955315 2
1574955316 2
1574955317 2
1574955318 2
1574955319 2
1574955320 2
1574955321 2
1574955322 2
1574955323 2
1574955324 2
1574955325 2
1574955326 2
1574955327 2
1574955328 2
1574955329 2
1574955330 2
1574955331 2
1574955332 2
1574955333 2
1574955334 2
1574955335 2
1574955336 2
1574955337 2
1574955338 2
1574955339 4
1574955340 4
1574955464 4
1574955465 4
1574955466 3
1574955467 3
1574955468 4
1574955469 4
1574955470 3
1574955471 4
1574955472 3
1574955473 3
1574955474 2
1574955475 2
1574955476 2
1574955477 2
1574955478 2
1574955479 2
1574955480 2
1574955481 2
1574955482 2
1574955483 2
1574955484 2
1574955485 2
1574955486 2
1574955487 2
1574955488 2
1574955489 2
1574955490 2
1574955491 2
1574955492 2
1574955493 2
1574955494 2
1574955495 2
1574955496 2
1574955497 2
1574955498 3
1574955499 4
1574955622 3
1574955623 3
1574955624 3
1574955625 3
1574955626 4
1574955627 3
1574955628 3
1574955629 3
1574955630 3
1574955631 3
1574955632 2
1574955633 2
1574955634 2
1574955635 2
1574955636 2
1574955637 2
1574955638 2
1574955639 2
1574955640 2
1574955641 2
1574955642 2
1574955643 2
1574955644 2
1574955645 2
1574955646 2
1574955647 2
1574955648 2
1574955649 2
1574955650 2
1574955651 2
1574955652 2
1574955653 2
1574955654 2
1574955655 2
1574955656 2
1574955657 4
1574955658 5
1574955784 3
1574955785 4
1574955786 3
1574955787 4
1574955788 3
1574955789 3
1574955790 3
1574955791 3
1574955792 2
1574955793 2
1574955794 2
1574955795 2
1574955796 2
1574955797 2
1574955798 2
1574955799 2
1574955800 2
1574955801 2
1574955802 2
1574955803 2
1574955804 2
1574955805 2
1574955806 2
1574955807 2
1574955808 2
1574955809 2
1574955810 2
1574955811 2
1574955812 2
1574955813 2
1574955814 2
1574955815 2
1574955816 2
1574955817 2
1574955818 4
1574955819 4
