1572870034 3
1572870035 3
1572870036 3
1572870037 3
1572870038 3
1572870039 3
1572870040 3
1572870041 3
1572870042 3
1572870043 3
1572870044 2
1572870045 2
1572870046 2
1572870047 2
1572870048 2
1572870049 2
1572870050 2
1572870051 2
1572870052 2
1572870053 2
1572870054 2
1572870055 2
1572870056 2
1572870057 2
1572870058 2
1572870059 2
1572870060 2
1572870061 2
1572870062 2
1572870063 2
1572870064 2
1572870065 2
1572870066 2
1572870067 3
1572870068 2
1572870069 2
1572870070 2
1572870071 2
1572870072 2
1572870073 5
1572870074 5
1572870253 3
1572870254 4
1572870255 4
1572870256 3
1572870257 4
1572870258 3
1572870259 3
1572870260 3
1572870261 3
1572870262 3
1572870263 2
1572870264 2
1572870265 2
1572870266 2
1572870267 2
1572870268 2
1572870269 2
1572870270 2
1572870271 2
1572870272 2
1572870273 2
1572870274 2
1572870275 2
1572870276 2
1572870277 2
1572870278 2
1572870279 2
1572870280 2
1572870281 2
1572870282 2
1572870283 2
1572870284 2
1572870285 2
1572870286 2
1572870287 2
1572870288 2
1572870289 2
1572870290 3
1572870291 4
1572870434 3
1572870435 4
1572870436 3
1572870437 3
1572870438 3
1572870439 2
1572870440 3
1572870441 3
1572870442 3
1572870443 3
1572870444 3
1572870445 2
1572870446 2
1572870447 2
1572870448 2
1572870449 2
1572870450 2
1572870451 2
1572870452 2
1572870453 2
1572870454 2
1572870455 2
1572870456 2
1572870457 2
1572870458 2
1572870459 2
1572870460 2
1572870461 2
1572870462 2
1572870463 2
1572870464 2
1572870465 3
1572870466 2
1572870467 3
1572870468 2
1572870469 2
1572870470 2
1572870471 2
1572870472 3
1572870473 5
1572870656 5
1572870657 3
1572870658 3
1572870659 3
1572870660 3
1572870661 3
1572870662 3
1572870663 3
1572870664 3
1572870665 3
1572870666 3
1572870667 2
1572870668 2
1572870669 2
1572870670 2
1572870671 2
1572870672 2
1572870673 2
1572870674 2
1572870675 2
1572870676 2
1572870677 2
1572870678 2
1572870679 2
1572870680 2
1572870681 2
1572870682 2
1572870683 2
1572870684 2
1572870685 2
1572870686 3
1572870687 2
1572870688 3
1572870689 2
1572870690 2
1572870691 2
1572870692 2
1572870693 3
1572870694 6
1572870695 4
1572870826 3
1572870827 3
1572870828 3
1572870829 3
1572870830 4
1572870831 5
1572870832 5
1572870833 5
1572870834 4
1572870835 4
1572870836 3
1572870837 2
1572870838 2
1572870839 2
1572870840 2
1572870841 2
1572870842 2
1572870843 2
1572870844 2
1572870845 2
1572870846 2
1572870847 2
1572870848 2
1572870849 2
1572870850 2
1572870851 2
1572870852 2
1572870853 2
1572870854 2
1572870855 3
1572870856 2
1572870857 2
1572870858 2
1572870859 2
1572870860 2
1572870861 2
1572870862 3
1572870863 4
