1575556560 3
1575556561 4
1575556562 3
1575556563 3
1575556564 3
1575556565 3
1575556566 3
1575556567 3
1575556568 3
1575556569 3
1575556570 2
1575556571 2
1575556572 2
1575556573 3
1575556574 2
1575556575 2
1575556576 2
1575556577 2
1575556578 3
1575556579 2
1575556580 2
1575556581 2
1575556582 2
1575556583 2
1575556584 2
1575556585 2
1575556586 2
1575556587 2
1575556588 2
1575556589 2
1575556590 2
1575556591 2
1575556592 2
1575556593 2
1575556594 3
1575556595 4
1575556720 4
1575556721 4
1575556722 4
1575556723 3
1575556724 4
1575556725 3
1575556726 3
1575556727 3
1575556728 3
1575556729 3
1575556730 2
1575556731 2
1575556732 2
1575556733 2
1575556734 2
1575556735 2
1575556736 2
1575556737 2
1575556738 2
1575556739 2
1575556740 2
1575556741 2
1575556742 2
1575556743 2
1575556744 2
1575556745 2
1575556746 2
1575556747 2
1575556748 2
1575556749 2
1575556750 2
1575556751 2
1575556752 2
1575556753 2
1575556754 2
1575556755 4
1575556756 4
1575556893 3
1575556894 3
1575556895 3
1575556896 4
1575556897 3
1575556898 3
1575556899 4
1575556900 3
1575556901 3
1575556902 3
1575556903 2
1575556904 2
1575556905 2
1575556906 2
1575556907 2
1575556908 2
1575556909 2
1575556910 2
1575556911 2
1575556912 2
1575556913 2
1575556914 2
1575556915 2
1575556916 2
1575556917 2
1575556918 2
1575556919 2
1575556920 2
1575556921 2
1575556922 2
1575556923 2
1575556924 2
1575556925 2
1575556926 2
1575556927 3
1575556928 5
1575557078 4
1575557079 4
1575557080 3
1575557081 4
1575557082 4
1575557083 4
1575557084 3
1575557085 3
1575557086 3
1575557087 2
1575557088 2
1575557089 2
1575557090 2
1575557091 2
1575557092 2
1575557093 2
1575557094 2
1575557095 2
1575557096 2
1575557097 2
1575557098 2
1575557099 2
1575557100 2
1575557101 2
1575557102 2
1575557103 2
1575557104 2
1575557105 2
1575557106 2
1575557107 2
1575557108 2
1575557109 2
1575557110 2
1575557111 2
1575557112 2
1575557113 5
1575557114 4
1575557248 4
1575557249 4
1575557250 3
1575557251 3
1575557252 3
1575557253 3
1575557254 4
1575557255 4
1575557256 4
1575557257 4
1575557258 3
1575557259 3
1575557260 2
1575557261 2
1575557262 2
1575557263 2
1575557264 2
1575557265 2
1575557266 2
1575557267 2
1575557268 2
1575557269 2
1575557270 2
1575557271 2
1575557272 2
1575557273 2
1575557274 2
1575557275 2
1575557276 2
1575557277 2
1575557278 2
1575557279 2
1575557280 2
1575557281 2
1575557282 3
1575557283 4
1575557432 4
1575557433 5
1575557434 4
1575557435 3
1575557436 4
1575557437 3
1575557438 3
1575557439 3
1575557440 2
1575557441 2
1575557442 2
1575557443 2
1575557444 2
1575557445 2
1575557446 2
1575557447 2
1575557448 2
1575557449 2
1575557450 2
1575557451 2
1575557452 2
1575557453 2
1575557454 2
1575557455 2
1575557456 2
1575557457 2
1575557458 2
1575557459 2
1575557460 2
1575557461 2
1575557462 2
1575557463 2
1575557464 2
1575557465 2
1575557466 5
1575557467 4
1575557605 3
1575557606 4
1575557607 3
1575557608 3
1575557609 3
1575557610 3
1575557611 3
1575557612 3
1575557613 3
1575557614 3
1575557615 3
1575557616 3
1575557617 2
1575557618 2
1575557619 2
1575557620 2
1575557621 2
1575557622 2
1575557623 2
1575557624 2
1575557625 2
1575557626 2
1575557627 2
1575557628 2
1575557629 2
1575557630 2
1575557631 2
1575557632 2
1575557633 2
1575557634 2
1575557635 2
1575557636 2
1575557637 2
1575557638 2
1575557639 2
1575557640 2
1575557641 2
1575557642 4
1575557643 4
1575557780 4
1575557781 4
1575557782 4
1575557783 4
1575557784 4
1575557785 4
1575557786 4
1575557787 4
1575557788 2
1575557789 2
1575557790 2
1575557791 2
1575557792 2
1575557793 2
1575557794 2
1575557795 2
1575557796 2
1575557797 2
1575557798 3
1575557799 3
1575557800 2
1575557801 2
1575557802 2
1575557803 2
1575557804 2
1575557805 2
1575557806 2
1575557807 2
1575557808 2
1575557809 2
1575557810 2
1575557811 2
1575557812 2
1575557813 2
1575557814 4
1575557815 5
1575558237 3
1575558238 5
1575558239 3
1575558240 3
1575558241 3
1575558242 3
1575558243 4
1575558244 3
1575558245 4
1575558246 5
1575558247 5
1575558248 5
1575558249 3
1575558250 2
1575558251 2
1575558252 2
1575558253 2
1575558254 2
1575558255 2
1575558256 2
1575558257 2
1575558258 2
1575558259 2
1575558260 2
1575558261 2
1575558262 2
1575558263 2
1575558264 2
1575558265 2
1575558266 2
1575558267 2
1575558268 2
1575558269 2
1575558270 2
1575558271 2
1575558272 2
1575558273 2
1575558274 4
1575558275 4
1575558426 4
1575558427 5
1575558428 4
1575558429 3
1575558430 3
1575558431 3
1575558432 3
1575558433 3
1575558434 2
1575558435 2
1575558436 2
1575558437 2
1575558438 2
1575558439 2
1575558440 2
1575558441 2
1575558442 2
1575558443 2
1575558444 2
1575558445 2
1575558446 2
1575558447 2
1575558448 2
1575558449 2
1575558450 2
1575558451 2
1575558452 2
1575558453 2
1575558454 2
1575558455 2
1575558456 2
1575558457 2
1575558458 2
1575558459 2
1575558460 4
1575558461 4
