1574685789 4
1574685790 4
1574685791 3
1574685792 3
1574685793 3
1574685794 3
1574685795 3
1574685796 4
1574685797 4
1574685798 4
1574685799 4
1574685800 2
1574685801 2
1574685802 2
1574685803 2
1574685804 2
1574685805 2
1574685806 2
1574685807 2
1574685808 2
1574685809 2
1574685810 2
1574685811 2
1574685812 2
1574685813 2
1574685814 2
1574685815 2
1574685816 2
1574685817 2
1574685818 2
1574685819 2
1574685820 2
1574685821 2
1574685822 2
1574685823 2
1574685824 4
1574685825 4
1574685979 3
1574685980 5
1574685981 4
1574685982 3
1574685983 4
1574685984 3
1574685985 3
1574685986 3
1574685987 3
1574685988 4
1574685989 3
1574685990 2
1574685991 2
1574685992 2
1574685993 2
1574685994 2
1574685995 2
1574685996 2
1574685997 2
1574685998 2
1574685999 2
1574686000 2
1574686001 2
1574686002 2
1574686003 2
1574686004 2
1574686005 2
1574686006 2
1574686007 2
1574686008 2
1574686009 2
1574686010 2
1574686011 2
1574686012 2
1574686013 2
1574686014 2
1574686015 2
1574686016 2
1574686017 4
1574686018 4
1574686151 3
1574686152 4
1574686153 4
1574686154 3
1574686155 3
1574686156 3
1574686157 4
1574686158 4
1574686159 4
1574686160 3
1574686161 3
1574686162 2
1574686163 3
1574686164 2
1574686165 2
1574686166 2
1574686167 2
1574686168 2
1574686169 2
1574686170 2
1574686171 2
1574686172 2
1574686173 2
1574686174 2
1574686175 2
1574686176 2
1574686177 2
1574686178 2
1574686179 2
1574686180 2
1574686181 2
1574686182 2
1574686183 2
1574686184 2
1574686185 4
1574686186 4
1574686311 4
1574686312 4
1574686313 3
1574686314 3
1574686315 3
1574686316 4
1574686317 3
1574686318 3
1574686319 3
1574686320 3
1574686321 3
1574686322 3
1574686323 2
1574686324 2
1574686325 2
1574686326 2
1574686327 2
1574686328 2
1574686329 2
1574686330 2
1574686331 2
1574686332 2
1574686333 2
1574686334 2
1574686335 2
1574686336 2
1574686337 2
1574686338 2
1574686339 2
1574686340 2
1574686341 2
1574686342 2
1574686343 2
1574686344 2
1574686345 2
1574686346 2
1574686347 3
1574686348 4
1574686349 4
1574686470 4
1574686471 3
1574686472 5
1574686473 4
1574686474 3
1574686475 3
1574686476 4
1574686477 4
1574686478 4
1574686479 3
1574686480 2
1574686481 2
1574686482 2
1574686483 2
1574686484 2
1574686485 2
1574686486 2
1574686487 2
1574686488 2
1574686489 2
1574686490 2
1574686491 2
1574686492 2
1574686493 2
1574686494 2
1574686495 2
1574686496 2
1574686497 2
1574686498 2
1574686499 2
1574686500 2
1574686501 2
1574686502 2
1574686503 2
1574686504 2
1574686505 5
1574686506 5
1574686636 3
1574686637 4
1574686638 4
1574686639 3
1574686640 4
1574686641 4
1574686642 3
1574686643 3
1574686644 3
1574686645 3
1574686646 2
1574686647 2
1574686648 2
1574686649 2
1574686650 2
1574686651 2
1574686652 2
1574686653 2
1574686654 2
1574686655 2
1574686656 2
1574686657 2
1574686658 2
1574686659 2
1574686660 2
1574686661 2
1574686662 2
1574686663 2
1574686664 2
1574686665 2
1574686666 2
1574686667 2
1574686668 2
1574686669 2
1574686670 2
1574686671 4
1574686672 4
1574686800 5
1574686801 4
1574686802 3
1574686803 3
1574686804 4
1574686805 5
1574686806 5
1574686807 5
1574686808 5
1574686809 4
1574686810 3
1574686811 2
1574686812 2
1574686813 2
1574686814 2
1574686815 2
1574686816 2
1574686817 2
1574686818 2
1574686819 2
1574686820 2
1574686821 2
1574686822 2
1574686823 2
1574686824 2
1574686825 2
1574686826 2
1574686827 2
1574686828 2
1574686829 2
1574686830 2
1574686831 2
1574686832 2
1574686833 2
1574686834 2
1574686835 4
1574686836 5
1574686986 3
1574686987 3
1574686988 3
1574686989 3
1574686990 3
1574686991 3
1574686992 3
1574686993 3
1574686994 4
1574686995 3
1574686996 2
1574686997 2
1574686998 2
1574686999 2
1574687000 2
1574687001 2
1574687002 2
1574687003 2
1574687004 2
1574687005 2
1574687006 2
1574687007 2
1574687008 2
1574687009 2
1574687010 2
1574687011 2
1574687012 2
1574687013 2
1574687014 2
1574687015 2
1574687016 2
1574687017 2
1574687018 2
1574687019 2
1574687020 2
1574687021 3
1574687022 5
1574687162 5
1574687163 5
1574687164 5
1574687165 5
1574687166 5
1574687167 3
1574687168 3
1574687169 3
1574687170 3
1574687171 2
1574687172 2
1574687173 2
1574687174 2
1574687175 2
1574687176 2
1574687177 2
1574687178 2
1574687179 2
1574687180 2
1574687181 2
1574687182 2
1574687183 2
1574687184 2
1574687185 2
1574687186 2
1574687187 2
1574687188 2
1574687189 2
1574687190 2
1574687191 2
1574687192 2
1574687193 2
1574687194 2
1574687195 2
1574687196 4
1574687197 4
1574687325 4
1574687326 4
1574687327 3
1574687328 3
1574687329 3
1574687330 3
1574687331 3
1574687332 3
1574687333 3
1574687334 3
1574687335 2
1574687336 2
1574687337 2
1574687338 2
1574687339 2
1574687340 2
1574687341 2
1574687342 2
1574687343 2
1574687344 2
1574687345 2
1574687346 2
1574687347 2
1574687348 2
1574687349 2
1574687350 2
1574687351 2
1574687352 2
1574687353 2
1574687354 2
1574687355 2
1574687356 2
1574687357 2
1574687358 2
1574687359 2
1574687360 4
1574687361 4
1574689654 3
1574689655 3
1574689656 3
1574689657 4
1574689658 3
1574689659 3
1574689660 3
1574689661 3
1574689662 3
1574689663 3
1574689664 3
1574689665 2
1574689666 2
1574689667 2
1574689668 3
1574689669 2
1574689670 2
1574689671 2
1574689672 2
1574689673 2
1574689674 2
1574689675 2
1574689676 2
1574689677 2
1574689678 2
1574689679 2
1574689680 2
1574689681 2
1574689682 2
1574689683 2
1574689684 2
1574689685 2
1574689686 2
1574689687 2
1574689688 2
1574689689 4
1574689690 4
1574689870 4
1574689871 3
1574689872 3
1574689873 3
1574689874 3
1574689875 3
1574689876 3
1574689877 3
1574689878 3
1574689879 3
1574689880 3
1574689881 2
1574689882 2
1574689883 2
1574689884 2
1574689885 2
1574689886 2
1574689887 2
1574689888 2
1574689889 2
1574689890 2
1574689891 2
1574689892 2
1574689893 2
1574689894 2
1574689895 2
1574689896 2
1574689897 2
1574689898 2
1574689899 2
1574689900 2
1574689901 2
1574689902 2
1574689903 2
1574689904 2
1574689905 3
1574689906 5
1574690040 4
1574690041 5
1574690042 5
1574690043 5
1574690044 5
1574690045 4
1574690046 3
1574690047 3
1574690048 2
1574690049 2
1574690050 2
1574690051 2
1574690052 2
1574690053 2
1574690054 2
1574690055 2
1574690056 2
1574690057 2
1574690058 2
1574690059 2
1574690060 2
1574690061 2
1574690062 2
1574690063 2
1574690064 2
1574690065 2
1574690066 2
1574690067 2
1574690068 2
1574690069 2
1574690070 2
1574690071 2
1574690072 2
1574690073 2
1574690074 3
1574690075 5
1574690209 3
1574690210 3
1574690211 4
1574690212 3
1574690213 3
1574690214 3
1574690215 3
1574690216 3
1574690217 3
1574690218 3
1574690219 2
1574690220 2
1574690221 2
1574690222 2
1574690223 2
1574690224 2
1574690225 2
1574690226 2
1574690227 2
1574690228 2
1574690229 2
1574690230 2
1574690231 2
1574690232 2
1574690233 2
1574690234 2
1574690235 2
1574690236 2
1574690237 2
1574690238 2
1574690239 2
1574690240 2
1574690241 2
1574690242 2
1574690243 2
1574690244 4
1574690245 4
1574690379 3
1574690380 3
1574690381 3
1574690382 3
1574690383 3
1574690384 3
1574690385 3
1574690386 3
1574690387 3
1574690388 3
1574690389 2
1574690390 2
1574690391 2
1574690392 2
1574690393 2
1574690394 2
1574690395 2
1574690396 2
1574690397 2
1574690398 2
1574690399 2
1574690400 2
1574690401 2
1574690402 2
1574690403 2
1574690404 2
1574690405 2
1574690406 2
1574690407 2
1574690408 2
1574690409 2
1574690410 2
1574690411 2
1574690412 2
1574690413 2
1574690414 4
1574690415 5
1574690538 4
1574690539 3
1574690540 4
1574690541 4
1574690542 3
1574690543 3
1574690544 4
1574690545 4
1574690546 5
1574690547 2
1574690548 2
1574690549 2
1574690550 2
1574690551 2
1574690552 2
1574690553 2
1574690554 3
1574690555 3
1574690556 3
1574690557 2
1574690558 2
1574690559 2
1574690560 2
1574690561 2
1574690562 2
1574690563 2
1574690564 2
1574690565 2
1574690566 2
1574690567 2
1574690568 2
1574690569 2
1574690570 2
1574690571 2
1574690572 2
1574690573 2
1574690574 4
1574690575 4
1574690710 4
1574690711 4
1574690712 3
1574690713 4
1574690714 4
1574690715 4
1574690716 4
1574690717 3
1574690718 3
1574690719 3
1574690720 2
1574690721 2
1574690722 2
1574690723 2
1574690724 2
1574690725 2
1574690726 2
1574690727 2
1574690728 2
1574690729 2
1574690730 2
1574690731 2
1574690732 2
1574690733 2
1574690734 2
1574690735 2
1574690736 2
1574690737 2
1574690738 2
1574690739 2
1574690740 2
1574690741 2
1574690742 2
1574690743 2
1574690744 2
1574690745 3
1574690746 4
1574690869 3
1574690870 4
1574690871 3
1574690872 3
1574690873 3
1574690874 3
1574690875 3
1574690876 3
1574690877 3
1574690878 3
1574690879 2
1574690880 2
1574690881 2
1574690882 2
1574690883 2
1574690884 2
1574690885 2
1574690886 2
1574690887 2
1574690888 2
1574690889 2
1574690890 2
1574690891 2
1574690892 2
1574690893 2
1574690894 2
1574690895 2
1574690896 2
1574690897 2
1574690898 2
1574690899 2
1574690900 2
1574690901 2
1574690902 2
1574690903 2
1574690904 4
1574690905 5
1574691054 4
1574691055 4
1574691056 3
1574691057 3
1574691058 4
1574691059 4
1574691060 4
1574691061 4
1574691062 4
1574691063 2
1574691064 2
1574691065 2
1574691066 3
1574691067 2
1574691068 2
1574691069 2
1574691070 2
1574691071 2
1574691072 2
1574691073 2
1574691074 2
1574691075 2
1574691076 2
1574691077 2
1574691078 2
1574691079 2
1574691080 2
1574691081 2
1574691082 2
1574691083 2
1574691084 2
1574691085 2
1574691086 2
1574691087 2
1574691088 2
1574691089 5
1574691090 4
1574691233 3
1574691234 3
1574691235 4
1574691236 3
1574691237 3
1574691238 3
1574691239 3
1574691240 3
1574691241 3
1574691242 3
1574691243 2
1574691244 2
1574691245 2
1574691246 2
1574691247 2
1574691248 2
1574691249 2
1574691250 2
1574691251 2
1574691252 2
1574691253 2
1574691254 2
1574691255 2
1574691256 2
1574691257 2
1574691258 2
1574691259 2
1574691260 2
1574691261 2
1574691262 2
1574691263 2
1574691264 2
1574691265 2
1574691266 2
1574691267 2
1574691268 4
1574691269 4
1574706855 4
1574706856 3
1574706857 5
1574706858 3
1574706859 3
1574706860 3
1574706861 4
1574706862 4
1574706863 4
1574706864 2
1574706865 2
1574706866 2
1574706867 2
1574706868 2
1574706869 2
1574706870 2
1574706871 2
1574706872 2
1574706873 2
1574706874 2
1574706875 2
1574706876 2
1574706877 2
1574706878 2
1574706879 2
1574706880 2
1574706881 2
1574706882 2
1574706883 2
1574706884 2
1574706885 2
1574706886 2
1574706887 2
1574706888 2
1574706889 3
1574706890 6
1574707097 3
1574707098 3
1574707099 5
1574707100 3
1574707101 3
1574707102 3
1574707103 4
1574707104 4
1574707105 4
1574707106 3
1574707107 2
1574707108 2
1574707109 2
1574707110 2
1574707111 2
1574707112 2
1574707113 2
1574707114 2
1574707115 2
1574707116 2
1574707117 2
1574707118 2
1574707119 2
1574707120 2
1574707121 2
1574707122 2
1574707123 2
1574707124 2
1574707125 2
1574707126 2
1574707127 2
1574707128 2
1574707129 2
1574707130 2
1574707131 2
1574707132 4
1574707133 5
