1573209284 3
1573209285 3
1573209286 3
1573209287 3
1573209288 3
1573209289 3
1573209290 2
1573209291 4
1573209292 3
1573209293 6
1573209294 3
1573209295 3
1573209953 4
1573209954 4
1573209955 4
1573209956 4
1573209957 4
1573209958 4
1573209959 4
1573209960 4
1573209961 4
1573209962 4
1573210616 4
1573210617 4
1573210618 4
1573210619 4
1573210620 4
1573210621 4
1573210622 4
1573210623 4
1573210624 4
1573210625 4
1573211286 3
1573211287 4
1573211288 4
1573211289 4
1573211290 4
1573211291 4
1573211292 4
1573211293 4
1573211294 4
1573211942 3
1573211943 3
1573211944 3
1573211945 3
1573211946 3
1573211947 3
1573211948 4
1573211949 4
1573211950 5
1573212590 3
1573212591 4
1573212592 4
1573212593 4
1573212594 4
1573212595 4
1573212596 4
1573212597 4
1573212598 5
1573212599 4
1573213244 3
1573213245 3
1573213246 3
1573213247 3
1573213248 3
1573213249 3
1573213250 4
1573213251 4
1573213252 4
1573213908 4
1573213909 4
1573213910 4
1573213911 4
1573213912 4
1573213913 3
1573213914 3
1573213915 3
1573213916 3
1573213917 3
1573214567 3
1573214568 4
1573214569 5
1573214570 4
1573214571 4
1573214572 4
1573214573 4
1573214574 4
1573214575 4
1573215226 5
1573215227 5
1573215228 5
1573215229 5
1573215230 5
1573215231 4
1573215232 4
1573215233 5
1573215234 6
1573215235 4
1573215236 4
1573215237 4
1573218926 3
1573218927 3
1573218928 3
1573218929 3
1573218930 3
1573218931 3
1573218932 3
1573218933 4
1573218934 4
1573218935 4
1573218936 4
1573218937 4
1573218938 4
1573218939 4
1573218940 4
1573218941 5
1573218942 4
1573218943 4
1573218944 4
1573218945 4
1573218946 3
1573218947 4
1573218948 5
1573218949 5
1573218950 5
1573218951 5
1573218952 6
