1582113106 3.639141269
1582113274 3.958542137
1582113436 3.999755268
1582113605 4.193777546
1582113768 5.026543208
1582113945 4.016784428
1582114107 4.22866618
1582114270 4.189243489
1582114437 3.896944912
1582114601 4.115676444
1582114765 3.947693841
1582114926 7.47589268
1582115092 4.284912612
1582115259 4.012774361
1582115422 4.017114134
1582115586 4.000752129
1582115749 4.214364143
1582115913 4.002507603
1582116094 3.686884253
1582116310 3.977599682
1582116483 3.562272468
1582116652 4.010629269
1582118970 3.632973273
1582119133 4.247712578
1582119302 4.231100021
1582119468 4.343863857
1582119654 3.995123105
1582119817 4.052403491
1582119987 4.279127507
1582120160 4.259323528
1582120885 3.750243778
1582121052 3.768592116
1582121296 3.739116615
1582121459 3.829476338
1582125200 4.138041471
1582125361 3.774932428
1582125844 4.004202924
1582126011 4.042919068
1582126179 3.861343112
1582126340 4.10523555
1582126507 4.079378449
1582126669 4.095067697
1582126836 4.10887604
1582126997 4.211227317
1582127158 4.183816099
1582127328 3.9853209
1582127494 3.9159882
1582127658 4.044426046
1582127823 4.163072873
1582127983 4.03628917
1582128149 3.916630665
1582128324 7.011979317
1582128489 3.846076573
1582128652 4.104055698
1582128818 3.935806622
1582128981 4.007678103
1582129153 4.185736946
1582129312 4.004527133
1582129473 3.906022054
1582129637 3.607591409
