1574956139 4
1574956140 4
1574956712 4
1574956713 4
1574956714 4
1574956715 4
1574956716 4
1574956717 4
1574956718 4
1574956719 4
1574956720 4
1574956721 5
1574956722 5
1574956723 5
1574956724 5
1574956725 5
1574956726 5
1574956727 5
1574956728 5
1574956729 5
1574956730 5
1574956731 5
1574956732 5
1574956733 5
1574956734 5
1574956735 5
1574956736 5
1574956737 5
1574956738 5
1574956739 5
1574956740 5
1574956741 5
1574956742 5
1574956743 5
1574956744 5
1574956745 5
1574956746 5
1574956747 5
1574956748 5
1574956749 5
1574956750 5
1574956751 5
1574956752 5
1574956753 5
1574956754 5
1574956755 5
1574956756 5
1574956757 5
1574956758 5
1574956759 5
1574956760 5
1574956761 5
1574956762 4
1574957403 4
1574957980 4
1574957981 3
1574958572 4
1574958573 3
1574959162 5
1574959764 6
1574959765 3
1574960343 3
1574960955 4
1574961591 4
1574961592 3
