1581942584 2
1581942585 2
1581942586 2
1581942587 2
1581942588 2
1581942589 2
1581942590 2
1581942591 2
1581942592 2
1581942593 3
1581944169 2
1581944170 2
1581944171 4
1581945116 2
1581945117 2
1581945118 4
1581946066 4
1581946067 5
1581946626 2
1581946627 2
1581946628 2
1581946629 2
1581946630 2
1581946631 2
1581946632 2
1581946633 2
1581946634 2
1581946635 4
1581947476 2
1581947477 2
1581947478 2
1581947479 2
1581947480 2
1581947481 2
1581947482 2
1581947483 2
1581947484 2
1581947485 2
1581947486 2
1581947487 2
1581947488 2
1581947489 2
1581947490 2
1581947491 1
1581948122 2
1581948123 2
1581948124 4
1581949228 2
1581949229 2
1581949230 3
