1575297846 2
1575297847 2
1575297848 2
1575297849 2
1575297850 2
1575297851 2
1575297852 2
1575297853 2
1575297854 2
1575297855 3
1575298427 3
1575298428 2
1575298996 2
1575298997 2
1575298998 3
1575299568 2
1575299569 2
1575299570 2
1575299571 2
1575299572 2
1575299573 2
1575299574 2
1575299575 2
1575299576 2
1575299577 2
1575299578 4
1575300139 3
1575300140 2
1575300141 2
1575300142 2
1575300143 2
1575300144 2
1575300145 2
1575300146 2
1575300147 2
1575300148 2
1575300149 5
1575300765 3
1575300766 3
1575300767 4
1575301524 2
1575301525 2
1575301526 2
1575301527 2
1575301528 2
1575301529 2
1575301530 2
1575301531 2
1575301532 3
1575301533 2
1575301534 2
1575301535 2
1575301536 2
1575301537 2
1575301538 3
1575301539 3
1575302146 2
1575302147 2
1575302148 4
