1575033252 2
1575033253 2
1575033254 2
1575033255 2
1575033256 2
1575033257 2
1575033258 2
1575033259 2
1575033260 2
1575033261 3
1575033819 2
1575033820 2
1575033821 2
1575033822 2
1575033823 2
1575033824 2
1575033825 2
1575033826 2
1575033827 2
1575033828 2
1575033829 3
1575034410 2
1575034411 2
1575034412 2
1575034413 2
1575034414 2
1575034415 2
1575034416 2
1575034417 2
1575034418 3
1575034419 5
1575034986 2
1575034987 2
1575034988 2
1575034989 2
1575034990 2
1575034991 2
1575034992 2
1575034993 2
1575034994 2
1575034995 3
1575035546 2
1575035547 2
1575035548 2
1575035549 2
1575035550 2
1575035551 2
1575035552 2
1575035553 2
1575035554 2
1575035555 2
1575035556 3
1575036584 2
1575036585 2
1575036586 2
1575036587 2
1575036588 2
1575036589 2
1575036590 2
1575036591 2
1575036592 2
1575036593 2
1575036594 4
1575037146 2
1575037147 2
1575037148 2
1575037149 2
1575037150 2
1575037151 2
1575037152 2
1575037153 2
1575037154 2
1575037155 2
1575037156 4
1575037713 2
1575037714 2
1575037715 4
1575038708 2
1575038709 2
1575038710 2
1575038711 2
1575038712 2
1575038713 2
1575038714 2
1575038715 2
1575038716 2
1575038717 2
1575039286 2
1575039287 2
1575039288 5
