1574956208 2
1574956209 2
1574956210 4
1574956211 3
1574956870 2
1574956871 3
1574956872 3
1574956873 2
1574957471 4
1574957472 4
1574957473 4
1574957474 2
1574958050 4
1574958051 5
1574958052 3
1574958053 2
1574958642 3
1574958643 3
1574958644 3
1574958645 2
1574958646 2
1574959231 2
1574959232 2
1574959233 4
1574959234 3
1574959835 2
1574959836 3
1574959837 3
1574960412 2
1574960413 4
1574960414 4
1574960415 3
1574961023 4
1574961024 5
1574961025 4
1574961026 2
1574961659 4
1574961660 4
1574961661 2
1574961662 2
