1579354341 2
1579354342 2
1579354343 2
1579354344 2
1579354651 2
1579354652 2
1579354653 2
1579354654 2
1579354963 2
1579354964 2
1579354965 2
1579354966 2
1579355268 2
1579355269 2
1579355270 2
1579355271 2
1579355579 2
1579355580 2
1579355581 2
1579355582 2
1579355583 2
1579355888 2
1579355889 2
1579355890 2
1579355891 2
1579356194 2
1579356195 2
1579356196 2
1579356197 2
1579356500 2
1579356501 2
1579356502 2
1579356503 2
1579356504 2
1579356805 2
1579356806 2
1579356807 2
1579356808 2
1579357283 2
1579357284 2
1579357285 2
1579357286 2
1579357287 2
1579359770 2
1579359771 2
1579359772 2
1579359773 2
1579359774 2
1579360349 2
1579360350 2
1579360351 2
1579360352 2
1579360908 2
1579360909 2
1579360910 2
1579360911 2
1579361462 2
1579361463 2
1579361464 2
1579361465 2
1579362017 2
1579362018 2
1579362019 2
1579362020 2
1579362021 2
1579362573 2
1579362574 2
1579362575 2
1579362576 2
1579363133 2
1579363134 2
1579363135 2
1579363136 2
1579363700 2
1579363701 2
1579363702 2
1579363703 2
1579364263 2
1579364264 2
1579364265 2
1579364266 2
1579364822 2
1579364823 2
1579364824 2
1579364825 2
1579364826 2
