1582886370 2
1582886371 2
1582886372 2
1582886373 2
1582886663 2
1582886664 2
1582886665 2
1582886666 2
1582886667 2
1582886957 2
1582886958 2
1582886959 2
1582886960 2
1582886961 2
1582887245 2
1582887246 2
1582887247 2
1582887248 2
1582887249 2
1582887525 2
1582887526 2
1582887527 2
1582887528 2
1582887529 2
1582887530 2
1582887531 2
1582887532 2
1582887533 2
1582887534 2
1582887535 2
1582887826 2
1582887827 2
1582887828 2
1582887829 2
1582888104 2
1582888105 2
1582888106 2
1582888107 2
1582888108 2
1582888109 2
1582888110 2
1582888111 2
1582888112 2
1582888113 2
1582888114 2
1582888115 2
1582888398 2
1582888399 2
1582888400 2
1582888401 2
1582888687 2
1582888688 2
1582888689 2
1582888690 2
1582889046 2
1582889047 2
1582889048 2
1582889049 2
