1571323583 2
1571323584 2
1571323585 2
1571323586 2
1571323587 2
1571323588 2
1571323986 2
1571323987 2
1571323988 2
1571323989 2
1571323990 2
1571323991 3
1571324384 2
1571324385 2
1571324386 2
1571324387 2
1571324388 2
1571324389 2
1571324776 2
1571324777 2
1571324778 2
1571324779 2
1571324780 2
1571324781 2
1571327707 2
1571327708 2
1571327709 2
1571327710 2
1571327711 2
1571327712 2
1571328098 2
1571328099 2
1571328100 2
1571328101 2
1571328102 2
1571328103 2
1571328489 2
1571328490 2
1571328491 2
1571328492 2
1571328493 2
1571328879 2
1571328880 2
1571328881 2
1571328882 2
1571328883 2
1571328884 2
1571329262 2
1571329263 2
1571329264 2
1571329265 2
1571329266 2
1571329267 2
1571329268 2
1571329269 2
1571329270 2
1571329271 2
1571329272 2
1571329273 2
1571329274 2
1571329275 2
1571329276 2
1571329277 2
1571329660 2
1571329661 2
1571329662 2
1571329663 2
1571329664 2
1571329665 2
1571330638 2
1571330639 2
1571330640 2
1571330641 2
1571330642 2
1571330643 2
