1582027678 2
1582027679 2
1582027680 2
1582027681 2
1582027682 2
1582030518 2
1582030519 2
1582030520 2
1582030521 2
1582030522 2
1582030825 2
1582030826 2
1582030827 2
1582030828 2
1582030829 2
1582031468 2
1582031469 2
1582031470 2
1582031471 2
1582031472 2
1582031768 2
1582031769 2
1582031770 2
1582031771 2
1582031772 2
1582032139 2
1582032140 2
1582032141 2
1582032142 2
1582032456 2
1582032457 2
1582032458 2
1582032459 2
1582032460 2
1582033059 2
1582033060 2
1582033061 2
1582033062 2
1582033346 2
1582033347 2
1582033348 2
1582033349 2
1582033350 2
1582033351 2
1582033352 2
1582033353 2
1582033354 2
1582033355 2
1582033356 2
1582033357 2
1582033358 2
1582033713 2
1582033714 2
1582033715 2
1582033716 2
1582035129 2
1582035130 2
1582035131 2
1582035132 2
1582035133 2
1582036003 2
1582036004 2
1582036005 2
1582036006 2
1582036605 2
1582036606 2
1582036607 2
1582036608 2
1582036609 2
1582037213 2
1582037214 2
1582037215 2
1582037216 2
1582037217 2
1582037812 2
1582037813 2
1582037814 2
1582037815 2
1582037816 2
1582038407 2
1582038408 2
1582038409 2
1582038410 2
1582038411 2
1582038994 2
1582038995 2
1582038996 2
1582038997 2
1582038998 2
1582042661 2
1582042662 2
1582042663 2
1582042664 2
1582042665 2
1582044110 2
1582044111 2
1582044112 2
1582044113 2
1582044114 2
1582044699 2
1582044700 2
1582044701 2
1582044702 2
1582045015 2
1582045016 2
1582045017 2
1582045018 2
1582045019 2
1582045316 2
1582045317 2
1582045318 2
1582045319 2
1582045320 2
1582045612 2
1582045613 2
1582045614 2
1582045615 2
1582045616 2
1582045925 2
1582045926 2
1582045927 2
1582045928 2
1582045929 2
1582046221 2
1582046222 2
1582046223 2
1582046224 2
1582046225 2
