1571754401 2
1571754402 2
1571754403 2
1571754404 2
1571754405 2
1571754406 2
1571754792 2
1571754793 2
1571754794 2
1571754795 2
1571754796 2
1571754797 2
1571755182 2
1571755183 2
1571755184 2
1571755185 2
1571755186 2
1571755187 2
1571755188 2
1571755189 2
1571755190 2
1571755191 2
1571755192 2
1571755193 2
1571755194 2
1571755195 2
1571755196 2
1571755197 2
1571755198 2
1571755594 2
1571755595 2
1571755596 2
1571755597 2
1571755598 2
1571755599 2
1571756014 2
1571756015 3
1571756016 2
1571756017 2
1571756018 2
1571756019 2
1571756020 2
1571756021 2
1571756022 2
1571756023 2
1571756024 2
1571756824 2
1571756825 2
1571756826 2
1571756827 2
1571756828 2
1571756829 2
1571757251 2
1571757252 2
1571757253 2
1571757254 2
1571757255 2
1571757256 2
1571757257 2
1571757258 2
1571757259 2
1571757260 2
1571757261 2
1571757262 2
1571757263 2
1571757264 2
1571757265 2
1571757266 2
1571757267 2
1571757679 2
1571757680 2
1571757681 2
1571757682 2
1571757683 2
1571757684 2
1571758067 2
1571758068 2
1571758069 2
1571758070 2
1571758071 2
1571758072 2
1571758073 2
1571758074 2
1571758075 2
1571758076 2
1571758077 2
1571758078 2
1571758079 2
1571758080 2
1571758081 2
1571758082 2
1571758468 2
1571758469 2
1571758470 2
1571758471 2
1571758472 2
1571758473 2
1571762472 2
1571762473 2
1571762474 2
1571762475 2
1571762476 2
1571762477 2
1571762870 2
1571762871 2
1571762872 2
1571762873 2
1571762874 2
1571762875 2
1571763261 2
1571763262 2
1571763263 2
1571763264 2
1571763265 2
1571763266 2
1571763651 2
1571763652 2
1571763653 2
1571763654 2
1571763655 2
1571763656 2
1571764045 2
1571764046 2
1571764047 2
1571764048 2
1571764049 2
1571764050 2
1571764470 2
1571764471 2
1571764472 2
1571764473 2
1571764474 2
1571764475 2
1571764851 2
1571764852 2
1571764853 2
1571764854 2
1571764855 2
1571764856 2
1571764857 2
1571764858 2
1571764859 2
1571764860 2
1571764861 2
1571764862 2
1571764863 2
1571764864 2
1571764865 2
1571764866 2
1571764867 2
1571765251 2
1571765252 2
1571765253 2
1571765254 2
1571765255 2
1571765256 2
1571765632 2
1571765633 2
1571765634 2
1571765635 2
1571765636 2
1571765637 2
1571765638 2
1571765639 2
1571765640 2
1571765641 2
1571765642 2
1571765643 2
1571765644 2
1571765645 2
1571765646 2
1571765647 2
1571766031 2
1571766032 2
1571766033 2
1571766034 2
1571766035 2
1571766036 2
1571767000 2
1571767001 2
1571767002 2
1571767003 2
1571767004 2
1571767005 2
