1572532334 6.24459842
1572532535 6.038379859
1572532741 5.866472074
1572533526 4.883014584
1572533863 5.038911187
1572534217 5.226162482
1572534565 4.991718713
1572535245 4.878455812
1572535576 5.059742037
1572535911 5.012859877
1572536606 6.822921416
1572537863 5.000624404
1572538516 5.383761856
1572539172 5.027492753
1572539825 5.385268056
1572540731 4.978148706
1572541385 5.289668741
1572542034 4.783029661
1572542681 5.209659329
1572543326 4.750854942
1572544457 5.186227419
1572544795 4.825967235
1572544969 5.042591436
1572545143 4.83313831
