1580218087 2
1580218088 2
1580218089 2
1580218090 2
1580218091 2
1580218415 2
1580218416 2
1580218417 2
1580218418 2
1580218419 2
1580218749 2
1580218750 2
1580218751 2
1580218752 2
1580218753 2
1580219099 2
1580219100 2
1580219101 2
1580219102 2
1580219103 2
1580219460 2
1580219461 2
1580219462 2
1580219463 2
1580219464 2
1580219786 2
1580219787 2
1580219788 2
1580219789 2
1580223124 2
1580223125 2
1580223126 2
1580223127 2
1580223461 2
1580223462 2
1580223463 2
1580223464 2
1580224078 2
1580224079 2
1580224080 2
1580224081 2
1580224082 2
1580224636 2
1580224637 2
1580224638 2
1580224639 2
1580225193 2
1580225194 2
1580225195 2
1580225196 2
1580225757 2
1580225758 2
1580225759 2
1580225760 2
1580225761 2
1580226337 2
1580226338 2
1580226339 2
1580226340 2
1580226341 2
1580226904 2
1580226905 2
1580226906 2
1580226907 2
1580226908 2
1580227502 2
1580227503 2
1580227504 2
1580227505 2
1580228088 2
1580228089 2
1580228090 2
1580228091 2
1580228092 2
1580228648 2
1580228649 2
1580228650 2
1580228651 2
1580229210 2
1580229211 2
1580229212 2
1580229213 2
1580229214 2
