1574688201 2
1574688202 2
1574688203 2
1574688204 2
1574688205 2
1574688518 2
1574688519 2
1574688520 2
1574688521 2
1574688522 2
1574689346 1
1574689347 1
1574689348 1
1574689349 2
1574689350 2
1574692213 2
1574692214 2
1574692215 2
1574692216 2
1574692217 2
1574692530 2
1574692531 2
1574692532 2
1574692533 2
1574692534 2
1574693442 2
1574693443 2
1574693444 2
1574693445 2
1574693446 2
1574693761 2
1574693762 2
1574693763 2
1574693764 2
1574694091 2
1574694092 2
1574694093 2
1574694094 2
1574694095 3
1574694837 2
1574694838 2
1574694839 2
1574694840 2
1574694951 2
1574694952 2
1574694953 2
1574694954 2
1574694955 2
1574694956 2
1574695390 2
1574695391 2
1574695392 2
1574695393 2
1574695394 2
1574695733 2
1574695734 2
1574695735 2
1574695736 2
1574695737 2
1574696041 2
1574696042 2
1574696043 2
1574696044 2
1574696045 2
1574696768 2
1574696769 2
1574696770 2
1574696771 2
1574697344 2
1574697345 2
1574697346 2
1574697347 2
1574697937 2
1574697938 2
1574697939 2
1574697940 2
1574697941 2
1574698507 2
1574698508 2
1574698509 2
1574698510 2
1574699095 2
1574699096 2
1574699097 2
1574699098 2
1574706723 2
1574706724 2
1574706725 2
1574706726 2
1574706727 2
1574707357 2
1574707358 2
1574707359 2
1574707360 2
1574707361 2
1574708323 2
1574708324 2
1574708325 2
1574708326 2
1574708327 2
1574708446 2
1574708447 2
1574708448 2
1574708449 2
1574708450 2
1574708621 2
1574708622 2
1574708623 2
1574708624 2
1574708625 2
1574708979 2
1574708980 2
1574708981 2
1574708982 2
1574709191 2
1574709192 2
1574709193 2
1574709194 2
1574709195 2
1574709196 2
1574709932 2
1574709933 2
1574709934 2
1574709935 2
1574710535 2
1574710536 2
1574710537 2
1574710538 2
1574710539 2
1574711187 2
1574711188 2
1574711189 2
1574711190 2
1574711191 2
