1582185120 0.0
1582185120 0.0
1582185120 0.0
1582185120 0.0
1582185120 0.0
1582185120 0.0
1582185120 0.0
1582185120 0.0
1582185120 0.0
1582185120 0.0
1582185120 0.0
1582185120 0.0
1582185120 0.0
1582185120 0.0
1582185120 0.0
1582185120 0.0
1582185120 0.0
1582185120 0.0
1582185120 0.0
1582185120 0.0
1582185120 0.0
1582185120 0.0
1582185120 0.0
1582185120 0.0
1582185120 0.0
1582185120 0.0
1582185120 0.0
1582185120 0.0
1582185121 0.0
1582185121 0.0
1582185121 0.0
1582185121 0.0
1582185121 0.0
1582185121 0.0
1582185300 0.0
1582185300 0.0
1582185300 0.0
1582185300 0.0
1582185300 0.0
1582185300 0.0
1582185300 0.0
1582185300 0.0
1582185300 0.0
1582185300 0.0
1582185301 0.0
1582185301 0.0
1582185301 0.0
1582185301 0.0
1582185301 0.0
1582185301 0.0
1582185301 0.0
1582185301 0.0
1582185301 0.0
1582185301 0.0
1582185301 0.0
1582185301 0.0
1582185301 0.0
1582185301 0.0
1582185301 0.0
1582185301 0.0
1582185301 0.0
1582185301 0.0
1582185301 0.0
1582185301 0.0
1582185301 0.0
1582185301 0.0
1582185301 0.0
1582185301 0.0
1582186032 0.0
1582186033 0.0
1582186033 0.0
1582186033 0.0
1582186033 0.0
1582186033 0.0
1582186033 0.0
1582186033 0.0
1582186033 0.0
1582186033 0.0
1582186033 0.0
1582186033 0.0
1582186033 0.0
1582186033 0.0
1582186033 0.0
1582186033 0.0
1582186033 0.0
1582186033 0.0
1582186033 0.0
1582186033 0.0
1582186033 0.0
1582186033 0.0
1582186033 0.0
1582186033 0.0
1582186033 0.0
1582186033 0.0
1582186033 0.0
1582186033 0.0
1582186033 0.0
1582186033 0.0
1582186033 0.0
1582186033 0.0
1582186192 0.0
1582186192 0.0
1582186192 0.0
1582186192 0.0
1582186192 0.0
1582186192 0.0
1582186192 0.0
1582186192 0.0
1582186192 0.0
1582186192 0.0
1582186192 0.0
1582186192 0.0
1582186192 0.0
1582186192 0.0
1582186193 0.0
1582186193 0.0
1582186193 0.0
1582186193 0.0
1582186193 0.0
1582186193 0.0
1582186193 0.0
1582186193 0.0
1582186193 0.0
1582186193 0.0
1582186193 0.0
1582186193 0.0
1582186193 0.0
1582186193 0.0
1582186193 0.0
1582186193 0.0
1582186193 0.0
1582186928 0.0
1582186928 0.0
1582186928 0.0
1582186928 0.0
1582186928 0.0
1582186928 0.0
1582186928 0.0
1582186928 0.0
1582186928 0.0
1582186928 0.0
1582186928 0.0
1582186928 0.0
1582186928 0.0
1582186928 0.0
1582186928 0.0
1582186928 0.0
1582186928 0.0
1582186928 0.0
1582186928 0.0
1582186928 0.0
1582186928 0.0
1582186928 0.0
1582186929 0.0
1582186929 0.0
1582186929 0.0
1582186929 0.0
1582187889 0.0
1582187889 0.0
1582187889 0.0
1582187889 0.0
1582187889 0.0
1582187889 0.0
1582187889 0.0
1582187889 0.0
1582187889 0.0
1582187889 0.0
1582187889 0.0
1582187889 0.0
1582187889 0.0
1582187889 0.0
1582187889 0.0
1582187889 0.0
1582187889 0.0
1582187889 0.0
1582187889 0.0
1582187889 0.0
1582187889 0.0
1582187889 0.0
1582188049 0.0
1582188050 0.0
1582188050 0.0
1582188050 0.0
1582188050 0.0
1582188050 0.0
1582188050 0.0
1582188050 0.0
1582188050 0.0
1582188050 0.0
1582188050 0.0
1582188050 0.0
1582188050 0.0
1582188050 0.0
1582188050 0.0
1582188050 0.0
1582188050 0.0
1582188050 0.0
1582188050 0.0
1582188050 0.0
1582188050 0.0
1582188050 0.0
1582188050 0.0
1582188050 0.0
1582188207 0.0
1582188207 0.0
1582188207 0.0
1582188207 0.0
1582188207 0.0
1582188207 0.0
1582188207 0.0
1582188207 0.0
1582188207 0.0
1582188207 0.0
1582188207 0.0
1582188207 0.0
1582188207 0.0
1582188207 0.0
1582188207 0.0
1582188207 0.0
1582188207 0.0
1582188207 0.0
1582188207 0.0
1582188207 0.0
1582188207 0.0
1582188207 0.0
1582188208 0.0
1582188208 0.0
1582188208 0.0
1582188208 0.0
1582188208 0.0
1582188208 0.0
1582188367 0.0
1582188367 0.0
1582188367 0.0
1582188367 0.0
1582188367 0.0
1582188367 0.0
1582188367 0.0
1582188367 0.0
1582188368 0.0
1582188368 0.0
1582188368 0.0
1582188368 0.0
1582188368 0.0
1582188368 0.0
1582188368 0.0
1582188368 0.0
1582188368 0.0
1582188368 0.0
1582188368 0.0
1582188368 0.0
1582188368 0.0
1582188368 0.0
1582188368 0.0
1582188368 0.0
1582188368 0.0
1582188368 0.0
1582188368 0.0
1582188368 0.0
1582193819 0.0
1582193819 0.0
1582193819 0.0
1582193819 0.0
1582193819 0.0
1582193819 0.0
1582193819 0.0
1582193819 0.0
1582193819 0.0
1582193819 0.0
1582193819 0.0
1582193819 0.0
1582193819 0.0
1582193819 0.0
1582193819 0.0
1582193819 0.0
1582193819 0.0
1582193819 0.0
1582193819 0.0
1582193819 0.0
1582193819 0.0
1582193819 0.0
1582193819 0.0
1582193819 0.0
1582193982 0.0
1582193982 0.0
1582193982 0.0
1582193982 0.0
1582193982 0.0
1582193982 0.0
1582193982 0.0
1582193982 0.0
1582193982 0.0
1582193982 0.0
1582193982 0.0
1582193982 0.0
1582193982 0.0
1582193982 0.0
1582193982 0.0
1582193982 0.0
1582193982 0.0
1582193982 0.0
1582193982 0.0
1582193982 0.0
1582193982 0.0
1582193983 0.0
1582193983 0.0
1582193983 0.0
1582193983 0.0
1582193983 0.0
1582194146 0.0
1582194146 0.0
1582194146 0.0
1582194146 0.0
1582194146 0.0
1582194146 0.0
1582194146 0.0
1582194146 0.0
1582194146 0.0
1582194146 0.0
1582194146 0.0
1582194146 0.0
1582194146 0.0
1582194147 0.0
1582194147 0.0
1582194147 0.0
1582194147 0.0
1582194147 0.0
1582194147 0.0
1582194147 0.0
1582194147 0.0
1582194147 0.0
1582194147 0.0
1582194147 0.0
1582194302 0.0
1582194302 0.0
1582194302 0.0
1582194302 0.0
1582194302 0.0
1582194302 0.0
1582194302 0.0
1582194302 0.0
1582194302 0.0
1582194302 0.0
1582194302 0.0
1582194302 0.0
1582194302 0.0
1582194302 0.0
1582194302 0.0
1582194302 0.0
1582194302 0.0
1582194303 0.0
1582194303 0.0
1582194303 0.0
1582194303 0.0
1582194303 0.0
1582194303 0.0
1582194303 0.0
1582194303 0.0
1582194303 0.0
1582194303 0.0
1582194303 0.0
1582194463 0.0
1582194463 0.0
1582194463 0.0
1582194463 0.0
1582194463 0.0
1582194463 0.0
1582194463 0.0
1582194463 0.0
1582194463 0.0
1582194463 0.0
1582194464 0.0
1582194464 0.0
1582194464 0.0
1582194464 0.0
1582194464 0.0
1582194464 0.0
1582194464 0.0
1582194464 0.0
1582194464 0.0
1582194464 0.0
1582194464 0.0
1582194464 0.0
1582194464 0.0
1582194464 0.0
1582194464 0.0
1582194628 0.0
1582194628 0.0
1582194628 0.0
1582194628 0.0
1582194628 0.0
1582194628 0.0
1582194628 0.0
1582194628 0.0
1582194628 0.0
1582194628 0.0
1582194628 0.0
1582194628 0.0
1582194628 0.0
1582194628 0.0
1582194628 0.0
1582194628 0.0
1582194628 0.0
1582194628 0.0
1582194628 0.0
1582194628 0.0
1582194628 0.0
1582194629 0.0
1582194794 0.0
1582194794 0.0
1582194794 0.0
1582194794 0.0
1582194794 0.0
1582194794 0.0
1582194794 0.0
1582194794 0.0
1582194794 0.0
1582194794 0.0
1582194794 0.0
1582194794 0.0
1582194794 0.0
1582194794 0.0
1582194794 0.0
1582194794 0.0
1582194794 0.0
1582194794 0.0
1582194794 0.0
1582194794 0.0
1582194794 0.0
1582194794 0.0
1582194794 0.0
1582194794 0.0
1582194794 0.0
1582194794 0.0
1582194794 0.0
1582194794 0.0
1582194794 0.0
1582194794 0.0
1582194794 0.0
1582194794 0.0
1582194794 0.0
1582194795 0.0
1582194957 0.0
1582194957 0.0
1582194957 0.0
1582194957 0.0
1582194957 0.0
1582194957 0.0
1582194957 0.0
1582194957 0.0
1582194957 0.0
1582194957 0.0
1582194957 0.0
1582194957 0.0
1582194958 0.0
1582194958 0.0
1582194958 0.0
1582194958 0.0
1582194958 0.0
1582194958 0.0
1582194958 0.0
1582194958 0.0
1582194958 0.0
1582194958 0.0
1582194958 0.0
1582194958 0.0
1582194958 0.0
1582194958 0.0
1582194958 0.0
1582194958 0.0
1582194958 0.0
1582195118 0.0
1582195118 0.0
1582195118 0.0
1582195118 0.0
1582195118 0.0
1582195118 0.0
1582195118 0.0
1582195118 0.0
1582195118 0.0
1582195118 0.0
1582195118 0.0
1582195118 0.0
1582195118 0.0
1582195118 0.0
1582195118 0.0
1582195118 0.0
1582195118 0.0
1582195118 0.0
1582195118 0.0
1582195118 0.0
1582195118 0.0
1582195118 0.0
1582195118 0.0
1582195118 0.0
1582195118 0.0
1582195118 0.0
1582195118 0.0
1582195118 0.0
1582195282 0.0
1582195282 0.0
1582195282 0.0
1582195282 0.0
1582195282 0.0
1582195282 0.0
1582195282 0.0
1582195282 0.0
1582195282 0.0
1582195282 0.0
1582195282 0.0
1582195282 0.0
1582195282 0.0
1582195282 0.0
1582195282 0.0
1582195282 0.0
1582195282 0.0
1582195282 0.0
1582195282 0.0
1582195282 0.0
1582195282 0.0
1582195282 0.0
1582195282 0.0
1582195282 0.0
1582195282 0.0
1582195775 0.0
1582195775 0.0
1582195775 0.0
1582195775 0.0
1582195775 0.0
1582195775 0.0
1582195776 0.0
1582195776 0.0
1582195776 0.0
1582195776 0.0
1582195776 0.0
1582195776 0.0
1582195776 0.0
1582195776 0.0
1582195776 0.0
1582195776 0.0
1582195776 0.0
1582195776 0.0
1582195776 0.0
1582195776 0.0
1582195776 0.0
1582195776 0.0
1582195776 0.0
1582195776 0.0
1582195776 0.0
1582195776 0.0
1582195776 0.0
1582195934 0.0
1582195934 0.0
1582195934 0.0
1582195934 0.0
1582195934 0.0
1582195934 0.0
1582195934 0.0
1582195934 0.0
1582195934 0.0
1582195934 0.0
1582195934 0.0
1582195934 0.0
1582195934 0.0
1582195934 0.0
1582195934 0.0
1582195934 0.0
1582195934 0.0
1582195934 0.0
1582195934 0.0
1582195934 0.0
1582195934 0.0
1582195934 0.0
1582195934 0.0
1582195934 0.0
1582195934 0.0
1582195934 0.0
1582195935 0.0
1582195935 0.0
1582195935 0.0
1582195935 0.0
1582196092 0.0
1582196092 0.0
1582196092 0.0
1582196092 0.0
1582196092 0.0
1582196092 0.0
1582196092 0.0
1582196092 0.0
1582196092 0.0
1582196092 0.0
1582196092 0.0
1582196092 0.0
1582196092 0.0
1582196092 0.0
1582196093 0.0
1582196093 0.0
1582196093 0.0
1582196093 0.0
1582196093 0.0
1582196093 0.0
1582196093 0.0
1582196093 0.0
1582196093 0.0
1582196093 0.0
1582196093 0.0
1582196093 0.0
1582196093 0.0
1582196093 0.0
1582196093 0.0
1582196093 0.0
1582196093 0.0
1582196093 0.0
1582196252 0.0
1582196252 0.0
1582196252 0.0
1582196252 0.0
1582196252 0.0
1582196252 0.0
1582196252 0.0
1582196252 0.0
1582196252 0.0
1582196252 0.0
1582196252 0.0
1582196252 0.0
1582196252 0.0
1582196252 0.0
1582196252 0.0
1582196252 0.0
1582196252 0.0
1582196252 0.0
1582196252 0.0
1582196252 0.0
1582196252 0.0
1582196252 0.0
1582196252 0.0
1582196411 0.0
1582196411 0.0
1582196411 0.0
1582196411 0.0
1582196411 0.0
1582196411 0.0
1582196411 0.0
1582196411 0.0
1582196411 0.0
1582196411 0.0
1582196411 0.0
1582196411 0.0
1582196411 0.0
1582196411 0.0
1582196411 0.0
1582196411 0.0
1582196411 0.0
1582196411 0.0
1582196411 0.0
1582196411 0.0
1582196411 0.0
1582196412 0.0
1582196412 0.0
1582196412 0.0
1582196412 0.0
1582196412 0.0
1582196412 0.0
1582196570 0.0
1582196570 0.0
1582196570 0.0
1582196570 0.0
1582196570 0.0
1582196570 0.0
1582196570 0.0
1582196570 0.0
1582196570 0.0
1582196570 0.0
1582196570 0.0
1582196570 0.0
1582196570 0.0
1582196570 0.0
1582196570 0.0
1582196570 0.0
1582196570 0.0
1582196570 0.0
1582196570 0.0
1582196570 0.0
1582196570 0.0
1582196570 0.0
1582196570 0.0
1582196570 0.0
1582196570 0.0
1582196570 0.0
1582196570 0.0
1582196570 0.0
1582196570 0.0
1582196570 0.0
1582196727 0.0
1582196727 0.0
1582196727 0.0
1582196727 0.0
1582196728 0.0
1582196728 0.0
1582196728 0.0
1582196728 0.0
1582196728 0.0
1582196728 0.0
1582196728 0.0
1582196728 0.0
1582196728 0.0
1582196728 0.0
1582196728 0.0
1582196728 0.0
1582196728 0.0
1582196728 0.0
1582196728 0.0
1582196728 0.0
1582196728 0.0
1582196728 0.0
1582196728 0.0
1582196728 0.0
1582196728 0.0
1582196728 0.0
1582196728 0.0
1582196728 0.0
1582196888 0.0
1582196888 0.0
1582196888 0.0
1582196888 0.0
1582196888 0.0
1582196888 0.0
1582196888 0.0
1582196888 0.0
1582196888 0.0
1582196888 0.0
1582196888 0.0
1582196888 0.0
1582196888 0.0
1582196888 0.0
1582196888 0.0
1582196888 0.0
1582196889 0.0
1582196889 0.0
1582196889 0.0
1582196889 0.0
1582196889 0.0
1582197050 0.0
1582197050 0.0
1582197050 0.0
1582197050 0.0
1582197050 0.0
1582197050 0.0
1582197050 0.0
1582197050 0.0
1582197050 0.0
1582197050 0.0
1582197050 0.0
1582197050 0.0
1582197050 0.0
1582197050 0.0
1582197050 0.0
1582197050 0.0
1582197051 0.0
1582197051 0.0
1582197051 0.0
1582197051 0.0
1582197051 0.0
1582197051 0.0
1582197051 0.0
1582197217 0.0
1582197217 0.0
1582197217 0.0
1582197217 0.0
1582197217 0.0
1582197217 0.0
1582197217 0.0
1582197217 0.0
1582197217 0.0
1582197217 0.0
1582197217 0.0
1582197217 0.0
1582197217 0.0
1582197217 0.0
1582197217 0.0
1582197217 0.0
1582197217 0.0
1582197217 0.0
1582197217 0.0
1582197218 0.0
1582197218 0.0
1582197373 0.0
1582197373 0.0
1582197373 0.0
1582197373 0.0
1582197373 0.0
1582197373 0.0
1582197373 0.0
1582197373 0.0
1582197373 0.0
1582197373 0.0
1582197373 0.0
1582197373 0.0
1582197373 0.0
1582197373 0.0
1582197373 0.0
1582197373 0.0
1582197373 0.0
1582197373 0.0
1582197373 0.0
1582197373 0.0
1582197373 0.0
1582197373 0.0
1582197373 0.0
1582197373 0.0
1582197373 0.0
1582197373 0.0
1582197373 0.0
1582197539 0.0
1582197539 0.0
1582197539 0.0
1582197539 0.0
1582197539 0.0
1582197539 0.0
1582197539 0.0
1582197539 0.0
1582197539 0.0
1582197539 0.0
1582197539 0.0
1582197539 0.0
1582197539 0.0
1582197539 0.0
1582197539 0.0
1582197539 0.0
1582197539 0.0
1582197539 0.0
1582197539 0.0
1582197540 0.0
1582197540 0.0
1582197540 0.0
1582197540 0.0
1582197540 0.0
1582197540 0.0
1582197540 0.0
1582197710 0.0
1582197710 0.0
1582197710 0.0
1582197710 0.0
1582197710 0.0
1582197710 0.0
1582197710 0.0
1582197710 0.0
1582197710 0.0
1582197710 0.0
1582197710 0.0
1582197710 0.0
1582197710 0.0
1582197710 0.0
1582197710 0.0
1582197710 0.0
1582197710 0.0
1582197710 0.0
1582197710 0.0
1582197710 0.0
1582197710 0.0
1582197710 0.0
1582197710 0.0
1582197710 0.0
1582197710 0.0
1582197711 0.0
1582197867 0.0
1582197867 0.0
1582197867 0.0
1582197867 0.0
1582197867 0.0
1582197867 0.0
1582197867 0.0
1582197868 0.0
1582197868 0.0
1582197868 0.0
1582197868 0.0
1582197868 0.0
1582197868 0.0
1582197868 0.0
1582197868 0.0
1582197868 0.0
1582197868 0.0
1582197868 0.0
1582197868 0.0
1582197868 0.0
1582197868 0.0
1582197868 0.0
1582197868 0.0
1582197868 0.0
1582197868 0.0
1582197868 0.0
1582197868 0.0
1582198026 0.0
1582198026 0.0
1582198026 0.0
1582198026 0.0
1582198026 0.0
1582198026 0.0
1582198026 0.0
1582198026 0.0
1582198027 0.0
1582198027 0.0
1582198027 0.0
1582198027 0.0
1582198027 0.0
1582198027 0.0
1582198027 0.0
1582198027 0.0
1582198027 0.0
1582198027 0.0
1582198027 0.0
1582198027 0.0
1582198027 0.0
1582198027 0.0
1582198027 0.0
1582198027 0.0
1582198027 0.0
1582198182 0.0
1582198183 0.0
1582198183 0.0
1582198183 0.0
1582198183 0.0
1582198183 0.0
1582198183 0.0
1582198183 0.0
1582198183 0.0
1582198183 0.0
1582198183 0.0
1582198183 0.0
1582198183 0.0
1582198183 0.0
1582198183 0.0
1582198183 0.0
1582198183 0.0
1582198183 0.0
1582198183 0.0
1582198183 0.0
1582198183 0.0
1582198183 0.0
1582198344 0.0
1582198344 0.0
1582198344 0.0
1582198344 0.0
1582198344 0.0
1582198344 0.0
1582198344 0.0
1582198344 0.0
1582198344 0.0
1582198344 0.0
1582198344 0.0
1582198344 0.0
1582198344 0.0
1582198344 0.0
1582198344 0.0
1582198345 0.0
1582198345 0.0
1582198345 0.0
1582198345 0.0
1582198345 0.0
1582198345 0.0
1582198345 0.0
1582198345 0.0
1582198345 0.0
1582198345 0.0
1582198502 0.0
1582198502 0.0
1582198503 0.0
1582198503 0.0
1582198503 0.0
1582198503 0.0
1582198503 0.0
1582198503 0.0
1582198503 0.0
1582198503 0.0
1582198503 0.0
1582198503 0.0
1582198503 0.0
1582198503 0.0
1582198503 0.0
1582198503 0.0
1582198503 0.0
1582198503 0.0
1582198503 0.0
1582198503 0.0
1582198503 0.0
1582198503 0.0
1582198503 0.0
1582198503 0.0
1582198503 0.0
1582198503 0.0
1582198503 0.0
1582198503 0.0
1582198503 0.0
1582198503 0.0
1582198503 0.0
1582198782 0.0
1582198782 0.0
1582198782 0.0
1582198782 0.0
1582198782 0.0
1582198782 0.0
1582198782 0.0
1582198782 0.0
1582198782 0.0
1582198782 0.0
1582198782 0.0
1582198782 0.0
1582198782 0.0
1582198782 0.0
1582198782 0.0
1582198782 0.0
1582198782 0.0
1582198782 0.0
1582198782 0.0
1582198782 0.0
1582198782 0.0
1582198782 0.0
1582198782 0.0
1582198782 0.0
1582199134 0.0
1582199134 0.0
1582199134 0.0
1582199134 0.0
1582199134 0.0
1582199134 0.0
1582199134 0.0
1582199134 0.0
1582199134 0.0
1582199134 0.0
1582199134 0.0
1582199134 0.0
1582199134 0.0
1582199134 0.0
1582199134 0.0
1582199134 0.0
1582199134 0.0
1582199134 0.0
1582199134 0.0
1582199134 0.0
1582199134 0.0
1582199134 0.0
1582199134 0.0
1582199134 0.0
1582199135 0.0
1582199135 0.0
1582199135 0.0
1582199135 0.0
1582199135 0.0
1582199135 0.0
