1579522303 3
1579522304 1
1579522305 1
1579522306 1
1579522307 1
1579522308 1
1579522309 1
1579522310 1
1579522311 1
1579522312 1
1579522313 1
1579522314 1
1579522315 1
1579522316 1
1579522317 1
1579522318 1
1579522319 1
1579522320 1
1579522321 1
1579522322 1
1579522323 1
1579522324 1
1579522325 2
1579522326 3
1579522327 3
1579522328 2
1579522329 2
1579522330 2
1579522331 2
1579522332 2
1579522333 2
1579522334 2
1579522335 2
1579522336 2
1579522337 2
1579522338 2
1579522339 3
1579522340 3
1579522341 3
1579522342 3
1579522343 3
1579522344 3
1579522345 3
1579522346 3
1579522347 3
1579522348 3
1579522349 3
1579522350 3
1579522351 3
1579522352 3
1579522353 3
1579522354 3
1579522355 3
1579522356 3
1579522357 3
1579522358 3
1579522359 3
1579522360 3
1579522361 3
1579522362 3
1579522363 3
1579522364 3
1579522365 3
1579522366 3
1579522367 3
1579522368 3
1579522369 3
1579522370 3
1579522371 3
1579522372 3
1579522373 3
1579522594 2
1579522595 2
1579522596 2
1579522597 2
1579522598 2
1579522599 2
1579522600 2
1579522601 2
1579522602 2
1579522603 2
1579522604 2
1579522605 2
1579522606 2
1579522607 2
1579522608 2
1579522609 2
1579522610 2
1579522611 2
1579522612 2
1579522613 2
1579522614 2
1579522615 2
1579522616 2
1579522617 2
1579522618 2
1579522619 2
1579522620 2
1579522621 2
1579522622 2
1579522623 2
1579522624 2
1579522625 2
1579522626 2
1579522627 2
1579522628 2
1579522629 2
1579522630 2
1579522631 2
1579522632 2
1579522633 2
1579522634 2
1579522635 2
1579522636 2
1579522637 2
1579522638 2
1579522639 2
1579522640 2
1579522641 2
1579522642 2
1579522643 2
1579522644 2
1579522645 2
1579522646 2
1579522647 2
1579522648 2
1579522649 2
1579522650 2
1579522651 2
1579522652 2
1579522653 2
1579522654 2
1579522655 2
1579522656 2
1579522657 2
1579522658 2
1579522659 2
1579522660 2
1579522661 2
1579522662 2
1579522663 2
1579522664 2
1579522665 2
1579522666 2
1579522667 2
1579522668 2
1579522669 2
1579522670 2
1579522671 2
1579522672 2
1579522673 2
1579522674 2
1579522675 2
1579522676 2
1579522677 2
1579522678 2
1579522679 2
1579522680 2
1579522681 2
1579522682 2
1579522683 2
1579522684 2
1579522685 2
1579522686 2
1579522687 2
1579522688 2
1579522689 2
1579522690 2
1579522691 2
1579522692 2
1579522693 2
1579522694 2
1579522695 2
1579522696 2
1579522697 2
1579522698 2
1579522699 2
1579522700 2
1579522701 2
1579522702 2
1579522703 2
1579522704 2
1579522705 2
1579522706 2
1579522707 2
1579522708 2
1579522709 2
1579522710 2
1579522711 2
1579522712 2
1579522713 2
1579522714 2
1579522715 2
1579522716 2
1579522717 2
1579522718 2
1579522719 2
1579522720 2
1579522721 2
1579522722 2
1579522723 2
1579522724 2
1579522725 2
1579522726 2
1579522727 2
1579522728 2
1579522729 2
1579522730 2
1579522731 2
1579522732 2
1579522733 2
1579522734 2
1579522735 2
1579522736 2
1579522737 2
1579522738 2
1579522739 2
1579522740 2
1579522741 2
1579522742 2
1579522743 2
1579522744 2
1579522745 2
1579522746 2
1579522747 2
1579522748 2
1579522749 2
1579522750 2
1579522751 2
1579522752 2
1579522753 2
1579522754 2
1579522755 2
1579522756 2
1579522757 2
1579522758 2
1579522759 2
1579522760 2
1579522761 2
1579522762 2
1579522763 2
1579522764 2
1579522765 2
1579522766 2
1579522767 2
1579522768 2
1579522769 2
1579522770 2
1579522771 2
1579522772 2
1579522773 2
1579522774 2
1579522775 2
1579522776 2
1579522777 2
1579522778 2
1579522779 2
1579522780 2
1579522781 2
1579522782 2
1579522783 2
1579522784 2
1579522785 2
1579522786 2
1579522787 2
1579522788 2
1579522789 2
1579522790 2
1579522791 2
1579522792 2
1579522793 2
1579522794 2
1579522795 2
1579522796 2
1579522797 3
1579522798 4
1579522799 4
1579522800 4
1579522801 4
1579522802 3
1579522803 3
1579522804 2
1579522805 2
1579522806 2
1579522807 2
1579522808 2
1579522809 2
1579522810 2
1579522811 2
1579522812 2
1579522813 2
1579522814 2
1579522815 2
1579522816 2
1579522817 2
1579522818 2
1579522819 2
1579522820 2
1579522821 2
1579522822 2
1579522823 2
1579522824 2
1579522825 2
1579522826 2
1579522827 2
1579522828 2
1579522829 2
1579522830 2
1579522831 2
1579522832 2
1579522833 2
1579522834 2
1579522835 3
1579522836 3
1579522837 3
1579522838 3
1579522839 3
1579522840 3
1579522841 3
1579522842 3
1579522843 3
1579522844 3
1579522845 4
1579522846 4
1579522847 4
1579522848 4
1579522849 4
1579522850 4
1579522851 4
1579522852 3
1579522853 3
1579522854 2
1579522855 2
1579522856 4
1579522857 3
1579522858 5
1579522859 7
1579522860 6
1579522861 7
1579522862 4
1579522863 4
1579522864 6
1579522865 4
1579522866 6
1579522867 6
1579522868 6
1579522869 5
1579522870 3
1579522871 3
1579522872 2
1579522873 2
1579522874 3
1579522875 3
1579522876 3
1579522877 3
1579522878 3
1579522879 3
1579522880 3
1579522881 3
1579522882 4
1579522883 4
1579522884 4
1579522885 3
1579522886 2
1579522887 2
1579522888 2
1579522889 2
1579522890 2
1579522891 2
1579522892 2
1579522893 2
1579522894 3
1579522895 2
1579522896 2
1579522897 2
1579522898 2
1579522899 2
1579522900 2
1579522901 2
1579522902 2
1579522903 2
1579522904 2
1579522905 2
1579522906 2
1579522907 2
1579522908 2
1579522909 2
1579522910 4
1579522911 7
1579522912 4
1579522913 5
1579522914 4
1579522915 5
1579522916 4
1579522917 3
1579522918 3
1579522919 5
1579522920 5
1579522921 5
1579522922 3
1579522923 1
1579522924 1
1579522925 3
1579522926 6
1579522927 8
1579522928 10
1579522929 11
1579522930 7
1579522931 11
1579522932 9
1579522933 9
1579522934 9
1579522935 7
1579522936 6
1579522937 5
1579522938 4
1579522939 5
1579522940 7
1579522941 6
1579522942 5
1579522943 5
1579522944 4
1579522945 3
1579522946 1
1579522947 1
1579522948 2
1579522949 3
1579522950 4
1579522951 4
1579522952 4
1579522953 4
1579522954 4
1579522955 4
1579522956 4
1579522957 4
1579522958 4
1579522959 4
1579522960 4
1579522961 4
1579522962 2
1579522963 3
1579522964 2
1579522965 2
1579522966 2
1579522967 3
1579522968 3
1579522969 3
1579522970 3
1579522971 3
1579522972 4
1579522973 4
1579522974 4
1579522975 3
1579522976 3
1579522977 3
1579522978 3
1579522979 3
1579522980 3
1579522981 3
1579522982 3
1579522983 3
1579522984 3
1579522985 3
1579522986 3
1579522987 3
1579522988 3
1579522989 3
1579522990 3
1579522991 3
1579522992 3
1579522993 3
1579522994 3
1579522995 3
1579522996 3
1579522997 3
1579522998 3
1579522999 3
1579523000 3
1579523001 3
1579523002 3
1579523003 3
1579523004 3
1579523005 3
1579523006 3
1579523007 4
1579523008 5
1579523009 5
1579523010 6
1579523011 5
1579523012 4
1579523013 2
1579523014 2
1579523015 2
1579523016 2
1579523017 2
1579523018 2
1579523019 2
1579523020 2
1579523021 2
1579523022 2
1579523023 2
1579523024 2
1579523025 2
1579523026 2
1579523027 2
1579523028 2
1579523029 2
1579523030 2
1579523031 2
1579523032 2
1579523033 2
1579523034 2
1579523035 2
1579523036 2
1579523037 2
1579523038 2
1579523039 2
1579523040 2
1579523041 2
1579523042 2
1579523043 2
1579523044 2
1579523045 2
1579523046 3
1579523047 3
1579523048 3
1579523049 3
1579523050 3
1579523051 3
1579523052 3
1579523053 4
1579523054 4
1579523055 4
1579523056 4
1579523057 3
1579523058 3
1579523059 2
1579523060 5
1579523061 3
1579523062 4
1579523063 7
1579523064 5
1579523065 3
1579523066 5
1579523067 4
1579523068 5
1579523069 6
1579523070 6
1579523071 7
1579523072 8
1579523073 5
1579523074 4
1579523075 3
1579523076 2
1579523077 2
1579523078 3
1579523079 4
1579523080 3
1579523081 6
1579523082 4
1579523083 4
1579523084 4
1579523085 3
1579523086 4
1579523087 4
1579523088 3
1579523089 2
1579523090 2
1579523091 2
1579523092 2
1579523093 2
1579523094 3
1579523095 3
1579523096 3
1579523097 2
1579523098 2
1579523099 3
1579523100 2
1579523101 2
1579523102 2
1579523103 2
1579523104 2
1579523105 2
1579523106 2
1579523107 2
1579523108 2
1579523109 2
1579523110 2
1579523111 2
1579523112 2
1579523113 2
1579523114 4
1579523115 4
1579523116 5
1579523117 4
1579523118 5
1579523119 4
1579523120 4
1579523121 5
1579523122 5
1579523123 5
1579523124 5
1579523125 3
1579523126 2
1579523127 2
1579523128 2
1579523129 7
1579523130 8
1579523131 6
1579523132 10
1579523133 10
1579523134 14
1579523135 8
1579523136 9
1579523137 9
1579523138 9
1579523139 9
1579523140 6
1579523141 5
1579523142 4
1579523143 5
1579523144 8
1579523145 7
1579523146 5
1579523147 6
1579523148 5
1579523149 3
1579523150 2
1579523151 4
1579523152 3
1579523153 4
1579523154 4
1579523155 4
1579523156 4
1579523157 4
1579523158 3
1579523159 3
1579523160 3
1579523161 3
1579523162 3
1579523163 3
1579523164 3
1579523165 3
1579523166 3
1579523167 3
1579523168 3
1579523169 3
1579523170 3
1579523171 3
1579523172 3
1579523173 3
1579523174 3
1579523175 3
1579523176 3
1579523177 3
1579523178 3
1579523179 3
1579523180 3
1579523181 3
1579523182 3
1579523183 3
1579523184 3
1579523185 3
1579523186 3
1579523187 3
1579523188 3
1579523189 3
1579523190 3
1579523191 3
1579523192 3
1579523193 3
1579523194 3
1579523195 4
1579523196 4
1579523197 4
1579523198 3
1579523199 3
1579523200 3
1579523201 2
1579523202 2
1579523203 2
1579523204 2
1579523205 2
1579523206 2
1579523207 2
1579523208 2
1579523209 2
1579523210 2
1579523211 2
1579523212 2
1579523213 2
1579523214 2
1579523215 2
1579523216 2
1579523217 2
1579523218 2
1579523219 2
1579523220 2
1579523221 2
1579523222 2
1579523223 2
1579523224 2
1579523225 2
1579523226 2
1579523227 2
1579523228 2
1579523229 2
1579523230 2
1579523231 2
1579523232 2
1579523233 2
1579523234 5
1579523235 4
1579523236 4
1579523237 4
1579523238 3
1579523239 3
1579523240 3
1579523241 3
1579523242 3
1579523243 4
1579523244 4
1579523245 4
1579523246 4
1579523247 3
1579523248 2
1579523249 2
1579523250 4
1579523251 3
1579523252 4
1579523253 6
1579523254 5
1579523255 5
1579523256 5
1579523257 5
1579523258 5
1579523259 3
1579523260 5
1579523261 6
1579523262 7
1579523263 7
1579523264 5
1579523265 4
1579523266 4
1579523267 2
1579523268 2
1579523269 3
1579523270 3
1579523271 3
1579523272 3
1579523273 3
1579523274 3
1579523275 3
1579523276 3
1579523277 4
1579523278 4
1579523279 5
1579523280 4
1579523281 3
1579523282 2
1579523283 2
1579523284 2
1579523285 2
1579523286 2
1579523287 2
1579523288 2
1579523289 2
1579523290 2
1579523291 2
1579523292 2
1579523293 2
1579523294 2
1579523295 2
1579523296 2
1579523297 2
1579523298 2
1579523299 2
1579523300 2
1579523301 2
1579523302 2
1579523303 2
1579523304 2
1579523305 4
1579523306 4
1579523307 5
1579523308 4
1579523309 4
1579523310 4
1579523311 4
1579523312 4
1579523313 5
1579523314 5
1579523315 4
1579523316 3
1579523317 2
1579523318 1
1579523319 3
1579523320 3
1579523321 6
1579523322 8
1579523323 9
1579523324 10
1579523325 7
1579523326 10
1579523327 8
1579523328 8
1579523329 10
1579523330 7
1579523331 8
1579523332 6
1579523333 6
1579523334 6
1579523335 7
1579523336 7
1579523337 5
1579523338 4
1579523339 4
1579523340 3
1579523341 3
1579523342 2
1579523343 1
1579523344 1
1579523345 2
1579523346 3
1579523347 4
1579523348 4
1579523349 4
1579523350 4
1579523351 4
1579523352 4
1579523353 4
1579523354 4
1579523355 4
1579523356 4
1579523357 4
1579523358 4
1579523359 4
1579523360 2
1579523361 2
1579523362 2
1579523363 4
1579523364 4
1579523365 4
1579523366 4
1579523367 4
1579523368 2
1579523369 2
1579523370 2
1579523371 2
1579523372 2
1579523373 2
1579523374 2
1579523375 2
1579523376 2
1579523377 2
1579523378 2
1579523379 2
1579523380 2
1579523381 2
1579523382 2
1579523383 2
1579523384 2
1579523385 2
1579523386 2
1579523387 2
1579523388 2
1579523389 2
1579523390 2
1579523391 2
1579523392 2
1579523393 2
1579523394 2
1579523395 2
1579523396 2
1579523397 2
1579523398 2
1579523399 2
1579523400 2
1579523401 3
1579523402 3
1579523403 3
1579523404 3
1579523405 3
1579523406 3
1579523407 3
1579523408 4
1579523409 4
1579523410 4
1579523411 4
1579523412 2
1579523413 2
1579523414 3
1579523415 4
1579523416 5
1579523417 3
1579523418 5
1579523419 8
1579523420 4
1579523421 4
1579523422 5
1579523423 5
1579523424 5
1579523425 6
1579523426 6
1579523427 6
1579523428 7
1579523429 5
1579523430 3
1579523431 3
1579523432 2
1579523433 2
1579523434 5
1579523435 4
1579523436 4
1579523437 5
1579523438 4
1579523439 4
1579523440 3
1579523441 3
1579523442 3
1579523443 2
1579523444 2
1579523445 2
1579523446 2
1579523447 2
1579523448 2
1579523449 2
1579523450 2
1579523451 2
1579523452 2
1579523453 2
1579523454 2
1579523455 2
1579523456 2
1579523457 2
1579523458 2
1579523459 2
1579523460 2
1579523461 2
1579523462 2
1579523463 2
1579523464 2
1579523465 2
1579523466 2
1579523467 2
1579523468 2
1579523469 4
1579523470 4
1579523471 5
1579523472 4
1579523473 4
1579523474 4
1579523475 5
1579523476 4
1579523477 4
1579523478 4
1579523479 4
1579523480 3
1579523481 2
1579523482 2
1579523483 2
1579523484 4
1579523485 6
1579523486 6
1579523487 9
1579523488 8
1579523489 10
1579523490 13
1579523491 10
1579523492 10
1579523493 7
1579523494 8
1579523495 6
1579523496 7
1579523497 7
1579523498 7
1579523499 7
1579523500 8
1579523501 5
1579523502 4
1579523503 4
1579523504 3
1579523505 2
1579523506 2
1579523507 1
1579523508 3
1579523509 3
1579523510 4
1579523511 4
1579523512 4
1579523513 4
1579523514 3
1579523515 3
1579523516 3
1579523517 3
1579523518 3
1579523519 3
1579523520 3
1579523521 3
1579523522 3
1579523523 3
1579523524 3
1579523525 3
1579523526 3
1579523527 3
1579523528 3
1579523529 3
1579523530 3
1579523531 3
1579523532 3
1579523533 3
1579523534 3
1579523535 4
1579523536 4
1579523537 4
1579523538 5
1579523539 5
1579523540 3
1579523541 3
1579523542 2
1579523543 2
1579523544 2
1579523545 2
1579523546 2
1579523547 2
1579523548 2
1579523549 2
1579523550 2
1579523551 2
1579523552 2
1579523553 2
1579523554 2
1579523555 2
1579523556 2
1579523557 2
1579523558 2
1579523559 2
1579523560 2
1579523561 2
1579523562 2
1579523563 2
1579523564 2
1579523565 2
1579523566 2
1579523567 2
1579523568 2
1579523569 2
1579523570 2
1579523571 2
1579523572 4
1579523573 3
1579523574 3
1579523575 3
1579523576 3
1579523577 3
1579523578 3
1579523579 3
1579523580 3
1579523581 3
1579523582 2
1579523583 2
1579523584 2
1579523585 2
1579523586 1
1579523587 2
1579523588 2
1579523589 4
1579523590 3
1579523591 4
1579523592 6
1579523593 5
1579523594 5
1579523595 6
1579523596 5
1579523597 6
1579523598 5
1579523599 7
1579523600 7
1579523601 6
1579523602 5
1579523603 4
1579523604 4
1579523605 3
1579523606 2
1579523607 3
1579523608 3
1579523609 4
1579523610 4
1579523611 3
1579523612 3
1579523613 3
1579523614 3
1579523615 5
1579523616 4
1579523617 4
1579523618 4
1579523619 2
1579523620 2
1579523621 2
1579523622 2
1579523623 2
1579523624 2
1579523625 2
1579523626 2
1579523627 2
1579523628 3
1579523629 2
1579523630 2
1579523631 2
1579523632 2
1579523633 2
1579523634 2
1579523635 2
1579523636 2
1579523637 2
1579523638 2
1579523639 2
1579523640 2
1579523641 2
1579523642 2
1579523643 2
1579523644 4
1579523645 4
1579523646 4
1579523647 5
1579523648 4
1579523649 4
1579523650 4
1579523651 6
1579523652 5
1579523653 5
1579523654 4
1579523655 2
1579523656 1
1579523657 3
1579523658 3
1579523659 5
1579523660 6
1579523661 8
1579523662 11
1579523663 8
1579523664 7
1579523665 6
1579523666 6
1579523667 7
1579523668 8
1579523669 6
1579523670 7
1579523671 6
1579523672 5
1579523673 6
1579523674 7
1579523675 5
1579523676 5
1579523677 5
1579523678 5
1579523679 5
1579523680 5
1579523681 5
1579523682 3
1579523683 2
1579523684 2
1579523685 4
1579523686 4
1579523687 4
1579523688 4
1579523689 4
1579523690 4
1579523691 4
1579523692 4
1579523693 4
1579523694 4
1579523695 4
1579523696 4
1579523697 2
1579523698 2
1579523699 2
1579523700 3
1579523701 4
1579523702 5
1579523703 4
1579523704 5
1579523705 5
1579523706 5
1579523707 5
1579523708 5
1579523709 5
1579523710 3
1579523711 3
1579523712 4
1579523713 4
1579523714 5
1579523715 3
1579523716 2
1579523717 2
1579523718 2
1579523719 2
1579523720 2
1579523721 2
1579523722 2
1579523723 2
1579523724 2
1579523725 2
1579523726 2
1579523727 2
1579523728 2
1579523729 2
1579523730 2
1579523731 2
1579523732 2
1579523733 2
1579523734 2
1579523735 2
1579523736 2
1579523737 2
1579523738 2
1579523739 2
1579523740 2
1579523741 2
1579523742 2
1579523743 2
1579523744 2
1579523745 2
1579523746 2
1579523747 2
1579523748 2
1579523749 2
1579523750 2
1579523751 2
1579523752 2
1579523753 2
1579523754 3
1579523755 3
1579523756 3
1579523757 3
1579523758 3
1579523759 3
1579523760 3
1579523761 3
1579523762 3
1579523763 4
1579523764 4
1579523765 4
1579523766 3
1579523767 3
1579523768 3
1579523769 2
1579523770 4
1579523771 3
1579523772 4
1579523773 6
1579523774 7
1579523775 4
1579523776 6
1579523777 6
1579523778 6
1579523779 6
1579523780 6
1579523781 6
1579523782 8
1579523783 6
1579523784 4
1579523785 3
1579523786 2
1579523787 2
1579523788 3
1579523789 4
1579523790 4
1579523791 4
1579523792 5
1579523793 3
1579523794 4
1579523795 4
1579523796 3
1579523797 3
1579523798 5
1579523799 2
1579523800 2
1579523801 2
1579523802 2
1579523803 2
1579523804 2
1579523805 2
1579523806 2
1579523807 2
1579523808 2
1579523809 2
1579523810 2
1579523811 2
1579523812 2
1579523813 2
1579523814 2
1579523815 2
1579523816 2
1579523817 2
1579523818 2
1579523819 2
1579523820 2
1579523821 2
1579523822 2
1579523823 2
1579523824 3
1579523825 5
1579523826 4
1579523827 4
1579523828 4
1579523829 5
1579523830 4
1579523831 4
1579523832 4
1579523833 5
1579523834 5
1579523835 5
1579523836 3
1579523837 2
1579523838 2
1579523839 2
1579523840 3
1579523841 7
1579523842 5
1579523843 8
1579523844 13
1579523845 11
1579523846 12
1579523847 7
1579523848 5
1579523849 8
1579523850 7
1579523851 9
1579523852 5
1579523853 6
1579523854 6
1579523855 8
1579523856 7
1579523857 5
1579523858 6
1579523859 4
1579523860 3
1579523861 2
1579523862 1
1579523863 3
1579523864 3
1579523865 4
1579523866 4
1579523867 4
1579523868 4
1579523869 3
1579523870 3
1579523871 3
1579523872 3
1579523873 3
1579523874 3
1579523875 3
1579523876 3
1579523877 3
1579523878 3
1579523879 3
1579523880 3
1579523881 3
1579523882 4
1579523883 4
1579523884 3
1579523885 3
1579523886 2
1579523887 3
1579523888 4
1579523889 4
1579523890 4
1579523891 4
1579523892 3
1579523893 3
1579523894 3
1579523895 3
1579523896 3
1579523897 3
1579523898 3
1579523899 3
1579523900 3
1579523901 3
1579523902 3
1579523903 3
1579523904 3
1579523905 2
1579523906 2
1579523907 2
1579523908 2
1579523909 2
1579523910 2
1579523911 2
1579523912 2
1579523913 2
1579523914 2
1579523915 2
1579523916 2
1579523917 2
1579523918 2
1579523919 2
1579523920 2
1579523921 2
1579523922 2
1579523923 2
1579523924 2
1579523925 2
1579523926 2
1579523927 2
1579523928 2
1579523929 2
1579523930 2
1579523931 2
1579523932 2
1579523933 2
1579523934 4
1579523935 4
1579523936 5
1579523937 6
1579523938 4
1579523939 4
1579523940 4
1579523941 3
1579523942 3
1579523943 3
1579523944 3
1579523945 3
1579523946 4
1579523947 5
1579523948 4
1579523949 2
1579523950 2
1579523951 3
1579523952 4
1579523953 3
1579523954 4
1579523955 6
1579523956 5
1579523957 5
1579523958 5
1579523959 4
1579523960 5
1579523961 3
1579523962 5
1579523963 6
1579523964 7
1579523965 6
1579523966 3
1579523967 3
1579523968 3
1579523969 2
1579523970 4
1579523971 6
1579523972 3
1579523973 4
1579523974 3
1579523975 3
1579523976 3
1579523977 3
1579523978 3
1579523979 4
1579523980 3
1579523981 3
1579523982 2
1579523983 2
1579523984 2
1579523985 2
1579523986 2
1579523987 2
1579523988 2
1579523989 2
1579523990 2
1579523991 2
1579523992 2
1579523993 2
1579523994 2
1579523995 2
1579523996 2
1579523997 2
1579523998 2
1579523999 2
1579524000 2
1579524001 2
1579524002 2
1579524003 2
1579524004 2
1579524005 2
1579524006 2
1579524007 4
1579524008 4
1579524009 4
1579524010 4
1579524011 4
1579524012 4
1579524013 4
1579524014 5
1579524015 6
1579524016 6
1579524017 5
1579524018 3
1579524019 1
1579524020 1
1579524021 4
1579524022 7
1579524023 9
1579524024 10
1579524025 12
1579524026 9
1579524027 11
1579524028 8
1579524029 8
1579524030 8
1579524031 6
1579524032 7
1579524033 4
1579524034 4
1579524035 4
1579524036 4
1579524037 4
1579524038 4
1579524039 4
1579524040 4
1579524041 3
1579524042 3
1579524043 3
1579524044 3
1579524045 3
1579524046 2
1579524047 2
1579524048 2
1579524049 3
1579524050 3
1579524051 4
1579524052 4
1579524053 4
1579524054 4
1579524055 4
1579524056 4
1579524057 4
1579524058 4
1579524059 5
1579524060 4
1579524061 4
1579524062 4
1579524063 3
1579524064 3
1579524065 3
1579524066 3
1579524067 3
1579524068 3
1579524069 3
1579524070 3
1579524071 3
1579524072 3
1579524073 3
1579524074 3
1579524075 3
1579524076 3
1579524077 3
1579524078 3
1579524079 3
1579524080 3
1579524081 3
1579524082 3
1579524083 3
1579524084 3
1579524085 4
1579524086 4
1579524087 4
1579524088 4
1579524089 4
1579524090 3
1579524091 2
1579524092 2
1579524093 2
1579524094 2
1579524095 2
1579524096 2
1579524097 2
1579524098 2
1579524099 2
1579524100 2
1579524101 2
1579524102 2
1579524103 2
1579524104 2
1579524105 2
1579524106 2
1579524107 2
1579524108 2
1579524109 2
1579524110 2
1579524111 2
1579524112 2
1579524113 1
1579524114 1
1579524115 2
1579524116 2
1579524117 2
1579524118 2
1579524119 2
1579524120 2
1579524121 2
1579524122 2
1579524123 2
1579524124 2
1579524125 2
1579524126 3
1579524127 3
1579524128 3
1579524129 3
1579524130 3
1579524131 3
1579524132 3
1579524133 3
1579524134 3
1579524135 3
1579524136 2
1579524137 2
1579524138 2
1579524139 2
1579524140 5
1579524141 3
1579524142 4
1579524143 7
1579524144 5
1579524145 4
1579524146 6
1579524147 5
1579524148 5
1579524149 5
1579524150 6
1579524151 6
1579524152 7
1579524153 4
1579524154 4
1579524155 2
1579524156 2
1579524157 2
1579524158 2
1579524159 4
1579524160 4
1579524161 3
1579524162 3
1579524163 4
1579524164 3
1579524165 4
1579524166 3
1579524167 3
1579524168 3
1579524169 2
1579524170 2
1579524171 2
1579524172 2
1579524173 2
1579524174 3
1579524175 2
1579524176 2
1579524177 2
1579524178 2
1579524179 2
1579524180 2
1579524181 2
1579524182 2
1579524183 2
1579524184 2
1579524185 2
1579524186 2
1579524187 2
1579524188 2
1579524189 2
1579524190 2
1579524191 2
1579524192 2
1579524193 2
1579524194 3
1579524195 5
1579524196 6
1579524197 4
1579524198 4
1579524199 4
1579524200 5
1579524201 4
1579524202 6
1579524203 6
1579524204 6
1579524205 3
1579524206 2
1579524207 2
1579524208 2
1579524209 4
1579524210 4
1579524211 6
1579524212 8
1579524213 7
1579524214 7
1579524215 5
1579524216 4
1579524217 8
1579524218 10
1579524219 10
1579524220 10
1579524221 10
1579524222 6
1579524223 6
1579524224 6
1579524225 6
1579524226 6
1579524227 5
1579524228 5
1579524229 5
1579524230 5
1579524231 3
1579524232 2
1579524233 1
1579524234 2
1579524235 3
1579524236 4
1579524237 4
1579524238 4
1579524239 4
1579524240 3
1579524241 3
1579524242 3
1579524243 3
1579524244 3
1579524245 3
1579524246 3
1579524247 3
1579524248 3
1579524249 4
1579524250 4
1579524251 4
1579524252 4
1579524253 3
1579524254 3
1579524255 3
1579524256 4
1579524257 4
1579524258 5
1579524259 5
1579524260 3
1579524261 3
1579524262 2
1579524263 2
1579524264 2
1579524265 2
1579524266 2
1579524267 2
1579524268 2
1579524269 2
1579524270 2
1579524271 2
1579524272 2
1579524273 2
1579524274 2
1579524275 2
1579524276 2
1579524277 2
1579524278 2
1579524279 2
1579524280 2
1579524281 2
1579524282 2
1579524283 2
1579524284 2
1579524285 2
1579524286 2
1579524287 2
1579524288 2
1579524289 2
1579524290 2
1579524291 2
1579524292 3
1579524293 4
1579524294 4
1579524295 4
1579524296 4
1579524297 3
1579524298 3
1579524299 3
1579524300 3
1579524301 4
1579524302 4
1579524303 4
1579524304 4
1579524305 3
1579524306 3
1579524307 3
1579524308 4
1579524309 6
1579524310 6
1579524311 5
1579524312 5
1579524313 5
1579524314 4
1579524315 5
1579524316 6
1579524317 6
1579524318 6
1579524319 6
1579524320 4
1579524321 4
1579524322 2
1579524323 2
1579524324 3
1579524325 3
1579524326 4
1579524327 4
1579524328 3
1579524329 4
1579524330 3
1579524331 3
1579524332 3
1579524333 3
1579524334 4
1579524335 4
1579524336 4
1579524337 3
1579524338 2
1579524339 2
1579524340 2
1579524341 2
1579524342 2
1579524343 2
1579524344 2
1579524345 2
1579524346 2
1579524347 2
1579524348 2
1579524349 2
1579524350 2
1579524351 2
1579524352 2
1579524353 2
1579524354 2
1579524355 2
1579524356 2
1579524357 2
1579524358 2
1579524359 2
1579524360 2
1579524361 2
1579524362 4
1579524363 5
1579524364 5
1579524365 4
1579524366 4
1579524367 4
1579524368 4
1579524369 5
1579524370 5
1579524371 5
1579524372 5
1579524373 2
1579524374 2
1579524375 1
1579524376 1
1579524377 3
1579524378 3
1579524379 3
1579524380 6
1579524381 6
1579524382 7
1579524383 10
1579524384 9
1579524385 10
1579524386 9
1579524387 7
1579524388 10
1579524389 8
1579524390 9
1579524391 7
1579524392 7
1579524393 7
1579524394 7
1579524395 9
1579524396 6
1579524397 4
1579524398 3
1579524399 3
1579524400 2
1579524401 1
1579524402 1
1579524403 3
1579524404 4
1579524405 4
1579524406 4
1579524407 4
1579524408 4
1579524409 4
1579524410 5
1579524411 3
1579524412 3
1579524413 3
1579524414 3
1579524415 3
1579524416 2
1579524417 2
1579524418 2
1579524419 2
1579524420 2
1579524421 2
1579524422 2
1579524423 4
1579524424 4
1579524425 4
1579524426 6
1579524427 5
1579524428 4
1579524429 3
1579524430 3
1579524431 2
1579524432 2
1579524433 2
1579524434 2
1579524435 2
1579524436 2
1579524437 2
1579524438 2
1579524439 2
1579524440 2
1579524441 2
1579524442 2
1579524443 2
1579524444 2
1579524445 2
1579524446 2
1579524447 2
1579524448 2
1579524449 2
1579524450 2
1579524451 2
1579524452 2
1579524453 2
1579524454 2
1579524455 2
1579524456 2
1579524457 2
1579524458 2
1579524459 2
1579524460 2
1579524461 3
1579524462 3
1579524463 3
1579524464 3
1579524465 3
1579524466 3
1579524467 3
1579524468 3
1579524469 3
1579524470 3
1579524471 2
1579524472 2
1579524473 3
1579524474 2
1579524475 4
1579524476 3
1579524477 4
1579524478 6
1579524479 5
1579524480 4
1579524481 4
1579524482 5
1579524483 6
1579524484 3
1579524485 6
1579524486 7
1579524487 5
1579524488 5
1579524489 5
1579524490 3
1579524491 2
1579524492 2
1579524493 2
1579524494 3
1579524495 5
1579524496 4
1579524497 3
1579524498 3
1579524499 3
1579524500 3
1579524501 3
1579524502 3
1579524503 3
1579524504 3
1579524505 2
1579524506 2
1579524507 2
1579524508 2
1579524509 3
1579524510 2
1579524511 2
1579524512 2
1579524513 2
1579524514 2
1579524515 2
1579524516 2
1579524517 2
1579524518 2
1579524519 2
1579524520 2
1579524521 2
1579524522 2
1579524523 2
1579524524 2
1579524525 2
1579524526 2
1579524527 2
1579524528 2
1579524529 2
1579524530 4
1579524531 5
1579524532 4
1579524533 4
1579524534 5
1579524535 4
1579524536 4
1579524537 5
1579524538 5
1579524539 4
1579524540 4
1579524541 2
1579524542 1
1579524543 1
1579524544 4
1579524545 6
1579524546 7
1579524547 7
1579524548 9
1579524549 11
1579524550 9
1579524551 10
1579524552 11
1579524553 8
1579524554 8
1579524555 10
1579524556 6
1579524557 5
1579524558 5
1579524559 5
1579524560 6
1579524561 6
1579524562 6
1579524563 5
1579524564 5
1579524565 4
1579524566 3
1579524567 2
1579524568 2
1579524569 2
1579524570 4
1579524571 4
1579524572 4
1579524573 4
1579524574 4
1579524575 4
1579524576 3
1579524577 3
1579524578 3
1579524579 3
1579524580 3
1579524581 3
1579524582 3
1579524583 3
1579524584 3
1579524585 3
1579524586 3
1579524587 3
1579524588 3
1579524589 3
1579524590 3
1579524591 3
1579524592 3
1579524593 3
1579524594 3
1579524595 3
1579524596 3
1579524597 3
1579524598 3
1579524599 3
1579524600 3
1579524601 3
1579524602 3
1579524603 3
1579524604 3
1579524605 2
1579524606 2
1579524607 2
1579524608 2
1579524609 3
1579524610 3
1579524611 3
1579524612 3
1579524613 3
1579524614 3
1579524615 3
1579524616 3
1579524617 3
1579524618 3
1579524619 3
1579524620 3
1579524621 3
1579524622 3
1579524623 3
1579524624 3
1579524625 3
1579524626 4
1579524627 4
1579524628 3
1579524629 3
1579524630 3
1579524631 3
1579524632 3
1579524633 3
1579524634 3
1579524635 3
1579524636 3
1579524637 3
1579524638 3
1579524639 3
1579524640 3
1579524641 3
1579524642 3
1579524643 3
1579524644 3
1579524645 3
1579524646 3
1579524647 3
1579524648 3
1579524649 3
1579524650 3
1579524651 3
1579524652 3
1579524653 3
1579524654 2
1579524655 2
1579524656 4
1579524657 4
1579524658 4
1579524659 5
1579524660 4
1579524661 3
1579524662 2
1579524663 2
1579524664 2
1579524665 2
1579524666 2
1579524667 2
1579524668 2
1579524669 2
1579524670 2
1579524671 2
1579524672 2
1579524673 2
1579524674 2
1579524675 2
1579524676 2
1579524677 2
1579524678 2
1579524679 2
1579524680 2
1579524681 2
1579524682 2
1579524683 2
1579524684 2
1579524685 2
1579524686 2
1579524687 2
1579524688 2
1579524689 2
1579524690 2
1579524691 2
1579524692 2
1579524693 3
1579524694 3
1579524695 3
1579524696 3
1579524697 3
1579524698 3
1579524699 4
1579524700 3
1579524701 4
1579524702 4
1579524703 4
1579524704 3
1579524705 3
1579524706 3
1579524707 2
1579524708 2
1579524709 3
1579524710 3
1579524711 3
1579525228 5
1579525229 3
1579525230 3
1579525231 3
1579525232 3
1579525233 3
1579525234 2
1579525235 2
1579525236 1
1579525237 2
1579525238 2
1579525239 2
1579525240 2
1579525241 2
1579525242 2
1579525243 3
1579525244 2
1579525245 1
1579525246 1
1579525247 2
1579525248 3
1579525249 5
1579525250 5
1579525251 4
1579525252 4
1579525253 3
1579525254 3
1579525255 3
1579525256 3
1579525257 3
1579525258 3
1579525259 3
1579525260 3
1579525261 2
1579525262 2
1579525263 2
1579525264 3
1579525265 3
1579525266 3
1579525267 4
1579525268 4
1579525269 5
1579525270 5
1579525271 5
1579525272 5
1579525273 5
1579525274 4
1579525275 4
1579525276 2
1579525277 2
1579525278 2
1579525279 2
1579525280 2
1579525281 2
1579525282 2
1579525283 2
1579525284 2
1579525285 2
1579525286 2
1579525287 2
1579525288 2
1579525289 2
1579525290 2
1579525291 2
1579525292 2
1579525293 2
1579525294 2
1579525295 2
1579525296 2
1579525297 2
1579525298 2
1579525299 2
1579525300 2
1579525301 2
1579525302 2
1579525303 2
1579525304 2
1579525305 3
1579525306 3
1579525307 4
1579525308 4
1579525309 4
1579525310 4
1579525311 4
1579525312 4
1579525313 4
1579525314 4
1579525315 4
1579525316 4
1579525317 4
1579525318 2
1579525319 2
1579525320 3
1579525321 4
1579525322 4
1579525323 4
1579525324 4
1579525325 4
1579525326 4
1579525327 4
1579525328 4
1579525329 4
1579525330 4
1579525331 4
1579525332 4
1579525333 4
1579525334 4
1579525335 4
1579525336 3
1579525337 2
1579525338 2
1579525339 2
1579525340 2
1579525341 2
1579525342 2
1579525343 2
1579525344 2
1579525345 2
1579525346 2
1579525347 2
1579525348 2
1579525349 2
1579525350 2
1579525351 2
1579525352 2
1579525353 2
1579525354 2
1579525355 2
1579525356 2
1579525357 2
1579525358 2
1579525359 2
1579525360 2
1579525361 2
1579525362 2
1579525363 2
1579525364 2
1579525365 2
1579525366 2
1579525367 2
1579525368 3
1579525369 3
1579525370 3
1579525371 3
1579525372 3
1579525373 3
1579525374 3
1579525375 4
1579525376 4
1579525377 4
1579525378 4
1579525379 4
1579525380 3
1579525381 3
1579525382 2
1579525383 2
1579525384 3
1579525385 3
1579525386 3
1579525387 3
1579525613 3
1579525614 4
1579525615 5
1579525616 5
1579525617 7
1579525618 6
1579525619 5
1579525620 3
1579525621 3
1579525622 3
1579525623 3
1579525624 3
1579525625 4
1579525626 3
1579525627 2
1579525628 4
1579525629 3
1579525630 4
1579525631 3
1579525632 4
1579525633 3
1579525634 2
1579525635 3
1579525636 5
1579525637 4
1579525638 3
1579525639 3
1579525640 2
1579525641 4
1579525642 4
1579525643 3
1579525644 3
1579525645 3
1579525646 2
1579525647 2
1579525648 2
1579525649 2
1579525650 3
1579525651 4
1579525652 3
1579525653 3
1579525654 5
1579525655 5
1579525656 5
1579525657 5
1579525658 6
1579525659 5
1579525660 4
1579525661 3
1579525662 3
1579525663 2
1579525664 2
1579525665 2
1579525666 2
1579525667 2
1579525668 2
1579525669 2
1579525670 2
1579525671 2
1579525672 2
1579525673 2
1579525674 2
1579525675 2
1579525676 2
1579525677 2
1579525678 2
1579525679 2
1579525680 2
1579525681 2
1579525682 2
1579525683 2
1579525684 2
1579525685 2
1579525686 2
1579525687 2
1579525688 2
1579525689 2
1579525690 2
1579525691 3
1579525692 4
1579525693 4
1579525694 4
1579525695 4
1579525696 4
1579525697 3
1579525698 3
1579525699 3
1579525700 3
1579525701 3
1579525702 3
1579525703 3
1579525704 3
1579525705 3
1579525706 3
1579525707 4
1579525708 4
1579525709 4
1579525710 5
1579525711 4
1579525712 4
1579525713 2
1579525714 2
1579525715 2
1579525716 2
1579525717 2
1579525718 2
1579525719 2
1579525720 2
1579525721 2
1579525722 2
1579525723 2
1579525724 2
1579525725 2
1579525726 2
1579525727 2
1579525728 2
1579525729 2
1579525730 2
1579525731 2
1579525732 2
1579525733 2
1579525734 2
1579525735 2
1579525736 2
1579525737 2
1579525738 2
1579525739 2
1579525740 2
1579525741 2
1579525742 2
1579525743 2
1579525744 2
1579525745 2
1579525746 2
1579525747 2
1579525748 2
1579525749 2
1579525750 2
1579525751 2
1579525752 2
1579525753 2
1579525754 2
1579525755 2
1579525756 2
1579525757 2
1579525758 2
1579525759 3
1579525760 3
1579525761 3
1579525762 3
1579525763 3
1579525764 3
1579525765 3
1579525766 3
1579525767 3
1579525768 3
1579525769 3
1579525770 2
1579525771 2
1579525772 2
1579525773 2
1579525774 3
1579525775 3
1579525776 3
1579526098 2
1579526099 3
1579526100 3
1579526101 3
1579526102 3
1579528394 2
1579528395 3
1579528396 3
1579528397 3
1579528569 2
1579528570 3
1579528571 2
1579528572 1
1579528573 1
1579528574 1
1579528575 1
1579528576 1
1579528577 2
1579528578 2
1579528579 2
1579528580 2
1579528581 1
1579528582 1
1579528583 2
1579528584 3
1579528585 1
1579528586 2
1579528587 4
1579528588 6
1579528589 4
1579528590 4
1579528591 4
1579528592 4
1579528593 4
1579528594 4
1579528595 4
1579528596 3
1579528597 3
1579528598 3
1579528599 3
1579528600 3
1579528601 3
1579528602 2
1579528603 3
1579528604 2
1579528605 2
1579528606 3
1579528607 3
1579528608 3
1579528609 3
1579528610 3
1579528611 4
1579528612 4
1579528613 4
1579528614 5
1579528615 4
1579528616 3
1579528617 3
1579528618 2
1579528619 2
1579528620 2
1579528621 2
1579528622 2
1579528623 2
1579528624 2
1579528625 2
1579528626 2
1579528627 2
1579528628 2
1579528629 2
1579528630 2
1579528631 2
1579528632 2
1579528633 2
1579528634 2
1579528635 2
1579528636 2
1579528637 2
1579528638 2
1579528639 2
1579528640 2
1579528641 2
1579528642 2
1579528643 2
1579528644 2
1579528645 2
1579528646 2
1579528647 3
1579528648 4
1579528649 4
1579528650 4
1579528651 4
1579528652 4
1579528653 3
1579528654 3
1579528655 3
1579528656 3
1579528657 3
1579528658 3
1579528659 3
1579528660 3
1579528661 3
1579528662 3
1579528663 3
1579528664 4
1579528665 4
1579528666 4
1579528667 4
1579528668 3
1579528669 3
1579528670 2
1579528671 2
1579528672 2
1579528673 2
1579528674 2
1579528675 2
1579528676 2
1579528677 2
1579528678 2
1579528679 2
1579528680 2
1579528681 2
1579528682 2
1579528683 2
1579528684 2
1579528685 2
1579528686 2
1579528687 2
1579528688 2
1579528689 2
1579528690 2
1579528691 2
1579528692 2
1579528693 2
1579528694 2
1579528695 1
1579528696 2
1579528697 2
1579528698 2
1579528699 2
1579528700 2
1579528701 2
1579528702 2
1579528703 2
1579528704 2
1579528705 2
1579528706 2
1579528707 2
1579528708 2
1579528709 2
1579528710 2
1579528711 2
1579528712 2
1579528713 2
1579528714 2
1579528715 2
1579528716 2
1579528717 2
1579528718 2
1579528719 2
1579528720 2
1579528721 2
1579528722 2
1579528723 2
1579528724 2
1579528725 2
1579528726 2
1579528727 2
1579528728 2
1579528729 2
1579528730 2
1579528731 2
1579528732 2
1579528733 2
1579528734 2
1579528735 2
1579528736 2
1579528737 2
1579528738 3
1579528739 3
1579528740 4
1579528741 4
1579528742 3
1579528743 3
1579528744 3
1579528745 3
1579528746 3
1579528747 3
1579528748 3
1579528749 3
1579528750 3
1579528751 3
1579528752 3
1579528753 2
1579528754 2
1579528755 2
1579528756 3
1579528757 3
1579528758 3
1579528993 1
1579528994 2
1579528995 2
1579528996 2
1579528997 2
1579528998 1
1579528999 1
1579529000 1
1579529001 1
1579529002 1
1579529003 1
1579529004 1
1579529005 1
1579529006 1
1579529007 2
1579529008 1
1579529009 1
1579529010 1
1579529011 2
1579529012 2
1579529013 3
1579529014 3
1579529015 6
1579529016 4
1579529017 4
1579529018 4
1579529019 3
1579529020 3
1579529021 3
1579529022 3
1579529023 3
1579529024 3
1579529025 2
1579529026 4
1579529027 3
1579529028 5
1579529029 5
1579529030 4
1579529031 4
1579529032 4
1579529033 4
1579529034 4
1579529035 4
1579529036 4
1579529037 6
1579529038 4
1579529039 3
1579529040 3
1579529041 2
1579529042 2
1579529043 2
1579529044 2
1579529045 2
1579529046 2
1579529047 2
1579529048 2
1579529049 2
1579529050 2
1579529051 2
1579529052 2
1579529053 2
1579529054 2
1579529055 2
1579529056 2
1579529057 2
1579529058 2
1579529059 2
1579529060 2
1579529061 2
1579529062 2
1579529063 2
1579529064 2
1579529065 2
1579529066 2
1579529067 2
1579529068 2
1579529069 2
1579529070 3
1579529071 4
1579529072 4
1579529073 4
1579529074 4
1579529075 4
1579529076 4
1579529077 4
1579529078 4
1579529079 4
1579529080 4
1579529081 4
1579529082 4
1579529083 3
1579529084 3
1579529085 3
1579529086 4
1579529087 4
1579529088 4
1579529089 4
1579529090 3
1579529091 3
1579529092 2
1579529093 2
1579529094 2
1579529095 2
1579529096 2
1579529097 2
1579529098 2
1579529099 2
1579529100 2
1579529101 2
1579529102 2
1579529103 2
1579529104 2
1579529105 2
1579529106 2
1579529107 2
1579529108 2
1579529109 2
1579529110 2
1579529111 2
1579529112 2
1579529113 2
1579529114 2
1579529115 2
1579529116 2
1579529117 2
1579529118 2
1579529119 2
1579529120 2
1579529121 2
1579529122 2
1579529123 2
1579529124 2
1579529125 2
1579529126 2
1579529127 2
1579529128 2
1579529129 1
1579529130 1
1579529131 1
1579529132 1
1579529133 1
1579529134 1
1579529135 1
1579529136 1
1579529137 1
1579529138 1
1579529139 1
1579529140 1
1579529141 1
1579529142 1
1579529143 1
1579529144 1
1579529145 1
1579529146 1
1579529147 1
1579529148 1
1579529149 1
1579529150 1
1579529151 1
1579529152 1
1579529153 1
1579529154 1
1579529155 1
1579529156 1
1579529157 1
1579529158 1
1579529159 1
1579529160 1
1579529161 1
1579529162 1
1579529163 1
1579529164 1
1579529165 1
1579529166 1
1579529167 1
1579529168 1
1579529169 1
1579529170 1
1579529171 1
1579529172 1
1579529173 1
1579529174 1
1579529175 1
1579529176 1
1579529177 1
1579529178 1
1579529179 1
1579529180 1
1579529181 1
1579529182 1
1579529183 4
1579529184 3
1579529185 3
1579529186 3
1579529187 3
1579529188 3
1579529189 3
1579529190 4
1579529191 4
1579529192 5
1579529193 4
1579529194 4
1579529195 3
1579529196 2
1579529197 2
1579529198 2
1579529199 3
1579529200 3
1579529201 3
1579529202 3
1579529370 3
1579529371 3
1579529372 4
1579529373 3
1579529374 3
1579529375 3
1579529376 3
1579529377 2
1579529378 2
1579529379 2
1579529380 1
1579529381 1
1579529382 1
1579529383 1
1579529384 1
1579529385 1
1579529386 1
1579529387 1
1579529388 2
1579529389 2
1579529390 3
1579529391 2
1579529392 3
1579529393 5
1579529394 3
1579529395 4
1579529396 4
1579529397 4
1579529398 4
1579529399 4
1579529400 4
1579529401 3
1579529402 3
1579529403 2
1579529404 2
1579529405 2
1579529406 3
1579529407 3
1579529408 3
1579529409 3
1579529410 3
1579529411 3
1579529412 4
1579529413 4
1579529414 5
1579529415 3
1579529416 3
1579529417 2
1579529418 2
1579529419 2
1579529420 2
1579529421 2
1579529422 2
1579529423 2
1579529424 2
1579529425 2
1579529426 2
1579529427 2
1579529428 2
1579529429 2
1579529430 2
1579529431 2
1579529432 2
1579529433 2
1579529434 2
1579529435 2
1579529436 2
1579529437 2
1579529438 2
1579529439 2
1579529440 2
1579529441 2
1579529442 2
1579529443 2
1579529444 2
1579529445 2
1579529446 2
1579529447 3
1579529448 4
1579529449 4
1579529450 4
1579529451 4
1579529452 4
1579529453 4
1579529454 4
1579529455 4
1579529456 4
1579529457 4
1579529458 4
1579529459 4
1579529460 4
1579529461 4
1579529462 3
1579529463 2
1579529464 2
1579529465 4
1579529466 4
1579529467 4
1579529468 4
1579529469 4
1579529470 2
1579529471 2
1579529472 3
1579529473 2
1579529474 2
1579529475 2
1579529476 2
1579529477 2
1579529478 2
1579529479 2
1579529480 2
1579529481 2
1579529482 2
1579529483 2
1579529484 2
1579529485 2
1579529486 2
1579529487 2
1579529488 2
1579529489 2
1579529490 2
1579529491 2
1579529492 2
1579529493 2
1579529494 2
1579529495 1
1579529496 1
1579529497 1
1579529498 1
1579529499 1
1579529500 1
1579529501 1
1579529502 1
1579529503 1
1579529504 1
1579529505 1
1579529506 1
1579529507 1
1579529508 1
1579529509 1
1579529510 1
1579529511 1
1579529512 1
1579529513 2
1579529514 2
1579529515 2
1579529516 2
1579529517 2
1579529518 2
1579529519 2
1579529520 2
1579529521 2
1579529522 2
1579529523 2
1579529524 2
1579529525 2
1579529526 2
1579529527 4
1579529528 3
1579529529 3
1579529530 3
1579529531 4
1579529532 4
1579529533 3
1579529534 4
1579529535 4
1579529536 4
1579529537 4
1579529538 5
1579529539 2
1579529540 3
1579529541 2
1579529542 2
1579529543 4
1579529544 4
1579529545 3
1579529546 3
1579529710 3
1579529711 3
1579529712 3
1579529713 2
1579529714 2
1579529715 2
1579529716 2
1579529717 2
1579529718 1
1579529719 1
1579529720 1
1579529721 1
1579529722 1
1579529723 1
1579529724 2
1579529725 2
1579529726 1
1579529727 1
1579529728 2
1579529729 4
1579529730 3
1579529731 6
1579529732 5
1579529733 5
1579529734 4
1579529735 2
1579529736 3
1579529737 3
1579529738 4
1579529739 3
1579529740 3
1579529741 3
1579529742 2
1579529743 2
1579529744 2
1579529745 2
1579529746 3
1579529747 3
1579529748 3
1579529749 3
1579529750 3
1579529751 3
1579529752 4
1579529753 3
1579529754 3
1579529755 2
1579529756 2
1579529757 2
1579529758 2
1579529759 2
1579529760 2
1579529761 2
1579529762 2
1579529763 2
1579529764 2
1579529765 2
1579529766 2
1579529767 2
1579529768 2
1579529769 2
1579529770 2
1579529771 2
1579529772 2
1579529773 2
1579529774 2
1579529775 2
1579529776 2
1579529777 2
1579529778 2
1579529779 2
1579529780 2
1579529781 2
1579529782 2
1579529783 2
1579529784 2
1579529785 2
1579529786 2
1579529787 3
1579529788 4
1579529789 4
1579529790 4
1579529791 4
1579529792 4
1579529793 4
1579529794 3
1579529795 3
1579529796 3
1579529797 3
1579529798 3
1579529799 3
1579529800 3
1579529801 3
1579529802 3
1579529803 4
1579529804 4
1579529805 4
1579529806 3
1579529807 3
1579529808 3
1579529809 2
1579529810 3
1579529811 2
1579529812 2
1579529813 2
1579529814 2
1579529815 2
1579529816 2
1579529817 2
1579529818 2
1579529819 2
1579529820 2
1579529821 2
1579529822 2
1579529823 2
1579529824 2
1579529825 2
1579529826 2
1579529827 2
1579529828 2
1579529829 2
1579529830 2
1579529831 2
1579529832 2
1579529833 2
1579529834 2
1579529835 2
1579529836 2
1579529837 2
1579529838 2
1579529839 5
1579529840 3
1579529841 3
1579529842 3
1579529843 3
1579529844 3
1579529845 3
1579529846 3
1579529847 2
1579529848 2
1579529849 2
1579529850 2
1579529851 2
1579529852 2
1579529853 3
1579529854 2
1579529855 3
1579529856 3
1579529857 3
1579530020 1
1579530021 2
1579530022 2
1579530023 3
1579530024 2
1579530025 1
1579530026 1
1579530027 1
1579530028 1
1579530029 1
1579530030 1
1579530031 2
1579530032 2
1579530033 2
1579530034 2
1579530035 3
1579530036 1
1579530037 1
1579530038 1
1579530039 3
1579530040 4
1579530041 4
1579530042 4
1579530043 4
1579530044 3
1579530045 4
1579530046 3
1579530047 4
1579530048 3
1579530049 4
1579530050 4
1579530051 3
1579530052 3
1579530053 2
1579530054 2
1579530055 3
1579530056 3
1579530057 3
1579530058 3
1579530059 3
1579530060 3
1579530061 3
1579530062 4
1579530063 5
1579530064 5
1579530065 5
1579530066 3
1579530067 2
1579530068 2
1579530069 2
1579530070 2
1579530071 2
1579530072 2
1579530073 2
1579530074 2
1579530075 2
1579530076 2
1579530077 2
1579530078 2
1579530079 2
1579530080 2
1579530081 2
1579530082 2
1579530083 2
1579530084 2
1579530085 2
1579530086 2
1579530087 2
1579530088 2
1579530089 2
1579530090 2
1579530091 2
1579530092 2
1579530093 2
1579530094 2
1579530095 2
1579530096 2
1579530097 2
1579530098 3
1579530099 4
1579530100 4
1579530101 4
1579530102 4
1579530103 4
1579530104 4
1579530105 4
1579530106 3
1579530107 3
1579530108 3
1579530109 3
1579530110 3
1579530111 3
1579530112 3
1579530113 3
1579530114 3
1579530115 3
1579530116 3
1579530117 3
1579530118 3
1579530119 3
1579530120 3
1579530121 3
1579530122 3
1579530123 3
1579530124 3
1579530125 3
1579530126 3
1579530127 3
1579530128 3
1579530129 3
1579530130 3
1579530131 3
1579530132 3
1579530133 3
1579530134 3
1579530135 3
1579530136 3
1579530137 3
1579530138 3
1579530139 3
1579530140 3
1579530141 3
1579530142 3
1579530143 3
1579530144 3
1579530145 3
1579530146 3
1579530147 3
1579530148 3
1579530149 3
1579530150 3
1579530151 3
1579530152 3
1579530153 3
1579530154 3
1579530155 3
1579530156 3
1579530157 3
1579530158 3
1579530159 3
1579530160 3
1579530161 3
1579530162 3
1579530163 3
1579530164 3
1579530165 3
1579530166 3
1579530167 3
1579530168 3
1579530169 3
1579530170 3
1579530171 3
1579530172 3
1579530173 3
1579530174 3
1579530175 3
1579530176 3
1579530177 3
1579530178 3
1579530179 3
1579530180 3
1579530181 3
1579530182 3
1579530183 3
1579530184 3
1579530185 3
1579530186 3
1579530187 3
1579530188 3
1579530189 3
1579530190 3
1579530191 3
1579530192 3
1579530193 3
1579530194 3
1579530195 3
1579530196 2
1579530197 3
1579530198 3
1579530199 3
1579530200 3
1579530201 2
1579530202 3
1579530203 4
1579530204 5
1579530205 4
1579530206 4
1579530207 3
1579530208 3
1579530209 2
1579530210 2
1579530211 3
1579530212 2
1579530213 2
1579530214 2
1579530215 2
1579530216 2
1579530217 2
1579530218 2
1579530219 2
1579530220 2
1579530221 2
1579530222 2
1579530223 2
1579530224 2
1579530225 2
1579530226 2
1579530227 2
1579530228 2
1579530229 2
1579530230 2
1579530231 2
1579530232 2
1579530233 2
1579530234 2
1579530235 2
1579530236 2
1579530237 2
1579530238 2
1579530239 2
1579530240 3
1579530241 4
1579530242 4
1579530243 4
1579530244 3
1579530245 3
1579530246 2
1579530247 2
1579530248 3
1579530249 3
1579530250 3
1579530760 1
1579530761 2
1579530762 2
1579530763 2
1579530764 3
1579530765 1
1579530766 1
1579530767 1
1579530768 2
1579530769 1
1579530770 2
1579530771 1
1579530772 2
1579530773 3
1579530774 3
1579530775 5
1579530776 4
1579530777 4
1579530778 3
1579530779 3
1579530780 3
1579530781 4
1579530782 4
1579530783 4
1579530784 4
1579530785 4
1579530786 2
1579530787 2
1579530788 3
1579530789 2
1579530790 3
1579530791 4
1579530792 4
1579530793 4
1579530794 4
1579530795 3
1579530796 3
1579530797 2
1579530798 2
1579530799 2
1579530800 2
1579530801 2
1579530802 2
1579530803 2
1579530804 2
1579530805 2
1579530806 2
1579530807 2
1579530808 2
1579530809 2
1579530810 2
1579530811 2
1579530812 2
1579530813 2
1579530814 2
1579530815 2
1579530816 2
1579530817 2
1579530818 2
1579530819 2
1579530820 2
1579530821 2
1579530822 2
1579530823 2
1579530824 2
1579530825 2
1579530826 3
1579530827 4
1579530828 4
1579530829 4
1579530830 4
1579530831 4
1579530832 3
1579530833 3
1579530834 3
1579530835 3
1579530836 3
1579530837 3
1579530838 3
1579530839 3
1579530840 3
1579530841 5
1579530842 6
1579530843 4
1579530844 4
1579530845 3
1579530846 3
1579530847 2
1579530848 2
1579530849 2
1579530850 2
1579530851 2
1579530852 2
1579530853 2
1579530854 2
1579530855 2
1579530856 2
1579530857 2
1579530858 2
1579530859 2
1579530860 2
1579530861 2
1579530862 2
1579530863 2
1579530864 2
1579530865 2
1579530866 2
1579530867 2
1579530868 2
1579530869 1
1579530870 1
1579530871 1
1579530872 1
1579530873 1
1579530874 1
1579530875 1
1579530876 1
1579530877 2
1579530878 2
1579530879 2
1579530880 2
1579530881 2
1579530882 2
1579530883 2
1579530884 2
1579530885 2
1579530886 2
1579530887 4
1579530888 3
1579530889 3
1579530890 3
1579530891 3
1579530892 2
1579530893 2
1579530894 2
1579530895 2
1579530896 3
1579530897 4
1579530898 4
1579533080 1
1579533081 2
1579533082 2
1579533083 1
1579533084 1
1579533085 1
1579533086 1
1579533087 2
1579533088 3
1579533089 3
1579533090 3
1579533091 2
1579533092 3
1579533093 3
1579533094 3
1579533095 4
1579533096 4
1579533097 4
1579533098 4
1579533099 4
1579533100 3
1579533101 4
1579533102 4
1579533103 3
1579533104 3
1579533105 3
1579533106 2
1579533107 2
1579533108 2
1579533109 2
1579533110 3
1579533111 3
1579533112 3
1579533113 3
1579533114 2
1579533115 2
1579533116 2
1579533117 2
1579533118 2
1579533119 2
1579533120 2
1579533121 2
1579533122 2
1579533123 2
1579533124 2
1579533125 2
1579533126 2
1579533127 2
1579533128 2
1579533129 2
1579533130 2
1579533131 2
1579533132 2
1579533133 2
1579533134 2
1579533135 2
1579533136 2
1579533137 2
1579533138 2
1579533139 2
1579533140 2
1579533141 2
1579533142 2
1579533143 2
1579533144 2
1579533145 2
1579533146 2
1579533147 2
1579533148 2
1579533149 2
1579533150 2
1579533151 2
1579533152 2
1579533153 2
1579533154 2
1579533155 2
1579533156 2
1579533157 2
1579533158 2
1579533159 2
1579533160 2
1579533161 2
1579533162 2
1579533163 2
1579533164 2
1579533165 2
1579533166 2
1579533167 2
1579533168 2
1579533169 2
1579533170 2
1579533171 2
1579533172 2
1579533173 2
1579533174 2
1579533175 2
1579533176 2
1579533177 2
1579533178 2
1579533179 2
1579533180 2
1579533181 2
1579533182 2
1579533183 2
1579533184 2
1579533185 2
1579533186 2
1579533187 2
1579533188 2
1579533189 2
1579533190 2
1579533191 2
1579533192 2
1579533193 2
1579533194 2
1579533195 2
1579533196 2
1579533197 2
1579533198 2
1579533199 2
1579533200 2
1579533201 2
1579533202 2
1579533203 2
1579533204 2
1579533205 2
1579533206 2
1579533207 2
1579533208 2
1579533209 2
1579533210 2
1579533211 2
1579533212 2
1579533213 3
1579533214 4
1579533215 4
1579533216 4
1579533217 4
1579533218 4
1579533219 4
1579533220 3
1579533221 3
1579533222 3
1579533223 3
1579533224 3
1579533225 3
1579533226 3
1579533227 3
1579533228 3
1579533229 4
1579533230 4
1579533231 4
1579533232 3
1579533233 3
1579533234 2
1579533235 2
1579533236 3
1579533237 2
1579533238 2
1579533239 2
1579533240 2
1579533241 2
1579533242 2
1579533243 2
1579533244 2
1579533245 2
1579533246 2
1579533247 2
1579533248 2
1579533249 2
1579533250 2
1579533251 2
1579533252 2
1579533253 2
1579533254 2
1579533255 2
1579533256 2
1579533257 2
1579533258 2
1579533259 2
1579533260 2
1579533261 2
1579533262 2
1579533263 2
1579533264 2
1579533265 2
1579533266 2
1579533267 2
1579533268 2
1579533269 2
1579533270 2
1579533271 2
1579533272 2
1579533273 2
1579533274 2
1579533275 2
1579533276 2
1579533277 2
1579533278 2
1579533279 2
1579533280 2
1579533281 2
1579533282 2
1579533283 2
1579533284 2
1579533285 2
1579533286 3
1579533287 3
1579533288 3
1579533289 3
1579533290 2
1579533291 3
1579533292 2
1579533293 3
1579533294 3
1579533295 3
1579533741 1
1579533742 2
1579533743 1
1579533744 1
1579533747 1
1579533748 2
1579533749 2
1579533750 3
1579533751 4
1579533752 4
1579533753 4
1579533754 3
1579533755 4
1579533756 3
1579533757 5
1579533758 5
1579533759 4
1579533760 4
1579533761 5
1579533762 5
1579533763 4
1579533764 4
1579533765 3
1579533766 2
1579533767 2
1579533768 2
1579533769 2
1579533770 3
1579533771 4
1579533772 3
1579533773 3
1579533774 2
1579533775 2
1579533776 2
1579533777 2
1579533778 2
1579533779 2
1579533780 2
1579533781 2
1579533782 2
1579533783 2
1579533784 2
1579533785 2
1579533786 2
1579533787 2
1579533788 2
1579533789 2
1579533790 2
1579533791 2
1579533792 2
1579533793 2
1579533794 2
1579533795 2
1579533796 2
1579533797 2
1579533798 2
1579533799 2
1579533800 2
1579533801 2
1579533802 2
1579533803 2
1579533804 2
1579533805 2
1579533806 3
1579533807 4
1579533808 4
1579533809 4
1579533810 4
1579533811 4
1579533812 4
1579533813 4
1579533814 4
1579533815 4
1579533816 4
1579533817 4
1579533818 4
1579533819 3
1579533820 2
1579533821 2
1579533822 3
1579533823 4
1579533824 4
1579533825 4
1579533826 4
1579533827 2
1579533828 2
1579533829 2
1579533830 2
1579533831 2
1579533832 2
1579533833 2
1579533834 2
1579533835 2
1579533836 2
1579533837 2
1579533838 2
1579533839 2
1579533840 2
1579533841 2
1579533842 2
1579533843 2
1579533844 2
1579533845 2
1579533846 2
1579533847 2
1579533848 2
1579533849 2
1579533850 2
1579533851 2
1579533852 2
1579533853 2
1579533854 2
1579533855 2
1579533856 2
1579533857 2
1579533858 2
1579533859 2
1579533860 2
1579533861 2
1579533862 2
1579533863 2
1579533864 2
1579533865 2
1579533866 2
1579533867 2
1579533868 2
1579533869 2
1579533870 2
1579533871 2
1579533872 3
1579533873 2
1579533874 2
1579533875 2
1579533876 2
1579533877 2
1579533878 2
1579533879 2
1579533880 2
1579533881 2
1579533882 2
1579533883 2
1579533884 2
1579533885 2
1579533886 2
1579533887 2
1579533888 2
1579533889 2
1579533890 2
1579533891 2
1579533892 2
1579533893 2
1579533894 2
1579533895 2
1579533896 2
1579533897 2
1579533898 2
1579533899 3
1579533900 3
1579533901 3
1579533902 3
1579533903 3
1579533904 2
1579533905 2
1579533906 4
1579533907 3
1579533908 3
1579533909 4
1579534385 2
1579534386 3
1579534387 2
1579534388 2
1579534389 2
1579534390 2
1579534391 2
1579534392 2
1579534393 2
1579534394 2
1579534395 3
1579534396 4
1579534397 3
1579534398 3
1579534399 4
1579534400 2
1579534401 5
1579534402 3
1579534403 2
1579534404 2
1579534405 5
1579534406 4
1579534407 4
1579534408 3
1579534409 3
1579534410 3
1579534411 2
1579534412 3
1579534413 2
1579534414 4
1579534415 4
1579534416 5
1579534417 5
1579534418 3
1579534419 2
1579534420 2
1579534421 2
1579534422 2
1579534423 2
1579534424 2
1579534425 2
1579534426 2
1579534427 2
1579534428 2
1579534429 2
1579534430 2
1579534431 2
1579534432 2
1579534433 2
1579534434 2
1579534435 2
1579534436 2
1579534437 2
1579534438 2
1579534439 2
1579534440 2
1579534441 2
1579534442 2
1579534443 2
1579534444 2
1579534445 2
1579534446 2
1579534447 2
1579534448 2
1579534449 2
1579534450 3
1579534451 4
1579534452 4
1579534453 4
1579534454 4
1579534455 4
1579534456 4
1579534457 4
1579534458 4
1579534459 4
1579534460 4
1579534461 4
1579534462 3
1579534463 3
1579534464 3
1579534465 4
1579534466 4
1579534467 4
1579534468 4
1579534469 4
1579534470 2
1579534471 2
1579534472 2
1579534473 2
1579534474 2
1579534475 2
1579534476 2
1579534477 2
1579534478 2
1579534479 2
1579534480 2
1579534481 2
1579534482 2
1579534483 2
1579534484 2
1579534485 2
1579534486 2
1579534487 2
1579534488 2
1579534489 2
1579534490 2
1579534491 2
1579534492 2
1579534493 2
1579534494 2
1579534495 2
1579534496 2
1579534497 2
1579534498 2
1579534499 2
1579534500 2
1579534501 2
1579534502 2
1579534503 2
1579534504 2
1579534505 2
1579534506 2
1579534507 2
1579534508 2
1579534509 2
1579534510 2
1579534511 2
1579534512 2
1579534513 2
1579534514 2
1579534515 2
1579534516 2
1579534517 2
1579534518 2
1579534519 2
1579534520 2
1579534521 2
1579534522 2
1579534523 2
1579534524 2
1579534525 2
1579534526 2
1579534527 2
1579534528 2
1579534529 2
1579534530 2
1579534531 2
1579534532 2
1579534533 2
1579534534 2
1579534535 2
1579534536 2
1579534537 2
1579534538 2
1579534539 2
1579534540 2
1579534541 2
1579534542 2
1579534543 2
1579534544 2
1579534545 2
1579534546 2
1579534547 2
1579534548 2
1579534549 2
1579534550 2
1579534551 2
1579534552 2
1579534553 2
1579534554 2
1579534555 2
1579534556 2
1579534557 2
1579534558 2
1579534559 2
1579534560 2
1579534561 3
1579534562 3
1579534563 3
1579534564 3
1579534565 2
1579534566 2
1579534567 2
1579534568 3
1579534569 3
1579534570 3
1579535079 4
1579535080 3
1579535081 3
1579535082 3
1579535083 3
1579535084 2
1579535085 2
1579535086 2
1579535087 3
1579535088 3
1579535089 3
1579535090 2
1579535091 2
1579535092 2
1579535093 2
1579535094 2
1579535095 2
1579535096 2
1579535097 2
1579535098 2
1579535099 2
1579535100 2
1579535101 2
1579535102 2
1579535103 2
1579535104 2
1579535105 2
1579535106 2
1579535107 2
1579535108 2
1579535109 2
1579535110 2
1579535111 2
1579535112 2
1579535113 2
1579535114 2
1579535115 2
1579535116 2
1579535117 2
1579535118 3
1579535119 3
1579535120 2
1579535121 2
1579535122 2
1579535123 3
1579535124 4
1579535125 4
1579535126 4
1579535127 4
1579535128 4
1579535129 4
1579535130 4
1579535131 4
1579535132 4
1579535133 4
1579535134 3
1579535135 2
1579535136 2
1579535137 3
1579535138 4
1579535139 4
1579535140 4
1579535141 4
1579535142 4
1579535143 3
1579535144 2
1579535145 2
1579535146 2
1579535147 2
1579535148 2
1579535149 2
1579535150 2
1579535151 2
1579535152 2
1579535153 2
1579535154 2
1579535155 2
1579535156 2
1579535157 2
1579535158 2
1579535159 2
1579535160 2
1579535161 2
1579535162 2
1579535163 2
1579535164 2
1579535165 2
1579535166 2
1579535167 2
1579535168 2
1579535169 2
1579535170 2
1579535171 2
1579535172 2
1579535173 2
1579535174 2
1579535175 2
1579535176 2
1579535177 2
1579535178 2
1579535179 2
1579535180 2
1579535181 2
1579535182 2
1579535183 2
1579535184 2
1579535185 2
1579535186 2
1579535187 2
1579535188 2
1579535189 2
1579535190 2
1579535191 2
1579535192 2
1579535193 2
1579535194 4
1579535195 3
1579535196 3
1579535197 3
1579535198 3
1579535199 2
1579535200 2
1579535201 2
1579535202 2
1579535203 4
1579535204 3
1579535205 3
1579535645 2
1579535646 2
1579535647 2
1579535648 2
1579535649 2
1579535651 1
1579535652 1
1579535653 3
1579535654 4
1579535655 3
1579535656 3
1579535657 3
1579535658 4
1579535659 5
1579535660 4
1579535661 2
1579535662 3
1579535663 4
1579535664 3
1579535665 3
1579535666 4
1579535667 4
1579535668 5
1579535669 4
1579535670 3
1579535671 3
1579535672 4
1579535673 3
1579535674 2
1579535675 3
1579535676 3
1579535677 4
1579535678 3
1579535679 2
1579535680 2
1579535681 2
1579535682 2
1579535683 2
1579535684 2
1579535685 2
1579535686 2
1579535687 2
1579535688 2
1579535689 2
1579535690 2
1579535691 2
1579535692 2
1579535693 2
1579535694 2
1579535695 2
1579535696 2
1579535697 2
1579535698 2
1579535699 2
1579535700 2
1579535701 2
1579535702 2
1579535703 2
1579535704 2
1579535705 2
1579535706 2
1579535707 2
1579535708 2
1579535709 2
1579535710 3
1579535711 4
1579535712 4
1579535713 4
1579535714 4
1579535715 4
1579535716 4
1579535717 4
1579535718 4
1579535719 4
1579535720 4
1579535721 4
1579535722 3
1579535723 3
1579535724 3
1579535725 4
1579535726 4
1579535727 4
1579535728 4
1579535729 4
1579535730 2
1579535731 2
1579535732 2
1579535733 2
1579535734 2
1579535735 2
1579535736 2
1579535737 2
1579535738 2
1579535739 2
1579535740 2
1579535741 2
1579535742 2
1579535743 2
1579535744 2
1579535745 2
1579535746 2
1579535747 2
1579535748 2
1579535749 2
1579535750 2
1579535751 2
1579535752 2
1579535753 2
1579535754 2
1579535755 2
1579535756 2
1579535757 2
1579535758 2
1579535759 2
1579535760 2
1579535761 2
1579535762 2
1579535763 2
1579535764 2
1579535765 2
1579535766 2
1579535767 2
1579535768 2
1579535769 2
1579535770 2
1579535771 2
1579535772 2
1579535773 2
1579535774 2
1579535775 2
1579535776 2
1579535777 2
1579535778 2
1579535779 2
1579535780 2
1579535781 2
1579535782 2
1579535783 2
1579535784 2
1579535785 2
1579535786 2
1579535787 2
1579535788 2
1579535789 2
1579535790 2
1579535791 2
1579535792 3
1579535793 3
1579535794 3
1579535795 2
1579535796 2
1579535797 2
1579535798 2
1579535799 3
1579535800 4
1579535801 4
1579536724 1
1579536725 2
1579536726 2
1579536727 2
1579536728 1
1579536729 1
1579536730 1
1579536731 1
1579536732 2
1579536733 2
1579536734 1
1579536735 2
1579536736 2
1579536737 2
1579536738 3
1579536739 3
1579536740 4
1579536741 3
1579536742 3
1579536743 4
1579536744 4
1579536745 4
1579536746 5
1579536747 3
1579536748 3
1579536749 3
1579536750 2
1579536751 2
1579536752 2
1579536753 3
1579536754 3
1579536755 3
1579536756 4
1579536757 3
1579536758 2
1579536759 2
1579536760 2
1579536761 2
1579536762 2
1579536763 2
1579536764 2
1579536765 2
1579536766 2
1579536767 2
1579536768 2
1579536769 2
1579536770 2
1579536771 2
1579536772 2
1579536773 2
1579536774 2
1579536775 2
1579536776 2
1579536777 2
1579536778 2
1579536779 2
1579536780 2
1579536781 2
1579536782 2
1579536783 2
1579536784 3
1579536785 4
1579536786 4
1579536787 4
1579536788 3
1579536789 3
1579536790 3
1579536791 4
1579536792 4
1579536793 4
1579536794 4
1579536795 4
1579536796 4
1579536797 3
1579536798 3
1579536799 3
1579536800 3
1579536801 3
1579536802 3
1579536803 3
1579536804 3
1579536805 3
1579536806 4
1579536807 4
1579536808 4
1579536809 3
1579536810 3
1579536811 3
1579536812 2
1579536813 2
1579536814 2
1579536815 2
1579536816 2
1579536817 2
1579536818 2
1579536819 2
1579536820 2
1579536821 2
1579536822 2
1579536823 2
1579536824 2
1579536825 2
1579536826 2
1579536827 2
1579536828 2
1579536829 2
1579536830 2
1579536831 2
1579536832 2
1579536833 2
1579536834 2
1579536835 1
1579536836 1
1579536837 1
1579536838 2
1579536839 2
1579536840 2
1579536841 2
1579536842 2
1579536843 2
1579536844 3
1579536845 3
1579536846 3
1579536847 3
1579536848 2
1579536849 2
1579536850 2
1579536851 2
1579536852 3
1579536853 3
1579536854 3
