1582183754 3
1582183755 3
1582183756 3
1582183757 3
1582183758 3
1582183759 3
1582183760 3
1582183761 3
1582183762 3
1582183763 3
1582183764 3
1582183765 3
1582183766 3
1582183767 3
1582183768 4
1582183769 3
1582183770 3
1582183771 3
1582183772 3
1582183773 3
1582183774 3
1582183775 3
1582183776 3
1582183777 3
1582183778 3
1582183779 2
1582183780 2
1582183781 3
1582183782 4
1582183783 4
1582183784 4
1582183785 3
1582183786 3
1582183787 3
1582183788 3
1582183789 3
1582183790 3
1582183791 3
1582183792 3
1582183793 3
1582183794 3
1582183795 2
1582183796 3
1582183797 3
1582183798 3
1582183799 3
1582183800 3
1582183801 3
1582183802 3
1582183803 3
1582183804 3
1582183805 3
1582183806 3
1582183807 3
1582183808 2
1582183809 3
1582183810 3
1582183811 3
1582183812 3
1582183813 3
1582183814 3
1582183815 3
1582183816 3
1582183817 3
1582183818 3
1582183819 3
1582183820 3
1582183821 3
1582183822 3
1582183823 2
1582183824 3
1582183825 3
1582183826 3
1582183827 3
1582183828 3
1582183829 3
1582183830 3
1582183831 3
1582183832 3
1582183833 3
1582183834 3
1582183835 3
1582183836 3
1582183837 3
1582183838 3
1582183839 3
1582183840 3
1582183841 3
1582183842 3
1582183843 3
1582183844 3
1582183845 3
1582183846 3
1582183847 3
1582183848 3
1582183849 3
1582183850 3
1582183851 3
1582183852 3
1582183853 3
1582183854 3
1582183855 3
1582183856 3
1582183857 3
1582183858 3
1582183859 3
1582183860 3
1582183861 3
1582183862 3
1582183863 3
1582183864 3
1582183865 2
1582183866 3
1582183867 3
1582183868 3
1582183869 3
1582183870 3
1582183871 3
1582183872 3
1582183873 3
1582183874 3
1582183875 3
1582183876 3
1582183877 3
1582183878 3
1582183879 3
1582183880 3
1582183881 3
1582183882 2
1582183883 2
1582183884 3
1582183885 3
1582183886 3
1582183887 3
1582183888 3
1582183889 3
1582183890 3
1582183891 3
1582183892 3
1582183893 3
1582183894 3
1582183895 3
1582183896 3
1582183897 3
1582183898 3
1582183899 3
1582183900 3
1582183901 3
1582183902 3
1582183903 3
1582183904 3
1582183905 3
1582183906 3
1582183907 3
1582183908 3
1582183909 3
1582183910 3
1582183911 3
1582183912 3
1582183913 3
1582183914 3
1582183915 3
1582183916 3
1582183917 3
1582183918 3
1582183919 3
1582183920 3
1582183921 3
1582183922 3
1582183923 3
1582183924 3
1582183925 3
1582183926 3
1582183927 3
1582183928 3
1582183929 3
1582183930 3
1582183931 3
1582183932 3
1582183933 3
1582183934 3
1582183935 3
1582183936 3
1582183937 3
1582183938 3
1582183939 3
1582183940 3
1582183941 3
1582183942 3
1582183943 3
1582183944 3
1582183945 3
1582183946 3
1582183947 3
1582183948 3
1582183949 3
1582183950 3
1582183951 3
1582183952 3
1582183953 3
1582183954 3
1582183955 3
1582183956 3
1582183957 3
1582183958 3
1582183959 3
1582183960 3
1582183961 3
1582183962 3
1582183963 3
1582183964 3
1582183965 3
1582183966 3
1582183967 3
1582183968 3
1582183969 3
1582183970 4
1582183971 3
1582183972 3
1582183973 3
1582183974 3
1582183975 3
1582183976 3
1582183977 3
1582183978 3
1582183979 3
1582183980 3
1582183981 3
1582183982 3
1582183983 3
1582183984 3
1582183985 3
1582183986 3
1582183987 3
1582183988 3
1582183989 3
1582183990 3
1582183991 3
1582183992 3
1582183993 3
1582183994 3
1582183995 3
1582183996 3
1582183997 3
1582183998 3
1582183999 3
1582184000 3
1582184001 3
1582184002 3
1582184003 3
1582184004 3
1582184005 3
1582184006 3
1582184007 3
1582184008 3
1582184009 3
1582184010 3
1582184011 4
1582184012 4
1582184013 3
1582184014 3
1582184015 3
1582184016 3
1582184017 3
1582184018 3
1582184019 3
1582184020 3
1582184021 3
1582184022 3
1582184023 3
1582184024 3
1582184025 3
1582184026 3
1582184027 3
1582184028 3
1582184029 3
1582184030 3
1582184031 3
1582184032 3
1582184033 3
1582184034 3
1582184035 3
1582184036 3
1582184037 3
1582184038 3
1582184039 3
1582184040 3
1582184041 3
1582184042 3
1582184043 3
1582184044 3
1582184045 3
1582184046 3
1582184047 3
1582184048 3
1582184049 3
1582184050 3
1582184051 3
1582184052 3
1582184053 3
1582184054 3
1582184055 3
1582184056 3
1582184057 3
1582184058 3
1582184059 3
1582184060 3
1582184061 3
1582184062 3
1582184063 3
1582184064 3
1582184065 3
1582184066 3
1582184067 3
1582184068 3
1582184069 3
1582184070 3
1582184071 3
1582184072 3
1582184073 3
1582184074 3
1582184075 3
1582184076 3
1582184077 3
1582184078 3
1582184079 3
1582184080 3
1582184081 3
1582184082 3
1582184083 3
1582184084 3
1582184085 3
1582184086 3
1582184087 3
1582184088 3
1582184089 3
1582184090 3
1582184091 3
1582184092 3
1582184093 3
1582184094 3
1582184095 3
1582184096 3
1582184097 3
1582184098 3
1582184099 3
1582184100 3
1582184101 3
1582184102 3
1582184103 3
1582184104 3
1582184105 3
1582184106 3
1582184107 3
1582184108 3
1582184109 3
1582184110 3
1582184111 3
1582184112 3
1582184113 3
1582184114 3
1582184115 3
1582184116 3
1582184117 3
1582184118 3
1582184119 3
1582184120 3
1582184121 3
1582184122 3
1582184172 3
1582184173 3
1582184174 3
1582184175 3
1582184176 3
1582184177 3
1582184178 3
1582184179 3
1582184180 3
1582184181 3
1582184182 3
1582184183 3
1582184184 3
1582184185 3
1582184186 3
1582184187 3
1582184188 3
1582184189 3
1582184190 3
1582184191 3
1582184192 3
1582184193 3
1582184194 3
1582184195 3
1582184196 3
1582184197 3
1582184198 3
1582184199 3
1582184200 3
1582184201 3
1582184202 3
1582184203 3
1582184204 3
1582184205 3
1582184206 3
1582184207 3
1582184208 3
1582184209 3
1582184210 3
1582184211 3
1582184212 3
1582184213 3
1582184214 3
1582184215 3
1582184216 3
1582184217 3
1582184218 3
1582184219 3
1582184220 3
1582184221 3
1582184222 3
1582184223 3
1582184224 3
1582184225 3
1582184226 3
1582184227 3
1582184228 3
1582184229 3
1582184230 3
1582184231 3
1582184232 3
1582184233 3
1582184234 3
1582184235 3
1582184236 3
1582184237 3
1582184238 3
1582184239 3
1582184240 3
1582184241 3
1582184242 3
1582184243 3
1582184244 3
1582184245 3
1582184246 3
1582184247 3
1582184248 3
1582184249 3
1582184250 3
1582184251 3
1582184252 3
1582184253 3
1582184254 3
1582184255 3
1582184256 3
1582184257 3
1582184258 3
1582184259 3
1582184260 3
1582184261 3
1582184262 3
1582184263 3
1582184264 3
1582184265 3
1582184266 3
1582184267 3
1582184268 3
1582184269 3
1582184270 3
1582184271 3
1582184272 3
1582184273 3
1582184274 3
1582184275 3
1582184276 3
1582184277 3
1582184278 3
1582184279 3
1582184280 3
1582184281 3
1582184282 3
1582184283 3
1582184284 3
1582184285 3
1582184286 3
1582184287 3
1582184288 3
1582184289 3
1582184290 3
1582184291 3
1582184292 3
1582184293 3
1582184294 3
1582184295 3
1582184296 3
1582184297 3
1582184298 3
1582184299 3
1582184300 3
1582184301 3
1582184302 3
1582184303 3
1582184304 3
1582184305 3
1582184306 3
1582184307 3
1582184308 3
1582184309 3
1582184310 3
1582184311 3
1582184312 3
1582184313 3
1582184314 3
1582184315 3
1582184316 3
1582184317 3
1582184318 3
1582184319 3
1582184320 3
1582184321 3
1582184322 3
1582184323 3
1582184324 3
1582184325 3
1582184326 3
1582184327 3
1582184328 3
1582184329 3
1582184330 3
1582184331 3
1582184332 3
1582184333 3
1582184334 3
1582184335 3
1582184418 4
1582184419 4
1582184420 4
1582184421 3
1582184422 3
1582184423 4
1582184424 4
1582184425 4
1582184426 4
1582184427 4
1582184715 2
1582184716 2
1582184717 2
1582184718 2
1582184719 2
1582184720 2
1582184721 4
1582184722 5
1582184723 3
1582184724 3
1582184725 2
1582184726 2
1582184727 2
1582184728 2
1582184729 2
1582184730 2
1582184731 2
1582184732 2
1582184733 2
1582184734 3
1582184735 3
1582184736 3
1582184737 2
1582184738 3
1582184739 3
1582184740 3
1582184741 3
1582184742 3
1582184743 3
1582184744 3
1582184746 3
1582184747 4
1582184748 4
1582184749 3
1582184750 3
1582184751 4
1582184752 4
1582184753 4
1582184754 4
1582184755 4
1582184756 4
1582184757 4
1582184758 3
1582184759 4
1582184760 4
1582184761 3
1582184762 4
1582184763 3
1582184764 4
1582184765 4
1582184766 4
1582184767 4
1582184768 4
1582184769 4
1582184770 4
1582184771 4
1582184772 3
1582184773 3
1582184774 3
1582184775 3
1582184776 4
1582184777 4
1582184778 3
1582184779 4
1582184780 3
1582184781 4
1582184782 4
1582184783 4
1582184784 3
1582184785 3
1582184786 3
1582184787 4
1582184788 4
1582184789 3
1582184790 4
1582184791 4
1582184792 4
1582184793 4
1582184794 4
1582184795 4
1582184796 4
1582184797 4
1582184798 4
1582184799 3
1582184800 3
1582184801 3
1582184802 4
1582184803 4
1582184804 3
1582184805 4
1582184806 4
1582184807 4
1582184808 3
1582184809 4
1582184810 4
1582184811 4
1582184812 3
1582184813 4
1582184814 3
1582184815 3
1582184816 4
1582184817 4
1582184818 3
1582184819 3
1582184820 4
1582184821 4
1582184822 4
1582184823 3
1582184824 3
1582184825 4
1582184826 4
1582184827 4
1582184828 4
1582184829 4
1582184830 4
1582184831 3
1582184832 4
1582184833 4
1582184834 3
1582184835 4
1582184836 3
1582184837 4
1582184838 4
1582184839 4
1582184840 2
1582184841 3
1582184842 3
1582184843 2
1582184844 2
1582184845 3
1582184846 3
1582184847 3
1582184848 3
1582184849 4
1582184850 3
1582184851 3
1582184852 3
1582184853 3
1582184854 3
1582184855 3
1582184856 3
1582184857 3
1582184858 3
1582184859 3
1582184860 3
1582184861 3
1582184862 3
1582184863 3
1582184864 3
1582184865 3
1582184866 3
1582184867 3
1582184868 3
1582184869 3
1582184870 3
1582184871 3
1582184872 3
1582184873 3
1582184874 3
1582184875 3
1582184876 3
1582184877 3
1582184878 3
1582184879 3
1582184880 3
1582184881 3
1582184882 3
1582184883 3
1582184884 3
1582184885 3
1582184886 3
1582184887 3
1582184888 3
1582184889 3
1582184890 3
1582184891 3
1582184892 3
1582184893 3
1582184894 3
1582184895 3
1582184896 3
1582184897 3
1582184898 3
1582184899 3
1582184900 3
1582184901 3
1582184902 3
1582184903 3
1582184904 3
1582184905 3
1582184906 3
1582184907 3
1582184908 3
1582184909 3
1582184910 3
1582184911 4
1582184912 4
1582184913 4
1582184914 3
1582184915 4
1582184916 3
1582184917 3
1582184918 3
1582184919 3
1582184920 3
1582184921 3
1582184922 3
1582184923 3
1582184924 3
1582184925 3
1582184926 3
1582184927 4
1582184928 4
1582184929 4
1582184930 4
1582184931 4
1582184932 4
1582184933 4
1582184934 4
1582184935 4
1582184936 4
1582184937 4
1582184938 4
1582184939 4
1582184940 4
1582184941 4
1582184942 4
1582184943 4
1582184944 4
1582184945 4
1582184946 4
1582184947 4
1582184948 4
1582184949 4
1582184950 4
1582184951 4
1582184952 4
1582184953 4
1582184954 4
1582184955 4
1582184956 4
1582184957 5
1582184958 5
1582184959 5
1582184960 5
1582184961 5
1582184962 5
1582184963 5
1582184964 5
1582184965 5
1582184966 5
1582184967 5
1582184968 5
1582184969 5
1582184970 5
1582184971 5
1582184972 5
1582184973 5
1582184974 5
1582184975 5
1582184976 5
1582184977 5
1582184978 5
1582184979 5
1582184980 5
1582184981 5
1582184982 5
1582184983 5
1582184984 5
1582184985 5
1582184986 5
1582184987 5
1582184988 5
1582184989 5
1582184990 5
1582184991 5
1582184992 5
1582184993 5
1582184994 5
1582184995 5
1582184996 5
1582184997 5
1582184998 4
1582184999 4
1582185000 4
1582185001 4
1582185002 4
1582185003 4
1582185004 4
1582185005 4
1582185006 4
1582185007 4
1582185008 4
1582185009 5
1582185010 6
1582185011 6
1582185012 4
1582185013 4
1582185014 3
1582185015 3
1582185016 2
1582185017 2
1582185018 3
1582185019 2
1582185020 2
1582185021 2
1582185022 2
1582185023 2
1582185024 2
1582185025 2
1582185026 2
1582185027 2
1582185028 2
1582185029 2
1582185030 2
1582185031 2
1582185032 2
1582185033 2
1582185034 2
1582185035 2
1582185036 2
1582185037 2
1582185038 2
1582185039 2
1582185040 2
1582185041 2
1582185042 2
1582185043 2
1582185044 2
1582185045 2
1582185046 2
1582185047 2
1582185048 2
1582185049 3
1582185050 3
1582185051 3
1582185052 3
1582185053 3
1582185054 3
1582185055 3
1582185056 3
1582185057 3
1582185058 5
1582185059 4
1582185060 4
1582185061 4
1582185062 3
1582185063 3
1582185064 2
1582185065 4
1582185066 4
1582185067 6
1582185068 6
1582185069 5
1582185070 4
1582185071 4
1582185072 6
1582185073 5
1582185074 4
1582185075 6
1582185076 8
1582185077 9
1582185078 8
1582185079 4
1582185080 3
1582185081 3
1582185082 2
1582185083 2
1582185084 5
1582185085 3
1582185086 3
1582185087 3
1582185088 3
1582185089 3
1582185090 3
1582185091 3
1582185092 3
1582185093 3
1582185094 3
1582185095 2
1582185096 2
1582185097 2
1582185098 2
1582185099 2
1582185100 2
1582185101 2
1582185102 2
1582185103 2
1582185104 2
1582185105 2
1582185106 2
1582185107 2
1582185108 2
1582185109 2
1582185110 2
1582185111 2
1582185112 2
1582185113 2
1582185114 2
1582185115 2
1582185116 2
1582185117 2
1582185118 2
1582185119 2
1582185120 2
1582185121 2
1582185122 4
1582185123 5
1582185124 5
1582185125 6
1582185126 6
1582185127 6
1582185128 6
1582185129 5
1582185130 6
1582185131 6
1582185132 5
1582185133 2
1582185134 1
1582185135 1
1582185136 3
1582185137 6
1582185138 6
1582185139 6
1582185140 8
1582185141 11
1582185142 8
1582185143 7
1582185144 6
1582185145 8
1582185146 10
1582185147 7
1582185148 11
1582185149 7
1582185150 6
1582185151 7
1582185152 6
1582185153 6
1582185154 6
1582185155 6
1582185156 7
1582185157 7
1582185158 6
1582185159 6
1582185160 6
1582185161 5
1582185162 5
1582185163 5
1582185164 4
1582185165 4
1582185166 5
1582185167 5
1582185168 5
1582185169 5
1582185170 4
1582185171 4
1582185172 3
1582185173 2
1582185174 4
1582185175 3
1582185176 4
1582185177 4
1582185178 4
1582185179 4
1582185180 4
1582185181 4
1582185182 3
1582185183 3
1582185184 3
1582185185 3
1582185186 3
1582185187 3
1582185188 3
1582185189 2
1582185190 2
1582185191 4
1582185192 5
1582185193 4
1582185194 4
1582185195 4
1582185196 3
1582185197 2
1582185198 2
1582185199 2
1582185200 2
1582185201 2
1582185202 2
1582185203 2
1582185204 2
1582185205 2
1582185206 2
1582185207 2
1582185208 2
1582185209 2
1582185210 2
1582185211 2
1582185212 2
1582185213 2
1582185214 2
1582185215 2
1582185216 2
1582185217 2
1582185218 2
1582185219 2
1582185220 2
1582185221 2
1582185222 2
1582185223 2
1582185224 2
1582185225 2
1582185226 2
1582185227 2
1582185228 2
1582185229 2
1582185230 3
1582185231 3
1582185232 3
1582185233 3
1582185234 3
1582185235 3
1582185236 3
1582185237 3
1582185238 3
1582185239 3
1582185240 3
1582185241 3
1582185242 3
1582185243 3
1582185244 2
1582185245 2
1582185246 3
1582185247 3
1582185248 4
1582185249 7
1582185250 6
1582185251 4
1582185252 4
1582185253 5
1582185254 6
1582185255 3
1582185256 6
1582185257 7
1582185258 7
1582185259 7
1582185260 3
1582185261 3
1582185262 3
1582185263 2
1582185264 2
1582185265 3
1582185266 4
1582185267 3
1582185268 3
1582185269 3
1582185270 3
1582185271 3
1582185272 3
1582185273 3
1582185274 3
1582185275 3
1582185276 2
1582185277 2
1582185278 2
1582185279 2
1582185280 2
1582185281 2
1582185282 2
1582185283 2
1582185284 2
1582185285 2
1582185286 2
1582185287 2
1582185288 2
1582185289 2
1582185290 2
1582185291 2
1582185292 2
1582185293 2
1582185294 2
1582185295 2
1582185296 2
1582185297 2
1582185298 2
1582185299 2
1582185300 2
1582185301 2
1582185302 3
1582185303 4
1582185304 5
1582185305 6
1582185306 6
1582185307 6
1582185308 5
1582185309 5
1582185310 5
1582185311 5
1582185312 5
1582185313 2
1582185314 2
1582185315 1
1582185316 3
1582185317 3
1582185318 3
1582185319 4
1582185320 6
1582185321 6
1582185322 8
1582185323 11
1582185324 9
1582185325 10
1582185326 10
1582185327 8
1582185328 9
1582185329 8
1582185330 6
1582185331 8
1582185332 5
1582185333 7
1582185334 8
1582185335 6
1582185336 6
1582185337 6
1582185338 6
1582185339 6
1582185340 6
1582185341 6
1582185342 6
1582185343 6
1582185344 6
1582185345 6
1582185346 6
1582185347 6
1582185348 6
1582185349 6
1582185350 6
1582185351 6
1582185352 6
1582185353 6
1582185354 6
1582185355 6
1582185356 6
1582185357 6
1582185358 6
1582185359 6
1582185360 6
1582185361 6
1582185362 6
1582185363 6
1582185364 6
1582185365 6
1582185366 6
1582185367 6
1582185368 6
1582185369 5
1582185370 5
1582185371 5
1582185372 6
1582185373 5
1582185374 5
1582185375 4
1582185376 3
1582185377 2
1582185378 1
1582185379 2
1582185380 3
1582185381 4
1582185382 4
1582185383 4
1582185384 4
1582185385 4
1582185386 4
1582185387 4
1582185388 5
1582185389 3
1582185390 3
1582185391 3
1582185392 3
1582185393 3
1582185394 3
1582185395 3
1582185396 3
1582185397 3
1582185398 3
1582185399 3
1582185400 3
1582185401 3
1582185402 3
1582185403 3
1582185404 3
1582185405 3
1582185406 3
1582185407 3
1582185408 3
1582185409 3
1582185410 3
1582185411 3
1582185412 3
1582185413 3
1582185900 2
1582185901 2
1582185902 2
1582185903 2
1582185904 2
1582185905 2
1582185906 2
1582185907 2
1582185908 2
1582185909 2
1582185910 2
1582185911 2
1582185912 2
1582185913 2
1582185914 2
1582185915 2
1582185916 2
1582185917 2
1582185918 2
1582185919 2
1582185920 2
1582185921 2
1582185922 2
1582185923 2
1582185924 2
1582185925 3
1582185926 2
1582185927 2
1582185928 3
1582185929 4
1582185930 4
1582185931 4
1582185932 4
1582185933 4
1582185934 2
1582185935 2
1582185936 2
1582185937 2
1582185938 2
1582185939 2
1582185940 2
1582185941 2
1582185942 2
1582185943 2
1582185944 2
1582185945 2
1582185946 2
1582185947 2
1582185948 2
1582185949 2
1582185950 2
1582185951 2
1582185952 2
1582185953 2
1582185954 2
1582185955 2
1582185956 2
1582185957 2
1582185958 2
1582185959 2
1582185960 2
1582185961 2
1582185962 2
1582185963 2
1582185964 2
1582185965 3
1582185966 3
1582185967 3
1582185968 3
1582185969 3
1582185970 3
1582185971 3
1582185972 3
1582185973 3
1582185974 3
1582185975 3
1582185976 3
1582185977 3
1582185978 2
1582185979 2
1582185980 4
1582185981 3
1582185982 5
1582185983 7
1582185984 6
1582185985 4
1582185986 5
1582185987 6
1582185988 5
1582185989 4
1582185990 6
1582185991 7
1582185992 6
1582185993 4
1582185994 3
1582185995 3
1582185996 2
1582185997 2
1582185998 3
1582185999 3
1582186000 3
1582186001 3
1582186002 4
1582186003 3
1582186004 3
1582186005 3
1582186006 3
1582186007 3
1582186008 3
1582186009 3
1582186010 3
1582186011 2
1582186012 2
1582186013 2
1582186014 2
1582186015 2
1582186016 2
1582186017 2
1582186018 2
1582186019 2
1582186020 2
1582186021 2
1582186022 2
1582186023 2
1582186024 2
1582186025 2
1582186026 2
1582186027 2
1582186028 2
1582186029 2
1582186030 2
1582186031 2
1582186032 2
1582186033 2
1582186034 3
1582186035 5
1582186036 4
1582186037 6
1582186038 5
1582186039 5
1582186040 5
1582186041 5
1582186042 6
1582186043 6
1582186044 6
1582186045 4
1582186046 2
1582186047 2
1582186048 1
1582186049 3
1582186050 6
1582186051 6
1582186052 6
1582186053 8
1582186054 7
1582186055 10
1582186056 6
1582186057 11
1582186058 7
1582186059 6
1582186060 6
1582186061 7
1582186062 5
1582186063 6
1582186064 7
1582186065 7
1582186066 9
1582186067 6
1582186068 7
1582186069 6
1582186070 5
1582186071 3
1582186072 2
1582186073 4
1582186074 3
1582186075 4
1582186076 4
1582186077 4
1582186078 4
1582186079 4
1582186080 4
1582186081 5
1582186082 3
1582186083 3
1582186084 3
1582186085 3
1582186086 3
1582186087 2
1582186088 2
1582186089 4
1582186090 4
1582186091 4
1582186092 4
1582186093 4
1582186094 2
1582186095 2
1582186096 2
1582186097 2
1582186098 2
1582186099 2
1582186100 2
1582186101 2
1582186102 2
1582186103 2
1582186104 2
1582186105 2
1582186106 2
1582186107 2
1582186108 2
1582186109 2
1582186110 2
1582186111 2
1582186112 2
1582186113 2
1582186114 2
1582186115 2
1582186116 2
1582186117 2
1582186118 2
1582186119 2
1582186120 2
1582186121 2
1582186122 2
1582186123 2
1582186124 2
1582186125 2
1582186126 2
1582186127 3
1582186128 3
1582186129 3
1582186130 3
1582186131 3
1582186132 3
1582186133 3
1582186134 3
1582186135 2
1582186136 2
1582186137 2
1582186138 2
1582186139 2
1582186140 4
1582186141 3
1582186142 4
1582186143 6
1582186144 6
1582186145 5
1582186146 4
1582186147 4
1582186148 5
1582186149 4
1582186150 7
1582186151 7
1582186152 7
1582186153 4
1582186154 3
1582186155 3
1582186156 2
1582186157 2
1582186158 3
1582186159 3
1582186160 5
1582186161 3
1582186162 3
1582186163 3
1582186164 3
1582186165 3
1582186166 3
1582186167 3
1582186168 3
1582186169 3
1582186170 2
1582186171 2
1582186172 2
1582186173 2
1582186174 2
1582186175 2
1582186176 2
1582186177 2
1582186178 2
1582186179 2
1582186180 2
1582186181 2
1582186182 2
1582186183 2
1582186184 2
1582186185 2
1582186186 2
1582186187 2
1582186188 2
1582186189 2
1582186190 2
1582186191 2
1582186192 2
1582186193 2
1582186194 4
1582186195 4
1582186196 6
1582186197 6
1582186198 5
1582186199 5
1582186200 5
1582186201 5
1582186202 6
1582186203 5
1582186204 5
1582186205 2
1582186206 2
1582186207 1
1582186208 3
1582186209 6
1582186210 8
1582186211 10
1582186212 12
1582186213 13
1582186214 9
1582186215 12
1582186216 8
1582186217 9
1582186218 8
1582186219 10
1582186220 10
1582186221 9
1582186222 10
1582186223 6
1582186224 5
1582186225 3
1582186226 2
1582186227 4
1582186228 3
1582186229 4
1582186230 4
1582186231 4
1582186232 4
1582186233 4
1582186234 4
1582186235 4
1582186236 3
1582186237 3
1582186238 3
1582186239 3
1582186240 3
1582186241 3
1582186242 3
1582186243 3
1582186244 3
1582186245 3
1582186246 3
1582186247 2
1582186248 3
1582186249 4
1582186250 4
1582186251 4
1582186252 4
1582186253 3
1582186254 2
1582186255 2
1582186256 2
1582186257 2
1582186258 2
1582186259 2
1582186260 2
1582186261 2
1582186262 2
1582186263 2
1582186264 2
1582186265 2
1582186266 2
1582186267 2
1582186268 2
1582186269 2
1582186270 2
1582186271 2
1582186272 2
1582186273 2
1582186274 2
1582186275 2
1582186276 2
1582186277 2
1582186278 2
1582186279 2
1582186280 2
1582186281 2
1582186282 2
1582186283 2
1582186284 2
1582186285 2
1582186286 3
1582186287 3
1582186288 3
1582186289 3
1582186290 3
1582186291 3
1582186292 3
1582186293 3
1582186294 3
1582186295 3
1582186296 3
1582186297 3
1582186298 2
1582186299 2
1582186300 2
1582186301 2
1582186302 2
1582186303 3
1582186304 4
1582186305 4
1582186306 5
1582186307 6
1582186308 5
1582186654 2
1582186655 2
1582186656 2
1582186657 2
1582186658 2
1582186659 2
1582186660 2
1582186661 2
1582186662 2
1582186663 2
1582186664 2
1582186665 2
1582186666 2
1582186667 2
1582186668 2
1582186669 2
1582186670 2
1582186671 2
1582186672 2
1582186673 2
1582186674 2
1582186675 2
1582186676 2
1582186677 2
1582186678 2
1582186679 2
1582186680 2
1582186681 2
1582186682 2
1582186683 2
1582186684 2
1582186685 2
1582186686 2
1582186687 2
1582186688 2
1582186689 2
1582186690 2
1582186691 2
1582186692 2
1582186693 2
1582186694 2
1582186695 2
1582186696 2
1582186697 2
1582186698 2
1582186699 2
1582186700 2
1582186701 2
1582186702 2
1582186703 2
1582186704 2
1582186705 2
1582186706 2
1582186707 2
1582186708 2
1582186709 2
1582186710 2
1582186711 2
1582186712 2
1582186713 2
1582186714 2
1582186715 2
1582186716 2
1582186717 2
1582186718 2
1582186719 2
1582186720 2
1582186721 2
1582186722 2
1582186723 2
1582186724 2
1582186725 2
1582186726 2
1582186727 2
1582186728 2
1582186729 2
1582186730 2
1582186731 2
1582186732 2
1582186733 2
1582186734 2
1582186735 2
1582186736 2
1582186737 2
1582186738 2
1582186739 2
1582186740 2
1582186741 2
1582186742 2
1582186743 2
1582186744 2
1582186745 2
1582186746 2
1582186747 2
1582186748 2
1582186749 2
1582186750 2
1582186751 2
1582186752 2
1582186753 2
1582186754 2
1582186755 2
1582186756 2
1582186757 2
1582186758 2
1582186759 2
1582186760 2
1582186761 2
1582186762 2
1582186763 2
1582186764 2
1582186765 2
1582186766 2
1582186767 2
1582186768 2
1582186769 2
1582186770 2
1582186771 2
1582186772 2
1582186773 2
1582186774 2
1582186775 2
1582186776 2
1582186777 2
1582186778 2
1582186779 2
1582186780 2
1582186781 2
1582186782 2
1582186783 2
1582186784 2
1582186785 2
1582186786 2
1582186787 2
1582186788 2
1582186789 2
1582186790 2
1582186791 2
1582186792 2
1582186793 2
1582186794 2
1582186795 2
1582186796 2
1582186797 2
1582186798 1
1582186799 2
1582186800 2
1582186801 2
1582186802 2
1582186803 2
1582186804 2
1582186805 2
1582186806 2
1582186807 2
1582186808 2
1582186809 2
1582186810 2
1582186811 2
1582186812 2
1582186813 2
1582186814 2
1582186815 2
1582186816 2
1582186817 2
1582186818 2
1582186819 2
1582186820 2
1582186821 3
1582186822 4
1582186823 4
1582186824 4
1582186825 4
1582186826 4
1582186827 2
1582186828 2
1582186829 3
1582186830 2
1582186831 2
1582186832 2
1582186833 2
1582186834 2
1582186835 2
1582186836 2
1582186837 2
1582186838 2
1582186839 2
1582186840 2
1582186841 2
1582186842 2
1582186843 2
1582186844 2
1582186845 2
1582186846 2
1582186847 2
1582186848 2
1582186849 2
1582186850 2
1582186851 2
1582186852 2
1582186853 2
1582186854 2
1582186855 2
1582186856 2
1582186857 2
1582186858 2
1582186859 3
1582186860 3
1582186861 3
1582186862 3
1582186863 3
1582186864 3
1582186865 3
1582186866 3
1582186867 3
1582186868 3
1582186869 3
1582186870 3
1582186871 3
1582186872 2
1582186873 4
1582186874 3
1582186875 4
1582186876 6
1582186877 5
1582186878 5
1582186879 5
1582186880 4
1582186881 5
1582186882 4
1582186883 7
1582186884 7
1582186885 8
1582186886 4
1582186887 3
1582186888 3
1582186889 2
1582186890 2
1582186891 3
1582186892 4
1582186893 4
1582186894 4
1582186895 4
1582186896 5
1582186897 5
1582186898 5
1582186899 5
1582186900 5
1582186901 5
1582186902 5
1582186903 3
1582186904 2
1582186905 2
1582186906 2
1582186907 2
1582186908 2
1582186909 2
1582186910 2
1582186911 2
1582186912 2
1582186913 2
1582186914 2
1582186915 2
1582186916 2
1582186917 2
1582186918 2
1582186919 2
1582186920 2
1582186921 2
1582186922 2
1582186923 2
1582186924 2
1582186925 2
1582186926 2
1582186927 2
1582186928 2
1582186929 2
1582186930 4
1582186931 5
1582186932 6
1582186933 5
1582186934 6
1582186935 5
1582186936 5
1582186937 6
1582186938 6
1582186939 6
1582186940 6
1582186941 2
1582186942 1
1582186943 1
1582186944 3
1582186945 6
1582186946 7
1582186947 9
1582186948 12
1582186949 13
1582186950 14
1582186951 12
1582186952 12
1582186953 9
1582186954 9
1582186955 11
1582186956 7
1582186957 7
1582186958 6
1582186959 7
1582186960 7
1582186961 5
1582186962 4
1582186963 3
1582186964 2
1582186965 1
1582186966 1
1582186967 3
1582186968 3
1582186969 4
1582186970 4
1582186971 4
1582186972 4
1582186973 4
1582186974 4
1582186975 3
1582186976 3
1582186977 3
1582186978 3
1582186979 3
1582186980 3
1582186981 3
1582186982 3
1582186983 4
1582186984 4
1582186985 4
1582186986 4
1582186987 3
1582186988 3
1582186989 3
1582186990 3
1582186991 3
1582186992 3
1582186993 2
1582186994 3
1582186995 3
1582186996 3
1582186997 3
1582186998 3
1582186999 3
1582187000 2
1582187001 3
1582187002 3
1582187003 2
1582187004 3
1582187005 3
1582187006 3
1582187007 3
1582187008 3
1582187009 3
1582187010 3
1582187011 3
1582187012 3
1582187013 3
1582187014 3
1582187015 3
1582187016 3
1582187017 3
1582187018 3
1582187019 3
1582187020 3
1582187021 3
1582187022 3
1582187023 3
1582187024 3
1582187025 3
1582187026 3
1582187027 3
1582187028 3
1582187029 3
1582187030 3
1582187031 3
1582187032 3
1582187033 3
1582187034 3
1582187035 3
1582187036 3
1582187037 3
1582187038 3
1582187039 3
1582187040 3
1582187041 4
1582187042 4
1582187043 4
1582187044 4
1582187045 4
1582187046 4
1582187047 4
1582187048 4
1582187049 3
1582187050 4
1582187051 4
1582187052 4
1582187053 4
1582187054 4
1582187055 4
1582187056 3
1582187057 4
1582187058 4
1582187059 4
1582187060 4
1582187061 4
1582187062 4
1582187063 4
1582187064 4
1582187065 4
1582187066 4
1582187067 4
1582187068 4
1582187069 4
1582187070 4
1582187071 4
1582187072 4
1582187073 4
1582187074 4
1582187075 4
1582187076 4
1582187077 4
1582187078 4
1582187079 4
1582187080 4
1582187081 4
1582187082 4
1582187083 4
1582187084 4
1582187085 4
1582187086 4
1582187087 4
1582187088 4
1582187089 4
1582187090 4
1582187091 4
1582187092 3
1582187093 3
1582187094 3
1582187095 3
1582187096 3
1582187097 3
1582187098 3
1582187099 3
1582187100 3
1582187101 3
1582187102 3
1582187103 3
1582187104 3
1582187105 3
1582187106 3
1582187107 3
1582187108 3
1582187109 3
1582187110 3
1582187111 3
1582187112 3
1582187113 3
1582187114 3
1582187115 3
1582187116 3
1582187117 3
1582187118 3
1582187119 3
1582187120 3
1582187121 3
1582187122 3
1582187123 3
1582187124 3
1582187125 3
1582187126 3
1582187127 3
1582187128 3
1582187129 3
1582187130 3
1582187131 3
1582187132 3
1582187133 4
1582187134 4
1582187135 4
1582187136 4
1582187137 4
1582187138 4
1582187139 4
1582187140 4
1582187141 4
1582187142 4
1582187143 4
1582187144 4
1582187145 4
1582187146 4
1582187147 4
1582187148 4
1582187149 4
1582187150 4
1582187151 4
1582187152 4
1582187153 5
1582187154 4
1582187155 4
1582187156 4
1582187157 4
1582187158 4
1582187159 4
1582187160 4
1582187161 4
1582187162 4
1582187163 4
1582187164 4
1582187165 4
1582187166 4
1582187167 4
1582187168 4
1582187169 4
1582187170 4
1582187171 4
1582187172 4
1582187173 4
1582187174 4
1582187175 4
1582187176 4
1582187177 4
1582187178 4
1582187179 4
1582187180 4
1582187181 4
1582187182 4
1582187183 4
1582187184 4
1582187185 4
1582187186 4
1582187187 4
1582187188 4
1582187189 4
1582187190 4
1582187191 4
1582187192 4
1582187193 4
1582187194 4
1582187195 4
1582187196 4
1582187197 4
1582187198 4
1582187199 4
1582187200 4
1582187201 4
1582187202 4
1582187203 4
1582187204 4
1582187205 4
1582187206 4
1582187207 4
1582187208 4
1582187209 4
1582187210 4
1582187211 4
1582187212 4
1582187213 4
1582187214 4
1582187215 4
1582187216 4
1582187217 4
1582187218 4
1582187219 4
1582187220 4
1582187221 4
1582187222 4
1582187223 4
1582187224 4
1582187225 4
1582187226 4
1582187227 4
1582187228 4
1582187229 4
1582187230 4
1582187231 4
1582187232 4
1582187233 4
1582187234 4
1582187235 4
1582187236 4
1582187237 4
1582187238 4
1582187239 4
1582187240 4
1582187241 4
1582187242 4
1582187243 4
1582187244 4
1582187245 4
1582187246 4
1582187247 4
1582187248 4
1582187249 4
1582187250 4
1582187251 4
1582187252 4
1582187253 4
1582187254 4
1582187255 4
1582187256 4
1582187257 4
1582187258 4
1582187259 4
1582187260 4
1582187261 4
1582187262 4
1582187263 4
1582187264 4
1582187265 4
1582187266 4
1582187267 4
1582187268 4
1582187269 4
1582187270 4
1582187271 4
1582187272 4
1582187273 4
1582187274 4
1582187275 4
1582187276 4
1582187277 4
1582187278 4
1582187279 4
1582187280 4
1582187281 4
1582187282 4
1582187283 4
1582187284 4
1582187285 4
1582187286 4
1582187287 4
1582187288 4
1582187289 4
1582187290 4
1582187291 4
1582187292 4
1582187293 4
1582187294 4
1582187295 4
1582187296 4
1582187297 4
1582187298 4
1582187299 4
1582187300 4
1582187301 4
1582187302 4
1582187303 4
1582187304 4
1582187305 4
1582187306 4
1582187307 4
1582187308 4
1582187309 4
1582187310 4
1582187311 4
1582187312 4
1582187313 4
1582187314 4
1582187315 4
1582187316 4
1582187317 4
1582187318 4
1582187319 4
1582187320 4
1582187321 4
1582187322 4
1582187323 4
1582187324 4
1582187325 4
1582187326 4
1582187327 4
1582187328 4
1582187329 4
1582187330 4
1582187331 4
1582187332 4
1582187333 4
1582187334 4
1582187335 4
1582187336 4
1582187337 4
1582187338 4
1582187339 4
1582187340 4
1582187341 4
1582187342 4
1582187343 4
1582187344 4
1582187345 4
1582187346 4
1582187347 4
1582187348 4
1582187349 4
1582187350 4
1582187351 4
1582187352 4
1582187353 4
1582187354 4
1582187355 4
1582187356 4
1582187357 4
1582187358 4
1582187359 4
1582187360 4
1582187361 4
1582187362 4
1582187363 4
1582187364 4
1582187365 4
1582187366 4
1582187367 4
1582187368 4
1582187369 4
1582187370 4
1582187371 4
1582187372 4
1582187373 4
1582187374 4
1582187375 4
1582187376 4
1582187377 4
1582187378 4
1582187379 4
1582187380 4
1582187381 4
1582187382 4
1582187383 4
1582187384 4
1582187385 4
1582187386 5
1582187387 4
1582187388 4
1582187389 4
1582187390 4
1582187391 4
1582187392 4
1582187393 4
1582187394 4
1582187395 4
1582187396 4
1582187397 4
1582187398 4
1582187399 4
1582187400 4
1582187401 4
1582187402 4
1582187403 4
1582187404 4
1582187405 4
1582187406 4
1582187407 4
1582187408 4
1582187409 4
1582187410 4
1582187411 4
1582187412 4
1582187413 4
1582187414 4
1582187415 4
1582187416 4
1582187417 4
1582187418 4
1582187419 4
1582187420 4
1582187421 4
1582187422 4
1582187423 4
1582187424 4
1582187425 3
1582187426 4
1582187427 4
1582187428 4
1582187429 4
1582187430 4
1582187431 4
1582187432 4
1582187433 4
1582187434 4
1582187435 4
1582187436 4
1582187437 4
1582187438 4
1582187439 4
1582187440 4
1582187441 4
1582187442 4
1582187443 4
1582187444 4
1582187445 4
1582187446 4
1582187447 4
1582187448 4
1582187449 4
1582187450 4
1582187451 4
1582187452 4
1582187453 4
1582187454 4
1582187455 4
1582187456 4
1582187457 4
1582187458 4
1582187459 4
1582187460 4
1582187461 4
1582187462 4
1582187463 4
1582187464 4
1582187465 4
1582187466 4
1582187467 4
1582187468 4
1582187469 4
1582187470 4
1582187471 4
1582187472 4
1582187473 4
1582187474 4
1582187475 4
1582187476 4
1582187477 4
1582187478 4
1582187479 4
1582187480 4
1582187481 4
1582187482 4
1582187483 4
1582187484 4
1582187485 4
1582187486 4
1582187487 4
1582187488 4
1582187489 4
1582187490 4
1582187491 4
1582187492 4
1582187493 4
1582187494 4
1582187495 4
1582187496 4
1582187497 4
1582187498 4
1582187499 4
1582187500 4
1582187501 4
1582187502 4
1582187503 4
1582187504 4
1582187505 4
1582187506 4
1582187507 4
1582187508 4
1582187509 4
1582187510 4
1582187511 4
1582187512 4
1582187513 4
1582187514 4
1582187515 4
1582187516 4
1582187517 4
1582187518 4
1582187519 4
1582187520 4
1582187521 4
1582187522 4
1582187523 4
1582187524 3
1582187525 4
1582187526 4
1582187527 4
1582187528 4
1582187529 4
1582187530 4
1582187531 4
1582187532 4
1582187533 4
1582187534 4
1582187535 3
1582187536 4
1582187537 4
1582187538 4
1582187539 4
1582187540 4
1582187541 4
1582187542 4
1582187543 4
1582187544 4
1582187545 4
1582187546 4
1582187547 4
1582187548 4
1582187549 4
1582187550 4
1582187551 4
1582187552 4
1582187553 4
1582187554 4
1582187555 4
1582187556 4
1582187557 4
1582187558 4
1582187559 4
1582187560 4
1582187561 4
1582187562 4
1582187563 4
1582187564 4
1582187565 4
1582187566 4
1582187567 4
1582187568 4
1582187569 4
1582187570 4
1582187571 4
1582187572 4
1582187573 4
1582187574 4
1582187575 4
1582187576 4
1582187577 4
1582187578 4
1582187579 4
1582187580 4
1582187581 4
1582187582 4
1582187583 4
1582187584 4
1582187585 4
1582187586 4
1582187587 4
1582187588 4
1582187589 4
1582187590 4
1582187591 4
1582187592 4
1582187593 4
1582187594 4
1582187595 4
1582187596 4
1582187597 4
1582187598 4
1582187599 4
1582187600 4
1582187601 4
1582187602 4
1582187603 4
1582187604 4
1582187605 4
1582187606 4
1582187607 4
1582187608 4
1582187609 4
1582187610 4
1582187611 4
1582187612 4
1582187613 4
1582187614 4
1582187615 4
1582187616 4
1582187617 4
1582187618 4
1582187619 4
1582187620 4
1582187621 4
1582187622 4
1582187623 4
1582187624 4
1582187625 4
1582187626 4
1582187627 4
1582187628 4
1582187629 4
1582187630 4
1582187631 4
1582187632 4
1582187633 4
1582187634 4
1582187635 4
1582187636 4
1582187637 4
1582187638 4
1582187639 4
1582187640 4
1582187641 4
1582187642 4
1582187643 4
1582187644 4
1582187645 4
1582187646 4
1582187647 4
1582187648 4
1582187649 4
1582187650 4
1582187651 4
1582187652 4
1582187653 4
1582187654 4
1582187655 4
1582187656 4
1582187657 4
1582187658 4
1582187659 4
1582187660 4
1582187661 4
1582187662 4
1582187663 4
1582187664 4
1582187665 4
1582187666 4
1582187667 4
1582187668 4
1582187669 4
1582187670 4
1582187671 4
1582187672 4
1582187673 4
1582187674 4
1582187675 4
1582187676 4
1582187677 4
1582187678 4
1582187679 4
1582187680 4
1582187681 4
1582187682 4
1582187683 4
1582187684 4
1582187685 4
1582187686 4
1582187687 4
1582187688 4
1582187689 4
1582187690 4
1582187691 4
1582187692 4
1582187693 4
1582187694 4
1582187695 4
1582187696 4
1582187697 4
1582187698 4
1582187699 4
1582187700 4
1582187701 4
1582187702 4
1582187703 4
1582187704 4
1582187705 4
1582187706 4
1582187707 4
1582187708 4
1582187709 4
1582187710 4
1582187711 4
1582187712 4
1582187713 4
1582187714 4
1582187715 4
1582187716 4
1582187717 4
1582187718 4
1582187719 4
1582187720 4
1582187721 4
1582187722 4
1582187723 4
1582187724 3
1582187725 3
1582187726 3
1582187727 3
1582187728 3
1582187729 3
1582187730 3
1582187731 3
1582187732 3
1582187733 3
1582187734 3
1582187735 3
1582187736 3
1582187737 3
1582187738 3
1582187739 3
1582187740 3
1582187741 3
1582187742 3
1582187743 3
1582187744 3
1582187745 3
1582187746 3
1582187747 3
1582187748 3
1582187749 3
1582187750 3
1582187751 3
1582187752 3
1582187753 3
1582187754 3
1582187755 3
1582187756 3
1582187757 3
1582187758 3
1582187759 3
1582187760 3
1582187761 3
1582187762 3
1582187763 3
1582187764 3
1582187765 3
1582187766 3
1582187767 3
1582187768 3
1582187769 3
1582187770 3
1582187771 3
1582187772 3
1582187773 3
1582187774 3
1582187775 3
1582187776 3
1582187777 3
1582187778 3
1582187779 3
1582187780 3
1582187781 3
1582187782 3
1582187783 2
1582187784 2
1582187785 3
1582187786 4
1582187787 4
1582187788 4
1582187789 4
1582187790 3
1582187791 2
1582187792 2
1582187793 2
1582187794 2
1582187795 2
1582187796 2
1582187797 2
1582187798 2
1582187799 2
1582187800 2
1582187801 2
1582187802 2
1582187803 2
1582187804 2
1582187805 2
1582187806 2
1582187807 2
1582187808 2
1582187809 2
1582187810 2
1582187811 2
1582187812 2
1582187813 2
1582187814 2
1582187815 2
1582187816 2
1582187817 2
1582187818 2
1582187819 2
1582187820 2
1582187821 2
1582187822 2
1582187823 3
1582187824 3
1582187825 3
1582187826 3
1582187827 3
1582187828 3
1582187829 3
1582187830 4
1582187831 4
1582187832 3
1582187833 3
1582187834 3
1582187835 2
1582187836 2
1582187837 4
1582187838 3
1582187839 5
1582187840 7
1582187841 6
1582187842 5
1582187843 5
1582187844 5
1582187845 4
1582187846 6
1582187847 6
1582187848 8
1582187849 8
1582187850 4
1582187851 4
1582187852 4
1582187853 2
1582187854 3
1582187855 4
1582187856 4
1582187857 4
1582187858 3
1582187859 4
1582187860 4
1582187861 4
1582187862 4
1582187863 4
1582187864 4
1582187865 4
1582187866 3
1582187867 3
1582187868 2
1582187869 2
1582187870 2
1582187871 2
1582187872 2
1582187873 2
1582187874 2
1582187875 2
1582187876 2
1582187877 2
1582187878 2
1582187879 2
1582187880 2
1582187881 2
1582187882 2
1582187883 2
1582187884 2
1582187885 2
1582187886 2
1582187887 2
1582187888 2
1582187889 2
1582187890 2
1582187891 4
1582187892 5
1582187893 5
1582187894 5
1582187895 5
1582187896 5
1582187897 5
1582187898 6
1582187899 6
1582187900 6
1582187901 5
1582187902 2
1582187903 1
1582187904 1
1582187905 4
1582187906 6
1582187907 8
1582187908 9
1582187909 11
1582187910 12
1582187911 14
1582187912 10
1582187913 9
1582187914 10
1582187915 10
1582187916 10
1582187917 9
1582187918 9
1582187919 9
1582187920 8
1582187921 8
1582187922 5
1582187923 4
1582187924 3
1582187925 2
1582187926 2
1582187927 3
1582187928 4
1582187929 4
1582187930 4
1582187931 4
1582187932 4
1582187933 4
1582187934 3
1582187935 3
1582187936 3
1582187937 3
1582187938 3
1582187939 3
1582187940 2
1582187941 2
1582187942 3
1582187943 4
1582187944 4
1582187945 4
1582187946 4
1582187947 3
1582187948 2
1582187949 2
1582187950 2
1582187951 2
1582187952 2
1582187953 2
1582187954 2
1582187955 2
1582187956 2
1582187957 2
1582187958 2
1582187959 2
1582187960 2
1582187961 2
1582187962 2
1582187963 2
1582187964 2
1582187965 2
1582187966 2
1582187967 2
1582187968 2
1582187969 2
1582187970 2
1582187971 2
1582187972 2
1582187973 2
1582187974 2
1582187975 2
1582187976 2
1582187977 2
1582187978 3
1582187979 4
1582187980 3
1582187981 4
1582187982 4
1582187983 4
1582187984 3
1582187985 3
1582187986 3
1582187987 3
1582187988 4
1582187989 4
1582187990 4
1582187991 4
1582187992 4
1582187993 4
1582187994 2
1582187995 4
1582187996 3
1582187997 4
1582187998 6
1582187999 7
1582188000 5
1582188001 4
1582188002 4
1582188003 6
1582188004 4
1582188005 5
1582188006 7
1582188007 7
1582188008 7
1582188009 4
1582188010 4
1582188011 4
1582188012 2
1582188013 4
1582188014 3
1582188015 4
1582188016 5
1582188017 4
1582188018 4
1582188019 3
1582188020 3
1582188021 3
1582188022 3
1582188023 3
1582188024 3
1582188025 2
1582188026 2
1582188027 2
1582188028 2
1582188029 2
1582188030 2
1582188031 2
1582188032 2
1582188033 2
1582188034 2
1582188035 2
1582188036 2
1582188037 2
1582188038 2
1582188039 2
1582188040 2
1582188041 1
1582188042 2
1582188043 2
1582188044 2
1582188045 2
1582188046 2
1582188047 2
1582188048 2
1582188049 2
1582188050 2
1582188051 3
1582188052 6
1582188053 6
1582188054 6
1582188055 5
1582188056 5
1582188057 5
1582188058 5
1582188059 5
1582188060 5
1582188061 5
1582188062 3
1582188063 2
1582188064 1
1582188065 2
1582188066 4
1582188067 6
1582188068 6
1582188069 5
1582188070 9
1582188071 8
1582188072 12
1582188073 6
1582188074 10
1582188075 8
1582188076 7
1582188077 9
1582188078 8
1582188079 9
1582188080 9
1582188081 9
1582188082 9
1582188083 4
1582188084 3
1582188085 1
1582188086 1
1582188087 2
1582188088 3
1582188089 4
1582188090 4
1582188091 4
1582188092 4
1582188093 4
1582188094 4
1582188095 3
1582188096 3
1582188097 3
1582188098 3
1582188099 3
1582188100 3
1582188101 3
1582188102 2
1582188103 4
1582188104 5
1582188105 4
1582188106 4
1582188107 4
1582188108 2
1582188109 2
1582188110 3
1582188111 2
1582188112 2
1582188113 2
1582188114 2
1582188115 2
1582188116 2
1582188117 2
1582188118 2
1582188119 2
1582188120 2
1582188121 2
1582188122 2
1582188123 2
1582188124 2
1582188125 2
1582188126 2
1582188127 2
1582188128 2
1582188129 2
1582188130 2
1582188131 2
1582188132 2
1582188133 2
1582188134 2
1582188135 2
1582188136 2
1582188137 2
1582188138 2
1582188139 2
1582188140 3
1582188141 3
1582188142 3
1582188143 3
1582188144 3
1582188145 3
1582188146 3
1582188147 4
1582188148 3
1582188149 3
1582188150 3
1582188151 4
1582188152 2
1582188153 2
1582188154 3
1582188155 3
1582188156 4
1582188157 5
1582188158 6
1582188159 4
1582188160 4
1582188161 4
1582188162 4
1582188163 4
1582188164 7
1582188165 8
1582188166 7
1582188167 6
1582188168 3
1582188169 3
1582188170 3
1582188171 2
1582188172 4
1582188173 4
1582188174 3
1582188175 4
1582188176 4
1582188177 4
1582188178 4
1582188179 4
1582188180 4
1582188181 4
1582188182 4
1582188183 4
1582188184 3
1582188185 2
1582188186 2
1582188187 2
1582188188 2
1582188189 2
1582188190 2
1582188191 2
1582188192 2
1582188193 2
1582188194 2
1582188195 2
1582188196 2
1582188197 2
1582188198 2
1582188199 2
1582188200 2
1582188201 2
1582188202 2
1582188203 2
1582188204 2
1582188205 2
1582188206 2
1582188207 2
1582188208 2
1582188209 4
1582188210 5
1582188211 6
1582188212 6
1582188213 5
1582188214 5
1582188215 5
1582188216 5
1582188217 5
1582188218 5
1582188219 5
1582188220 2
1582188221 2
1582188222 1
1582188223 3
1582188224 3
1582188225 7
1582188226 8
1582188227 9
1582188228 9
1582188229 10
1582188230 14
1582188231 9
1582188232 8
1582188233 7
1582188234 9
1582188235 7
1582188236 5
1582188237 6
1582188238 6
1582188239 7
1582188240 8
1582188241 8
1582188242 6
1582188243 6
1582188244 4
1582188245 2
1582188246 1
1582188247 2
1582188248 3
1582188249 5
1582188250 4
1582188251 4
1582188252 4
1582188253 4
1582188254 3
1582188255 3
1582188256 3
1582188257 3
1582188258 3
1582188259 3
1582188260 3
1582188261 3
1582188262 3
1582188263 3
1582188264 4
1582188265 6
1582188266 4
1582188267 5
1582188268 3
1582188269 3
1582188270 2
1582188271 2
1582188272 2
1582188273 2
1582188274 2
1582188275 2
1582188276 2
1582188277 2
1582188278 2
1582188279 2
1582188280 2
1582188281 2
1582188282 2
1582188283 2
1582188284 2
1582188285 2
1582188286 2
1582188287 2
1582188288 2
1582188289 2
1582188290 2
1582188291 2
1582188292 2
1582188293 2
1582188294 2
1582188295 2
1582188296 2
1582188297 2
1582188298 2
1582188299 2
1582188300 3
1582188301 3
1582188302 3
1582188303 3
1582188304 3
1582188305 3
1582188306 4
1582188307 4
1582188308 4
1582188309 4
1582188310 4
1582188311 4
1582188312 4
1582188313 3
1582188314 2
1582188315 4
1582188316 3
1582188317 4
1582188318 5
1582188319 6
1582188320 4
1582188321 5
1582188322 6
1582188323 5
1582188324 5
1582188325 7
1582188326 8
1582188327 7
1582188328 4
1582188329 3
1582188330 2
1582188331 2
1582188332 2
1582188333 5
1582188334 4
1582188335 5
1582188336 4
1582188337 3
1582188338 3
1582188339 3
1582188340 3
1582188341 3
1582188342 3
1582188343 3
1582188344 3
1582188345 2
1582188346 2
1582188347 2
1582188348 2
1582188349 2
1582188350 2
1582188351 2
1582188352 2
1582188353 2
1582188354 2
1582188355 2
1582188356 2
1582188357 2
1582188358 2
1582188359 2
1582188360 2
1582188361 2
1582188362 2
1582188363 2
1582188364 2
1582188365 2
1582188366 2
1582188367 2
1582188368 2
1582188369 4
1582188370 5
1582188371 5
1582188372 5
1582188373 5
1582188374 5
1582188375 5
1582188376 5
1582188377 5
1582188378 5
1582188379 4
1582188380 3
1582188381 1
1582188382 1
1582188383 1
1582188384 3
1582188385 4
1582188386 7
1582188387 9
1582188388 8
1582188389 11
1582188390 9
1582188391 12
1582188392 9
1582188393 7
1582188394 9
1582188395 8
1582188396 6
1582188397 6
1582188398 6
1582188399 8
1582188400 3
1582188401 5
1582188402 3
1582188403 2
1582188404 3
1582188405 3
1582188406 4
1582188407 4
1582188408 4
1582188409 4
1582188410 3
1582188411 3
1582188412 3
1582188413 3
1582188414 3
1582188415 3
1582188416 3
1582188417 3
1582188418 3
1582188419 3
1582188420 3
1582188421 3
1582188422 3
1582188423 3
1582188424 3
1582188425 3
1582188426 3
1582188427 3
1582188428 3
1582188429 3
1582188430 3
1582188431 3
1582188432 3
1582188433 3
1582188434 3
1582188435 3
1582188436 3
1582188437 3
1582188438 3
1582188439 3
1582188440 3
1582188441 3
1582188442 3
1582188443 3
1582188444 3
1582188445 3
1582188446 3
1582188447 3
1582188448 3
1582188449 3
1582188450 3
1582188451 3
1582188452 3
1582188453 3
1582188454 3
1582188455 3
1582188456 3
1582188457 3
1582188458 3
1582188459 3
1582188460 3
1582188461 3
1582188462 3
1582188463 3
1582188464 3
1582188465 3
1582188466 3
1582188467 3
1582188468 3
1582188469 3
1582188470 3
1582188471 3
1582188472 3
1582188473 3
1582188474 3
1582188475 3
1582188476 3
1582188477 3
1582188478 3
1582188479 3
1582188480 3
1582188481 3
1582188482 3
1582188483 3
1582188484 3
1582188485 3
1582188486 3
1582188487 3
1582188488 3
1582188489 3
1582188490 3
1582188491 3
1582188492 3
1582188493 3
1582188494 3
1582188495 3
1582188496 3
1582188497 3
1582188498 3
1582188499 3
1582188500 3
1582188501 3
1582188502 3
1582188503 3
1582188504 3
1582188505 3
1582188506 3
1582188507 3
1582188508 3
1582188509 3
1582188510 3
1582188511 3
1582188512 3
1582188513 3
1582188514 3
1582188515 3
1582188516 3
1582188517 3
1582188518 3
1582188519 3
1582188520 3
1582188521 3
1582188522 3
1582188523 3
1582188524 3
1582188525 3
1582188526 3
1582188527 2
1582188528 2
1582188529 2
1582188530 2
1582188531 2
1582188532 2
1582188533 2
1582188534 2
1582188535 2
1582188536 2
1582188537 3
1582188538 2
1582188539 3
1582188540 3
1582188541 3
1582188542 3
1582188543 3
1582188544 3
1582188545 3
1582188546 3
1582188547 3
1582188548 3
1582188549 3
1582188550 3
1582188551 3
1582188552 3
1582188553 3
1582188554 3
1582188555 3
1582188556 3
1582188557 3
1582188558 3
1582188559 3
1582188560 3
1582188561 3
1582188562 3
1582188563 3
1582188564 3
1582188565 3
1582188566 3
1582188567 3
1582188568 3
1582188569 3
1582188570 3
1582188571 3
1582188572 3
1582188573 3
1582188574 3
1582188575 3
1582188576 3
1582188577 3
1582188578 3
1582188579 3
1582188580 3
1582188581 3
1582188582 3
1582188583 3
1582188584 3
1582188585 3
1582188586 3
1582188587 3
1582188588 3
1582188589 3
1582188590 3
1582188591 3
1582188592 3
1582188593 3
1582188594 3
1582188595 3
1582188596 3
1582188597 3
1582188598 3
1582188599 3
1582188600 3
1582188601 3
1582188602 3
1582188603 3
1582188604 3
1582188605 3
1582188606 3
1582188607 3
1582188608 3
1582188609 3
1582188610 3
1582188611 3
1582188612 3
1582188613 3
1582188614 3
1582188615 3
1582188616 3
1582188617 3
1582188618 3
1582188619 3
1582188620 3
1582188621 3
1582188622 3
1582188623 3
1582188624 3
1582188625 3
1582188626 3
1582188627 3
1582188628 3
1582188629 3
1582188630 3
1582188631 3
1582188632 3
1582188633 3
1582188634 3
1582188635 3
1582188636 3
1582188637 3
1582188638 3
1582188639 3
1582188640 3
1582188641 3
1582188642 3
1582188643 3
1582188644 3
1582188645 3
1582188646 3
1582188647 3
1582188648 3
1582188649 3
1582188650 3
1582188651 3
1582188652 3
1582188653 3
1582188654 3
1582188655 3
1582188656 3
1582188657 3
1582188658 3
1582188659 3
1582188660 3
1582188661 3
1582188662 3
1582188663 3
1582188664 3
1582188665 3
1582188666 3
1582188667 3
1582188668 3
1582188669 3
1582188670 3
1582188671 3
1582188672 3
1582188673 3
1582188674 3
1582188675 3
1582188676 3
1582188677 3
1582188678 3
1582188679 3
1582188680 3
1582188681 3
1582188682 3
1582188683 3
1582188684 3
1582188685 3
1582188686 3
1582188687 3
1582188688 3
1582188689 3
1582188690 3
1582188691 3
1582188692 3
1582188693 3
1582188694 3
1582188695 3
1582188696 3
1582188697 3
1582188698 3
1582188699 3
1582188700 3
1582188701 3
1582188702 3
1582188703 3
1582188704 3
1582188705 3
1582188706 3
1582188707 3
1582188708 3
1582188709 3
1582188710 3
1582188711 3
1582188712 3
1582188713 3
1582188714 4
1582188715 3
1582188716 2
1582188717 3
1582188718 4
1582188719 4
1582188720 4
1582188721 4
1582188722 5
1582188723 3
1582188724 3
1582188725 2
1582188726 3
1582188727 2
1582188728 2
1582188729 2
1582188730 2
1582188731 2
1582188732 2
1582188733 2
1582188734 2
1582188735 2
1582188736 2
1582188737 2
1582188738 2
1582188739 2
1582188740 2
1582188741 2
1582188742 2
1582188743 2
1582188744 2
1582188745 2
1582188746 2
1582188747 2
1582188748 2
1582188749 2
1582188750 2
1582188751 2
1582188752 2
1582188753 2
1582188754 2
1582188755 2
1582188756 3
1582188757 3
1582188758 3
1582188759 2
1582188760 2
1582188761 2
1582188762 2
1582188763 3
1582188764 3
1582188765 3
1582188922 2
1582188923 3
1582188924 3
1582188925 2
1582188926 3
1582188927 3
1582188928 3
1582188929 2
1582188930 4
1582188931 3
1582188932 4
1582188933 5
1582188934 4
1582188935 5
1582188936 2
1582188937 2
1582188938 2
1582188939 3
1582188940 5
1582188941 5
1582188942 4
1582188943 4
1582188944 4
1582188945 4
1582188946 5
1582188947 3
1582188948 3
1582188949 3
1582188950 2
1582188951 2
1582188952 2
1582188953 3
1582188954 4
1582188955 3
1582188956 3
1582188957 4
1582188958 3
1582188959 3
1582188960 3
1582188961 3
1582188962 3
1582188963 3
1582188964 3
1582188965 3
1582188966 3
1582188967 3
1582188968 3
1582188969 3
1582188970 3
1582188971 3
1582188972 3
1582188973 3
1582188974 3
1582188975 3
1582188976 3
1582188977 3
1582188978 3
1582188979 3
1582188980 3
1582188981 3
1582188982 3
1582188983 3
1582188984 3
1582188985 3
1582188986 3
1582188987 3
1582188988 3
1582188989 3
1582188990 3
1582188991 3
1582188992 3
1582188993 3
1582188994 3
1582188995 4
1582188996 5
1582188997 5
1582188998 5
1582188999 5
1582189000 5
1582189001 5
1582189002 5
1582189003 3
1582189004 3
1582189005 3
1582189006 2
1582189007 2
1582189008 2
1582189009 2
1582189010 2
1582189011 2
1582189012 2
1582189013 2
1582189014 2
1582189015 2
1582189016 2
1582189017 2
1582189018 2
1582189019 2
1582189020 2
1582189021 2
1582189022 2
1582189023 2
1582189024 2
1582189025 2
1582189026 2
1582189027 2
1582189028 2
1582189029 2
1582189030 2
1582189031 2
1582189032 2
1582189033 2
1582189034 2
1582189035 2
1582189036 2
1582189037 2
1582189038 2
1582189039 2
1582189040 2
1582189041 2
1582189042 2
1582189043 2
1582189044 2
1582189045 2
1582189046 2
1582189047 2
1582189048 2
1582189049 2
1582189050 2
1582189051 2
1582189052 2
1582189053 2
1582189054 2
1582189055 2
1582189056 2
1582189057 2
1582189058 2
1582189059 2
1582189060 2
1582189061 2
1582189062 2
1582189063 2
1582189064 2
1582189065 2
1582189066 2
1582189067 2
1582189068 2
1582189069 2
1582189070 2
1582189071 2
1582189072 2
1582189073 2
1582189074 2
1582189075 2
1582189076 2
1582189077 2
1582189078 2
1582189079 2
1582189080 2
1582189081 2
1582189082 2
1582189083 2
1582189084 2
1582189085 2
1582189086 2
1582189087 2
1582189088 2
1582189089 2
1582189090 2
1582189091 2
1582189092 2
1582189093 2
1582189094 2
1582189095 2
1582189096 2
1582189097 2
1582189098 2
1582189099 2
1582189100 2
1582189101 2
1582189102 2
1582189103 2
1582189104 2
1582189105 2
1582189106 2
1582189107 2
1582189108 2
1582189109 2
1582189110 2
1582189111 2
1582189112 2
1582189113 2
1582189114 3
1582189115 4
1582189116 4
1582189117 4
1582189118 4
1582189119 4
1582189120 4
1582189121 4
1582189122 3
1582189123 3
1582189124 3
1582189125 3
1582189126 3
1582189127 3
1582189128 3
1582189129 3
1582189130 3
1582189131 3
1582189132 3
1582189133 3
1582189134 3
1582189135 3
1582189136 3
1582189137 3
1582189138 3
1582189139 3
1582189140 3
1582189141 3
1582189142 3
1582189143 3
1582189144 3
1582189145 3
1582189146 3
1582189147 3
1582189148 3
1582189149 3
1582189150 3
1582189151 3
1582189152 3
1582189153 3
1582189154 3
1582189155 3
1582189156 3
1582189157 3
1582189158 3
1582189159 3
1582189160 3
1582189161 3
1582189162 3
1582189163 3
1582189164 3
1582189165 3
1582189166 3
1582189167 3
1582189168 3
1582189169 3
1582189170 3
1582189171 3
1582189172 3
1582189173 3
1582189174 3
1582189175 3
1582189176 3
1582189177 3
1582189178 3
1582189179 3
1582189180 3
1582189181 3
1582189182 3
1582189183 3
1582189184 3
1582189185 3
1582189186 3
1582189187 3
1582189188 3
1582189189 3
1582189190 3
1582189191 3
1582189192 3
1582189193 3
1582189194 3
1582189195 3
1582189196 3
1582189197 3
1582189198 3
1582189199 3
1582189200 3
1582189201 3
1582189202 3
1582189203 3
1582189204 3
1582189205 3
1582189206 3
1582189207 3
1582189208 3
1582189209 3
1582189210 3
1582189211 3
1582189212 3
1582189213 3
1582189214 3
1582189215 3
1582189216 3
1582189217 3
1582189218 3
1582189219 3
1582189220 3
1582189221 3
1582189222 3
1582189223 3
1582189224 3
1582189225 3
1582189226 3
1582189227 3
1582189228 3
1582189229 3
1582189230 3
1582189231 3
1582189232 3
1582189233 3
1582189234 3
1582189235 3
1582189236 3
1582189237 3
1582189238 3
1582189239 3
1582189240 3
1582189241 3
1582189242 3
1582189243 3
1582189244 3
1582189245 3
1582189246 3
1582189247 3
1582189248 3
1582189249 3
1582189250 3
1582189251 3
1582189252 3
1582189253 3
1582189254 3
1582189255 3
1582189256 3
1582189257 3
1582189258 3
1582189259 3
1582189260 3
1582189261 3
1582189262 3
1582189263 3
1582189264 3
1582189265 3
1582189266 3
1582189267 3
1582189268 3
1582189269 3
1582189270 3
1582189271 3
1582189272 3
1582189273 3
1582189274 3
1582189275 3
1582189276 3
1582189277 3
1582189278 3
1582189279 3
1582189280 3
1582189281 3
1582189282 3
1582189283 3
1582189284 3
1582189285 2
1582189286 2
1582189287 2
1582189288 2
1582189289 2
1582189290 2
1582189291 2
1582189292 2
1582189293 2
1582189294 2
1582189295 2
1582189296 2
1582189297 2
1582189298 2
1582189299 2
1582189300 2
1582189301 2
1582189302 2
1582189303 2
1582189304 2
1582189305 2
1582189306 2
1582189307 2
1582189308 2
1582189309 2
1582189310 2
1582189311 2
1582189312 2
1582189313 2
1582189314 2
1582189315 2
1582189316 2
1582189317 2
1582189318 2
1582189319 2
1582189320 2
1582189321 2
1582189322 2
1582189323 1
1582189324 1
1582189325 1
1582189326 1
1582189327 1
1582189328 1
1582189329 1
1582189330 1
1582189331 2
1582189332 2
1582189333 2
1582189334 2
1582189335 2
1582189336 2
1582189337 2
1582189338 2
1582189339 3
1582189340 3
1582189341 3
1582189342 3
1582189343 3
1582189344 3
1582189345 3
1582189346 2
1582189347 2
1582189348 2
1582189349 2
1582189350 2
1582189351 2
1582189352 2
1582189353 2
1582189354 2
1582189355 2
1582189356 2
1582189357 2
1582189358 2
1582189359 2
1582189360 2
1582189361 2
1582189362 2
1582189363 2
1582189364 2
1582189365 2
1582189366 2
1582189367 2
1582189368 2
1582189369 2
1582189370 2
1582189371 2
1582189372 3
1582189373 1
1582189374 1
1582189375 1
1582189376 1
1582189377 2
1582189378 2
1582189379 3
1582189380 3
1582189381 2
1582189382 2
1582189383 2
1582189384 2
1582189385 2
1582189386 2
1582189387 2
1582189388 2
1582189389 2
1582189390 2
1582189391 2
1582189392 2
1582189393 2
1582189394 2
1582189395 2
1582189396 2
1582189397 2
1582189398 2
1582189399 2
1582189400 2
1582189401 2
1582189402 2
1582189403 2
1582189404 2
1582189405 2
1582189406 2
1582189407 2
1582189408 2
1582189409 2
1582189410 2
1582189411 2
1582189412 2
1582189413 2
1582189414 2
1582189415 2
1582189416 2
1582189417 2
1582189418 2
1582189419 2
1582189420 2
1582189421 2
1582189422 2
1582189423 2
1582189424 2
1582189425 2
1582189426 2
1582189427 2
1582189428 2
1582189429 2
1582189430 2
1582189431 3
1582189432 2
1582189433 2
1582189434 2
1582189435 2
1582189436 4
1582189437 6
1582189438 5
1582189439 4
1582189440 3
1582189441 3
1582189442 2
1582189443 2
1582189444 2
1582189445 2
1582189446 2
1582189447 2
1582189448 2
1582189449 2
1582189450 2
1582189451 2
1582189452 2
1582189453 2
1582189454 2
1582189455 2
1582189456 2
1582189457 2
1582189458 2
1582189459 2
1582189460 2
1582189461 2
1582189462 2
1582189463 2
1582189464 2
1582189465 2
1582189466 2
1582189467 2
1582189468 2
1582189469 2
1582189470 2
1582189471 2
1582189472 2
1582189473 3
1582189474 3
1582189475 3
1582189476 3
1582189477 3
1582189478 3
1582189479 3
1582189480 4
1582189481 3
1582189482 3
1582189483 3
1582189484 3
1582189485 3
1582189486 3
1582189487 3
1582189488 3
1582189489 3
1582189490 3
1582189491 3
1582189492 3
1582189493 3
1582189494 3
1582189495 3
1582189496 3
1582189497 3
1582189498 3
1582189499 3
1582189500 3
1582189501 3
1582189502 3
1582189503 3
1582189504 3
1582189505 3
1582189506 3
1582189507 3
1582189508 3
1582189509 3
1582189510 3
1582189511 3
1582189512 3
1582189513 3
1582189514 2
1582189515 2
1582189516 3
1582189517 2
1582189518 2
1582189519 2
1582189520 2
1582189521 2
1582189522 2
1582189523 2
1582189524 2
1582189525 2
1582189526 2
1582189527 2
1582189528 2
1582189529 2
1582189530 2
1582189531 2
1582189532 2
1582189533 2
1582189534 2
1582189535 2
1582189536 2
1582189537 2
1582189538 2
1582189539 2
1582189540 2
1582189541 2
1582189542 2
1582189543 2
1582189544 2
1582189545 2
1582189546 2
1582189547 3
1582189548 4
1582189549 4
1582189550 4
1582189551 4
1582189552 4
1582189553 4
1582189554 4
1582189555 4
1582189556 4
1582189557 4
1582189558 4
1582189559 4
1582189560 4
1582189561 4
1582189562 4
1582189563 4
1582189564 4
1582189565 4
1582189566 4
1582189567 4
1582189568 4
1582189569 4
1582189570 4
1582189571 4
1582189572 4
1582189573 4
1582189574 4
1582189575 4
1582189576 4
1582189577 4
1582189578 4
1582189579 4
1582189580 4
1582189581 4
1582189582 4
1582189583 4
1582189584 4
1582189585 4
1582189586 4
1582189587 4
1582189588 4
1582189589 4
1582189590 4
1582189591 4
1582189592 4
1582189593 4
1582189594 4
1582189595 4
1582189596 4
1582189597 4
1582189598 4
1582189599 4
1582189600 4
1582189601 4
1582189602 4
1582189603 4
1582189604 4
1582189605 4
1582189606 4
1582189607 4
1582189608 4
1582189609 4
1582189610 4
1582189611 4
1582189612 4
1582189613 4
1582189614 4
1582189615 4
1582189616 4
1582189617 4
1582189618 4
1582189619 4
1582189620 4
1582189621 4
1582189622 4
1582189623 4
1582189624 4
1582189625 4
1582189626 4
1582189627 4
1582189628 4
1582189629 4
1582189630 4
1582189631 4
1582189632 4
1582189633 4
1582189634 4
1582189635 4
1582189636 4
1582189637 4
1582189638 4
1582189639 4
1582189640 4
1582189641 4
1582189642 4
1582189643 4
1582189644 4
1582189645 4
1582189646 4
1582189647 4
1582189648 4
1582189649 4
1582189650 4
1582189651 4
1582189652 4
1582189653 4
1582189654 4
1582189655 4
1582189656 4
1582189657 4
1582189658 4
1582189659 4
1582189660 4
1582189661 4
1582189662 4
1582189663 4
1582189664 4
1582189665 4
1582189666 4
1582189667 4
1582189668 4
1582189669 4
1582189670 4
1582189671 4
1582189672 4
1582189673 4
1582189674 4
1582189675 4
1582189676 4
1582189677 4
1582189678 4
1582189679 4
1582189680 4
1582189681 4
1582189682 4
1582189683 4
1582189684 4
1582189685 4
1582189686 4
1582189687 4
1582189688 4
1582189689 4
1582189690 4
1582189691 4
1582189692 4
1582189693 4
1582189694 4
1582189695 4
1582189696 4
1582189697 4
1582189698 4
1582189699 4
1582189700 4
1582189701 4
1582189702 4
1582189703 4
1582189704 4
1582189705 4
1582189706 4
1582189707 4
1582189708 4
1582189709 4
1582189710 4
1582189711 4
1582189712 4
1582189713 5
1582189714 4
1582189715 3
1582189716 4
1582189717 4
1582189718 4
1582189719 4
1582189720 4
1582189721 4
1582189722 4
1582189723 4
1582189724 4
1582189725 4
1582189726 4
1582189727 4
1582189728 4
1582189729 4
1582189730 4
1582189731 4
1582189732 4
1582189733 4
1582189734 4
1582189735 4
1582189736 4
1582189737 4
1582189738 4
1582189739 4
1582189740 4
1582189741 4
1582189742 4
1582189743 4
1582189744 4
1582189745 4
1582189746 4
1582189747 4
1582189748 4
1582189749 4
1582189750 4
1582189751 4
1582189752 4
1582189753 4
1582189754 4
1582189755 4
1582189756 4
1582189757 4
1582189758 4
1582189759 4
1582189760 4
1582189761 4
1582189762 4
1582189763 4
1582189764 4
1582189765 4
1582189766 4
1582189767 4
1582189768 4
1582189769 4
1582189770 4
1582189771 4
1582189772 4
1582189773 4
1582189774 4
1582189775 4
1582189776 4
1582189777 4
1582189778 4
1582189779 4
1582189780 4
1582189781 4
1582189782 4
1582189783 4
1582189784 4
1582189785 4
1582189786 4
1582189787 4
1582189788 4
1582189789 4
1582189790 4
1582189791 4
1582189792 4
1582189793 4
1582189794 4
1582189795 4
1582189796 4
1582189797 4
1582189798 4
1582189799 4
1582189800 4
1582189801 4
1582189802 4
1582189803 4
1582189804 4
1582189805 4
1582189806 4
1582189807 4
1582189808 4
1582189809 4
1582189810 4
1582189811 4
1582189812 4
1582189813 4
1582189814 4
1582189815 4
1582189816 4
1582189817 4
1582189818 4
1582189819 4
1582189820 4
1582189821 4
1582189822 4
1582189823 4
1582189824 4
1582189825 4
1582189826 4
1582189827 4
1582189828 4
1582189829 4
1582189830 4
1582189831 4
1582189832 4
1582189833 4
1582189834 4
1582189835 4
1582189836 4
1582189837 4
1582189838 4
1582189839 4
1582189840 4
1582189841 4
1582189842 4
1582189843 4
1582189844 4
1582189845 4
1582189846 4
1582189847 4
1582189848 4
1582189849 4
1582189850 4
1582189851 4
1582189852 4
1582189853 4
1582189854 4
1582189855 4
1582189856 4
1582189857 4
1582189858 4
1582189859 4
1582189860 4
1582189861 4
1582189862 4
1582189863 4
1582189864 4
1582189865 4
1582189866 4
1582189867 4
1582189868 4
1582189869 4
1582189870 4
1582189871 4
1582189872 4
1582189873 4
1582189874 4
1582189875 4
1582189876 4
1582189877 4
1582189878 4
1582189879 4
1582189880 4
1582189881 4
1582189882 4
1582189883 4
1582189884 4
1582189885 4
1582189886 4
1582189887 4
1582189888 4
1582189889 4
1582189890 4
1582189891 4
1582189892 4
1582189893 4
1582189894 4
1582189895 4
1582189896 4
1582189897 4
1582189898 4
1582189899 4
1582189900 4
1582189901 4
1582189902 4
1582189903 4
1582189904 4
1582189905 4
1582189906 4
1582189907 4
1582189908 4
1582189909 4
1582189910 4
1582189911 4
1582189912 4
1582189913 4
1582189914 4
1582189915 4
1582189916 4
1582189917 4
1582189918 4
1582189919 4
1582189920 4
1582189921 4
1582189922 4
1582189923 4
1582189924 4
1582189925 4
1582189926 4
1582189927 4
1582189928 4
1582189929 4
1582189930 4
1582189931 4
1582189932 4
1582189933 4
1582189934 4
1582189935 4
1582189936 4
1582189937 4
1582189938 4
1582189939 4
1582189940 4
1582189941 4
1582189942 4
1582189943 4
1582189944 4
1582189945 4
1582189946 4
1582189947 4
1582189948 4
1582189949 4
1582189950 4
1582189951 4
1582189952 4
1582189953 4
1582189954 4
1582189955 4
1582189956 4
1582189957 4
1582189958 4
1582189959 4
1582189960 4
1582189961 4
1582189962 4
1582189963 4
1582189964 4
1582189965 4
1582189966 4
1582189967 4
1582189968 4
1582189969 4
1582189970 4
1582189971 4
1582189972 4
1582189973 4
1582189974 4
1582189975 4
1582189976 4
1582189977 4
1582189978 4
1582189979 4
1582189980 4
1582189981 4
1582189982 4
1582189983 4
1582189984 4
1582189985 4
1582189986 4
1582189987 4
1582189988 4
1582189989 4
1582189990 4
1582189991 4
1582189992 4
1582189993 4
1582189994 4
1582189995 4
1582189996 4
1582189997 4
1582189998 4
1582189999 4
1582190000 4
1582190001 4
1582190002 4
1582190003 4
1582190004 4
1582190005 4
1582190006 4
1582190007 4
1582190008 4
1582190009 4
1582190010 4
1582190011 4
1582190012 4
1582190013 4
1582190014 4
1582190015 4
1582190016 4
1582190017 4
1582190018 4
1582190019 4
1582190020 4
1582190021 4
1582190022 4
1582190023 4
1582190024 4
1582190025 4
1582190026 4
1582190027 4
1582190028 4
1582190029 4
1582190030 4
1582190031 4
1582190032 4
1582190033 4
1582190034 4
1582190035 4
1582190036 4
1582190037 4
1582190038 4
1582190039 4
1582190040 4
1582190041 4
1582190042 4
1582190043 4
1582190044 4
1582190045 4
1582190046 4
1582190047 4
1582190048 4
1582190049 4
1582190050 4
1582190051 4
1582190052 4
1582190053 4
1582190054 4
1582190055 4
1582190056 4
1582190057 4
1582190058 4
1582190059 4
1582190060 4
1582190061 4
1582190062 4
1582190063 4
1582190064 4
1582190065 4
1582190066 4
1582190067 4
1582190068 4
1582190069 4
1582190070 4
1582190071 4
1582190072 4
1582190073 4
1582190074 4
1582190075 4
1582190076 4
1582190077 4
1582190078 4
1582190079 4
1582190080 4
1582190081 4
1582190082 4
1582190083 4
1582190084 4
1582190085 4
1582190086 4
1582190087 4
1582190088 4
1582190089 4
1582190090 4
1582190091 4
1582190092 4
1582190093 4
1582190094 4
1582190095 4
1582190096 4
1582190097 4
1582190098 4
1582190099 4
1582190100 4
1582190101 4
1582190102 4
1582190103 4
1582190104 4
1582190105 4
1582190106 4
1582190107 4
1582190108 4
1582190109 4
1582190110 4
1582190111 4
1582190112 4
1582190113 4
1582190114 4
1582190115 4
1582190116 4
1582190117 4
1582190118 4
1582190119 4
1582190120 4
1582190121 4
1582190122 4
1582190123 4
1582190124 4
1582190125 4
1582190126 4
1582190127 4
1582190128 4
1582190129 4
1582190130 4
1582190131 4
1582190132 4
1582190133 4
1582190134 4
1582190135 4
1582190136 4
1582190137 4
1582190138 4
1582190139 4
1582190140 4
1582190141 4
1582190142 4
1582190143 4
1582190144 4
1582190145 4
1582190146 4
1582190147 4
1582190148 4
1582190149 4
1582190150 4
1582190151 4
1582190152 4
1582190153 4
1582190154 4
1582190155 4
1582190156 4
1582190157 4
1582190158 4
1582190159 4
1582190160 4
1582190161 4
1582190162 4
1582190163 4
1582190164 4
1582190165 4
1582190166 4
1582190167 4
1582190168 4
1582190169 4
1582190170 4
1582190171 4
1582190172 4
1582190173 4
1582190174 4
1582190175 4
1582190176 4
1582190177 4
1582190178 4
1582190179 4
1582190180 4
1582190181 4
1582190182 4
1582190183 4
1582190184 4
1582190185 4
1582190186 4
1582190187 4
1582190188 4
1582190189 4
1582190190 4
1582190191 4
1582190192 4
1582190193 4
1582190194 4
1582190195 4
1582190196 4
1582190197 4
1582190198 4
1582190199 4
1582190200 4
1582190201 4
1582190202 4
1582190203 4
1582190204 4
1582190205 4
1582190206 4
1582190207 4
1582190208 4
1582190209 4
1582190210 4
1582190211 4
1582190212 4
1582190213 4
1582190214 4
1582190215 4
1582190216 4
1582190217 4
1582190218 4
1582190219 4
1582190220 4
1582190221 4
1582190222 4
1582190223 4
1582190224 4
1582190225 4
1582190226 4
1582190227 4
1582190228 4
1582190229 4
1582190230 4
1582190231 4
1582190232 4
1582190233 4
1582190234 4
1582190235 4
1582190236 4
1582190237 4
1582190238 4
1582190239 4
1582190240 4
1582190241 4
1582190242 4
1582190243 4
1582190244 4
1582190245 4
1582190246 4
1582190247 4
1582190248 4
1582190249 4
1582190250 4
1582190251 4
1582190252 4
1582190253 4
1582190254 4
1582190255 4
1582190256 4
1582190257 4
1582190258 4
1582190259 4
1582190260 4
1582190261 4
1582190262 4
1582190263 4
1582190264 4
1582190265 4
1582190266 4
1582190267 4
1582190268 4
1582190269 4
1582190270 4
1582190271 4
1582190272 4
1582190273 4
1582190274 4
1582190275 4
1582190276 4
1582190277 4
1582190278 4
1582190279 4
1582190280 4
1582190281 4
1582190282 4
1582190283 4
1582190284 4
1582190285 4
1582190286 4
1582190287 4
1582190288 4
1582190289 4
1582190290 4
1582190291 4
1582190292 4
1582190293 4
1582190294 4
1582190295 4
1582190296 4
1582190297 4
1582190298 4
1582190299 4
1582190300 4
1582190301 4
1582190302 4
1582190303 4
1582190304 4
1582190305 4
1582190306 4
1582190307 4
1582190308 4
1582190309 4
1582190310 4
1582190311 4
1582190312 4
1582190313 4
1582190314 4
1582190315 4
1582190316 4
1582190317 4
1582190318 4
1582190319 4
1582190320 4
1582190321 4
1582190322 4
1582190323 4
1582190324 4
1582190325 4
1582190326 4
1582190327 4
1582190328 4
1582190329 4
1582190330 4
1582190331 4
1582190332 4
1582190333 4
1582190334 4
1582190335 4
1582190336 4
1582190337 4
1582190338 4
1582190339 4
1582190340 4
1582190341 4
1582190342 4
1582190343 4
1582190344 4
1582190345 4
1582190346 4
1582190347 4
1582190348 4
1582190349 4
1582190350 4
1582190351 4
1582190352 4
1582190353 4
1582190354 4
1582190355 4
1582190356 4
1582190357 4
1582190358 4
1582190359 4
1582190360 4
1582190361 4
1582190362 4
1582190363 4
1582190364 4
1582190365 4
1582190366 4
1582190367 4
1582190368 4
1582190369 4
1582190370 4
1582190371 4
1582190372 4
1582190373 4
1582190374 4
1582190375 4
1582190376 4
1582190377 4
1582190378 4
1582190379 4
1582190380 4
1582190381 4
1582190382 4
1582190383 4
1582190384 4
1582190385 4
1582190386 4
1582190387 4
1582190388 4
1582190389 4
1582190390 4
1582190391 4
1582190392 4
1582190393 4
1582190394 4
1582190395 4
1582190396 4
1582190397 4
1582190398 4
1582190399 4
1582190400 4
1582190401 4
1582190402 4
1582190403 4
1582190404 4
1582190405 4
1582190406 4
1582190407 4
1582190408 4
1582190409 4
1582190410 4
1582190411 4
1582190412 4
1582190413 4
1582190414 4
1582190415 4
1582190416 4
1582190417 4
1582190418 4
1582190419 4
1582190420 4
1582190421 4
1582190422 4
1582190423 4
1582190424 4
1582190425 4
1582190426 4
1582190427 4
1582190428 4
1582190429 4
1582190430 4
1582190431 4
1582190432 4
1582190433 4
1582190434 4
1582190435 4
1582190436 4
1582190437 4
1582190438 4
1582190439 4
1582190440 4
1582190441 4
1582190442 4
1582190443 4
1582190444 4
1582190445 4
1582190446 4
1582190447 4
1582190448 4
1582190449 4
1582190450 4
1582190451 4
1582190452 4
1582190453 4
1582190454 4
1582190455 4
1582190456 4
1582190457 4
1582190458 4
1582190459 4
1582190460 4
1582190461 4
1582190462 4
1582190463 4
1582190464 4
1582190465 4
1582190466 4
1582190467 4
1582190468 4
1582190469 4
1582190470 4
1582190471 4
1582190472 4
1582190473 4
1582190474 4
1582190475 4
1582190476 4
1582190477 4
1582190478 4
1582190479 4
1582190480 4
1582190481 4
1582190482 4
1582190483 4
1582190484 4
1582190485 4
1582190486 4
1582190487 4
1582190488 4
1582190489 4
1582190490 4
1582190491 4
1582190492 4
1582190493 4
1582190494 4
1582190495 4
1582190496 4
1582190497 4
1582190498 4
1582190499 4
1582190500 4
1582190501 4
1582190502 4
1582190503 4
1582190504 4
1582190505 4
1582190506 4
1582190507 4
1582190508 4
1582190509 4
1582190510 4
1582190511 4
1582190512 4
1582190513 4
1582190514 4
1582190515 4
1582190516 4
1582190517 4
1582190518 4
1582190519 4
1582190520 4
1582190521 4
1582190522 4
1582190523 4
1582190524 4
1582190525 4
1582190526 4
1582190527 4
1582190528 4
1582190529 4
1582190530 4
1582190531 4
1582190532 4
1582190533 4
1582190534 4
1582190535 4
1582190536 4
1582190537 4
1582190538 4
1582190539 4
1582190540 4
1582190541 4
1582190542 4
1582190543 4
1582190544 4
1582190545 4
1582190546 4
1582190547 4
1582190548 4
1582190549 4
1582190550 4
1582190551 4
1582190552 4
1582190553 4
1582190554 4
1582190555 4
1582190556 4
1582190557 4
1582190558 4
1582190559 4
1582190560 4
1582190561 4
1582190562 4
1582190563 4
1582190564 4
1582190565 4
1582190566 4
1582190567 4
1582190568 4
1582190569 4
1582190570 4
1582190571 4
1582190572 4
1582190573 4
1582190574 4
1582190575 4
1582190576 4
1582190577 4
1582190578 4
1582190579 4
1582190580 4
1582190581 4
1582190582 4
1582190583 4
1582190584 4
1582190585 4
1582190586 4
1582190587 4
1582190588 4
1582190589 4
1582190590 4
1582190591 4
1582190592 4
1582190593 4
1582190594 4
1582190595 4
1582190596 4
1582190597 4
1582190598 4
1582190599 4
1582190600 4
1582190601 4
1582190602 4
1582190603 4
1582190604 4
1582190605 4
1582190606 4
1582190607 4
1582190608 4
1582190609 4
1582190610 4
1582190611 4
1582190612 4
1582190613 4
1582190614 4
1582190615 4
1582190616 4
1582190617 4
1582190618 4
1582190619 4
1582190620 4
1582190621 4
1582190622 4
1582190623 4
1582190624 4
1582190625 4
1582190626 4
1582190627 4
1582190628 4
1582190629 4
1582190630 4
1582190631 4
1582190632 4
1582190633 4
1582190634 4
1582190635 4
1582190636 4
1582190637 4
1582190638 4
1582190639 4
1582190640 4
1582190641 4
1582190642 4
1582190643 4
1582190644 4
1582190645 4
1582190646 4
1582190647 4
1582190648 4
1582190649 4
1582190650 4
1582190651 4
1582190652 4
1582190653 4
1582190654 4
1582190655 4
1582190656 4
1582190657 4
1582190658 4
1582190659 4
1582190660 4
1582190661 4
1582190662 4
1582190663 4
1582190664 4
1582190665 4
1582190666 4
1582190667 4
1582190668 4
1582190669 4
1582190670 4
1582190671 4
1582190672 4
1582190673 4
1582190674 4
1582190675 4
1582190676 4
1582190677 4
1582190678 4
1582190679 4
1582190680 4
1582190681 4
1582190682 4
1582190683 4
1582190684 4
1582190685 4
1582190686 4
1582190687 4
1582190688 4
1582190689 4
1582190690 4
1582190691 4
1582190692 4
1582190693 4
1582190694 4
1582190695 4
1582190696 4
1582190697 4
1582190698 4
1582190699 4
1582190700 4
1582190701 4
1582190702 4
1582190703 4
1582190704 4
1582190705 4
1582190706 4
1582190707 4
1582190708 4
1582190709 4
1582190710 4
1582190711 4
1582190712 4
1582190713 4
1582190714 4
1582190715 4
1582190716 4
1582190717 4
1582190718 4
1582190719 4
1582190720 4
1582190721 4
1582190722 4
1582190723 4
1582190724 4
1582190725 4
1582190726 4
1582190727 4
1582190728 4
1582190729 4
1582190730 4
1582190731 4
1582190732 4
1582190733 4
1582190734 3
1582190735 3
1582190736 3
1582190737 3
1582190738 3
1582190739 3
1582190740 3
1582190741 3
1582190742 3
1582190743 4
1582190744 4
1582190745 4
1582190746 4
1582190747 3
1582190748 3
1582190749 3
1582190750 2
1582190751 3
1582190752 2
1582190753 2
1582190754 2
1582190755 2
1582190756 2
1582190757 2
1582190758 2
1582190759 2
1582190760 2
1582190761 2
1582190762 2
1582190763 2
1582190764 2
1582190765 2
1582190766 2
1582190767 2
1582190768 2
1582190769 2
1582190770 2
1582190771 2
1582190772 2
1582190773 2
1582190774 2
1582190775 2
1582190776 2
1582190777 2
1582190778 2
1582190779 2
1582190780 2
1582190781 3
1582190782 3
1582190783 3
1582190784 2
1582190785 2
1582190786 2
1582190787 2
1582190788 3
1582190789 4
1582190790 4
1582190791 5
1582191244 5
1582191245 4
1582191246 5
1582191247 6
1582191248 4
1582191249 3
1582191250 3
1582191251 2
1582191252 2
1582191253 3
1582191254 2
1582191255 2
1582191256 2
1582191257 2
1582191258 3
1582191259 3
1582191260 3
1582191261 4
1582191262 3
1582191263 4
1582191264 4
1582191265 4
1582191266 4
1582191267 3
1582191268 3
1582191269 3
1582191270 2
1582191271 2
1582191272 2
1582191273 3
1582191274 3
1582191275 3
1582191276 3
1582191277 2
1582191278 2
1582191279 2
1582191280 2
1582191281 2
1582191282 2
1582191283 2
1582191284 2
1582191285 2
1582191286 2
1582191287 2
1582191288 2
1582191289 2
1582191290 2
1582191291 2
1582191292 2
1582191293 2
1582191294 2
1582191295 2
1582191296 2
1582191297 2
1582191298 2
1582191299 2
1582191300 2
1582191301 2
1582191302 2
1582191303 2
1582191304 2
1582191305 2
1582191306 2
1582191307 2
1582191308 2
1582191309 3
1582191310 4
1582191311 4
1582191312 4
1582191313 4
1582191314 4
1582191315 4
1582191316 3
1582191317 3
1582191318 3
1582191319 3
1582191320 3
1582191321 3
1582191322 3
1582191323 3
1582191324 3
1582191325 4
1582191326 4
1582191327 4
1582191328 4
1582191329 3
1582191330 3
1582191331 2
1582191332 2
1582191333 2
1582191334 2
1582191335 2
1582191336 2
1582191337 2
1582191338 2
1582191339 2
1582191340 2
1582191341 2
1582191342 2
1582191343 2
1582191344 2
1582191345 2
1582191346 2
1582191347 2
1582191348 2
1582191349 2
1582191350 2
1582191351 2
1582191352 2
1582191353 2
1582191354 2
1582191355 2
1582191356 2
1582191357 2
1582191358 2
1582191359 2
1582191360 2
1582191361 4
1582191362 3
1582191363 3
1582191364 3
1582191365 3
1582191366 4
1582191367 3
1582191368 3
1582191369 3
1582191370 3
1582191371 3
1582191372 4
1582192123 2
1582192124 2
1582192125 2
1582192126 3
1582192127 2
1582192128 2
1582192129 1
1582192130 1
1582192131 1
1582192132 3
1582192133 3
1582192134 2
1582192135 2
1582192136 3
1582192137 4
1582192138 5
1582192139 3
1582192140 5
1582192141 3
1582192142 4
1582192143 5
1582192144 5
1582192145 5
1582192146 3
1582192147 3
1582192148 2
1582192149 2
1582192150 2
1582192151 3
1582192152 3
1582192153 3
1582192154 3
1582192155 3
1582192156 3
1582192157 3
1582192158 2
1582192159 2
1582192160 2
1582192161 2
1582192162 2
1582192163 2
1582192164 2
1582192165 2
1582192166 2
1582192167 2
1582192168 2
1582192169 2
1582192170 2
1582192171 2
1582192172 2
1582192173 2
1582192174 2
1582192175 2
1582192176 2
1582192177 2
1582192178 2
1582192179 2
1582192180 2
1582192181 2
1582192182 2
1582192183 2
1582192184 2
1582192185 2
1582192186 2
1582192187 2
1582192188 2
1582192189 3
1582192190 4
1582192191 4
1582192192 4
1582192193 4
1582192194 4
1582192195 4
1582192196 4
1582192197 4
1582192198 4
1582192199 4
1582192200 4
1582192201 4
1582192202 4
1582192203 3
1582192204 3
1582192205 3
1582192206 3
1582192207 4
1582192208 4
1582192209 4
1582192210 4
1582192211 4
1582192212 2
1582192213 2
1582192214 2
1582192215 2
1582192216 2
1582192217 2
1582192218 2
1582192219 2
1582192220 2
1582192221 2
1582192222 2
1582192223 2
1582192224 2
1582192225 2
1582192226 2
1582192227 2
1582192228 2
1582192229 2
1582192230 2
1582192231 2
1582192232 2
1582192233 2
1582192234 2
1582192235 2
1582192236 2
1582192237 2
1582192238 2
1582192239 2
1582192240 2
1582192241 2
1582192242 2
1582192243 2
1582192244 2
1582192245 3
1582192246 3
1582192247 3
1582192248 2
1582192249 2
1582192250 2
1582192251 2
1582192252 3
1582192253 4
1582192254 4
1582192255 4
1582192415 1
1582192416 2
1582192417 2
1582192418 1
1582192419 2
1582192422 1
1582192423 2
1582192424 3
1582192425 4
1582192426 4
1582192427 3
1582192428 2
1582192429 3
1582192430 4
1582192431 5
1582192432 6
1582192433 4
1582192434 2
1582192435 4
1582192436 4
1582192437 4
1582192438 2
1582192439 2
1582192440 2
1582192441 2
1582192442 2
1582192443 3
1582192444 3
1582192445 4
1582192446 4
1582192447 4
1582192448 4
1582192449 4
1582192450 4
1582192451 4
1582192452 4
1582192453 4
1582192454 4
1582192455 4
1582192456 3
1582192457 3
1582192458 2
1582192459 2
1582192460 2
1582192461 2
1582192462 2
1582192463 2
1582192464 2
1582192465 2
1582192466 2
1582192467 2
1582192468 2
1582192469 2
1582192470 2
1582192471 2
1582192472 2
1582192473 2
1582192474 2
1582192475 2
1582192476 2
1582192477 2
1582192478 2
1582192479 2
1582192480 2
1582192481 2
1582192482 2
1582192483 2
1582192484 2
1582192485 2
1582192486 2
1582192487 2
1582192488 3
1582192489 4
1582192490 4
1582192491 4
1582192492 4
1582192493 4
1582192494 3
1582192495 3
1582192496 3
1582192497 3
1582192498 3
1582192499 3
1582192500 3
1582192501 3
1582192502 3
1582192503 2
1582192504 3
1582192505 4
1582192506 4
1582192507 5
1582192508 5
1582192509 4
1582192510 3
1582192511 3
1582192512 2
1582192513 2
1582192514 2
1582192515 2
1582192516 2
1582192517 2
1582192518 2
1582192519 2
1582192520 2
1582192521 2
1582192522 2
1582192523 2
1582192524 2
1582192525 2
1582192526 2
1582192527 2
1582192528 2
1582192529 2
1582192530 2
1582192531 2
1582192532 2
1582192533 2
1582192534 2
1582192535 2
1582192536 2
1582192537 2
1582192538 2
1582192539 2
1582192540 2
1582192541 2
1582192542 4
1582192543 4
1582192544 4
1582192545 3
1582192546 2
1582192547 2
1582192548 2
1582192549 2
1582192550 3
1582192551 3
1582192552 4
1582192711 2
1582192712 2
1582192713 3
1582192714 2
1582192715 2
1582192716 2
1582192719 1
1582192720 2
1582192721 2
1582192722 5
1582192723 4
1582192724 2
1582192725 3
1582192726 4
1582192727 4
1582192728 4
1582192729 6
1582192730 4
1582192731 2
1582192732 5
1582192733 5
1582192734 5
1582192735 4
1582192736 4
1582192737 4
1582192738 2
1582192739 2
1582192740 2
1582192741 3
1582192742 3
1582192743 3
1582192744 4
1582192745 2
1582192746 2
1582192747 2
1582192748 2
1582192749 2
1582192750 2
1582192751 2
1582192752 2
1582192753 2
1582192754 2
1582192755 2
1582192756 2
1582192757 2
1582192758 2
1582192759 2
1582192760 2
1582192761 2
1582192762 2
1582192763 2
1582192764 2
1582192765 2
1582192766 2
1582192767 2
1582192768 2
1582192769 2
1582192770 2
1582192771 2
1582192772 2
1582192773 2
1582192774 2
1582192775 2
1582192776 2
1582192777 3
1582192778 4
1582192779 4
1582192780 5
1582192781 4
1582192782 4
1582192783 3
1582192784 3
1582192785 3
1582192786 3
1582192787 3
1582192788 4
1582192789 4
1582192790 4
1582192791 3
1582192792 3
1582192793 4
1582192794 4
1582192795 4
1582192796 3
1582192797 3
1582192798 3
1582192799 2
1582192800 2
1582192801 2
1582192802 2
1582192803 2
1582192804 2
1582192805 2
1582192806 2
1582192807 2
1582192808 2
1582192809 2
1582192810 2
1582192811 2
1582192812 2
1582192813 2
1582192814 2
1582192815 2
1582192816 2
1582192817 2
1582192818 2
1582192819 2
1582192820 2
1582192821 2
1582192822 2
1582192823 2
1582192824 2
1582192825 2
1582192826 2
1582192827 2
1582192828 2
1582192829 3
1582192830 3
1582192831 3
1582192832 3
1582192833 3
1582192834 3
1582192835 2
1582192836 2
1582192837 3
1582192838 3
1582192839 3
1582192840 4
1582193000 2
1582193001 2
1582193002 3
1582193003 2
1582193004 2
1582193005 1
1582193006 1
1582193007 1
1582193008 1
1582193009 4
1582193010 3
1582193011 2
1582193012 3
1582193013 4
1582193014 5
1582193015 4
1582193016 4
1582193017 4
1582193018 4
1582193019 3
1582193020 4
1582193021 4
1582193022 5
1582193023 4
1582193024 3
1582193025 3
1582193026 2
1582193027 2
1582193028 2
1582193029 3
1582193030 3
1582193031 3
1582193032 3
1582193033 3
1582193034 2
1582193035 2
1582193036 2
1582193037 2
1582193038 2
1582193039 2
1582193040 2
1582193041 2
1582193042 2
1582193043 2
1582193044 2
1582193045 2
1582193046 2
1582193047 2
1582193048 2
1582193049 2
1582193050 2
1582193051 2
1582193052 2
1582193053 2
1582193054 2
1582193055 2
1582193056 2
1582193057 2
1582193058 2
1582193059 2
1582193060 2
1582193061 2
1582193062 2
1582193063 2
1582193064 2
1582193065 3
1582193066 4
1582193067 4
1582193068 4
1582193069 4
1582193070 4
1582193071 3
1582193072 3
1582193073 3
1582193074 3
1582193075 3
1582193076 3
1582193077 3
1582193078 3
1582193079 2
1582193080 3
1582193081 4
1582193082 4
1582193083 4
1582193084 3
1582193085 3
1582193086 3
1582193087 2
1582193088 2
1582193089 2
1582193090 2
1582193091 2
1582193092 2
1582193093 2
1582193094 2
1582193095 2
1582193096 2
1582193097 2
1582193098 2
1582193099 2
1582193100 2
1582193101 2
1582193102 2
1582193103 2
1582193104 2
1582193105 2
1582193106 2
1582193107 2
1582193108 2
1582193109 2
1582193110 2
1582193111 2
1582193112 2
1582193113 2
1582193114 2
1582193115 2
1582193116 2
1582193117 2
1582193118 2
1582193119 3
1582193120 3
1582193121 3
1582193122 3
1582193123 3
1582193124 2
1582193125 2
1582193126 3
1582193127 3
1582193128 3
1582193129 4
