1572537553 3
1572537554 4
1572537555 3
1572537556 3
1572537557 2
1572538206 3
1572538207 3
1572538208 3
1572538209 3
1572538210 2
1572538866 3
1572538867 4
1572538868 3
1572538869 3
1572538870 2
1572539519 3
1572539520 3
1572539521 3
1572539522 3
1572539523 2
1572540166 3
1572540167 3
1572540168 3
1572540169 3
1572540170 3
1572541071 3
1572541072 3
1572541073 3
1572541074 3
1572541075 3
1572541725 3
1572541726 3
1572541727 3
1572541728 3
1572541729 3
1572542373 3
1572542374 3
1572542375 3
1572542376 3
1572542377 3
1572542378 2
1572543021 3
1572543022 3
1572543023 3
1572543024 3
1572543025 2
1572543686 3
1572543687 3
1572543688 3
1572543689 3
1572543690 2
