1573209050 3
1573209051 3
1573209052 3
1573209053 2
1573209054 2
1573209705 3
1573209706 3
1573209707 3
1573209708 2
1573209709 2
1573210381 3
1573210382 3
1573210383 3
1573210384 2
1573210385 2
1573211048 3
1573211049 3
1573211050 3
1573211051 3
1573211052 2
1573211053 2
1573211707 3
1573211708 3
1573211709 3
1573211710 3
1573211711 2
1573212355 3
1573212356 3
1573212357 3
1573212358 3
1573212359 3
1573213008 3
1573213009 3
1573213010 3
1573213011 3
1573213012 3
1573213013 2
1573213657 3
1573213658 3
1573213659 3
1573213660 3
1573213661 3
1573214329 3
1573214330 3
1573214331 3
1573214332 3
1573214333 2
1573214988 3
1573214989 3
1573214990 3
1573214991 2
1573214992 2
