1575114643 3
1575114644 2
1575114645 2
1575114646 2
1575114647 2
1575114648 2
1575114649 2
1575114953 3
1575114954 2
1575114955 2
1575114956 2
1575114957 2
1575114958 2
1575115263 2
1575115264 2
1575115265 2
1575115266 2
1575115267 2
1575115268 2
1575115572 2
1575115573 2
1575115574 3
1575115575 2
1575115576 2
1575115577 2
1575115886 2
1575115887 2
1575115888 2
1575115889 2
1575115890 2
1575115891 2
1575116197 2
1575116198 2
1575116199 4
1575116200 2
1575116201 2
1575116202 2
1575116508 2
1575116509 2
1575116510 2
1575116511 2
1575116512 2
1575116513 2
1575116817 2
1575116818 2
1575116819 2
1575116820 2
1575116821 2
1575116822 2
1575117126 2
1575117127 2
1575117128 2
1575117129 2
1575117130 2
1575117434 2
1575117435 2
1575117436 2
1575117437 2
1575117438 2
1575117439 2
1575120709 2
1575120710 2
1575120711 2
1575120712 2
1575120713 2
1575120714 2
1575121269 2
1575121270 2
1575121271 2
1575121272 2
1575121273 2
1575121274 2
1575122270 2
1575122271 2
1575122272 2
1575122273 2
1575122274 2
1575122275 2
1575122889 2
1575122890 2
1575122891 2
1575122892 2
1575122893 2
1575122894 2
1575123373 2
1575123374 2
1575123375 2
1575123376 2
1575123377 3
1575123378 2
1575123379 2
1575123380 2
1575123381 3
1575123382 3
1575123383 2
1575123384 2
1575123385 2
1575123386 2
1575123387 3
1575123388 4
1575123389 4
1575123390 5
1575123391 5
1575123392 3
1575123393 5
1575123394 3
1575123395 2
1575123396 2
1575123397 2
1575123398 3
1575123399 3
1575123400 3
1575123401 5
1575123402 7
1575123403 4
1575123404 4
1575123405 4
1575123406 2
1575123407 2
1575123408 3
1575123409 1
1575123410 1
1575123411 1
1575123412 1
1575123413 3
1575123414 3
1575123415 2
1575123416 2
1575123417 2
1575123418 2
1575123419 2
1575123421 1
1575123422 1
1575123423 1
1575123424 2
1575123425 2
1575123426 3
1575123427 3
1575123428 3
1575123429 4
1575123430 4
1575123431 3
1575123432 4
1575123433 5
1575123434 4
1575123435 5
1575123436 3
1575123437 3
1575123438 2
1575123439 3
1575123440 3
1575123441 4
1575123442 5
1575123443 3
1575123444 3
1575123445 3
1575123446 2
1575123447 2
1575123448 2
1575123449 2
1575123450 2
1575123451 2
1575124005 2
1575124006 2
1575124007 2
1575124008 2
1575124009 2
1575124010 2
1575124561 2
1575124562 2
1575124563 2
1575124564 2
1575124565 2
1575124566 2
1575125127 2
1575125128 2
1575125129 2
1575125130 2
1575125131 2
1575125132 2
1575125694 2
1575125695 2
1575125696 2
1575125697 2
1575125698 2
1575125699 2
1575126259 2
1575126260 2
1575126261 2
1575126262 2
1575126263 2
1575126264 2
