1579186562 2
1579186563 2
1579186564 2
1579186565 2
1579186566 2
1579186567 2
1579186910 3
1579186911 2
1579186912 2
1579186913 2
1579186914 2
1579186915 2
1579187920 2
1579187921 2
1579187922 2
1579187923 2
1579187924 2
1579187925 2
1579188252 3
1579188253 3
1579188254 2
1579188255 2
1579188256 2
1579188257 2
1579189233 2
1579189234 2
1579189235 2
1579189236 3
1579189237 2
1579189238 2
1579189239 2
1579189571 2
1579189572 2
1579189573 2
1579189574 2
1579189575 2
1579189576 2
1579189896 2
1579189897 2
1579189898 2
1579189899 2
1579189900 2
1579189901 2
1579190235 2
1579190236 2
1579190237 3
1579190238 2
1579190239 2
1579190240 2
1579191345 2
1579191346 2
1579191347 2
1579191348 2
1579191349 2
1579191350 2
1579191959 2
1579191960 2
1579191961 2
1579191962 2
1579191963 2
1579191964 2
1579192524 2
1579192525 2
1579192526 2
1579192527 2
1579192528 2
1579192529 2
1579193106 2
1579193107 2
1579193108 2
1579193109 2
1579193110 2
1579193111 2
1579193693 2
1579193694 2
1579193695 2
1579193696 2
1579193697 2
1579193698 2
1579194258 2
1579194259 2
1579194260 2
1579194261 2
1579194262 2
1579194263 2
1579194827 2
1579194828 2
1579194829 2
1579194830 2
1579194831 2
1579194832 2
1579195393 2
1579195394 2
1579195395 3
1579195396 2
1579195397 2
1579195982 2
1579195983 2
1579195984 2
1579195985 2
1579195986 2
1579195987 2
1579196543 3
1579196544 2
1579196545 2
1579196546 2
1579196547 2
1579196548 2
