1574688183 3.472236679
1574688500 3.453196688
1574689322 3.909596138
1574692195 3.445054496
1574692507 4.09121612
1574693424 3.136693566
1574693743 3.487071119
1574694072 3.532585882
1574694818 3.4069302
1574694882 49.046934506
1574695372 3.64014802
1574695715 3.50366156
1574696023 3.543456961
1574696749 3.464823557
1574697325 3.747728282
1574697919 3.451310375
1574698488 3.516058766
1574699076 3.503016222
1574706705 3.029436872
1574707339 3.407851299
1574708305 3.462088931
1574708603 3.491232907
1574708960 3.481791452
1574709173 3.407454414
1574709913 3.571184049
1574710516 3.286366689
1574711169 3.384084748
