1572003364 0.517331414
1572003364 0.0
1572003364 0.0
1572003364 0.0
1572003364 0.0
1572003364 0.0
1572003364 0.0
1572003364 0.0
1572003364 0.0
1572003364 0.0
1572003364 0.0
1572003364 0.0
1572003364 0.0
1572003364 0.0
1572003364 0.0
1572003364 0.0
1572003365 0.0
1572003365 0.0
1572003365 0.0
1572003365 0.0
1572003365 0.0
1572003365 0.0
1572003365 0.0
1572003365 0.0
1572003365 0.0
1572003365 0.0
1572003365 0.0
1572003365 0.0
1572003365 0.0
1572003365 0.0
1572003365 0.0
1572003365 0.0
1572003562 0.249578587
1572003563 0.0
1572003563 0.0
1572003563 0.0
1572003563 0.0
1572003563 0.0
1572003563 0.0
1572003563 0.0
1572003563 0.0
1572003563 0.0
1572003563 0.0
1572003563 0.0
1572003563 0.0
1572003563 0.0
1572003563 0.0
1572003563 0.0
1572003563 0.0
1572003563 0.0
1572003563 0.0
1572003563 0.0
1572003563 0.0
1572003563 0.0
1572003563 0.0
1572003563 0.0
1572003563 0.0
1572003563 0.0
1572003563 0.0
1572003563 0.0
1572003563 0.0
1572003563 0.0
1572003563 0.087301957
1572003563 0.0
1572003758 0.383212008
1572003759 0.0
1572003759 0.0
1572003759 0.0
1572003759 0.0
1572003759 0.0
1572003759 0.0
1572003759 0.0
1572003759 0.0
1572003759 0.0
1572003759 0.0
1572003759 0.0
1572003759 0.0
1572003759 0.0
1572003759 0.0
1572003759 0.0
1572003759 0.0
1572003759 0.0
1572003759 0.0
1572003759 0.0
1572003759 0.0
1572003759 0.0
1572003759 0.0
1572003759 0.0
1572003760 0.0
1572003760 0.0
1572003760 0.0
1572003760 0.0
1572003955 0.213696024
1572003955 0.0
1572003955 0.0
1572003955 0.0
1572003955 0.0
1572003955 0.0
1572003955 0.0
1572003955 0.0
1572003955 0.0
1572003955 0.0
1572003955 0.0
1572003955 0.0
1572003955 0.0
1572003955 0.0
1572003955 0.0
1572003955 0.0
1572003955 0.0
1572003955 0.0
1572003955 0.0
1572003955 0.0
1572003955 0.0
1572003955 0.0
1572003956 0.0
1572003956 0.0
1572003956 0.0
1572003956 0.0
1572003956 0.0
1572003956 0.0
1572003956 0.0
1572003956 0.120531839
1572004150 0.466661907
1572004150 0.0
1572004150 0.0
1572004150 0.0
1572004150 0.0
1572004150 0.0
1572004150 0.0
1572004150 0.0
1572004151 0.0
1572004151 0.0
1572004151 0.0
1572004151 0.0
1572004151 0.0
1572004151 0.0
1572004151 0.0
1572004151 0.0
1572004151 0.0
1572004151 0.0
1572004151 0.0
1572004151 0.0
1572004151 0.0
1572004151 0.0
1572004151 0.0
1572004151 0.0
1572004151 0.0
1572004151 0.0
1572004151 0.0
1572004151 0.0
1572004151 0.0
1572004151 0.0
1572004151 0.0
1572004346 0.554064498
1572004346 0.0
1572004346 0.0
1572004346 0.0
1572004346 0.0
1572004346 0.0
1572004346 0.0
1572004346 0.0
1572004346 0.0
1572004346 0.0
1572004347 0.0
1572004347 0.0
1572004347 0.0
1572004347 0.0
1572004347 0.0
1572004347 0.0
1572004347 0.0
1572004347 0.0
1572004347 0.0
1572004347 0.0
1572004347 0.0
1572004347 0.0
1572004543 0.0
1572004543 0.0
1572004543 0.0
1572004543 0.0
1572004543 0.0
1572004543 0.0
1572004543 0.0
1572004543 0.0
1572004543 0.0
1572004543 0.0
1572004543 0.0
1572004543 0.0
1572004543 0.0
1572004543 0.0
1572004543 0.0
1572004543 0.0
1572004543 0.0
1572004543 0.0
1572004543 0.0
1572004543 0.0
1572004543 0.0
1572004543 0.0
1572004544 0.0
1572004544 0.0
1572004544 0.0
1572004544 0.0
1572004544 0.0
1572004544 0.0
1572004544 0.0
1572004544 0.0
1572004544 0.0
1572004544 0.0
1572004544 0.0
1572004544 0.0
1572004544 0.0
1572004544 0.0
1572004544 0.0
1572004544 0.0
1572004544 0.0
1572004544 0.0
1572004544 0.0
1572004544 0.0
1572004544 0.0
1572004544 0.0
1572004544 0.0
1572004746 0.208662198
1572004746 0.0
1572004746 0.0
1572004746 0.0
1572004746 0.0
1572004746 0.0
1572004746 0.0
1572004746 0.0
1572004746 0.0
1572004746 0.0
1572004746 0.0
1572004746 0.0
1572004746 0.0
1572004746 0.0
1572004746 0.0
1572004746 0.0
1572004746 0.0
1572004746 0.0
1572004746 0.0
1572004746 0.0
1572004746 0.0
1572004746 0.0
1572004746 0.0
1572004746 0.0
1572004747 0.0
1572004747 0.0
1572004747 0.0
1572004747 0.0
1572004747 0.0
1572004747 0.0
1572004747 0.0
1572004747 0.0
1572004944 0.132929684
1572004944 0.0
1572004944 0.0
1572004944 0.0
1572004944 0.0
1572004944 0.0
1572004944 0.0
1572004944 0.0
1572004944 0.0
1572004944 0.0
1572004944 0.0
1572004944 0.0
1572004945 0.0
1572004945 0.0
1572004945 0.0
1572004945 0.0
1572004945 0.0
1572004945 0.0
1572004945 0.0
1572004945 0.0
1572004945 0.0
1572004945 0.0
1572004945 0.0
1572004945 0.0
1572004945 0.0
1572004945 0.0
1572004945 0.0
1572004945 0.0
1572005140 0.209024681
1572005140 0.0
1572005140 0.0
1572005140 0.0
1572005140 0.0
1572005140 0.0
1572005140 0.0
1572005140 0.0
1572005140 0.0
1572005140 0.0
1572005140 0.0
1572005140 0.0
1572005140 0.0
1572005140 0.0
1572005140 0.0
1572005141 0.0
1572005141 0.0
1572005141 0.0
1572005141 0.0
1572005141 0.0
1572005141 0.0
1572005141 0.0
1572005141 0.0
1572005141 0.0
1572005141 0.0
1572005141 0.0
1572005141 0.0
1572005141 0.0
1572005141 0.0
1572005141 0.044151337
1572005141 0.0
1572005141 0.0
1572005141 0.0
1572005141 0.0
1572005141 0.0
1572011343 0.301584002
1572011344 0.0
1572011344 0.0
1572011344 0.0
1572011344 0.0
1572011344 0.0
1572011344 0.0
1572011344 0.0
1572011344 0.0
1572011344 0.0
1572011344 0.0
1572011344 0.0
1572011344 0.0
1572011344 0.0
1572011344 0.0
1572011344 0.0
1572011344 0.0
1572011344 0.0
1572011344 0.0
1572011344 0.0
1572011344 0.0
1572011344 0.0
1572011344 0.0
1572011344 0.0
1572011344 0.0
1572011344 0.0
1572011344 0.0
1572011344 0.0
1572011344 0.0
1572011344 0.0
1572011344 0.0
1572011344 0.065048726
1572011538 0.301409155
1572011539 0.0
1572011539 0.0
1572011539 0.0
1572011539 0.0
1572011539 0.0
1572011539 0.0
1572011539 0.0
1572011539 0.0
1572011539 0.0
1572011539 0.0
1572011539 0.0
1572011539 0.0
1572011539 0.0
1572011539 0.0
1572011539 0.0
1572011539 0.0
1572011539 0.0
1572011539 0.0
1572011539 0.0
1572011539 0.0
1572011539 0.0
1572011539 0.0
1572011539 0.0
1572011539 0.0
1572011539 0.045423375
1572011738 0.20884551
1572011738 0.0
1572011738 0.0
1572011738 0.0
1572011738 0.0
1572011738 0.0
1572011738 0.0
1572011738 0.0
1572011738 0.0
1572011738 0.0
1572011738 0.0
1572011738 0.0
1572011738 0.0
1572011739 0.0
1572011739 0.0
1572011739 0.0
1572011739 0.0
1572011739 0.0
1572011739 0.0
1572011739 0.0
1572011739 0.0
1572011739 0.0
1572011739 0.0
1572011739 0.0
1572011739 0.0
1572011739 0.0
1572011739 0.0
1572011739 0.0
1572011739 0.0
1572011739 0.0
1572011932 0.550320082
1572011932 0.0
1572011932 0.0
1572011932 0.0
1572011932 0.0
1572011932 0.176103532
1572012129 0.47131205
1572012130 0.050519744
1572012130 0.0
1572012130 0.0
1572012130 0.0
1572012130 0.0
1572012130 0.0
1572012130 0.0
1572012130 0.0
1572012130 0.0
1572012130 0.0
1572012130 0.0
1572012130 0.0
1572012130 0.0
1572012130 0.0
1572012130 0.0
1572012130 0.0
1572012130 0.0
1572012130 0.0
1572012130 0.0
1572012130 0.0
1572012130 0.0
1572012130 0.0
1572012130 0.0
1572012130 0.0
1572012130 0.0
1572012130 0.0
1572012130 0.0
1572012130 0.0
1572012130 0.0
1572012130 0.0
1572012130 0.0
1572012130 0.0
1572012130 0.0
1572012130 0.0
1572012130 0.0
1572012325 0.086831482
1572012325 0.0
1572012325 0.034627377
1572012325 0.0
1572012325 0.0
1572012325 0.0
1572012325 0.0
1572012326 0.0
1572012326 0.0
1572012326 0.0
1572012326 0.0
1572012326 0.0
1572012326 0.0
1572012326 0.0
1572012326 0.0
1572012326 0.0
1572012326 0.0
1572012326 0.0
1572012326 0.0
1572012326 0.0
1572012326 0.0
1572012326 0.0
1572012326 0.0
1572012326 0.0
1572012326 0.0
1572012326 0.0
1572012326 0.0
1572012326 0.0
1572012326 0.0
1572012326 0.0
1572012521 0.296418963
1572012521 0.0
1572012521 0.0
1572012521 0.0
1572012521 0.0
1572012521 0.0
1572012521 0.0
1572012521 0.0
1572012521 0.0
1572012521 0.0
1572012521 0.0
1572012521 0.0
1572012521 0.0
1572012521 0.0
1572012521 0.0
1572012521 0.0
1572012521 0.0
1572012521 0.0
1572012521 0.0
1572012521 0.0
1572012521 0.0
1572012521 0.0
1572012522 0.0
1572012522 0.0
1572012522 0.0
1572012522 0.0
1572012522 0.0
1572012522 0.0
1572012522 0.0
1572012522 0.040507567
1572012522 0.0
1572012714 0.075715693
1572012714 0.0
1572012714 0.0
1572012714 0.0
1572012714 0.0
1572012714 0.0
1572012714 0.0
1572012714 0.0
1572012714 0.0
1572012714 0.0
1572012714 0.0
1572012714 0.0
1572012714 0.0
1572012714 0.0
1572012714 0.0
1572012714 0.0
1572012714 0.0
1572012714 0.0
1572012714 0.0
1572012714 0.0
1572012714 0.0
1572012714 0.0
1572012714 0.0
1572012714 0.0
1572012714 0.0
1572012714 0.0
1572012714 0.0
1572012714 0.0
1572012714 0.0
1572012714 0.0
1572012715 0.0
1572012715 0.0
1572012715 0.0
1572012715 0.0
1572012715 0.0
1572012715 0.0
1572012909 0.474654895
1572012909 0.0
1572012909 0.0
1572012909 0.0
1572012909 0.0
1572012909 0.0
1572012909 0.0
1572012909 0.0
1572012909 0.0
1572012909 0.0
1572012909 0.0
1572012909 0.0
1572012909 0.0
1572012909 0.0
1572012909 0.0
1572012909 0.0
1572012909 0.0
1572012909 0.0
1572012909 0.0
1572012910 0.0
1572012910 0.0
1572012910 0.0
1572012910 0.0
1572012910 0.0
1572012910 0.0
1572012910 0.0
1572012910 0.0
1572012910 0.0
1572013103 0.592196414
1572013104 0.0
1572013104 0.0
1572013104 0.0
1572013104 0.0
1572013104 0.0
1572013104 0.0
1572013104 0.0
1572013104 0.0
1572013104 0.0
1572013104 0.0
1572013104 0.0
1572013104 0.0
1572013104 0.0
1572013104 0.0
1572013104 0.0
1572013104 0.0
1572013104 0.0
1572013104 0.0
1572013104 0.0
1572013104 0.0
1572013104 0.0
1572013104 0.0
1572013104 0.0
1572013104 0.0
1572013104 0.044665545
1572013104 0.0
1572013104 0.0
1572013104 0.0
