1572965487 0.163994221
1572965487 0.0
1572965487 0.0
1572965487 0.0
1572965487 0.0
1572965487 0.0
1572965487 0.0
1572965487 0.0
1572965487 0.0
1572965488 0.0
1572965488 0.0
1572965488 0.0
1572965488 0.0
1572965488 0.0
1572965488 0.0
1572965488 0.0
1572965488 0.0
1572965488 0.0
1572965488 0.0
1572965488 0.0
1572965488 0.0
1572965488 0.0
1572965488 0.0
1572965488 0.0
1572965488 0.0
1572965488 0.0
1572965654 0.131918785
1572965655 0.0
1572965655 0.0
1572965655 0.0
1572965655 0.0
1572965655 0.0
1572965655 0.0
1572965655 0.0
1572965655 0.0
1572965655 0.0
1572965655 0.0
1572965655 0.0
1572965655 0.0
1572965655 0.0
1572965655 0.0
1572965655 0.0
1572965655 0.0
1572965655 0.0
1572965655 0.0
1572965655 0.0
1572965655 0.0
1572965655 0.0
1572965655 0.0
1572965655 0.0
1572965655 0.0
1572965655 0.0
1572965655 0.0
1572965655 0.0
1572965655 0.0
1572965655 0.0
1572965655 0.0
1572965655 0.0
1572965655 0.0
1572965824 0.086979395
1572965824 0.0
1572965824 0.0
1572965824 0.0
1572965824 0.0
1572965824 0.0
1572965824 0.0
1572965824 0.0
1572965824 0.0
1572965824 0.0
1572965824 0.0
1572965824 0.0
1572965824 0.0
1572965824 0.0
1572965824 0.0
1572965824 0.0
1572965824 0.0
1572965824 0.0
1572965824 0.0
1572965824 0.0
1572965824 0.0
1572965824 0.0
1572965824 0.0
1572965824 0.0
1572965825 0.0
1572965825 0.0
1572965825 0.0
1572965825 0.0
1572965825 0.0
1572965825 0.0
1572965825 0.0
1572965825 0.0
1572965825 0.0
1572965825 0.0
1572965825 0.0
1572965825 0.0
1572965825 0.0
1572965825 0.0
1572965987 0.29604197
1572965988 0.0
1572965988 0.0
1572965988 0.0
1572965988 0.0
1572965988 0.0
1572965988 0.0
1572965988 0.0
1572965988 0.0
1572965988 0.0
1572965988 0.0
1572965988 0.0
1572965988 0.0
1572965988 0.0
1572965988 0.0
1572965988 0.0
1572965988 0.0
1572965988 0.0
1572965988 0.0
1572965988 0.0
1572965988 0.078637618
1572966160 0.0
1572966160 0.0
1572966160 0.0
1572966160 0.0
1572966160 0.0
1572966160 0.0
1572966160 0.0
1572966160 0.0
1572966160 0.0
1572966160 0.0
1572966160 0.0
1572966160 0.0
1572966160 0.0
1572966160 0.0
1572966160 0.0
1572966160 0.0
1572966160 0.0
1572966160 0.0
1572966161 0.0
1572966161 0.0
1572966161 0.0
1572966161 0.0
1572966161 0.0
1572966161 0.0
1572966161 0.0
1572966161 0.0
1572966161 0.0
1572966161 0.0
1572966161 0.0
1572966161 0.0
1572966161 0.0
1572966161 0.0
1572966161 0.0
1572966161 0.0
1572966331 0.61963796
1572966332 0.0
1572966332 0.0
1572966332 0.0
1572966332 0.0
1572966332 0.0
1572966332 0.0
1572966332 0.0
1572966332 0.0
1572966332 0.0
1572966332 0.0
1572966332 0.0
1572966332 0.0
1572966332 0.0
1572966332 0.0
1572966332 0.0
1572966332 0.0
1572966498 0.423668464
1572966498 0.043256767
1572966498 0.0
1572966499 0.0
1572966499 0.0
1572966499 0.0
1572966499 0.0
1572966499 0.0
1572966499 0.0
1572966499 0.0
1572966499 0.0
1572966499 0.0
1572966499 0.0
1572966499 0.0
1572966499 0.0
1572966499 0.0
1572966499 0.0
1572966499 0.0
1572966499 0.0
1572966499 0.0
1572966499 0.0
1572966499 0.0
1572966499 0.0
1572966499 0.0
1572966499 0.0
1572966499 0.0
1572966499 0.0
1572966499 0.0
1572966499 0.0
1572966689 0.534249303
1572966690 0.0
1572966690 0.0
1572966690 0.0
1572966690 0.0
1572966690 0.0
1572966690 0.0
1572966690 0.0
1572966860 0.16504236
1572966860 0.0
1572966860 0.0
1572966861 0.0
1572966861 0.0
1572966861 0.0
1572966861 0.0
1572966861 0.0
1572966861 0.0
1572966861 0.0
1572966861 0.0
1572966861 0.0
1572966861 0.0
1572966861 0.0
1572966861 0.0
1572966861 0.0
1572966861 0.0
1572966861 0.0
1572966861 0.0
1572966861 0.0
1572966861 0.0
1572966861 0.0
1572966861 0.0
1572966861 0.0
1572966861 0.0
1572966861 0.0
1572966861 0.0
1572966861 0.0
1572966861 0.0
1572966861 0.0
1572966861 0.0
1572967025 0.0
1572967025 0.0
1572967025 0.0
1572967025 0.0
1572967025 0.0
1572967025 0.0
1572967025 0.0
1572967025 0.0
1572967025 0.0
1572967025 0.0
1572967025 0.0
1572967025 0.0
1572967025 0.0
1572967025 0.0
1572967025 0.0
1572967025 0.0
1572967025 0.0
1572967025 0.0
1572967025 0.0
1572967025 0.0
1572967025 0.0
1572967025 0.0
1572967025 0.0
1572967025 0.0
1572967025 0.0
1572967025 0.0
1572967025 0.0
1572967025 0.0
1572967025 0.0
1572967025 0.0
1572967025 0.0
1572967025 0.0
1572967025 0.0
1572967026 0.0
