1575112916 0.134429556
1575112916 0.0
1575112916 0.0
1575112916 0.0
1575112916 0.0
1575112916 0.0
1575112916 0.0
1575112916 0.0
1575112916 0.0
1575112916 0.0
1575112916 0.0
1575112916 0.0
1575112916 0.0
1575112916 0.0
1575112916 0.0
1575112916 0.0
1575112916 0.0
1575112916 0.0
1575112917 0.0
1575112917 0.0
1575112917 0.0
1575112917 0.0
1575112917 0.0
1575112917 0.0
1575112917 0.044560816
1575112917 0.0
1575112917 0.0
1575113081 0.235516495
1575113081 0.0
1575113081 0.055024872
1575113081 0.0
1575113081 0.0
1575113081 0.0
1575113081 0.0
1575113081 0.0
1575113081 0.0
1575113081 0.0
1575113081 0.0
1575113081 0.0
1575113081 0.0
1575113081 0.0
1575113081 0.0
1575113081 0.0
1575113082 0.0
1575113082 0.0
1575113082 0.0
1575113082 0.0
1575113082 0.0
1575113082 0.0
1575113082 0.0
1575113082 0.0
1575113082 0.0
1575113082 0.0
1575113239 0.105000655
1575113240 0.088378652
1575113240 0.0
1575113240 0.0
1575113240 0.0
1575113240 0.0
1575113240 0.0
1575113240 0.0
1575113240 0.0
1575113240 0.0
1575113240 0.0
1575113240 0.0
1575113240 0.0
1575113240 0.0
1575113240 0.0
1575113240 0.0
1575113240 0.0
1575113240 0.0
1575113240 0.0
1575113240 0.0
1575113240 0.0
1575113398 0.216749049
1575113399 0.178102082
1575113399 0.0
1575113399 0.028385024
1575113399 0.0
1575113399 0.0
1575113399 0.0
1575113399 0.0
1575113399 0.0
1575113399 0.051573777
1575113399 0.0
1575113559 0.297621464
1575113560 0.086508145
1575113560 0.0
1575113560 0.0
1575113560 0.0
1575113560 0.0
1575113560 0.0
1575113560 0.0
1575113560 0.0
1575113560 0.0
1575113560 0.0
1575113716 0.0
1575113716 0.0
1575113716 0.0
1575113716 0.0
1575113716 0.0
1575113716 0.0
1575113716 0.0
1575113716 0.0
1575113716 0.0
1575113716 0.0
1575113716 0.0
1575113716 0.0
1575113716 0.0
1575113716 0.0
1575113716 0.0
1575113717 0.0
1575113717 0.0
1575113717 0.0
1575113717 0.0
1575113717 0.0
1575113717 0.0
1575113717 0.0
1575113717 0.0
1575113717 0.0
1575113717 0.0
1575113717 0.0
1575113717 0.0
1575113717 0.0
1575113717 0.0
1575113717 0.0
1575113717 0.0
1575113717 0.0
1575113717 0.0
1575113873 0.08112084
1575113873 0.0
1575113873 0.0
1575113873 0.0
1575113873 0.0
1575113873 0.0
1575113873 0.0
1575113873 0.0
1575113873 0.0
1575113873 0.0
1575113873 0.0
1575113873 0.0
1575113873 0.0
1575113873 0.0
1575113873 0.0
1575113873 0.0
1575113873 0.0
1575113873 0.0
1575113873 0.0
1575113873 0.0
1575114198 0.286673525
1575114199 0.0
1575114199 0.0
1575114199 0.0
1575114199 0.0
1575114199 0.0
1575114199 0.0
1575114199 0.0
1575114199 0.0
1575114199 0.0
1575114199 0.0
1575114199 0.0
1575114199 0.0
1575114199 0.0
1575114199 0.0
1575114199 0.0
1575114199 0.0
1575114199 0.0
1575114199 0.0
1575114199 0.0
1575114199 0.0
1575114199 0.0
1575114199 0.0
1575114199 0.0
1575114199 0.0
1575114199 0.0
1575114354 0.208501528
