1573301226 0.163673132
1573301226 0.0
1573301227 0.0
1573301227 0.0
1573301227 0.0
1573301227 0.0
1573301227 0.0
1573301227 0.0
1573301227 0.0
1573301227 0.0
1573301227 0.0
1573301227 0.0
1573301227 0.0
1573301227 0.0
1573301227 0.0
1573301227 0.0
1573301227 0.0
1573301227 0.0
1573301227 0.0
1573301227 0.0
1573301227 0.0
1573301227 0.0
1573301227 0.0
1573301227 0.0
1573301227 0.0
1573301396 0.381289355
1573301396 0.0
1573301396 0.0
1573301396 0.0
1573301396 0.0
1573301397 0.0
1573301397 0.0
1573301397 0.0
1573301397 0.0
1573301397 0.0
1573301397 0.0
1573301397 0.0
1573301397 0.0
1573301397 0.0
1573301397 0.0
1573301397 0.0
1573301397 0.0
1573301397 0.0
1573301397 0.0
1573301577 0.189535485
1573301577 0.0
1573301577 0.0
1573301577 0.0
1573301577 0.0
1573301577 0.0
1573301577 0.0
1573301577 0.0
1573301577 0.0
1573301577 0.0
1573301577 0.0
1573301577 0.0
1573301577 0.0
1573301577 0.0
1573301577 0.0
1573301577 0.0
1573301577 0.0
1573301577 0.0
1573301577 0.0
1573301577 0.0
1573301577 0.0
1573301577 0.0
1573301578 0.0
1573301578 0.044109442
1573301761 0.220278268
1573301761 0.0
1573301761 0.0
1573301761 0.0
1573301761 0.0
1573301761 0.0
1573301761 0.0
1573301761 0.0
1573301761 0.0
1573301761 0.0
1573301761 0.0
1573301762 0.0
1573301762 0.0
1573301762 0.0
1573301762 0.0
1573301762 0.0
1573301762 0.0
1573301762 0.0
1573301762 0.0
1573301762 0.0
1573301762 0.0
1573301762 0.0
1573301762 0.0
1573301762 0.0
1573301762 0.0
1573301762 0.0
1573301762 0.0
1573301762 0.0
1573301762 0.0
1573301762 0.0
1573301762 0.0
1573301933 0.159310644
1573301933 0.0
1573301933 0.0
1573301933 0.0
1573301933 0.0
1573301933 0.0
1573301933 0.0
1573301933 0.0
1573301933 0.0
1573301933 0.0
1573301933 0.0
1573301933 0.0
1573301933 0.0
1573301933 0.0
1573301933 0.0
1573301933 0.0
1573301933 0.0
1573301933 0.0
1573301933 0.0
1573301933 0.0
1573301933 0.0
1573301933 0.0
1573301933 0.0
1573301934 0.08713057
1573302107 0.132034671
1573302107 0.0
1573302108 0.0
1573302108 0.0
1573302108 0.0
1573302108 0.0
1573302108 0.0
1573302108 0.0
1573302108 0.0
1573302108 0.0
1573302108 0.0
1573302108 0.0
1573302108 0.0
1573302108 0.0
1573302108 0.0
1573302108 0.0
1573302108 0.0
1573302108 0.0
1573302108 0.0
1573302108 0.0
1573302108 0.0
1573302108 0.0
1573302108 0.0
1573302108 0.0
1573302108 0.0
1573302108 0.0
1573302108 0.0
1573302108 0.0
1573302108 0.0
1573302108 0.0
1573302283 0.090286389
1573302284 0.0
1573302284 0.0
1573302284 0.0
1573302284 0.0
1573302284 0.0
1573302284 0.0
1573302284 0.0
1573302284 0.0
1573302284 0.0
1573302284 0.0
1573302284 0.0
1573302284 0.0
1573302284 0.0
1573302284 0.0
1573302284 0.0
1573302284 0.0
1573302284 0.0
1573302284 0.0
1573302284 0.0
1573302284 0.0
1573302284 0.0
1573302284 0.0
1573302284 0.0
1573302284 0.0
1573302284 0.0
1573302284 0.0
1573302284 0.0
1573302284 0.0
1573302284 0.0
1573302451 0.387851245
1573302451 0.0
1573302451 0.044641054
1573302451 0.0
1573302451 0.0
1573302451 0.0
1573302451 0.0
1573302451 0.0
1573302451 0.0
1573302451 0.0
1573302451 0.0
1573302451 0.0
1573302451 0.0
1573302451 0.0
1573302451 0.0
1573302451 0.0
1573302452 0.0
1573302452 0.0
1573302452 0.0
1573302452 0.0
1573302452 0.0
1573302618 0.120687359
1573302618 0.0
1573302618 0.0
1573302618 0.105221209
1573302618 0.040691481
1573302618 0.0
1573302618 0.0
1573302618 0.0
1573302618 0.0
1573302618 0.0
1573302618 0.0
1573302618 0.0
1573302618 0.0
1573302618 0.0
1573302618 0.0
1573302618 0.0
1573302618 0.0
1573302618 0.0
1573302618 0.0
1573302618 0.0
1573302618 0.0
1573302618 0.0
1573302618 0.0
1573302618 0.0
1573302618 0.0
1573302618 0.0
1573302619 0.0
1573302619 0.043655859
1573302619 0.0
1573302805 0.434895148
1573302805 0.0
1573302805 0.064003395
1573302806 0.0
1573302806 0.0
1573302806 0.0
1573302806 0.0
1573302806 0.0
1573302806 0.0
1573302806 0.0
1573302806 0.0
1573302806 0.0
1573302806 0.0
1573302806 0.0
1573302806 0.0
1573302806 0.0
1573302806 0.0
1573303935 0.133103457
1573303936 0.0
1573303936 0.0
1573303936 0.0
1573303936 0.0
1573303936 0.0
1573303936 0.0
1573303936 0.0
1573303936 0.0
1573303936 0.0
1573303936 0.0
1573303936 0.0
1573303936 0.0
1573303936 0.0
1573303936 0.0
1573303936 0.0
1573303936 0.0
1573303936 0.0
1573303936 0.0
1573303936 0.0
1573303936 0.0
1573303936 0.0
1573303936 0.0
1573303936 0.0
1573303936 0.0
1573303936 0.0
1573303936 0.0
1573303936 0.0
1573303936 0.0
1573303936 0.0
1573304098 0.107828733
1573304098 0.0
1573304098 0.0
1573304099 0.0
1573304099 0.0
1573304099 0.0
1573304099 0.0
1573304099 0.0
1573304099 0.0
1573304099 0.0
1573304099 0.0
1573304099 0.0
1573304099 0.0
1573304099 0.0
1573304099 0.0
1573304099 0.0
1573304099 0.0
1573304099 0.0
1573304099 0.0
1573304099 0.0
1573304099 0.0
1573304099 0.0
1573304099 0.0
1573304099 0.0
1573304099 0.0
1573304099 0.0
1573304099 0.0
1573304099 0.0
1573304099 0.0
1573304099 0.0
1573304258 0.076904789
1573304259 0.0
1573304259 0.0
1573304259 0.0
1573304259 0.0
1573304259 0.0
1573304259 0.0
1573304259 0.0
1573304259 0.0
1573304259 0.0
1573304259 0.0
1573304259 0.0
1573304259 0.0
1573304259 0.0
1573304259 0.0
1573304259 0.0
1573304259 0.0
1573304259 0.0
1573304259 0.0
1573304259 0.0
1573304259 0.0
1573304259 0.0
1573304259 0.0
1573304259 0.0
1573304259 0.0
1573304259 0.0
1573304259 0.0
1573304259 0.0
1573304259 0.0
1573304259 0.0
1573304259 0.0
1573304259 0.0
1573304259 0.0
1573304259 0.0
1573304260 0.0
1573304260 0.0
1573304425 0.175179383
1573304425 0.0
1573304425 0.0
1573304425 0.0
1573304425 0.0
1573304425 0.0
1573304425 0.0
1573304425 0.0
1573304425 0.0
1573304425 0.0
1573304425 0.0
1573304425 0.0
1573304425 0.0
1573304425 0.0
1573304425 0.0
1573304425 0.0
1573304425 0.0
1573304425 0.0
1573304425 0.0
1573304426 0.0
1573304426 0.0
1573304426 0.0
1573304426 0.0
1573304426 0.0
1573304426 0.0
1573304426 0.0
1573304426 0.0
1573304426 0.0
1573304426 0.0
1573304426 0.0
1573304426 0.0
1573304426 0.0
1573304426 0.0
1573304426 0.0
1573304751 0.258190983
1573304752 0.0
1573304752 0.0
1573304752 0.0
1573304752 0.0
1573304752 0.0
1573304752 0.0
1573304752 0.0
1573304752 0.0
1573304752 0.0
1573304752 0.0
1573304752 0.0
1573304752 0.0
1573304752 0.0
1573304752 0.0
1573304752 0.0
1573304752 0.0
1573304752 0.0
1573304752 0.0
1573304752 0.0
1573304752 0.0
1573304752 0.0
1573304752 0.0
1573304752 0.0
1573304752 0.0
1573304752 0.0
1573304752 0.0
1573304752 0.0
1573304910 0.217306687
1573304910 0.0
1573304910 0.0
1573304910 0.0
1573304910 0.0
1573304910 0.0
1573304910 0.0
1573304911 0.0
1573304911 0.0
1573304911 0.0
1573304911 0.0
1573304911 0.0
1573304911 0.0
1573304911 0.0
1573304911 0.0
1573304911 0.0
1573304911 0.0
1573304911 0.0
1573304911 0.0
1573304911 0.0
1573304911 0.0
1573304911 0.0
1573304911 0.0
1573304911 0.0
1573304911 0.0
1573305070 0.538972621
1573305071 0.0
1573305071 0.0
1573305071 0.0
1573305071 0.0
1573305071 0.0
1573305071 0.0
1573305071 0.080055174
1573305071 0.0
1573305071 0.0
1573305233 0.397849771
1573305234 0.0
1573305234 0.0
1573305234 0.0
1573305234 0.0
1573305234 0.0
1573305234 0.0
1573305234 0.0
1573305234 0.0
1573305234 0.0
1573305234 0.0
1573305234 0.0
1573305234 0.0
1573305234 0.0
1573305234 0.0
1573305234 0.0
1573305234 0.0
1573305234 0.0
1573305234 0.0
1573305234 0.0
1573305234 0.0
1573305393 0.680764675
1573305393 0.0
1573305393 0.0
1573305393 0.050000392
1573305393 0.0
1573305393 0.080325779
