1573300433 2
1573300434 2
1573300435 2
1573300436 2
1573300437 2
1573300438 2
1573300439 2
1573300440 2
1573300441 2
1573300442 2
1573300443 2
1573300444 2
1573300445 2
1573300446 2
1573300447 2
1573300448 2
1573300449 2
1573300450 2
1573300451 2
1573300452 2
1573300453 2
1573300454 2
1573300455 2
1573300456 2
1573300457 2
1573300458 2
1573300459 2
1573300460 2
1573300461 2
1573300462 2
1573300463 2
1573300464 2
1573300465 2
1573300466 2
1573300467 2
1573300468 2
1573300469 2
1573300470 2
1573300471 2
1573300472 2
1573300473 2
1573300474 2
1573300475 2
1573300476 2
1573300477 2
1573300478 2
1573300479 2
1573300480 2
1573300481 2
1573300482 2
1573300483 2
1573300484 2
1573300485 2
1573300486 2
1573300487 2
1573300488 2
1573300489 2
1573300490 2
1573300491 2
1573300492 2
1573300493 2
1573300494 2
1573300495 2
1573300496 2
1573300497 2
1573300498 2
1573300499 2
1573300500 2
1573300501 2
1573300502 2
1573300503 2
1573300504 2
1573300505 2
1573300506 2
1573300507 2
1573300508 2
1573300509 2
1573300510 2
1573300511 2
1573300512 2
1573300513 2
1573300514 2
1573300515 2
1573300516 2
1573300517 2
1573300518 2
1573300519 2
1573300520 2
1573300521 2
1573300522 2
1573300523 2
1573300524 2
1573300525 2
1573300526 2
1573300527 2
1573300528 2
1573300529 2
1573300530 2
1573300531 2
1573300532 2
1573300533 2
1573300534 2
1573300535 2
1573300536 2
1573300537 2
1573300538 2
1573300539 2
1573300540 2
1573300541 2
1573300542 2
1573300543 2
1573300544 2
1573300545 2
1573300546 2
1573300547 2
1573300548 2
1573300549 2
1573300550 2
1573300551 2
1573300552 2
1573300553 2
1573300554 2
1573300555 2
1573300556 2
1573300557 2
1573300558 2
1573300559 2
1573300560 2
1573300561 2
1573300562 2
1573300563 2
1573300564 2
1573300565 2
1573300566 2
1573300567 2
1573300568 2
1573300569 2
1573300570 2
1573300571 2
1573300572 2
1573300573 2
1573300574 2
1573300575 2
1573300576 2
1573300577 2
1573300578 2
1573300579 2
1573300580 2
1573300581 2
1573300582 2
1573300583 2
1573300584 2
1573300585 2
1573300586 2
1573300587 2
1573300588 2
1573300589 2
1573300590 2
1573300591 2
1573300592 2
1573300593 2
1573300594 2
1573300595 2
1573300596 2
1573300597 2
1573300598 2
1573300599 2
1573300600 2
1573300601 2
1573300602 2
1573300603 2
1573300604 2
1573300605 2
1573300606 2
1573300607 2
1573300608 2
1573300609 2
1573300610 2
1573300611 2
1573300612 2
1573300613 2
1573300614 2
1573300615 2
1573300616 2
1573300617 2
1573300618 2
1573300619 2
1573300620 2
1573300621 2
1573300622 2
1573300623 2
1573300624 2
1573300625 2
1573300626 2
1573300627 2
1573300628 2
1573300629 2
1573300630 2
1573300631 2
1573300632 2
1573300633 2
1573300634 2
1573300635 2
1573300636 2
1573300637 2
1573300638 2
1573300639 2
1573300640 2
1573300641 2
1573300642 2
1573300643 2
1573300644 2
1573300645 2
1573300646 2
1573300647 2
1573300648 2
1573300649 2
1573300650 2
1573300651 2
1573300652 2
1573300653 2
1573300654 2
1573300655 2
1573300656 2
1573300657 2
1573300658 2
1573300659 2
1573300660 2
1573300661 2
1573300662 2
1573300663 2
1573300664 2
1573300665 2
1573300666 2
1573300667 2
1573300668 2
1573300669 2
1573300670 2
1573300671 2
1573300672 2
1573300673 2
1573300674 2
1573300675 2
1573300676 2
1573300677 2
1573300678 2
1573300679 2
1573300680 2
1573300681 2
1573300682 2
1573300683 2
1573300684 2
1573300685 2
1573300686 2
1573300687 2
1573300688 2
1573300689 2
1573300690 2
1573300691 2
1573300692 2
1573300693 2
1573300694 2
1573300695 2
1573300696 2
1573300697 2
1573300698 2
1573300699 2
1573300700 2
1573300701 2
1573300702 2
1573300703 2
1573300704 2
1573300705 2
1573300706 2
1573300707 2
1573300708 2
1573300709 2
1573300710 2
1573300711 2
1573300712 2
1573300713 2
1573300714 2
1573300715 2
1573300716 2
1573300717 2
1573300718 2
1573300719 2
1573300720 2
1573300721 2
1573300722 2
1573300723 2
1573300724 2
1573300725 2
1573300726 2
1573300727 2
1573300728 2
1573300729 2
1573300730 2
1573300731 2
1573300732 2
1573300733 2
1573300734 2
1573300735 2
1573300736 2
1573300737 2
1573300738 2
1573300739 2
1573300740 2
1573300741 2
1573300742 2
1573300743 1
1573300744 1
1573300745 1
1573300746 1
1573300747 1
1573300748 1
1573300749 1
1573300750 1
1573300751 1
1573300752 1
1573300753 1
1573300754 1
1573300755 1
1573300756 1
1573300757 1
1573300758 1
1573300759 1
1573300760 1
1573300761 1
1573300762 1
1573300763 1
1573300764 1
1573300765 1
1573300766 1
1573300767 1
1573300768 1
1573300769 1
1573300770 1
1573300771 1
1573300772 1
1573300773 1
1573300774 1
1573300775 1
1573300776 1
1573300777 1
1573300778 1
1573300779 1
1573300780 1
1573300781 1
1573300782 1
1573300783 1
1573300784 1
1573300785 1
1573300786 1
1573300787 1
1573300788 1
1573300789 1
1573300790 1
1573300791 1
1573300792 1
1573300793 1
1573300794 1
1573300795 1
1573300796 1
1573300797 1
1573300798 1
1573300799 1
1573300800 1
1573300801 1
1573300802 1
1573300803 1
1573300804 1
1573300805 1
1573300806 1
1573300807 1
1573300808 1
1573300809 1
1573300810 1
1573300811 1
1573300812 1
1573300813 1
1573300814 1
1573300815 1
1573300816 1
1573300817 1
1573300818 1
1573300819 1
1573300820 1
1573300821 1
1573300822 1
1573300823 1
1573300824 1
1573300825 1
1573300826 1
1573300827 1
1573300828 1
1573300829 1
1573300830 1
1573300831 1
1573300832 1
1573300833 1
1573300834 1
1573300835 1
1573300836 1
1573300837 1
1573300838 1
1573300839 1
1573300840 1
1573300841 1
1573300842 1
1573300843 1
1573300844 1
1573300845 1
1573300846 1
1573300847 1
1573300848 1
1573300849 1
1573300850 1
1573300851 1
1573300852 1
1573300853 1
1573300854 1
1573300855 1
1573300856 1
1573300857 1
1573300858 1
1573300859 1
1573300860 2
1573300861 2
1573300862 2
1573300863 2
1573300864 2
1573300865 2
1573300866 2
1573300867 3
1573300868 2
1573300869 3
1573300870 4
1573300871 3
1573300872 3
1573300873 3
1573300874 3
1573300875 2
1573300876 2
1573300877 2
1573300878 2
1573300879 2
1573300880 2
1573300881 2
1573300882 2
1573300883 2
1573300884 2
1573300885 2
1573300886 2
1573300887 2
1573300888 2
1573300889 2
1573300890 2
1573300891 2
1573300892 3
1573300893 2
1573300894 2
1573300895 2
1573300896 2
1573300897 2
1573300898 2
1573300899 2
1573300900 2
1573300901 2
1573300902 2
1573300903 2
1573300904 2
1573300905 2
1573300906 2
1573300907 2
1573300908 2
1573300909 2
1573300910 2
1573300911 2
1573300912 2
1573300913 2
1573300914 2
1573300915 2
1573300916 2
1573300917 2
1573300918 2
1573300919 2
1573300920 2
1573300921 2
1573300922 2
1573300923 2
1573300924 2
1573300925 2
1573300926 2
1573300927 2
1573300928 2
1573300929 2
1573300930 2
1573300931 2
1573300932 2
1573300933 2
1573300934 2
1573300935 2
1573300936 2
1573300937 2
1573300938 2
1573300939 2
1573300940 2
1573300941 2
1573300942 2
1573300943 2
1573300944 2
1573300945 3
1573300946 3
1573300947 2
1573300948 2
1573300949 2
1573300950 2
1573300951 2
1573300952 2
1573300953 2
1573300954 2
1573300955 2
1573300956 2
1573300957 2
1573300958 2
1573300959 2
1573300960 2
1573300961 2
1573300962 2
1573300963 2
1573300964 2
1573300965 2
1573300966 2
1573300967 2
1573300968 2
1573300969 2
1573300970 2
1573300971 2
1573300972 2
1573300973 2
1573300974 2
1573300975 2
1573300976 2
1573300977 2
1573300978 2
1573300979 2
1573300980 2
1573300981 2
1573300982 2
1573300983 2
1573300984 2
1573300985 2
1573300986 2
1573300987 2
1573300988 2
1573300989 2
1573300990 2
1573300991 2
1573300992 2
1573300993 2
1573300994 2
1573300995 2
1573300996 2
1573300997 2
1573300998 2
1573300999 2
1573301000 2
1573301001 2
1573301002 2
1573301003 2
1573301004 2
1573301005 2
1573301006 2
1573301007 2
1573301008 2
1573301009 2
1573301010 2
1573301011 2
1573301012 2
1573301013 2
1573301014 2
1573301015 2
1573301016 2
1573301017 2
1573301018 2
1573301019 2
1573301020 2
1573301021 2
1573301022 2
1573301023 2
1573301024 2
1573301025 2
1573301026 2
1573301027 2
1573301028 2
1573301029 2
1573301030 2
1573301031 2
1573301032 2
1573301033 2
1573301034 2
1573301035 2
1573301036 2
1573301037 2
1573301038 2
1573301039 2
1573301040 2
1573301041 2
1573301042 2
1573301043 2
1573301044 2
1573301045 2
1573301046 2
1573301047 2
1573301048 2
1573301049 2
1573301050 2
1573301051 2
1573301052 2
1573301053 2
1573301054 2
1573301055 2
1573301056 2
1573301057 2
1573301058 2
1573301059 2
1573301060 2
1573301061 2
1573301062 2
1573301063 3
1573301064 3
1573301065 2
1573301066 1
1573301067 2
1573301068 3
1573301069 3
1573301070 2
1573301071 2
1573301072 2
1573301073 2
1573301074 3
1573301075 3
1573301076 5
1573301077 5
1573301078 6
1573301079 5
1573301080 5
1573301081 4
1573301082 3
1573301083 2
1573301084 2
1573301085 2
1573301086 2
1573301087 2
1573301088 2
1573301089 2
1573301090 2
1573301091 2
1573301092 2
1573301093 2
1573301094 2
1573301095 3
1573301096 2
1573301097 2
1573301098 2
1573301099 2
1573301100 2
1573301101 2
1573301102 2
1573301103 2
1573301104 2
1573301105 2
1573301106 2
1573301107 2
1573301108 2
1573301109 2
1573301110 2
1573301111 2
1573301112 2
1573301113 2
1573301114 2
1573301115 2
1573301116 3
1573301117 3
1573301235 4
1573301236 4
1573301237 4
1573301238 4
1573301239 4
1573301240 4
1573301241 4
1573301242 3
1573301243 2
1573301244 2
1573301245 4
1573301246 5
1573301247 5
1573301248 4
1573301249 4
1573301250 4
1573301251 3
1573301252 2
1573301253 2
1573301254 2
1573301255 2
1573301256 2
1573301257 2
1573301258 2
1573301259 2
1573301260 2
1573301261 2
1573301262 2
1573301263 2
1573301264 3
1573301265 2
1573301266 2
1573301267 2
1573301268 2
1573301269 2
1573301270 2
1573301271 2
1573301272 2
1573301273 2
1573301274 2
1573301275 2
1573301276 2
1573301277 2
1573301278 2
1573301279 2
1573301280 2
1573301281 2
1573301282 2
1573301283 2
1573301284 2
1573301285 2
1573301286 2
1573301287 3
1573301405 4
1573301406 4
1573301407 4
1573301408 4
1573301409 4
1573301410 4
1573301411 4
1573301412 2
1573301413 2
1573301414 3
1573301415 4
1573301416 4
1573301417 5
1573301418 4
1573301419 4
1573301420 3
1573301421 2
1573301422 2
1573301423 2
1573301424 2
1573301425 2
1573301426 2
1573301427 2
1573301428 2
1573301429 2
1573301430 2
1573301431 2
1573301432 2
1573301433 2
1573301434 2
1573301435 2
1573301436 2
1573301437 2
1573301438 2
1573301439 2
1573301440 2
1573301441 2
1573301442 2
1573301443 2
1573301444 2
1573301445 2
1573301446 2
1573301447 2
1573301448 2
1573301449 2
1573301450 1
1573301451 1
1573301452 1
1573301453 1
1573301454 1
1573301455 1
1573301456 1
1573301457 1
1573301458 1
1573301459 1
1573301460 1
1573301461 1
1573301462 1
1573301463 1
1573301464 1
1573301465 1
1573301466 2
1573301467 1
1573301468 3
1573301586 4
1573301587 3
1573301588 3
1573301589 3
1573301590 3
1573301591 3
1573301592 3
1573301593 3
1573301594 2
1573301595 3
1573301596 4
1573301597 5
1573301598 4
1573301599 4
1573301600 3
1573301601 3
1573301602 3
1573301603 3
1573301604 2
1573301605 2
1573301606 2
1573301607 2
1573301608 2
1573301609 2
1573301610 2
1573301611 2
1573301612 2
1573301613 2
1573301614 2
1573301615 2
1573301616 2
1573301617 2
1573301618 2
1573301619 2
1573301620 2
1573301621 2
1573301622 2
1573301623 1
1573301624 1
1573301625 2
1573301626 2
1573301627 2
1573301628 2
1573301629 2
1573301630 2
1573301631 1
1573301632 2
1573301633 1
1573301634 2
1573301635 2
1573301636 3
1573301637 4
1573301638 3
1573301639 4
1573301640 4
1573301770 3
1573301771 3
1573301772 3
1573301773 3
1573301774 3
1573301775 3
1573301776 3
1573301777 3
1573301778 2
1573301779 2
1573301780 3
1573301781 4
1573301782 4
1573301783 4
1573301784 4
1573301785 3
1573301786 3
1573301787 2
1573301788 2
1573301789 3
1573301790 2
1573301791 2
1573301792 2
1573301793 2
1573301794 2
1573301795 2
1573301796 2
1573301797 2
1573301798 2
1573301799 2
1573301800 2
1573301801 2
1573301802 2
1573301803 2
1573301804 2
1573301805 2
1573301806 2
1573301807 2
1573301808 2
1573301809 2
1573301810 2
1573301811 2
1573301812 2
1573301813 2
1573301814 2
1573301815 2
1573301816 2
1573301817 2
1573301818 2
1573301819 2
1573301820 2
1573301821 2
1573301822 3
1573301942 3
1573301943 3
1573301944 3
1573301945 3
1573301946 3
1573301947 3
1573301948 3
1573301949 2
1573301950 2
1573301951 3
1573301952 4
1573301953 4
1573301954 4
1573301955 4
1573301956 4
1573301957 4
1573301958 2
1573301959 2
1573301960 2
1573301961 2
1573301962 2
1573301963 2
1573301964 2
1573301965 2
1573301966 2
1573301967 2
1573301968 2
1573301969 2
1573301970 2
1573301971 2
1573301972 2
1573301973 2
1573301974 2
1573301975 2
1573301976 2
1573301977 2
1573301978 2
1573301979 2
1573301980 1
1573301981 1
1573301982 1
1573301983 1
1573301984 1
1573301985 2
1573301986 2
1573301987 2
1573301988 2
1573301989 2
1573301990 2
1573301991 2
1573301992 2
1573301993 2
1573301994 2
1573301995 2
1573301996 2
1573301997 2
1573301998 2
1573301999 2
1573302000 3
1573302116 4
1573302117 4
1573302118 4
1573302119 4
1573302120 4
1573302121 4
1573302122 4
1573302123 4
1573302124 3
1573302125 3
1573302126 2
1573302127 3
1573302128 4
1573302129 4
1573302130 5
1573302131 4
1573302132 4
1573302133 3
1573302134 2
1573302135 2
1573302136 2
1573302137 2
1573302138 2
1573302139 2
1573302140 2
1573302141 2
1573302142 2
1573302143 2
1573302144 2
1573302145 2
1573302146 2
1573302147 2
1573302148 2
1573302149 2
1573302150 2
1573302151 2
1573302152 2
1573302153 2
1573302154 2
1573302155 2
1573302156 2
1573302157 2
1573302158 2
1573302159 2
1573302160 2
1573302161 2
1573302162 2
1573302163 2
1573302164 2
1573302165 2
1573302166 2
1573302167 2
1573302168 2
1573302169 4
1573302293 4
1573302294 4
1573302295 4
1573302296 4
1573302297 4
1573302298 4
1573302299 2
1573302300 2
1573302301 2
1573302302 4
1573302303 4
1573302304 4
1573302305 4
1573302306 4
1573302307 4
1573302308 2
1573302309 2
1573302310 2
1573302311 2
1573302312 2
1573302313 2
1573302314 2
1573302315 2
1573302316 2
1573302317 2
1573302318 2
1573302319 2
1573302320 2
1573302321 2
1573302322 2
1573302323 2
1573302324 2
1573302325 2
1573302326 2
1573302327 2
1573302328 2
1573302329 2
1573302330 2
1573302331 2
1573302332 2
1573302333 2
1573302334 2
1573302335 2
1573302336 2
1573302337 2
1573302338 2
1573302339 2
1573302340 2
1573302341 2
1573302342 2
1573302343 3
1573302461 4
1573302462 4
1573302463 4
1573302464 4
1573302465 4
1573302466 4
1573302467 4
1573302468 3
1573302469 3
1573302470 3
1573302471 4
1573302472 5
1573302473 4
1573302474 4
1573302475 3
1573302476 3
1573302477 3
1573302478 2
1573302479 2
1573302480 2
1573302481 2
1573302482 2
1573302483 2
1573302484 2
1573302485 2
1573302486 2
1573302487 2
1573302488 2
1573302489 2
1573302490 2
1573302491 2
1573302492 2
1573302493 2
1573302494 2
1573302495 2
1573302496 2
1573302497 2
1573302498 2
1573302499 2
1573302500 2
1573302501 2
1573302502 2
1573302503 2
1573302504 2
1573302505 2
1573302506 2
1573302507 2
1573302508 2
1573302509 2
1573302510 2
1573302511 2
1573302626 4
1573302627 3
1573302628 3
1573302629 3
1573302630 3
1573302631 3
1573302632 3
1573302633 3
1573302634 3
1573302635 3
1573302636 3
1573302637 3
1573302638 4
1573302639 4
1573302640 4
1573302641 4
1573302642 3
1573302643 3
1573302644 4
1573302645 2
1573302646 2
1573302647 2
1573302648 2
1573302649 2
1573302650 2
1573302651 2
1573302652 2
1573302653 2
1573302654 2
1573302655 2
1573302656 2
1573302657 2
1573302658 2
1573302659 2
1573302660 2
1573302661 2
1573302662 2
1573302663 2
1573302664 2
1573302665 2
1573302666 2
1573302667 2
1573302668 2
1573302669 2
1573302670 2
1573302671 2
1573302672 2
1573302673 2
1573302674 2
1573302675 2
1573302676 2
1573302677 3
1573302678 3
1573302814 3
1573302815 3
1573302816 3
1573302817 3
1573302818 3
1573302819 3
1573302820 3
1573302821 3
1573302822 3
1573302823 3
1573302824 3
1573302825 3
1573302826 3
1573302827 2
1573302828 2
1573302829 2
1573302830 1
1573302831 1
1573302832 1
1573302833 1
1573302834 1
1573302835 1
1573302836 1
1573302837 1
1573302838 1
1573302839 1
1573302840 1
1573302841 1
1573302842 1
1573302843 1
1573302844 1
1573302845 1
1573302846 1
1573302847 1
1573302848 1
1573302849 1
1573302850 1
1573302851 1
1573302852 1
1573302853 1
1573302854 1
1573302855 1
1573302856 1
1573302857 1
1573302858 1
1573302859 1
1573302860 1
1573302861 1
1573302862 1
1573302863 1
1573302864 1
1573302865 1
1573302866 1
1573302867 1
1573302868 1
1573302869 1
1573302870 1
1573302871 1
1573302872 1
1573302873 1
1573302874 1
1573302875 1
1573302876 1
1573302877 1
1573302878 1
1573302879 1
1573302880 1
1573302881 1
1573302882 1
1573302883 1
1573302884 1
1573302885 1
1573302886 1
1573302887 1
1573302888 1
1573302889 1
1573302890 1
1573302891 1
1573302892 1
1573302893 1
1573302894 1
1573302895 1
1573302896 1
1573302897 1
1573302898 1
1573302899 1
1573302900 1
1573302901 1
1573302902 1
1573302903 1
1573302904 1
1573302905 1
1573302906 1
1573302907 1
1573302908 1
1573302909 1
1573302910 1
1573302911 1
1573302912 1
1573302913 1
1573302914 1
1573302915 1
1573302916 1
1573302917 1
1573302918 1
1573302919 1
1573302920 1
1573302921 1
1573302922 1
1573302923 1
1573302924 1
1573302925 1
1573302926 1
1573302927 1
1573302928 1
1573302929 1
1573302930 1
1573302931 1
1573302932 1
1573302933 1
1573302934 1
1573302935 1
1573302936 1
1573302937 1
1573302938 1
1573302939 1
1573302940 1
1573302941 1
1573302942 1
1573302943 1
1573302944 1
1573302945 1
1573302946 1
1573302947 1
1573302948 1
1573302949 1
1573302950 1
1573302951 1
1573302952 1
1573302953 1
1573302954 1
1573302955 1
1573302956 1
1573302957 1
1573302958 1
1573302959 1
1573302960 1
1573302961 1
1573302962 1
1573302963 1
1573302964 1
1573302965 1
1573302966 1
1573302967 1
1573302968 1
1573302969 1
1573302970 1
1573302971 1
1573302972 1
1573302973 1
1573302974 1
1573302975 1
1573302976 1
1573302977 1
1573302978 1
1573302979 1
1573302980 1
1573302981 1
1573302982 1
1573302983 1
1573302984 1
1573302985 1
1573302986 1
1573302987 1
1573302988 1
1573302989 1
1573302990 1
1573302991 1
1573302992 1
1573303271 1
1573303272 1
1573303273 1
1573303274 1
1573303275 1
1573303276 1
1573303277 1
1573303278 1
1573303279 1
1573303280 1
1573303281 1
1573303282 1
1573303283 1
1573303284 1
1573303285 1
1573303286 1
1573303287 1
1573303288 1
1573303289 1
1573303290 1
1573303291 1
1573303292 1
1573303293 1
1573303294 1
1573303295 1
1573303296 1
1573303297 1
1573303298 1
1573303299 1
1573303300 1
1573303301 1
1573303302 1
1573303303 1
1573303304 1
1573303305 1
1573303306 1
1573303307 1
1573303308 1
1573303309 1
1573303310 1
1573303311 1
1573303312 1
1573303313 1
1573303314 1
1573303315 1
1573303316 1
1573303317 1
1573303318 1
1573303319 1
1573303320 1
1573303321 1
1573303322 1
1573303323 1
1573303324 1
1573303325 1
1573303326 1
1573303327 1
1573303328 1
1573303329 1
1573303330 1
1573303331 1
1573303332 1
1573303333 1
1573303334 1
1573303335 1
1573303336 1
1573303337 1
1573303338 1
1573303339 1
1573303340 1
1573303341 1
1573303342 1
1573303343 1
1573303344 1
1573303345 1
1573303346 1
1573303347 1
1573303348 1
1573303349 1
1573303350 1
1573303351 1
1573303352 1
1573303353 1
1573303354 1
1573303355 1
1573303356 1
1573303357 1
1573303358 1
1573303359 1
1573303360 1
1573303361 1
1573303362 1
1573303363 1
1573303364 1
1573303365 1
1573303366 1
1573303367 1
1573303368 1
1573303369 2
1573303370 2
1573303371 2
1573303372 2
1573303373 2
1573303374 2
1573303375 2
1573303376 2
1573303377 2
1573303378 2
1573303379 3
1573303380 4
1573303381 4
1573303382 4
1573303383 4
1573303384 3
1573303385 2
1573303386 2
1573303387 3
1573303388 2
1573303389 2
1573303390 2
1573303391 2
1573303392 2
1573303393 2
1573303394 2
1573303395 2
1573303396 2
1573303397 2
1573303398 2
1573303399 2
1573303400 2
1573303401 2
1573303402 2
1573303403 2
1573303404 2
1573303405 2
1573303406 2
1573303407 2
1573303408 2
1573303409 2
1573303410 2
1573303411 2
1573303412 2
1573303413 2
1573303414 2
1573303415 2
1573303416 2
1573303417 3
1573303418 2
1573303419 2
1573303420 2
1573303421 3
1573303422 4
1573303423 4
1573303424 4
1573303425 4
1573303426 4
1573303427 2
1573303428 2
1573303429 2
1573303430 2
1573303431 2
1573303432 2
1573303433 2
1573303434 2
1573303435 2
1573303436 2
1573303437 2
1573303438 2
1573303439 2
1573303440 2
1573303441 2
1573303442 2
1573303443 2
1573303444 2
1573303445 2
1573303446 2
1573303447 2
1573303448 2
1573303449 2
1573303450 2
1573303451 2
1573303452 2
1573303453 2
1573303454 2
1573303455 2
1573303456 2
1573303457 2
1573303458 2
1573303459 2
1573303460 2
1573303461 2
1573303462 2
1573303463 2
1573303464 2
1573303465 2
1573303466 2
1573303467 2
1573303468 2
1573303469 2
1573303470 2
1573303471 2
1573303472 2
1573303473 2
1573303474 2
1573303475 2
1573303476 2
1573303477 2
1573303478 2
1573303748 2
1573303749 2
1573303750 2
1573303751 2
1573303752 2
1573303753 2
1573303754 2
1573303755 2
1573303756 2
1573303757 2
1573303758 2
1573303759 2
1573303760 2
1573303761 2
1573303762 2
1573303763 2
1573303764 2
1573303765 2
1573303766 2
1573303767 2
1573303768 2
1573303769 2
1573303770 2
1573303771 2
1573303772 2
1573303773 2
1573303774 2
1573303775 2
1573303776 2
1573303777 2
1573303778 2
1573303779 2
1573303780 2
1573303781 2
1573303782 2
1573303783 2
1573303784 2
1573303785 2
1573303786 2
1573303787 4
1573303788 4
1573303789 4
1573303790 4
1573303791 4
1573303792 3
1573303793 2
1573303794 2
1573303795 2
1573303796 2
1573303797 2
1573303798 2
1573303799 2
1573303800 2
1573303801 2
1573303802 2
1573303803 2
1573303804 2
1573303805 2
1573303806 2
1573303807 2
1573303808 2
1573303809 2
1573303810 2
1573303811 2
1573303812 2
1573303813 2
1573303814 2
1573303815 2
1573303816 2
1573303817 2
1573303818 2
1573303819 2
1573303820 2
1573303821 2
1573303822 2
1573303823 1
1573303824 1
1573303825 1
1573303826 1
1573303827 1
1573303828 1
1573303829 1
1573303830 1
1573303831 1
1573303832 2
1573303833 2
1573303944 4
1573303945 4
1573303946 4
1573303947 4
1573303948 4
1573303949 4
1573303950 3
1573303951 2
1573303952 2
1573303953 3
1573303954 4
1573303955 4
1573303956 4
1573303957 4
1573303958 4
1573303959 4
1573303960 2
1573303961 2
1573303962 2
1573303963 2
1573303964 2
1573303965 2
1573303966 2
1573303967 2
1573303968 2
1573303969 2
1573303970 2
1573303971 2
1573303972 2
1573303973 2
1573303974 2
1573303975 2
1573303976 2
1573303977 2
1573303978 2
1573303979 2
1573303980 2
1573303981 2
1573303982 2
1573303983 2
1573303984 2
1573303985 2
1573303986 2
1573303987 2
1573303988 2
1573303989 2
1573303990 2
1573303991 3
1573303992 3
1573303993 4
1573304107 4
1573304108 4
1573304109 4
1573304110 4
1573304111 4
1573304112 4
1573304113 4
1573304114 4
1573304115 4
1573304116 3
1573304117 2
1573304118 2
1573304119 3
1573304120 4
1573304121 4
1573304122 4
1573304123 4
1573304124 3
1573304125 3
1573304126 2
1573304127 2
1573304128 2
1573304129 2
1573304130 2
1573304131 2
1573304132 2
1573304133 2
1573304134 2
1573304135 2
1573304136 2
1573304137 2
1573304138 2
1573304139 2
1573304140 2
1573304141 2
1573304142 2
1573304143 2
1573304144 2
1573304145 2
1573304146 2
1573304147 2
1573304148 2
1573304149 2
1573304150 2
1573304151 2
1573304152 2
1573304153 2
1573304154 2
1573304155 2
1573304156 2
1573304157 3
1573304268 3
1573304269 3
1573304270 3
1573304271 3
1573304272 3
1573304273 3
1573304274 3
1573304275 3
1573304276 2
1573304277 2
1573304278 3
1573304279 4
1573304280 4
1573304281 4
1573304282 4
1573304283 4
1573304284 4
1573304285 4
1573304286 3
1573304287 3
1573304288 2
1573304289 2
1573304290 3
1573304291 2
1573304292 2
1573304293 2
1573304294 2
1573304295 2
1573304296 2
1573304297 2
1573304298 2
1573304299 2
1573304300 2
1573304301 2
1573304302 2
1573304303 2
1573304304 2
1573304305 2
1573304306 2
1573304307 2
1573304308 2
1573304309 2
1573304310 2
1573304311 2
1573304312 2
1573304313 2
1573304314 2
1573304315 2
1573304316 2
1573304317 2
1573304318 2
1573304319 2
1573304320 2
1573304321 2
1573304322 3
1573304323 3
1573304434 4
1573304435 3
1573304436 3
1573304437 3
1573304438 3
1573304439 3
1573304440 3
1573304441 3
1573304442 2
1573304443 3
1573304444 4
1573304445 4
1573304446 4
1573304447 4
1573304448 3
1573304449 2
1573304450 2
1573304451 2
1573304452 2
1573304453 2
1573304454 2
1573304455 2
1573304456 2
1573304457 2
1573304458 2
1573304459 2
1573304460 2
1573304461 2
1573304462 2
1573304463 2
1573304464 2
1573304465 2
1573304466 2
1573304467 2
1573304468 2
1573304469 2
1573304470 2
1573304471 2
1573304472 2
1573304473 2
1573304474 2
1573304475 2
1573304476 2
1573304477 2
1573304478 2
1573304479 2
1573304480 2
1573304481 2
1573304482 3
1573304597 4
1573304598 4
1573304599 4
1573304600 4
1573304601 4
1573304602 4
1573304603 4
1573304604 3
1573304605 4
1573304606 4
1573304607 5
1573304608 5
1573304609 4
1573304610 5
1573304611 5
1573304612 6
1573304613 5
1573304614 5
1573304615 5
1573304616 3
1573304617 3
1573304618 2
1573304619 2
1573304620 2
1573304621 2
1573304622 2
1573304623 2
1573304624 2
1573304625 2
1573304626 2
1573304627 2
1573304628 2
1573304629 2
1573304630 2
1573304631 2
1573304632 2
1573304633 2
1573304634 2
1573304635 2
1573304636 2
1573304637 2
1573304638 2
1573304639 2
1573304640 2
1573304641 2
1573304642 2
1573304643 2
1573304644 2
1573304645 2
1573304646 2
1573304647 2
1573304648 2
1573304649 2
1573304650 3
1573304761 4
1573304762 4
1573304763 4
1573304764 4
1573304765 4
1573304766 4
1573304767 2
1573304768 2
1573304769 2
1573304770 4
1573304771 5
1573304772 4
1573304773 4
1573304774 3
1573304775 3
1573304776 3
1573304777 2
1573304778 2
1573304779 2
1573304780 2
1573304781 2
1573304782 2
1573304783 2
1573304784 2
1573304785 2
1573304786 2
1573304787 2
1573304788 2
1573304789 2
1573304790 2
1573304791 2
1573304792 2
1573304793 2
1573304794 2
1573304795 2
1573304796 2
1573304797 2
1573304798 2
1573304799 2
1573304800 2
1573304801 2
1573304802 2
1573304803 2
1573304804 2
1573304805 2
1573304806 2
1573304807 2
1573304808 2
1573304919 3
1573304920 3
1573304921 3
1573304922 3
1573304923 3
1573304924 3
1573304925 3
1573304926 4
1573304927 3
1573304928 3
1573304929 4
1573304930 4
1573304931 4
1573304932 4
1573304933 3
1573304934 3
1573304935 2
1573304936 2
1573304937 2
1573304938 2
1573304939 2
1573304940 2
1573304941 2
1573304942 2
1573304943 2
1573304944 2
1573304945 2
1573304946 2
1573304947 2
1573304948 2
1573304949 2
1573304950 2
1573304951 2
1573304952 2
1573304953 2
1573304954 2
1573304955 2
1573304956 2
1573304957 2
1573304958 2
1573304959 2
1573304960 2
1573304961 2
1573304962 2
1573304963 2
1573304964 2
1573304965 2
1573304966 2
1573304967 2
1573304968 3
1573305079 5
1573305080 5
1573305081 4
1573305082 4
1573305083 4
1573305084 4
1573305085 4
1573305086 4
1573305087 2
1573305088 3
1573305089 3
1573305090 5
1573305091 5
1573305092 5
1573305093 5
1573305094 4
1573305095 4
1573305096 4
1573305097 4
1573305098 3
1573305099 3
1573305100 2
1573305101 2
1573305102 2
1573305103 2
1573305104 2
1573305105 2
1573305106 2
1573305107 2
1573305108 2
1573305109 2
1573305110 2
1573305111 2
1573305112 2
1573305113 2
1573305114 2
1573305115 2
1573305116 2
1573305117 2
1573305118 2
1573305119 2
1573305120 2
1573305121 2
1573305122 2
1573305123 2
1573305124 2
1573305125 2
1573305126 2
1573305127 2
1573305128 2
1573305129 2
1573305130 3
1573305131 3
1573305242 4
1573305243 4
1573305244 4
1573305245 4
1573305246 4
1573305247 4
1573305248 4
1573305249 3
1573305250 2
1573305251 3
1573305252 4
1573305253 4
1573305254 4
1573305255 4
1573305256 4
1573305257 3
1573305258 2
1573305259 2
1573305260 2
1573305261 2
1573305262 2
1573305263 2
1573305264 2
1573305265 2
1573305266 2
1573305267 2
1573305268 2
1573305269 2
1573305270 2
1573305271 2
1573305272 2
1573305273 2
1573305274 2
1573305275 2
1573305276 2
1573305277 2
1573305278 2
1573305279 2
1573305280 2
1573305281 2
1573305282 2
1573305283 2
1573305284 2
1573305285 2
1573305286 2
1573305287 2
1573305288 2
1573305289 2
1573305290 2
1573305291 3
1573305402 4
1573305403 4
1573305404 4
1573305405 4
1573305406 3
1573305407 3
1573305408 3
1573305409 3
1573305410 3
1573305411 3
1573305412 2
1573305413 2
1573305414 1
1573305415 1
1573305416 2
1573305417 2
1573305418 2
1573305419 2
1573305420 2
1573305421 2
1573305422 2
1573305423 2
1573305424 2
1573305425 2
1573305426 2
1573305427 2
1573305428 2
1573305429 2
1573305430 2
1573305431 2
1573305432 2
1573305433 2
1573305434 2
1573305435 2
1573305436 2
1573305437 2
1573305438 2
1573305439 2
1573305440 2
1573305441 2
1573305442 2
1573305443 2
1573305444 2
1573305445 2
1573305446 2
1573305447 2
1573305448 2
1573305449 2
1573305450 2
1573305451 2
1573305452 2
1573305453 2
1573305454 2
1573305455 2
1573305456 2
1573305457 2
1573305458 2
1573305459 2
1573305460 2
1573305461 2
1573305462 2
1573305463 2
1573305464 2
1573305465 2
1573305466 2
1573305467 2
1573305468 2
1573305469 2
1573305470 2
1573305471 2
1573305472 2
1573305473 2
1573305474 2
1573305475 2
1573305476 2
1573305477 2
1573305478 2
1573305479 2
1573305480 2
1573305481 2
1573305482 2
1573305483 2
1573305484 2
1573305485 2
1573305486 2
1573305487 2
1573305488 2
1573305489 2
1573305490 2
1573305491 2
1573305492 2
1573305493 2
1573305494 2
1573305495 2
1573305496 2
1573305497 2
1573305498 2
1573305499 2
1573305500 2
1573305501 2
1573305502 2
1573305503 2
1573305504 2
1573305505 2
1573305506 2
1573305507 2
1573305508 2
1573305509 2
1573305510 2
1573305511 2
1573305512 2
1573305513 2
1573305514 2
1573305515 2
1573305516 2
1573305517 2
1573305518 2
1573305519 2
1573305520 2
1573305521 2
1573305522 2
1573305523 2
1573305524 2
1573305525 2
1573305526 2
1573305527 2
1573305528 2
1573305529 2
1573305530 2
1573305531 2
1573305532 2
1573305533 2
1573305534 2
1573305535 2
1573305536 2
1573305537 2
1573305538 2
1573305539 2
1573305540 2
1573305541 2
1573305542 2
1573305543 2
1573305544 2
1573305545 2
1573305546 2
1573305547 2
1573305548 2
1573305549 2
1573305550 2
1573305551 2
1573305552 2
1573305553 2
1573305554 2
1573305555 2
1573305556 2
1573305557 2
1573305558 2
1573305559 2
1573305560 2
1573305561 2
1573305562 2
1573305563 2
1573305564 2
1573305565 2
1573305566 2
1573305567 2
1573305568 2
1573305569 2
1573305570 2
1573305571 2
1573305572 2
1573305573 2
1573305574 2
1573305575 2
1573305576 2
1573305577 2
1573305578 2
1573305579 2
1573305580 2
1573305581 2
1573305582 2
1573305583 2
1573305584 2
1573305585 2
1573305586 2
1573305587 2
1573305588 2
1573305589 2
1573305590 2
1573305591 2
1573305592 2
1573305593 2
1573305594 2
1573305595 2
1573305596 2
1573305597 2
1573305598 2
1573305599 2
1573305600 2
1573305601 2
1573305602 2
1573305603 2
1573305604 2
1573305605 2
1573305606 2
1573305607 2
1573305608 2
1573305609 2
1573305610 2
1573305611 2
1573305612 2
1573305613 2
1573305614 2
1573305615 2
1573305616 2
1573305617 2
1573305618 2
1573305619 2
1573305620 2
1573305621 2
1573305622 2
1573305623 2
1573305624 2
1573305625 2
1573305626 2
1573305627 2
1573305628 2
1573305629 2
1573305630 2
1573305631 2
1573305632 2
1573305633 2
1573305634 2
1573305635 2
1573305636 2
1573305637 2
1573305638 2
1573305639 2
1573305640 2
1573305641 2
1573305642 2
1573305643 2
1573305644 2
1573305645 2
1573305646 2
1573305647 2
1573305648 2
1573305649 2
1573305650 2
1573305651 2
1573305652 2
1573305653 2
1573305654 2
1573305655 2
1573305656 2
1573305657 2
1573305658 2
1573305659 2
1573305660 2
1573305661 2
1573305662 2
1573305663 2
1573305664 2
1573305665 2
1573305666 2
1573305667 2
1573305668 2
1573305669 2
1573305670 2
1573305671 2
1573305672 2
1573305673 2
1573305674 2
1573305675 2
1573305676 2
1573305677 2
1573305678 2
1573305679 2
1573305680 2
1573305681 2
1573305682 2
1573305683 2
1573305684 2
1573305685 2
1573305686 2
1573305687 2
1573305688 2
1573305689 2
1573305690 2
1573305691 2
1573305692 2
1573305693 2
1573305694 2
1573305695 2
1573305696 2
1573305697 2
1573305698 2
1573305699 2
1573305700 2
1573305701 2
1573305702 2
1573305703 2
1573305704 2
1573305705 2
1573305706 2
1573305707 2
1573305708 2
1573305709 2
1573305710 2
1573305711 2
1573305712 2
1573305713 2
1573305714 2
1573305715 2
1573305716 2
1573305717 2
1573305718 2
1573305719 2
1573305720 2
1573305721 2
1573305722 2
1573305723 2
1573305724 2
1573305725 2
1573305726 2
1573305727 2
1573305728 2
1573305729 2
1573305730 2
1573305731 2
1573305732 2
1573305733 2
1573305734 2
1573305735 2
1573305736 2
1573305737 2
1573305738 2
1573305739 2
1573305740 2
1573305741 2
1573305742 2
1573305743 2
1573305744 2
1573305745 2
1573305746 2
1573305747 2
1573305748 2
1573305749 2
1573305750 2
1573305751 2
1573305752 2
1573305753 2
1573305754 2
1573305755 2
1573305756 2
1573305757 2
1573305758 2
1573305759 2
1573305760 2
1573305761 2
1573305762 2
1573305763 2
1573305764 2
1573305765 2
1573305766 2
1573305767 2
1573305768 2
1573305769 2
1573305770 2
1573305771 2
1573305772 2
1573305773 2
1573305774 2
1573305775 2
1573305776 2
1573305777 2
1573305778 2
1573305779 2
1573305780 2
1573305781 2
1573305782 2
1573305783 2
1573305784 2
1573305785 2
1573305786 2
1573305787 2
1573305788 2
1573305789 2
1573305790 2
1573305791 2
1573305792 2
1573305793 2
1573305794 2
1573305795 2
1573305796 2
1573305797 2
1573305798 2
1573305799 2
1573305800 2
1573305801 2
1573305802 2
1573305803 2
1573305804 2
1573305805 2
1573305806 2
1573305807 2
1573305808 2
1573305809 2
1573305810 2
1573305811 2
1573305812 2
1573305813 2
1573305814 2
1573305815 2
1573305816 2
1573305817 2
1573305818 2
1573305819 2
1573305820 2
1573305821 2
1573305822 2
1573305823 2
1573305824 2
1573305825 2
1573305826 2
1573305827 2
1573305828 2
1573305829 2
1573305830 2
1573305831 2
1573305832 2
1573305833 2
1573305834 2
1573305835 2
1573305836 2
1573305837 2
1573305838 2
1573305839 2
1573305840 2
1573305841 2
1573305842 2
1573305843 2
1573305844 2
1573305845 2
1573305846 2
1573305847 2
1573305848 2
1573305849 2
1573305850 2
1573305851 2
1573305852 2
1573305853 2
1573305854 2
1573305855 2
1573305856 2
1573305857 2
1573305858 2
1573305859 2
1573305860 2
1573305861 2
1573305862 2
1573305863 2
1573305864 2
1573305865 2
1573305866 2
1573305867 2
1573305868 2
1573305869 2
1573305870 2
1573305871 2
1573305872 2
1573305873 2
1573305874 2
1573305875 2
1573305876 2
1573305877 3
1573305878 2
1573305879 3
1573305880 3
1573305881 3
1573305882 3
1573305883 3
1573305884 3
1573305885 3
1573305886 3
1573305887 3
1573305888 3
1573305889 3
1573305890 3
1573305891 3
1573305892 3
1573305893 3
1573305894 3
1573305895 2
1573305896 2
1573305897 2
1573305898 2
1573305899 2
1573305900 2
1573305901 2
1573305902 2
1573305903 2
1573305904 2
1573305905 2
1573305906 2
1573305907 2
1573305908 2
1573305909 2
1573305910 2
1573305911 2
1573305912 2
1573305913 2
1573305914 2
1573305915 2
1573305916 2
1573305917 2
1573305918 2
1573305919 2
1573305920 2
1573305921 2
1573305922 2
1573305923 2
1573305924 2
1573305925 2
1573305926 2
1573305927 2
1573305928 2
1573305929 2
1573305930 2
1573305931 2
1573305932 2
1573305933 2
1573305934 2
1573305935 2
1573305936 2
1573305937 2
1573305938 2
1573305939 2
1573305940 2
1573305941 2
1573305942 2
1573305943 2
1573305944 2
1573305945 2
1573305946 2
1573305947 2
1573305948 2
1573305949 2
1573305950 2
1573305951 2
1573305952 2
1573305953 2
1573305954 2
1573305955 2
1573305956 2
1573305957 2
1573305958 2
1573305959 2
1573305960 2
1573305961 2
1573305962 2
1573305963 2
1573305964 2
1573305965 2
1573305966 2
1573305967 2
1573305968 2
1573305969 2
1573305970 2
1573305971 2
1573305972 2
1573305973 2
1573305974 2
1573305975 2
1573305976 2
1573305977 2
1573305978 2
1573305979 2
1573305980 2
1573305981 2
1573305982 2
1573305983 2
1573305984 2
1573305985 2
1573305986 2
1573305987 2
1573305988 2
1573305989 2
1573305990 2
1573305991 2
1573305992 2
1573305993 2
1573305994 2
1573305995 2
1573305996 2
1573305997 2
1573305998 2
1573305999 2
1573306000 2
1573306001 2
1573306002 2
1573306003 2
1573306004 2
1573306005 2
1573306006 2
1573306007 2
1573306008 2
1573306009 2
1573306010 2
1573306011 2
1573306012 2
1573306013 2
1573306014 2
1573306015 2
1573306016 2
1573306017 2
1573306018 2
1573306019 2
1573306020 2
1573306021 2
1573306022 2
1573306023 2
1573306024 2
1573306025 2
1573306026 2
1573306027 2
1573306028 2
1573306029 2
1573306030 2
1573306031 2
1573306032 2
1573306033 2
1573306034 2
1573306035 2
1573306036 2
1573306037 2
1573306038 2
1573306039 2
1573306040 2
1573306041 2
1573306042 2
1573306043 2
1573306044 2
1573306045 2
1573306046 2
1573306047 2
1573306048 2
1573306049 2
1573306050 2
1573306051 2
1573306052 2
1573306053 2
1573306054 2
1573306055 2
1573306056 2
1573306057 2
1573306058 2
1573306059 2
1573306060 2
1573306061 2
1573306062 2
1573306063 2
1573306064 2
1573306065 2
1573306066 2
1573306067 2
1573306068 2
1573306069 2
1573306070 2
1573306071 2
1573306072 2
1573306073 2
1573306074 2
1573306075 2
1573306076 2
1573306077 2
1573306078 2
1573306079 2
1573306080 2
1573306081 2
1573306082 2
1573306083 2
1573306084 2
1573306085 2
1573306086 2
1573306087 2
1573306088 2
1573306089 2
1573306090 2
1573306091 2
1573306092 2
1573306093 2
1573306094 2
1573306095 2
1573306096 2
1573306097 2
1573306098 2
1573306099 2
1573306100 2
1573306101 2
1573306102 2
1573306103 2
1573306104 2
1573306105 2
1573306106 2
1573306107 2
1573306108 2
1573306109 2
1573306110 2
1573306111 2
1573306112 2
1573306113 2
1573306114 2
1573306115 2
1573306116 2
1573306117 2
1573306118 2
1573306119 2
1573306120 2
1573306121 2
1573306122 2
1573306123 2
1573306124 2
1573306125 2
1573306126 2
1573306127 2
1573306128 2
1573306129 2
1573306130 2
1573306131 2
1573306132 2
1573306133 2
1573306134 2
1573306135 2
1573306136 2
1573306137 2
1573306138 2
1573306139 2
1573306140 2
1573306141 2
1573306142 2
1573306143 2
1573306144 2
1573306145 2
1573306146 2
1573306147 2
1573306148 2
1573306149 2
1573306150 2
1573306151 2
1573306152 2
1573306153 2
1573306154 2
1573306155 2
1573306156 2
1573306157 2
1573306158 2
1573306159 2
1573306160 2
1573306161 2
1573306162 2
1573306163 2
1573306164 2
1573306165 2
1573306166 2
1573306167 2
1573306168 2
1573306169 2
1573306170 2
1573306171 2
1573306172 2
1573306173 2
1573306174 2
1573306175 2
1573306176 2
1573306177 2
1573306178 2
1573306179 2
1573306180 2
1573306181 2
1573306182 2
1573306183 2
1573306184 2
1573306185 2
1573306186 2
1573306187 2
1573306188 2
1573306189 2
1573306190 2
1573306191 2
1573306192 2
1573306193 2
1573306194 2
1573306195 2
1573306196 2
1573306197 2
1573306198 2
1573306199 2
1573306200 2
1573306201 2
1573306202 2
1573306203 2
1573306204 2
1573306205 2
1573306206 2
1573306207 2
1573306208 2
1573306209 2
1573306210 2
1573306211 2
1573306212 2
1573306213 2
1573306214 2
1573306215 2
1573306216 2
1573306217 2
1573306218 2
1573306219 2
1573306220 2
1573306221 2
1573306222 2
1573306223 2
1573306224 2
1573306225 2
1573306226 2
1573306227 2
1573306228 2
1573306229 2
1573306230 2
1573306231 2
1573306232 2
1573306233 2
1573306234 2
1573306235 2
1573306236 2
1573306237 2
1573306238 2
1573306239 2
1573306240 2
1573306241 2
1573306242 2
1573306243 2
1573306244 2
1573306245 2
1573306246 2
1573306247 2
1573306248 2
1573306249 2
1573306250 2
1573306251 2
1573306252 2
1573306253 2
1573306254 2
1573306255 2
1573306256 2
1573306257 2
1573306258 2
1573306259 2
1573306260 2
1573306261 2
1573306262 2
1573306263 2
1573306264 2
1573306265 2
1573306266 2
1573306267 2
1573306268 2
1573306269 2
1573306270 2
1573306271 2
1573306272 2
1573306273 2
1573306274 2
1573306275 2
1573306276 2
1573306277 2
1573306278 2
1573306279 2
1573306280 2
1573306281 2
1573306282 2
1573306283 2
1573306284 2
1573306285 2
1573306286 2
1573306287 2
1573306288 2
1573306289 2
1573306290 2
1573306291 2
1573306292 2
1573306293 2
1573306294 2
1573306295 2
1573306296 2
1573306297 2
1573306298 2
1573306299 2
1573306300 2
1573306301 2
1573306302 2
1573306303 2
1573306304 2
1573306305 2
1573306306 2
1573306307 2
1573306308 2
1573306309 2
1573306310 2
1573306311 2
1573306312 2
1573306313 2
1573306314 2
1573306315 2
1573306316 2
1573306317 2
1573306318 2
1573306319 2
1573306320 2
1573306321 2
1573306322 2
1573306323 2
1573306324 2
1573306325 2
1573306326 2
1573306327 2
1573306328 2
1573306329 2
1573306330 2
1573306331 2
1573306332 2
1573306333 2
1573306334 2
1573306335 2
1573306336 2
1573306337 2
1573306338 2
1573306339 2
1573306340 2
1573306341 2
1573306342 2
1573306343 2
1573306344 2
1573306345 2
1573306346 2
1573306347 2
1573306348 2
1573306349 2
1573306350 2
1573306351 2
1573306352 2
1573306353 2
1573306354 2
1573306355 2
1573306356 2
1573306357 2
1573306358 2
1573306359 2
1573306360 2
1573306361 2
1573306362 2
1573306363 2
1573306364 2
1573306365 2
1573306366 2
1573306367 2
1573306368 2
1573306369 2
1573306370 2
1573306371 2
1573306372 2
1573306373 2
1573306374 2
1573306375 2
1573306376 1
1573306377 2
1573306378 2
1573306379 2
1573306380 1
1573306381 1
1573306382 2
1573306383 2
1573306384 2
1573306385 2
1573306386 2
1573306387 2
1573306388 3
1573306389 3
1573306390 5
1573306391 5
1573306392 4
1573306393 4
1573306394 3
1573306395 3
1573306396 3
1573306397 2
1573306398 2
1573306399 2
1573306400 2
1573306401 2
1573306402 2
1573306403 2
1573306404 2
1573306405 2
1573306406 2
1573306407 2
1573306408 2
1573306409 2
1573306410 2
1573306411 2
1573306412 2
1573306413 2
1573306414 1
1573306415 1
1573306416 1
1573306417 1
1573306418 1
1573306419 1
1573306420 1
1573306421 1
1573306422 1
1573306423 1
1573306424 1
1573306425 1
1573306426 1
1573306427 1
1573306428 1
1573306429 1
1573306430 1
1573306431 1
1573306432 1
1573306433 1
1573306434 1
1573306435 1
1573306436 1
1573306437 1
1573306438 1
1573306439 1
1573306440 1
1573306441 2
1573306442 2
1573306443 2
1573306444 2
1573306445 2
1573306446 2
1573306447 2
1573306448 2
1573306449 3
1573306484 1
1573306485 2
1573306486 2
1573306487 2
1573306488 2
1573306489 2
1573306490 2
1573306491 3
1573306492 2
1573306493 2
1573306494 2
1573306495 3
1573306496 3
1573306497 3
1573306498 2
1573306499 2
1573306500 1
1573306501 1
1573306502 1
1573306503 2
1573306504 3
1573306505 2
1573306506 2
1573306507 2
1573306508 3
1573306509 2
1573306510 2
1573306511 2
1573306512 3
1573306513 2
1573306514 3
1573306515 3
1573306516 3
1573306517 4
1573306518 5
1573306519 4
1573306520 3
1573306521 4
1573306522 3
1573306523 3
1573306524 3
1573306525 3
1573306526 2
1573306527 2
1573306528 2
1573306529 2
1573306530 3
1573306531 2
1573306532 2
1573306533 2
1573306534 3
1573306535 3
1573306536 3
1573306537 2
1573306538 2
1573306539 2
1573306540 1
1573306541 2
1573306542 2
1573306543 3
1573306544 3
1573306545 3
1573306546 2
1573306547 3
1573306548 3
1573306549 2
1573306550 1
1573306551 1
1573306552 1
1573306553 1
1573306554 1
1573306555 2
1573306556 2
1573306557 2
1573306558 2
1573306559 2
1573306560 3
1573306561 5
1573306562 5
1573306563 6
1573306564 5
1573306565 5
1573306566 5
1573306567 5
1573306568 6
1573306569 5
1573306570 4
1573306571 5
1573306572 2
1573306573 2
1573306574 2
1573306575 2
1573306576 3
1573306577 2
1573306578 2
1573306579 1
1573306580 1
1573306581 1
1573306582 1
1573306583 2
1573306584 2
1573306585 3
1573306586 2
1573306587 3
1573306588 3
1573306589 3
1573306590 2
1573306591 1
1573306592 2
1573306593 2
1573306594 2
1573306595 2
1573306596 3
1573306597 3
1573306598 2
1573306599 2
1573306600 2
1573306601 3
1573306602 3
1573306603 2
1573306604 2
1573306605 2
1573306606 2
1573306607 2
1573306608 3
1573306609 3
1573306610 3
1573306611 3
1573306612 3
1573306613 3
1573306614 4
1573306615 4
1573306616 3
1573306617 2
1573306618 2
1573306619 2
1573306620 2
1573306621 2
1573306622 2
1573306623 2
1573306624 2
1573306625 2
1573306626 2
1573306627 2
1573306628 2
1573306629 1
1573306630 1
1573306631 1
1573306632 1
1573306633 1
1573306634 2
1573306635 2
1573306636 2
1573306637 3
1573306638 3
1573306639 2
1573306640 2
1573306641 2
1573306642 2
1573306643 2
1573306644 2
1573306645 2
1573306646 1
1573306647 1
1573306648 2
1573306649 1
1573306650 1
1573306651 2
1573306652 3
1573306653 3
1573306654 3
1573306655 5
1573306656 6
1573306657 6
1573306658 4
1573306659 3
1573306660 6
1573306661 5
1573306662 4
1573306663 3
1573306664 3
1573306665 3
1573306666 2
1573306667 2
1573306668 2
1573306669 3
1573306670 3
1573306671 3
1573306672 3
1573306673 4
1573306674 4
1573306675 4
1573306676 4
1573306677 4
1573306678 3
1573306679 3
1573306680 2
1573306681 2
1573306682 4
1573306683 2
1573306684 2
1573306685 2
1573306686 2
1573306687 2
1573306688 2
1573306689 2
1573306690 2
1573306691 2
1573306692 2
1573306693 2
1573306694 2
1573306695 2
1573306696 2
1573306697 2
1573306698 2
1573306699 2
1573306700 2
1573306701 2
1573306702 2
1573306703 2
1573306704 2
1573306705 2
1573306706 2
1573306707 2
1573306708 2
1573306709 2
1573306710 2
1573306711 3
1573306712 4
1573306713 4
1573306714 4
1573306715 4
1573306716 4
1573306717 4
1573306718 4
1573306719 4
1573306720 4
1573306721 5
1573306722 3
1573306723 3
1573306724 2
1573306725 3
1573306726 4
1573306727 4
1573306728 4
1573306729 4
1573306730 4
1573306731 2
1573306732 2
1573306733 2
1573306734 2
1573306735 2
1573306736 2
1573306737 2
1573306738 2
1573306739 2
1573306740 2
1573306741 2
1573306742 2
1573306743 2
1573306744 2
1573306745 2
1573306746 2
1573306747 2
1573306748 2
1573306749 2
1573306750 2
1573306751 2
1573306752 2
1573306753 2
1573306754 2
1573306755 2
1573306756 2
1573306757 2
1573306758 2
1573306759 2
1573306760 2
1573306761 2
1573306762 2
1573306763 2
1573306764 2
1573306765 3
1573306961 2
1573306962 2
1573306963 2
1573306964 1
1573306965 2
1573306966 2
1573306967 2
1573306968 2
1573306969 2
1573306970 1
1573306971 1
1573306972 1
1573306973 1
1573306974 2
1573306975 2
1573306976 3
1573306977 2
1573306978 4
1573306979 3
1573306980 3
1573306981 3
1573306982 5
1573306983 5
1573306984 4
1573306985 4
1573306986 3
1573306987 3
1573306988 2
1573306989 2
1573306990 2
1573306991 2
1573306992 3
1573306993 3
1573306994 3
1573306995 3
1573306996 3
1573306997 3
1573306998 3
1573306999 3
1573307000 3
1573307001 3
1573307002 2
1573307003 2
1573307004 2
1573307005 3
1573307006 2
1573307007 2
1573307008 2
1573307009 2
1573307010 2
1573307011 2
1573307012 2
1573307013 2
1573307014 2
1573307015 2
1573307016 2
1573307017 2
1573307018 2
1573307019 2
1573307020 2
1573307021 2
1573307022 3
1573307023 2
1573307024 2
1573307025 2
1573307026 2
1573307027 2
1573307028 2
1573307029 2
1573307030 2
1573307031 2
1573307032 2
1573307033 2
1573307034 2
1573307035 3
1573307036 4
1573307037 4
1573307038 4
1573307039 4
1573307040 4
1573307041 3
1573307042 3
1573307043 3
1573307044 3
1573307045 3
1573307046 3
1573307047 2
1573307048 2
1573307049 3
1573307050 4
1573307051 4
1573307052 4
1573307053 4
1573307054 3
1573307055 3
1573307056 2
1573307057 2
1573307058 2
1573307059 2
1573307060 2
1573307061 2
1573307062 2
1573307063 2
1573307064 2
1573307065 2
1573307066 2
1573307067 2
1573307068 2
1573307069 2
1573307070 2
1573307071 2
1573307072 2
1573307073 2
1573307074 2
1573307075 2
1573307076 2
1573307077 2
1573307078 2
1573307079 2
1573307080 2
1573307081 1
1573307082 1
1573307083 1
1573307084 1
1573307085 1
1573307086 1
1573307087 2
1573307088 2
1573307089 2
1573307090 2
1573307091 2
1573307092 2
1573307093 2
1573307094 2
1573307095 2
1573307096 3
1573307137 3
1573307138 3
1573307139 3
1573307140 2
1573307141 2
1573307142 2
1573307143 2
1573307144 3
1573307145 3
1573307146 2
1573307147 3
1573307148 3
1573307149 2
1573307150 2
1573307151 1
1573307152 2
1573307153 2
1573307154 2
1573307155 2
1573307156 3
1573307157 4
1573307158 2
1573307159 2
1573307160 2
1573307161 2
1573307162 2
1573307163 2
1573307164 2
1573307165 3
1573307166 3
1573307167 4
1573307168 5
1573307169 3
1573307170 4
1573307171 6
1573307172 6
1573307173 5
1573307174 3
1573307175 3
1573307176 3
1573307177 3
1573307178 2
1573307179 2
1573307180 2
1573307181 2
1573307182 2
1573307183 2
1573307184 2
1573307185 2
1573307186 2
1573307187 2
1573307188 3
1573307189 2
1573307190 2
1573307191 2
1573307192 2
1573307193 2
1573307194 2
1573307195 2
1573307196 3
1573307197 3
1573307198 3
1573307199 3
1573307200 3
1573307201 2
1573307202 2
1573307203 2
1573307204 1
1573307205 1
1573307206 1
1573307207 1
1573307208 2
1573307209 2
1573307210 2
1573307211 2
1573307212 2
1573307213 2
1573307214 5
1573307215 5
1573307216 5
1573307217 6
1573307218 5
1573307219 5
1573307220 5
1573307221 5
1573307222 5
1573307223 6
1573307224 5
1573307225 6
1573307226 5
1573307227 5
1573307228 2
1573307229 2
1573307230 2
1573307231 2
1573307232 2
1573307233 2
1573307234 2
1573307235 1
1573307236 1
1573307237 1
1573307238 1
1573307239 3
1573307240 3
1573307241 3
1573307242 2
1573307243 3
1573307244 3
1573307245 3
1573307246 2
1573307247 2
1573307248 2
1573307249 2
1573307250 2
1573307251 2
1573307252 2
1573307253 3
1573307254 2
1573307255 2
1573307256 2
1573307257 2
1573307258 3
1573307259 2
1573307260 2
1573307261 2
1573307262 2
1573307263 2
1573307264 2
1573307265 3
1573307266 3
1573307267 3
1573307268 3
1573307269 3
1573307270 4
1573307271 4
1573307272 5
1573307273 3
1573307274 3
1573307275 3
1573307276 3
1573307277 3
1573307278 2
1573307279 3
1573307280 3
1573307281 2
1573307282 2
1573307283 2
1573307284 3
1573307285 3
1573307286 2
1573307287 1
1573307288 1
1573307289 1
1573307290 1
1573307291 1
1573307292 2
1573307293 2
1573307294 2
1573307295 2
1573307296 2
1573307297 2
1573307298 2
1573307299 1
1573307300 1
1573307301 2
1573307302 2
1573307303 2
1573307304 2
1573307305 1
1573307306 1
1573307307 1
1573307308 1
1573307309 1
1573307310 2
1573307311 2
1573307312 3
1573307313 3
1573307314 3
1573307315 3
1573307316 3
1573307317 2
1573307318 3
1573307319 5
1573307320 4
1573307321 4
1573307322 3
1573307323 3
1573307324 2
1573307325 2
1573307326 2
1573307327 3
1573307328 5
1573307329 4
1573307330 4
1573307331 4
1573307332 4
1573307333 4
1573307334 4
1573307335 4
1573307336 4
1573307337 4
1573307338 3
1573307339 3
1573307340 2
1573307341 2
1573307342 2
1573307343 2
1573307344 2
1573307345 2
1573307346 2
1573307347 2
1573307348 2
1573307349 2
1573307350 2
1573307351 2
1573307352 2
1573307353 2
1573307354 2
1573307355 2
1573307356 2
1573307357 2
1573307358 2
1573307359 2
1573307360 2
1573307361 2
1573307362 2
1573307363 2
1573307364 2
1573307365 2
1573307366 2
1573307367 2
1573307368 2
1573307369 2
1573307370 3
1573307371 4
1573307372 4
1573307373 4
1573307374 4
1573307375 4
1573307376 4
1573307377 3
1573307378 3
1573307379 3
1573307380 3
1573307381 3
1573307382 3
1573307383 3
1573307384 3
1573307385 3
1573307386 4
1573307387 4
1573307388 4
1573307389 4
1573307390 3
1573307391 3
1573307392 3
1573307393 2
1573307394 2
1573307395 2
1573307396 2
1573307397 2
1573307398 2
1573307399 2
1573307400 2
1573307401 2
1573307402 2
1573307403 2
1573307404 2
1573307405 2
1573307406 2
1573307407 2
1573307408 2
1573307409 2
1573307410 2
1573307411 2
1573307412 2
1573307413 2
1573307414 2
1573307415 2
1573307416 2
1573307417 2
1573307418 2
1573307419 2
1573307420 2
1573307421 2
1573307422 2
1573307423 2
1573307424 2
1573307616 2
1573307617 2
1573307618 3
1573307619 3
1573307620 3
1573307621 3
1573307622 1
1573307623 2
1573307624 2
1573307625 1
1573307626 1
1573307627 2
1573307628 2
1573307629 3
1573307630 4
1573307631 3
1573307632 3
1573307633 3
1573307634 3
1573307635 3
1573307636 5
1573307637 4
1573307638 3
1573307639 3
1573307640 3
1573307641 3
1573307642 2
1573307643 2
1573307644 3
1573307645 4
1573307646 4
1573307647 3
1573307648 3
1573307649 3
1573307650 3
1573307651 3
1573307652 3
1573307653 3
1573307654 2
1573307655 2
1573307656 2
1573307657 2
1573307658 3
1573307659 2
1573307660 2
1573307661 2
1573307662 2
1573307663 2
1573307664 2
1573307665 2
1573307666 2
1573307667 2
1573307668 2
1573307669 2
1573307670 2
1573307671 2
1573307672 2
1573307673 2
1573307674 2
1573307675 2
1573307676 2
1573307677 2
1573307678 2
1573307679 2
1573307680 2
1573307681 2
1573307682 2
1573307683 2
1573307684 2
1573307685 2
1573307686 2
1573307687 3
1573307688 4
1573307689 4
1573307690 4
1573307691 4
1573307692 4
1573307693 4
1573307694 4
1573307695 4
1573307696 4
1573307697 4
1573307698 4
1573307699 4
1573307700 3
1573307701 2
1573307702 3
1573307703 4
1573307704 4
1573307705 4
1573307706 4
1573307707 4
1573307708 3
1573307709 2
1573307710 2
1573307711 2
1573307712 2
1573307713 2
1573307714 2
1573307715 2
1573307716 2
1573307717 2
1573307718 2
1573307719 2
1573307720 2
1573307721 2
1573307722 2
1573307723 2
1573307724 2
1573307725 2
1573307726 2
1573307727 2
1573307728 2
1573307729 2
1573307730 2
1573307731 2
1573307732 2
1573307733 2
1573307734 2
1573307735 2
1573307736 2
1573307737 2
1573307738 2
1573307739 2
1573307740 2
1573307741 3
1573307931 2
1573307932 3
1573307933 3
1573307934 4
1573307935 4
1573307936 3
1573307937 2
1573307938 2
1573307939 1
1573307940 1
1573307941 1
1573307942 1
1573307943 2
1573307944 2
1573307945 3
1573307946 3
1573307947 3
1573307948 4
1573307949 3
1573307950 3
1573307951 5
1573307952 5
1573307953 4
1573307954 4
1573307955 3
1573307956 3
1573307957 2
1573307958 2
1573307959 2
1573307960 2
1573307961 3
1573307962 3
1573307963 3
1573307964 3
1573307965 3
1573307966 3
1573307967 3
1573307968 3
1573307969 3
1573307970 3
1573307971 3
1573307972 3
1573307973 2
1573307974 2
1573307975 2
1573307976 2
1573307977 2
1573307978 2
1573307979 2
1573307980 2
1573307981 2
1573307982 2
1573307983 2
1573307984 2
1573307985 2
1573307986 2
1573307987 2
1573307988 2
1573307989 2
1573307990 2
1573307991 2
1573307992 2
1573307993 1
1573307994 2
1573307995 1
1573307996 2
1573307997 2
1573307998 2
1573307999 2
1573308000 2
1573308001 2
1573308002 2
1573308003 2
1573308004 2
1573308005 2
1573308006 2
1573308007 2
1573308008 2
1573308009 3
1573308010 4
1573308011 4
1573308012 4
1573308013 4
1573308014 4
1573308015 4
1573308016 3
1573308017 3
1573308018 3
1573308019 3
1573308020 3
1573308021 2
1573308022 2
1573308023 3
1573308024 4
1573308025 4
1573308026 4
1573308027 4
1573308028 4
1573308029 2
1573308030 2
1573308031 2
1573308032 2
1573308033 2
1573308034 2
1573308035 2
1573308036 2
1573308037 2
1573308038 2
1573308039 2
1573308040 2
1573308041 2
1573308042 2
1573308043 2
1573308044 2
1573308045 2
1573308046 2
1573308047 2
1573308048 2
1573308049 2
1573308050 2
1573308051 2
1573308052 2
1573308053 2
1573308054 2
1573308055 2
1573308056 2
1573308057 2
1573308058 2
1573308059 2
1573308060 2
1573308061 3
1573308062 3
1573308096 2
1573308097 2
1573308098 3
1573308099 4
1573308100 4
1573308101 4
1573308102 2
1573308103 3
1573308104 4
1573308105 3
1573308106 3
1573308107 4
1573308108 3
1573308109 3
1573308110 2
1573308111 2
1573308112 1
1573308113 1
1573308114 2
1573308115 3
1573308116 3
1573308117 2
1573308118 2
1573308119 3
1573308120 2
1573308121 2
1573308122 2
1573308123 3
1573308124 3
1573308125 4
1573308126 3
1573308127 3
1573308128 5
1573308129 5
1573308130 4
1573308131 4
1573308132 4
1573308133 4
1573308134 4
1573308135 4
1573308136 2
1573308137 2
1573308138 2
1573308139 2
1573308140 2
1573308141 2
1573308142 2
1573308143 2
1573308144 2
1573308145 2
1573308146 3
1573308147 2
1573308148 2
1573308149 2
1573308150 2
1573308151 2
1573308152 2
1573308153 2
1573308154 3
1573308155 3
1573308156 3
1573308157 3
1573308158 2
1573308159 2
1573308160 2
1573308161 1
1573308162 1
1573308163 1
1573308164 1
1573308165 1
1573308166 2
1573308167 2
1573308168 2
1573308169 2
1573308170 2
1573308171 3
1573308172 5
1573308173 5
1573308174 6
1573308175 5
1573308176 5
1573308177 5
1573308178 5
1573308179 4
1573308180 4
1573308181 5
1573308182 5
1573308183 5
1573308184 3
1573308185 2
1573308186 2
1573308187 2
1573308188 2
1573308189 2
1573308190 1
1573308191 1
1573308192 1
1573308193 1
1573308194 1
1573308195 2
1573308196 2
1573308197 3
1573308198 2
1573308199 3
1573308200 3
1573308201 3
1573308202 2
1573308203 1
1573308204 2
1573308205 2
1573308206 2
1573308207 2
1573308208 3
1573308209 3
1573308210 2
1573308211 2
1573308212 2
1573308213 2
1573308214 2
1573308215 2
1573308216 2
1573308217 2
1573308218 2
1573308219 2
1573308220 3
1573308221 3
1573308222 3
1573308223 3
1573308224 3
1573308225 4
1573308226 5
1573308227 6
1573308228 3
1573308229 2
1573308230 2
1573308231 2
1573308232 2
1573308233 2
1573308234 3
1573308235 3
1573308236 2
1573308237 3
1573308238 3
1573308239 2
1573308240 2
1573308241 2
1573308242 2
1573308243 1
1573308244 1
1573308245 1
1573308246 2
1573308247 2
1573308248 3
1573308249 2
1573308250 2
1573308251 2
1573308252 2
1573308253 1
1573308254 1
1573308255 1
1573308256 1
1573308257 1
1573308258 1
1573308259 1
1573308260 1
1573308261 1
1573308262 1
1573308263 3
1573308264 3
1573308265 3
1573308266 3
1573308267 4
1573308268 4
1573308269 3
1573308270 3
1573308271 4
1573308272 5
1573308273 4
1573308274 5
1573308275 3
1573308276 3
1573308277 2
1573308278 2
1573308279 2
1573308280 2
1573308281 2
1573308282 3
1573308283 3
1573308284 4
1573308285 3
1573308286 3
1573308287 3
1573308288 3
1573308289 3
1573308290 3
1573308291 3
1573308292 3
1573308293 2
1573308294 2
1573308295 2
1573308296 2
1573308297 2
1573308298 2
1573308299 2
1573308300 2
1573308301 2
1573308302 2
1573308303 2
1573308304 2
1573308305 2
1573308306 2
1573308307 2
1573308308 2
1573308309 2
1573308310 2
1573308311 2
1573308312 2
1573308313 2
1573308314 2
1573308315 2
1573308316 2
1573308317 2
1573308318 2
1573308319 2
1573308320 2
1573308321 2
1573308322 2
1573308323 3
1573308324 4
1573308325 4
1573308326 4
1573308327 4
1573308328 4
1573308329 3
1573308330 3
1573308331 3
1573308332 3
1573308333 3
1573308334 3
1573308335 3
1573308336 3
1573308337 3
1573308338 4
1573308339 4
1573308340 4
1573308341 4
1573308342 3
1573308343 3
1573308344 3
1573308345 2
1573308346 2
1573308347 2
1573308348 2
1573308349 2
1573308350 2
1573308351 2
1573308352 2
1573308353 2
1573308354 2
1573308355 2
1573308356 2
1573308357 2
1573308358 2
1573308359 2
1573308360 2
1573308361 2
1573308362 2
1573308363 2
1573308364 2
1573308365 2
1573308366 2
1573308367 2
1573308368 2
1573308369 2
1573308370 2
1573308371 2
1573308372 2
1573308373 2
1573308374 2
1573308375 2
1573308376 3
1573308584 2
1573308585 2
1573308586 2
1573308587 2
1573308588 3
1573308589 3
1573308590 2
1573308591 3
1573308592 4
1573308593 2
1573308594 1
1573308595 2
1573308596 3
1573308597 4
1573308598 4
1573308599 3
1573308600 4
1573308601 4
1573308602 4
1573308603 6
1573308604 4
1573308605 4
1573308606 3
1573308607 3
1573308608 3
1573308609 2
1573308610 2
1573308611 2
1573308612 3
1573308613 4
1573308614 4
1573308615 4
1573308616 3
1573308617 3
1573308618 3
1573308619 3
1573308620 3
1573308621 2
1573308622 2
1573308623 2
1573308624 2
1573308625 3
1573308626 2
1573308627 2
1573308628 2
1573308629 2
1573308630 2
1573308631 2
1573308632 2
1573308633 2
1573308634 2
1573308635 2
1573308636 2
1573308637 2
1573308638 2
1573308639 2
1573308640 2
1573308641 2
1573308642 2
1573308643 2
1573308644 2
1573308645 2
1573308646 2
1573308647 2
1573308648 2
1573308649 2
1573308650 2
1573308651 2
1573308652 2
1573308653 2
1573308654 3
1573308655 4
1573308656 4
1573308657 4
1573308658 4
1573308659 4
1573308660 4
1573308661 3
1573308662 3
1573308663 3
1573308664 3
1573308665 3
1573308666 3
1573308667 2
1573308668 3
1573308669 4
1573308670 4
1573308671 4
1573308672 4
1573308673 4
1573308674 2
1573308675 2
1573308676 2
1573308677 2
1573308678 2
1573308679 2
1573308680 2
1573308681 2
1573308682 2
1573308683 2
1573308684 2
1573308685 2
1573308686 2
1573308687 2
1573308688 2
1573308689 2
1573308690 2
1573308691 2
1573308692 2
1573308693 2
1573308694 2
1573308695 2
1573308696 2
1573308697 2
1573308698 2
1573308699 2
1573308700 2
1573308701 2
1573308702 2
1573308703 2
1573308704 2
1573308705 2
1573308706 2
1573308707 2
1573308743 2
1573308744 2
1573308745 2
1573308746 2
1573308747 2
1573308748 2
1573308749 3
1573308750 3
1573308751 3
1573308752 3
1573308753 2
1573308754 2
1573308755 1
1573308756 1
1573308757 1
1573308758 1
1573308759 1
1573308760 2
1573308761 3
1573308762 2
1573308763 2
1573308764 2
1573308765 2
1573308766 3
1573308767 2
1573308768 2
1573308769 2
1573308770 3
1573308771 3
1573308772 3
1573308773 3
1573308774 3
1573308775 4
1573308776 5
1573308777 3
1573308778 4
1573308779 3
1573308780 3
1573308781 2
1573308782 2
1573308783 2
1573308784 2
1573308785 2
1573308786 2
1573308787 2
1573308788 3
1573308789 2
1573308790 2
1573308791 2
1573308792 3
1573308793 2
1573308794 2
1573308795 2
1573308796 2
1573308797 2
1573308798 1
1573308799 2
1573308800 3
1573308801 3
1573308802 3
1573308803 2
1573308804 3
1573308805 2
1573308806 2
1573308807 1
1573308808 1
1573308809 1
1573308810 1
1573308811 2
1573308812 2
1573308813 2
1573308814 2
1573308815 3
1573308816 3
1573308817 2
1573308818 3
1573308819 5
1573308820 5
1573308821 6
1573308822 5
1573308823 5
1573308824 5
1573308825 5
1573308826 5
1573308827 5
1573308828 4
1573308829 4
1573308830 3
1573308831 2
1573308832 2
1573308833 3
1573308834 2
1573308835 4
1573308836 3
1573308837 2
1573308838 2
1573308839 2
1573308840 3
1573308841 4
1573308842 3
1573308843 4
1573308844 6
1573308845 5
1573308846 5
1573308847 4
1573308848 3
1573308849 4
1573308850 4
1573308851 4
1573308852 3
1573308853 2
1573308854 3
1573308855 3
1573308856 3
1573308857 3
1573308858 4
1573308859 4
1573308860 3
1573308861 2
1573308862 2
1573308863 2
1573308864 2
1573308865 2
1573308866 2
1573308867 2
1573308868 2
1573308869 2
1573308870 3
1573308871 3
1573308872 3
1573308873 3
1573308874 4
1573308875 3
1573308876 4
1573308877 3
1573308878 3
1573308879 2
1573308880 2
1573308881 2
1573308882 2
1573308883 3
1573308884 2
1573308885 2
1573308886 2
1573308887 2
1573308888 2
1573308889 2
1573308890 2
1573308891 2
1573308892 1
1573308893 1
1573308894 1
1573308895 1
1573308896 2
1573308897 2
1573308898 2
1573308899 2
1573308900 2
1573308901 2
1573308902 2
1573308903 3
1573308904 2
1573308905 3
1573308906 3
1573308907 2
1573308908 2
1573308909 2
1573308910 1
1573308911 1
1573308912 1
1573308913 2
1573308914 2
1573308915 2
1573308916 4
1573308917 3
1573308918 3
1573308919 3
1573308920 3
1573308921 3
1573308922 5
1573308923 5
1573308924 4
1573308925 5
1573308926 3
1573308927 3
1573308928 2
1573308929 2
1573308930 2
1573308931 2
1573308932 2
1573308933 3
1573308934 3
1573308935 3
1573308936 4
1573308937 4
1573308938 4
1573308939 3
1573308940 3
1573308941 3
1573308942 2
1573308943 2
1573308944 2
1573308945 2
1573308946 2
1573308947 2
1573308948 2
1573308949 2
1573308950 2
1573308951 2
1573308952 2
1573308953 2
1573308954 2
1573308955 2
1573308956 2
1573308957 2
1573308958 2
1573308959 2
1573308960 2
1573308961 2
1573308962 2
1573308963 2
1573308964 2
1573308965 2
1573308966 2
1573308967 2
1573308968 2
1573308969 2
1573308970 2
1573308971 2
1573308972 2
1573308973 2
1573308974 3
1573308975 3
1573308976 4
1573308977 4
1573308978 4
1573308979 4
1573308980 3
1573308981 3
1573308982 3
1573308983 3
1573308984 3
1573308985 4
1573308986 2
1573308987 2
1573308988 2
1573308989 3
1573308990 4
1573308991 4
1573308992 4
1573308993 4
1573308994 3
1573308995 2
1573308996 2
1573308997 3
1573308998 2
1573308999 2
1573309000 2
1573309001 2
1573309002 2
1573309003 2
1573309004 2
1573309005 2
1573309006 2
1573309007 2
1573309008 2
1573309009 2
1573309010 2
1573309011 2
1573309012 2
1573309013 2
1573309014 2
1573309015 2
1573309016 2
1573309017 2
1573309018 2
1573309019 2
1573309020 2
1573309021 2
1573309022 2
1573309023 2
1573309024 2
1573309025 2
1573309026 2
1573309027 3
1573309062 1
1573309063 2
1573309064 2
1573309065 2
1573309066 2
1573309067 2
1573309068 2
1573309069 3
1573309070 2
1573309071 2
1573309072 2
1573309073 3
1573309074 2
1573309075 2
1573309076 1
1573309077 1
1573309078 1
1573309079 1
1573309080 1
1573309081 2
1573309082 3
1573309083 2
1573309084 2
1573309085 2
1573309086 2
1573309087 2
1573309088 2
1573309089 2
1573309090 3
1573309091 3
1573309092 3
1573309093 4
1573309094 3
1573309095 3
1573309096 6
1573309097 6
1573309098 5
1573309099 3
1573309100 3
1573309101 3
1573309102 3
1573309103 2
1573309104 2
1573309105 2
1573309106 2
1573309107 2
1573309108 2
1573309109 2
1573309110 2
1573309111 2
1573309112 2
1573309113 2
1573309114 3
1573309115 2
1573309116 2
1573309117 2
1573309118 2
1573309119 2
1573309120 2
1573309121 2
1573309122 3
1573309123 3
1573309124 3
1573309125 3
1573309126 3
1573309127 2
1573309128 2
1573309129 2
1573309130 2
1573309131 1
1573309132 1
1573309133 1
1573309134 2
1573309135 2
1573309136 2
1573309137 2
1573309138 3
1573309139 3
1573309140 5
1573309141 5
1573309142 5
1573309143 5
1573309144 5
1573309145 5
1573309146 5
1573309147 5
1573309148 6
1573309149 5
1573309150 5
1573309151 5
1573309152 4
1573309153 2
1573309154 2
1573309155 2
1573309156 2
1573309157 2
1573309158 2
1573309159 2
1573309160 1
1573309161 1
1573309162 1
1573309163 1
1573309164 3
1573309165 3
1573309166 4
1573309167 2
1573309168 3
1573309169 3
1573309170 3
1573309171 2
1573309172 1
1573309173 2
1573309174 2
1573309175 2
1573309176 2
1573309177 2
1573309178 3
1573309179 2
1573309180 2
1573309181 2
1573309182 2
1573309183 2
1573309184 2
1573309185 2
1573309186 2
1573309187 2
1573309188 2
1573309189 2
1573309190 3
1573309191 3
1573309192 3
1573309193 3
1573309194 3
1573309195 4
1573309196 5
1573309197 4
1573309198 3
1573309199 2
1573309200 2
1573309201 2
1573309202 2
1573309203 2
1573309204 3
1573309205 2
1573309206 2
1573309207 3
1573309208 2
1573309209 2
1573309210 3
1573309211 2
1573309212 2
1573309213 1
1573309214 2
1573309215 2
1573309216 2
1573309217 2
1573309218 2
1573309219 2
1573309220 3
1573309221 2
1573309222 2
1573309223 2
1573309224 2
1573309225 3
1573309226 3
1573309227 4
1573309228 4
1573309229 3
1573309230 3
1573309231 1
1573309232 2
1573309233 2
1573309234 2
1573309235 2
1573309236 2
1573309237 3
1573309238 4
1573309239 3
1573309240 4
1573309241 3
1573309242 2
1573309243 2
1573309244 5
1573309245 4
1573309246 4
1573309247 3
1573309248 3
1573309249 3
1573309250 2
1573309251 2
1573309252 4
1573309253 3
1573309254 4
1573309255 3
1573309256 3
1573309257 3
1573309258 3
1573309259 3
1573309260 3
1573309261 3
1573309262 3
1573309263 3
1573309264 2
1573309265 2
1573309266 2
1573309267 2
1573309268 2
1573309269 2
1573309270 2
1573309271 2
1573309272 2
1573309273 2
1573309274 2
1573309275 2
1573309276 2
1573309277 2
1573309278 2
1573309279 2
1573309280 2
1573309281 2
1573309282 2
1573309283 2
1573309284 2
1573309285 2
1573309286 2
1573309287 2
1573309288 2
1573309289 2
1573309290 2
1573309291 2
1573309292 2
1573309293 2
1573309294 2
1573309295 2
1573309296 2
1573309297 3
1573309298 4
1573309299 4
1573309300 4
1573309301 4
1573309302 4
1573309303 3
1573309304 3
1573309305 3
1573309306 3
1573309307 3
1573309308 3
1573309309 3
1573309310 3
1573309311 3
1573309312 3
1573309313 4
1573309314 4
1573309315 4
1573309316 4
1573309317 4
1573309318 4
1573309319 4
1573309320 4
1573309321 4
1573309322 4
1573309323 4
1573309324 3
1573309325 3
1573309326 4
1573309327 2
1573309328 2
1573309329 2
1573309330 2
1573309331 2
1573309332 2
1573309333 2
1573309334 2
1573309335 2
1573309336 2
1573309337 2
1573309338 2
1573309339 2
1573309340 2
1573309341 2
1573309342 2
1573309343 2
1573309344 2
1573309345 2
1573309346 2
1573309347 2
1573309348 2
1573309349 2
1573309350 2
1573309351 2
1573309352 2
1573309353 2
1573309354 2
1573309355 2
1573309356 2
1573309357 4
1573309358 3
1573309552 2
1573309553 2
1573309554 2
1573309555 2
1573309556 2
1573309557 2
1573309558 1
1573309559 1
1573309560 1
1573309561 2
1573309562 2
1573309563 1
1573309564 2
1573309565 3
1573309566 3
1573309567 4
1573309568 4
1573309569 4
1573309570 4
1573309571 3
1573309572 2
1573309573 5
1573309574 4
1573309575 3
1573309576 3
1573309577 3
1573309578 3
1573309579 3
1573309580 2
1573309581 3
1573309582 2
1573309583 3
1573309584 3
1573309585 3
1573309586 3
1573309587 3
1573309588 3
1573309589 4
1573309590 3
1573309591 2
1573309592 2
1573309593 2
1573309594 2
1573309595 2
1573309596 3
1573309597 2
1573309598 2
1573309599 2
1573309600 2
1573309601 2
1573309602 2
1573309603 2
1573309604 2
1573309605 2
1573309606 2
1573309607 2
1573309608 2
1573309609 2
1573309610 2
1573309611 2
1573309612 2
1573309613 2
1573309614 2
1573309615 2
1573309616 2
1573309617 2
1573309618 2
1573309619 2
1573309620 2
1573309621 2
1573309622 2
1573309623 2
1573309624 2
1573309625 3
1573309626 4
1573309627 4
1573309628 4
1573309629 4
1573309630 4
1573309631 4
1573309632 4
1573309633 4
1573309634 4
1573309635 4
1573309636 4
1573309637 4
1573309638 4
1573309639 3
1573309640 2
1573309641 2
1573309642 1
1573309643 1
1573309644 2
1573309645 2
1573309646 2
1573309647 2
1573309648 2
1573309649 2
1573309650 2
1573309651 2
1573309652 2
1573309653 2
1573309654 2
1573309655 2
1573309656 2
1573309657 2
1573309658 2
1573309659 2
1573309660 2
1573309661 2
1573309662 2
1573309663 2
1573309664 2
1573309665 2
1573309666 2
1573309667 2
1573309668 2
1573309669 2
1573309670 2
1573309671 2
1573309672 2
1573309673 2
1573309674 2
1573309675 2
1573309676 2
1573309677 2
1573309678 2
1573309679 2
1573309680 2
1573309681 2
1573309682 2
1573309683 2
1573309684 2
1573309685 2
1573309686 2
1573309687 2
1573309688 2
1573309689 2
1573309690 2
1573309691 2
1573309692 2
1573309693 2
1573309694 2
1573309695 2
1573309696 2
1573309697 2
1573309698 2
1573309699 2
1573309700 2
1573309701 2
1573309702 2
1573309703 2
1573309704 2
1573309705 2
1573309706 2
1573309707 2
1573309708 2
1573309709 2
1573309710 2
1573309711 2
1573309712 2
1573309713 2
1573309714 2
1573309715 2
1573309716 2
1573309717 2
1573309718 2
1573309719 2
1573309720 2
1573309721 2
1573309722 2
1573309723 2
1573309724 2
1573309725 2
1573309726 2
1573309727 2
1573309728 2
1573309729 2
1573309730 2
1573309731 2
1573309732 2
1573309733 2
1573309734 2
1573309735 2
1573309736 2
1573309737 2
1573309738 2
1573309739 2
1573309740 2
1573309741 2
1573309742 2
1573309743 2
1573309744 2
1573309745 2
1573309746 2
1573309747 2
1573309748 2
1573309749 2
1573309750 2
1573309751 2
1573309752 2
1573309753 2
1573309754 2
1573309755 2
1573309756 2
1573309757 2
1573309758 2
1573309759 2
1573309760 2
1573309761 2
1573309762 2
1573309763 2
1573309764 2
1573309765 2
1573309766 2
1573309767 2
1573309768 2
1573309769 2
1573309770 2
1573309771 2
1573309772 2
1573309773 2
1573309774 2
1573309775 2
1573309776 2
1573309777 2
1573309778 2
1573309779 2
1573309780 2
1573309781 2
1573309782 2
1573309783 2
1573309784 2
1573309785 2
1573309786 2
1573309787 2
1573309788 2
1573309789 2
1573309790 2
1573309791 2
1573309792 2
1573309793 2
1573309794 2
1573309795 2
1573309796 2
1573309797 2
1573309798 2
1573309799 2
1573309800 2
1573309801 2
1573309802 2
1573309803 2
1573309804 2
1573309805 2
1573309806 2
1573309807 2
1573309808 2
1573309809 2
1573309810 2
1573309811 2
1573309812 2
1573309813 2
1573309814 2
1573309815 2
1573309816 2
1573309817 2
1573309818 2
1573309819 2
1573309820 2
1573309821 2
1573309822 2
1573309823 2
1573309824 2
1573309825 2
1573309826 2
1573309827 2
1573309828 2
1573309829 2
1573309830 2
1573309831 2
1573309832 2
1573309833 2
1573309834 2
1573309835 2
1573309836 2
1573309837 2
1573309838 2
1573309839 2
1573309840 2
1573309841 2
1573309842 2
1573309843 2
1573309844 2
1573309845 2
1573309846 2
1573309847 2
1573309848 2
1573309849 2
1573309850 2
1573309851 2
1573309852 2
1573309853 2
1573309854 2
1573309855 2
1573309856 2
1573309857 2
1573309858 2
1573309859 2
1573309860 2
1573309861 2
1573309862 2
1573309863 2
1573309864 2
1573309865 2
1573309866 2
1573309867 2
1573309868 2
1573309869 2
1573309870 2
1573309871 2
1573309872 2
1573309873 2
1573309874 2
1573309875 2
1573309876 2
1573309877 2
1573309878 2
1573309879 2
1573309880 2
1573309881 2
1573309882 2
1573309883 2
1573309884 2
1573309885 2
1573309886 2
1573309887 2
1573309888 2
1573309889 2
1573309890 2
1573309891 2
1573309892 2
1573309893 2
1573309894 2
1573309895 2
1573309896 2
1573309897 2
1573309898 2
1573309899 2
1573309900 2
1573309901 2
1573309902 2
1573309903 2
1573309904 2
1573309905 2
1573309906 2
1573309907 2
1573309908 2
1573309909 2
1573309910 2
1573309911 2
1573309912 2
1573309913 2
1573309914 2
1573309915 2
1573309916 2
1573309917 2
1573309918 2
1573309919 2
1573309920 1
1573309921 1
1573309922 1
1573309923 1
1573309924 1
1573309925 1
1573309926 1
1573309927 1
1573309928 1
1573309929 1
1573309930 1
1573309931 1
1573309932 1
1573309933 1
1573309934 1
1573309935 1
1573309936 1
1573309937 1
1573309938 1
1573309939 1
1573309940 1
1573309941 1
1573309942 1
1573309943 1
1573309944 1
1573309945 1
1573309946 1
1573309947 1
1573309948 1
1573309949 1
1573309950 1
1573309951 1
1573309952 1
1573309953 1
1573309954 1
1573309955 1
1573309956 1
1573309957 1
1573309958 1
1573309959 1
1573309960 1
1573309961 1
1573309962 1
1573309963 1
1573309964 1
1573309965 1
1573309966 1
1573309967 1
1573309968 1
1573309969 1
1573309970 1
1573309971 1
1573309972 1
1573309973 1
1573309974 1
1573309975 1
1573309976 1
1573309977 1
1573309978 1
1573309979 1
1573309980 1
1573309981 1
1573309982 1
1573309983 1
1573309984 1
1573309985 1
1573309986 1
1573309987 1
1573309988 1
1573309989 1
1573309990 1
1573309991 1
1573309992 1
1573309993 1
1573309994 1
1573309995 1
1573309996 1
1573309997 1
1573309998 1
1573309999 1
1573310000 1
1573310001 1
1573310002 1
1573310003 1
1573310004 1
1573310005 1
1573310006 1
1573310007 1
1573310008 1
1573310009 1
1573310010 1
1573310011 1
1573310012 1
1573310013 1
1573310014 1
1573310015 1
1573310016 1
1573310017 1
1573310018 1
1573310019 1
1573310020 1
1573310021 1
1573310022 1
1573310023 1
1573310024 1
1573310025 1
1573310026 1
1573310027 1
1573310028 1
1573310029 1
1573310030 1
1573310031 1
1573310032 1
1573310033 1
1573310034 1
1573310035 1
1573310036 1
1573310037 1
1573310038 1
1573310039 1
1573310040 1
1573310041 1
1573310042 1
1573310043 1
1573310044 1
1573310045 1
1573310046 1
1573310047 1
1573310048 1
1573310049 1
1573310050 1
1573310051 1
1573310052 1
1573310053 1
1573310054 1
1573310055 1
1573310056 1
1573310057 1
1573310058 1
1573310059 1
1573310060 1
1573310061 1
1573310062 1
1573310063 1
1573310064 1
1573310065 1
1573310066 1
1573310067 1
1573310068 1
1573310069 1
1573310070 1
1573310071 1
1573310072 1
1573310073 1
1573310074 1
1573310075 1
1573310076 1
1573310077 1
1573310078 1
1573310079 1
1573310080 1
1573310081 1
1573310082 1
1573310083 1
1573310084 1
1573310085 1
1573310086 1
1573310087 1
1573310088 1
1573310089 1
1573310090 1
1573310091 1
1573310092 1
1573310093 1
1573310094 1
1573310095 1
1573310096 1
1573310097 2
1573310098 2
1573310099 1
1573310100 1
1573310101 1
1573310102 1
1573310103 1
1573310104 1
1573310105 1
1573310106 1
1573310107 1
1573310108 1
1573310109 1
1573310110 1
1573310111 1
1573310112 1
1573310113 1
1573310114 1
1573310115 1
1573310116 1
1573310117 1
1573310118 1
1573310119 1
1573310120 1
1573310121 1
1573310122 1
1573310123 1
1573310124 1
1573310125 1
1573310126 1
1573310127 1
1573310128 1
1573310129 1
1573310130 1
1573310131 1
1573310132 1
1573310133 1
1573310134 1
1573310135 1
1573310136 1
1573310137 1
1573310138 1
1573310139 1
1573310140 1
1573310141 1
1573310142 1
1573310143 1
1573310144 2
1573310145 2
1573310146 3
1573310147 3
1573310148 1
1573310149 1
1573310150 1
1573310151 1
1573310152 1
1573310153 2
1573310154 2
1573310155 3
1573310156 3
1573310157 3
1573310158 3
1573310159 2
1573310160 3
1573310161 5
1573310162 4
1573310163 4
1573310164 5
1573310165 4
1573310166 2
1573310167 2
1573310168 2
1573310169 2
1573310170 2
1573310171 2
1573310172 2
1573310173 2
1573310174 2
1573310175 2
1573310176 2
1573310177 2
1573310178 2
1573310179 2
1573310180 2
1573310181 2
1573310182 2
1573310183 2
1573310184 2
1573310185 2
1573310186 2
1573310187 2
1573310188 2
1573310189 2
1573310190 2
1573310191 2
1573310192 2
1573310193 2
1573310194 2
1573310195 2
1573310196 2
1573310197 2
1573310198 2
1573310199 3
1573310776 4
1573310777 3
1573310778 3
1573310779 3
1573310780 3
1573310781 3
1573310782 3
1573310783 3
1573310784 3
1573310785 3
1573310786 4
1573310787 4
1573310788 4
1573310789 4
1573310790 3
1573310791 3
1573310792 3
1573310793 2
1573310794 2
1573310795 2
1573310796 2
1573310797 2
1573310798 2
1573310799 2
1573310800 2
1573310801 2
1573310802 2
1573310803 2
1573310804 2
1573310805 2
1573310806 2
1573310807 2
1573310808 2
1573310809 2
1573310810 2
1573310811 2
1573310812 2
1573310813 2
1573310814 2
1573310815 2
1573310816 2
1573310817 2
1573310818 2
1573310819 2
1573310820 2
1573310821 2
1573310822 2
1573310823 2
1573310824 3
1573310825 3
1573311392 4
1573311393 5
1573311394 4
1573311395 3
1573311396 3
1573311397 3
1573311398 2
1573311399 2
1573311400 2
1573311401 3
1573311402 4
1573311403 4
1573311404 4
1573311405 4
1573311406 4
1573311407 2
1573311408 2
1573311409 2
1573311410 2
1573311411 2
1573311412 2
1573311413 2
1573311414 2
1573311415 2
1573311416 2
1573311417 2
1573311418 2
1573311419 2
1573311420 2
1573311421 2
1573311422 2
1573311423 2
1573311424 2
1573311425 2
1573311426 2
1573311427 2
1573311428 2
1573311429 2
1573311430 2
1573311431 2
1573311432 2
1573311433 2
1573311434 2
1573311435 2
1573311436 2
1573311437 2
1573311438 2
1573311439 2
1573311440 3
1573312010 4
1573312011 4
1573312012 4
1573312013 4
1573312014 4
1573312015 4
1573312016 4
1573312017 3
1573312018 3
1573312019 3
1573312020 4
1573312021 4
1573312022 4
1573312023 4
1573312024 3
1573312025 2
1573312026 2
1573312027 2
1573312028 2
1573312029 2
1573312030 2
1573312031 2
1573312032 2
1573312033 2
1573312034 2
1573312035 2
1573312036 2
1573312037 2
1573312038 2
1573312039 2
1573312040 2
1573312041 2
1573312042 2
1573312043 2
1573312044 2
1573312045 2
1573312046 2
1573312047 2
1573312048 2
1573312049 2
1573312050 2
1573312051 2
1573312052 2
1573312053 2
1573312054 2
1573312055 2
1573312056 3
1573312057 3
1573312707 4
1573312708 4
1573312709 3
1573312710 3
1573312711 3
1573312712 3
1573312713 3
1573312714 3
1573312715 3
1573312716 3
1573312717 3
1573312718 3
1573312719 4
1573312720 4
1573312721 4
1573312722 4
1573312723 3
1573312724 3
1573312725 2
1573312726 2
1573312727 2
1573312728 2
1573312729 2
1573312730 2
1573312731 2
1573312732 2
1573312733 2
1573312734 2
1573312735 2
1573312736 2
1573312737 2
1573312738 2
1573312739 2
1573312740 2
1573312741 2
1573312742 2
1573312743 2
1573312744 2
1573312745 2
1573312746 2
1573312747 2
1573312748 2
1573312749 2
1573312750 2
1573312751 2
1573312752 2
1573312753 2
1573312754 2
1573312755 2
1573312756 3
1573313329 3
1573313330 3
1573313331 3
1573313332 3
1573313333 3
1573313334 3
1573313335 3
1573313336 3
1573313337 3
1573313338 2
1573313339 3
1573313340 4
1573313341 4
1573313342 4
1573313343 4
1573313344 3
1573313345 2
1573313346 2
1573313347 2
1573313348 2
1573313349 2
1573313350 2
1573313351 2
1573313352 2
1573313353 2
1573313354 2
1573313355 2
1573313356 2
1573313357 2
1573313358 2
1573313359 2
1573313360 2
1573313361 2
1573313362 2
1573313363 2
1573313364 2
1573313365 2
1573313366 2
1573313367 2
1573313368 2
1573313369 2
1573313370 2
1573313371 2
1573313372 2
1573313373 2
1573313374 2
1573313375 2
1573313376 2
1573313377 2
1573313378 3
1573313951 4
1573313952 4
1573313953 4
1573313954 4
1573313955 4
1573313956 4
1573313957 4
1573313958 1
1573313959 1
1573313960 2
1573313961 4
1573313962 4
1573313963 4
1573313964 4
1573313965 3
1573313966 2
1573313967 2
1573313968 2
1573313969 2
1573313970 2
1573313971 2
1573313972 2
1573313973 2
1573313974 2
1573313975 2
1573313976 2
1573313977 2
1573313978 2
1573313979 2
1573313980 2
1573313981 2
1573313982 2
1573313983 2
1573313984 2
1573313985 2
1573313986 2
1573313987 2
1573313988 2
1573313989 2
1573313990 2
1573313991 2
1573313992 2
1573313993 2
1573313994 2
1573313995 2
1573313996 2
1573313997 2
1573313998 2
1573313999 3
1573314578 4
1573314579 3
1573314580 3
1573314581 3
1573314582 3
1573314583 3
1573314584 3
1573314585 3
1573314586 3
1573314587 3
1573314588 3
1573314589 4
1573314590 5
1573314591 4
1573314592 4
1573314593 3
1573314594 3
1573314595 2
1573314596 2
1573314597 2
1573314598 2
1573314599 2
1573314600 2
1573314601 2
1573314602 2
1573314603 2
1573314604 2
1573314605 2
1573314606 2
1573314607 2
1573314608 2
1573314609 2
1573314610 2
1573314611 2
1573314612 2
1573314613 2
1573314614 2
1573314615 2
1573314616 2
1573314617 2
1573314618 2
1573314619 2
1573314620 2
1573314621 2
1573314622 2
1573314623 2
1573314624 2
1573314625 2
1573314626 2
1573314627 2
1573314628 3
