1575554412 2
1575554413 2
1575554414 2
1575554415 2
1575554416 1
1575554417 1
1575554418 1
1575554419 1
1575554420 2
1575554421 1
1575554422 1
1575554423 1
1575554424 1
1575554425 1
1575554426 1
1575554427 1
1575554428 1
1575554429 1
1575554430 1
1575554431 1
1575554432 1
1575554433 2
1575554434 2
1575554435 2
1575554436 2
1575554437 2
1575554438 2
1575554439 4
1575554440 4
1575554441 3
1575554442 3
1575554443 3
1575554444 1
1575554445 1
1575554446 1
1575554447 1
1575554448 2
1575554449 3
1575554450 3
1575554451 4
1575554452 4
1575554453 4
1575554454 3
1575554455 4
1575554456 4
1575554457 5
1575554458 5
1575554459 5
1575554460 5
1575554461 5
1575554462 6
1575554463 5
1575554464 5
1575554465 5
1575554466 5
1575554467 5
1575554468 5
1575554469 5
1575554470 5
1575554471 5
1575554472 5
1575554473 5
1575554474 5
1575554475 5
1575554476 5
1575554477 5
1575554478 5
1575554479 5
1575554480 5
1575554481 5
1575554482 5
1575554483 5
1575554484 5
1575554485 5
1575554486 5
1575554487 5
1575554488 5
1575554489 5
1575554490 5
1575554491 5
1575554492 5
1575554493 5
1575554494 5
1575554495 5
1575554496 5
1575554497 5
1575554498 5
1575554499 5
1575554500 5
1575554501 5
1575554502 5
1575554503 5
1575554504 5
1575554505 5
1575554506 5
1575554507 5
1575554508 5
1575554509 5
1575554510 5
1575554511 5
1575554512 5
1575554513 5
1575554514 5
1575554515 5
1575554516 5
1575554517 5
1575554518 5
1575554519 5
1575554520 5
1575554521 5
1575554522 5
1575554523 5
1575554524 5
1575554525 5
1575554526 5
1575554527 5
1575554528 5
1575554529 5
1575554530 5
1575554531 5
1575554532 5
1575554533 5
1575554534 5
1575554535 5
1575554536 5
1575554537 5
1575554538 5
1575554539 5
1575554540 5
1575554541 5
1575554542 5
1575554543 5
1575554544 5
1575554545 5
1575554546 5
1575554547 5
1575554548 5
1575554549 5
1575554550 5
1575554551 5
1575554552 5
1575554553 5
1575554554 5
1575554555 5
1575554556 5
1575554557 5
1575554558 5
1575554559 5
1575554560 5
1575554561 5
1575554562 5
1575554563 5
1575554564 5
1575554565 5
1575554566 5
1575554567 5
1575554568 5
1575554569 5
1575554570 5
1575554571 5
1575554572 5
1575554573 5
1575554574 5
1575554575 5
1575554576 5
1575554577 5
1575554578 5
1575554579 5
1575554580 5
1575554581 5
1575554582 5
1575554583 5
1575554584 5
1575554585 5
1575554586 5
1575554587 5
1575554588 5
1575554589 5
1575554590 5
1575554591 5
1575554592 5
1575554593 5
1575554594 5
1575554595 5
1575554596 5
1575554597 5
1575554598 5
1575554599 5
1575554600 5
1575554601 5
1575554602 5
1575554603 5
1575554604 5
1575554605 5
1575554606 5
1575554607 5
1575554608 5
1575554609 5
1575554610 5
1575554611 5
1575554612 5
1575554613 5
1575554614 5
1575554615 5
1575554616 5
1575554617 5
1575554618 5
1575554619 5
1575554620 5
1575554621 5
1575554622 5
1575554623 5
1575554624 5
1575554625 5
1575554626 5
1575554627 5
1575554628 5
1575554629 5
1575554630 5
1575554631 5
1575554632 5
1575554633 5
1575554634 5
1575554635 5
1575554636 5
1575554637 5
1575554638 5
1575554639 5
1575554640 5
1575554641 5
1575554642 5
1575554643 5
1575554644 5
1575554645 5
1575554646 5
1575554647 5
1575554648 5
1575554649 5
1575554650 5
1575554651 5
1575554652 5
1575554653 5
1575554654 5
1575554655 5
1575554656 5
1575554657 5
1575554658 5
1575554659 5
1575554660 5
1575554661 5
1575554662 5
1575554663 5
1575554664 5
1575554665 5
1575554666 5
1575554667 5
1575554668 5
1575554669 5
1575554670 5
1575554671 5
1575554672 5
1575554673 5
1575554674 5
1575554675 5
1575554676 5
1575554677 5
1575554678 5
1575554679 5
1575554680 5
1575554681 5
1575554682 5
1575554683 5
1575554684 5
1575554685 5
1575554686 5
1575554687 5
1575554688 5
1575554689 5
1575554690 5
1575554691 5
1575554692 5
1575554693 5
1575554694 5
1575554695 5
1575554696 5
1575554697 5
1575554698 5
1575554699 5
1575554700 5
1575554701 5
1575554702 5
1575554703 5
1575554704 5
1575554705 5
1575554706 5
1575554707 5
1575554708 5
1575554709 5
1575554710 5
1575554711 5
1575554712 5
1575554713 5
1575554714 5
1575554715 5
1575554716 5
1575554717 5
1575554718 5
1575554719 5
1575554720 5
1575554721 5
1575554722 5
1575554723 5
1575554724 5
1575554725 5
1575554726 5
1575554727 5
1575554728 5
1575554729 5
1575554730 5
1575554731 5
1575554732 5
1575554733 5
1575554734 5
1575554735 5
1575554736 5
1575554737 5
1575554738 5
1575554739 5
1575554740 5
1575554741 5
1575554742 5
1575554743 5
1575554744 5
1575554745 5
1575554746 5
1575554747 5
1575554748 5
1575554749 5
1575554750 5
1575554751 5
1575554752 5
1575554753 5
1575554754 5
1575554755 5
1575554756 5
1575554757 5
1575554758 5
1575554759 5
1575554760 5
1575554761 5
1575554762 5
1575554763 5
1575554764 5
1575554765 5
1575554766 5
1575554767 5
1575554768 5
1575554769 5
1575554770 5
1575554771 5
1575554772 5
1575554773 5
1575554774 5
1575554775 5
1575554776 5
1575554777 5
1575554778 5
1575554779 5
1575554780 5
1575554781 5
1575554782 5
1575554783 5
1575554784 5
1575554785 5
1575554786 5
1575554787 5
1575554788 5
1575554789 5
1575554790 5
1575554791 5
1575554792 5
1575554793 5
1575554794 5
1575554795 5
1575554796 5
1575554797 5
1575554798 5
1575554799 5
1575554800 5
1575554801 5
1575554802 5
1575554803 5
1575554804 5
1575554805 5
1575554806 5
1575554807 5
1575554808 5
1575554809 5
1575554810 5
1575554811 5
1575554812 5
1575554813 5
1575554814 5
1575554815 5
1575554816 5
1575554817 5
1575554818 5
1575554819 5
1575554820 5
1575554821 5
1575554822 5
1575554823 5
1575554824 5
1575554825 5
1575554826 5
1575554827 5
1575554828 5
1575554829 5
1575554830 5
1575554831 5
1575554832 5
1575554833 5
1575554834 5
1575554835 5
1575554836 5
1575554837 5
1575554838 5
1575554839 5
1575554840 5
1575554841 5
1575554842 5
1575554843 5
1575554844 5
1575554845 5
1575554846 5
1575554847 5
1575554848 5
1575554849 5
1575554850 5
1575554851 5
1575554852 5
1575554853 5
1575554854 5
1575554855 5
1575554856 5
1575554857 5
1575554858 5
1575554859 5
1575554860 5
1575554861 5
1575554862 5
1575554863 5
1575554864 5
1575554865 5
1575554866 5
1575554867 5
1575554868 5
1575554869 5
1575554870 5
1575554871 5
1575554872 5
1575554873 5
1575554874 5
1575554875 5
1575554876 5
1575554877 5
1575554878 5
1575554879 5
1575554880 5
1575554881 5
1575554882 5
1575554883 5
1575554884 5
1575554885 5
1575554886 5
1575554887 5
1575554888 5
1575554889 5
1575554890 5
1575554891 5
1575554892 5
1575554893 5
1575554894 5
1575554895 5
1575554896 5
1575554897 5
1575554898 5
1575554899 5
1575554900 5
1575554901 6
1575554902 6
1575554903 6
1575554904 5
1575554905 5
1575554906 5
1575554907 5
1575554908 5
1575554909 5
1575554910 5
1575554911 5
1575554912 5
1575554913 5
1575554914 5
1575554915 5
1575554916 5
1575554917 5
1575554918 5
1575554919 5
1575554920 5
1575554921 6
1575554922 5
1575554923 5
1575554924 5
1575554925 5
1575554926 5
1575554927 5
1575554928 5
1575554929 5
1575554930 5
1575554931 5
1575554932 5
1575554933 5
1575554934 5
1575554935 5
1575554936 5
1575554937 5
1575554938 5
1575554939 5
1575554940 5
1575554941 5
1575554942 5
1575554943 5
1575554944 5
1575554945 5
1575554946 5
1575554947 5
1575554948 5
1575554949 5
1575554950 5
1575554951 5
1575554952 5
1575554953 5
1575554954 5
1575554955 5
1575554956 5
1575554957 5
1575554958 5
1575554959 5
1575554960 5
1575554961 5
1575554962 5
1575554963 5
1575554964 5
1575554965 5
1575554966 5
1575554967 5
1575554968 5
1575554969 5
1575554970 5
1575554971 5
1575554972 5
1575554973 5
1575554974 5
1575554975 5
1575554976 5
1575554977 5
1575554978 5
1575554979 5
1575554980 5
1575554981 5
1575554982 5
1575554983 5
1575554984 5
1575554985 5
1575554986 5
1575554987 5
1575554988 5
1575554989 5
1575554990 5
1575554991 5
1575554992 5
1575554993 5
1575554994 5
1575554995 5
1575554996 5
1575554997 5
1575554998 5
1575554999 5
1575555000 5
1575555001 5
1575555002 5
1575555003 5
1575555004 5
1575555005 5
1575555006 5
1575555007 5
1575555008 6
1575555009 6
1575555010 5
1575555011 5
1575555012 5
1575555013 5
1575555014 5
1575555015 5
1575555016 5
1575555017 5
1575555018 5
1575555019 5
1575555020 5
1575555021 5
1575555022 5
1575555023 5
1575555024 5
1575555025 5
1575555026 5
1575555027 5
1575555028 5
1575555029 5
1575555030 5
1575555031 5
1575555032 5
1575555033 5
1575555034 5
1575555035 5
1575555036 5
1575555037 5
1575555038 5
1575555039 5
1575555040 5
1575555041 5
1575555042 5
1575555043 5
1575555044 5
1575555045 5
1575555046 5
1575555047 5
1575555048 5
1575555049 5
1575555050 5
1575555051 5
1575555052 5
1575555053 5
1575555054 5
1575555055 5
1575555056 5
1575555057 5
1575555058 5
1575555059 5
1575555060 5
1575555061 5
1575555062 5
1575555063 5
1575555064 5
1575555065 5
1575555066 5
1575555067 5
1575555068 5
1575555069 5
1575555070 5
1575555071 5
1575555072 5
1575555073 5
1575555074 5
1575555075 5
1575555076 5
1575555077 5
1575555078 5
1575555079 5
1575555080 5
1575555081 5
1575555082 5
1575555083 5
1575555084 5
1575555085 5
1575555086 5
1575555087 5
1575555088 5
1575555089 5
1575555090 5
1575555091 5
1575555092 5
1575555093 5
1575555094 5
1575555095 5
1575555096 5
1575555097 5
1575555098 5
1575555099 5
1575555100 5
1575555101 5
1575555102 5
1575555103 5
1575555220 2
1575555221 2
1575555222 2
1575555223 2
1575555224 2
1575555225 2
1575555226 2
1575555227 2
1575555228 2
1575555229 2
1575555230 2
1575555231 2
1575555232 2
1575555233 2
1575555234 2
1575555235 2
1575555236 2
1575555237 2
1575555238 2
1575555239 2
1575555240 2
1575555241 2
1575555242 2
1575555243 2
1575555244 2
1575555245 2
1575555246 2
1575555247 2
1575555248 2
1575555249 2
1575555250 2
1575555251 2
1575555252 2
1575555253 2
1575555254 2
1575555255 2
1575555256 2
1575555257 2
1575555258 2
1575555259 2
1575555260 2
1575555261 2
1575555262 2
1575555263 2
1575555264 2
1575555265 2
1575555266 2
1575555267 2
1575555268 2
1575555269 2
1575555270 2
1575555271 2
1575555272 2
1575555273 2
1575555274 2
1575555275 2
1575555276 2
1575555277 2
1575555278 2
1575555279 2
1575555280 2
1575555281 2
1575555282 2
1575555283 2
1575555284 2
1575555285 2
1575555286 2
1575555287 2
1575555288 2
1575555289 2
1575555290 2
1575555291 2
1575555292 2
1575555293 2
1575555294 2
1575555295 2
1575555296 2
1575555297 2
1575555298 2
1575555299 2
1575555300 2
1575555301 2
1575555302 2
1575555303 2
1575555304 2
1575555305 2
1575555306 2
1575555307 2
1575555308 2
1575555309 2
1575555310 2
1575555311 2
1575555312 2
1575555313 2
1575555314 2
1575555315 2
1575555316 2
1575555317 2
1575555318 2
1575555319 2
1575555320 2
1575555321 2
1575555322 2
1575555323 2
1575555324 2
1575555325 2
1575555326 2
1575555327 2
1575555328 2
1575555329 2
1575555330 2
1575555331 2
1575555332 2
1575555333 2
1575555334 2
1575555335 2
1575555336 2
1575555337 2
1575555338 2
1575555339 2
1575555340 2
1575555341 2
1575555342 2
1575555343 2
1575555344 2
1575555345 2
1575555346 2
1575555347 2
1575555348 2
1575555349 2
1575555350 2
1575555351 2
1575555352 2
1575555353 2
1575555354 2
1575555355 2
1575555356 2
1575555357 2
1575555358 2
1575555359 2
1575555360 2
1575555361 2
1575555362 2
1575555363 2
1575555364 2
1575555365 2
1575555366 2
1575555367 2
1575555368 2
1575555369 2
1575555370 2
1575555371 2
1575555372 2
1575555373 2
1575555374 2
1575555375 2
1575555376 2
1575555377 2
1575555378 2
1575555379 2
1575555380 2
1575555381 2
1575555382 2
1575555383 2
1575555384 2
1575555385 2
1575555386 2
1575555387 2
1575555388 2
1575555389 2
1575555390 2
1575555391 2
1575555392 2
1575555393 2
1575555394 2
1575555395 2
1575555396 2
1575555397 2
1575555398 2
1575555399 2
1575555400 2
1575555401 2
1575555402 2
1575555403 2
1575555404 2
1575555405 2
1575555406 2
1575555407 2
1575555408 2
1575555409 2
1575555410 2
1575555411 2
1575555412 2
1575555413 2
1575555414 2
1575555415 2
1575555416 2
1575555417 2
1575555418 2
1575555419 2
1575555420 2
1575555421 2
1575555422 2
1575555423 2
1575555424 2
1575555425 2
1575555426 2
1575555427 2
1575555428 2
1575555429 2
1575555430 2
1575555431 2
1575555432 2
1575555433 2
1575555434 2
1575555435 2
1575555436 2
1575555437 2
1575555438 2
1575555439 2
1575555440 2
1575555441 2
1575555442 2
1575555443 2
1575555444 2
1575555445 2
1575555446 2
1575555447 2
1575555448 2
1575555449 2
1575555450 2
1575555451 2
1575555452 2
1575555453 2
1575555454 2
1575555455 2
1575555456 2
1575555457 2
1575555458 2
1575555459 2
1575555460 2
1575555461 2
1575555462 2
1575555463 2
1575555464 2
1575555465 2
1575555466 2
1575555467 2
1575555468 2
1575555469 2
1575555470 2
1575555471 2
1575555472 2
1575555473 2
1575555474 2
1575555475 2
1575555476 2
1575555477 2
1575555478 2
1575555479 2
1575555480 2
1575555481 2
1575555482 2
1575555483 2
1575555484 2
1575555485 2
1575555486 2
1575555487 2
1575555488 2
1575555489 2
1575555490 2
1575555491 2
1575555492 2
1575555493 2
1575555494 2
1575555495 2
1575555496 2
1575555497 2
1575555498 2
1575555499 2
1575555500 2
1575555501 2
1575555502 2
1575555503 2
1575555504 2
1575555505 2
1575555506 2
1575555507 2
1575555508 2
1575555509 2
1575555510 2
1575555511 2
1575555512 2
1575555513 2
1575555514 2
1575555515 2
1575555516 2
1575555517 2
1575555518 2
1575555519 2
1575555520 2
1575555521 2
1575555522 2
1575555523 2
1575555524 2
1575555525 2
1575555526 2
1575555527 2
1575555528 2
1575555529 2
1575555530 2
1575555531 2
1575555532 2
1575555533 2
1575555534 2
1575555535 2
1575555536 2
1575555537 2
1575555538 2
1575555539 2
1575555540 2
1575555541 2
1575555542 2
1575555543 2
1575555544 2
1575555545 2
1575555546 2
1575555547 2
1575555548 2
1575555549 2
1575555550 2
1575555551 2
1575555552 2
1575555553 2
1575555554 2
1575555555 2
1575555556 2
1575555557 2
1575555558 2
1575555559 2
1575555560 2
1575555561 2
1575555562 2
1575555563 2
1575555564 2
1575555565 2
1575555566 2
1575555567 2
1575555568 2
1575555569 2
1575555570 2
1575555571 2
1575555572 2
1575555573 2
1575555574 2
1575555575 2
1575555576 2
1575555577 2
1575555578 2
1575555579 2
1575555580 2
1575555581 2
1575555582 2
1575555583 2
1575555584 2
1575555585 2
1575555586 2
1575555587 2
1575555588 2
1575555589 2
1575555590 2
1575555591 2
1575555592 2
1575555593 2
1575555594 2
1575555595 2
1575555596 2
1575555597 2
1575555598 2
1575555599 2
1575555600 2
1575555601 2
1575555602 2
1575555603 2
1575555604 2
1575555605 2
1575555606 2
1575555607 2
1575555608 2
1575555609 2
1575555610 2
1575555611 2
1575555612 2
1575555613 2
1575555614 2
1575555615 2
1575555616 2
1575555617 2
1575555618 2
1575555619 2
1575555620 2
1575555621 2
1575555622 2
1575555623 2
1575555624 2
1575555625 2
1575555626 2
1575555627 2
1575555628 2
1575555629 2
1575555630 2
1575555631 2
1575555632 2
1575555633 2
1575555634 2
1575555635 2
1575555636 2
1575555637 2
1575555638 2
1575555639 2
1575555640 2
1575555641 2
1575555642 2
1575555643 2
1575555644 2
1575555645 2
1575555646 2
1575555647 2
1575555648 2
1575555649 2
1575555650 2
1575555651 2
1575555652 2
1575555653 2
1575555654 2
1575555655 2
1575555656 2
1575555657 2
1575555658 2
1575555659 2
1575555660 2
1575555661 2
1575555662 2
1575555663 2
1575555664 2
1575555665 2
1575555666 2
1575555667 2
1575555668 2
1575555669 2
1575555670 2
1575555671 2
1575555672 2
1575555673 2
1575555674 2
1575555675 2
1575555676 2
1575555677 2
1575555678 2
1575555679 2
1575555680 2
1575555681 2
1575555682 2
1575555683 2
1575555684 2
1575555685 2
1575555686 2
1575555687 2
1575555688 2
1575555689 2
1575555690 2
1575555691 2
1575555692 2
1575555693 2
1575555694 2
1575555695 2
1575555696 2
1575555697 2
1575555698 2
1575555699 2
1575555700 2
1575555701 2
1575555702 2
1575555703 2
1575555704 2
1575555705 2
1575555706 2
1575555707 2
1575555708 2
1575555709 2
1575555710 2
1575555711 2
1575555712 2
1575555713 2
1575555714 2
1575555715 2
1575555716 2
1575555717 2
1575555718 2
1575555719 2
1575555720 2
1575555721 2
1575555722 2
1575555723 2
1575555724 2
1575555725 2
1575555726 2
1575555727 2
1575555728 2
1575555729 2
1575555730 2
1575555731 2
1575555732 2
1575555733 2
1575555734 2
1575555735 2
1575555736 2
1575555737 2
1575555738 2
1575555739 2
1575555740 2
1575555741 2
1575555742 2
1575555743 2
1575555744 2
1575555745 2
1575555746 2
1575555747 2
1575555748 2
1575555749 2
1575555750 2
1575555751 2
1575555752 2
1575555753 2
1575555754 2
1575555755 2
1575555756 2
1575555757 2
1575555758 2
1575555759 2
1575555760 2
1575555761 2
1575555762 2
1575555763 2
1575555764 2
1575555765 2
1575555766 2
1575555767 2
1575555768 2
1575555769 2
1575555770 2
1575555771 2
1575555772 2
1575555773 2
1575555774 2
1575555775 2
1575555776 2
1575555777 2
1575555778 2
1575555779 2
1575555780 2
1575555781 2
1575555782 2
1575555783 2
1575555784 2
1575555785 2
1575555786 2
1575555787 2
1575555788 2
1575555789 2
1575555790 2
1575555791 2
1575555792 2
1575555793 2
1575555794 2
1575555795 2
1575555796 2
1575555797 2
1575555798 2
1575555799 2
1575555800 2
1575555801 2
1575555802 2
1575555803 2
1575555804 2
1575555805 2
1575555806 2
1575555807 2
1575555808 2
1575555809 2
1575555810 2
1575555811 2
1575555812 2
1575555813 2
1575555814 2
1575555815 2
1575555816 2
1575555817 2
1575555818 2
1575555819 2
1575555820 2
1575555821 2
1575555822 2
1575555823 2
1575555824 2
1575555825 2
1575555826 2
1575555827 2
1575555828 2
1575555829 2
1575555830 2
1575555831 2
1575555832 2
1575555833 2
1575555834 2
1575555835 2
1575555836 2
1575555837 2
1575555838 2
1575555839 2
1575555840 2
1575555841 2
1575555842 2
1575555843 2
1575555844 2
1575555845 2
1575555846 2
1575555847 2
1575556197 2
1575556198 2
1575556199 2
1575556200 2
1575556201 2
1575556202 2
1575556203 2
1575556204 2
1575556205 2
1575556206 2
1575556207 2
1575556208 2
1575556209 2
1575556210 2
1575556211 2
1575556212 2
1575556213 2
1575556214 2
1575556215 2
1575556216 2
1575556217 2
1575556218 2
1575556219 2
1575556220 2
1575556221 2
1575556222 2
1575556223 2
1575556224 2
1575556225 2
1575556226 2
1575556227 2
1575556228 2
1575556229 2
1575556230 2
1575556231 2
1575556232 2
1575556233 2
1575556234 2
1575556235 2
1575556236 2
1575556237 2
1575556238 2
1575556239 2
1575556240 2
1575556241 2
1575556242 2
1575556243 2
1575556244 2
1575556245 2
1575556246 2
1575556247 2
1575556248 2
1575556249 2
1575556250 2
1575556251 2
1575556252 2
1575556253 2
1575556254 2
1575556255 2
1575556256 2
1575556257 2
1575556258 2
1575556259 2
1575556260 2
1575556261 2
1575556262 2
1575556263 2
1575556264 2
1575556265 2
1575556266 2
1575556267 2
1575556268 2
1575556269 2
1575556270 2
1575556271 2
1575556272 2
1575556273 2
1575556274 2
1575556275 2
1575556276 2
1575556277 2
1575556278 2
1575556279 2
1575556280 2
1575556281 2
1575556282 2
1575556283 2
1575556284 2
1575556285 2
1575556286 2
1575556287 2
1575556288 2
1575556289 2
1575556290 2
1575556291 2
1575556292 2
1575556293 2
1575556294 2
1575556295 2
1575556296 2
1575556297 2
1575556298 2
1575556299 2
1575556300 2
1575556301 2
1575556302 2
1575556303 2
1575556304 2
1575556366 3
1575556367 3
1575556368 3
1575556369 2
1575556370 2
1575556371 2
1575556372 2
1575556373 2
1575556374 2
1575556375 2
1575556376 2
1575556377 2
1575556378 2
1575556379 2
1575556380 2
1575556381 2
1575556382 2
1575556383 2
1575556384 1
1575556385 1
1575556386 2
1575556387 2
1575556388 2
1575556389 2
1575556390 2
1575556391 2
1575556392 2
1575556393 2
1575556394 2
1575556395 2
1575556396 2
1575556397 2
1575556398 2
1575556399 2
1575556400 2
1575556401 2
1575556402 2
1575556403 2
1575556404 2
1575556405 2
1575556406 2
1575556407 2
1575556408 2
1575556409 2
1575556410 2
1575556411 2
1575556412 2
1575556413 2
1575556414 2
1575556415 2
1575556416 2
1575556417 2
1575556418 2
1575556419 2
1575556420 2
1575556421 2
1575556422 2
1575556423 2
1575556424 2
1575556425 2
1575556426 2
1575556427 2
1575556428 2
1575556429 2
1575556430 2
1575556431 2
1575556432 2
1575556433 2
1575556434 2
1575556435 2
1575556436 2
1575556437 2
1575556438 2
1575556439 2
1575556440 2
1575556441 2
1575556442 2
1575556443 2
1575556444 2
1575556445 2
1575556446 2
1575556447 2
1575556448 2
1575556449 2
1575556450 2
1575556451 2
1575556452 2
1575556453 2
1575556454 2
1575556455 2
1575556456 2
1575556457 2
1575556458 2
1575556459 2
1575556460 2
1575556461 2
1575556462 2
1575556463 2
1575556464 2
1575556465 2
1575556466 2
1575556467 2
1575556468 2
1575556469 2
1575556470 2
1575556471 2
1575556472 2
1575556473 2
1575556474 2
1575556475 2
1575556476 2
1575556477 2
1575556478 2
1575556479 2
1575556480 2
1575556481 2
1575556482 2
1575556483 2
1575556484 2
1575556485 2
1575556486 2
1575556487 3
1575556488 4
1575556489 4
1575556490 4
1575556491 4
1575556492 3
1575556493 3
1575556494 2
1575556495 2
1575556496 2
1575556497 2
1575556498 2
1575556499 2
1575556500 2
1575556501 2
1575556502 2
1575556503 2
1575556504 2
1575556505 2
1575556506 2
1575556507 2
1575556508 2
1575556509 2
1575556510 2
1575556511 2
1575556512 2
1575556513 2
1575556514 2
1575556515 2
1575556516 2
1575556517 2
1575556518 2
1575556519 2
1575556520 2
1575556521 2
1575556522 2
1575556523 2
1575556524 4
1575556525 3
1575556638 4
1575556639 4
1575556640 4
1575556641 4
1575556642 4
1575556643 4
1575556644 3
1575556645 4
1575556646 3
1575556647 2
1575556648 3
1575556649 5
1575556650 4
1575556651 5
1575556652 4
1575556653 4
1575556654 2
1575556655 2
1575556656 2
1575556657 2
1575556658 2
1575556659 2
1575556660 2
1575556661 2
1575556662 2
1575556663 2
1575556664 2
1575556665 2
1575556666 2
1575556667 2
1575556668 2
1575556669 2
1575556670 2
1575556671 2
1575556672 2
1575556673 2
1575556674 2
1575556675 2
1575556676 2
1575556677 2
1575556678 2
1575556679 2
1575556680 2
1575556681 2
1575556682 2
1575556683 2
1575556684 2
1575556685 3
1575556686 3
1575556687 3
1575556802 4
1575556803 3
1575556804 3
1575556805 3
1575556806 3
1575556807 3
1575556808 3
1575556809 3
1575556810 3
1575556811 3
1575556812 3
1575556813 4
1575556814 4
1575556815 4
1575556816 4
1575556817 4
1575556818 3
1575556819 2
1575556820 2
1575556821 2
1575556822 2
1575556823 2
1575556824 2
1575556825 2
1575556826 2
1575556827 2
1575556828 2
1575556829 2
1575556830 2
1575556831 2
1575556832 2
1575556833 2
1575556834 2
1575556835 2
1575556836 2
1575556837 2
1575556838 2
1575556839 2
1575556840 2
1575556841 2
1575556842 2
1575556843 2
1575556844 2
1575556845 2
1575556846 2
1575556847 2
1575556848 2
1575556849 3
1575556850 3
1575556851 3
1575556973 4
1575556974 4
1575556975 4
1575556976 4
1575556977 4
1575556978 4
1575556979 4
1575556980 4
1575556981 3
1575556982 2
1575556983 4
1575556984 5
1575556985 4
1575556986 4
1575556987 4
1575556988 4
1575556989 4
1575556990 4
1575556991 4
1575556992 4
1575556993 5
1575556994 5
1575556995 5
1575556996 4
1575556997 4
1575556998 4
1575556999 2
1575557000 2
1575557001 3
1575557002 3
1575557003 3
1575557004 3
1575557005 3
1575557006 3
1575557007 2
1575557008 2
1575557009 2
1575557010 2
1575557011 2
1575557012 2
1575557013 2
1575557014 2
1575557015 2
1575557016 2
1575557017 2
1575557018 2
1575557019 2
1575557020 2
1575557021 2
1575557022 2
1575557023 2
1575557024 2
1575557025 2
1575557026 2
1575557027 2
1575557028 2
1575557029 2
1575557030 2
1575557031 3
1575557156 3
1575557157 3
1575557158 3
1575557159 3
1575557160 3
1575557161 3
1575557162 3
1575557163 3
1575557164 3
1575557165 3
1575557166 5
1575557167 5
1575557168 4
1575557169 4
1575557170 4
1575557171 4
1575557172 4
1575557173 4
1575557174 4
1575557175 5
1575557176 5
1575557177 5
1575557178 5
1575557179 5
1575557180 3
1575557181 3
1575557182 2
1575557183 2
1575557184 2
1575557185 2
1575557186 2
1575557187 2
1575557188 2
1575557189 2
1575557190 2
1575557191 2
1575557192 2
1575557193 2
1575557194 2
1575557195 2
1575557196 2
1575557197 2
1575557198 2
1575557199 2
1575557200 2
1575557201 2
1575557202 2
1575557203 2
1575557204 2
1575557205 2
1575557206 2
1575557207 2
1575557208 2
1575557209 2
1575557210 2
1575557211 2
1575557212 4
1575557213 3
1575557328 4
1575557329 3
1575557330 3
1575557331 4
1575557332 4
1575557333 4
1575557334 4
1575557335 4
1575557336 3
1575557337 2
1575557338 3
1575557339 3
1575557340 3
1575557341 3
1575557342 3
1575557343 4
1575557344 2
1575557345 2
1575557346 2
1575557347 2
1575557348 2
1575557349 2
1575557350 2
1575557351 2
1575557352 2
1575557353 2
1575557354 2
1575557355 2
1575557356 2
1575557357 2
1575557358 2
1575557359 2
1575557360 2
1575557361 2
1575557362 2
1575557363 2
1575557364 2
1575557365 2
1575557366 2
1575557367 2
1575557368 2
1575557369 2
1575557370 2
1575557371 2
1575557372 2
1575557373 2
1575557374 2
1575557375 2
1575557376 2
1575557377 2
1575557378 2
1575557379 2
1575557380 2
1575557381 2
1575557382 2
1575557383 2
1575557384 2
1575557385 2
1575557386 2
1575557387 2
1575557388 2
1575557389 2
1575557390 2
1575557391 2
1575557392 2
1575557393 2
1575557394 2
1575557395 2
1575557396 2
1575557397 3
1575557398 3
1575557509 3
1575557510 3
1575557511 3
1575557512 3
1575557513 3
1575557514 3
1575557515 3
1575557516 3
1575557517 3
1575557518 3
1575557519 3
1575557520 3
1575557521 3
1575557522 3
1575557523 3
1575557524 3
1575557525 3
1575557526 3
1575557527 3
1575557528 3
1575557529 3
1575557530 3
1575557531 3
1575557532 4
1575557533 4
1575557534 6
1575557535 6
1575557536 6
1575557537 6
1575557538 4
1575557539 4
1575557540 2
1575557541 2
1575557542 2
1575557543 2
1575557544 2
1575557545 2
1575557546 2
1575557547 2
1575557548 2
1575557549 2
1575557550 2
1575557551 2
1575557552 2
1575557553 2
1575557554 2
1575557555 2
1575557556 2
1575557557 2
1575557558 2
1575557559 2
1575557560 2
1575557561 2
1575557562 2
1575557563 2
1575557564 2
1575557565 2
1575557566 2
1575557567 2
1575557568 2
1575557569 2
1575557570 3
1575557571 3
1575557689 4
1575557690 5
1575557691 5
1575557692 4
1575557693 4
1575557694 4
1575557695 4
1575557696 3
1575557697 2
1575557698 3
1575557699 4
1575557700 5
1575557701 5
1575557702 5
1575557703 5
1575557704 5
1575557705 4
1575557706 2
1575557707 2
1575557708 3
1575557709 3
1575557710 3
1575557711 3
1575557712 3
1575557713 3
1575557714 3
1575557715 3
1575557716 3
1575557717 3
1575557718 3
1575557719 3
1575557720 3
1575557721 2
1575557722 2
1575557723 2
1575557724 2
1575557725 2
1575557726 2
1575557727 2
1575557728 2
1575557729 2
1575557730 2
1575557731 2
1575557732 2
1575557733 2
1575557734 2
1575557735 2
1575557736 2
1575557737 2
1575557738 2
1575557739 2
1575557740 2
1575557741 2
1575557742 2
1575557743 2
1575557744 3
1575557745 3
1575557858 4
1575557859 3
1575557860 3
1575557861 3
1575557862 3
1575557863 3
1575557864 3
1575557865 3
1575557866 3
1575557867 3
1575557868 3
1575557869 3
1575557870 3
1575557871 3
1575557872 3
1575557873 3
1575557874 3
1575557875 3
1575557876 3
1575557877 3
1575557878 3
1575557879 3
1575557880 3
1575557881 3
1575557882 3
1575557883 3
1575557884 3
1575557885 3
1575557886 3
1575557887 3
1575557888 3
1575557889 3
1575557890 3
1575557891 3
1575557892 3
1575557893 3
1575557894 3
1575557895 3
1575557896 3
1575557897 3
1575557898 3
1575557899 3
1575557900 3
1575557901 3
1575557902 3
1575557903 3
1575557904 3
1575557905 3
1575557906 3
1575557907 3
1575557908 3
1575557909 3
1575557910 3
1575557911 3
1575557912 3
1575557913 3
1575557914 3
1575557915 3
1575557916 3
1575557917 3
1575557918 3
1575557919 3
1575557920 3
1575557921 3
1575557922 3
1575557923 3
1575557924 3
1575557925 3
1575557926 3
1575557927 3
1575557928 3
1575557929 3
1575557930 3
1575557931 3
1575557932 3
1575557933 3
1575557934 3
1575557935 3
1575557936 3
1575557937 3
1575557938 3
1575557939 3
1575557940 3
1575557941 3
1575557942 3
1575557943 3
1575557944 3
1575557945 3
1575557946 3
1575557947 3
1575557948 3
1575557949 2
1575557950 3
1575557951 3
1575557952 3
1575557953 3
1575557954 3
1575557955 3
1575557956 3
1575557957 3
1575557958 3
1575557959 3
1575557960 3
1575557961 3
1575557962 3
1575557963 3
1575557964 3
1575557965 3
1575557966 3
1575557967 3
1575557968 3
1575557969 3
1575557970 3
1575557971 3
1575557972 3
1575557973 3
1575557974 3
1575557975 3
1575557976 3
1575557977 3
1575557978 3
1575557979 3
1575557980 3
1575557981 3
1575557982 3
1575557983 3
1575557984 3
1575557985 3
1575557986 2
1575557987 3
1575557988 3
1575557989 3
1575557990 3
1575557991 3
1575557992 3
1575557993 3
1575557994 3
1575557995 3
1575557996 3
1575557997 3
1575557998 3
1575557999 3
1575558000 3
1575558001 3
1575558002 3
1575558003 3
1575558004 2
1575558005 2
1575558006 2
1575558007 2
1575558008 2
1575558009 2
1575558010 2
1575558011 2
1575558012 2
1575558013 2
1575558014 2
1575558015 3
1575558016 3
1575558017 3
1575558018 3
1575558019 3
1575558020 3
1575558021 3
1575558022 3
1575558023 3
1575558024 3
1575558025 3
1575558026 3
1575558027 3
1575558028 3
1575558029 3
1575558030 3
1575558031 3
1575558032 3
1575558033 3
1575558034 3
1575558035 3
1575558036 3
1575558037 3
1575558038 3
1575558039 3
1575558040 2
1575558041 3
1575558042 3
1575558043 3
1575558044 3
1575558045 3
1575558046 3
1575558047 3
1575558048 3
1575558049 3
1575558050 3
1575558051 3
1575558052 3
1575558053 3
1575558054 3
1575558055 3
1575558056 3
1575558057 3
1575558058 3
1575558059 3
1575558060 3
1575558061 3
1575558062 3
1575558063 3
1575558064 3
1575558065 3
1575558066 3
1575558067 3
1575558068 3
1575558069 3
1575558070 3
1575558071 3
1575558072 3
1575558073 3
1575558074 3
1575558075 3
1575558076 3
1575558077 3
1575558078 3
1575558079 3
1575558080 3
1575558081 3
1575558082 3
1575558083 3
1575558084 3
1575558085 3
1575558086 3
1575558087 3
1575558088 3
1575558089 3
1575558090 3
1575558091 3
1575558092 3
1575558093 3
1575558094 3
1575558095 3
1575558096 3
1575558097 3
1575558098 3
1575558099 3
1575558100 3
1575558101 3
1575558102 3
1575558103 3
1575558104 3
1575558105 3
1575558106 3
1575558107 3
1575558108 3
1575558109 3
1575558110 3
1575558111 3
1575558112 3
1575558113 3
1575558114 3
1575558115 3
1575558116 3
1575558117 3
1575558118 3
1575558119 3
1575558120 3
1575558121 3
1575558122 3
1575558123 3
1575558124 3
1575558125 3
1575558126 3
1575558127 3
1575558128 3
1575558129 3
1575558130 3
1575558131 3
1575558132 3
1575558133 3
1575558134 3
1575558135 3
1575558136 3
1575558137 3
1575558138 3
1575558139 3
1575558140 3
1575558141 3
1575558142 3
1575558143 3
1575558144 3
1575558145 3
1575558146 3
1575558147 3
1575558148 3
1575558149 3
1575558150 3
1575558151 3
1575558152 3
1575558153 3
1575558154 3
1575558155 3
1575558156 4
1575558157 3
1575558158 3
1575558159 4
1575558160 4
1575558161 4
1575558162 4
1575558163 3
1575558164 3
1575558165 3
1575558166 2
1575558167 2
1575558168 2
1575558169 2
1575558170 2
1575558171 2
1575558172 2
1575558173 2
1575558174 2
1575558175 2
1575558176 2
1575558177 2
1575558178 2
1575558179 2
1575558180 2
1575558181 2
1575558182 2
1575558183 2
1575558184 2
1575558185 2
1575558186 2
1575558187 2
1575558188 2
1575558189 2
1575558190 2
1575558191 2
1575558192 2
1575558193 2
1575558194 2
1575558195 2
1575558196 2
1575558197 2
1575558198 2
1575558199 2
1575558200 2
1575558201 2
1575558202 2
1575558203 2
1575558319 4
1575558320 4
1575558321 4
1575558322 4
1575558323 4
1575558324 4
1575558325 2
1575558326 2
1575558327 2
1575558328 3
1575558329 3
1575558330 2
1575558331 3
1575558332 3
1575558333 3
1575558334 3
1575558335 3
1575558336 3
1575558337 3
1575558338 3
1575558339 3
1575558340 3
1575558341 3
1575558342 3
1575558343 3
1575558344 3
1575558345 3
1575558346 3
1575558347 3
1575558348 3
1575558349 2
1575558350 4
1575558351 4
1575558352 4
1575558353 4
1575558354 4
1575558355 4
1575558356 2
1575558357 2
1575558358 2
1575558359 2
1575558360 2
1575558361 2
1575558362 2
1575558363 2
1575558364 2
1575558365 2
1575558366 2
1575558367 2
1575558368 2
1575558369 2
1575558370 2
1575558371 2
1575558372 2
1575558373 2
1575558374 2
1575558375 2
1575558376 2
1575558377 2
1575558378 2
1575558379 2
1575558380 2
1575558381 2
1575558382 2
1575558383 2
1575558384 2
1575558385 2
1575558386 2
1575558387 2
1575558388 2
1575558389 2
1575558390 2
1575558391 2
1575558392 2
1575558393 3
1575558502 3
1575558503 3
1575558504 3
1575558505 3
1575558506 3
1575558507 3
1575558508 3
1575558509 3
1575558510 3
1575558511 3
1575558512 3
1575558513 3
1575558514 3
1575558515 3
1575558516 3
1575558517 3
1575558518 3
1575558519 3
1575558520 3
1575558521 3
1575558522 3
1575558523 3
1575558524 3
1575558525 3
1575558526 3
1575558527 3
1575558528 3
1575558529 3
1575558530 3
1575558531 3
1575558532 3
1575558533 3
1575558534 3
1575558535 3
1575558536 3
1575558537 3
1575558538 3
1575558539 3
1575558540 3
1575558541 3
1575558542 3
1575558543 3
1575558544 3
1575558545 3
1575558546 3
1575558547 3
1575558548 3
1575558549 3
1575558550 3
1575558551 3
1575558552 3
1575558553 4
1575558554 4
1575558555 4
1575558556 3
1575558557 3
1575558558 3
1575558559 2
1575558560 2
1575558561 3
1575558562 3
1575558563 3
1575558564 3
1575558565 3
1575558566 2
1575558567 2
1575558568 2
1575558569 2
1575558570 2
1575558571 2
1575558572 2
1575558573 2
1575558574 2
1575558575 2
1575558576 2
1575558577 2
1575558578 2
1575558579 2
1575558580 2
1575558581 2
1575558582 2
1575558583 2
1575558584 2
1575558585 2
1575558586 2
1575558587 2
1575558588 2
1575558589 3
1575558590 3
1575558777 1
1575558778 2
1575558779 2
1575558780 3
1575558781 3
1575558782 2
1575558783 2
1575558784 1
1575558785 1
1575558786 1
1575558787 1
1575558788 3
1575558789 3
1575558790 2
1575558791 3
1575558792 4
1575558793 3
1575558794 3
1575558795 4
1575558796 3
1575558797 5
1575558798 5
1575558799 5
1575558800 4
1575558801 3
1575558802 3
1575558803 2
1575558804 2
1575558805 2
1575558806 3
1575558807 3
1575558808 3
1575558809 4
1575558810 2
1575558811 4
1575558812 3
1575558813 3
1575558814 3
1575558815 2
1575558816 2
1575558817 2
1575558818 2
1575558819 3
1575558820 2
1575558821 2
1575558822 2
1575558823 2
1575558824 2
1575558825 2
1575558826 2
1575558827 2
1575558828 2
1575558829 2
1575558830 2
1575558831 2
1575558832 2
1575558833 2
1575558834 2
1575558835 2
1575558836 2
1575558837 2
1575558838 2
1575558839 2
1575558840 2
1575558841 2
1575558842 3
1575558843 3
1575558844 3
1575558845 3
1575558846 3
1575558847 2
1575558848 3
1575558849 4
1575558850 4
1575558851 5
1575558852 4
1575558853 4
1575558854 4
1575558855 4
1575558856 4
1575558857 4
1575558858 4
1575558859 4
1575558860 4
1575558861 3
1575558862 3
1575558863 2
1575558864 3
1575558865 4
1575558866 4
1575558867 5
1575558868 4
1575558869 4
1575558870 2
1575558871 2
1575558872 2
1575558873 2
1575558874 2
1575558875 2
1575558876 2
1575558877 2
1575558878 2
1575558879 2
1575558880 2
1575558881 2
1575558882 2
1575558883 2
1575558884 2
1575558885 2
1575558886 2
1575558887 2
1575558888 2
1575558889 2
1575558890 2
1575558891 2
1575558892 2
1575558893 2
1575558894 2
1575558895 2
1575558896 2
1575558897 2
1575558898 2
1575558899 2
1575558900 3
1575558901 3
1575558902 3
1575559087 1
1575559088 2
1575559089 3
1575559090 3
1575559091 3
1575559092 3
1575559093 2
1575559094 2
1575559095 3
1575559096 2
1575559097 2
1575559098 2
1575559099 2
1575559100 2
1575559101 4
1575559102 4
1575559103 4
1575559104 4
1575559105 4
1575559106 2
1575559107 5
1575559108 4
1575559109 4
1575559110 5
1575559111 3
1575559112 3
1575559113 2
1575559114 2
1575559115 2
1575559116 2
1575559117 3
1575559118 3
1575559119 3
1575559120 3
1575559121 3
1575559122 3
1575559123 4
1575559124 4
1575559125 3
1575559126 2
1575559127 2
1575559128 2
1575559129 2
1575559130 2
1575559131 2
1575559132 2
1575559133 2
1575559134 2
1575559135 2
1575559136 2
1575559137 2
1575559138 2
1575559139 2
1575559140 2
1575559141 2
1575559142 2
1575559143 2
1575559144 2
1575559145 2
1575559146 2
1575559147 2
1575559148 2
1575559149 2
1575559150 2
1575559151 2
1575559152 3
1575559153 3
1575559154 3
1575559155 3
1575559156 3
1575559157 2
1575559158 3
1575559159 4
1575559160 4
1575559161 4
1575559162 4
1575559163 4
1575559164 4
1575559165 4
1575559166 4
1575559167 4
1575559168 4
1575559169 4
1575559170 5
1575559171 5
1575559172 6
1575559173 6
1575559174 6
1575559175 4
1575559176 4
1575559177 4
1575559178 4
1575559179 4
1575559180 4
1575559181 4
1575559182 4
1575559183 4
1575559184 4
1575559185 4
1575559186 4
1575559187 4
1575559188 4
1575559189 3
1575559190 3
1575559191 3
1575559192 4
1575559193 4
1575559194 5
1575559195 4
1575559196 4
1575559197 3
1575559198 2
1575559199 2
1575559200 2
1575559201 3
1575559202 2
1575559203 2
1575559204 2
1575559205 2
1575559206 2
1575559207 2
1575559208 2
1575559209 2
1575559210 2
1575559211 2
1575559212 2
1575559213 2
1575559214 2
1575559215 2
1575559216 2
1575559217 2
1575559218 2
1575559219 2
1575559220 2
1575559221 2
1575559222 2
1575559223 2
1575559224 2
1575559225 2
1575559226 2
1575559227 2
1575559228 2
1575559229 3
1575559230 3
1575559413 1
1575559414 1
1575559415 1
1575559416 1
1575559417 1
1575559418 1
1575559419 1
1575559420 2
1575559421 2
1575559422 3
1575559423 2
1575559424 1
1575559425 3
1575559426 3
1575559427 3
1575559428 4
1575559429 5
1575559430 3
1575559431 4
1575559432 5
1575559433 5
1575559434 6
1575559435 5
1575559436 5
1575559437 6
1575559438 4
1575559439 2
1575559440 2
1575559441 2
1575559442 2
1575559443 2
1575559444 3
1575559445 3
1575559446 3
1575559447 3
1575559448 3
1575559449 3
1575559450 4
1575559451 3
1575559452 3
1575559453 2
1575559454 2
1575559455 2
1575559456 2
1575559457 2
1575559458 2
1575559459 2
1575559460 2
1575559461 2
1575559462 2
1575559463 2
1575559464 2
1575559465 2
1575559466 2
1575559467 2
1575559468 2
1575559469 2
1575559470 2
1575559471 2
1575559472 2
1575559473 2
1575559474 2
1575559475 2
1575559476 2
1575559477 2
1575559478 2
1575559479 2
1575559480 3
1575559481 3
1575559482 3
1575559483 3
1575559484 3
1575559485 4
1575559486 4
1575559487 4
1575559488 4
1575559489 4
1575559490 4
1575559491 4
1575559492 3
1575559493 3
1575559494 3
1575559495 3
1575559496 3
1575559497 3
1575559498 3
1575559499 4
1575559500 4
1575559501 2
1575559502 4
1575559503 4
1575559504 4
1575559505 5
1575559506 3
1575559507 3
1575559508 3
1575559509 2
1575559510 2
1575559511 2
1575559512 2
1575559513 2
1575559514 2
1575559515 2
1575559516 2
1575559517 2
1575559518 2
1575559519 2
1575559520 2
1575559521 2
1575559522 2
1575559523 2
1575559524 2
1575559525 2
1575559526 2
1575559527 2
1575559528 2
1575559529 2
1575559530 2
1575559531 2
1575559532 2
1575559533 2
1575559534 2
1575559535 2
1575559536 2
1575559537 2
1575559538 2
1575559539 3
1575559540 3
1575559734 1
1575559735 1
1575559736 3
1575559737 3
1575559738 3
1575559739 2
1575559740 1
1575559741 1
1575559742 1
1575559743 1
1575559744 1
1575559745 2
1575559746 2
1575559747 2
1575559748 3
1575559749 5
1575559750 5
1575559751 4
1575559752 4
1575559753 4
1575559754 5
1575559755 4
1575559756 5
1575559757 3
1575559758 3
1575559759 3
1575559760 2
1575559761 2
1575559762 2
1575559763 3
1575559764 3
1575559765 4
1575559766 4
1575559767 4
1575559768 4
1575559769 4
1575559770 5
1575559771 6
1575559772 4
1575559773 4
1575559774 3
1575559775 2
1575559776 4
1575559777 2
1575559778 2
1575559779 2
1575559780 2
1575559781 2
1575559782 2
1575559783 2
1575559784 2
1575559785 2
1575559786 2
1575559787 2
1575559788 2
1575559789 2
1575559790 2
1575559791 2
1575559792 2
1575559793 2
1575559794 2
1575559795 2
1575559796 2
1575559797 2
1575559798 2
1575559799 3
1575559800 3
1575559801 3
1575559802 3
1575559803 2
1575559804 3
1575559805 4
1575559806 4
1575559807 5
1575559808 4
1575559809 4
1575559810 4
1575559811 4
1575559812 4
1575559813 4
1575559814 4
1575559815 4
1575559816 4
1575559817 3
1575559818 3
1575559819 2
1575559820 2
1575559821 2
1575559822 2
1575559823 2
1575559824 2
1575559825 2
1575559826 2
1575559827 2
1575559828 2
1575559829 2
1575559830 2
1575559831 2
1575559832 2
1575559833 2
1575559834 2
1575559835 2
1575559836 2
1575559837 2
1575559838 2
1575559839 2
1575559840 2
1575559841 2
1575559842 2
1575559843 2
1575559844 2
1575559845 2
1575559846 2
1575559847 2
1575559848 2
1575559849 2
1575559850 2
1575559851 2
1575559852 2
1575559853 2
1575559854 2
1575559855 1
1575559856 1
1575559857 1
1575559858 2
1575559859 4
1575559860 4
1575559861 4
1575559862 4
1575559863 4
1575559864 4
1575559865 4
1575559866 4
1575559867 4
1575559868 4
1575559869 4
1575559870 4
1575559871 4
1575559872 4
1575559873 4
1575559874 4
1575559875 4
1575559876 4
1575559877 4
1575559878 4
1575559879 4
1575559880 4
1575559881 4
1575559882 4
1575559883 3
1575559884 3
1575559885 2
1575559886 2
1575559887 2
1575559888 2
1575559889 2
1575559890 2
1575559891 2
1575559892 2
1575559893 2
1575559894 2
1575559895 2
1575559896 2
1575559897 2
1575559898 2
1575559899 2
1575559900 2
1575559901 2
1575559902 2
1575559903 2
1575559904 2
1575559905 2
1575559906 2
1575559907 2
1575559908 2
1575559909 2
1575559910 2
1575559911 2
1575559912 2
1575559913 2
1575559914 2
1575559915 2
1575559916 3
1575560101 2
1575560102 2
1575560103 3
1575560104 3
1575560105 3
1575560106 3
1575560107 3
1575560108 3
1575560109 3
1575560110 3
1575560111 2
1575560112 1
1575560113 2
1575560114 2
1575560115 3
1575560116 4
1575560117 3
1575560118 4
1575560119 4
1575560120 5
1575560121 3
1575560122 5
1575560123 4
1575560124 5
1575560125 3
1575560126 3
1575560127 3
1575560128 2
1575560129 2
1575560130 2
1575560131 2
1575560132 3
1575560133 4
1575560134 5
1575560135 5
1575560136 5
1575560137 5
1575560138 5
1575560139 5
1575560140 5
1575560141 5
1575560142 4
1575560143 2
1575560144 2
1575560145 2
1575560146 2
1575560147 2
1575560148 2
1575560149 2
1575560150 2
1575560151 2
1575560152 2
1575560153 2
1575560154 2
1575560155 2
1575560156 2
1575560157 2
1575560158 2
1575560159 2
1575560160 2
1575560161 2
1575560162 2
1575560163 2
1575560164 2
1575560165 2
1575560166 2
1575560167 3
1575560168 3
1575560169 3
1575560170 3
1575560171 3
1575560172 2
1575560173 3
1575560174 4
1575560175 4
1575560176 4
1575560177 4
1575560178 4
1575560179 3
1575560180 3
1575560181 3
1575560182 3
1575560183 2
1575560184 2
1575560185 3
1575560186 4
1575560187 4
1575560188 4
1575560189 3
1575560190 2
1575560191 2
1575560192 2
1575560193 2
1575560194 2
1575560195 2
1575560196 2
1575560197 2
1575560198 2
1575560199 2
1575560200 2
1575560201 2
1575560202 2
1575560203 2
1575560204 2
1575560205 2
1575560206 2
1575560207 2
1575560208 2
1575560209 2
1575560210 2
1575560211 2
1575560212 2
1575560213 2
1575560214 2
1575560215 2
1575560216 2
1575560217 2
1575560218 2
1575560219 2
1575560220 2
1575560221 2
1575560222 2
1575560223 2
1575560224 2
1575560225 2
1575560226 2
1575560227 2
1575560228 2
1575560229 2
1575560230 2
1575560231 2
1575560232 2
1575560233 2
1575560234 2
1575560235 2
1575560236 2
1575560237 2
1575560238 2
1575560239 2
1575560240 2
1575560241 2
1575560242 2
1575560243 2
1575560432 2
1575560433 2
1575560434 3
1575560435 3
1575560436 3
1575560437 3
1575560438 3
1575560439 3
1575560440 3
1575560441 3
1575560442 2
1575560443 4
1575560444 2
1575560445 2
1575560446 4
1575560447 5
1575560448 5
1575560449 4
1575560450 4
1575560451 5
1575560452 6
1575560453 5
1575560454 6
1575560455 4
1575560456 3
1575560457 2
1575560458 2
1575560459 3
1575560460 2
1575560461 2
1575560462 3
1575560463 3
1575560464 4
1575560465 4
1575560466 3
1575560467 3
1575560468 4
1575560469 3
1575560470 4
1575560471 3
1575560472 3
1575560473 3
1575560474 2
1575560475 2
1575560476 2
1575560477 2
1575560478 2
1575560479 2
1575560480 2
1575560481 2
1575560482 2
1575560483 2
1575560484 2
1575560485 2
1575560486 2
1575560487 2
1575560488 2
1575560489 2
1575560490 2
1575560491 2
1575560492 2
1575560493 2
1575560494 2
1575560495 2
1575560496 2
1575560497 2
1575560498 2
1575560499 2
1575560500 3
1575560501 3
1575560502 3
1575560503 3
1575560504 3
1575560505 4
1575560506 3
1575560507 4
1575560508 4
1575560509 4
1575560510 4
1575560511 4
1575560512 3
1575560513 3
1575560514 3
1575560515 3
1575560516 3
1575560517 4
1575560518 4
1575560519 3
1575560520 3
1575560521 3
1575560522 3
1575560523 6
1575560524 4
1575560525 4
1575560526 3
1575560527 3
1575560528 3
1575560529 2
1575560530 2
1575560531 2
1575560532 2
1575560533 2
1575560534 2
1575560535 2
1575560536 2
1575560537 2
1575560538 2
1575560539 2
1575560540 2
1575560541 2
1575560542 2
1575560543 2
1575560544 2
1575560545 2
1575560546 2
1575560547 2
1575560548 2
1575560549 2
1575560550 2
1575560551 2
1575560552 2
1575560553 2
1575560554 2
1575560555 2
1575560556 2
1575560557 2
1575560558 2
1575560559 2
1575560560 2
1575560561 2
1575560562 2
1575560563 2
1575560564 2
1575560565 2
1575560566 2
1575560567 2
1575560568 2
1575560569 2
1575560570 2
1575560571 2
1575560572 2
1575560573 2
1575560574 3
1575560766 1
1575560767 1
1575560768 1
1575560769 1
1575560770 1
1575560771 2
1575560772 2
1575560773 2
1575560774 3
1575560775 2
1575560776 2
1575560777 2
1575560778 2
1575560779 1
1575560780 2
1575560781 3
1575560782 4
1575560783 4
1575560784 5
1575560785 6
1575560786 5
1575560787 4
1575560788 4
1575560789 6
1575560790 5
1575560791 7
1575560792 5
1575560793 4
1575560794 4
1575560795 2
1575560796 2
1575560797 2
1575560798 3
1575560799 3
1575560800 4
1575560801 4
1575560802 5
1575560803 4
1575560804 4
1575560805 4
1575560806 5
1575560807 3
1575560808 3
1575560809 2
1575560810 2
1575560811 3
1575560812 2
1575560813 2
1575560814 2
1575560815 2
1575560816 2
1575560817 2
1575560818 2
1575560819 2
1575560820 2
1575560821 2
1575560822 2
1575560823 2
1575560824 2
1575560825 2
1575560826 2
1575560827 2
1575560828 2
1575560829 2
1575560830 2
1575560831 2
1575560832 2
1575560833 2
1575560834 2
1575560835 2
1575560836 2
1575560837 2
1575560838 2
1575560839 3
1575560840 4
1575560841 4
1575560842 4
1575560843 3
1575560844 3
1575560845 3
1575560846 3
1575560847 3
1575560848 3
1575560849 3
1575560850 3
1575560851 3
1575560852 1
1575560853 3
1575560854 3
1575560855 2
1575560856 2
1575560857 3
1575560858 2
1575560859 2
1575560860 2
1575560861 3
1575560862 3
1575560863 3
1575560864 3
1575560865 3
1575560866 3
1575560867 3
1575560868 3
1575560869 3
1575560870 3
1575560871 3
1575560872 3
1575560873 3
1575560874 3
1575560875 3
1575560876 3
1575560877 3
1575560878 3
1575560879 3
1575560880 3
1575560881 3
1575560882 3
1575560883 3
1575560884 3
1575560885 3
1575560886 3
1575560887 3
1575560888 3
1575560889 3
1575560890 3
1575560891 3
1575560892 3
1575560893 3
1575560894 3
1575560895 3
1575560896 3
1575560897 3
1575560898 3
1575560899 3
1575560900 3
1575560901 3
1575560902 4
1575560903 3
1575560904 3
1575560905 3
1575560906 3
1575560907 3
1575560908 3
1575560909 3
1575560910 3
1575560911 3
1575560912 3
1575560913 3
1575560914 3
1575560915 3
1575560916 3
1575560917 3
1575560918 3
1575560919 3
1575560920 3
1575560921 3
1575560922 3
1575560923 3
1575560924 3
1575560925 3
1575560926 3
1575560927 3
1575560928 3
1575560929 3
1575560930 3
1575560931 3
1575560932 3
1575560933 3
1575560934 3
1575560935 3
1575560936 3
1575560937 3
1575560938 3
1575560939 3
1575560940 3
1575560941 3
1575560942 3
1575560943 3
1575560944 3
1575560945 3
1575560946 3
1575560947 3
1575560948 3
1575560949 3
1575560950 3
1575560951 3
1575560952 3
1575560953 3
1575560954 3
1575560955 3
1575560956 3
1575560957 3
1575560958 3
1575560959 3
1575560960 3
1575560961 3
1575560962 3
1575560963 3
1575560964 3
1575560965 3
1575560966 3
1575560967 3
1575560968 3
1575560969 3
1575560970 3
1575560971 3
1575560972 3
1575560973 3
1575560974 3
1575560975 3
1575560976 3
1575560977 3
1575560978 3
1575560979 3
1575560980 3
1575560981 3
1575560982 3
1575560983 3
1575560984 3
1575560985 3
1575560986 3
1575560987 3
1575560988 3
1575560989 3
1575560990 3
1575560991 3
1575560992 3
1575560993 3
1575560994 3
1575560995 3
1575560996 3
1575560997 3
1575560998 3
1575560999 3
1575561000 3
1575561001 3
1575561002 3
1575561003 3
1575561004 3
1575561005 3
1575561006 3
1575561007 3
1575561008 3
1575561009 3
1575561010 3
1575561011 3
1575561012 3
1575561013 3
1575561014 3
1575561015 3
1575561016 3
1575561017 3
1575561018 3
1575561019 3
1575561020 3
1575561021 2
1575561022 2
1575561023 2
1575561024 2
1575561025 2
1575561026 2
1575561027 2
1575561028 2
1575561029 2
1575561030 3
1575561031 3
1575561032 4
1575561033 3
1575561034 3
1575561035 3
1575561036 3
1575561037 3
1575561038 3
1575561039 3
1575561040 3
1575561041 3
1575561042 3
1575561043 3
1575561044 3
1575561045 3
1575561046 3
1575561047 3
1575561048 3
1575561049 3
1575561050 3
1575561051 3
1575561052 3
1575561053 3
1575561054 3
1575561055 3
1575561056 3
1575561057 3
1575561058 4
1575561059 3
1575561060 3
1575561061 3
1575561062 3
1575561063 3
1575561064 3
1575561065 3
1575561066 2
1575561067 3
1575561068 4
1575561069 4
1575561070 5
1575561071 4
1575561072 4
1575561073 2
1575561074 2
1575561075 2
1575561076 2
1575561077 2
1575561078 2
1575561079 2
1575561080 2
1575561081 2
1575561082 2
1575561083 2
1575561084 2
1575561085 2
1575561086 2
1575561087 2
1575561088 2
1575561089 2
1575561090 2
1575561091 2
1575561092 2
1575561093 2
1575561094 2
1575561095 2
1575561096 2
1575561097 2
1575561098 2
1575561099 2
1575561100 2
1575561101 2
1575561102 2
1575561103 2
1575561104 2
1575561105 2
1575561144 3
1575561145 3
1575561146 2
1575561147 2
1575561148 2
1575561149 2
1575561150 4
1575561151 4
1575561152 3
1575561153 2
1575561154 4
1575561155 4
1575561156 3
1575561157 2
1575561158 2
1575561159 2
1575561160 3
1575561161 3
1575561162 5
1575561163 3
1575561164 4
1575561165 3
1575561166 3
1575561167 2
1575561168 2
1575561169 2
1575561170 2
1575561171 2
1575561172 2
1575561173 3
1575561174 3
1575561175 3
1575561176 4
1575561177 4
1575561178 4
1575561179 4
1575561180 4
1575561181 3
1575561182 3
1575561183 2
1575561184 2
1575561185 2
1575561186 2
1575561187 2
1575561188 2
1575561189 2
1575561190 2
1575561191 2
1575561192 2
1575561193 2
1575561194 1
1575561195 1
1575561196 1
1575561197 1
1575561198 1
1575561199 1
1575561200 3
1575561201 4
1575561202 3
1575561203 3
1575561204 3
1575561205 3
1575561206 2
1575561207 3
1575561208 3
1575561209 3
1575561210 3
1575561211 3
1575561212 3
1575561213 4
1575561214 4
1575561215 3
1575561216 3
1575561217 2
1575561218 3
1575561219 4
1575561220 4
1575561221 4
1575561222 5
1575561223 4
1575561224 4
1575561225 4
1575561226 5
1575561227 3
1575561228 3
1575561229 4
1575561230 3
1575561231 2
1575561232 3
1575561233 3
1575561234 3
1575561235 3
1575561236 3
1575561237 3
1575561238 2
1575561239 2
1575561240 2
1575561241 3
1575561242 2
1575561243 2
1575561244 2
1575561245 4
1575561246 3
1575561247 3
1575561248 3
1575561249 2
1575561250 2
1575561251 1
1575561252 1
1575561253 1
1575561254 1
1575561255 2
1575561256 2
1575561257 2
1575561258 2
1575561259 2
1575561260 3
1575561261 3
1575561262 2
1575561263 2
1575561264 2
1575561265 2
1575561266 3
1575561267 5
1575561268 3
1575561269 3
1575561270 5
1575561271 5
1575561272 4
1575561273 5
1575561274 3
1575561275 3
1575561276 4
1575561277 3
1575561278 3
1575561279 2
1575561280 3
1575561281 3
1575561282 2
1575561283 3
1575561284 4
1575561285 3
1575561286 3
1575561287 4
1575561288 5
1575561289 5
1575561290 3
1575561291 2
1575561292 3
1575561293 4
1575561294 4
1575561295 3
1575561296 2
1575561297 2
1575561298 2
1575561299 2
1575561300 2
1575561301 2
1575561302 1
1575561303 1
1575561304 1
1575561305 1
1575561306 1
1575561307 1
1575561308 1
1575561309 2
1575561310 2
1575561311 3
1575561312 4
1575561313 7
1575561314 8
1575561315 7
1575561316 7
1575561317 6
1575561318 4
1575561319 5
1575561320 5
1575561321 6
1575561322 5
1575561323 4
1575561324 4
1575561325 4
1575561326 3
1575561327 3
1575561328 3
1575561329 3
1575561330 3
1575561331 3
1575561332 3
1575561333 3
1575561334 3
1575561335 3
1575561336 3
1575561337 3
1575561338 3
1575561339 2
1575561340 2
1575561341 2
1575561342 2
1575561343 2
1575561344 2
1575561345 2
1575561346 2
1575561347 2
1575561348 2
1575561349 2
1575561350 2
1575561351 2
1575561352 2
1575561353 2
1575561354 2
1575561355 2
1575561356 2
1575561357 2
1575561358 2
1575561359 2
1575561360 2
1575561361 2
1575561362 2
1575561363 2
1575561364 2
1575561365 2
1575561366 2
1575561367 2
1575561368 2
1575561369 2
1575561370 2
1575561371 3
1575561372 4
1575561373 3
1575561374 3
1575561375 3
1575561376 3
1575561377 3
1575561378 3
1575561379 3
1575561380 3
1575561381 2
1575561382 4
1575561383 3
1575561384 2
1575561385 4
1575561386 4
1575561387 4
1575561388 4
1575561389 4
1575561390 4
1575561391 4
1575561392 4
1575561393 4
1575561394 4
1575561395 4
1575561396 4
1575561397 4
1575561398 4
1575561399 4
1575561400 4
1575561401 4
1575561402 4
1575561403 4
1575561404 4
1575561405 4
1575561406 4
1575561407 4
1575561408 4
1575561409 4
1575561410 4
1575561411 4
1575561412 4
1575561413 3
1575561414 3
1575561415 3
1575561416 5
1575561417 4
1575561418 5
1575561419 4
1575561420 3
1575561421 2
1575561422 2
1575561423 2
1575561424 2
1575561425 2
1575561426 2
1575561427 2
1575561428 2
1575561429 2
1575561430 2
1575561431 2
1575561432 2
1575561433 2
1575561434 2
1575561435 2
1575561436 2
1575561437 2
1575561438 2
1575561439 2
1575561440 2
1575561441 2
1575561442 2
1575561443 2
1575561444 2
1575561445 2
1575561446 2
1575561447 2
1575561448 2
1575561449 2
1575561450 2
1575561451 2
1575561452 2
1575561453 3
1575561487 2
1575561488 2
1575561489 2
1575561490 2
1575561491 2
1575561492 2
1575561493 2
1575561494 3
1575561495 3
1575561496 2
1575561497 3
1575561498 4
1575561499 4
1575561500 4
1575561501 3
1575561502 3
1575561503 3
1575561504 4
1575561505 3
1575561506 4
1575561507 4
1575561508 3
1575561509 3
1575561510 2
1575561511 3
1575561512 2
1575561513 2
1575561514 2
1575561515 2
1575561516 4
1575561517 4
1575561518 3
1575561519 4
1575561520 4
1575561521 5
1575561522 4
1575561523 4
1575561524 3
1575561525 3
1575561526 2
1575561527 2
1575561528 3
1575561529 3
1575561530 3
1575561531 3
1575561532 3
1575561533 3
1575561534 2
1575561535 2
1575561536 2
1575561537 2
1575561538 2
1575561539 1
1575561540 1
1575561541 1
1575561542 2
1575561543 2
1575561544 3
1575561545 3
1575561546 2
1575561547 2
1575561548 3
1575561549 2
1575561550 2
1575561551 3
1575561552 3
1575561553 3
1575561554 3
1575561555 4
1575561556 3
1575561557 3
1575561558 3
1575561559 3
1575561560 4
1575561561 5
1575561562 4
1575561563 4
1575561564 4
1575561565 5
1575561566 4
1575561567 4
1575561568 4
1575561569 5
1575561570 3
1575561571 3
1575561572 3
1575561573 3
1575561574 3
1575561575 3
1575561576 3
1575561577 3
1575561578 4
1575561579 3
1575561580 3
1575561581 3
1575561582 3
1575561583 3
1575561584 3
1575561585 2
1575561586 3
1575561587 3
1575561588 3
1575561589 4
1575561590 3
1575561591 2
1575561592 1
1575561593 1
1575561594 1
1575561595 1
1575561596 3
1575561597 2
1575561598 2
1575561599 2
1575561600 3
1575561601 2
1575561602 2
1575561603 2
1575561604 2
1575561605 2
1575561606 2
1575561607 3
1575561608 5
1575561609 4
1575561610 4
1575561611 5
1575561612 4
1575561613 5
1575561614 4
1575561615 2
1575561616 3
1575561617 3
1575561618 2
1575561619 2
1575561620 3
1575561621 3
1575561622 2
1575561623 3
1575561624 3
1575561625 4
1575561626 3
1575561627 6
1575561628 3
1575561629 4
1575561630 2
1575561631 2
1575561632 3
1575561633 4
1575561634 5
1575561635 4
1575561636 4
1575561637 4
1575561638 4
1575561639 4
1575561640 3
1575561641 4
1575561642 4
1575561643 4
1575561644 4
1575561645 3
1575561646 4
1575561647 3
1575561648 2
1575561649 3
1575561650 3
1575561651 5
1575561652 5
1575561653 5
1575561654 7
1575561655 6
1575561656 5
1575561657 5
1575561658 5
1575561659 7
1575561660 5
1575561661 6
1575561662 3
1575561663 3
1575561664 2
1575561665 2
1575561666 2
1575561667 2
1575561668 3
1575561669 3
1575561670 3
1575561671 3
1575561672 3
1575561673 3
1575561674 4
1575561675 5
1575561676 6
1575561677 4
1575561678 4
1575561679 4
1575561680 4
1575561681 3
1575561682 3
1575561683 2
1575561684 2
1575561685 2
1575561686 2
1575561687 2
1575561688 2
1575561689 2
1575561690 2
1575561691 2
1575561692 2
1575561693 2
1575561694 2
1575561695 2
1575561696 2
1575561697 2
1575561698 2
1575561699 2
1575561700 2
1575561701 2
1575561702 2
1575561703 2
1575561704 2
1575561705 2
1575561706 2
1575561707 2
1575561708 2
1575561709 2
1575561710 2
1575561711 2
1575561712 2
1575561713 3
1575561714 4
1575561715 4
1575561716 4
1575561717 4
1575561718 4
1575561719 3
1575561720 3
1575561721 3
1575561722 3
1575561723 3
1575561724 3
1575561725 3
1575561726 4
1575561727 3
1575561728 3
1575561729 3
1575561730 3
1575561731 3
1575561732 3
1575561733 3
1575561734 3
1575561735 3
1575561736 3
1575561737 3
1575561738 3
1575561739 3
1575561740 3
1575561741 3
1575561742 3
1575561743 3
1575561744 3
1575561745 3
1575561746 3
1575561747 3
1575561748 3
1575561749 3
1575561750 3
1575561751 3
1575561752 3
1575561753 3
1575561754 3
1575561755 3
1575561756 3
1575561757 3
1575561758 3
1575561759 3
1575561760 3
1575561761 3
1575561762 3
1575561763 3
1575561764 3
1575561765 4
1575561766 3
1575561767 3
1575561768 3
1575561769 3
1575561770 3
1575561771 3
1575561772 4
1575561773 4
1575561774 4
1575561775 4
1575561776 3
1575561777 3
1575561778 3
1575561779 2
1575561780 2
1575561781 2
1575561782 2
1575561783 2
1575561784 2
1575561785 2
1575561786 2
1575561787 2
1575561788 2
1575561789 2
1575561790 2
1575561791 2
1575561792 2
1575561793 2
1575561794 2
1575561795 2
1575561796 2
1575561797 2
1575561798 2
1575561799 2
1575561800 2
1575561801 2
1575561802 2
1575561803 2
1575561804 2
1575561805 2
1575561806 2
1575561807 2
1575561808 2
1575561809 4
1575561810 3
