1573310312 5
1573310313 6
1573310314 6
1573310315 6
1573310316 6
1573310317 6
1573310318 6
1573310319 6
1573310320 5
1573310321 5
1573310322 5
1573310323 4
1573310324 3
1573310325 3
1573310326 3
1573310327 3
1573310328 3
1573310329 2
1573310330 2
1573310331 2
1573310332 2
1573310333 3
1573310334 3
1573310335 3
1573310336 3
1573310337 2
1573310338 2
1573310339 2
1573310340 2
1573310341 2
1573310342 2
1573310343 2
1573310344 2
1573310345 2
1573310346 3
1573310347 2
1573310348 4
1573310349 4
1573310350 4
1573310351 3
1573310352 2
1573310353 2
1573310354 2
1573310355 2
1573310356 2
1573310357 2
1573310358 2
1573310359 2
1573310360 2
1573310361 3
1573310362 2
1573310363 2
1573310364 2
1573310365 2
1573310366 2
1573310367 2
1573310368 2
1573310369 2
1573310370 2
1573310371 2
1573310372 2
1573310373 2
1573310374 2
1573310375 4
1573310376 2
1573310377 4
1573310378 4
1573310379 4
1573310380 4
1573310381 3
1573310382 2
1573310383 2
1573310384 2
1573310385 2
1573310386 2
1573310387 2
1573310388 2
1573310389 2
1573310390 2
1573310391 2
1573310392 3
1573310393 2
1573310394 2
1573310395 2
1573310396 2
1573310397 3
1573310398 3
1573310399 3
1573310400 3
1573310401 2
1573310402 2
1573310403 2
1573310404 2
1573310405 2
1573310406 3
1573310407 2
1573310408 4
1573310409 4
1573310410 4
1573310411 3
1573310412 3
1573310413 2
1573310414 2
1573310415 2
1573310416 3
1573310417 2
1573310418 2
1573310419 3
1573310420 3
1573310421 2
1573310422 2
1573310423 2
1573310424 2
1573310425 3
1573310426 2
1573310427 2
1573310428 3
1573310429 2
1573310430 2
1573310431 3
1573310432 3
1573310433 3
1573310434 3
1573310435 4
1573310436 3
1573310437 4
1573310438 4
1573310439 4
1573310440 3
1573310441 3
1573310442 3
1573310443 2
1573310444 2
1573310445 2
1573310446 2
1573310447 2
1573310448 2
1573310449 2
1573310450 2
1573310451 2
1573310452 2
1573310453 2
1573310454 2
1573310455 2
1573310456 2
1573310457 2
1573310458 2
1573310459 4
1573310460 4
1573310936 5
1573310937 6
1573310938 5
1573310939 5
1573310940 5
1573310941 5
1573310942 4
1573310943 4
1573310944 4
1573310945 5
1573310946 3
1573310947 3
1573310948 3
1573310949 3
1573310950 2
1573310951 2
1573310952 2
1573310953 2
1573310954 2
1573310955 3
1573310956 3
1573310957 3
1573310958 3
1573310959 2
1573310960 2
1573310961 2
1573310962 2
1573310963 2
1573310964 2
1573310965 2
1573310966 2
1573310967 3
1573310968 2
1573310969 2
1573310970 4
1573310971 4
1573310972 5
1573310973 4
1573310974 2
1573310975 2
1573310976 2
1573310977 2
1573310978 2
1573310979 2
1573310980 2
1573310981 2
1573310982 2
1573310983 3
1573310984 2
1573310985 2
1573310986 3
1573310987 3
1573310988 2
1573310989 2
1573310990 2
1573310991 2
1573310992 2
1573310993 2
1573310994 2
1573310995 2
1573310996 3
1573310997 2
1573310998 4
1573310999 4
1573311000 4
1573311001 4
1573311002 3
1573311003 3
1573311004 2
1573311005 2
1573311006 3
1573311007 2
1573311008 2
1573311009 2
1573311010 2
1573311011 2
1573311012 2
1573311013 2
1573311014 4
1573311015 2
1573311016 2
1573311017 2
1573311018 2
1573311019 2
1573311020 2
1573311021 2
1573311022 2
1573311023 2
1573311024 2
1573311025 2
1573311026 2
1573311027 2
1573311028 2
1573311029 4
1573311030 4
1573311031 4
1573311032 4
1573311033 2
1573311034 2
1573311035 2
1573311036 2
1573311037 2
1573311038 2
1573311039 3
1573311040 3
1573311041 2
1573311042 2
1573311043 2
1573311044 3
1573311045 3
1573311046 2
1573311047 2
1573311048 2
1573311049 2
1573311050 2
1573311051 2
1573311052 3
1573311053 3
1573311054 3
1573311055 4
1573311056 5
1573311057 4
1573311058 4
1573311059 4
1573311060 4
1573311061 3
1573311062 3
1573311063 3
1573311064 2
1573311065 2
1573311066 2
1573311067 2
1573311068 2
1573311069 2
1573311070 2
1573311071 2
1573311072 2
1573311073 2
1573311074 2
1573311075 2
1573311076 2
1573311077 2
1573311078 2
1573311079 4
1573311080 4
1573311550 5
1573311551 6
1573311552 5
1573311553 5
1573311554 5
1573311555 5
1573311556 4
1573311557 4
1573311558 4
1573311559 4
1573311560 5
1573311561 3
1573311562 4
1573311563 3
1573311564 3
1573311565 3
1573311566 2
1573311567 2
1573311568 2
1573311569 2
1573311570 3
1573311571 3
1573311572 3
1573311573 3
1573311574 2
1573311575 3
1573311576 3
1573311577 2
1573311578 2
1573311579 2
1573311580 2
1573311581 2
1573311582 3
1573311583 2
1573311584 2
1573311585 4
1573311586 4
1573311587 4
1573311588 3
1573311589 3
1573311590 2
1573311591 2
1573311592 2
1573311593 2
1573311594 2
1573311595 2
1573311596 2
1573311597 2
1573311598 3
1573311599 2
1573311600 2
1573311601 2
1573311602 2
1573311603 2
1573311604 2
1573311605 2
1573311606 2
1573311607 2
1573311608 2
1573311609 2
1573311610 2
1573311611 2
1573311612 4
1573311613 2
1573311614 4
1573311615 5
1573311616 5
1573311617 4
1573311618 3
1573311619 2
1573311620 2
1573311621 2
1573311622 2
1573311623 2
1573311624 2
1573311625 2
1573311626 2
1573311627 2
1573311628 2
1573311629 3
1573311630 2
1573311631 2
1573311632 2
1573311633 2
1573311634 3
1573311635 2
1573311636 2
1573311637 2
1573311638 2
1573311639 2
1573311640 2
1573311641 2
1573311642 3
1573311643 2
1573311644 4
1573311645 4
1573311646 4
1573311647 4
1573311648 3
1573311649 2
1573311650 2
1573311651 2
1573311652 2
1573311653 2
1573311654 2
1573311655 2
1573311656 2
1573311657 2
1573311658 2
1573311659 3
1573311660 3
1573311661 3
1573311662 2
1573311663 2
1573311664 2
1573311665 2
1573311666 3
1573311667 3
1573311668 3
1573311669 3
1573311670 4
1573311671 4
1573311672 5
1573311673 4
1573311674 4
1573311675 5
1573311676 4
1573311677 3
1573311678 2
1573311679 2
1573311680 2
1573311681 2
1573311682 2
1573311683 2
1573311684 2
1573311685 2
1573311686 2
1573311687 2
1573311688 2
1573311689 2
1573311690 2
1573311691 2
1573311692 2
1573311693 2
1573311694 4
1573311695 5
1573312254 5
1573312255 5
1573312256 5
1573312257 5
1573312258 5
1573312259 5
1573312260 5
1573312261 5
1573312262 4
1573312263 4
1573312264 3
1573312265 3
1573312266 3
1573312267 3
1573312268 3
1573312269 3
1573312270 3
1573312271 2
1573312272 2
1573312273 2
1573312274 2
1573312275 3
1573312276 3
1573312277 2
1573312278 3
1573312279 3
1573312280 2
1573312281 2
1573312282 2
1573312283 2
1573312284 2
1573312285 2
1573312286 2
1573312287 3
1573312288 2
1573312289 4
1573312290 4
1573312291 4
1573312292 3
1573312293 2
1573312294 2
1573312295 2
1573312296 2
1573312297 2
1573312298 2
1573312299 2
1573312300 2
1573312301 3
1573312302 2
1573312303 2
1573312304 2
1573312305 2
1573312306 2
1573312307 2
1573312308 2
1573312309 2
1573312310 2
1573312311 2
1573312312 2
1573312313 2
1573312314 2
1573312315 2
1573312316 3
1573312317 2
1573312318 4
1573312319 5
1573312320 4
1573312321 4
1573312322 3
1573312323 2
1573312324 2
1573312325 2
1573312326 2
1573312327 2
1573312328 2
1573312329 2
1573312330 2
1573312331 2
1573312332 2
1573312333 2
1573312334 4
1573312335 2
1573312336 2
1573312337 2
1573312338 2
1573312339 3
1573312340 3
1573312341 2
1573312342 2
1573312343 2
1573312344 2
1573312345 2
1573312346 3
1573312347 2
1573312348 4
1573312349 4
1573312350 4
1573312351 3
1573312352 4
1573312353 2
1573312354 2
1573312355 2
1573312356 2
1573312357 2
1573312358 3
1573312359 2
1573312360 2
1573312361 3
1573312362 2
1573312363 2
1573312364 2
1573312365 3
1573312366 2
1573312367 2
1573312368 2
1573312369 2
1573312370 2
1573312371 3
1573312372 3
1573312373 3
1573312374 3
1573312375 4
1573312376 5
1573312377 4
1573312378 4
1573312379 4
1573312380 4
1573312381 3
1573312382 3
1573312383 2
1573312384 2
1573312385 2
1573312386 2
1573312387 2
1573312388 2
1573312389 2
1573312390 2
1573312391 2
1573312392 2
1573312393 2
1573312394 2
1573312395 2
1573312396 2
1573312397 2
1573312398 2
1573312399 3
1573312400 4
1573312864 5
1573312865 5
1573312866 5
1573312867 5
1573312868 5
1573312869 5
1573312870 5
1573312871 4
1573312872 4
1573312873 4
1573312874 4
1573312875 3
1573312876 3
1573312877 3
1573312878 3
1573312879 2
1573312880 2
1573312881 2
1573312882 2
1573312883 2
1573312884 3
1573312885 3
1573312886 2
1573312887 2
1573312888 2
1573312889 2
1573312890 2
1573312891 2
1573312892 2
1573312893 2
1573312894 2
1573312895 1
1573312896 3
1573312897 3
1573312898 2
1573312899 4
1573312900 4
1573312901 5
1573312902 4
1573312903 2
1573312904 2
1573312905 2
1573312906 2
1573312907 2
1573312908 2
1573312909 2
1573312910 2
1573312911 2
1573312912 3
1573312913 2
1573312914 3
1573312915 2
1573312916 2
1573312917 2
1573312918 2
1573312919 2
1573312920 2
1573312921 2
1573312922 2
1573312923 2
1573312924 2
1573312925 3
1573312926 2
1573312927 3
1573312928 4
1573312929 4
1573312930 5
1573312931 4
1573312932 2
1573312933 2
1573312934 2
1573312935 2
1573312936 2
1573312937 2
1573312938 2
1573312939 2
1573312940 2
1573312941 2
1573312942 2
1573312943 3
1573312944 2
1573312945 2
1573312946 2
1573312947 2
1573312948 2
1573312949 2
1573312950 2
1573312951 2
1573312952 2
1573312953 2
1573312954 2
1573312955 2
1573312956 3
1573312957 2
1573312958 4
1573312959 4
1573312960 4
1573312961 3
1573312962 3
1573312963 2
1573312964 2
1573312965 2
1573312966 2
1573312967 2
1573312968 3
1573312969 4
1573312970 3
1573312971 3
1573312972 2
1573312973 2
1573312974 3
1573312975 2
1573312976 2
1573312977 2
1573312978 2
1573312979 2
1573312980 2
1573312981 2
1573312982 3
1573312983 3
1573312984 3
1573312985 3
1573312986 4
1573312987 2
1573312988 4
1573312989 4
1573312990 4
1573312991 3
1573312992 3
1573312993 3
1573312994 3
1573312995 2
1573312996 2
1573312997 2
1573312998 2
1573312999 2
1573313000 2
1573313001 2
1573313002 2
1573313003 2
1573313004 2
1573313005 2
1573313006 2
1573313007 2
1573313008 2
1573313009 2
1573313010 3
1573313011 4
1573313012 4
1573313491 5
1573313492 6
1573313493 5
1573313494 5
1573313495 6
1573313496 5
1573313497 4
1573313498 5
1573313499 5
1573313500 4
1573313501 5
1573313502 3
1573313503 3
1573313504 3
1573313505 3
1573313506 3
1573313507 2
1573313508 2
1573313509 2
1573313510 2
1573313511 2
1573313512 3
1573313513 3
1573313514 2
1573313515 2
1573313516 3
1573313517 3
1573313518 2
1573313519 2
1573313520 2
1573313521 2
1573313522 2
1573313523 2
1573313524 3
1573313525 2
1573313526 4
1573313527 4
1573313528 4
1573313529 3
1573313530 4
1573313531 2
1573313532 2
1573313533 2
1573313534 3
1573313535 2
1573313536 2
1573313537 2
1573313538 3
1573313539 2
1573313540 3
1573313541 2
1573313542 2
1573313543 2
1573313544 2
1573313545 2
1573313546 2
1573313547 2
1573313548 2
1573313549 2
1573313550 2
1573313551 2
1573313552 2
1573313553 3
1573313554 2
1573313555 4
1573313556 5
1573313557 4
1573313558 3
1573313559 3
1573313560 2
1573313561 2
1573313562 2
1573313563 2
1573313564 2
1573313565 2
1573313566 2
1573313567 2
1573313568 2
1573313569 2
1573313570 2
1573313571 3
1573313572 2
1573313573 2
1573313574 2
1573313575 3
1573313576 2
1573313577 2
1573313578 2
1573313579 2
1573313580 2
1573313581 2
1573313582 2
1573313583 2
1573313584 3
1573313585 2
1573313586 4
1573313587 4
1573313588 5
1573313589 4
1573313590 2
1573313591 2
1573313592 2
1573313593 2
1573313594 2
1573313595 2
1573313596 2
1573313597 2
1573313598 3
1573313599 2
1573313600 3
1573313601 3
1573313602 3
1573313603 2
1573313604 2
1573313605 2
1573313606 2
1573313607 2
1573313608 3
1573313609 3
1573313610 3
1573313611 3
1573313612 4
1573313613 4
1573313614 5
1573313615 4
1573313616 4
1573313617 4
1573313618 4
1573313619 3
1573313620 2
1573313621 2
1573313622 2
1573313623 2
1573313624 2
1573313625 2
1573313626 2
1573313627 2
1573313628 2
1573313629 2
1573313630 2
1573313631 2
1573313632 2
1573313633 2
1573313634 2
1573313635 2
1573313636 3
1573313637 4
1573314123 5
1573314124 6
1573314125 6
1573314126 5
1573314127 5
1573314128 5
1573314129 5
1573314130 5
1573314131 4
1573314132 5
1573314133 3
1573314134 3
1573314135 3
1573314136 3
1573314137 3
1573314138 3
1573314139 3
1573314140 2
1573314141 3
1573314142 2
1573314143 2
1573314144 3
1573314145 3
1573314146 3
1573314147 3
1573314148 2
1573314149 2
1573314150 2
1573314151 2
1573314152 2
1573314153 2
1573314154 2
1573314155 2
1573314156 3
1573314157 2
1573314158 4
1573314159 4
1573314160 4
1573314161 3
1573314162 2
1573314163 2
1573314164 2
1573314165 2
1573314166 2
1573314167 2
1573314168 2
1573314169 2
1573314170 3
1573314171 2
1573314172 3
1573314173 2
1573314174 2
1573314175 2
1573314176 2
1573314177 2
1573314178 2
1573314179 2
1573314180 2
1573314181 2
1573314182 2
1573314183 2
1573314184 2
1573314185 3
1573314186 2
1573314187 3
1573314188 4
1573314189 4
1573314190 6
1573314191 4
1573314192 2
1573314193 2
1573314194 2
1573314195 2
1573314196 2
1573314197 2
1573314198 2
1573314199 2
1573314200 2
1573314201 2
1573314202 2
1573314203 3
1573314204 2
1573314205 2
1573314206 2
1573314207 2
1573314208 2
1573314209 3
1573314210 3
1573314211 2
1573314212 2
1573314213 2
1573314214 2
1573314215 2
1573314216 3
1573314217 2
1573314218 3
1573314219 4
1573314220 4
1573314221 4
1573314222 4
1573314223 2
1573314224 2
1573314225 2
1573314226 2
1573314227 2
1573314228 2
1573314229 3
1573314230 3
1573314231 3
1573314232 2
1573314233 2
1573314234 2
1573314235 3
1573314236 2
1573314237 2
1573314238 2
1573314239 2
1573314240 2
1573314241 3
1573314242 3
1573314243 3
1573314244 3
1573314245 4
1573314246 3
1573314247 4
1573314248 4
1573314249 4
1573314250 4
1573314251 3
1573314252 3
1573314253 2
1573314254 2
1573314255 2
1573314256 2
1573314257 2
1573314258 2
1573314259 2
1573314260 2
1573314261 2
1573314262 2
1573314263 2
1573314264 2
1573314265 2
1573314266 2
1573314267 2
1573314268 2
1573314269 3
1573314270 4
1573314739 5
1573314740 6
1573314741 5
1573314742 5
1573314743 5
1573314744 5
1573314745 4
1573314746 4
1573314747 4
1573314748 5
1573314749 4
1573314750 3
1573314751 3
1573314752 3
1573314753 2
1573314754 2
1573314755 2
1573314756 2
1573314757 2
1573314758 2
1573314759 3
1573314760 3
1573314761 2
1573314762 2
1573314763 2
1573314764 2
1573314765 2
1573314766 2
1573314767 2
1573314768 2
1573314769 2
1573314770 2
1573314771 3
1573314772 2
1573314773 4
1573314774 4
1573314775 4
1573314776 4
1573314777 3
1573314778 2
1573314779 2
1573314780 2
1573314781 2
1573314782 2
1573314783 2
1573314784 2
1573314785 3
1573314786 2
1573314787 2
1573314788 2
1573314789 3
1573314790 2
1573314791 2
1573314792 2
1573314793 2
1573314794 2
1573314795 2
1573314796 2
1573314797 2
1573314798 2
1573314799 2
1573314800 4
1573314801 2
1573314802 4
1573314803 4
1573314804 4
1573314805 3
1573314806 3
1573314807 2
1573314808 2
1573314809 2
1573314810 2
1573314811 2
1573314812 2
1573314813 2
1573314814 2
1573314815 2
1573314816 2
1573314817 3
1573314818 2
1573314819 2
1573314820 2
1573314821 2
1573314822 2
1573314823 2
1573314824 2
1573314825 2
1573314826 2
1573314827 2
1573314828 2
1573314829 2
1573314830 3
1573314831 2
1573314832 4
1573314833 4
1573314834 4
1573314835 3
1573314836 2
1573314837 2
1573314838 2
1573314839 2
1573314840 2
1573314841 2
1573314842 2
1573314843 2
1573314844 4
1573314845 3
1573314846 3
1573314847 3
1573314848 2
1573314849 2
1573314850 2
1573314851 2
1573314852 2
1573314853 2
1573314854 3
1573314855 3
1573314856 3
1573314857 3
1573314858 4
1573314859 3
1573314860 4
1573314861 4
1573314862 4
1573314863 3
1573314864 3
1573314865 3
1573314866 3
1573314867 2
1573314868 2
1573314869 2
1573314870 2
1573314871 2
1573314872 2
1573314873 2
1573314874 2
1573314875 2
1573314876 2
1573314877 2
1573314878 2
1573314879 2
1573314880 2
1573314881 2
1573314882 3
1573314883 4
