1575388890 2
1575388891 2
1575388892 2
1575388893 2
1575388894 2
1575388895 2
1575388896 2
1575388897 2
1575388898 3
1575388899 3
1575388900 3
1575388901 3
1575388902 3
1575388903 2
1575388904 3
1575388905 3
1575388906 6
1575388907 6
1575388908 6
1575388909 4
1575388910 3
1575388911 5
1575388912 4
1575388913 6
1575388914 6
1575388915 4
1575388916 3
1575388917 2
1575388918 2
1575388919 2
1575388920 3
1575388921 4
1575388922 4
1575388923 5
1575388924 5
1575388925 6
1575388926 5
1575388927 5
1575388928 4
1575388929 4
1575388930 4
1575388931 3
1575388932 3
1575388933 2
1575388934 2
1575388935 2
1575388936 2
1575388937 2
1575388938 2
1575388939 2
1575388940 2
1575388941 2
1575388942 2
1575388943 2
1575388944 2
1575388945 2
1575388946 2
1575388947 2
1575388948 2
1575388949 2
1575388950 2
1575388951 2
1575388952 2
1575388953 2
1575388954 2
1575388955 2
1575388956 2
1575388957 1
1575388958 1
1575388959 1
1575388960 1
1575388961 1
1575388962 1
1575388963 1
1575388964 1
1575388965 1
1575388966 1
1575388967 1
1575388968 1
1575388969 1
1575388970 1
1575388971 2
1575388972 2
1575388973 2
1575388974 2
1575388975 2
1575388976 2
1575388977 2
1575388978 2
1575388979 3
1575388980 4
1575388981 4
1575388982 4
1575388983 4
1575388984 4
1575388985 3
1575388986 3
1575388987 3
1575388988 3
1575388989 3
1575388990 3
1575388991 3
1575388992 3
1575388993 3
1575388994 3
1575388995 3
1575388996 3
1575388997 3
1575388998 3
1575388999 3
1575389000 3
1575389001 3
1575389002 3
1575389003 3
1575389004 3
1575389005 3
1575389006 3
1575389007 3
1575389008 3
1575389009 3
1575389010 3
1575389011 3
1575389012 3
1575389013 3
1575389014 3
1575389015 3
1575389016 3
1575389017 3
1575389018 3
1575389019 3
1575389020 3
1575389021 3
1575389022 3
1575389023 3
1575389024 3
1575389025 3
1575389026 3
1575389027 3
1575389028 3
1575389029 3
1575389030 3
1575389031 3
1575389032 3
1575389033 3
1575389034 3
1575389035 3
1575389036 3
1575389037 3
1575389038 3
1575389039 3
1575389040 4
1575389041 3
1575389042 3
1575389043 3
1575389044 3
1575389045 3
1575389046 3
1575389047 3
1575389048 3
1575389049 3
1575389050 3
1575389051 3
1575389052 3
1575389053 3
1575389054 3
1575389055 3
1575389056 3
1575389057 3
1575389058 3
1575389059 3
1575389060 3
1575389061 3
1575389062 3
1575389063 3
1575389064 3
1575389065 3
1575389066 3
1575389067 3
1575389068 3
1575389069 3
1575389070 3
1575389071 3
1575389072 3
1575389073 3
1575389074 3
1575389075 3
1575389076 3
1575389077 3
1575389078 3
1575389079 3
1575389080 3
1575389081 3
1575389082 3
1575389083 3
1575389084 3
1575389085 3
1575389086 3
1575389087 3
1575389088 3
1575389089 3
1575389090 3
1575389091 3
1575389092 3
1575389093 3
1575389094 3
1575389095 3
1575389096 3
1575389097 3
1575389098 3
1575389099 3
1575389100 3
1575389101 3
1575389102 3
1575389103 3
1575389104 3
1575389105 3
1575389106 3
1575389107 3
1575389108 3
1575389109 3
1575389110 3
1575389111 3
1575389112 3
1575389113 3
1575389114 3
1575389115 2
1575389116 3
1575389117 3
1575389118 3
1575389119 3
1575389120 3
1575389121 3
1575389122 3
1575389123 3
1575389124 3
1575389125 3
1575389126 3
1575389127 3
1575389128 3
1575389129 3
1575389130 3
1575389131 3
1575389132 3
1575389133 3
1575389134 3
1575389135 3
1575389136 3
1575389137 3
1575389138 3
1575389139 3
1575389140 3
1575389141 3
1575389142 3
1575389143 3
1575389144 3
1575389145 3
1575389146 3
1575389147 3
1575389148 3
1575389149 3
1575389150 3
1575389151 3
1575389152 3
1575389153 3
1575389154 3
1575389155 3
1575389156 3
1575389157 3
1575389158 3
1575389159 3
1575389160 3
1575389161 3
1575389162 3
1575389163 3
1575389164 3
1575389165 3
1575389166 3
1575389167 3
1575389168 3
1575389169 3
1575389170 3
1575389171 3
1575389172 3
1575389173 3
1575389174 3
1575389175 3
1575389176 3
1575389177 3
1575389178 3
1575389179 3
1575389180 3
1575389181 3
1575389182 3
1575389183 3
1575389184 3
1575389185 3
1575389186 3
1575389187 3
1575389188 3
1575389189 3
1575389190 3
1575389191 3
1575389192 3
1575389193 3
1575389194 3
1575389195 3
1575389196 3
1575389197 3
1575389198 3
1575389199 3
1575389200 3
1575389201 3
1575389202 3
1575389203 2
1575389204 3
1575389205 3
1575389206 3
1575389207 3
1575389208 3
1575389209 3
1575389210 3
1575389211 3
1575389212 3
1575389213 3
1575389214 3
1575389215 3
1575389216 3
1575389217 3
1575389218 3
1575389219 3
1575389220 3
1575389221 3
1575389222 3
1575389223 3
1575389224 3
1575389225 3
1575389226 3
1575389227 3
1575389228 3
1575389229 3
1575389230 3
1575389231 3
1575389232 3
1575389233 3
1575389234 3
1575389235 3
1575389236 3
1575389237 3
1575389238 3
1575389239 3
1575389240 3
1575389241 3
1575389242 3
1575389243 3
1575389244 3
1575389245 3
1575389246 3
1575389247 3
1575389248 3
1575389249 3
1575389250 3
1575389251 3
1575389252 3
1575389253 3
1575389254 3
1575389255 3
1575389256 3
1575389257 3
1575389258 3
1575389259 3
1575389260 3
1575389261 3
1575389262 3
1575389263 3
1575389264 3
1575389265 3
1575389266 3
1575389267 3
1575389268 3
1575389269 3
1575389270 3
1575389271 3
1575389272 3
1575389273 3
1575389274 3
1575389275 3
1575389276 3
1575389277 3
1575389278 3
1575389279 3
1575389280 3
1575389281 3
1575389282 3
1575389283 3
1575389284 3
1575389285 3
1575389286 3
1575389287 3
1575389288 3
1575389289 3
1575389290 3
1575389291 3
1575389292 3
1575389293 3
1575389294 3
1575389295 3
1575389296 3
1575389297 3
1575389298 3
1575389299 3
1575389300 3
1575389301 3
1575389302 3
1575389303 3
1575389304 3
1575389305 3
1575389306 3
1575389307 3
1575389308 3
1575389309 3
1575389310 3
1575389311 3
1575389312 3
1575389313 3
1575389314 3
1575389315 3
1575389316 3
1575389317 3
1575389318 3
1575389319 3
1575389320 3
1575389321 3
1575389322 3
1575389323 3
1575389324 3
1575389325 3
1575389326 3
1575389327 3
1575389328 3
1575389329 3
1575389330 3
1575389331 3
1575389332 3
1575389333 3
1575389334 3
1575389335 3
1575389336 3
1575389337 3
1575389338 3
1575389339 3
1575389340 3
1575389341 3
1575389342 3
1575389343 3
1575389344 3
1575389345 3
1575389346 3
1575389347 3
1575389348 3
1575389349 3
1575389350 3
1575389351 3
1575389352 3
1575389353 3
1575389354 3
1575389355 3
1575389356 3
1575389357 3
1575389358 3
1575389359 3
1575389360 3
1575389361 3
1575389362 3
1575389363 3
1575389364 3
1575389365 3
1575389366 3
1575389367 3
1575389368 3
1575389369 3
1575389370 3
1575389371 3
1575389372 3
1575389373 3
1575389374 3
1575389375 3
1575389376 3
1575389377 3
1575389378 3
1575389379 3
1575389380 3
1575389381 3
1575389382 3
1575389383 3
1575389384 3
1575389385 3
1575389386 3
1575389387 3
1575389388 3
1575389389 3
1575389390 3
1575389391 3
1575389392 3
1575389393 3
1575389394 3
1575389395 3
1575389396 3
1575389397 3
1575389398 3
1575389399 3
1575389400 3
1575389401 3
1575389402 3
1575389403 3
1575389404 3
1575389405 3
1575389406 3
1575389407 3
1575389408 3
1575389409 3
1575389410 3
1575389411 3
1575389412 3
1575389413 3
1575389414 3
1575389415 3
1575389416 3
1575389417 3
1575389418 3
1575389419 3
1575389420 3
1575389421 3
1575389422 3
1575389423 3
1575389424 3
1575389425 3
1575389426 3
1575389427 3
1575389428 3
1575389429 3
1575389430 3
1575389431 3
1575389432 3
1575389433 3
1575389434 3
1575389435 3
1575389436 3
1575389437 3
1575389438 3
1575389439 3
1575389440 3
1575389441 3
1575389442 3
1575389443 3
1575389444 3
1575389445 3
1575389446 3
1575389447 3
1575389448 3
1575389449 3
1575389450 3
1575389451 3
1575389452 3
1575389453 3
1575389454 3
1575389455 3
1575389456 3
1575389457 3
1575389458 3
1575389459 3
1575389460 3
1575389461 3
1575389462 3
1575389463 3
1575389464 3
1575389465 3
1575389466 3
1575389467 3
1575389468 3
1575389469 3
1575389470 3
1575389471 3
1575389472 3
1575389473 3
1575389474 3
1575389475 3
1575389476 3
1575389477 3
1575389478 3
1575389479 3
1575389480 3
1575389481 3
1575389482 3
1575389483 3
1575389484 3
1575389485 3
1575389486 3
1575389487 3
1575389488 3
1575389489 3
1575389490 3
1575389491 3
1575389492 3
1575389493 3
1575389494 3
1575389495 3
1575389496 3
1575389497 3
1575389498 3
1575389499 3
1575389500 3
1575389501 3
1575389502 3
1575389503 3
1575389504 3
1575389505 3
1575389506 3
1575389507 3
1575389508 3
1575389509 3
1575389510 3
1575389511 3
1575389512 3
1575389513 3
1575389514 3
1575389515 3
1575389516 3
1575389517 3
1575389518 3
1575389519 3
1575389520 3
1575389521 3
1575389522 3
1575389523 3
1575389524 3
1575389525 3
1575389526 3
1575389527 3
1575389528 3
1575389529 4
1575389530 3
1575389531 3
1575389532 2
1575389533 3
1575389534 3
1575389535 3
1575389536 3
1575389537 3
1575389538 3
1575389539 3
1575389540 3
1575389541 3
1575389542 3
1575389543 3
1575389544 3
1575389545 3
1575389546 3
1575389547 3
1575389548 3
1575389549 3
1575389550 3
1575389551 3
1575389552 3
1575389553 3
1575389554 3
1575389555 3
1575389556 3
1575389557 3
1575389558 3
1575389559 3
1575389560 3
1575389561 3
1575389562 3
1575389563 3
1575389564 3
1575389565 3
1575389566 3
1575389567 3
1575389568 3
1575389569 3
1575389570 3
1575389571 3
1575389572 3
1575389573 3
1575389574 3
1575389575 3
1575389576 3
1575389577 3
1575389578 3
1575389579 3
1575389580 3
1575389581 3
1575389582 3
1575389583 3
1575389584 3
1575389585 3
1575389586 3
1575389587 3
1575389588 3
1575389589 3
1575389590 3
1575389591 3
1575389592 3
1575389593 3
1575389594 3
1575389595 3
1575389596 3
1575389597 3
1575389598 3
1575389599 3
1575389600 3
1575389601 3
1575389602 3
1575389603 3
1575389604 3
1575389605 3
1575389606 4
1575389607 3
1575389608 3
1575389609 3
1575389610 3
1575389611 3
1575389612 3
1575389613 3
1575389614 3
1575389615 3
1575389616 3
1575389617 3
1575389618 3
1575389619 3
1575389620 3
1575389621 3
1575389622 3
1575389623 3
1575389624 3
1575389625 3
1575389626 3
1575389627 3
1575389628 3
1575389629 3
1575389630 3
1575389631 3
1575389632 3
1575389633 3
1575389634 3
1575389635 3
1575389636 3
1575389637 3
1575389638 3
1575389639 3
1575389640 3
1575389641 3
1575389642 3
1575389643 3
1575389644 3
1575389645 3
1575389646 3
1575389647 3
1575389648 3
1575389649 3
1575389650 3
1575389651 3
1575389652 3
1575389653 3
1575389654 3
1575389655 3
1575389656 3
1575389657 3
1575389658 3
1575389659 3
1575389660 3
1575389661 3
1575389662 3
1575389663 3
1575389664 3
1575389665 3
1575389666 3
1575389667 3
1575389668 3
1575389669 3
1575389670 3
1575389671 3
1575389672 3
1575389673 3
1575389674 3
1575389675 3
1575389676 3
1575389677 3
1575389678 3
1575389679 3
1575389680 3
1575389681 3
1575389682 3
1575389683 3
1575389684 3
1575389685 3
1575389686 3
1575389687 3
1575389688 3
1575389689 3
1575389690 3
1575389691 3
1575389692 3
1575389693 3
1575389694 3
1575389695 3
1575389696 3
1575389697 3
1575389698 3
1575389699 3
1575389700 3
1575389701 3
1575389702 3
1575389703 3
1575389704 2
1575389705 3
1575389706 3
1575389707 3
1575389708 3
1575389709 3
1575389710 3
1575389711 3
1575389712 3
1575389713 3
1575389714 3
1575389715 3
1575389716 3
1575389717 3
1575389718 3
1575389719 3
1575389720 3
1575389721 3
1575389722 3
1575389723 3
1575389724 3
1575389725 3
1575389726 3
1575389727 3
1575389728 3
1575389729 3
1575389730 3
1575389731 3
1575389732 3
1575389733 3
1575389734 3
1575389735 3
1575389736 3
1575389737 3
1575389738 3
1575389739 3
1575389740 3
1575389741 3
1575389742 3
1575389743 3
1575389744 3
1575389745 3
1575389746 3
1575389747 3
1575389748 3
1575389749 3
1575389750 3
1575389751 3
1575389752 3
1575389753 3
1575389754 3
1575389755 3
1575389756 3
1575389757 3
1575389758 3
1575389759 3
1575389760 3
1575389761 3
1575389762 3
1575389763 3
1575389764 3
1575389765 3
1575389766 3
1575389767 3
1575389768 3
1575389769 3
1575389770 3
1575389771 3
1575389772 3
1575389773 3
1575389774 3
1575389775 3
1575389776 3
1575389777 3
1575389778 3
1575389779 3
1575389780 3
1575389781 3
1575389782 3
1575389783 3
1575389784 3
1575389785 3
1575389786 3
1575389787 3
1575389788 3
1575389789 3
1575389790 3
1575389791 3
1575389792 3
1575389793 3
1575389794 3
1575389795 3
1575389796 3
1575389797 3
1575389798 3
1575389799 3
1575389800 3
1575389801 3
1575389802 3
1575389803 3
1575389804 3
1575389805 3
1575389806 3
1575389807 3
1575389808 3
1575389809 3
1575389810 3
1575389811 3
1575389812 3
1575389813 3
1575389814 3
1575389815 3
1575389816 3
1575389817 3
1575389818 3
1575389819 3
1575389820 3
1575389821 3
1575389822 3
1575389823 3
1575389824 3
1575389825 3
1575389826 3
1575389827 3
1575389828 3
1575389829 3
1575389830 3
1575389831 3
1575389832 3
1575389833 3
1575389834 3
1575389835 3
1575389836 3
1575389837 3
1575389838 3
1575389839 3
1575389840 3
1575389841 3
1575389842 3
1575389843 3
1575389844 3
1575389845 3
1575389846 3
1575389847 3
1575389848 3
1575389849 3
1575389850 3
1575389851 3
1575389852 3
1575389853 3
1575389854 3
1575389855 3
1575389856 3
1575389857 3
1575389858 3
1575389859 3
1575389860 3
1575389861 3
1575389862 3
1575389863 3
1575389864 3
1575389865 3
1575389866 3
1575389867 3
1575389868 3
1575389869 3
1575389870 3
1575389871 3
1575389872 3
1575389873 3
1575389874 3
1575389875 3
1575389876 3
1575389877 3
1575389878 3
1575389879 3
1575389880 3
1575389881 3
1575389882 3
1575389883 3
1575389884 3
1575389885 3
1575389886 3
1575389887 3
1575389888 4
1575389889 3
1575389890 3
1575389891 3
1575389892 3
1575389893 3
1575389894 3
1575389895 3
1575389896 3
1575389897 3
1575389898 3
1575389899 2
1575389900 3
1575389901 3
1575389902 3
1575389903 3
1575389904 3
1575389905 3
1575389906 3
1575389907 3
1575389908 3
1575389909 3
1575389910 3
1575389911 3
1575389912 3
1575389913 3
1575389914 3
1575389915 3
1575389916 3
1575389917 3
1575389918 3
1575389919 3
1575389920 2
1575389921 2
1575389922 4
1575389923 3
1575389924 4
1575389925 3
1575389926 2
1575389927 2
1575389928 2
1575389929 2
1575389930 2
1575389931 2
1575389932 2
1575389933 2
1575389934 2
1575389935 2
1575389936 2
1575389937 2
1575389938 2
1575389939 2
1575389940 2
1575389941 2
1575389942 2
1575389943 2
1575389944 2
1575389945 2
1575389946 2
1575389947 2
1575389948 2
1575389949 2
1575389950 2
1575389951 2
1575389952 2
1575389953 2
1575389954 2
1575389955 2
1575389956 2
1575389957 2
1575389958 2
1575389959 3
1575389960 4
1575389961 3
1575389962 2
1575389963 2
1575389964 2
1575389965 2
1575389966 2
1575389967 2
1575389968 2
1575389969 2
1575389970 2
1575389971 2
1575389972 2
1575389973 3
1575389974 5
1575389975 5
1575389976 4
1575389977 4
1575389978 3
1575389979 3
1575389980 2
1575389981 2
1575389982 3
1575389983 2
1575389984 2
1575389985 2
1575389986 2
1575389987 2
1575389988 2
1575389989 2
1575389990 2
1575389991 2
1575389992 2
1575389993 2
1575389994 2
1575389995 2
1575389996 2
1575389997 2
1575389998 2
1575389999 2
1575390000 2
1575390001 2
1575390002 2
1575390003 2
1575390004 2
1575390005 2
1575390006 2
1575390007 2
1575390008 2
1575390009 2
1575390010 3
1575390011 2
1575390012 3
1575390013 4
1575390014 3
1575390015 2
1575390016 2
1575390017 2
1575390018 3
1575390019 3
1575390020 3
1575390021 3
1575390022 4
1575390023 5
1575390024 4
1575390025 2
1575390026 3
1575390027 5
1575390028 4
1575390029 4
1575390030 2
1575390031 2
1575390032 2
1575390033 2
1575390034 1
1575390035 1
1575390036 1
1575390037 1
1575390038 1
1575390039 3
1575390040 2
1575390041 3
1575390042 4
1575390043 3
1575390044 2
1575390045 2
1575390046 2
1575390047 2
1575390048 2
1575390049 2
1575390050 3
1575390051 2
1575390052 2
1575390053 2
1575390054 3
1575390055 2
1575390056 1
1575390057 1
1575390058 1
1575390059 3
1575390060 3
1575390061 3
1575390062 2
1575390063 4
1575390064 4
1575390065 3
1575390066 4
1575390067 5
1575390068 5
1575390069 4
1575390070 3
1575390071 2
1575390072 2
1575390073 2
1575390074 2
1575390075 2
1575390076 2
1575390077 3
1575390078 2
1575390079 2
1575390080 3
1575390081 3
1575390082 3
1575390083 3
1575390084 3
1575390085 3
1575390086 4
1575390087 2
1575390088 3
1575390089 2
1575390090 2
1575390091 3
1575390092 3
1575390093 2
1575390094 2
1575390095 2
1575390096 2
1575390097 3
1575390098 3
1575390099 4
1575390100 4
1575390101 4
1575390102 3
1575390103 3
1575390104 2
1575390105 5
1575390106 5
1575390107 5
1575390108 5
1575390109 5
1575390110 5
1575390111 5
1575390112 4
1575390113 3
1575390114 3
1575390115 3
1575390116 3
1575390117 2
1575390118 3
1575390119 2
1575390120 2
1575390121 2
1575390122 3
1575390123 2
1575390124 2
1575390125 2
1575390126 3
1575390127 3
1575390128 2
1575390129 2
1575390130 2
1575390131 2
1575390132 2
1575390133 3
1575390134 2
1575390135 4
1575390136 4
1575390137 4
1575390138 5
1575390139 2
1575390140 2
1575390141 2
1575390142 2
1575390143 2
1575390144 2
1575390145 2
1575390146 2
1575390147 3
1575390148 3
1575390149 2
1575390150 3
1575390151 4
1575390152 3
1575390153 2
1575390154 2
1575390155 2
1575390156 2
1575390157 2
1575390158 2
1575390159 2
1575390160 2
1575390161 2
1575390162 3
1575390163 2
1575390164 4
1575390165 4
1575390166 4
1575390167 4
1575390168 2
1575390169 2
1575390170 2
1575390171 2
1575390172 2
1575390173 2
1575390174 2
1575390175 2
1575390176 2
1575390177 2
1575390178 2
1575390179 2
1575390180 4
1575390181 2
1575390182 2
1575390183 2
1575390184 2
1575390185 2
1575390186 2
1575390187 2
1575390188 2
1575390189 2
1575390190 2
1575390191 2
1575390192 2
1575390193 2
1575390194 2
1575390195 3
1575390196 4
1575390197 4
1575390198 3
1575390199 3
1575390200 3
1575390201 2
1575390202 2
1575390203 2
1575390204 2
1575390205 2
1575390206 3
1575390207 2
1575390208 3
1575390209 2
1575390210 2
1575390211 3
1575390212 3
1575390213 2
1575390214 2
1575390215 2
1575390216 2
1575390217 2
1575390218 3
1575390219 3
1575390220 3
1575390221 3
1575390222 4
1575390223 3
1575390224 5
1575390225 4
1575390226 4
1575390227 4
1575390228 3
1575390229 3
1575390230 2
1575390231 2
1575390232 2
1575390233 2
1575390234 2
1575390235 2
1575390236 2
1575390237 2
1575390238 2
1575390239 2
1575390240 2
1575390241 2
1575390242 2
1575390243 2
1575390244 2
1575390245 2
1575390246 4
1575390247 4
1575390461 3
1575390462 3
1575390463 1
1575390464 1
1575390465 2
1575390466 2
1575390467 2
1575390468 3
1575390469 2
1575390470 5
1575390471 2
1575390472 2
1575390473 3
1575390474 4
1575390475 5
1575390476 4
1575390477 2
1575390478 2
1575390479 5
1575390480 4
1575390481 5
1575390482 3
1575390483 3
1575390484 3
1575390485 2
1575390486 2
1575390487 2
1575390488 3
1575390489 5
1575390490 3
1575390491 2
1575390492 2
1575390493 2
1575390494 2
1575390495 2
1575390496 2
1575390497 2
1575390498 2
1575390499 2
1575390500 2
1575390501 2
1575390502 2
1575390503 2
1575390504 2
1575390505 2
1575390506 2
1575390507 2
1575390508 2
1575390509 2
1575390510 2
1575390511 2
1575390512 2
1575390513 2
1575390514 2
1575390515 2
1575390516 2
1575390517 2
1575390518 2
1575390519 2
1575390520 2
1575390521 2
1575390522 2
1575390523 2
1575390524 3
1575390525 4
1575390526 4
1575390527 4
1575390528 4
1575390529 4
1575390530 4
1575390531 4
1575390532 4
1575390533 4
1575390534 4
1575390535 4
1575390536 4
1575390537 4
1575390538 4
1575390539 3
1575390540 3
1575390541 3
1575390542 4
1575390543 4
1575390544 4
1575390545 4
1575390546 4
1575390547 2
1575390548 2
1575390549 2
1575390550 2
1575390551 2
1575390552 2
1575390553 2
1575390554 2
1575390555 2
1575390556 2
1575390557 2
1575390558 2
1575390559 2
1575390560 2
1575390561 2
1575390562 2
1575390563 2
1575390564 2
1575390565 2
1575390566 2
1575390567 2
1575390568 2
1575390569 2
1575390570 2
1575390571 2
1575390572 2
1575390573 2
1575390574 2
1575390575 2
1575390576 2
1575390577 2
1575390578 2
1575390579 3
1575390580 3
1575390581 3
1575390582 4
1575390583 3
1575390584 2
1575390585 2
1575390586 2
1575390587 3
1575390588 3
1575390589 3
1575390590 3
1575390591 4
1575390592 5
1575390593 4
1575390594 3
1575390595 3
1575390596 4
1575390597 4
1575390598 3
1575390599 2
1575390600 3
1575390601 2
1575390602 1
1575390603 1
1575390604 1
1575390605 1
1575390606 1
1575390607 2
1575390608 3
1575390609 3
1575390610 4
1575390611 4
1575390612 3
1575390613 2
1575390614 2
1575390615 2
1575390616 2
1575390617 2
1575390618 3
1575390619 2
1575390620 2
1575390621 2
1575390622 2
1575390623 1
1575390624 1
1575390625 1
1575390626 1
1575390627 1
1575390628 2
1575390629 3
1575390630 3
1575390631 3
1575390632 4
1575390633 5
1575390634 4
1575390635 4
1575390636 3
1575390637 3
1575390638 3
1575390639 2
1575390640 2
1575390641 2
1575390642 2
1575390643 2
1575390644 2
1575390645 2
1575390646 2
1575390647 2
1575390648 3
1575390649 3
1575390650 2
1575390651 2
1575390652 2
1575390653 3
1575390654 4
1575390655 2
1575390656 2
1575390657 2
1575390658 2
1575390659 2
1575390660 3
1575390661 3
1575390662 2
1575390663 1
1575390664 2
1575390665 3
1575390666 3
1575390667 4
1575390668 4
1575390669 4
1575390670 4
1575390671 3
1575390672 2
1575390673 5
1575390674 6
1575390675 5
1575390676 5
1575390677 4
1575390678 4
1575390679 3
1575390680 3
1575390681 3
1575390682 3
1575390683 3
1575390684 3
1575390685 2
1575390686 2
1575390687 2
1575390688 2
1575390689 3
1575390690 3
1575390691 2
1575390692 3
1575390693 3
1575390694 4
1575390695 2
1575390696 2
1575390697 2
1575390698 2
1575390699 2
1575390700 2
1575390701 2
1575390702 2
1575390703 4
1575390704 4
1575390705 6
1575390706 4
1575390707 3
1575390708 3
1575390709 2
1575390710 2
1575390711 2
1575390712 2
1575390713 2
1575390714 3
1575390715 2
1575390716 2
1575390717 2
1575390718 2
1575390719 2
1575390720 2
1575390721 2
1575390722 2
1575390723 2
1575390724 2
1575390725 2
1575390726 2
1575390727 2
1575390728 2
1575390729 2
1575390730 2
1575390731 3
1575390732 4
1575390733 4
1575390734 4
1575390735 3
1575390736 2
1575390737 2
1575390738 2
1575390739 2
1575390740 2
1575390741 2
1575390742 2
1575390743 2
1575390744 2
1575390745 2
1575390746 2
1575390747 4
1575390748 2
1575390749 2
1575390750 2
1575390751 2
1575390752 2
1575390753 2
1575390754 2
1575390755 2
1575390756 2
1575390757 2
1575390758 2
1575390759 2
1575390760 2
1575390761 2
1575390762 3
1575390763 4
1575390764 4
1575390765 3
1575390766 3
1575390767 2
1575390768 2
1575390769 2
1575390770 2
1575390771 2
1575390772 2
1575390773 2
1575390774 3
1575390775 2
1575390776 4
1575390777 4
1575390778 3
1575390779 2
1575390780 2
1575390781 2
1575390782 2
1575390783 2
1575390784 3
1575390785 4
1575390786 3
1575390787 3
1575390788 4
1575390789 3
1575390790 4
1575390791 4
1575390792 4
1575390793 4
1575390794 3
1575390795 3
1575390796 3
1575390797 2
1575390798 3
1575390799 2
1575390800 2
1575390801 2
1575390802 2
1575390803 2
1575390804 2
1575390805 2
1575390806 2
1575390807 2
1575390808 2
1575390809 2
1575390810 2
1575390811 2
1575390812 3
1575390813 5
1575391031 3
1575391032 2
1575391033 1
1575391034 1
1575391035 1
1575391036 2
1575391037 2
1575391038 3
1575391039 3
1575391040 3
1575391041 2
1575391042 2
1575391043 3
1575391044 4
1575391045 5
1575391046 5
1575391047 2
1575391048 3
1575391049 5
1575391050 4
1575391051 4
1575391052 4
1575391053 3
1575391054 3
1575391055 2
1575391056 3
1575391057 3
1575391058 4
1575391059 4
1575391060 3
1575391061 3
1575391062 2
1575391063 2
1575391064 2
1575391065 2
1575391066 2
1575391067 2
1575391068 2
1575391069 2
1575391070 2
1575391071 2
1575391072 2
1575391073 2
1575391074 2
1575391075 2
1575391076 2
1575391077 2
1575391078 2
1575391079 2
1575391080 2
1575391081 2
1575391082 2
1575391083 2
1575391084 2
1575391085 2
1575391086 2
1575391087 2
1575391088 2
1575391089 2
1575391090 2
1575391091 2
1575391092 2
1575391093 2
1575391094 3
1575391095 4
1575391096 4
1575391097 5
1575391098 4
1575391099 4
1575391100 4
1575391101 4
1575391102 4
1575391103 4
1575391104 4
1575391105 4
1575391106 3
1575391107 2
1575391108 2
1575391109 4
1575391110 4
1575391111 4
1575391112 4
1575391113 4
1575391114 2
1575391115 2
1575391116 3
1575391117 2
1575391118 2
1575391119 2
1575391120 2
1575391121 2
1575391122 2
1575391123 2
1575391124 2
1575391125 2
1575391126 2
1575391127 2
1575391128 2
1575391129 2
1575391130 2
1575391131 2
1575391132 2
1575391133 2
1575391134 2
1575391135 2
1575391136 2
1575391137 2
1575391138 2
1575391139 2
1575391140 2
1575391141 2
1575391142 2
1575391143 2
1575391144 2
1575391145 2
1575391146 2
1575391147 3
1575391148 4
1575391149 4
1575391150 4
1575391151 3
1575391152 2
1575391153 2
1575391154 3
1575391155 3
1575391156 3
1575391157 3
1575391158 4
1575391159 4
1575391160 3
1575391161 4
1575391162 5
1575391163 4
1575391164 5
1575391165 5
1575391166 4
1575391167 3
1575391168 2
1575391169 2
1575391170 1
1575391171 1
1575391172 2
1575391173 2
1575391174 1
1575391175 2
1575391176 2
1575391177 3
1575391178 4
1575391179 4
1575391180 4
1575391181 3
1575391182 2
1575391183 2
1575391184 2
1575391185 2
1575391186 3
1575391187 3
1575391188 2
1575391189 2
1575391190 2
1575391191 2
1575391192 2
1575391193 1
1575391194 1
1575391195 1
1575391196 1
1575391197 3
1575391198 3
1575391199 3
1575391200 5
1575391201 5
1575391202 4
1575391203 4
1575391204 3
1575391205 3
1575391206 3
1575391207 2
1575391208 2
1575391209 2
1575391210 2
1575391211 2
1575391212 1
1575391213 2
1575391214 2
1575391215 2
1575391216 3
1575391217 3
1575391218 2
1575391219 2
1575391220 2
1575391221 3
1575391222 3
1575391223 2
1575391224 3
1575391225 2
1575391226 2
1575391227 2
1575391228 3
1575391229 3
1575391230 3
1575391231 1
1575391232 2
1575391233 3
1575391234 3
1575391235 4
1575391236 4
1575391237 4
1575391238 4
1575391239 3
1575391240 4
1575391241 5
1575391242 5
1575391243 4
1575391244 4
1575391245 4
1575391246 4
1575391247 3
1575391248 4
1575391249 3
1575391250 3
1575391251 2
1575391252 2
1575391253 2
1575391254 2
1575391255 2
1575391256 2
1575391257 3
1575391258 3
1575391259 3
1575391260 3
1575391261 3
1575391262 2
1575391263 2
1575391264 2
1575391265 2
1575391266 2
1575391267 2
1575391268 2
1575391269 3
1575391270 2
1575391271 4
1575391272 4
1575391273 4
1575391274 4
1575391275 2
1575391276 2
1575391277 2
1575391278 2
1575391279 2
1575391280 2
1575391281 2
1575391282 2
1575391283 2
1575391284 3
1575391285 2
1575391286 2
1575391287 2
1575391288 2
1575391289 2
1575391290 2
1575391291 2
1575391292 2
1575391293 2
1575391294 2
1575391295 2
1575391296 2
1575391297 2
1575391298 3
1575391299 2
1575391300 4
1575391301 4
1575391302 4
1575391303 3
1575391304 3
1575391305 2
1575391306 2
1575391307 3
1575391308 2
1575391309 2
1575391310 2
1575391311 2
1575391312 2
1575391313 2
1575391314 2
1575391315 3
1575391316 2
1575391317 2
1575391318 2
1575391319 2
1575391320 3
1575391321 3
1575391322 3
1575391323 2
1575391324 2
1575391325 2
1575391326 2
1575391327 2
1575391328 3
1575391329 2
1575391330 4
1575391331 4
1575391332 4
1575391333 5
1575391334 2
1575391335 2
1575391336 2
1575391337 2
1575391338 2
1575391339 2
1575391340 3
1575391341 2
1575391342 3
1575391343 2
1575391344 4
1575391345 4
1575391346 2
1575391347 2
1575391348 2
1575391349 2
1575391350 2
1575391351 2
1575391352 3
1575391353 3
1575391354 3
1575391355 4
1575391356 3
1575391357 4
1575391358 4
1575391359 4
1575391360 4
1575391361 3
1575391362 3
1575391363 2
1575391364 3
1575391365 2
1575391366 2
1575391367 2
1575391368 2
1575391369 2
1575391370 2
1575391371 2
1575391372 2
1575391373 2
1575391374 2
1575391375 2
1575391376 2
1575391377 2
1575391378 2
1575391379 4
1575391380 4
1575391662 4
1575391663 3
1575391664 4
1575391665 3
1575391666 3
1575391667 3
1575391668 3
1575391669 3
1575391670 3
1575391671 3
1575391672 3
1575391673 4
1575391674 4
1575391675 4
1575391676 4
1575391677 3
1575391678 3
1575391679 2
1575391680 3
1575391681 2
1575391682 2
1575391683 2
1575391684 2
1575391685 2
1575391686 2
1575391687 2
1575391688 2
1575391689 2
1575391690 2
1575391691 2
1575391692 2
1575391693 2
1575391694 2
1575391695 2
1575391696 2
1575391697 2
1575391698 2
1575391699 2
1575391700 2
1575391701 2
1575391702 2
1575391703 2
1575391704 2
1575391705 2
1575391706 2
1575391707 2
1575391708 2
1575391709 2
1575391710 3
1575391711 2
1575391712 3
1575391713 3
1575391714 4
1575391715 3
1575391716 3
1575391717 2
1575391718 2
1575391719 3
1575391720 3
1575391721 3
1575391722 3
1575391723 5
1575391724 5
1575391725 3
1575391726 3
1575391727 4
1575391728 4
1575391729 4
1575391730 2
1575391731 2
1575391732 2
1575391733 2
1575391734 2
1575391735 2
1575391736 2
1575391737 1
1575391738 2
1575391739 2
1575391740 3
1575391741 3
1575391742 4
1575391743 3
1575391744 2
1575391745 2
1575391746 1
1575391747 1
1575391748 1
1575391749 2
1575391750 3
1575391751 3
1575391752 2
1575391753 2
1575391754 2
1575391755 2
1575391756 1
1575391757 1
1575391758 1
1575391759 2
1575391760 3
1575391761 4
1575391762 4
1575391763 5
1575391764 5
1575391765 5
1575391766 6
1575391767 3
1575391768 3
1575391769 3
1575391770 3
1575391771 2
1575391772 2
1575391773 2
1575391774 2
1575391775 2
1575391776 2
1575391777 2
1575391778 2
1575391779 3
1575391780 3
1575391781 3
1575391782 2
1575391783 2
1575391784 3
1575391785 3
1575391786 2
1575391787 2
1575391788 2
1575391789 2
1575391790 3
1575391791 3
1575391792 1
1575391793 1
1575391794 3
1575391795 4
1575391796 4
1575391797 4
1575391798 5
1575391799 5
1575391800 6
1575391801 5
1575391802 5
1575391803 4
1575391804 5
1575391805 2
1575391806 2
1575391807 6
1575391808 6
1575391809 4
1575391810 4
1575391811 4
1575391812 4
1575391813 4
1575391814 3
1575391815 3
1575391816 3
1575391817 3
1575391818 2
1575391819 2
1575391820 2
1575391821 2
1575391822 2
1575391823 2
1575391824 3
1575391825 2
1575391826 2
1575391827 3
1575391828 2
1575391829 2
1575391830 2
1575391831 2
1575391832 2
1575391833 2
1575391834 2
1575391835 2
1575391836 4
1575391837 4
1575391838 4
1575391839 4
1575391840 3
1575391841 2
1575391842 2
1575391843 2
1575391844 2
1575391845 2
1575391846 2
1575391847 2
1575391848 2
1575391849 3
1575391850 2
1575391851 2
1575391852 3
1575391853 4
1575391854 3
1575391855 3
1575391856 2
1575391857 2
1575391858 2
1575391859 2
1575391860 2
1575391861 2
1575391862 2
1575391863 3
1575391864 2
1575391865 4
1575391866 4
1575391867 4
1575391868 4
1575391869 2
1575391870 2
1575391871 2
1575391872 2
1575391873 2
1575391874 2
1575391875 2
1575391876 2
1575391877 2
1575391878 2
1575391879 2
1575391880 4
1575391881 2
1575391882 2
1575391883 2
1575391884 3
1575391885 3
1575391886 2
1575391887 2
1575391888 2
1575391889 2
1575391890 2
1575391891 2
1575391892 2
1575391893 2
1575391894 3
1575391895 4
1575391896 4
1575391897 4
1575391898 2
1575391899 2
1575391900 2
1575391901 2
1575391902 2
1575391903 3
1575391904 3
1575391905 2
1575391906 2
1575391907 3
1575391908 2
1575391909 3
1575391910 2
1575391911 2
1575391912 2
1575391913 2
1575391914 2
1575391915 2
1575391916 3
1575391917 3
1575391918 3
1575391919 3
1575391920 4
1575391921 3
1575391922 4
1575391923 4
1575391924 4
1575391925 4
1575391926 3
1575391927 3
1575391928 2
1575391929 2
1575391930 2
1575391931 2
1575391932 2
1575391933 2
1575391934 2
1575391935 2
1575391936 2
1575391937 2
1575391938 2
1575391939 2
1575391940 2
1575391941 2
1575391942 2
1575391943 2
1575391944 4
1575391945 4
1575392617 5
1575392618 4
1575392619 4
1575392620 4
1575392621 5
1575392622 4
1575392623 3
1575392624 3
1575392625 3
1575392626 3
1575392627 2
1575392628 2
1575392629 2
1575392630 2
1575392631 2
1575392632 3
1575392633 2
1575392634 2
1575392635 2
1575392636 2
1575392637 2
1575392638 2
1575392639 2
1575392640 2
1575392641 2
1575392642 2
1575392643 3
1575392644 2
1575392645 4
1575392646 4
1575392647 4
1575392648 3
1575392649 3
1575392650 2
1575392651 2
1575392652 2
1575392653 2
1575392654 2
1575392655 2
1575392656 2
1575392657 2
1575392658 3
1575392659 2
1575392660 3
1575392661 4
1575392662 2
1575392663 2
1575392664 2
1575392665 2
1575392666 2
1575392667 2
1575392668 2
1575392669 2
1575392670 2
1575392671 3
1575392672 2
1575392673 4
1575392674 4
1575392675 4
1575392676 4
1575392677 3
1575392678 2
1575392679 2
1575392680 2
1575392681 2
1575392682 2
1575392683 2
1575392684 2
1575392685 2
1575392686 2
1575392687 2
1575392688 2
1575392689 4
1575392690 2
1575392691 2
1575392692 2
1575392693 2
1575392694 2
1575392695 2
1575392696 2
1575392697 2
1575392698 2
1575392699 2
1575392700 2
1575392701 2
1575392702 3
1575392703 2
1575392704 4
1575392705 4
1575392706 4
1575392707 3
1575392708 2
1575392709 2
1575392710 2
1575392711 2
1575392712 2
1575392713 2
1575392714 3
1575392715 3
1575392716 3
1575392717 2
1575392718 2
1575392719 3
1575392720 2
1575392721 2
1575392722 2
1575392723 2
1575392724 2
1575392725 2
1575392726 3
1575392727 3
1575392728 3
1575392729 4
1575392730 3
1575392731 5
1575392732 4
1575392733 4
1575392734 4
1575392735 4
1575392736 3
1575392737 2
1575392738 2
1575392739 2
1575392740 2
1575392741 2
1575392742 2
1575392743 2
1575392744 2
1575392745 2
1575392746 2
1575392747 2
1575392748 2
1575392749 2
1575392750 2
1575392751 2
1575392752 2
1575392753 4
1575392754 4
1575392903 4
1575392904 5
1575392905 5
1575392906 5
1575392907 4
1575392908 3
1575392909 3
1575392910 3
1575392911 3
1575392912 5
1575392913 4
1575392914 3
1575392915 3
1575392916 2
1575392917 3
1575392918 2
1575392919 3
1575392920 2
1575392921 2
1575392922 2
1575392923 3
1575392924 3
1575392925 3
1575392926 3
1575392927 4
1575392928 3
1575392929 4
1575392930 4
1575392931 4
1575392932 3
1575392933 3
1575392934 4
1575392935 3
1575392936 2
1575392937 2
1575392938 2
1575392939 2
1575392940 2
1575392941 3
1575392942 3
1575392943 3
1575392944 6
1575392945 5
1575392946 5
1575392947 5
1575392948 5
1575392949 5
1575392950 5
1575392951 3
1575392952 3
1575392953 3
1575392954 2
1575392955 2
1575392956 2
1575392957 2
1575392958 2
1575392959 2
1575392960 2
1575392961 1
1575392962 2
1575392963 2
1575392964 3
1575392965 2
1575392966 2
1575392967 2
1575392968 2
1575392969 2
1575392970 3
1575392971 4
1575392972 4
1575392973 4
1575392974 3
1575392975 3
1575392976 2
1575392977 1
1575392978 1
1575392979 2
1575392980 2
1575392981 2
1575392982 2
1575392983 3
1575392984 3
1575392985 2
1575392986 2
1575392987 2
1575392988 2
1575392989 3
1575392990 3
1575392991 2
1575392992 3
1575392993 2
1575392994 2
1575392995 3
1575392996 3
1575392997 4
1575392998 5
1575392999 5
1575393000 5
1575393001 4
1575393002 6
1575393003 4
1575393004 3
1575393005 3
1575393006 4
1575393007 4
1575393008 5
1575393009 4
1575393010 3
1575393011 3
1575393012 3
1575393013 3
1575393014 3
1575393015 3
1575393016 3
1575393017 4
1575393018 4
1575393019 3
1575393020 3
1575393021 3
1575393022 4
1575393023 3
1575393024 2
1575393025 2
1575393026 2
1575393027 2
1575393028 2
1575393029 2
1575393030 2
1575393031 3
1575393032 3
1575393033 2
1575393034 2
1575393035 3
1575393036 3
1575393037 2
1575393038 2
1575393039 2
1575393040 2
1575393041 2
1575393042 2
1575393043 2
1575393044 2
1575393045 2
1575393046 2
1575393047 2
1575393048 3
1575393049 4
1575393050 3
1575393051 3
1575393052 2
1575393053 2
1575393054 2
1575393055 2
1575393056 2
1575393057 2
1575393058 2
1575393059 2
1575393060 2
1575393061 2
1575393062 2
1575393063 2
1575393064 2
1575393065 2
1575393066 2
1575393067 2
1575393068 2
1575393069 2
1575393070 2
1575393071 2
1575393072 2
1575393073 2
1575393074 2
1575393075 2
1575393076 2
1575393077 2
1575393078 2
1575393079 2
1575393080 2
1575393081 2
1575393082 2
1575393083 2
1575393084 3
1575393085 4
1575393086 4
1575393087 5
1575393088 4
1575393089 4
1575393090 4
1575393091 3
1575393092 3
1575393093 3
1575393094 3
1575393095 3
1575393096 3
1575393097 3
1575393098 3
1575393099 3
1575393100 3
1575393101 3
1575393102 3
1575393103 3
1575393104 3
1575393105 3
1575393106 2
1575393107 3
1575393108 3
1575393109 3
1575393110 2
1575393111 2
1575393112 2
1575393113 2
1575393114 2
1575393115 2
1575393116 2
1575393117 2
1575393118 2
1575393119 3
1575393120 4
1575393121 4
1575393122 5
1575393123 4
1575393124 4
1575393125 3
1575393126 2
1575393127 2
1575393128 2
1575393129 2
1575393130 2
1575393131 2
1575393132 2
1575393133 2
1575393134 2
1575393135 2
1575393136 2
1575393137 2
1575393138 2
1575393139 2
1575393140 2
1575393141 2
1575393142 2
1575393143 2
1575393144 2
1575393145 2
1575393146 2
1575393147 2
1575393148 2
1575393149 2
1575393150 2
1575393151 2
1575393152 2
1575393153 2
1575393154 2
1575393155 2
1575393156 2
1575393157 2
1575393158 3
1575393159 3
1575393160 4
1575393161 2
1575393162 2
1575393163 2
1575393164 2
1575393165 4
1575393166 3
1575393167 3
1575393168 5
1575393169 4
1575393170 5
1575393171 3
1575393172 5
1575393173 4
1575393174 6
1575393175 5
1575393176 5
1575393177 6
1575393178 6
1575393179 5
1575393180 4
1575393181 4
1575393182 4
1575393183 2
1575393184 2
1575393185 1
1575393186 1
1575393187 2
1575393188 3
1575393189 3
1575393190 4
1575393191 3
1575393192 3
1575393193 1
1575393194 1
1575393195 1
1575393196 1
1575393197 2
1575393198 2
1575393199 2
1575393200 3
1575393201 3
1575393202 4
1575393203 5
1575393204 3
1575393205 2
1575393206 2
1575393207 2
1575393208 3
1575393209 3
1575393210 3
1575393211 4
1575393212 4
1575393213 4
1575393214 4
1575393215 3
1575393216 3
1575393217 3
1575393218 2
1575393219 2
1575393220 2
1575393221 2
1575393222 2
1575393223 2
1575393224 3
1575393225 2
1575393226 2
1575393227 3
1575393228 2
1575393229 2
1575393230 2
1575393231 2
1575393232 2
1575393233 4
1575393234 2
1575393235 2
1575393236 2
1575393237 2
1575393238 4
1575393239 3
1575393240 2
1575393241 2
1575393242 2
1575393243 2
1575393244 3
1575393245 3
1575393246 4
1575393247 5
1575393248 4
1575393249 3
1575393250 3
1575393251 3
1575393252 5
1575393253 5
1575393254 5
1575393255 4
1575393256 4
1575393257 4
1575393258 3
1575393259 3
1575393260 3
1575393261 3
1575393262 3
1575393263 2
1575393264 2
1575393265 2
1575393266 2
1575393267 2
1575393268 3
1575393269 2
1575393270 2
1575393271 2
1575393272 2
1575393273 3
1575393274 2
1575393275 2
1575393276 2
1575393277 2
1575393278 2
1575393279 3
1575393280 2
1575393281 4
1575393282 4
1575393283 4
1575393284 5
1575393285 2
1575393286 2
1575393287 2
1575393288 2
1575393289 2
1575393290 2
1575393291 2
1575393292 2
1575393293 2
1575393294 3
1575393295 2
1575393296 2
1575393297 3
1575393298 2
1575393299 2
1575393300 2
1575393301 2
1575393302 2
1575393303 2
1575393304 2
1575393305 2
1575393306 2
1575393307 2
1575393308 3
1575393309 2
1575393310 4
1575393311 4
1575393312 4
1575393313 3
1575393314 2
1575393315 2
1575393316 2
1575393317 2
1575393318 2
1575393319 2
1575393320 2
1575393321 2
1575393322 2
1575393323 2
1575393324 2
1575393325 4
1575393326 2
1575393327 2
1575393328 2
1575393329 2
1575393330 3
1575393331 2
1575393332 2
1575393333 2
1575393334 2
1575393335 2
1575393336 2
1575393337 2
1575393338 3
1575393339 2
1575393340 4
1575393341 4
1575393342 4
1575393343 3
1575393344 3
1575393345 2
1575393346 2
1575393347 2
1575393348 2
1575393349 2
1575393350 2
1575393351 2
1575393352 4
1575393353 3
1575393354 3
1575393355 4
1575393356 4
1575393357 3
1575393358 2
1575393359 2
1575393360 2
1575393361 2
1575393362 3
1575393363 3
1575393364 3
1575393365 3
1575393366 4
1575393367 3
1575393368 4
1575393369 4
1575393370 4
1575393371 3
1575393372 3
1575393373 3
1575393374 3
1575393375 2
1575393376 2
1575393377 2
1575393378 2
1575393379 2
1575393380 2
1575393381 2
1575393382 2
1575393383 2
1575393384 2
1575393385 2
1575393386 2
1575393387 2
1575393388 2
1575393389 2
1575393390 4
1575393391 4
1575393605 2
1575393606 2
1575393607 1
1575393608 1
1575393609 1
1575393610 1
1575393611 2
1575393612 1
1575393613 2
1575393614 2
1575393615 2
1575393616 3
1575393617 4
1575393618 3
1575393619 4
1575393620 4
1575393621 3
1575393622 5
1575393623 4
1575393624 4
1575393625 4
1575393626 3
1575393627 3
1575393628 3
1575393629 2
1575393630 2
1575393631 3
1575393632 3
1575393633 3
1575393634 3
1575393635 3
1575393636 2
1575393637 2
1575393638 2
1575393639 2
1575393640 2
1575393641 2
1575393642 2
1575393643 2
1575393644 2
1575393645 2
1575393646 2
1575393647 2
1575393648 2
1575393649 2
1575393650 2
1575393651 2
1575393652 2
1575393653 2
1575393654 2
1575393655 2
1575393656 2
1575393657 2
1575393658 2
1575393659 2
1575393660 2
1575393661 2
1575393662 2
1575393663 2
1575393664 2
1575393665 2
1575393666 2
1575393667 3
1575393668 4
1575393669 4
1575393670 4
1575393671 4
1575393672 4
1575393673 4
1575393674 4
1575393675 4
1575393676 4
1575393677 4
1575393678 4
1575393679 4
1575393680 3
1575393681 2
1575393682 2
1575393683 3
1575393684 4
1575393685 4
1575393686 4
1575393687 4
1575393688 5
1575393689 2
1575393690 2
1575393691 2
1575393692 2
1575393693 2
1575393694 2
1575393695 2
1575393696 2
1575393697 2
1575393698 2
1575393699 2
1575393700 2
1575393701 2
1575393702 2
1575393703 2
1575393704 2
1575393705 2
1575393706 2
1575393707 2
1575393708 2
1575393709 2
1575393710 2
1575393711 2
1575393712 2
1575393713 2
1575393714 2
1575393715 2
1575393716 2
1575393717 2
1575393718 2
1575393719 2
1575393720 3
1575393721 3
1575393722 3
1575393723 4
1575393724 4
1575393725 2
1575393726 2
1575393727 2
1575393728 2
1575393729 3
1575393730 4
1575393731 4
1575393732 4
1575393733 4
1575393734 3
1575393735 4
1575393736 4
1575393737 4
1575393738 3
1575393739 3
1575393740 3
1575393741 3
1575393742 3
1575393743 2
1575393744 2
1575393745 2
1575393746 2
1575393747 2
1575393748 3
1575393749 3
1575393750 3
1575393751 4
1575393752 4
1575393753 4
1575393754 3
1575393755 2
1575393756 2
1575393757 2
1575393758 2
1575393759 2
1575393760 2
1575393761 2
1575393762 2
1575393763 2
1575393764 2
1575393765 1
1575393766 1
1575393767 2
1575393768 2
1575393769 4
1575393770 4
1575393771 4
1575393772 6
1575393773 5
1575393774 5
1575393775 4
1575393776 3
1575393777 3
1575393778 3
1575393779 2
1575393780 2
1575393781 2
1575393782 2
1575393783 2
1575393784 2
1575393785 2
1575393786 2
1575393787 2
1575393788 3
1575393789 3
1575393790 2
1575393791 2
1575393792 2
1575393793 3
1575393794 5
1575393795 2
1575393796 2
1575393797 2
1575393798 2
1575393799 2
1575393800 3
1575393801 3
1575393802 3
1575393803 1
1575393804 2
1575393805 3
1575393806 3
1575393807 4
1575393808 4
1575393809 4
1575393810 4
1575393811 3
1575393812 4
1575393813 5
1575393814 6
1575393815 5
1575393816 4
1575393817 4
1575393818 4
1575393819 3
1575393820 4
1575393821 3
1575393822 3
1575393823 3
1575393824 2
1575393825 2
1575393826 2
1575393827 2
1575393828 3
1575393829 3
1575393830 2
1575393831 2
1575393832 3
1575393833 3
1575393834 2
1575393835 2
1575393836 2
1575393837 2
1575393838 2
1575393839 2
1575393840 3
1575393841 2
1575393842 4
1575393843 4
1575393844 4
1575393845 4
1575393846 2
1575393847 2
1575393848 2
1575393849 3
1575393850 2
1575393851 2
1575393852 2
1575393853 3
1575393854 2
1575393855 3
1575393856 2
1575393857 2
1575393858 2
1575393859 2
1575393860 2
1575393861 2
1575393862 2
1575393863 2
1575393864 2
1575393865 2
1575393866 2
1575393867 2
1575393868 3
1575393869 2
1575393870 4
1575393871 4
1575393872 3
1575393873 3
1575393874 3
1575393875 2
1575393876 2
1575393877 2
1575393878 2
1575393879 2
1575393880 2
1575393881 2
1575393882 2
1575393883 2
1575393884 2
1575393885 3
1575393886 2
1575393887 2
1575393888 2
1575393889 2
1575393890 3
1575393891 3
1575393892 3
1575393893 2
1575393894 2
1575393895 2
1575393896 2
1575393897 2
1575393898 2
1575393899 2
1575393900 4
1575393901 4
1575393902 4
1575393903 5
1575393904 2
1575393905 2
1575393906 2
1575393907 2
1575393908 2
1575393909 2
1575393910 3
1575393911 2
1575393912 2
1575393913 2
1575393914 4
1575393915 3
1575393916 2
1575393917 2
1575393918 2
1575393919 2
1575393920 2
1575393921 2
1575393922 3
1575393923 3
1575393924 3
1575393925 4
1575393926 3
1575393927 3
1575393928 4
1575393929 4
1575393930 4
1575393931 3
1575393932 3
1575393933 2
1575393934 2
1575393935 2
1575393936 2
1575393937 2
1575393938 2
1575393939 2
1575393940 2
1575393941 2
1575393942 2
1575393943 2
1575393944 2
1575393945 2
1575393946 2
1575393947 2
1575393948 2
1575393949 4
1575393950 4
1575394164 2
1575394165 1
1575394168 1
1575394169 2
1575394170 2
1575394171 3
1575394172 4
1575394173 4
1575394174 2
1575394175 3
1575394176 5
1575394177 5
1575394178 4
1575394179 5
1575394180 7
1575394181 7
1575394182 7
1575394183 5
1575394184 6
1575394185 5
1575394186 4
1575394187 7
1575394188 5
1575394189 3
1575394190 4
1575394191 3
1575394192 3
1575394193 2
1575394194 2
1575394195 2
1575394196 3
1575394197 3
1575394198 3
1575394199 4
1575394200 2
1575394201 2
1575394202 2
1575394203 2
1575394204 2
1575394205 2
1575394206 2
1575394207 2
1575394208 2
1575394209 2
1575394210 2
1575394211 2
1575394212 2
1575394213 2
1575394214 2
1575394215 2
1575394216 2
1575394217 2
1575394218 2
1575394219 2
1575394220 2
1575394221 2
1575394222 2
1575394223 2
1575394224 2
1575394225 2
1575394226 2
1575394227 2
1575394228 2
1575394229 2
1575394230 2
1575394231 2
1575394232 3
1575394233 4
1575394234 4
1575394235 4
1575394236 4
1575394237 4
1575394238 4
1575394239 4
1575394240 4
1575394241 4
1575394242 4
1575394243 4
1575394244 4
1575394245 3
1575394246 2
1575394247 3
1575394248 4
1575394249 4
1575394250 4
1575394251 4
1575394252 4
1575394253 2
1575394254 2
1575394255 2
1575394256 2
1575394257 2
1575394258 2
1575394259 2
1575394260 2
1575394261 2
1575394262 2
1575394263 2
1575394264 2
1575394265 2
1575394266 2
1575394267 2
1575394268 2
1575394269 2
1575394270 2
1575394271 2
1575394272 2
1575394273 2
1575394274 2
1575394275 2
1575394276 2
1575394277 2
1575394278 2
1575394279 2
1575394280 2
1575394281 2
1575394282 2
1575394283 2
1575394284 3
1575394285 3
1575394286 3
1575394287 4
1575394288 4
1575394289 5
1575394290 4
1575394291 5
1575394292 2
1575394293 3
1575394294 4
1575394295 3
1575394296 3
1575394297 3
1575394298 4
1575394299 4
1575394300 3
1575394301 4
1575394302 3
1575394303 4
1575394304 4
1575394305 3
1575394306 2
1575394307 2
1575394308 2
1575394309 3
1575394310 2
1575394311 2
1575394312 1
1575394313 2
1575394314 2
1575394315 3
1575394316 3
1575394317 4
1575394318 3
1575394319 2
1575394320 2
1575394321 1
1575394322 1
1575394323 2
1575394324 3
1575394325 4
1575394326 2
1575394327 2
1575394328 2
1575394329 3
1575394330 2
1575394331 2
1575394332 3
1575394333 3
1575394334 3
1575394335 5
1575394336 4
1575394337 4
1575394338 6
1575394339 6
1575394340 7
1575394341 6
1575394342 5
1575394343 4
1575394344 3
1575394345 2
1575394346 2
1575394347 2
1575394348 2
1575394349 2
1575394350 2
1575394351 2
1575394352 2
1575394353 2
1575394354 3
1575394355 3
1575394356 3
1575394357 2
1575394358 2
1575394359 3
1575394360 3
1575394361 3
1575394362 3
1575394363 2
1575394364 2
1575394365 3
1575394366 3
1575394367 3
1575394368 1
1575394369 2
1575394370 3
1575394371 3
1575394372 4
1575394373 4
1575394374 6
1575394375 3
1575394376 3
1575394377 4
1575394378 4
1575394379 6
1575394380 4
1575394381 4
1575394382 4
1575394383 5
1575394384 4
1575394385 3
1575394386 3
1575394387 3
1575394388 2
1575394389 2
1575394390 2
1575394391 2
1575394392 2
1575394393 2
1575394394 3
1575394395 2
1575394396 2
1575394397 2
1575394398 3
1575394399 2
1575394400 2
1575394401 2
1575394402 2
1575394403 2
1575394404 2
1575394405 2
1575394406 3
1575394407 2
1575394408 4
1575394409 4
1575394410 4
1575394411 3
1575394412 2
1575394413 2
1575394414 2
1575394415 2
1575394416 2
1575394417 2
1575394418 2
1575394419 2
1575394420 2
1575394421 3
1575394422 2
1575394423 2
1575394424 2
1575394425 2
1575394426 2
1575394427 2
1575394428 2
1575394429 2
1575394430 2
1575394431 2
1575394432 2
1575394433 2
1575394434 2
1575394435 2
1575394436 4
1575394437 4
1575394438 4
1575394439 3
1575394440 4
1575394441 2
1575394442 2
1575394443 2
1575394444 2
1575394445 2
1575394446 2
1575394447 2
1575394448 2
1575394449 2
1575394450 2
1575394451 2
1575394452 4
1575394453 2
1575394454 2
1575394455 2
1575394456 2
1575394457 3
1575394458 3
1575394459 2
1575394460 2
1575394461 2
1575394462 2
1575394463 2
1575394464 2
1575394465 2
1575394466 3
1575394467 4
1575394468 4
1575394469 5
1575394470 3
1575394471 2
1575394472 2
1575394473 2
1575394474 2
1575394475 2
1575394476 2
1575394477 3
1575394478 2
1575394479 3
1575394480 4
1575394481 4
1575394482 2
1575394483 2
1575394484 2
1575394485 2
1575394486 2
1575394487 2
1575394488 3
1575394489 3
1575394490 3
1575394491 3
1575394492 4
1575394493 4
1575394494 4
1575394495 4
1575394496 4
1575394497 4
1575394498 3
1575394499 3
1575394500 2
1575394501 2
1575394502 2
1575394503 2
1575394504 2
1575394505 2
1575394506 2
1575394507 2
1575394508 2
1575394509 2
1575394510 2
1575394511 2
1575394512 2
1575394513 2
1575394514 2
1575394515 2
1575394516 3
1575394517 4
1575394730 3
1575394731 2
1575394732 1
1575394733 1
1575394734 1
1575394735 1
1575394736 2
1575394737 2
1575394738 2
1575394739 2
1575394740 2
1575394741 2
1575394742 2
1575394743 4
1575394744 3
1575394745 3
1575394746 4
1575394747 3
1575394748 3
1575394749 5
1575394750 4
1575394751 4
1575394752 3
1575394753 3
1575394754 2
1575394755 2
1575394756 2
1575394757 2
1575394758 3
1575394759 4
1575394760 3
1575394761 3
1575394762 3
1575394763 2
1575394764 2
1575394765 2
1575394766 2
1575394767 2
1575394768 2
1575394769 2
1575394770 2
1575394771 2
1575394772 2
1575394773 2
1575394774 2
1575394775 2
1575394776 2
1575394777 2
1575394778 2
1575394779 2
1575394780 2
1575394781 2
1575394782 2
1575394783 2
1575394784 2
1575394785 2
1575394786 2
1575394787 2
1575394788 2
1575394789 2
1575394790 2
1575394791 2
1575394792 2
1575394793 2
1575394794 3
1575394795 4
1575394796 4
1575394797 4
1575394798 4
1575394799 4
1575394800 4
1575394801 3
1575394802 3
1575394803 3
1575394804 3
1575394805 3
1575394806 3
1575394807 3
1575394808 3
1575394809 3
1575394810 3
1575394811 4
1575394812 4
1575394813 4
1575394814 4
1575394815 3
1575394816 3
1575394817 2
1575394818 2
1575394819 2
1575394820 2
1575394821 2
1575394822 2
1575394823 2
1575394824 2
1575394825 2
1575394826 2
1575394827 2
1575394828 2
1575394829 2
1575394830 2
1575394831 2
1575394832 2
1575394833 2
1575394834 2
1575394835 2
1575394836 2
1575394837 2
1575394838 2
1575394839 2
1575394840 2
1575394841 2
1575394842 2
1575394843 2
1575394844 2
1575394845 2
1575394846 2
1575394847 2
1575394848 2
1575394849 3
1575394850 3
1575394851 3
1575394852 3
1575394853 2
1575394854 2
1575394855 2
1575394856 4
1575394857 3
1575394858 3
1575394859 4
1575394860 4
1575394861 3
1575394862 4
1575394863 3
1575394864 4
1575394865 4
1575394866 4
1575394867 2
1575394868 3
1575394869 3
1575394870 3
1575394871 2
1575394872 2
1575394873 1
1575394874 2
1575394875 2
1575394876 3
1575394877 3
1575394878 4
1575394879 3
1575394880 3
1575394881 2
1575394882 1
1575394883 1
1575394884 1
1575394885 2
1575394886 2
1575394887 2
1575394888 2
1575394889 2
1575394890 2
1575394891 3
1575394892 2
1575394893 2
1575394894 2
1575394895 2
1575394896 2
1575394897 4
1575394898 4
1575394899 4
1575394900 6
1575394901 8
1575394902 5
1575394903 5
1575394904 6
1575394905 5
1575394906 3
1575394907 3
1575394908 2
1575394909 2
1575394910 2
1575394911 2
1575394912 2
1575394913 3
1575394914 2
1575394915 2
1575394916 2
1575394917 3
1575394918 3
1575394919 3
1575394920 2
1575394921 3
1575394922 3
1575394923 3
1575394924 2
1575394925 2
1575394926 2
1575394927 2
1575394928 3
1575394929 2
1575394930 1
1575394931 1
1575394932 2
1575394933 3
1575394934 3
1575394935 4
1575394936 4
1575394937 4
1575394938 4
1575394939 4
1575394940 3
1575394941 5
1575394942 6
1575394943 4
1575394944 4
1575394945 4
1575394946 4
1575394947 5
1575394948 3
1575394949 3
1575394950 3
1575394951 3
1575394952 2
1575394953 2
1575394954 2
1575394955 2
1575394956 2
1575394957 3
1575394958 3
1575394959 2
1575394960 2
1575394961 2
1575394962 2
1575394963 2
1575394964 2
1575394965 2
1575394966 2
1575394967 2
1575394968 2
1575394969 3
1575394970 2
1575394971 4
1575394972 4
1575394973 4
1575394974 3
1575394975 3
1575394976 2
1575394977 2
1575394978 2
1575394979 2
1575394980 2
1575394981 2
1575394982 2
1575394983 2
1575394984 3
1575394985 2
1575394986 2
1575394987 3
1575394988 3
1575394989 2
1575394990 2
1575394991 2
1575394992 2
1575394993 2
1575394994 2
1575394995 2
1575394996 2
1575394997 2
1575394998 3
1575394999 2
1575395000 4
1575395001 4
1575395002 4
1575395003 4
1575395004 2
1575395005 2
1575395006 2
1575395007 2
1575395008 2
1575395009 2
1575395010 2
1575395011 2
1575395012 2
1575395013 2
1575395014 2
1575395015 4
1575395016 2
1575395017 2
1575395018 2
1575395019 3
1575395020 3
1575395021 2
1575395022 2
1575395023 2
1575395024 2
1575395025 2
1575395026 2
1575395027 2
1575395028 2
1575395029 3
1575395030 4
1575395031 4
1575395032 5
1575395033 3
1575395034 3
1575395035 3
1575395036 2
1575395037 2
1575395038 2
1575395039 3
1575395040 3
1575395041 3
1575395042 4
1575395043 3
1575395044 3
1575395045 3
1575395046 2
1575395047 2
1575395048 3
1575395049 2
1575395050 2
1575395051 2
1575395052 3
1575395053 3
1575395054 3
1575395055 4
1575395056 3
1575395057 4
1575395058 4
1575395059 4
1575395060 4
1575395061 4
1575395062 3
1575395063 2
1575395064 2
1575395065 3
1575395066 2
1575395067 2
1575395068 2
1575395069 2
1575395070 2
1575395071 2
1575395072 2
1575395073 2
1575395074 2
1575395075 2
1575395076 2
1575395077 2
1575395078 3
1575395079 4
1575395080 5
1575395081 5
1575395294 2
1575395295 2
1575395296 1
1575395299 1
1575395300 2
1575395301 2
1575395302 3
1575395303 2
1575395304 2
1575395305 3
1575395306 3
1575395307 4
1575395308 3
1575395309 5
1575395310 4
1575395311 4
1575395312 4
1575395313 5
1575395314 4
1575395315 5
1575395316 3
1575395317 3
1575395318 2
1575395319 2
1575395320 3
1575395321 3
1575395322 3
1575395323 3
1575395324 3
1575395325 3
1575395326 3
1575395327 2
1575395328 2
1575395329 2
1575395330 2
1575395331 2
1575395332 2
1575395333 2
1575395334 2
1575395335 2
1575395336 2
1575395337 2
1575395338 2
1575395339 2
1575395340 2
1575395341 2
1575395342 2
1575395343 2
1575395344 2
1575395345 2
1575395346 2
1575395347 2
1575395348 2
1575395349 2
1575395350 2
1575395351 2
1575395352 2
1575395353 2
1575395354 2
1575395355 2
1575395356 2
1575395357 3
1575395358 5
1575395359 4
1575395360 4
1575395361 4
1575395362 4
1575395363 4
1575395364 3
1575395365 3
1575395366 3
1575395367 3
1575395368 3
1575395369 3
1575395370 3
1575395371 3
1575395372 3
1575395373 3
1575395374 4
1575395375 4
1575395376 4
1575395377 4
1575395378 3
1575395379 3
1575395380 2
1575395381 2
1575395382 2
1575395383 2
1575395384 2
1575395385 2
1575395386 2
1575395387 2
1575395388 2
1575395389 2
1575395390 2
1575395391 2
1575395392 2
1575395393 2
1575395394 2
1575395395 2
1575395396 2
1575395397 2
1575395398 2
1575395399 2
1575395400 2
1575395401 2
1575395402 2
1575395403 2
1575395404 2
1575395405 2
1575395406 2
1575395407 2
1575395408 2
1575395409 2
1575395410 2
1575395411 3
1575395412 4
1575395413 5
1575395414 3
1575395415 2
1575395416 2
1575395417 2
1575395418 3
1575395419 3
1575395420 3
1575395421 3
1575395422 4
1575395423 5
1575395424 5
1575395425 4
1575395426 4
1575395427 3
1575395428 4
1575395429 4
1575395430 2
1575395431 2
1575395432 2
1575395433 1
1575395434 1
1575395437 1
1575395438 2
1575395439 2
1575395440 2
1575395441 2
1575395442 2
1575395443 2
1575395444 2
1575395445 2
1575395446 1
1575395447 1
1575395448 2
1575395449 4
1575395450 3
1575395451 2
1575395452 3
1575395453 3
1575395454 2
1575395455 3
1575395456 3
1575395457 3
1575395458 3
1575395459 5
1575395460 5
1575395461 5
1575395462 6
1575395463 5
1575395464 4
1575395465 4
1575395466 4
1575395467 4
1575395468 3
1575395469 3
1575395470 2
1575395471 4
1575395472 4
1575395473 3
1575395474 4
1575395475 5
1575395476 4
1575395477 5
1575395478 4
1575395479 5
1575395480 5
1575395481 3
1575395482 3
1575395483 3
1575395484 4
1575395485 3
1575395486 3
1575395487 5
1575395488 3
1575395489 3
1575395490 5
1575395491 3
1575395492 3
1575395493 3
1575395494 2
1575395495 4
1575395496 4
1575395497 3
1575395498 5
1575395499 4
1575395500 3
1575395501 3
1575395502 2
1575395503 2
1575395504 7
1575395505 5
1575395506 4
1575395507 4
1575395508 4
1575395509 4
1575395510 4
1575395511 3
1575395512 3
1575395513 3
1575395514 3
1575395515 2
1575395516 2
1575395517 2
1575395518 2
1575395519 2
1575395520 3
1575395521 3
1575395522 2
1575395523 2
1575395524 2
1575395525 2
1575395526 3
1575395527 2
1575395528 2
1575395529 2
1575395530 2
1575395531 2
1575395532 3
1575395533 2
1575395534 4
1575395535 4
1575395536 4
1575395537 3
1575395538 2
1575395539 2
1575395540 2
1575395541 2
1575395542 2
1575395543 2
1575395544 2
1575395545 2
1575395546 2
1575395547 3
1575395548 2
1575395549 4
1575395550 3
1575395551 2
1575395552 2
1575395553 2
1575395554 2
1575395555 2
1575395556 2
1575395557 2
1575395558 2
1575395559 2
1575395560 3
1575395561 2
1575395562 4
1575395563 4
1575395564 4
1575395565 4
1575395566 2
1575395567 2
1575395568 2
1575395569 2
1575395570 2
1575395571 2
1575395572 2
1575395573 2
1575395574 2
1575395575 2
1575395576 2
1575395577 2
1575395578 3
1575395579 2
1575395580 2
1575395581 2
1575395582 2
1575395583 2
1575395584 2
1575395585 2
1575395586 2
1575395587 2
1575395588 2
1575395589 2
1575395590 3
1575395591 2
1575395592 4
1575395593 4
1575395594 4
1575395595 3
1575395596 3
1575395597 2
1575395598 2
1575395599 2
1575395600 2
1575395601 3
1575395602 2
1575395603 2
1575395604 3
1575395605 2
1575395606 2
1575395607 4
1575395608 4
1575395609 2
1575395610 2
1575395611 2
1575395612 2
1575395613 2
1575395614 3
1575395615 3
1575395616 3
1575395617 3
1575395618 4
1575395619 3
1575395620 5
1575395621 4
1575395622 4
1575395623 4
1575395624 5
1575395625 3
1575395626 3
1575395627 2
1575395628 2
1575395629 2
1575395630 2
1575395631 2
1575395632 2
1575395633 2
1575395634 2
1575395635 2
1575395636 2
1575395637 2
1575395638 2
1575395639 2
1575395640 2
1575395641 2
1575395642 3
1575395643 4
