1579530026 1
1579530027 1
1579530028 1
1579530029 1
1579530030 1
1579530031 2
1579530032 2
1579530033 2
1579530034 2
1579530035 3
1579530036 1
1579530037 1
1579530038 1
1579530039 3
1579530040 4
1579530041 4
1579530042 4
1579530043 4
1579530044 3
1579530045 4
1579530046 3
1579530047 4
1579530048 3
1579530049 4
1579530050 4
1579530051 3
1579530052 3
1579530053 2
1579530054 2
1579530055 3
1579530056 3
1579530057 3
1579530058 3
1579530059 3
1579530060 3
1579530061 3
1579530062 4
1579530063 5
1579530064 5
1579530065 5
1579530066 3
1579530067 2
1579530068 2
1579530069 2
1579530070 2
1579530071 2
1579530072 2
1579530073 2
1579530074 2
1579530075 2
1579530076 2
1579530077 2
1579530078 2
1579530079 2
1579530080 2
1579530081 2
1579530082 2
1579530083 2
1579530084 2
1579530085 2
1579530086 2
1579530087 2
1579530088 2
1579530089 2
1579530090 2
1579530091 2
1579530092 2
1579530093 2
1579530094 2
1579530095 2
1579530096 2
1579530097 2
1579530098 3
1579530099 4
1579530100 4
1579530101 4
1579530102 4
1579530103 4
1579530104 4
1579530105 4
1579530106 3
1579530107 3
1579530108 3
1579530109 3
1579530110 3
1579530111 3
1579530112 3
1579530113 3
1579530114 3
1579530115 3
1579530116 3
1579530117 3
1579530118 3
1579530119 3
1579530120 3
1579530121 3
1579530122 3
1579530123 3
1579530124 3
1579530125 3
1579530126 3
1579530127 3
1579530128 3
1579530129 3
1579530130 3
1579530131 3
1579530132 3
1579530133 3
1579530134 3
1579530135 3
1579530136 3
1579530137 3
1579530138 3
1579530139 3
1579530140 3
1579530141 3
1579530142 3
1579530143 3
1579530144 3
1579530145 3
1579530146 3
1579530147 3
1579530148 3
1579530149 3
1579530150 3
1579530151 3
1579530152 3
1579530153 3
1579530154 3
1579530155 3
1579530156 3
1579530157 3
1579530158 3
1579530159 3
1579530160 3
1579530161 3
1579530162 3
1579530163 3
1579530164 3
1579530165 3
1579530166 3
1579530167 3
1579530168 3
1579530169 3
1579530170 3
1579530171 3
1579530172 3
1579530173 3
1579530174 3
1579530175 3
1579530176 3
1579530177 3
1579530178 3
1579530179 3
1579530180 3
1579530181 3
1579530182 3
1579530183 3
1579530184 3
1579530185 3
1579530186 3
1579530187 3
1579530188 3
1579530189 3
1579530190 3
1579530191 3
1579530192 3
1579530193 3
1579530194 3
1579530195 3
1579530196 2
1579530197 3
1579530198 3
1579530199 3
1579530200 3
1579530201 2
1579530202 3
1579530203 4
1579530204 5
1579530205 4
1579530206 4
1579530207 3
1579530208 3
1579530209 2
1579530210 2
1579530211 3
1579530212 2
1579530213 2
1579530214 2
1579530215 2
1579530216 2
1579530217 2
1579530218 2
1579530219 2
1579530220 2
1579530221 2
1579530222 2
1579530223 2
1579530224 2
1579530225 2
1579530226 2
1579530227 2
1579530228 2
1579530229 2
1579530230 2
1579530231 2
1579530232 2
1579530233 2
1579530234 2
1579530235 2
1579530236 2
1579530237 2
1579530238 2
1579530239 2
1579530240 3
1579530241 4
1579530242 4
1579530243 4
1579530244 3
1579530245 3
1579530246 2
1579530247 2
1579530248 3
1579530249 3
1579530250 3
1579530251 3
1579530252 3
1579530253 3
1579530254 3
1579530255 3
1579530256 3
1579530257 4
1579530258 3
1579530259 3
1579530260 3
1579530261 3
1579530262 3
1579530263 2
1579530264 2
1579530265 1
1579530267 1
1579530268 1
1579530269 2
1579530270 2
1579530271 2
1579530272 2
1579530273 1
1579530274 1
1579530275 1
1579530276 1
1579530277 2
1579530278 2
1579530279 4
1579530280 2
1579530281 2
1579530282 2
1579530283 2
1579530284 2
1579530285 2
1579530286 2
1579530287 2
1579530288 2
1579530289 2
1579530290 3
1579530291 3
1579530292 5
1579530293 3
1579530294 3
1579530295 4
1579530296 5
1579530297 4
1579530298 3
1579530299 3
1579530300 2
1579530301 2
1579530302 2
1579530303 2
1579530304 2
1579530305 3
1579530306 3
1579530307 2
1579530308 2
1579530309 3
1579530310 2
1579530311 2
1579530312 2
1579530313 2
1579530314 2
1579530315 2
1579530316 2
1579530317 4
1579530318 3
1579530319 4
1579530320 5
1579530321 3
1579530322 3
1579530323 3
1579530324 3
1579530325 4
1579530326 4
1579530327 4
1579530328 5
1579530329 5
1579530330 4
1579530331 3
1579530332 2
1579530333 3
1579530334 6
1579530335 5
1579530336 4
1579530337 4
1579530338 4
1579530339 3
1579530340 3
1579530341 3
1579530342 3
1579530343 3
1579530344 3
1579530345 2
1579530346 2
1579530347 2
1579530348 2
1579530349 2
1579530350 3
1579530351 3
1579530352 2
1579530353 3
1579530354 3
1579530355 3
1579530356 2
1579530357 2
1579530358 2
1579530359 2
1579530360 2
1579530361 2
1579530362 2
1579530363 2
1579530364 4
1579530365 4
1579530366 3
1579530367 3
1579530368 2
1579530369 2
1579530370 2
1579530371 2
1579530372 2
1579530373 2
1579530374 2
1579530375 2
1579530376 2
1579530377 3
1579530378 2
1579530379 2
1579530380 2
1579530381 2
1579530382 3
1579530383 2
1579530384 2
1579530385 2
1579530386 2
1579530387 2
1579530388 2
1579530389 2
1579530390 2
1579530391 2
1579530392 3
1579530393 2
1579530394 4
1579530395 4
1579530396 4
1579530397 4
1579530398 2
1579530399 2
1579530400 2
1579530401 2
1579530402 2
1579530403 2
1579530404 2
1579530405 3
1579530406 3
1579530407 3
1579530408 3
1579530409 4
1579530410 2
1579530411 2
1579530412 2
1579530413 2
1579530414 2
1579530415 2
1579530416 2
1579530417 2
1579530418 2
1579530419 2
1579530420 2
1579530421 2
1579530422 3
1579530423 2
1579530424 4
1579530425 4
1579530426 4
1579530427 4
1579530428 3
1579530429 2
1579530430 2
1579530431 2
1579530432 2
1579530433 2
1579530434 2
1579530435 3
1579530436 3
1579530437 2
1579530438 2
1579530439 2
1579530440 3
1579530441 2
1579530442 2
1579530443 2
1579530444 2
1579530445 2
1579530446 3
1579530447 3
1579530448 3
1579530449 3
1579530450 4
1579530451 3
1579530452 3
1579530453 3
1579530454 3
1579530455 3
1579530456 3
1579530457 3
1579530458 3
1579530459 3
1579530460 3
1579530461 3
1579530462 3
1579530463 4
1579530464 3
1579530465 3
1579530466 3
1579530467 3
1579530468 3
1579530469 3
1579530470 3
1579530471 3
1579530472 3
1579530473 3
1579530474 3
1579530475 2
1579530476 2
1579530477 2
1579530478 3
1579530479 3
1579530480 3
1579530481 3
1579530482 3
1579530483 3
1579530484 3
1579530485 3
1579530486 3
1579530487 3
1579530488 3
1579530489 3
1579530490 3
1579530491 3
1579530492 3
1579530493 3
1579530494 3
1579530495 3
1579530496 3
1579530497 3
1579530498 3
1579530499 3
1579530500 3
1579530501 3
1579530502 3
1579530503 3
1579530504 3
1579530505 3
1579530506 3
1579530507 3
1579530508 3
1579530509 3
1579530510 3
1579530511 3
1579530512 3
1579530513 2
1579530514 2
1579530515 2
1579530516 3
1579530517 3
1579530518 3
1579530519 3
1579530520 3
1579530521 3
1579530522 3
1579530523 4
1579530524 3
1579530525 3
1579530526 4
1579530527 4
1579530528 3
1579530529 2
1579530530 2
1579530531 2
1579530532 3
1579530533 2
1579530534 2
1579530535 2
1579530536 2
1579530537 2
1579530538 2
1579530539 2
1579530540 2
1579530541 2
1579530542 2
1579530543 2
1579530544 2
1579530545 3
1579530546 4
1579530762 2
1579530763 2
1579530764 3
1579530765 1
1579530766 1
1579530767 1
1579530768 2
1579530769 1
1579530770 2
1579530771 1
1579530772 2
1579530773 3
1579530774 3
1579530775 5
1579530776 4
1579530777 4
1579530778 3
1579530779 3
1579530780 3
1579530781 4
1579530782 4
1579530783 4
1579530784 4
1579530785 4
1579530786 2
1579530787 2
1579530788 3
1579530789 2
1579530790 3
1579530791 4
1579530792 4
1579530793 4
1579530794 4
1579530795 3
1579530796 3
1579530797 2
1579530798 2
1579530799 2
1579530800 2
1579530801 2
1579530802 2
1579530803 2
1579530804 2
1579530805 2
1579530806 2
1579530807 2
1579530808 2
1579530809 2
1579530810 2
1579530811 2
1579530812 2
1579530813 2
1579530814 2
1579530815 2
1579530816 2
1579530817 2
1579530818 2
1579530819 2
1579530820 2
1579530821 2
1579530822 2
1579530823 2
1579530824 2
1579530825 2
1579530826 3
1579530827 4
1579530828 4
1579530829 4
1579530830 4
1579530831 4
1579530832 3
1579530833 3
1579530834 3
1579530835 3
1579530836 3
1579530837 3
1579530838 3
1579530839 3
1579530840 3
1579530841 5
1579530842 6
1579530843 4
1579530844 4
1579530845 3
1579530846 3
1579530847 2
1579530848 2
1579530849 2
1579530850 2
1579530851 2
1579530852 2
1579530853 2
1579530854 2
1579530855 2
1579530856 2
1579530857 2
1579530858 2
1579530859 2
1579530860 2
1579530861 2
1579530862 2
1579530863 2
1579530864 2
1579530865 2
1579530866 2
1579530867 2
1579530868 2
1579530869 1
1579530870 1
1579530871 1
1579530872 1
1579530873 1
1579530874 1
1579530875 1
1579530876 1
1579530877 2
1579530878 2
1579530879 2
1579530880 2
1579530881 2
1579530882 2
1579530883 2
1579530884 2
1579530885 2
1579530886 2
1579530887 4
1579530888 3
1579530889 3
1579530890 3
1579530891 3
1579530892 2
1579530893 2
1579530894 2
1579530895 2
1579530896 3
1579530897 4
1579530898 4
1579530899 4
1579530900 4
1579530901 3
1579530902 3
1579530903 3
1579530904 3
1579530905 4
1579530906 4
1579530907 2
1579530908 3
1579530909 2
1579530910 1
1579530911 1
1579530912 1
1579530914 1
1579530915 2
1579530916 3
1579530917 3
1579530918 4
1579530919 2
1579530920 2
1579530921 1
1579530922 1
1579530923 1
1579530924 1
1579530925 2
1579530926 3
1579530927 4
1579530928 3
1579530929 2
1579530930 2
1579530931 3
1579530932 2
1579530933 2
1579530934 2
1579530935 2
1579530936 2
1579530937 3
1579530938 4
1579530939 4
1579530940 4
1579530941 4
1579530942 4
1579530943 3
1579530944 4
1579530945 4
1579530946 3
1579530947 3
1579530948 2
1579530949 2
1579530950 2
1579530951 2
1579530952 2
1579530953 3
1579530954 3
1579530955 2
1579530956 2
1579530957 3
1579530958 3
1579530959 2
1579530960 2
1579530961 2
1579530962 3
1579530963 3
1579530964 4
1579530965 4
1579530966 4
1579530967 4
1579530968 5
1579530969 3
1579530970 1
1579530971 3
1579530972 4
1579530973 4
1579530974 4
1579530975 4
1579530976 5
1579530977 4
1579530978 4
1579530979 2
1579530980 2
1579530981 3
1579530982 4
1579530983 3
1579530984 3
1579530985 3
1579530986 4
1579530987 5
1579530988 3
1579530989 3
1579530990 3
1579530991 3
1579530992 2
1579530993 2
1579530994 2
1579530995 2
1579530996 2
1579530997 3
1579530998 3
1579530999 3
1579531000 2
1579531001 2
1579531002 3
1579531003 3
1579531004 3
1579531005 2
1579531006 2
1579531007 2
1579531008 2
1579531009 3
1579531010 2
1579531011 4
1579531012 4
1579531013 4
1579531014 3
1579531015 3
1579531016 3
1579531017 2
1579531018 2
1579531019 3
1579531020 2
1579531021 2
1579531022 2
1579531023 3
1579531024 2
1579531025 2
1579531026 2
1579531027 2
1579531028 3
1579531029 2
1579531030 2
1579531031 2
1579531032 2
1579531033 2
1579531034 2
1579531035 2
1579531036 2
1579531037 2
1579531038 3
1579531039 2
1579531040 4
1579531041 4
1579531042 4
1579531043 5
1579531044 2
1579531045 2
1579531046 2
1579531047 2
1579531048 2
1579531049 2
1579531050 2
1579531051 3
1579531052 3
1579531053 3
1579531054 3
1579531055 4
1579531056 2
1579531057 2
1579531058 2
1579531059 2
1579531060 3
1579531061 3
1579531062 2
1579531063 2
1579531064 2
1579531065 2
1579531066 2
1579531067 2
1579531068 3
1579531069 2
1579531070 4
1579531071 4
1579531072 4
1579531073 4
1579531074 2
1579531075 2
1579531076 2
1579531077 2
1579531078 2
1579531079 2
1579531080 2
1579531081 3
1579531082 4
1579531083 3
1579531084 3
1579531085 5
1579531086 4
1579531087 3
1579531088 2
1579531089 2
1579531090 3
1579531091 3
1579531092 4
1579531093 4
1579531094 4
1579531095 3
1579531096 4
1579531097 3
1579531098 5
1579531099 4
1579531100 4
1579531101 4
1579531102 4
1579531103 3
1579531104 2
1579531105 2
1579531106 2
1579531107 2
1579531108 2
1579531109 2
1579531110 2
1579531111 2
1579531112 2
1579531113 2
1579531114 2
1579531115 2
1579531116 2
1579531117 2
1579531118 2
1579531119 2
1579531120 3
1579531121 4
1579531335 1
1579531336 2
1579531337 2
1579531338 1
1579531339 1
1579531340 2
1579531341 2
1579531342 2
1579531343 4
1579531344 3
1579531345 3
1579531346 4
1579531347 5
1579531348 3
1579531349 4
1579531350 6
1579531351 6
1579531352 6
1579531353 6
1579531354 4
1579531355 5
1579531356 5
1579531357 7
1579531358 5
1579531359 6
1579531360 6
1579531361 5
1579531362 6
1579531363 5
1579531364 6
1579531365 5
1579531366 5
1579531367 5
1579531368 5
1579531369 6
1579531370 5
1579531371 4
1579531372 3
1579531373 4
1579531374 4
1579531375 3
1579531376 2
1579531377 2
1579531378 2
1579531379 2
1579531380 3
1579531381 3
1579531382 3
1579531383 3
1579531384 2
1579531385 2
1579531386 2
1579531387 2
1579531388 2
1579531389 2
1579531390 2
1579531391 2
1579531392 2
1579531393 2
1579531394 2
1579531395 2
1579531396 2
1579531397 2
1579531398 2
1579531399 2
1579531400 2
1579531401 2
1579531402 2
1579531403 2
1579531404 2
1579531405 2
1579531406 2
1579531407 2
1579531408 2
1579531409 2
1579531410 2
1579531411 2
1579531412 2
1579531413 2
1579531414 2
1579531415 3
1579531416 4
1579531417 4
1579531418 4
1579531419 4
1579531420 4
1579531421 4
1579531422 3
1579531423 3
1579531424 3
1579531425 3
1579531426 3
1579531427 3
1579531428 3
1579531429 3
1579531430 3
1579531431 3
1579531432 3
1579531433 3
1579531434 4
1579531435 3
1579531436 2
1579531437 2
1579531438 2
1579531439 3
1579531440 3
1579531441 3
1579531442 3
1579531443 3
1579531444 3
1579531445 3
1579531446 3
1579531447 3
1579531448 3
1579531449 3
1579531450 3
1579531451 3
1579531452 3
1579531453 3
1579531454 3
1579531455 3
1579531456 3
1579531457 3
1579531458 3
1579531459 3
1579531460 3
1579531461 3
1579531462 3
1579531463 3
1579531464 3
1579531465 3
1579531466 3
1579531467 3
1579531468 3
1579531469 3
1579531470 3
1579531471 3
1579531472 3
1579531473 3
1579531474 3
1579531475 3
1579531476 3
1579531477 3
1579531478 3
1579531479 3
1579531480 3
1579531481 3
1579531482 3
1579531483 3
1579531484 3
1579531485 3
1579531486 3
1579531487 3
1579531488 3
1579531489 3
1579531490 3
1579531491 3
1579531492 3
1579531493 3
1579531494 3
1579531495 3
1579531496 3
1579531497 3
1579531498 3
1579531499 3
1579531500 3
1579531501 3
1579531502 3
1579531503 3
1579531504 3
1579531505 3
1579531506 3
1579531507 3
1579531508 3
1579531509 3
1579531510 3
1579531511 3
1579531512 3
1579531513 3
1579531514 3
1579531515 3
1579531516 3
1579531517 3
1579531518 3
1579531519 3
1579531520 3
1579531521 3
1579531522 3
1579531523 2
1579531524 4
1579531525 4
1579531526 3
1579531527 3
1579531528 3
1579531529 3
1579531530 3
1579531531 3
1579531532 3
1579531533 3
1579531534 3
1579531535 3
1579531536 3
1579531537 3
1579531538 3
1579531539 3
1579531540 3
1579531541 3
1579531542 3
1579531543 3
1579531544 3
1579531545 3
1579531546 3
1579531547 3
1579531548 3
1579531549 3
1579531550 3
1579531551 3
1579531552 3
1579531553 3
1579531554 3
1579531555 3
1579531556 3
1579531557 3
1579531558 3
1579531559 3
1579531560 3
1579531561 3
1579531562 3
1579531563 3
1579531564 3
1579531565 3
1579531566 3
1579531567 3
1579531568 3
1579531569 3
1579531570 3
1579531571 3
1579531572 3
1579531573 3
1579531574 3
1579531575 3
1579531576 3
1579531577 3
1579531578 3
1579531579 3
1579531580 3
1579531581 3
1579531582 3
1579531583 3
1579531584 3
1579531585 3
1579531586 3
1579531587 3
1579531588 3
1579531589 3
1579531590 3
1579531591 3
1579531592 3
1579531593 3
1579531594 3
1579531595 3
1579531596 3
1579531597 3
1579531598 3
1579531599 3
1579531600 3
1579531601 3
1579531602 3
1579531603 3
1579531604 3
1579531605 3
1579531606 3
1579531607 3
1579531608 3
1579531609 3
1579531610 3
1579531611 3
1579531612 3
1579531613 3
1579531614 3
1579531615 3
1579531616 3
1579531617 3
1579531618 3
1579531619 3
1579531620 3
1579531621 3
1579531622 3
1579531623 3
1579531624 3
1579531625 3
1579531626 3
1579531627 3
1579531628 3
1579531629 3
1579531630 3
1579531631 3
1579531632 3
1579531633 3
1579531634 3
1579531635 3
1579531636 3
1579531637 3
1579531638 3
1579531639 3
1579531640 3
1579531641 3
1579531642 3
1579531643 3
1579531644 3
1579531645 3
1579531646 3
1579531647 3
1579531648 3
1579531649 3
1579531650 3
1579531651 3
1579531652 3
1579531653 3
1579531654 3
1579531655 3
1579531656 3
1579531657 3
1579531658 3
1579531659 3
1579531660 3
1579531661 3
1579531662 3
1579531663 3
1579531664 3
1579531665 3
1579531666 3
1579531667 3
1579531668 3
1579531669 3
1579531670 3
1579531671 3
1579531672 3
1579531673 3
1579531674 3
1579531675 3
1579531676 3
1579531677 3
1579531678 3
1579531679 3
1579531680 3
1579531681 3
1579531682 3
1579531683 3
1579531684 3
1579531685 3
1579531686 3
1579531687 3
1579531688 3
1579531689 3
1579531690 3
1579531691 3
1579531692 3
1579531693 3
1579531694 3
1579531695 3
1579531696 3
1579531697 3
1579531698 3
1579531699 3
1579531700 3
1579531701 3
1579531702 3
1579531703 3
1579531704 3
1579531705 3
1579531706 3
1579531707 3
1579531708 3
1579531709 3
1579531710 3
1579531711 3
1579531712 3
1579531713 3
1579531714 3
1579531715 3
1579531716 3
1579531717 3
1579531718 3
1579531719 3
1579531720 3
1579531721 3
1579531722 3
1579531723 3
1579531724 3
1579531725 3
1579531726 3
1579531727 3
1579531728 3
1579531729 3
1579531730 3
1579531731 3
1579531732 3
1579531733 3
1579531734 3
1579531735 3
1579531736 3
1579531737 3
1579531738 3
1579531739 3
1579531740 3
1579531741 3
1579531742 3
1579531743 3
1579531744 3
1579531745 3
1579531746 3
1579531747 4
1579531748 3
1579531749 3
1579531750 3
1579531751 3
1579531752 3
1579531753 3
1579531754 3
1579531755 3
1579531756 3
1579531757 3
1579531758 3
1579531759 3
1579531760 3
1579531761 3
1579531762 3
1579531763 3
1579531764 3
1579531765 3
1579531766 3
1579531767 3
1579531768 3
1579531769 3
1579531770 3
1579531771 3
1579531772 3
1579531773 3
1579531774 3
1579531775 3
1579531776 3
1579531777 3
1579531778 3
1579531779 3
1579531780 3
1579531781 3
1579531782 3
1579531783 3
1579531784 3
1579531785 3
1579531786 3
1579531787 3
1579531788 3
1579531789 3
1579531790 3
1579531791 3
1579531792 3
1579531793 3
1579531794 3
1579531795 3
1579531796 3
1579531797 3
1579531798 3
1579531799 3
1579531800 3
1579531801 3
1579531802 3
1579531803 3
1579531804 3
1579531805 3
1579531806 3
1579531807 3
1579531808 3
1579531809 3
1579531810 3
1579531811 3
1579531812 3
1579531813 3
1579531814 3
1579531815 3
1579531816 3
1579531817 3
1579531818 3
1579531819 3
1579531820 3
1579531821 3
1579531822 3
1579531823 3
1579531824 3
1579531825 3
1579531826 3
1579531827 3
1579531828 3
1579531829 3
1579531830 3
1579531831 3
1579531832 3
1579531833 3
1579531834 3
1579531835 3
1579531836 3
1579531837 3
1579531838 3
1579531839 3
1579531840 3
1579531841 3
1579531842 3
1579531843 3
1579531844 3
1579531845 3
1579531846 3
1579531847 3
1579531848 3
1579531849 3
1579531850 3
1579531851 3
1579531852 3
1579531853 3
1579531854 3
1579531855 3
1579531856 3
1579531857 3
1579531858 3
1579531859 3
1579531860 3
1579531861 3
1579531862 3
1579531863 3
1579531864 3
1579531865 3
1579531866 3
1579531867 3
1579531868 3
1579531869 3
1579531870 3
1579531871 3
1579531872 3
1579531873 3
1579531874 3
1579531875 3
1579531876 3
1579531877 3
1579531878 3
1579531879 2
1579531880 2
1579531881 2
1579531882 2
1579531883 3
1579531884 2
1579531885 2
1579531886 2
1579531887 1
1579531888 1
1579531889 2
1579531890 1
1579531891 2
1579531892 3
1579531893 4
1579531894 4
1579531895 4
1579531896 3
1579531897 3
1579531898 2
1579531899 2
1579531900 2
1579531901 2
1579531902 2
1579531903 2
1579531904 2
1579531905 2
1579531906 2
1579531907 2
1579531908 2
1579531909 2
1579531910 2
1579531911 2
1579531912 2
1579531913 2
1579531914 2
1579531915 2
1579531916 2
1579531917 2
1579531918 2
1579531919 2
1579531920 2
1579531921 2
1579531922 2
1579531923 2
1579531924 2
1579531925 2
1579531926 2
1579531927 2
1579531928 4
1579531929 3
1579531930 3
1579531931 3
1579531932 3
1579531933 2
1579531934 2
1579531935 2
1579531936 2
1579531937 2
1579531938 4
1579531939 4
1579531940 3
1579531941 4
1579531942 4
1579531943 3
1579531944 3
1579531945 3
1579531946 4
1579531947 4
1579531948 4
1579531949 2
1579531950 3
1579531951 3
1579531952 2
1579531953 1
1579531954 1
1579531956 2
1579531957 2
1579531958 2
1579531959 2
1579531960 2
1579531961 2
1579531962 1
1579531963 1
1579531964 1
1579531965 1
1579531966 2
1579531967 2
1579531968 3
1579531969 3
1579531970 2
1579531971 2
1579531972 2
1579531973 3
1579531974 2
1579531975 2
1579531976 2
1579531977 2
1579531978 2
1579531979 3
1579531980 4
1579531981 4
1579531982 4
1579531983 6
1579531984 4
1579531985 4
1579531986 4
1579531987 4
1579531988 3
1579531989 3
1579531990 2
1579531991 2
1579531992 2
1579531993 2
1579531994 3
1579531995 3
1579531996 2
1579531997 2
1579531998 3
1579531999 3
1579532000 2
1579532001 2
1579532002 2
1579532003 1
1579532004 2
1579532005 2
1579532006 3
1579532007 2
1579532008 3
1579532009 3
1579532010 3
1579532011 1
1579532012 3
1579532013 3
1579532014 4
1579532015 4
1579532016 5
1579532017 5
1579532018 4
1579532019 4
1579532020 2
1579532021 2
1579532022 3
1579532023 4
1579532024 3
1579532025 3
1579532026 3
1579532027 3
1579532028 3
1579532029 3
1579532030 3
1579532031 3
1579532032 3
1579532033 2
1579532034 2
1579532035 2
1579532036 2
1579532037 2
1579532038 3
1579532039 3
1579532040 3
1579532041 2
1579532042 3
1579532043 2
1579532044 2
1579532045 2
1579532046 2
1579532047 3
1579532048 3
1579532049 2
1579532050 3
1579532051 2
1579532052 4
1579532053 4
1579532054 4
1579532055 3
1579532056 3
1579532057 3
1579532058 2
1579532059 2
1579532060 2
1579532061 2
1579532062 2
1579532063 2
1579532064 2
1579532065 3
1579532066 2
1579532067 2
1579532068 3
1579532069 3
1579532070 2
1579532071 2
1579532072 2
1579532073 2
1579532074 2
1579532075 2
1579532076 2
1579532077 2
1579532078 2
1579532079 2
1579532080 2
1579532081 4
1579532082 4
1579532083 5
1579532084 3
1579532085 2
1579532086 2
1579532087 2
1579532088 2
1579532089 2
1579532090 2
1579532091 2
1579532092 3
1579532093 3
1579532094 3
1579532095 3
1579532096 3
1579532097 2
1579532098 2
1579532099 2
1579532100 3
1579532101 2
1579532102 2
1579532103 2
1579532104 2
1579532105 2
1579532106 2
1579532107 2
1579532108 2
1579532109 2
1579532110 2
1579532111 4
1579532112 4
1579532113 4
1579532114 4
1579532115 2
1579532116 2
1579532117 2
1579532118 2
1579532119 2
1579532120 2
1579532121 2
1579532122 3
1579532123 3
1579532124 2
1579532125 3
1579532126 5
1579532127 3
1579532128 2
1579532129 2
1579532130 4
1579532131 2
1579532132 2
1579532133 3
1579532134 3
1579532135 3
1579532136 3
1579532137 4
1579532138 3
1579532139 4
1579532140 4
1579532141 4
1579532142 4
1579532143 4
1579532144 3
1579532145 2
1579532146 2
1579532147 2
1579532148 2
1579532149 2
1579532150 2
1579532151 2
1579532152 2
1579532153 2
1579532154 2
1579532155 2
1579532156 2
1579532157 2
1579532158 2
1579532159 2
1579532160 2
1579532161 4
1579532162 4
1579532725 5
1579532726 3
1579532727 4
1579532728 4
1579532729 4
1579532730 3
1579532731 3
1579532732 3
1579532733 3
1579532734 2
1579532735 2
1579532736 2
1579532737 2
1579532738 2
1579532739 2
1579532740 3
1579532741 3
1579532742 2
1579532743 2
1579532744 3
1579532745 3
1579532746 2
1579532747 2
1579532748 2
1579532749 3
1579532750 2
1579532751 2
1579532752 2
1579532753 2
1579532754 4
1579532755 4
1579532756 3
1579532757 3
1579532758 3
1579532759 2
1579532760 2
1579532761 2
1579532762 2
1579532763 2
1579532764 2
1579532765 3
1579532766 2
1579532767 2
1579532768 2
1579532769 2
1579532770 3
1579532771 2
1579532772 2
1579532773 2
1579532774 2
1579532775 2
1579532776 2
1579532777 2
1579532778 2
1579532779 2
1579532780 3
1579532781 2
1579532782 4
1579532783 4
1579532784 5
1579532785 5
1579532786 2
1579532787 2
1579532788 2
1579532789 2
1579532790 2
1579532791 2
1579532792 2
1579532793 3
1579532794 3
1579532795 3
1579532796 3
1579532797 4
1579532798 2
1579532799 2
1579532800 2
1579532801 2
1579532802 3
1579532803 2
1579532804 2
1579532805 2
1579532806 2
1579532807 2
1579532808 2
1579532809 2
1579532810 4
1579532811 2
1579532812 4
1579532813 4
1579532814 4
1579532815 4
1579532816 2
1579532817 2
1579532818 2
1579532819 2
1579532820 2
1579532821 2
1579532822 2
1579532823 2
1579532824 2
1579532825 3
1579532826 3
1579532827 3
1579532828 3
1579532829 3
1579532830 3
1579532831 4
1579532832 3
1579532833 3
1579532834 3
1579532835 2
1579532836 2
1579532837 2
1579532838 3
1579532839 3
1579532840 3
1579532841 3
1579532842 3
1579532843 3
1579532844 4
1579532845 4
1579532846 4
1579532847 4
1579532848 3
1579532849 2
1579532850 2
1579532851 2
1579532852 2
1579532853 2
1579532854 2
1579532855 2
1579532856 3
1579532857 3
1579532858 3
1579532859 3
1579532860 3
1579532861 3
1579532862 3
1579532863 2
1579532864 2
1579532865 2
1579532866 4
1579532867 4
1579533083 1
1579533084 1
1579533085 1
1579533086 1
1579533087 2
1579533088 3
1579533089 3
1579533090 3
1579533091 2
1579533092 3
1579533093 3
1579533094 3
1579533095 4
1579533096 4
1579533097 4
1579533098 4
1579533099 4
1579533100 3
1579533101 4
1579533102 4
1579533103 3
1579533104 3
1579533105 3
1579533106 2
1579533107 2
1579533108 2
1579533109 2
1579533110 3
1579533111 3
1579533112 3
1579533113 3
1579533114 2
1579533115 2
1579533116 2
1579533117 2
1579533118 2
1579533119 2
1579533120 2
1579533121 2
1579533122 2
1579533123 2
1579533124 2
1579533125 2
1579533126 2
1579533127 2
1579533128 2
1579533129 2
1579533130 2
1579533131 2
1579533132 2
1579533133 2
1579533134 2
1579533135 2
1579533136 2
1579533137 2
1579533138 2
1579533139 2
1579533140 2
1579533141 2
1579533142 2
1579533143 2
1579533144 2
1579533145 2
1579533146 2
1579533147 2
1579533148 2
1579533149 2
1579533150 2
1579533151 2
1579533152 2
1579533153 2
1579533154 2
1579533155 2
1579533156 2
1579533157 2
1579533158 2
1579533159 2
1579533160 2
1579533161 2
1579533162 2
1579533163 2
1579533164 2
1579533165 2
1579533166 2
1579533167 2
1579533168 2
1579533169 2
1579533170 2
1579533171 2
1579533172 2
1579533173 2
1579533174 2
1579533175 2
1579533176 2
1579533177 2
1579533178 2
1579533179 2
1579533180 2
1579533181 2
1579533182 2
1579533183 2
1579533184 2
1579533185 2
1579533186 2
1579533187 2
1579533188 2
1579533189 2
1579533190 2
1579533191 2
1579533192 2
1579533193 2
1579533194 2
1579533195 2
1579533196 2
1579533197 2
1579533198 2
1579533199 2
1579533200 2
1579533201 2
1579533202 2
1579533203 2
1579533204 2
1579533205 2
1579533206 2
1579533207 2
1579533208 2
1579533209 2
1579533210 2
1579533211 2
1579533212 2
1579533213 3
1579533214 4
1579533215 4
1579533216 4
1579533217 4
1579533218 4
1579533219 4
1579533220 3
1579533221 3
1579533222 3
1579533223 3
1579533224 3
1579533225 3
1579533226 3
1579533227 3
1579533228 3
1579533229 4
1579533230 4
1579533231 4
1579533232 3
1579533233 3
1579533234 2
1579533235 2
1579533236 3
1579533237 2
1579533238 2
1579533239 2
1579533240 2
1579533241 2
1579533242 2
1579533243 2
1579533244 2
1579533245 2
1579533246 2
1579533247 2
1579533248 2
1579533249 2
1579533250 2
1579533251 2
1579533252 2
1579533253 2
1579533254 2
1579533255 2
1579533256 2
1579533257 2
1579533258 2
1579533259 2
1579533260 2
1579533261 2
1579533262 2
1579533263 2
1579533264 2
1579533265 2
1579533266 2
1579533267 2
1579533268 2
1579533269 2
1579533270 2
1579533271 2
1579533272 2
1579533273 2
1579533274 2
1579533275 2
1579533276 2
1579533277 2
1579533278 2
1579533279 2
1579533280 2
1579533281 2
1579533282 2
1579533283 2
1579533284 2
1579533285 2
1579533286 3
1579533287 3
1579533288 3
1579533289 3
1579533290 2
1579533291 3
1579533292 2
1579533293 3
1579533294 3
1579533295 3
1579533296 4
1579533297 4
1579533298 4
1579533299 3
1579533300 3
1579533301 4
1579533302 4
1579533303 3
1579533304 3
1579533305 3
1579533306 3
1579533307 3
1579533308 1
1579533309 1
1579533311 1
1579533312 1
1579533313 2
1579533314 4
1579533315 2
1579533316 2
1579533317 2
1579533318 2
1579533319 1
1579533320 1
1579533321 1
1579533322 3
1579533323 2
1579533324 3
1579533325 5
1579533326 4
1579533327 3
1579533328 4
1579533329 5
1579533330 4
1579533331 2
1579533332 2
1579533333 2
1579533334 2
1579533335 1
1579533336 1
1579533337 2
1579533338 3
1579533339 3
1579533340 2
1579533341 3
1579533342 4
1579533343 4
1579533344 3
1579533345 4
1579533346 5
1579533347 5
1579533348 8
1579533349 6
1579533350 6
1579533351 5
1579533352 3
1579533353 3
1579533354 3
1579533355 3
1579533356 2
1579533357 2
1579533358 2
1579533359 2
1579533360 2
1579533361 3
1579533362 2
1579533363 2
1579533364 2
1579533365 3
1579533366 3
1579533367 3
1579533368 2
1579533369 2
1579533370 1
1579533371 2
1579533372 3
1579533373 3
1579533374 2
1579533375 3
1579533376 4
1579533377 3
1579533378 1
1579533379 3
1579533380 4
1579533381 4
1579533382 4
1579533383 5
1579533384 5
1579533385 4
1579533386 4
1579533387 3
1579533388 3
1579533389 5
1579533390 4
1579533391 4
1579533392 3
1579533393 2
1579533394 2
1579533395 3
1579533396 3
1579533397 3
1579533398 3
1579533399 3
1579533400 2
1579533401 2
1579533402 2
1579533403 2
1579533404 2
1579533405 3
1579533406 3
1579533407 3
1579533408 2
1579533409 2
1579533410 2
1579533411 2
1579533412 2
1579533413 2
1579533414 2
1579533415 2
1579533416 2
1579533417 2
1579533418 2
1579533419 2
1579533420 2
1579533421 3
1579533422 2
1579533423 4
1579533424 4
1579533425 4
1579533426 3
1579533427 2
1579533428 2
1579533429 2
1579533430 2
1579533431 2
1579533432 2
1579533433 2
1579533434 3
1579533435 2
1579533436 2
1579533437 2
1579533438 2
1579533439 2
1579533440 2
1579533441 2
1579533442 2
1579533443 2
1579533444 2
1579533445 2
1579533446 2
1579533447 2
1579533448 3
1579533449 4
1579533450 3
1579533451 5
1579533452 4
1579533453 4
1579533454 4
1579533455 2
1579533456 2
1579533457 2
1579533458 2
1579533459 2
1579533460 2
1579533461 2
1579533462 2
1579533463 2
1579533464 2
1579533465 2
1579533466 3
1579533467 2
1579533468 2
1579533469 2
1579533470 2
1579533471 3
1579533472 3
1579533473 2
1579533474 2
1579533475 2
1579533476 2
1579533477 2
1579533478 2
1579533479 2
1579533480 3
1579533481 4
1579533482 4
1579533483 4
1579533484 3
1579533485 2
1579533486 2
1579533487 2
1579533488 2
1579533489 2
1579533490 2
1579533491 3
1579533492 3
1579533493 2
1579533494 2
1579533495 3
1579533496 3
1579533497 2
1579533498 2
1579533499 2
1579533500 3
1579533501 2
1579533502 3
1579533503 3
1579533504 3
1579533505 3
1579533506 4
1579533507 4
1579533508 4
1579533509 4
1579533510 4
1579533511 4
1579533512 3
1579533513 3
1579533514 2
1579533515 2
1579533516 2
1579533517 2
1579533518 2
1579533519 2
1579533520 2
1579533521 3
1579533522 2
1579533523 2
1579533524 2
1579533525 2
1579533526 2
1579533527 3
1579533528 2
1579533529 2
1579533530 4
1579533531 4
1579533743 1
1579533744 1
1579533747 1
1579533748 2
1579533749 2
1579533750 3
1579533751 4
1579533752 4
1579533753 4
1579533754 3
1579533755 4
1579533756 3
1579533757 5
1579533758 5
1579533759 4
1579533760 4
1579533761 5
1579533762 5
1579533763 4
1579533764 4
1579533765 3
1579533766 2
1579533767 2
1579533768 2
1579533769 2
1579533770 3
1579533771 4
1579533772 3
1579533773 3
1579533774 2
1579533775 2
1579533776 2
1579533777 2
1579533778 2
1579533779 2
1579533780 2
1579533781 2
1579533782 2
1579533783 2
1579533784 2
1579533785 2
1579533786 2
1579533787 2
1579533788 2
1579533789 2
1579533790 2
1579533791 2
1579533792 2
1579533793 2
1579533794 2
1579533795 2
1579533796 2
1579533797 2
1579533798 2
1579533799 2
1579533800 2
1579533801 2
1579533802 2
1579533803 2
1579533804 2
1579533805 2
1579533806 3
1579533807 4
1579533808 4
1579533809 4
1579533810 4
1579533811 4
1579533812 4
1579533813 4
1579533814 4
1579533815 4
1579533816 4
1579533817 4
1579533818 4
1579533819 3
1579533820 2
1579533821 2
1579533822 3
1579533823 4
1579533824 4
1579533825 4
1579533826 4
1579533827 2
1579533828 2
1579533829 2
1579533830 2
1579533831 2
1579533832 2
1579533833 2
1579533834 2
1579533835 2
1579533836 2
1579533837 2
1579533838 2
1579533839 2
1579533840 2
1579533841 2
1579533842 2
1579533843 2
1579533844 2
1579533845 2
1579533846 2
1579533847 2
1579533848 2
1579533849 2
1579533850 2
1579533851 2
1579533852 2
1579533853 2
1579533854 2
1579533855 2
1579533856 2
1579533857 2
1579533858 2
1579533859 2
1579533860 2
1579533861 2
1579533862 2
1579533863 2
1579533864 2
1579533865 2
1579533866 2
1579533867 2
1579533868 2
1579533869 2
1579533870 2
1579533871 2
1579533872 3
1579533873 2
1579533874 2
1579533875 2
1579533876 2
1579533877 2
1579533878 2
1579533879 2
1579533880 2
1579533881 2
1579533882 2
1579533883 2
1579533884 2
1579533885 2
1579533886 2
1579533887 2
1579533888 2
1579533889 2
1579533890 2
1579533891 2
1579533892 2
1579533893 2
1579533894 2
1579533895 2
1579533896 2
1579533897 2
1579533898 2
1579533899 3
1579533900 3
1579533901 3
1579533902 3
1579533903 3
1579533904 2
1579533905 2
1579533906 4
1579533907 3
1579533908 3
1579533909 4
1579533910 5
1579533911 3
1579533912 3
1579533913 5
1579533914 4
1579533915 4
1579533916 3
1579533917 3
1579533918 2
1579533919 2
1579533920 2
1579533921 1
1579533922 1
1579533923 1
1579533924 1
1579533925 2
1579533926 2
1579533927 2
1579533928 2
1579533929 3
1579533930 2
1579533931 2
1579533932 2
1579533933 1
1579533934 1
1579533935 2
1579533936 2
1579533937 4
1579533938 4
1579533939 3
1579533940 3
1579533941 3
1579533942 4
1579533943 3
1579533944 2
1579533945 3
1579533946 2
1579533947 2
1579533948 5
1579533949 4
1579533950 6
1579533951 8
1579533952 7
1579533953 6
1579533954 5
1579533955 4
1579533956 3
1579533957 3
1579533958 2
1579533959 2
1579533960 2
1579533961 2
1579533962 2
1579533963 2
1579533964 2
1579533965 2
1579533966 2
1579533967 2
1579533968 3
1579533969 4
1579533970 4
1579533971 3
1579533972 3
1579533973 3
1579533974 2
1579533975 3
1579533976 4
1579533977 3
1579533978 2
1579533979 3
1579533980 4
1579533981 2
1579533982 3
1579533983 3
1579533984 4
1579533985 4
1579533986 4
1579533987 5
1579533988 5
1579533989 5
1579533990 4
1579533991 4
1579533992 2
1579533993 5
1579533994 5
1579533995 5
1579533996 3
1579533997 3
1579533998 3
1579533999 4
1579534000 3
1579534001 3
1579534002 3
1579534003 3
1579534004 2
1579534005 2
1579534006 2
1579534007 2
1579534008 2
1579534009 3
1579534010 3
1579534011 2
1579534012 2
1579534013 4
1579534014 3
1579534015 3
1579534016 3
1579534017 2
1579534018 2
1579534019 2
1579534020 2
1579534021 3
1579534022 2
1579534023 4
1579534024 4
1579534025 5
1579534026 3
1579534027 2
1579534028 2
1579534029 2
1579534030 2
1579534031 2
1579534032 2
1579534033 2
1579534034 2
1579534035 2
1579534036 3
1579534037 2
1579534038 2
1579534039 2
1579534040 2
1579534041 2
1579534042 2
1579534043 2
1579534044 2
1579534045 2
1579534046 2
1579534047 2
1579534048 2
1579534049 3
1579534050 2
1579534051 4
1579534052 4
1579534053 4
1579534054 3
1579534055 3
1579534056 2
1579534057 2
1579534058 2
1579534059 2
1579534060 2
1579534061 2
1579534062 2
1579534063 2
1579534064 2
1579534065 2
1579534066 3
1579534067 2
1579534068 2
1579534069 2
1579534070 2
1579534071 2
1579534072 3
1579534073 3
1579534074 2
1579534075 2
1579534076 2
1579534077 2
1579534078 2
1579534079 2
1579534080 2
1579534081 4
1579534082 4
1579534083 4
1579534084 5
1579534085 3
1579534086 2
1579534087 2
1579534088 2
1579534089 2
1579534090 2
1579534091 3
1579534092 2
1579534093 3
1579534094 3
1579534095 4
1579534096 4
1579534097 2
1579534098 2
1579534099 2
1579534100 2
1579534101 2
1579534102 2
1579534103 3
1579534104 3
1579534105 3
1579534106 3
1579534107 3
1579534108 2
1579534109 4
1579534110 4
1579534111 4
1579534112 3
1579534113 3
1579534114 3
1579534115 2
1579534116 2
1579534117 2
1579534118 2
1579534119 2
1579534120 2
1579534121 2
1579534122 2
1579534123 2
1579534124 2
1579534125 2
1579534126 2
1579534127 2
1579534128 2
1579534129 2
1579534130 2
1579534131 4
1579534132 4
1579534387 2
1579534388 2
1579534389 2
1579534390 2
1579534391 2
1579534392 2
1579534393 2
1579534394 2
1579534395 3
1579534396 4
1579534397 3
1579534398 3
1579534399 4
1579534400 2
1579534401 5
1579534402 3
1579534403 2
1579534404 2
1579534405 5
1579534406 4
1579534407 4
1579534408 3
1579534409 3
1579534410 3
1579534411 2
1579534412 3
1579534413 2
1579534414 4
1579534415 4
1579534416 5
1579534417 5
1579534418 3
1579534419 2
1579534420 2
1579534421 2
1579534422 2
1579534423 2
1579534424 2
1579534425 2
1579534426 2
1579534427 2
1579534428 2
1579534429 2
1579534430 2
1579534431 2
1579534432 2
1579534433 2
1579534434 2
1579534435 2
1579534436 2
1579534437 2
1579534438 2
1579534439 2
1579534440 2
1579534441 2
1579534442 2
1579534443 2
1579534444 2
1579534445 2
1579534446 2
1579534447 2
1579534448 2
1579534449 2
1579534450 3
1579534451 4
1579534452 4
1579534453 4
1579534454 4
1579534455 4
1579534456 4
1579534457 4
1579534458 4
1579534459 4
1579534460 4
1579534461 4
1579534462 3
1579534463 3
1579534464 3
1579534465 4
1579534466 4
1579534467 4
1579534468 4
1579534469 4
1579534470 2
1579534471 2
1579534472 2
1579534473 2
1579534474 2
1579534475 2
1579534476 2
1579534477 2
1579534478 2
1579534479 2
1579534480 2
1579534481 2
1579534482 2
1579534483 2
1579534484 2
1579534485 2
1579534486 2
1579534487 2
1579534488 2
1579534489 2
1579534490 2
1579534491 2
1579534492 2
1579534493 2
1579534494 2
1579534495 2
1579534496 2
1579534497 2
1579534498 2
1579534499 2
1579534500 2
1579534501 2
1579534502 2
1579534503 2
1579534504 2
1579534505 2
1579534506 2
1579534507 2
1579534508 2
1579534509 2
1579534510 2
1579534511 2
1579534512 2
1579534513 2
1579534514 2
1579534515 2
1579534516 2
1579534517 2
1579534518 2
1579534519 2
1579534520 2
1579534521 2
1579534522 2
1579534523 2
1579534524 2
1579534525 2
1579534526 2
1579534527 2
1579534528 2
1579534529 2
1579534530 2
1579534531 2
1579534532 2
1579534533 2
1579534534 2
1579534535 2
1579534536 2
1579534537 2
1579534538 2
1579534539 2
1579534540 2
1579534541 2
1579534542 2
1579534543 2
1579534544 2
1579534545 2
1579534546 2
1579534547 2
1579534548 2
1579534549 2
1579534550 2
1579534551 2
1579534552 2
1579534553 2
1579534554 2
1579534555 2
1579534556 2
1579534557 2
1579534558 2
1579534559 2
1579534560 2
1579534561 3
1579534562 3
1579534563 3
1579534564 3
1579534565 2
1579534566 2
1579534567 2
1579534568 3
1579534569 3
1579534570 3
1579534571 4
1579534572 4
1579534573 4
1579534574 4
1579534575 4
1579534576 4
1579534577 4
1579534578 3
1579534579 3
1579534580 3
1579534581 3
1579534582 3
1579534583 1
1579534584 1
1579534585 1
1579534586 1
1579534587 1
1579534588 2
1579534589 2
1579534590 2
1579534591 3
1579534592 2
1579534593 2
1579534594 2
1579534595 1
1579534596 1
1579534597 2
1579534598 2
1579534599 4
1579534600 2
1579534601 2
1579534602 2
1579534603 3
1579534604 4
1579534605 2
1579534606 2
1579534607 2
1579534608 2
1579534609 4
1579534610 4
1579534611 3
1579534612 3
1579534613 4
1579534614 4
1579534615 3
1579534616 3
1579534617 3
1579534618 3
1579534619 3
1579534620 2
1579534621 2
1579534622 2
1579534623 2
1579534624 2
1579534625 3
1579534626 3
1579534627 3
1579534628 3
1579534629 4
1579534630 4
1579534631 2
1579534632 2
1579534633 2
1579534634 1
1579534635 2
1579534636 2
1579534637 3
1579534638 3
1579534639 3
1579534640 4
1579534641 4
1579534642 2
1579534643 4
1579534644 3
1579534645 4
1579534646 4
1579534647 4
1579534648 5
1579534649 5
1579534650 4
1579534651 3
1579534652 2
1579534653 3
1579534654 5
1579534655 4
1579534656 4
1579534657 3
1579534658 3
1579534659 5
1579534660 3
1579534661 3
1579534662 3
1579534663 3
1579534664 2
1579534665 2
1579534666 2
1579534667 2
1579534668 2
1579534669 3
1579534670 3
1579534671 2
1579534672 2
1579534673 4
1579534674 4
1579534675 2
1579534676 2
1579534677 2
1579534678 2
1579534679 2
1579534680 2
1579534681 2
1579534682 4
1579534683 4
1579534684 4
1579534685 4
1579534686 4
1579534687 4
1579534688 4
1579534689 4
1579534690 4
1579534691 4
1579534692 4
1579534693 4
1579534694 4
1579534695 4
1579534696 4
1579534697 4
1579534698 4
1579534699 4
1579534700 4
1579534701 4
1579534702 4
1579534703 4
1579534704 4
1579534705 4
1579534706 4
1579534707 4
1579534708 4
1579534709 4
1579534710 4
1579534711 4
1579534712 4
1579534713 2
1579534714 2
1579534715 2
1579534716 2
1579534717 2
1579534718 2
1579534719 2
1579534720 2
1579534721 2
1579534722 3
1579534723 2
1579534724 2
1579534725 2
1579534726 2
1579534727 2
1579534728 2
1579534729 2
1579534730 2
1579534731 2
1579534732 2
1579534733 2
1579534734 2
1579534735 3
1579534736 2
1579534737 4
1579534738 4
1579534739 4
1579534740 3
1579534741 3
1579534742 2
1579534743 2
1579534744 2
1579534745 2
1579534746 2
1579534747 2
1579534748 2
1579534749 2
1579534750 2
1579534751 2
1579534752 3
1579534753 2
1579534754 2
1579534755 2
1579534756 2
1579534757 2
1579534758 3
1579534759 3
1579534760 2
1579534761 2
1579534762 2
1579534763 2
1579534764 2
1579534765 4
1579534766 2
1579534767 4
1579534768 4
1579534769 4
1579534770 5
1579534771 2
1579534772 2
1579534773 2
1579534774 2
1579534775 2
1579534776 2
1579534777 3
1579534778 2
1579534779 4
1579534780 3
1579534781 5
1579534782 4
1579534783 2
1579534784 2
1579534785 2
1579534786 2
1579534787 2
1579534788 2
1579534789 3
1579534790 3
1579534791 3
1579534792 4
1579534793 3
1579534794 3
1579534795 4
1579534796 4
1579534797 4
1579534798 3
1579534799 3
1579534800 2
1579534801 2
1579534802 2
1579534803 2
1579534804 2
1579534805 2
1579534806 2
1579534807 2
1579534808 2
1579534809 2
1579534810 2
1579534811 2
1579534812 2
1579534813 2
1579534814 2
1579534815 2
1579534816 3
1579534817 4
1579535059 2
1579535060 2
1579535062 1
1579535063 1
1579535064 2
1579535065 2
1579535066 2
1579535067 3
1579535068 5
1579535069 5
1579535070 4
1579535071 2
1579535072 5
1579535073 6
1579535074 6
1579535075 7
1579535076 4
1579535077 5
1579535078 6
1579535079 4
1579535080 3
1579535081 3
1579535082 3
1579535083 3
1579535084 2
1579535085 2
1579535086 2
1579535087 3
1579535088 3
1579535089 3
1579535090 2
1579535091 2
1579535092 2
1579535093 2
1579535094 2
1579535095 2
1579535096 2
1579535097 2
1579535098 2
1579535099 2
1579535100 2
1579535101 2
1579535102 2
1579535103 2
1579535104 2
1579535105 2
1579535106 2
1579535107 2
1579535108 2
1579535109 2
1579535110 2
1579535111 2
1579535112 2
1579535113 2
1579535114 2
1579535115 2
1579535116 2
1579535117 2
1579535118 3
1579535119 3
1579535120 2
1579535121 2
1579535122 2
1579535123 3
1579535124 4
1579535125 4
1579535126 4
1579535127 4
1579535128 4
1579535129 4
1579535130 4
1579535131 4
1579535132 4
1579535133 4
1579535134 3
1579535135 2
1579535136 2
1579535137 3
1579535138 4
1579535139 4
1579535140 4
1579535141 4
1579535142 4
1579535143 3
1579535144 2
1579535145 2
1579535146 2
1579535147 2
1579535148 2
1579535149 2
1579535150 2
1579535151 2
1579535152 2
1579535153 2
1579535154 2
1579535155 2
1579535156 2
1579535157 2
1579535158 2
1579535159 2
1579535160 2
1579535161 2
1579535162 2
1579535163 2
1579535164 2
1579535165 2
1579535166 2
1579535167 2
1579535168 2
1579535169 2
1579535170 2
1579535171 2
1579535172 2
1579535173 2
1579535174 2
1579535175 2
1579535176 2
1579535177 2
1579535178 2
1579535179 2
1579535180 2
1579535181 2
1579535182 2
1579535183 2
1579535184 2
1579535185 2
1579535186 2
1579535187 2
1579535188 2
1579535189 2
1579535190 2
1579535191 2
1579535192 2
1579535193 2
1579535194 4
1579535195 3
1579535196 3
1579535197 3
1579535198 3
1579535199 2
1579535200 2
1579535201 2
1579535202 2
1579535203 4
1579535204 3
1579535205 3
1579535206 4
1579535207 4
1579535208 4
1579535209 6
1579535210 4
1579535211 5
1579535212 4
1579535213 5
1579535214 5
1579535215 4
1579535216 3
1579535217 1
1579535218 1
1579535219 1
1579535220 1
1579535221 1
1579535222 1
1579535223 3
1579535224 4
1579535225 5
1579535226 5
1579535227 4
1579535228 3
1579535229 1
1579535230 1
1579535231 2
1579535232 2
1579535233 3
1579535234 3
1579535235 2
1579535236 2
1579535237 2
1579535238 3
1579535239 3
1579535240 2
1579535241 2
1579535242 2
1579535243 3
1579535244 3
1579535245 3
1579535246 3
1579535247 5
1579535248 5
1579535249 4
1579535250 3
1579535251 3
1579535252 3
1579535253 3
1579535254 2
1579535255 2
1579535256 2
1579535257 2
1579535258 2
1579535259 2
1579535260 2
1579535261 2
1579535262 2
1579535263 2
1579535264 3
1579535265 3
1579535266 3
1579535267 2
1579535268 2
1579535269 2
1579535270 2
1579535271 2
1579535272 3
1579535273 3
1579535274 4
1579535275 3
1579535276 4
1579535277 4
1579535278 2
1579535279 3
1579535280 3
1579535281 4
1579535282 4
1579535283 6
1579535284 6
1579535285 6
1579535286 7
1579535287 7
1579535288 4
1579535289 5
1579535290 4
1579535291 6
1579535292 4
1579535293 3
1579535294 3
1579535295 4
1579535296 3
1579535297 4
1579535298 3
1579535299 3
1579535300 3
1579535301 2
1579535302 2
1579535303 2
1579535304 2
1579535305 2
1579535306 3
1579535307 3
1579535308 3
1579535309 3
1579535310 3
1579535311 2
1579535312 2
1579535313 2
1579535314 2
1579535315 2
1579535316 2
1579535317 3
1579535318 2
1579535319 3
1579535320 4
1579535321 4
1579535322 4
1579535323 3
1579535324 2
1579535325 2
1579535326 2
1579535327 2
1579535328 2
1579535329 2
1579535330 2
1579535331 3
1579535332 2
1579535333 3
1579535334 3
1579535335 3
1579535336 2
1579535337 2
1579535338 2
1579535339 2
1579535340 2
1579535341 2
1579535342 2
1579535343 2
1579535344 2
1579535345 2
1579535346 3
1579535347 2
1579535348 4
1579535349 4
1579535350 4
1579535351 3
1579535352 3
1579535353 2
1579535354 2
1579535355 2
1579535356 2
1579535357 2
1579535358 2
1579535359 2
1579535360 2
1579535361 2
1579535362 2
1579535363 2
1579535364 3
1579535365 2
1579535366 2
1579535367 2
1579535368 2
1579535369 2
1579535370 3
1579535371 2
1579535372 2
1579535373 2
1579535374 2
1579535375 2
1579535376 2
1579535377 2
1579535378 2
1579535379 4
1579535380 4
1579535381 4
1579535382 4
1579535383 2
1579535384 2
1579535385 2
1579535386 2
1579535387 2
1579535388 2
1579535389 3
1579535390 2
1579535391 3
1579535392 2
1579535393 3
1579535394 4
1579535395 2
1579535396 2
1579535397 2
1579535398 2
1579535399 2
1579535400 2
1579535401 3
1579535402 3
1579535403 3
1579535404 4
1579535405 4
1579535406 2
1579535407 4
1579535408 5
1579535409 4
1579535410 4
1579535411 3
1579535412 3
1579535413 2
1579535414 2
1579535415 2
1579535416 2
1579535417 2
1579535418 2
1579535419 2
1579535420 2
1579535421 2
1579535422 2
1579535423 2
1579535424 2
1579535425 2
1579535426 2
1579535427 2
1579535428 2
1579535429 4
1579535430 4
1579535580 3
1579535581 3
1579535582 3
1579535583 5
1579535584 6
1579535585 2
1579535586 3
1579535587 4
1579535588 4
1579535589 4
1579535590 4
1579535591 3
1579535592 2
1579535593 3
1579535594 2
1579535595 3
1579535596 3
1579535597 4
1579535598 6
1579535599 6
1579535600 5
1579535601 3
1579535602 2
1579535603 1
1579535604 2
1579535605 2
1579535606 2
1579535607 2
1579535608 3
1579535609 3
1579535610 3
1579535611 2
1579535612 2
1579535613 2
1579535614 2
1579535615 2
1579535616 2
1579535617 2
1579535618 2
1579535619 3
1579535620 3
1579535621 5
1579535622 6
1579535623 6
1579535624 5
1579535625 3
1579535626 4
1579535627 4
1579535628 3
1579535629 4
1579535630 3
1579535631 2
1579535632 3
1579535633 4
1579535634 3
1579535635 4
1579535636 4
1579535637 4
1579535638 5
1579535639 3
1579535640 3
1579535641 3
1579535642 1
1579535643 1
1579535644 1
1579535645 2
1579535646 2
1579535647 2
1579535648 2
1579535649 2
1579535651 1
1579535652 1
1579535653 3
1579535654 4
1579535655 3
1579535656 3
1579535657 3
1579535658 4
1579535659 5
1579535660 4
1579535661 2
1579535662 3
1579535663 4
1579535664 3
1579535665 3
1579535666 4
1579535667 4
1579535668 5
1579535669 4
1579535670 3
1579535671 3
1579535672 4
1579535673 3
1579535674 2
1579535675 3
1579535676 3
1579535677 4
1579535678 3
1579535679 2
1579535680 2
1579535681 2
1579535682 2
1579535683 2
1579535684 2
1579535685 2
1579535686 2
1579535687 2
1579535688 2
1579535689 2
1579535690 2
1579535691 2
1579535692 2
1579535693 2
1579535694 2
1579535695 2
1579535696 2
1579535697 2
1579535698 2
1579535699 2
1579535700 2
1579535701 2
1579535702 2
1579535703 2
1579535704 2
1579535705 2
1579535706 2
1579535707 2
1579535708 2
1579535709 2
1579535710 3
1579535711 4
1579535712 4
1579535713 4
1579535714 4
1579535715 4
1579535716 4
1579535717 4
1579535718 4
1579535719 4
1579535720 4
1579535721 4
1579535722 3
1579535723 3
1579535724 3
1579535725 4
1579535726 4
1579535727 4
1579535728 4
1579535729 4
1579535730 2
1579535731 2
1579535732 2
1579535733 2
1579535734 2
1579535735 2
1579535736 2
1579535737 2
1579535738 2
1579535739 2
1579535740 2
1579535741 2
1579535742 2
1579535743 2
1579535744 2
1579535745 2
1579535746 2
1579535747 2
1579535748 2
1579535749 2
1579535750 2
1579535751 2
1579535752 2
1579535753 2
1579535754 2
1579535755 2
1579535756 2
1579535757 2
1579535758 2
1579535759 2
1579535760 2
1579535761 2
1579535762 2
1579535763 2
1579535764 2
1579535765 2
1579535766 2
1579535767 2
1579535768 2
1579535769 2
1579535770 2
1579535771 2
1579535772 2
1579535773 2
1579535774 2
1579535775 2
1579535776 2
1579535777 2
1579535778 2
1579535779 2
1579535780 2
1579535781 2
1579535782 2
1579535783 2
1579535784 2
1579535785 2
1579535786 2
1579535787 2
1579535788 2
1579535789 2
1579535790 2
1579535791 2
1579535792 3
1579535793 3
1579535794 3
1579535795 2
1579535796 2
1579535797 2
1579535798 2
1579535799 3
1579535800 4
1579535801 4
1579535802 4
1579535803 4
1579535804 7
1579535805 4
1579535806 4
1579535807 4
1579535808 4
1579535809 4
1579535810 3
1579535811 2
1579535812 2
1579535813 1
1579535814 1
1579535815 1
1579535816 1
1579535817 2
1579535818 2
1579535819 3
1579535820 4
1579535821 4
1579535822 4
1579535823 3
1579535824 3
1579535825 2
1579535826 2
1579535827 1
1579535828 2
1579535829 2
1579535830 3
1579535831 3
1579535832 2
1579535833 2
1579535834 2
1579535835 2
1579535836 3
1579535837 2
1579535838 2
1579535839 2
1579535840 2
1579535841 3
1579535842 4
1579535843 3
1579535844 3
1579535845 4
1579535846 4
1579535847 4
1579535848 3
1579535849 3
1579535850 3
1579535851 2
1579535852 2
1579535853 2
1579535854 2
1579535855 2
1579535856 2
1579535857 2
1579535858 2
1579535859 2
1579535860 3
1579535861 2
1579535862 2
1579535863 2
1579535864 2
1579535865 2
1579535866 3
1579535867 2
1579535868 3
1579535869 3
1579535870 4
1579535871 5
1579535872 4
1579535873 3
1579535874 5
1579535875 4
1579535876 4
1579535877 4
1579535878 4
1579535879 5
1579535880 5
1579535881 5
1579535882 5
1579535883 3
1579535884 2
1579535885 4
1579535886 4
1579535887 4
1579535888 3
1579535889 3
1579535890 4
1579535891 3
1579535892 4
1579535893 3
1579535894 3
1579535895 3
1579535896 3
1579535897 3
1579535898 2
1579535899 2
1579535900 2
1579535901 2
1579535902 3
1579535903 3
1579535904 2
1579535905 2
1579535906 5
1579535907 5
1579535908 3
1579535909 3
1579535910 4
1579535911 2
1579535912 2
1579535913 2
1579535914 2
1579535915 3
1579535916 4
1579535917 4
1579535918 5
1579535919 3
1579535920 2
1579535921 2
1579535922 2
1579535923 2
1579535924 2
1579535925 2
1579535926 2
1579535927 3
1579535928 2
1579535929 2
1579535930 3
1579535931 5
1579535932 3
1579535933 2
1579535934 2
1579535935 2
1579535936 2
1579535937 2
1579535938 2
1579535939 2
1579535940 2
1579535941 2
1579535942 2
1579535943 2
1579535944 4
1579535945 4
1579535946 4
1579535947 2
1579535948 2
1579535949 2
1579535950 2
1579535951 2
1579535952 2
1579535953 2
1579535954 2
1579535955 2
1579535956 2
1579535957 2
1579535958 2
1579535959 3
1579535960 2
1579535961 2
1579535962 2
1579535963 2
1579535964 2
1579535965 2
1579535966 2
1579535967 3
1579535968 2
1579535969 2
1579535970 2
1579535971 2
1579535972 2
1579535973 3
1579535974 4
1579535975 4
1579535976 3
1579535977 3
1579535978 3
1579535979 2
1579535980 2
1579535981 2
1579535982 2
1579535983 2
1579535984 3
1579535985 2
1579535986 2
1579535987 2
1579535988 2
1579535989 2
1579535990 2
1579535991 2
1579535992 2
1579535993 2
1579535994 2
1579535995 2
1579535996 2
1579535997 2
1579535998 2
1579535999 2
1579536000 2
1579536001 2
1579536002 2
1579536003 2
1579536004 2
1579536005 2
1579536006 2
1579536007 2
1579536008 2
1579536009 2
1579536010 2
1579536011 2
1579536012 2
1579536013 2
1579536014 2
1579536015 2
1579536016 2
1579536017 2
1579536018 2
1579536019 2
1579536020 2
1579536021 2
1579536022 2
1579536023 2
1579536024 2
1579536025 2
1579536026 2
1579536027 2
1579536028 2
1579536029 2
1579536030 2
1579536031 2
1579536032 2
1579536033 2
1579536034 2
1579536035 2
1579536036 2
1579536037 2
1579536038 2
1579536039 2
1579536040 2
1579536041 2
1579536042 2
1579536043 2
1579536044 2
1579536045 2
1579536046 2
1579536047 2
1579536048 2
1579536049 2
1579536050 2
1579536051 2
1579536052 2
1579536053 2
1579536054 2
1579536055 2
1579536056 2
1579536057 2
1579536058 2
1579536059 2
1579536060 2
1579536061 2
1579536062 2
1579536063 2
1579536064 2
1579536065 2
1579536066 2
1579536067 2
1579536068 2
1579536069 2
1579536070 2
1579536071 2
1579536072 2
1579536073 2
1579536074 2
1579536075 2
1579536076 2
1579536077 2
1579536078 2
1579536079 2
1579536080 2
1579536081 2
1579536082 2
1579536083 2
1579536084 2
1579536085 2
1579536086 2
1579536087 2
1579536088 2
1579536089 2
1579536090 2
1579536091 2
1579536092 2
1579536093 2
1579536094 2
1579536095 2
1579536096 2
1579536097 2
1579536098 2
1579536099 2
1579536100 2
1579536101 2
1579536102 2
1579536103 2
1579536104 2
1579536105 2
1579536106 2
1579536107 2
1579536108 2
1579536109 2
1579536110 2
1579536111 2
1579536112 2
1579536113 2
1579536114 2
1579536115 2
1579536116 2
1579536117 2
1579536118 2
1579536119 2
1579536120 2
1579536121 2
1579536122 2
1579536123 2
1579536124 2
1579536125 2
1579536126 2
1579536127 2
1579536128 2
1579536129 2
1579536130 2
1579536131 2
1579536132 2
1579536133 2
1579536134 2
1579536135 2
1579536136 2
1579536137 2
1579536138 2
1579536139 2
1579536140 3
1579536141 3
1579536142 2
1579536143 2
1579536144 2
1579536145 2
1579536146 2
1579536147 2
1579536148 2
1579536149 2
1579536150 2
1579536151 2
1579536152 2
1579536153 2
1579536154 2
1579536155 2
1579536156 2
1579536157 2
1579536158 2
1579536159 2
1579536160 2
1579536161 2
1579536162 2
1579536163 2
1579536164 2
1579536165 2
1579536166 2
1579536167 2
1579536168 2
1579536169 2
1579536170 2
1579536171 2
1579536172 2
1579536173 2
1579536174 2
1579536175 2
1579536176 2
1579536177 2
1579536178 2
1579536179 2
1579536180 2
1579536181 2
1579536182 2
1579536183 2
1579536184 2
1579536185 2
1579536186 2
1579536187 2
1579536188 2
1579536189 2
1579536190 2
1579536191 2
1579536192 2
1579536193 2
1579536194 2
1579536195 2
1579536196 2
1579536197 2
1579536198 2
1579536199 2
1579536200 2
1579536201 2
1579536202 2
1579536203 2
1579536204 2
1579536205 2
1579536206 2
1579536207 2
1579536208 2
1579536209 2
1579536210 2
1579536211 2
1579536212 2
1579536213 2
1579536214 2
1579536215 2
1579536216 2
1579536217 2
1579536218 2
1579536219 2
1579536220 2
1579536221 2
1579536222 2
1579536223 2
1579536224 2
1579536225 2
1579536226 2
1579536227 2
1579536228 2
1579536229 2
1579536230 2
1579536231 2
1579536232 2
1579536233 2
1579536234 2
1579536235 2
1579536236 2
1579536237 2
1579536238 2
1579536239 2
1579536240 2
1579536241 2
1579536242 2
1579536243 2
1579536244 2
1579536245 2
1579536246 2
1579536247 2
1579536248 2
1579536249 2
1579536250 2
1579536251 2
1579536252 2
1579536253 2
1579536254 2
1579536255 2
1579536256 2
1579536257 2
1579536258 2
1579536259 2
1579536260 2
1579536261 2
1579536262 2
1579536263 2
1579536264 2
1579536265 2
1579536266 2
1579536267 2
1579536268 2
1579536269 2
1579536270 2
1579536271 2
1579536272 2
1579536273 2
1579536274 2
1579536275 2
1579536276 2
1579536277 2
1579536278 2
1579536279 2
1579536280 2
1579536281 2
1579536282 2
1579536283 2
1579536284 2
1579536285 2
1579536286 2
1579536287 2
1579536288 2
1579536289 2
1579536290 2
1579536291 2
1579536292 2
1579536293 2
1579536294 2
1579536295 2
1579536296 2
1579536297 2
1579536298 2
1579536299 2
1579536300 2
1579536301 2
1579536302 2
1579536303 2
1579536304 2
1579536305 2
1579536306 2
1579536307 2
1579536308 2
1579536309 2
1579536310 2
1579536311 2
1579536312 2
1579536313 2
1579536314 2
1579536315 2
1579536316 2
1579536317 2
1579536318 2
1579536319 2
1579536320 2
1579536321 2
1579536322 2
1579536323 2
1579536324 2
1579536325 2
1579536326 2
1579536327 2
1579536328 2
1579536329 2
1579536330 2
1579536331 2
1579536332 2
1579536333 2
1579536334 2
1579536335 2
1579536336 2
1579536337 2
1579536338 2
1579536339 2
1579536340 2
1579536341 2
1579536342 2
1579536343 2
1579536344 2
1579536345 2
1579536346 2
1579536347 2
1579536348 2
1579536349 2
1579536350 2
1579536351 2
1579536352 2
1579536353 2
1579536354 2
1579536355 2
1579536356 2
1579536357 2
1579536358 2
1579536359 2
1579536360 2
1579536361 2
1579536362 2
1579536363 2
1579536364 2
1579536365 2
1579536366 2
1579536367 2
1579536368 2
1579536369 2
1579536370 2
1579536371 2
1579536372 2
1579536373 2
1579536374 2
1579536375 2
1579536376 2
1579536377 2
1579536378 2
1579536379 2
1579536380 2
1579536381 2
1579536382 2
1579536383 2
1579536384 2
1579536385 2
1579536386 2
1579536387 2
1579536388 2
1579536389 2
1579536390 2
1579536391 2
1579536392 2
1579536393 2
1579536394 2
1579536395 2
1579536396 2
1579536397 2
1579536398 2
1579536399 2
1579536400 2
1579536401 2
1579536402 2
1579536403 2
1579536404 2
1579536405 2
1579536406 2
1579536407 2
1579536408 2
1579536409 2
1579536410 2
1579536411 2
1579536412 2
1579536413 2
1579536414 2
1579536415 2
1579536416 2
1579536417 2
1579536418 2
1579536419 2
1579536420 2
1579536421 2
1579536422 2
1579536423 2
1579536424 2
1579536425 2
1579536426 2
1579536427 2
1579536428 2
1579536429 2
1579536430 2
1579536431 2
1579536432 2
1579536433 2
1579536434 2
1579536435 2
1579536436 2
1579536437 2
1579536438 2
1579536439 2
1579536440 2
1579536441 2
1579536442 2
1579536443 2
1579536444 2
1579536445 2
1579536446 2
1579536447 2
1579536448 2
1579536449 2
1579536450 2
1579536451 2
1579536452 2
1579536453 2
1579536454 2
1579536455 2
1579536456 2
1579536457 2
1579536458 2
1579536459 2
1579536460 2
1579536461 2
1579536462 2
1579536463 2
1579536464 2
1579536465 2
1579536466 2
1579536467 3
1579536468 3
1579536469 2
1579536470 2
1579536471 2
1579536472 2
1579536473 2
1579536474 3
1579536475 3
1579536476 3
1579536477 4
1579536478 3
1579536479 3
1579536480 4
1579536481 4
1579536482 4
1579536483 3
1579536484 3
1579536485 3
1579536486 3
1579536487 2
1579536488 2
1579536489 2
1579536490 2
1579536491 2
1579536492 2
1579536493 2
1579536494 2
1579536495 2
1579536496 2
1579536497 2
1579536498 2
1579536499 2
1579536500 2
1579536501 3
1579536502 4
1579536503 4
1579536844 3
1579536845 3
1579536846 3
1579536847 3
1579536848 2
1579536849 2
1579536850 2
1579536851 2
1579536852 3
1579536853 3
1579536854 3
1579536855 4
1579536856 4
1579536857 6
1579536858 5
1579536859 2
1579536860 4
1579536861 3
1579536862 3
1579536863 3
1579536864 3
1579536865 3
1579536866 2
1579536867 2
1579536868 1
1579536870 1
1579536871 1
1579536872 2
1579536873 2
1579536874 2
1579536875 2
1579536876 2
1579536877 1
1579536878 1
1579536879 1
1579536880 1
1579536881 2
1579536882 2
1579536883 4
1579536884 2
1579536885 2
1579536886 2
1579536887 2
1579536888 2
1579536889 2
1579536890 2
1579536891 2
1579536892 2
1579536893 3
1579536894 3
1579536895 3
1579536896 3
1579536897 3
1579536898 3
1579536899 3
1579536900 3
1579536901 3
1579536902 4
1579536903 3
1579536904 3
1579536905 4
1579536906 3
1579536907 3
1579536908 3
1579536909 2
1579536910 2
1579536911 2
1579536912 2
1579536913 2
1579536914 2
1579536915 3
1579536916 2
1579536917 2
1579536918 3
1579536919 2
1579536920 2
1579536921 2
1579536922 2
1579536923 2
1579536924 1
1579536925 2
1579536926 4
1579536927 3
1579536928 4
1579536929 5
1579536930 3
1579536931 2
1579536932 4
1579536933 3
1579536934 4
1579536935 4
1579536936 4
1579536937 5
1579536938 5
1579536939 4
1579536940 3
1579536941 2
1579536942 4
1579536943 4
1579536944 3
1579536945 3
1579536946 3
1579536947 3
1579536948 3
1579536949 3
1579536950 3
1579536951 3
1579536952 3
1579536953 3
1579536954 2
1579536955 2
1579536956 2
1579536957 2
1579536958 3
1579536959 3
1579536960 3
1579536961 2
1579536962 2
1579536963 3
1579536964 2
1579536965 2
1579536966 2
1579536967 2
1579536968 2
1579536969 2
1579536970 2
1579536971 2
1579536972 4
1579536973 4
1579536974 4
1579536975 3
1579536976 4
1579536977 2
1579536978 2
1579536979 2
1579536980 2
1579536981 2
1579536982 2
1579536983 2
1579536984 2
1579536985 3
1579536986 2
1579536987 4
1579536988 4
1579536989 2
1579536990 2
1579536991 2
1579536992 2
1579536993 2
1579536994 2
1579536995 2
1579536996 2
1579536997 2
1579536998 3
1579536999 2
1579537000 4
1579537001 4
1579537002 4
1579537003 4
1579537004 2
1579537005 2
1579537006 2
1579537007 2
1579537008 2
1579537009 2
1579537010 2
1579537011 2
1579537012 2
1579537013 2
1579537014 2
1579537015 3
1579537016 2
1579537017 2
1579537018 2
1579537019 2
1579537020 2
1579537021 2
1579537022 2
1579537023 2
1579537024 2
1579537025 2
1579537026 2
1579537027 2
1579537028 3
1579537029 2
1579537030 4
1579537031 4
1579537032 4
1579537033 5
1579537034 3
1579537035 2
1579537036 2
1579537037 2
1579537038 2
1579537039 2
1579537040 2
1579537041 3
1579537042 3
1579537043 2
1579537044 2
1579537045 2
1579537046 3
1579537047 2
1579537048 2
1579537049 2
1579537050 2
1579537051 2
1579537052 3
1579537053 3
1579537054 3
1579537055 3
1579537056 4
1579537057 4
1579537058 5
1579537059 4
1579537060 4
1579537061 4
1579537062 4
1579537063 3
1579537064 2
1579537065 2
1579537066 2
1579537067 2
1579537068 2
1579537069 2
1579537070 2
1579537071 2
1579537072 2
1579537073 2
1579537074 2
1579537075 2
1579537076 2
1579537077 2
1579537078 2
1579537079 3
1579537080 4
1579537081 4
