1574710750 5
1574710751 5
1574710752 6
1574710753 5
1574710754 5
1574710755 5
1574710756 5
1574710757 4
1574710758 4
1574710759 5
1574710760 4
1574710761 3
1574710762 3
1574710763 3
1574710764 3
1574710765 3
1574710766 2
1574710767 2
1574710768 2
1574710769 2
1574710770 3
1574710771 3
1574710772 2
1574710773 2
1574710774 2
1574710775 3
1574710776 2
1574710777 2
1574710778 2
1574710779 2
1574710780 2
1574710781 2
1574710782 3
1574710783 2
1574710784 4
1574710785 4
1574710786 4
1574710787 5
1574710788 2
1574710789 2
1574710790 2
1574710791 2
1574710792 2
1574710793 2
1574710794 2
1574710795 2
1574710796 2
1574710797 3
1574710798 2
1574710799 4
1574710800 3
1574710801 2
1574710802 2
1574710803 2
1574710804 2
1574710805 2
1574710806 2
1574710807 2
1574710808 2
1574710809 2
1574710810 2
1574710811 2
1574710812 3
1574710813 4
1574710814 4
1574710815 4
1574710816 2
1574710817 2
1574710818 2
1574710819 2
1574710820 2
1574710821 2
1574710822 2
1574710823 2
1574710824 2
1574710825 2
1574710826 2
1574710827 2
1574710828 3
1574710829 2
1574710830 2
1574710831 2
1574710832 2
1574710833 2
1574710834 2
1574710835 2
1574710836 2
1574710837 2
1574710838 2
1574710839 2
1574710840 2
1574710841 3
1574710842 2
1574710843 4
1574710844 4
1574710845 4
1574710846 3
1574710847 3
1574710848 2
1574710849 2
1574710850 2
1574710851 2
1574710852 2
1574710853 2
1574710854 3
1574710855 2
1574710856 3
1574710857 2
1574710858 4
1574710859 4
1574710860 3
1574710861 2
1574710862 2
1574710863 2
1574710864 2
1574710865 2
1574710866 3
1574710867 3
1574710868 3
1574710869 4
1574710870 3
1574710871 4
1574710872 4
1574710873 4
1574710874 4
1574710875 4
1574710876 4
1574710877 3
1574710878 3
1574710879 2
1574710880 2
1574710881 2
1574710882 2
1574710883 2
1574710884 2
1574710885 2
1574710886 2
1574710887 2
1574710888 2
1574710889 2
1574710890 2
1574710891 2
1574710892 2
1574710893 4
1574710894 5
1574710895 5
