1571395879 3
1571395880 4
1571395881 3
1571395882 5
1571395883 5
1571396075 4
1571396076 5
1571396077 5
1571396078 5
1571396079 6
1571396457 3
1571396458 3
1571396459 3
1571396460 3
1571396461 3
1571396462 3
1571396463 2
1571396464 2
1571396465 2
1571396466 2
1571396467 2
1571396468 2
1571396469 2
1571396470 2
1571396471 2
1571396472 4
1571396473 4
1571396474 6
1571396475 6
1571396476 5
1571396656 3
1571396657 3
1571396658 4
1571396659 3
1571396660 3
1571396661 3
1571396662 4
1571396663 4
1571396664 4
1571396665 4
1571396666 3
1571396667 2
1571396668 2
1571396669 2
1571396670 3
1571396671 4
1571396672 5
1571396673 6
1571396674 6
1571396869 3
1571396870 4
1571396871 4
1571396872 4
1571396873 4
1571396874 5
1571396875 6
1571396876 5
1571396877 5
1571396878 4
1571396879 4
1571396880 4
1571396881 5
1571396882 5
1571396883 3
1571396884 3
1571396885 5
1571396886 4
1571396887 4
1571396888 5
1571396889 3
1571396890 3
1571396891 5
1571396892 5
1571396893 4
1571396894 4
1571396895 3
1571396896 3
1571396897 4
1571396898 4
1571396899 5
1571396900 6
1571396901 5
1571396902 7
1571397083 3
1571397084 3
1571397085 3
1571397086 3
1571397087 3
1571397088 3
1571397089 3
1571397090 3
1571397091 3
1571397092 3
1571397093 3
1571397094 2
1571397095 2
1571397096 2
1571397097 3
1571397098 3
1571397099 4
1571397100 6
1571397101 6
1571397102 6
1571397302 4
1571397303 4
1571397304 5
1571397305 6
1571397306 6
1571397500 4
1571397501 4
1571397502 4
1571397503 6
1571397504 6
1571397697 3
1571397698 4
1571397699 3
1571397700 5
1571397701 5
1571404944 2
1571404945 4
1571404946 3
1571404947 5
1571404948 5
1571404949 6
1571405144 2
1571405145 4
1571405146 4
1571405147 6
1571405148 6
1571405149 5
1571405542 3
1571405543 3
1571405544 3
1571405545 5
1571405546 5
1571405547 5
1571405548 5
1571405549 5
1571405550 8
1571405551 7
1571405552 6
1571405553 6
1571405554 6
1571405555 5
1571405556 5
1571405557 5
1571405558 5
1571405559 5
1571405560 5
1571405561 5
1571405562 5
1571405563 5
1571405564 5
1571405565 5
1571405566 5
1571405567 5
1571405568 5
1571405569 5
1571405570 5
1571405571 5
1571405572 5
1571405573 5
1571405759 3
1571405760 3
1571405761 3
1571405762 3
1571405763 3
1571405764 3
1571405765 4
1571405766 4
1571405767 4
1571405768 3
1571405769 3
1571405770 3
1571405771 2
1571405772 2
1571405773 2
1571405774 4
1571405775 4
1571405776 6
1571405777 6
1571408963 4
1571408964 4
1571408965 7
1571408966 6
1571408967 6
1571409796 4
1571409797 3
1571409798 4
1571409799 4
1571409800 4
1571409801 3
1571409802 3
1571409803 3
1571409804 3
1571409805 3
1571409806 2
1571409807 2
1571409808 2
1571409809 2
1571409810 3
1571409811 4
1571409812 4
1571409813 6
1571409814 6
1571409815 6
