1571752009 3
1571752010 3
1571752011 2
1571752012 2
1571752204 2
1571752205 2
1571752206 2
1571752207 2
1571752403 2
1571752404 1
1571752405 2
1571752406 2
1571752407 2
1571752608 4
1571752609 3
1571752610 3
1571752611 2
1571753591 3
1571753592 3
1571753593 2
1571753594 2
1571753788 3
1571753789 3
1571753790 3
1571753791 2
1571760146 3
1571760147 3
1571760148 3
1571760149 2
1571760341 3
1571760342 3
1571760343 3
1571760344 3
1571760545 3
1571760546 3
1571760547 2
1571760548 2
1571760549 2
1571761152 2
1571761153 2
1571761154 2
1571761350 4
1571761351 3
1571761352 2
1571761353 2
1571761354 2
1571761545 4
1571761546 4
1571761547 3
1571761548 2
1571761549 2
