1575112787 2
1575112788 2
1575112789 2
1575112790 2
1575112791 2
1575112792 2
1575112948 2
1575112949 2
1575112950 2
1575112951 2
1575112952 2
1575112953 2
1575113110 2
1575113111 2
1575113112 2
1575113113 2
1575113114 2
1575113115 2
1575113271 2
1575113272 2
1575113273 2
1575113274 2
1575113275 2
1575113428 2
1575113429 2
1575113430 2
1575113431 2
1575113432 2
1575113433 2
1575113588 2
1575113589 2
1575113590 2
1575113591 2
1575113592 2
1575113593 2
1575113746 2
1575113747 2
1575113748 2
1575113749 2
1575113750 2
1575113903 2
1575113904 2
1575113905 2
1575113906 2
1575113907 2
1575113908 2
1575114060 2
1575114061 2
1575114062 2
1575114063 2
1575114064 2
1575114065 2
1575114228 2
1575114229 2
1575114230 2
1575114231 2
1575114232 2
1575114233 2
1575114398 2
1575114399 2
1575114400 2
1575114401 2
1575114402 2
1575114701 2
1575114702 2
1575114703 2
1575114704 2
1575114705 2
1575114706 2
1575115011 2
1575115012 2
1575115013 2
1575115014 2
1575115015 2
1575115016 2
1575115321 2
1575115322 2
1575115323 2
1575115324 2
1575115325 2
1575115629 2
1575115630 2
1575115631 2
1575115632 2
1575115633 2
1575115634 2
1575115944 2
1575115945 2
1575115946 2
1575115947 2
1575115948 2
1575115949 2
1575116255 2
1575116256 2
1575116257 2
1575116258 2
1575116259 2
1575116260 2
1575116567 2
1575116568 2
1575116569 2
1575116570 2
1575116571 2
1575116572 2
1575116874 2
1575116875 2
1575116876 2
1575116877 2
1575116878 2
1575116879 2
1575117182 2
1575117183 2
1575117184 2
1575117185 2
1575117186 2
1575117187 2
1575120203 2
1575120204 2
1575120205 2
1575120206 2
1575120207 2
1575120208 2
1575120209 2
1575120766 2
1575120767 2
1575120768 2
1575120769 2
1575120770 2
1575120771 2
1575121326 2
1575121327 2
1575121328 2
1575121329 2
1575121330 2
1575122388 2
1575122389 2
1575122390 2
1575122391 2
1575122392 2
1575122393 2
1575122947 2
1575122948 2
1575122949 2
1575122950 2
1575122951 2
1575122952 2
1575123503 2
1575123504 2
1575123505 2
1575123506 2
1575123507 2
1575123508 2
1575124063 2
1575124064 2
1575124065 2
1575124066 2
1575124067 2
1575124068 2
1575124617 2
1575124618 2
1575124619 2
1575124620 2
1575124621 2
1575124622 2
1575125183 2
1575125184 2
1575125185 2
1575125186 2
1575125187 2
1575125188 2
1575125752 2
1575125753 2
1575125754 2
1575125755 2
1575125756 2
1575125757 2
