1581937976 3
1581937977 4
1581937978 5
1581937979 6
1581937980 4
1581937981 4
1581937982 3
1581937983 1
1581938621 4
1581938622 5
1581938623 5
1581938624 5
1581938625 5
1581938626 4
1581938627 2
1581938628 2
1581938629 3
1581938886 3
1581938887 3
1581938888 3
1581938889 3
1581938890 2
1581938891 4
1581938892 5
1581938893 6
1581938894 5
1581938895 5
1581938896 3
1581938897 3
1581938898 5
1581938899 5
1581938900 6
1581938901 6
1581938902 7
1581938903 7
1581938904 6
1581938905 6
1581938906 6
1581938907 6
1581938908 4
1581938909 4
1581938910 4
1581938911 5
1581938912 3
1581938913 5
1581938914 4
1581938915 4
1581938916 5
1581938917 5
1581938918 4
1581938919 4
1581938920 4
1581938921 4
1581938922 3
1581938923 3
1581938924 4
1581938925 4
1581938926 3
1581938927 3
1581938928 2
1581938929 2
1581938930 2
1581939264 4
1581939265 3
1581939266 5
1581939267 5
1581939268 4
1581939269 4
1581939270 3
1581939271 3
1581939272 4
1581942666 3
1581942667 4
1581942668 4
1581942669 5
1581942670 4
1581942671 4
1581942672 4
1581942673 4
1581942674 3
1581942675 1
1581944841 3
1581944842 2
1581944843 2
1581944844 2
1581944845 2
1581944846 3
1581944847 4
1581944848 4
1581944849 5
1581944850 5
1581944851 4
1581944852 4
1581944853 4
1581944854 3
1581944855 3
1581944856 5
1581944857 4
1581944858 3
1581944859 3
1581944860 3
1581944861 3
1581944862 3
1581944863 3
1581944864 3
1581944865 3
1581944866 3
1581944867 2
1581944868 2
1581944869 2
1581944870 2
1581944871 3
1581944872 3
1581944873 2
1581944874 2
1581944875 3
1581944876 2
1581944877 3
1581944878 3
1581944879 2
1581944880 2
1581944881 2
1581944882 2
1581944883 3
1581944884 2
1581944885 4
1581944886 4
1581944887 4
1581944888 3
1581944889 3
1581944890 2
1581944891 2
1581944892 2
1581944893 2
1581944894 2
1581944895 2
1581944896 2
1581944897 3
1581944898 2
1581944899 2
1581944900 2
1581944901 2
1581944902 2
1581944903 3
1581944904 3
1581944905 2
1581944906 3
1581944907 2
1581944908 2
1581944909 2
1581944910 2
1581944911 2
1581944912 3
1581944913 2
1581944914 4
1581944915 4
1581944916 4
1581944917 3
1581944918 3
1581944919 2
1581944920 2
1581944921 2
1581944922 2
1581944923 2
1581944924 2
1581944925 2
1581944926 2
1581944927 2
1581944928 2
1581944929 3
1581944930 2
1581944931 2
1581944932 2
1581944933 2
1581944934 2
1581944935 2
1581944936 2
1581944937 2
1581944938 2
1581944939 2
1581944940 2
1581944941 2
1581944942 3
1581944943 2
1581944944 4
1581944945 4
1581944946 4
1581944947 3
1581944948 3
1581944949 2
1581944950 2
1581944951 2
1581944952 2
1581944953 2
1581944954 3
1581944955 3
1581944956 2
1581944957 2
1581944958 2
1581944959 2
1581944960 3
1581944961 2
1581944962 2
1581944963 2
1581944964 2
1581944965 2
1581944966 3
1581944967 3
1581944968 3
1581944969 3
1581944970 4
1581944971 4
1581944972 3
1581944973 4
1581944974 4
1581944975 4
1581944976 4
1581944977 3
1581944978 2
1581944979 2
1581944980 2
1581944981 2
1581944982 2
1581944983 2
1581944984 2
1581944985 2
1581944986 2
1581944987 2
1581944988 2
1581944989 2
1581944990 2
1581944991 2
1581944992 2
1581944993 2
1581944994 3
1581944995 4
1581944996 4
1581944997 4
1581944998 4
1581944999 4
1581945000 4
1581945001 4
1581945002 4
1581945003 4
1581945004 4
1581945005 4
1581945006 4
1581945007 4
1581945008 4
1581945009 4
1581945010 4
1581945011 4
1581945012 4
1581945013 4
1581945014 4
1581945015 4
1581945016 4
1581945017 4
1581945018 4
1581945019 3
1581945020 4
1581945021 4
1581945022 4
1581945023 4
1581945024 4
1581945025 3
1581945026 3
1581945027 2
1581945028 2
1581945029 2
1581945030 2
1581945031 2
1581945032 2
1581945033 2
1581945034 2
1581945035 2
1581945036 2
1581945037 2
1581945038 2
1581945039 2
1581945040 2
1581945041 2
1581945042 2
1581945043 2
1581945044 2
1581945045 2
1581945046 2
1581945047 2
1581945048 2
1581945049 2
1581945050 2
1581945051 2
1581945052 2
1581945053 2
1581945054 2
1581945055 4
1581945056 4
1581945057 5
1581945058 4
1581945059 4
1581945060 4
1581945061 4
1581945062 3
1581945063 3
1581945064 3
1581945065 3
1581945066 3
1581945067 3
1581945068 2
1581945069 2
1581945070 2
1581945071 2
1581945072 3
1581945073 3
1581945074 2
1581945075 3
1581945076 2
1581945077 2
1581945078 2
1581945079 2
1581945080 2
1581945081 2
1581945082 2
1581945083 2
1581945084 2
1581945085 5
1581945086 4
1581945087 4
1581945088 2
1581945089 2
1581945090 2
1581945091 2
1581945092 2
1581945093 1
1581945094 2
1581945095 2
1581945096 2
1581945097 2
1581945098 2
1581945099 2
1581945100 2
1581945101 3
1581945102 2
1581945103 2
1581945104 2
1581945105 3
1581945106 2
1581945107 2
1581945108 2
1581945109 2
1581945110 2
1581945111 2
1581945112 2
1581945113 2
1581945114 2
1581945115 2
1581945116 2
1581945117 2
1581945118 4
1581945119 4
1581945120 4
1581945121 5
1581945122 3
1581945123 3
1581945124 2
1581945125 2
1581945126 2
1581945127 2
1581945128 2
1581945129 2
1581945130 2
1581945131 2
1581945132 2
1581945133 3
1581945134 2
1581945135 2
1581945136 2
1581945137 2
1581945138 2
1581945139 2
1581945140 2
1581945141 2
1581945142 2
1581945143 2
1581945144 2
1581945145 2
1581945146 3
1581945147 4
1581945148 4
1581945149 4
1581945150 2
1581945151 2
1581945152 2
1581945153 2
1581945154 2
1581945155 2
1581945156 3
1581945157 3
1581945158 2
1581945159 3
1581945160 2
1581945161 3
1581945162 3
1581945163 2
1581945164 2
1581945165 2
1581945166 2
1581945167 2
1581945168 2
1581945169 3
1581945170 3
1581945171 3
1581945172 4
1581945173 4
1581945174 4
1581945175 4
1581945176 4
1581945177 4
1581945178 5
1581945179 5
1581945180 4
1581945181 3
1581945182 4
1581945183 4
1581945184 5
1581945185 4
1581945186 4
1581945187 4
1581945188 3
1581945189 2
1581945190 2
1581945191 2
1581945192 2
1581945193 2
1581945194 3
1581945195 3
1581945196 2
1581945197 1
1581945198 2
1581946140 2
1581946141 2
1581946142 3
1581946143 3
1581946144 3
1581946145 3
1581946146 3
1581946147 1
1581946148 2
1581947604 2
1581947605 3
1581947606 4
1581947607 4
1581947608 4
1581947609 3
1581947610 2
1581947611 1
1581948196 2
1581948197 2
1581948198 2
1581948199 3
1581948200 3
1581948201 3
1581948202 3
1581948203 1
1581948204 2
