1582886231 2
1582886232 2
1582886233 1
1582886234 2
1582886235 3
1582886236 3
1582886237 4
1582886238 4
1582886239 4
1582886240 3
1582886241 3
1582886242 4
1582886243 6
1582886244 5
1582886245 5
1582886246 5
1582886247 6
1582886248 5
1582886249 5
1582886250 5
1582886251 6
1582886252 5
1582886253 3
1582886254 3
1582886255 4
1582886256 3
1582886257 3
1582886258 3
1582886259 4
1582886260 4
1582886261 4
1582886262 4
1582886263 2
1582886264 1
1582886265 2
1582886266 2
1582886267 2
1582886268 2
1582886269 3
1582886270 3
1582886271 3
1582886272 1
1582886273 2
1582886554 2
1582886555 2
1582886556 2
1582886557 3
1582886558 3
1582886559 3
1582886560 1
1582886561 1
1582886850 2
1582886851 2
1582886852 3
1582886853 3
1582886854 3
1582886855 2
1582886856 2
1582886857 2
1582887102 2
1582887103 2
1582887104 2
1582887105 3
1582887106 3
1582887107 3
1582887108 3
1582887109 4
1582887110 4
1582887111 3
1582887112 3
1582887113 2
1582887114 2
1582887115 4
1582887116 5
1582887117 5
1582887118 5
1582887119 5
1582887120 5
1582887121 5
1582887122 5
1582887123 5
1582887124 5
1582887125 4
1582887126 4
1582887127 4
1582887128 4
1582887129 4
1582887130 4
1582887131 5
1582887132 4
1582887133 6
1582887134 4
1582887135 4
1582887136 3
1582887137 4
1582887138 4
1582887139 3
1582887140 3
1582887141 4
1582887142 4
1582887143 4
1582887144 3
1582887145 3
1582887146 3
1582887428 2
1582887429 2
1582887430 3
1582887431 3
1582887432 3
1582887433 3
1582887434 2
1582887435 2
1582888004 2
1582888005 2
1582888006 3
1582888007 4
1582888008 3
1582888009 3
1582888010 3
1582888011 2
1582888012 2
1582888291 2
1582888292 2
1582888293 3
1582888294 3
1582888295 3
1582888296 3
1582888297 2
1582888298 2
1582888579 2
1582888580 2
1582888581 2
1582888582 3
1582888583 3
1582888584 3
1582888585 2
1582888586 1
1582888587 2
1582888940 2
1582888941 3
1582888942 3
1582888943 3
1582888944 3
1582888945 3
1582888946 2
1582888947 2
1582888948 2
