1573300433 2
1573300434 2
1573300435 2
1573300436 2
1573300437 2
1573300438 2
1573300439 2
1573300440 2
1573300441 2
1573300442 2
1573300443 2
1573300444 2
1573300445 2
1573300446 2
1573300447 2
1573300448 2
1573300449 2
1573300450 2
1573300451 2
1573300452 2
1573300453 2
1573300454 2
1573300455 2
1573300456 2
1573300457 2
1573300458 2
1573300459 2
1573300460 2
1573300461 2
1573300462 2
1573300463 2
1573300464 2
1573300465 2
1573300466 2
1573300467 2
1573300468 2
1573300469 2
1573300470 2
1573300471 2
1573300472 2
1573300473 2
1573300474 2
1573300475 2
1573300476 2
1573300477 2
1573300478 2
1573300479 2
1573300480 2
1573300481 2
1573300482 2
1573300483 2
1573300484 2
1573300485 2
1573300486 2
1573300487 2
1573300488 2
1573300489 2
1573300490 2
1573300491 2
1573300492 2
1573300493 2
1573300494 2
1573300495 2
1573300496 2
1573300497 2
1573300498 2
1573300499 2
1573300500 2
1573300501 2
1573300502 2
1573300503 2
1573300504 2
1573300505 2
1573300506 2
1573300507 2
1573300508 2
1573300509 2
1573300510 2
1573300511 2
1573300512 2
1573300513 2
1573300514 2
1573300515 2
1573300516 2
1573300517 2
1573300518 2
1573300519 2
1573300520 2
1573300521 2
1573300522 2
1573300523 2
1573300524 2
1573300525 2
1573300526 2
1573300527 2
1573300528 2
1573300529 2
1573300530 2
1573300531 2
1573300532 2
1573300533 2
1573300534 2
1573300535 2
1573300536 2
1573300537 2
1573300538 2
1573300539 2
1573300540 2
1573300541 2
1573300542 2
1573300543 2
1573300544 2
1573300545 2
1573300546 2
1573300547 2
1573300548 2
1573300549 2
1573300550 2
1573300551 2
1573300552 2
1573300553 2
1573300554 2
1573300555 2
1573300556 2
1573300557 2
1573300558 2
1573300559 2
1573300560 2
1573300561 2
1573300562 2
1573300563 2
1573300564 2
1573300565 2
1573300566 2
1573300567 2
1573300568 2
1573300569 2
1573300570 2
1573300571 2
1573300572 2
1573300573 2
1573300574 2
1573300575 2
1573300576 2
1573300577 2
1573300578 2
1573300579 2
1573300580 2
1573300581 2
1573300582 2
1573300583 2
1573300584 2
1573300585 2
1573300586 2
1573300587 2
1573300588 2
1573300589 2
1573300590 2
1573300591 2
1573300592 2
1573300593 2
1573300594 2
1573300595 2
1573300596 2
1573300597 2
1573300598 2
1573300599 2
1573300600 2
1573300601 2
1573300602 2
1573300603 2
1573300604 2
1573300605 2
1573300606 2
1573300607 2
1573300608 2
1573300609 2
1573300610 2
1573300611 2
1573300612 2
1573300613 2
1573300614 2
1573300615 2
1573300616 2
1573300617 2
1573300618 2
1573300619 2
1573300620 2
1573300621 2
1573300622 2
1573300623 2
1573300624 2
1573300625 2
1573300626 2
1573300627 2
1573300628 2
1573300629 2
1573300630 2
1573300631 2
1573300632 2
1573300633 2
1573300634 2
1573300635 2
1573300636 2
1573300637 2
1573300638 2
1573300639 2
1573300640 2
1573300641 2
1573300642 2
1573300643 2
1573300644 2
1573300645 2
1573300646 2
1573300647 2
1573300648 2
1573300649 2
1573300650 2
1573300651 2
1573300652 2
1573300653 2
1573300654 2
1573300655 2
1573300656 2
1573300657 2
1573300658 2
1573300659 2
1573300660 2
1573300661 2
1573300662 2
1573300663 2
1573300664 2
1573300665 2
1573300666 2
1573300667 2
1573300668 2
1573300669 2
1573300670 2
1573300671 2
1573300672 2
1573300673 2
1573300674 2
1573300675 2
1573300676 2
1573300677 2
1573300678 2
1573300679 2
1573300680 2
1573300681 2
1573300682 2
1573300683 2
1573300684 2
1573300685 2
1573300686 2
1573300687 2
1573300688 2
1573300689 2
1573300690 2
1573300691 2
1573300692 2
1573300693 2
1573300694 2
1573300695 2
1573300696 2
1573300697 2
1573300698 2
1573300699 2
1573300700 2
1573300701 2
1573300702 2
1573300703 2
1573300704 2
1573300705 2
1573300706 2
1573300707 2
1573300708 2
1573300709 2
1573300710 2
1573300711 2
1573300712 2
1573300713 2
1573300714 2
1573300715 2
1573300716 2
1573300717 2
1573300718 2
1573300719 2
1573300720 2
1573300721 2
1573300722 2
1573300723 2
1573300724 2
1573300725 2
1573300726 2
1573300727 2
1573300728 2
1573300729 2
1573300730 2
1573300731 2
1573300732 2
1573300733 2
1573300734 2
1573300735 2
1573300736 2
1573300737 2
1573300738 2
1573300739 2
1573300740 2
1573300741 2
1573300742 2
1573300743 1
1573300744 1
1573300745 1
1573300746 1
1573300747 1
1573300748 1
1573300749 1
1573300750 1
1573300751 1
1573300752 1
1573300753 1
1573300754 1
1573300755 1
1573300756 1
1573300757 1
1573300758 1
1573300759 1
1573300760 1
1573300761 1
1573300762 1
1573300763 1
1573300764 1
1573300765 1
1573300766 1
1573300767 1
1573300768 1
1573300769 1
1573300770 1
1573300771 1
1573300772 1
1573300773 1
1573300774 1
1573300775 1
1573300776 1
1573300777 1
1573300778 1
1573300779 1
1573300780 1
1573300781 1
1573300782 1
1573300783 1
1573300784 1
1573300785 1
1573300786 1
1573300787 1
1573300788 1
1573300789 1
1573300790 1
1573300791 1
1573300792 1
1573300793 1
1573300794 1
1573300795 1
1573300796 1
1573300797 1
1573300798 1
1573300799 1
1573300800 1
1573300801 1
1573300802 1
1573300803 1
1573300804 1
1573300805 1
1573300806 1
1573300807 1
1573300808 1
1573300809 1
1573300810 1
1573300811 1
1573300812 1
1573300813 1
1573300814 1
1573300815 1
1573300816 1
1573300817 1
1573300818 1
1573300819 1
1573300820 1
1573300821 1
1573300822 1
1573300823 1
1573300824 1
1573300825 1
1573300826 1
1573300827 1
1573300828 1
1573300829 1
1573300830 1
1573300831 1
1573300832 1
1573300833 1
1573300834 1
1573300835 1
1573300836 1
1573300837 1
1573300838 1
1573300839 1
1573300840 1
1573300841 1
1573300842 1
1573300843 1
1573300844 1
1573300845 1
1573300846 1
1573300847 1
1573300848 1
1573300849 1
1573300850 1
1573300851 1
1573300852 1
1573300853 1
1573300854 1
1573300855 1
1573300856 1
1573300857 1
1573300858 1
1573300859 1
1573300860 2
1573300861 2
1573300862 2
1573300863 2
1573300864 2
1573300865 2
1573300866 2
1573300867 3
1573300868 2
1573300869 3
1573300870 4
1573300871 3
1573300872 3
1573300873 3
1573300874 3
1573300875 2
1573300876 2
1573300877 2
1573300878 2
1573300879 2
1573300880 2
1573300881 2
1573300882 2
1573300883 2
1573300884 2
1573300885 2
1573300886 2
1573300887 2
1573300888 2
1573300889 2
1573300890 2
1573300891 2
1573300892 3
1573300893 2
1573300894 2
1573300895 2
1573300896 2
1573300897 2
1573300898 2
1573300899 2
1573300900 2
1573300901 2
1573300902 2
1573300903 2
1573300904 2
1573300905 2
1573300906 2
1573300907 2
1573300908 2
1573300909 2
1573300910 2
1573300911 2
1573300912 2
1573300913 2
1573300914 2
1573300915 2
1573300916 2
1573300917 2
1573300918 2
1573300919 2
1573300920 2
1573300921 2
1573300922 2
1573300923 2
1573300924 2
1573300925 2
1573300926 2
1573300927 2
1573300928 2
1573300929 2
1573300930 2
1573300931 2
1573300932 2
1573300933 2
1573300934 2
1573300935 2
1573300936 2
1573300937 2
1573300938 2
1573300939 2
1573300940 2
1573300941 2
1573300942 2
1573300943 2
1573300944 2
1573300945 3
1573300946 3
1573300947 2
1573300948 2
1573300949 2
1573300950 2
1573300951 2
1573300952 2
1573300953 2
1573300954 2
1573300955 2
1573300956 2
1573300957 2
1573300958 2
1573300959 2
1573300960 2
1573300961 2
1573300962 2
1573300963 2
1573300964 2
1573300965 2
1573300966 2
1573300967 2
1573300968 2
1573300969 2
1573300970 2
1573300971 2
1573300972 2
1573300973 2
1573300974 2
1573300975 2
1573300976 2
1573300977 2
1573300978 2
1573300979 2
1573300980 2
1573300981 2
1573300982 2
1573300983 2
1573300984 2
1573300985 2
1573300986 2
1573300987 2
1573300988 2
1573300989 2
1573300990 2
1573300991 2
1573300992 2
1573300993 2
1573300994 2
1573300995 2
1573300996 2
1573300997 2
1573300998 2
1573300999 2
1573301000 2
1573301001 2
1573301002 2
1573301003 2
1573301004 2
1573301005 2
1573301006 2
1573301007 2
1573301008 2
1573301009 2
1573301010 2
1573301011 2
1573301012 2
1573301013 2
1573301014 2
1573301015 2
1573301016 2
1573301017 2
1573301018 2
1573301019 2
1573301020 2
1573301021 2
1573301022 2
1573301023 2
1573301024 2
1573301025 2
1573301026 2
1573301027 2
1573301028 2
1573301029 2
1573301030 2
1573301031 2
1573301032 2
1573301033 2
1573301034 2
1573301035 2
1573301036 2
1573301037 2
1573301038 2
1573301039 2
1573301040 2
1573301041 2
1573301042 2
1573301043 2
1573301044 2
1573301045 2
1573301046 2
1573301047 2
1573301048 2
1573301049 2
1573301050 2
1573301051 2
1573301052 2
1573301053 2
1573301054 2
1573301055 2
1573301056 2
1573301057 2
1573301058 2
1573301059 2
1573301060 2
1573301061 2
1573301062 2
1573301063 3
1573301064 3
1573301065 2
1573301066 1
1573301067 2
1573301068 3
1573301069 3
1573301070 2
1573301071 2
1573301072 2
1573301073 2
1573301074 3
1573301075 3
1573301076 5
1573301077 5
1573301078 6
1573301079 5
1573301080 5
1573301081 4
1573301082 3
1573301083 2
1573301084 2
1573301085 2
1573301086 2
1573301087 2
1573301088 2
1573301089 2
1573301090 2
1573301091 2
1573301092 2
1573301093 2
1573301094 2
1573301095 3
1573301096 2
1573301097 2
1573301098 2
1573301099 2
1573301100 2
1573301101 2
1573301102 2
1573301103 2
1573301104 2
1573301105 2
1573301106 2
1573301107 2
1573301108 2
1573301109 2
1573301110 2
1573301111 2
1573301112 2
1573301113 2
1573301114 2
1573301115 2
1573301116 3
1573301117 3
1573301118 3
1573301119 3
1573301120 3
1573301121 3
1573301122 3
1573301123 3
1573301124 3
1573301125 3
1573301126 3
1573301127 2
1573301128 2
1573301129 2
1573301130 2
1573301131 4
1573301132 4
1573301133 4
1573301134 5
1573301135 7
1573301136 6
1573301137 4
1573301138 5
1573301139 6
1573301140 4
1573301141 3
1573301142 6
1573301143 6
1573301144 6
1573301145 8
1573301146 4
1573301147 4
1573301148 2
1573301149 2
1573301150 2
1573301151 3
1573301152 4
1573301153 4
1573301154 4
1573301155 3
1573301156 4
1573301157 3
1573301158 4
1573301159 4
1573301160 4
1573301161 3
1573301162 2
1573301163 2
1573301164 2
1573301165 2
1573301166 2
1573301167 2
1573301168 2
1573301169 2
1573301170 2
1573301171 2
1573301172 2
1573301173 2
1573301174 2
1573301175 2
1573301176 2
1573301177 2
1573301178 2
1573301179 2
1573301180 2
1573301181 2
1573301182 2
1573301183 2
1573301184 3
1573301185 2
1573301186 2
1573301187 2
1573301188 2
1573301189 3
1573301190 6
1573301191 6
1573301192 6
1573301193 5
1573301194 6
1573301195 5
1573301196 5
1573301197 6
1573301198 5
1573301199 6
1573301200 5
1573301201 2
1573301202 1
1573301203 2
1573301204 5
1573301205 7
1573301206 7
1573301207 6
1573301208 6
1573301209 7
1573301210 10
1573301211 8
1573301212 7
1573301213 8
1573301214 6
1573301215 7
1573301216 9
1573301217 5
1573301218 7
1573301219 7
1573301220 8
1573301221 6
1573301222 7
1573301223 6
1573301224 6
1573301225 4
1573301226 3
1573301227 1
1573301228 1
1573301229 2
1573301230 3
1573301231 4
1573301232 4
1573301233 4
1573301234 4
1573301235 4
1573301236 4
1573301237 4
1573301238 4
1573301239 4
1573301240 4
1573301241 4
1573301242 3
1573301243 2
1573301244 2
1573301245 4
1573301246 5
1573301247 5
1573301248 4
1573301249 4
1573301250 4
1573301251 3
1573301252 2
1573301253 2
1573301254 2
1573301255 2
1573301256 2
1573301257 2
1573301258 2
1573301259 2
1573301260 2
1573301261 2
1573301262 2
1573301263 2
1573301264 3
1573301265 2
1573301266 2
1573301267 2
1573301268 2
1573301269 2
1573301270 2
1573301271 2
1573301272 2
1573301273 2
1573301274 2
1573301275 2
1573301276 2
1573301277 2
1573301278 2
1573301279 2
1573301280 2
1573301281 2
1573301282 2
1573301283 2
1573301284 2
1573301285 2
1573301286 2
1573301287 3
1573301288 3
1573301289 3
1573301290 3
1573301291 3
1573301292 3
1573301293 3
1573301294 3
1573301295 3
1573301296 3
1573301297 2
1573301298 2
1573301299 2
1573301300 3
1573301301 4
1573301302 5
1573301303 6
1573301304 8
1573301305 6
1573301306 3
1573301307 5
1573301308 6
1573301309 5
1573301310 4
1573301311 6
1573301312 7
1573301313 7
1573301314 8
1573301315 4
1573301316 3
1573301317 2
1573301318 2
1573301319 2
1573301320 4
1573301321 3
1573301322 3
1573301323 4
1573301324 4
1573301325 5
1573301326 5
1573301327 4
1573301328 4
1573301329 4
1573301330 4
1573301331 2
1573301332 2
1573301333 2
1573301334 2
1573301335 2
1573301336 2
1573301337 2
1573301338 2
1573301339 2
1573301340 2
1573301341 2
1573301342 2
1573301343 2
1573301344 2
1573301345 2
1573301346 2
1573301347 2
1573301348 2
1573301349 2
1573301350 2
1573301351 2
1573301352 2
1573301353 2
1573301354 2
1573301355 2
1573301356 2
1573301357 2
1573301358 4
1573301359 4
1573301360 6
1573301361 5
1573301362 6
1573301363 5
1573301364 6
1573301365 5
1573301366 5
1573301367 5
1573301368 5
1573301369 3
1573301370 2
1573301371 2
1573301372 4
1573301373 7
1573301374 7
1573301375 6
1573301376 10
1573301377 12
1573301378 10
1573301379 13
1573301380 8
1573301381 10
1573301382 9
1573301383 9
1573301384 8
1573301385 6
1573301386 7
1573301387 7
1573301388 9
1573301389 7
1573301390 8
1573301391 7
1573301392 7
1573301393 6
1573301394 6
1573301395 5
1573301396 3
1573301397 1
1573301398 1
1573301399 2
1573301400 4
1573301401 4
1573301402 4
1573301403 4
1573301404 4
1573301405 4
1573301406 4
1573301407 4
1573301408 4
1573301409 4
1573301410 4
1573301411 4
1573301412 2
1573301413 2
1573301414 3
1573301415 4
1573301416 4
1573301417 5
1573301418 4
1573301419 4
1573301420 3
1573301421 2
1573301422 2
1573301423 2
1573301424 2
1573301425 2
1573301426 2
1573301427 2
1573301428 2
1573301429 2
1573301430 2
1573301431 2
1573301432 2
1573301433 2
1573301434 2
1573301435 2
1573301436 2
1573301437 2
1573301438 2
1573301439 2
1573301440 2
1573301441 2
1573301442 2
1573301443 2
1573301444 2
1573301445 2
1573301446 2
1573301447 2
1573301448 2
1573301449 2
1573301450 1
1573301451 1
1573301452 1
1573301453 1
1573301454 1
1573301455 1
1573301456 1
1573301457 1
1573301458 1
1573301459 1
1573301460 1
1573301461 1
1573301462 1
1573301463 1
1573301464 1
1573301465 1
1573301466 2
1573301467 1
1573301468 3
1573301469 2
1573301470 2
1573301471 2
1573301472 2
1573301473 2
1573301474 2
1573301475 4
1573301476 3
1573301477 3
1573301478 3
1573301479 2
1573301480 2
1573301481 3
1573301482 3
1573301483 4
1573301484 4
1573301485 6
1573301486 7
1573301487 5
1573301488 5
1573301489 5
1573301490 5
1573301491 4
1573301492 3
1573301493 6
1573301494 5
1573301495 6
1573301496 5
1573301497 3
1573301498 3
1573301499 3
1573301500 2
1573301501 2
1573301502 4
1573301503 4
1573301504 3
1573301505 4
1573301506 3
1573301507 3
1573301508 3
1573301509 4
1573301510 4
1573301511 4
1573301512 4
1573301513 2
1573301514 2
1573301515 2
1573301516 2
1573301517 2
1573301518 2
1573301519 2
1573301520 2
1573301521 2
1573301522 2
1573301523 2
1573301524 2
1573301525 2
1573301526 2
1573301527 2
1573301528 2
1573301529 2
1573301530 2
1573301531 2
1573301532 2
1573301533 2
1573301534 2
1573301535 2
1573301536 2
1573301537 2
1573301538 2
1573301539 2
1573301540 4
1573301541 4
1573301542 5
1573301543 5
1573301544 5
1573301545 5
1573301546 5
1573301547 5
1573301548 5
1573301549 5
1573301550 5
1573301551 2
1573301552 2
1573301553 2
1573301554 3
1573301555 6
1573301556 7
1573301557 7
1573301558 9
1573301559 11
1573301560 11
1573301561 13
1573301562 9
1573301563 8
1573301564 9
1573301565 9
1573301566 6
1573301567 7
1573301568 7
1573301569 6
1573301570 5
1573301571 7
1573301572 6
1573301573 6
1573301574 5
1573301575 5
1573301576 4
1573301577 3
1573301578 1
1573301579 1
1573301580 2
1573301581 5
1573301582 4
1573301583 4
1573301584 4
1573301585 4
1573301586 4
1573301587 3
1573301588 3
1573301589 3
1573301590 3
1573301591 3
1573301592 3
1573301593 3
1573301594 2
1573301595 3
1573301596 4
1573301597 5
1573301598 4
1573301599 4
1573301600 3
1573301601 3
1573301602 3
1573301603 3
1573301604 2
1573301605 2
1573301606 2
1573301607 2
1573301608 2
1573301609 2
1573301610 2
1573301611 2
1573301612 2
1573301613 2
1573301614 2
1573301615 2
1573301616 2
1573301617 2
1573301618 2
1573301619 2
1573301620 2
1573301621 2
1573301622 2
1573301623 1
1573301624 1
1573301625 2
1573301626 2
1573301627 2
1573301628 2
1573301629 2
1573301630 2
1573301631 1
1573301632 2
1573301633 1
1573301634 2
1573301635 2
1573301636 3
1573301637 4
1573301638 3
1573301639 4
1573301640 4
1573301641 4
1573301642 4
1573301643 4
1573301644 4
1573301645 4
1573301646 4
1573301647 3
1573301648 2
1573301649 2
1573301650 4
1573301651 3
1573301652 5
1573301653 8
1573301654 5
1573301655 5
1573301656 5
1573301657 5
1573301658 6
1573301659 4
1573301660 5
1573301661 6
1573301662 6
1573301663 5
1573301664 4
1573301665 3
1573301666 3
1573301667 2
1573301668 2
1573301669 2
1573301670 4
1573301671 4
1573301672 3
1573301673 4
1573301674 4
1573301675 4
1573301676 4
1573301677 3
1573301678 3
1573301679 3
1573301680 3
1573301681 2
1573301682 2
1573301683 2
1573301684 2
1573301685 2
1573301686 2
1573301687 2
1573301688 2
1573301689 2
1573301690 2
1573301691 2
1573301692 2
1573301693 2
1573301694 2
1573301695 2
1573301696 2
1573301697 2
1573301698 2
1573301699 2
1573301700 2
1573301701 2
1573301702 2
1573301703 2
1573301704 2
1573301705 2
1573301706 2
1573301707 2
1573301708 4
1573301709 4
1573301710 5
1573301711 5
1573301712 5
1573301713 5
1573301714 5
1573301715 5
1573301716 4
1573301717 4
1573301718 4
1573301719 3
1573301720 1
1573301721 1
1573301722 2
1573301723 6
1573301724 6
1573301725 6
1573301726 8
1573301727 9
1573301728 9
1573301729 8
1573301730 8
1573301731 8
1573301732 8
1573301733 8
1573301734 8
1573301735 8
1573301736 8
1573301737 8
1573301738 8
1573301739 8
1573301740 8
1573301741 6
1573301742 8
1573301743 6
1573301744 6
1573301745 3
1573301746 6
1573301747 10
1573301748 7
1573301749 8
1573301750 10
1573301751 9
1573301752 8
1573301753 8
1573301754 8
1573301755 8
1573301756 7
1573301757 8
1573301758 7
1573301759 7
1573301760 5
1573301761 4
1573301762 4
1573301763 2
1573301764 2
1573301765 3
1573301766 4
1573301767 4
1573301768 4
1573301769 4
1573301770 3
1573301771 3
1573301772 3
1573301773 3
1573301774 3
1573301775 3
1573301776 3
1573301777 3
1573301778 2
1573301779 2
1573301780 3
1573301781 4
1573301782 4
1573301783 4
1573301784 4
1573301785 3
1573301786 3
1573301787 2
1573301788 2
1573301789 3
1573301790 2
1573301791 2
1573301792 2
1573301793 2
1573301794 2
1573301795 2
1573301796 2
1573301797 2
1573301798 2
1573301799 2
1573301800 2
1573301801 2
1573301802 2
1573301803 2
1573301804 2
1573301805 2
1573301806 2
1573301807 2
1573301808 2
1573301809 2
1573301810 2
1573301811 2
1573301812 2
1573301813 2
1573301814 2
1573301815 2
1573301816 2
1573301817 2
1573301818 2
1573301819 2
1573301820 2
1573301821 2
1573301822 3
1573301823 3
1573301824 3
1573301825 3
1573301826 3
1573301827 3
1573301828 3
1573301829 3
1573301830 3
1573301831 3
1573301832 3
1573301833 2
1573301834 2
1573301835 2
1573301836 3
1573301837 3
1573301838 4
1573301839 6
1573301840 6
1573301841 6
1573301842 4
1573301843 4
1573301844 5
1573301845 5
1573301846 3
1573301847 6
1573301848 5
1573301849 4
1573301850 4
1573301851 3
1573301852 3
1573301853 2
1573301854 2
1573301855 2
1573301856 3
1573301857 4
1573301858 4
1573301859 5
1573301860 4
1573301861 4
1573301862 3
1573301863 4
1573301864 4
1573301865 4
1573301866 2
1573301867 2
1573301868 2
1573301869 2
1573301870 2
1573301871 2
1573301872 2
1573301873 2
1573301874 2
1573301875 2
1573301876 2
1573301877 2
1573301878 2
1573301879 2
1573301880 2
1573301881 2
1573301882 2
1573301883 2
1573301884 2
1573301885 2
1573301886 2
1573301887 2
1573301888 2
1573301889 2
1573301890 2
1573301891 2
1573301892 2
1573301893 2
1573301894 3
1573301895 4
1573301896 6
1573301897 5
1573301898 5
1573301899 5
1573301900 5
1573301901 5
1573301902 6
1573301903 6
1573301904 6
1573301905 4
1573301906 2
1573301907 1
1573301908 1
1573301909 2
1573301910 3
1573301911 6
1573301912 8
1573301913 8
1573301914 9
1573301915 11
1573301916 10
1573301917 12
1573301918 8
1573301919 11
1573301920 11
1573301921 10
1573301922 7
1573301923 6
1573301924 8
1573301925 7
1573301926 7
1573301927 6
1573301928 7
1573301929 6
1573301930 5
1573301931 4
1573301932 3
1573301933 1
1573301934 1
1573301935 2
1573301936 3
1573301937 4
1573301938 4
1573301939 5
1573301940 4
1573301941 4
1573301942 3
1573301943 3
1573301944 3
1573301945 3
1573301946 3
1573301947 3
1573301948 3
1573301949 2
1573301950 2
1573301951 3
1573301952 4
1573301953 4
1573301954 4
1573301955 4
1573301956 4
1573301957 4
1573301958 2
1573301959 2
1573301960 2
1573301961 2
1573301962 2
1573301963 2
1573301964 2
1573301965 2
1573301966 2
1573301967 2
1573301968 2
1573301969 2
1573301970 2
1573301971 2
1573301972 2
1573301973 2
1573301974 2
1573301975 2
1573301976 2
1573301977 2
1573301978 2
1573301979 2
1573301980 1
1573301981 1
1573301982 1
1573301983 1
1573301984 1
1573301985 2
1573301986 2
1573301987 2
1573301988 2
1573301989 2
1573301990 2
1573301991 2
1573301992 2
1573301993 2
1573301994 2
1573301995 2
1573301996 2
1573301997 2
1573301998 2
1573301999 2
1573302000 3
1573302001 3
1573302002 3
1573302003 3
1573302004 3
1573302005 3
1573302006 3
1573302007 3
1573302008 3
1573302009 3
1573302010 3
1573302011 2
1573302012 2
1573302013 2
1573302014 3
1573302015 3
1573302016 4
1573302017 6
1573302018 6
1573302019 7
1573302020 5
1573302021 6
1573302022 5
1573302023 4
1573302024 3
1573302025 7
1573302026 5
1573302027 4
1573302028 4
1573302029 3
1573302030 3
1573302031 2
1573302032 2
1573302033 3
1573302034 3
1573302035 5
1573302036 5
1573302037 5
1573302038 6
1573302039 6
1573302040 5
1573302041 4
1573302042 4
1573302043 3
1573302044 3
1573302045 4
1573302046 2
1573302047 2
1573302048 2
1573302049 2
1573302050 2
1573302051 2
1573302052 2
1573302053 2
1573302054 2
1573302055 2
1573302056 2
1573302057 2
1573302058 2
1573302059 2
1573302060 2
1573302061 2
1573302062 2
1573302063 2
1573302064 2
1573302065 2
1573302066 2
1573302067 2
1573302068 2
1573302069 3
1573302070 2
1573302071 2
1573302072 2
1573302073 2
1573302074 3
1573302075 4
1573302076 5
1573302077 6
1573302078 5
1573302079 5
1573302080 6
1573302081 6
1573302082 5
1573302083 4
1573302084 4
1573302085 4
1573302086 1
1573302087 1
1573302088 4
1573302089 6
1573302090 7
1573302091 8
1573302092 8
1573302093 12
1573302094 9
1573302095 12
1573302096 9
1573302097 10
1573302098 8
1573302099 8
1573302100 8
1573302101 9
1573302102 8
1573302103 8
1573302104 9
1573302105 7
1573302106 4
1573302107 2
1573302108 2
1573302109 1
1573302110 3
1573302111 3
1573302112 4
1573302113 4
1573302114 4
1573302115 4
1573302116 4
1573302117 4
1573302118 4
1573302119 4
1573302120 4
1573302121 4
1573302122 4
1573302123 4
1573302124 3
1573302125 3
1573302126 2
1573302127 3
1573302128 4
1573302129 4
1573302130 5
1573302131 4
1573302132 4
1573302133 3
1573302134 2
1573302135 2
1573302136 2
1573302137 2
1573302138 2
1573302139 2
1573302140 2
1573302141 2
1573302142 2
1573302143 2
1573302144 2
1573302145 2
1573302146 2
1573302147 2
1573302148 2
1573302149 2
1573302150 2
1573302151 2
1573302152 2
1573302153 2
1573302154 2
1573302155 2
1573302156 2
1573302157 2
1573302158 2
1573302159 2
1573302160 2
1573302161 2
1573302162 2
1573302163 2
1573302164 2
1573302165 2
1573302166 2
1573302167 2
1573302168 2
1573302169 4
1573302170 4
1573302171 3
1573302172 4
1573302173 4
1573302174 4
1573302175 4
1573302176 3
1573302177 3
1573302178 3
1573302179 2
1573302180 2
1573302181 2
1573302182 2
1573302183 3
1573302184 3
1573302185 5
1573302186 7
1573302187 8
1573302188 6
1573302189 3
1573302190 4
1573302191 6
1573302192 4
1573302193 3
1573302194 7
1573302195 5
1573302196 6
1573302197 4
1573302198 4
1573302199 2
1573302200 2
1573302201 2
1573302202 2
1573302203 4
1573302204 4
1573302205 4
1573302206 3
1573302207 2
1573302208 3
1573302209 4
1573302210 3
1573302211 3
1573302212 3
1573302213 3
1573302214 2
1573302215 2
1573302216 2
1573302217 2
1573302218 2
1573302219 2
1573302220 2
1573302221 2
1573302222 2
1573302223 2
1573302224 2
1573302225 2
1573302226 2
1573302227 2
1573302228 2
1573302229 2
1573302230 2
1573302231 2
1573302232 2
1573302233 2
1573302234 2
1573302235 2
1573302236 3
1573302237 2
1573302238 2
1573302239 2
1573302240 2
1573302241 2
1573302242 4
1573302243 4
1573302244 5
1573302245 5
1573302246 5
1573302247 5
1573302248 5
1573302249 5
1573302250 5
1573302251 5
1573302252 5
1573302253 2
1573302254 2
1573302255 1
1573302256 3
1573302257 7
1573302258 8
1573302259 6
1573302260 10
1573302261 8
1573302262 6
1573302263 10
1573302264 8
1573302265 10
1573302266 8
1573302267 9
1573302268 9
1573302269 4
1573302270 6
1573302271 6
1573302272 7
1573302273 6
1573302274 5
1573302275 5
1573302276 4
1573302277 4
1573302278 4
1573302279 4
1573302280 3
1573302281 3
1573302282 4
1573302283 2
1573302284 1
1573302285 1
1573302286 2
1573302287 4
1573302288 4
1573302289 4
1573302290 4
1573302291 4
1573302292 4
1573302293 4
1573302294 4
1573302295 4
1573302296 4
1573302297 4
1573302298 4
1573302299 2
1573302300 2
1573302301 2
1573302302 4
1573302303 4
1573302304 4
1573302305 4
1573302306 4
1573302307 4
1573302308 2
1573302309 2
1573302310 2
1573302311 2
1573302312 2
1573302313 2
1573302314 2
1573302315 2
1573302316 2
1573302317 2
1573302318 2
1573302319 2
1573302320 2
1573302321 2
1573302322 2
1573302323 2
1573302324 2
1573302325 2
1573302326 2
1573302327 2
1573302328 2
1573302329 2
1573302330 2
1573302331 2
1573302332 2
1573302333 2
1573302334 2
1573302335 2
1573302336 2
1573302337 2
1573302338 2
1573302339 2
1573302340 2
1573302341 2
1573302342 2
1573302343 3
1573302344 3
1573302345 3
1573302346 3
1573302347 4
1573302348 4
1573302349 4
1573302350 4
1573302351 5
1573302352 5
1573302353 5
1573302354 3
1573302355 3
1573302356 2
1573302357 2
1573302358 4
1573302359 3
1573302360 5
1573302361 6
1573302362 6
1573302363 5
1573302364 4
1573302365 5
1573302366 5
1573302367 4
1573302368 7
1573302369 6
1573302370 4
1573302371 6
1573302372 4
1573302373 3
1573302374 3
1573302375 2
1573302376 2
1573302377 4
1573302378 5
1573302379 3
1573302380 4
1573302381 3
1573302382 3
1573302383 3
1573302384 3
1573302385 3
1573302386 3
1573302387 3
1573302388 3
1573302389 2
1573302390 2
1573302391 2
1573302392 2
1573302393 2
1573302394 2
1573302395 2
1573302396 2
1573302397 2
1573302398 2
1573302399 2
1573302400 2
1573302401 2
1573302402 2
1573302403 2
1573302404 2
1573302405 2
1573302406 2
1573302407 2
1573302408 2
1573302409 2
1573302410 3
1573302411 2
1573302412 2
1573302413 2
1573302414 2
1573302415 2
1573302416 4
1573302417 4
1573302418 5
1573302419 5
1573302420 6
1573302421 6
1573302422 5
1573302423 5
1573302424 5
1573302425 5
1573302426 5
1573302427 2
1573302428 2
1573302429 2
1573302430 3
1573302431 6
1573302432 8
1573302433 9
1573302434 13
1573302435 11
1573302436 10
1573302437 12
1573302438 6
1573302439 7
1573302440 7
1573302441 7
1573302442 8
1573302443 6
1573302444 9
1573302445 9
1573302446 7
1573302447 7
1573302448 6
1573302449 4
1573302450 4
1573302451 2
1573302452 2
1573302453 2
1573302454 3
1573302455 4
1573302456 3
1573302457 4
1573302458 4
1573302459 4
1573302460 4
1573302461 4
1573302462 4
1573302463 4
1573302464 4
1573302465 4
1573302466 4
1573302467 4
1573302468 3
1573302469 3
1573302470 3
1573302471 4
1573302472 5
1573302473 4
1573302474 4
1573302475 3
1573302476 3
1573302477 3
1573302478 2
1573302479 2
1573302480 2
1573302481 2
1573302482 2
1573302483 2
1573302484 2
1573302485 2
1573302486 2
1573302487 2
1573302488 2
1573302489 2
1573302490 2
1573302491 2
1573302492 2
1573302493 2
1573302494 2
1573302495 2
1573302496 2
1573302497 2
1573302498 2
1573302499 2
1573302500 2
1573302501 2
1573302502 2
1573302503 2
1573302504 2
1573302505 2
1573302506 2
1573302507 2
1573302508 2
1573302509 2
1573302510 2
1573302511 2
1573302512 3
1573302513 3
1573302514 3
1573302515 3
1573302516 3
1573302517 3
1573302518 3
1573302519 3
1573302520 4
1573302521 3
1573302522 3
1573302523 3
1573302524 2
1573302525 2
1573302526 2
1573302527 4
1573302528 3
1573302529 4
1573302530 6
1573302531 5
1573302532 5
1573302533 5
1573302534 4
1573302535 6
1573302536 4
1573302537 5
1573302538 6
1573302539 7
1573302540 8
1573302541 3
1573302542 2
1573302543 2
1573302544 2
1573302545 2
1573302546 2
1573302547 4
1573302548 3
1573302549 4
1573302550 3
1573302551 3
1573302552 3
1573302553 3
1573302554 3
1573302555 3
1573302556 3
1573302557 3
1573302558 2
1573302559 2
1573302560 2
1573302561 2
1573302562 2
1573302563 2
1573302564 2
1573302565 2
1573302566 2
1573302567 2
1573302568 2
1573302569 2
1573302570 2
1573302571 2
1573302572 2
1573302573 2
1573302574 2
1573302575 2
1573302576 3
1573302577 2
1573302578 3
1573302579 3
1573302580 3
1573302581 3
1573302582 2
1573302583 2
1573302584 2
1573302585 4
1573302586 4
1573302587 5
1573302588 5
1573302589 5
1573302590 5
1573302591 4
1573302592 5
1573302593 5
1573302594 5
1573302595 5
1573302596 3
1573302597 2
1573302598 1
1573302599 3
1573302600 6
1573302601 9
1573302602 10
1573302603 12
1573302604 9
1573302605 9
1573302606 12
1573302607 7
1573302608 7
1573302609 10
1573302610 6
1573302611 8
1573302612 6
1573302613 8
1573302614 7
1573302615 10
1573302616 6
1573302617 6
1573302618 4
1573302619 3
1573302620 1
1573302621 2
1573302622 3
1573302623 4
1573302624 5
1573302625 5
1573302626 4
1573302627 3
1573302628 3
1573302629 3
1573302630 3
1573302631 3
1573302632 3
1573302633 3
1573302634 3
1573302635 3
1573302636 3
1573302637 3
1573302638 4
1573302639 4
1573302640 4
1573302641 4
1573302642 3
1573302643 3
1573302644 4
1573302645 2
1573302646 2
1573302647 2
1573302648 2
1573302649 2
1573302650 2
1573302651 2
1573302652 2
1573302653 2
1573302654 2
1573302655 2
1573302656 2
1573302657 2
1573302658 2
1573302659 2
1573302660 2
1573302661 2
1573302662 2
1573302663 2
1573302664 2
1573302665 2
1573302666 2
1573302667 2
1573302668 2
1573302669 2
1573302670 2
1573302671 2
1573302672 2
1573302673 2
1573302674 2
1573302675 2
1573302676 2
1573302677 3
1573302678 3
1573302679 3
1573302680 3
1573302681 3
1573302682 3
1573302683 3
1573302684 3
1573302685 3
1573302686 3
1573302687 3
1573302688 4
1573302689 3
1573302690 3
1573302691 3
1573302692 2
1573302693 3
1573302694 4
1573302695 3
1573302696 4
1573302697 6
1573302698 6
1573302699 6
1573302700 5
1573302701 4
1573302702 5
1573302703 6
1573302704 7
1573302705 7
1573302706 6
1573302707 6
1573302708 7
1573302709 7
1573302710 6
1573302711 6
1573302712 6
1573302713 5
1573302714 4
1573302715 5
1573302716 6
1573302717 5
1573302718 5
1573302719 6
1573302720 6
1573302721 5
1573302722 5
1573302723 3
1573302724 3
1573302725 2
1573302726 2
1573302727 3
1573302728 4
1573302729 4
1573302730 4
1573302731 4
1573302732 3
1573302733 3
1573302734 4
1573302735 4
1573302736 4
1573302737 4
1573302738 4
1573302739 3
1573302740 2
1573302741 2
1573302742 2
1573302743 2
1573302744 2
1573302745 2
1573302746 2
1573302747 2
1573302748 2
1573302749 2
1573302750 2
1573302751 2
1573302752 2
1573302753 2
1573302754 2
1573302755 2
1573302756 2
1573302757 2
1573302758 2
1573302759 2
1573302760 2
1573302761 2
1573302762 3
1573302763 2
1573302764 2
1573302765 2
1573302766 2
1573302767 2
1573302768 4
1573302769 4
1573302770 5
1573302771 4
1573302772 4
1573302773 4
1573302774 4
1573302775 5
1573302776 4
1573302777 5
1573302778 4
1573302779 3
1573302780 2
1573302781 1
1573302782 3
1573302783 6
1573302784 9
1573302785 7
1573302786 11
1573302787 5
1573302788 6
1573302789 7
1573302790 6
1573302791 10
1573302792 9
1573302793 9
1573302794 7
1573302795 3
1573302796 6
1573302797 5
1573302798 6
1573302799 6
1573302800 7
1573302801 7
1573302802 6
1573302803 6
1573302804 5
1573302805 3
1573302806 2
1573302807 2
1573302808 2
1573302809 3
1573302810 4
1573302811 4
1573302812 4
1573302813 4
1573302814 3
1573302815 3
1573302816 3
1573302817 3
1573302818 3
1573302819 3
1573302820 3
1573302821 3
1573302822 3
1573302823 3
1573302824 3
1573302825 3
1573302826 3
1573302827 2
1573302828 2
1573302829 2
1573302830 1
1573302831 1
1573302832 1
1573302833 1
1573302834 1
1573302835 1
1573302836 1
1573302837 1
1573302838 1
1573302839 1
1573302840 1
1573302841 1
1573302842 1
1573302843 1
1573302844 1
1573302845 1
1573302846 1
1573302847 1
1573302848 1
1573302849 1
1573302850 1
1573302851 1
1573302852 1
1573302853 1
1573302854 1
1573302855 1
1573302856 1
1573302857 1
1573302858 1
1573302859 1
1573302860 1
1573302861 1
1573302862 1
1573302863 1
1573302864 1
1573302865 1
1573302866 1
1573302867 1
1573302868 1
1573302869 1
1573302870 1
1573302871 1
1573302872 1
1573302873 1
1573302874 1
1573302875 1
1573302876 1
1573302877 1
1573302878 1
1573302879 1
1573302880 1
1573302881 1
1573302882 1
1573302883 1
1573302884 1
1573302885 1
1573302886 1
1573302887 1
1573302888 1
1573302889 1
1573302890 1
1573302891 1
1573302892 1
1573302893 1
1573302894 1
1573302895 1
1573302896 1
1573302897 1
1573302898 1
1573302899 1
1573302900 1
1573302901 1
1573302902 1
1573302903 1
1573302904 1
1573302905 1
1573302906 1
1573302907 1
1573302908 1
1573302909 1
1573302910 1
1573302911 1
1573302912 1
1573302913 1
1573302914 1
1573302915 1
1573302916 1
1573302917 1
1573302918 1
1573302919 1
1573302920 1
1573302921 1
1573302922 1
1573302923 1
1573302924 1
1573302925 1
1573302926 1
1573302927 1
1573302928 1
1573302929 1
1573302930 1
1573302931 1
1573302932 1
1573302933 1
1573302934 1
1573302935 1
1573302936 1
1573302937 1
1573302938 1
1573302939 1
1573302940 1
1573302941 1
1573302942 1
1573302943 1
1573302944 1
1573302945 1
1573302946 1
1573302947 1
1573302948 1
1573302949 1
1573302950 1
1573302951 1
1573302952 1
1573302953 1
1573302954 1
1573302955 1
1573302956 1
1573302957 1
1573302958 1
1573302959 1
1573302960 1
1573302961 1
1573302962 1
1573302963 1
1573302964 1
1573302965 1
1573302966 1
1573302967 1
1573302968 1
1573302969 1
1573302970 1
1573302971 1
1573302972 1
1573302973 1
1573302974 1
1573302975 1
1573302976 1
1573302977 1
1573302978 1
1573302979 1
1573302980 1
1573302981 1
1573302982 1
1573302983 1
1573302984 1
1573302985 1
1573302986 1
1573302987 1
1573302988 1
1573302989 1
1573302990 1
1573302991 1
1573302992 1
1573303271 1
1573303272 1
1573303273 1
1573303274 1
1573303275 1
1573303276 1
1573303277 1
1573303278 1
1573303279 1
1573303280 1
1573303281 1
1573303282 1
1573303283 1
1573303284 1
1573303285 1
1573303286 1
1573303287 1
1573303288 1
1573303289 1
1573303290 1
1573303291 1
1573303292 1
1573303293 1
1573303294 1
1573303295 1
1573303296 1
1573303297 1
1573303298 1
1573303299 1
1573303300 1
1573303301 1
1573303302 1
1573303303 1
1573303304 1
1573303305 1
1573303306 1
1573303307 1
1573303308 1
1573303309 1
1573303310 1
1573303311 1
1573303312 1
1573303313 1
1573303314 1
1573303315 1
1573303316 1
1573303317 1
1573303318 1
1573303319 1
1573303320 1
1573303321 1
1573303322 1
1573303323 1
1573303324 1
1573303325 1
1573303326 1
1573303327 1
1573303328 1
1573303329 1
1573303330 1
1573303331 1
1573303332 1
1573303333 1
1573303334 1
1573303335 1
1573303336 1
1573303337 1
1573303338 1
1573303339 1
1573303340 1
1573303341 1
1573303342 1
1573303343 1
1573303344 1
1573303345 1
1573303346 1
1573303347 1
1573303348 1
1573303349 1
1573303350 1
1573303351 1
1573303352 1
1573303353 1
1573303354 1
1573303355 1
1573303356 1
1573303357 1
1573303358 1
1573303359 1
1573303360 1
1573303361 1
1573303362 1
1573303363 1
1573303364 1
1573303365 1
1573303366 1
1573303367 1
1573303368 1
1573303369 2
1573303370 2
1573303371 2
1573303372 2
1573303373 2
1573303374 2
1573303375 2
1573303376 2
1573303377 2
1573303378 2
1573303379 3
1573303380 4
1573303381 4
1573303382 4
1573303383 4
1573303384 3
1573303385 2
1573303386 2
1573303387 3
1573303388 2
1573303389 2
1573303390 2
1573303391 2
1573303392 2
1573303393 2
1573303394 2
1573303395 2
1573303396 2
1573303397 2
1573303398 2
1573303399 2
1573303400 2
1573303401 2
1573303402 2
1573303403 2
1573303404 2
1573303405 2
1573303406 2
1573303407 2
1573303408 2
1573303409 2
1573303410 2
1573303411 2
1573303412 2
1573303413 2
1573303414 2
1573303415 2
1573303416 2
1573303417 3
1573303418 2
1573303419 2
1573303420 2
1573303421 3
1573303422 4
1573303423 4
1573303424 4
1573303425 4
1573303426 4
1573303427 2
1573303428 2
1573303429 2
1573303430 2
1573303431 2
1573303432 2
1573303433 2
1573303434 2
1573303435 2
1573303436 2
1573303437 2
1573303438 2
1573303439 2
1573303440 2
1573303441 2
1573303442 2
1573303443 2
1573303444 2
1573303445 2
1573303446 2
1573303447 2
1573303448 2
1573303449 2
1573303450 2
1573303451 2
1573303452 2
1573303453 2
1573303454 2
1573303455 2
1573303456 2
1573303457 2
1573303458 2
1573303459 2
1573303460 2
1573303461 2
1573303462 2
1573303463 2
1573303464 2
1573303465 2
1573303466 2
1573303467 2
1573303468 2
1573303469 2
1573303470 2
1573303471 2
1573303472 2
1573303473 2
1573303474 2
1573303475 2
1573303476 2
1573303477 2
1573303478 2
1573303748 2
1573303749 2
1573303750 2
1573303751 2
1573303752 2
1573303753 2
1573303754 2
1573303755 2
1573303756 2
1573303757 2
1573303758 2
1573303759 2
1573303760 2
1573303761 2
1573303762 2
1573303763 2
1573303764 2
1573303765 2
1573303766 2
1573303767 2
1573303768 2
1573303769 2
1573303770 2
1573303771 2
1573303772 2
1573303773 2
1573303774 2
1573303775 2
1573303776 2
1573303777 2
1573303778 2
1573303779 2
1573303780 2
1573303781 2
1573303782 2
1573303783 2
1573303784 2
1573303785 2
1573303786 2
1573303787 4
1573303788 4
1573303789 4
1573303790 4
1573303791 4
1573303792 3
1573303793 2
1573303794 2
1573303795 2
1573303796 2
1573303797 2
1573303798 2
1573303799 2
1573303800 2
1573303801 2
1573303802 2
1573303803 2
1573303804 2
1573303805 2
1573303806 2
1573303807 2
1573303808 2
1573303809 2
1573303810 2
1573303811 2
1573303812 2
1573303813 2
1573303814 2
1573303815 2
1573303816 2
1573303817 2
1573303818 2
1573303819 2
1573303820 2
1573303821 2
1573303822 2
1573303823 1
1573303824 1
1573303825 1
1573303826 1
1573303827 1
1573303828 1
1573303829 1
1573303830 1
1573303831 1
1573303832 2
1573303833 2
1573303834 2
1573303835 3
1573303836 3
1573303837 3
1573303838 3
1573303839 3
1573303840 3
1573303841 3
1573303842 3
1573303843 3
1573303844 2
1573303845 2
1573303846 2
1573303847 3
1573303848 3
1573303849 4
1573303850 6
1573303851 6
1573303852 5
1573303853 4
1573303854 5
1573303855 5
1573303856 3
1573303857 6
1573303858 7
1573303859 6
1573303860 6
1573303861 3
1573303862 2
1573303863 2
1573303864 2
1573303865 2
1573303866 4
1573303867 4
1573303868 4
1573303869 3
1573303870 3
1573303871 4
1573303872 3
1573303873 3
1573303874 3
1573303875 3
1573303876 2
1573303877 2
1573303878 2
1573303879 2
1573303880 2
1573303881 2
1573303882 2
1573303883 2
1573303884 2
1573303885 2
1573303886 2
1573303887 2
1573303888 2
1573303889 2
1573303890 2
1573303891 2
1573303892 3
1573303893 2
1573303894 2
1573303895 2
1573303896 3
1573303897 3
1573303898 3
1573303899 3
1573303900 3
1573303901 2
1573303902 4
1573303903 5
1573303904 6
1573303905 6
1573303906 6
1573303907 6
1573303908 5
1573303909 5
1573303910 5
1573303911 5
1573303912 4
1573303913 2
1573303914 1
1573303915 3
1573303916 6
1573303917 8
1573303918 9
1573303919 11
1573303920 11
1573303921 13
1573303922 11
1573303923 8
1573303924 11
1573303925 9
1573303926 10
1573303927 10
1573303928 6
1573303929 9
1573303930 8
1573303931 9
1573303932 7
1573303933 7
1573303934 5
1573303935 5
1573303936 2
1573303937 1
1573303938 2
1573303939 3
1573303940 4
1573303941 4
1573303942 4
1573303943 4
1573303944 4
1573303945 4
1573303946 4
1573303947 4
1573303948 4
1573303949 4
1573303950 3
1573303951 2
1573303952 2
1573303953 3
1573303954 4
1573303955 4
1573303956 4
1573303957 4
1573303958 4
1573303959 4
1573303960 2
1573303961 2
1573303962 2
1573303963 2
1573303964 2
1573303965 2
1573303966 2
1573303967 2
1573303968 2
1573303969 2
1573303970 2
1573303971 2
1573303972 2
1573303973 2
1573303974 2
1573303975 2
1573303976 2
1573303977 2
1573303978 2
1573303979 2
1573303980 2
1573303981 2
1573303982 2
1573303983 2
1573303984 2
1573303985 2
1573303986 2
1573303987 2
1573303988 2
1573303989 2
1573303990 2
1573303991 3
1573303992 3
1573303993 4
1573303994 3
1573303995 3
1573303996 3
1573303997 3
1573303998 3
1573303999 3
1573304000 4
1573304001 3
1573304002 3
1573304003 3
1573304004 2
1573304005 2
1573304006 2
1573304007 4
1573304008 3
1573304009 3
1573304010 4
1573304011 5
1573304012 6
1573304013 5
1573304014 5
1573304015 5
1573304016 5
1573304017 3
1573304018 4
1573304019 7
1573304020 5
1573304021 5
1573304022 6
1573304023 4
1573304024 6
1573304025 4
1573304026 3
1573304027 2
1573304028 2
1573304029 2
1573304030 4
1573304031 3
1573304032 3
1573304033 3
1573304034 3
1573304035 3
1573304036 3
1573304037 4
1573304038 4
1573304039 4
1573304040 4
1573304041 3
1573304042 2
1573304043 2
1573304044 2
1573304045 2
1573304046 2
1573304047 2
1573304048 2
1573304049 2
1573304050 2
1573304051 2
1573304052 2
1573304053 2
1573304054 2
1573304055 2
1573304056 2
1573304057 2
1573304058 3
1573304059 2
1573304060 2
1573304061 2
1573304062 2
1573304063 2
1573304064 2
1573304065 3
1573304066 5
1573304067 5
1573304068 5
1573304069 5
1573304070 6
1573304071 6
1573304072 6
1573304073 5
1573304074 5
1573304075 5
1573304076 4
1573304077 2
1573304078 2
1573304079 3
1573304080 6
1573304081 9
1573304082 8
1573304083 11
1573304084 11
1573304085 12
1573304086 10
1573304087 9
1573304088 8
1573304089 9
1573304090 8
1573304091 5
1573304092 8
1573304093 8
1573304094 8
1573304095 6
1573304096 6
1573304097 4
1573304098 3
1573304099 3
1573304100 1
1573304101 2
1573304102 3
1573304103 4
1573304104 4
1573304105 4
1573304106 4
1573304107 4
1573304108 4
1573304109 4
1573304110 4
1573304111 4
1573304112 4
1573304113 4
1573304114 4
1573304115 4
1573304116 3
1573304117 2
1573304118 2
1573304119 3
1573304120 4
1573304121 4
1573304122 4
1573304123 4
1573304124 3
1573304125 3
1573304126 2
1573304127 2
1573304128 2
1573304129 2
1573304130 2
1573304131 2
1573304132 2
1573304133 2
1573304134 2
1573304135 2
1573304136 2
1573304137 2
1573304138 2
1573304139 2
1573304140 2
1573304141 2
1573304142 2
1573304143 2
1573304144 2
1573304145 2
1573304146 2
1573304147 2
1573304148 2
1573304149 2
1573304150 2
1573304151 2
1573304152 2
1573304153 2
1573304154 2
1573304155 2
1573304156 2
1573304157 3
1573304158 3
1573304159 3
1573304160 3
1573304161 3
1573304162 3
1573304163 3
1573304164 3
1573304165 3
1573304166 3
1573304167 3
1573304168 3
1573304169 2
1573304170 2
1573304171 2
1573304172 4
1573304173 4
1573304174 6
1573304175 7
1573304176 5
1573304177 5
1573304178 5
1573304179 6
1573304180 4
1573304181 5
1573304182 6
1573304183 7
1573304184 8
1573304185 4
1573304186 3
1573304187 3
1573304188 2
1573304189 2
1573304190 4
1573304191 3
1573304192 3
1573304193 3
1573304194 3
1573304195 3
1573304196 3
1573304197 3
1573304198 3
1573304199 3
1573304200 3
1573304201 2
1573304202 2
1573304203 2
1573304204 2
1573304205 2
1573304206 2
1573304207 2
1573304208 2
1573304209 2
1573304210 2
1573304211 2
1573304212 2
1573304213 2
1573304214 2
1573304215 2
1573304216 2
1573304217 2
1573304218 2
1573304219 2
1573304220 2
1573304221 2
1573304222 2
1573304223 2
1573304224 3
1573304225 2
1573304226 2
1573304227 4
1573304228 4
1573304229 5
1573304230 5
1573304231 5
1573304232 5
1573304233 5
1573304234 4
1573304235 5
1573304236 5
1573304237 4
1573304238 3
1573304239 1
1573304240 1
1573304241 3
1573304242 4
1573304243 7
1573304244 9
1573304245 9
1573304246 12
1573304247 13
1573304248 8
1573304249 10
1573304250 9
1573304251 7
1573304252 8
1573304253 4
1573304254 5
1573304255 5
1573304256 5
1573304257 4
1573304258 4
1573304259 2
1573304260 1
1573304261 1
1573304262 2
1573304263 4
1573304264 4
1573304265 4
1573304266 4
1573304267 4
1573304268 3
1573304269 3
1573304270 3
1573304271 3
1573304272 3
1573304273 3
1573304274 3
1573304275 3
1573304276 2
1573304277 2
1573304278 3
1573304279 4
1573304280 4
1573304281 4
1573304282 4
1573304283 4
1573304284 4
1573304285 4
1573304286 3
1573304287 3
1573304288 2
1573304289 2
1573304290 3
1573304291 2
1573304292 2
1573304293 2
1573304294 2
1573304295 2
1573304296 2
1573304297 2
1573304298 2
1573304299 2
1573304300 2
1573304301 2
1573304302 2
1573304303 2
1573304304 2
1573304305 2
1573304306 2
1573304307 2
1573304308 2
1573304309 2
1573304310 2
1573304311 2
1573304312 2
1573304313 2
1573304314 2
1573304315 2
1573304316 2
1573304317 2
1573304318 2
1573304319 2
1573304320 2
1573304321 2
1573304322 3
1573304323 3
1573304324 3
1573304325 3
1573304326 3
1573304327 3
1573304328 3
1573304329 3
1573304330 2
1573304331 3
1573304332 3
1573304333 3
1573304334 3
1573304335 2
1573304336 2
1573304337 2
1573304338 4
1573304339 3
1573304340 5
1573304341 6
1573304342 5
1573304343 6
1573304344 5
1573304345 5
1573304346 5
1573304347 5
1573304348 6
1573304349 7
1573304350 7
1573304351 5
1573304352 5
1573304353 3
1573304354 2
1573304355 2
1573304356 2
1573304357 4
1573304358 4
1573304359 4
1573304360 4
1573304361 4
1573304362 3
1573304363 3
1573304364 4
1573304365 4
1573304366 4
1573304367 3
1573304368 3
1573304369 2
1573304370 2
1573304371 2
1573304372 2
1573304373 2
1573304374 2
1573304375 2
1573304376 2
1573304377 2
1573304378 2
1573304379 2
1573304380 2
1573304381 2
1573304382 2
1573304383 2
1573304384 2
1573304385 2
1573304386 3
1573304387 3
1573304388 4
1573304389 3
1573304390 2
1573304391 2
1573304392 2
1573304393 4
1573304394 4
1573304395 5
1573304396 5
1573304397 5
1573304398 5
1573304399 5
1573304400 4
1573304401 4
1573304402 4
1573304403 4
1573304404 2
1573304405 1
1573304406 1
1573304407 3
1573304408 6
1573304409 8
1573304410 10
1573304411 12
1573304412 11
1573304413 13
1573304414 8
1573304415 9
1573304416 11
1573304417 9
1573304418 8
1573304419 6
1573304420 7
1573304421 7
1573304422 8
1573304423 5
1573304424 4
1573304425 2
1573304426 2
1573304427 1
1573304428 2
1573304429 3
1573304430 4
1573304431 4
1573304432 4
1573304433 4
1573304434 4
1573304435 3
1573304436 3
1573304437 3
1573304438 3
1573304439 3
1573304440 3
1573304441 3
1573304442 2
1573304443 3
1573304444 4
1573304445 4
1573304446 4
1573304447 4
1573304448 3
1573304449 2
1573304450 2
1573304451 2
1573304452 2
1573304453 2
1573304454 2
1573304455 2
1573304456 2
1573304457 2
1573304458 2
1573304459 2
1573304460 2
1573304461 2
1573304462 2
1573304463 2
1573304464 2
1573304465 2
1573304466 2
1573304467 2
1573304468 2
1573304469 2
1573304470 2
1573304471 2
1573304472 2
1573304473 2
1573304474 2
1573304475 2
1573304476 2
1573304477 2
1573304478 2
1573304479 2
1573304480 2
1573304481 2
1573304482 3
1573304483 3
1573304484 3
1573304485 3
1573304486 3
1573304487 4
1573304488 4
1573304489 3
1573304490 3
1573304491 3
1573304492 3
1573304493 3
1573304494 2
1573304495 2
1573304496 2
1573304497 3
1573304498 3
1573304499 5
1573304500 6
1573304501 6
1573304502 4
1573304503 5
1573304504 5
1573304505 4
1573304506 5
1573304507 6
1573304508 5
1573304509 7
1573304510 5
1573304511 3
1573304512 2
1573304513 2
1573304514 2
1573304515 3
1573304516 4
1573304517 3
1573304518 4
1573304519 3
1573304520 4
1573304521 3
1573304522 3
1573304523 3
1573304524 3
1573304525 2
1573304526 2
1573304527 2
1573304528 2
1573304529 3
1573304530 2
1573304531 2
1573304532 2
1573304533 2
1573304534 2
1573304535 2
1573304536 2
1573304537 2
1573304538 2
1573304539 2
1573304540 2
1573304541 2
1573304542 2
1573304543 2
1573304544 2
1573304545 2
1573304546 2
1573304547 2
1573304548 2
1573304549 3
1573304550 2
1573304551 2
1573304552 4
1573304553 6
1573304554 6
1573304555 6
1573304556 6
1573304557 5
1573304558 5
1573304559 5
1573304560 6
1573304561 6
1573304562 4
1573304563 2
1573304564 1
1573304565 3
1573304566 6
1573304567 7
1573304568 9
1573304569 10
1573304570 10
1573304571 10
1573304572 9
1573304573 10
1573304574 8
1573304575 10
1573304576 11
1573304577 6
1573304578 6
1573304579 6
1573304580 8
1573304581 5
1573304582 6
1573304583 6
1573304584 6
1573304585 5
1573304586 5
1573304587 5
1573304588 4
1573304589 2
1573304590 2
1573304591 4
1573304592 4
1573304593 5
1573304594 4
1573304595 4
1573304596 4
1573304597 4
1573304598 4
1573304599 4
1573304600 4
1573304601 4
1573304602 4
1573304603 4
1573304604 3
1573304605 4
1573304606 4
1573304607 5
1573304608 5
1573304609 4
1573304610 5
1573304611 5
1573304612 6
1573304613 5
1573304614 5
1573304615 5
1573304616 3
1573304617 3
1573304618 2
1573304619 2
1573304620 2
1573304621 2
1573304622 2
1573304623 2
1573304624 2
1573304625 2
1573304626 2
1573304627 2
1573304628 2
1573304629 2
1573304630 2
1573304631 2
1573304632 2
1573304633 2
1573304634 2
1573304635 2
1573304636 2
1573304637 2
1573304638 2
1573304639 2
1573304640 2
1573304641 2
1573304642 2
1573304643 2
1573304644 2
1573304645 2
1573304646 2
1573304647 2
1573304648 2
1573304649 2
1573304650 3
1573304651 3
1573304652 3
1573304653 3
1573304654 3
1573304655 3
1573304656 3
1573304657 3
1573304658 3
1573304659 3
1573304660 2
1573304661 2
1573304662 2
1573304663 2
1573304664 3
1573304665 3
1573304666 5
1573304667 7
1573304668 4
1573304669 4
1573304670 5
1573304671 5
1573304672 4
1573304673 7
1573304674 7
1573304675 6
1573304676 7
1573304677 4
1573304678 3
1573304679 2
1573304680 2
1573304681 2
1573304682 4
1573304683 4
1573304684 3
1573304685 3
1573304686 3
1573304687 3
1573304688 3
1573304689 3
1573304690 3
1573304691 3
1573304692 3
1573304693 2
1573304694 2
1573304695 2
1573304696 2
1573304697 2
1573304698 2
1573304699 2
1573304700 2
1573304701 2
1573304702 2
1573304703 2
1573304704 2
1573304705 2
1573304706 2
1573304707 2
1573304708 2
1573304709 2
1573304710 2
1573304711 2
1573304712 2
1573304713 3
1573304714 2
1573304715 2
1573304716 2
1573304717 2
1573304718 4
1573304719 5
1573304720 5
1573304721 5
1573304722 5
1573304723 6
1573304724 6
1573304725 5
1573304726 5
1573304727 5
1573304728 5
1573304729 3
1573304730 2
1573304731 1
1573304732 3
1573304733 6
1573304734 8
1573304735 9
1573304736 10
1573304737 10
1573304738 13
1573304739 10
1573304740 9
1573304741 9
1573304742 7
1573304743 5
1573304744 3
1573304745 6
1573304746 6
1573304747 7
1573304748 8
1573304749 8
1573304750 6
1573304751 5
1573304752 3
1573304753 1
1573304754 1
1573304755 3
1573304756 4
1573304757 4
1573304758 4
1573304759 4
1573304760 4
1573304761 4
1573304762 4
1573304763 4
1573304764 4
1573304765 4
1573304766 4
1573304767 2
1573304768 2
1573304769 2
1573304770 4
1573304771 5
1573304772 4
1573304773 4
1573304774 3
1573304775 3
1573304776 3
1573304777 2
1573304778 2
1573304779 2
1573304780 2
1573304781 2
1573304782 2
1573304783 2
1573304784 2
1573304785 2
1573304786 2
1573304787 2
1573304788 2
1573304789 2
1573304790 2
1573304791 2
1573304792 2
1573304793 2
1573304794 2
1573304795 2
1573304796 2
1573304797 2
1573304798 2
1573304799 2
1573304800 2
1573304801 2
1573304802 2
1573304803 2
1573304804 2
1573304805 2
1573304806 2
1573304807 2
1573304808 2
1573304809 3
1573304810 3
1573304811 3
1573304812 3
1573304813 3
1573304814 3
1573304815 3
1573304816 3
1573304817 3
1573304818 3
1573304819 3
1573304820 2
1573304821 2
1573304822 3
1573304823 3
1573304824 4
1573304825 6
1573304826 6
1573304827 5
1573304828 5
1573304829 6
1573304830 5
1573304831 4
1573304832 7
1573304833 6
1573304834 6
1573304835 6
1573304836 3
1573304837 3
1573304838 3
1573304839 2
1573304840 2
1573304841 3
1573304842 4
1573304843 3
1573304844 3
1573304845 3
1573304846 3
1573304847 3
1573304848 3
1573304849 3
1573304850 3
1573304851 3
1573304852 2
1573304853 2
1573304854 2
1573304855 2
1573304856 2
1573304857 2
1573304858 2
1573304859 2
1573304860 2
1573304861 2
1573304862 2
1573304863 2
1573304864 2
1573304865 2
1573304866 2
1573304867 2
1573304868 2
1573304869 2
1573304870 4
1573304871 4
1573304872 4
1573304873 3
1573304874 2
1573304875 2
1573304876 2
1573304877 4
1573304878 4
1573304879 5
1573304880 5
1573304881 5
1573304882 5
1573304883 5
1573304884 5
1573304885 5
1573304886 5
1573304887 4
1573304888 3
1573304889 1
1573304890 2
1573304891 3
1573304892 5
1573304893 8
1573304894 10
1573304895 8
1573304896 10
1573304897 12
1573304898 5
1573304899 11
1573304900 9
1573304901 10
1573304902 7
1573304903 6
1573304904 7
1573304905 7
1573304906 6
1573304907 6
1573304908 5
1573304909 5
1573304910 5
1573304911 3
1573304912 2
1573304913 3
1573304914 3
1573304915 4
1573304916 4
1573304917 4
1573304918 4
1573304919 3
1573304920 3
1573304921 3
1573304922 3
1573304923 3
1573304924 3
1573304925 3
1573304926 4
1573304927 3
1573304928 3
1573304929 4
1573304930 4
1573304931 4
1573304932 4
1573304933 3
1573304934 3
1573304935 2
1573304936 2
1573304937 2
1573304938 2
1573304939 2
1573304940 2
1573304941 2
1573304942 2
1573304943 2
1573304944 2
1573304945 2
1573304946 2
1573304947 2
1573304948 2
1573304949 2
1573304950 2
1573304951 2
1573304952 2
1573304953 2
1573304954 2
1573304955 2
1573304956 2
1573304957 2
1573304958 2
1573304959 2
1573304960 2
1573304961 2
1573304962 2
1573304963 2
1573304964 2
1573304965 2
1573304966 2
1573304967 2
1573304968 3
1573304969 3
1573304970 3
1573304971 3
1573304972 3
1573304973 3
1573304974 3
1573304975 3
1573304976 3
1573304977 3
1573304978 3
1573304979 3
1573304980 2
1573304981 2
1573304982 3
1573304983 3
1573304984 4
1573304985 6
1573304986 6
1573304987 6
1573304988 5
1573304989 6
1573304990 5
1573304991 3
1573304992 6
1573304993 6
1573304994 5
1573304995 5
1573304996 4
1573304997 4
1573304998 2
1573304999 2
1573305000 2
1573305001 3
1573305002 4
1573305003 4
1573305004 5
1573305005 4
1573305006 4
1573305007 3
1573305008 3
1573305009 3
1573305010 3
1573305011 2
1573305012 2
1573305013 2
1573305014 2
1573305015 2
1573305016 2
1573305017 2
1573305018 2
1573305019 2
1573305020 2
1573305021 2
1573305022 2
1573305023 2
1573305024 2
1573305025 2
1573305026 2
1573305027 2
1573305028 2
1573305029 2
1573305030 3
1573305031 3
1573305032 3
1573305033 3
1573305034 2
1573305035 2
1573305036 2
1573305037 3
1573305038 4
1573305039 4
1573305040 5
1573305041 5
1573305042 5
1573305043 5
1573305044 5
1573305045 5
1573305046 6
1573305047 5
1573305048 3
1573305049 1
1573305050 1
1573305051 3
1573305052 6
1573305053 6
1573305054 8
1573305055 11
1573305056 12
1573305057 12
1573305058 10
1573305059 8
1573305060 8
1573305061 7
1573305062 9
1573305063 9
1573305064 7
1573305065 8
1573305066 8
1573305067 9
1573305068 8
1573305069 5
1573305070 4
1573305071 2
1573305072 1
1573305073 4
1573305074 4
1573305075 5
1573305076 4
1573305077 5
1573305078 5
1573305079 5
1573305080 5
1573305081 4
1573305082 4
1573305083 4
1573305084 4
1573305085 4
1573305086 4
1573305087 2
1573305088 3
1573305089 3
1573305090 5
1573305091 5
1573305092 5
1573305093 5
1573305094 4
1573305095 4
1573305096 4
1573305097 4
1573305098 3
1573305099 3
1573305100 2
1573305101 2
1573305102 2
1573305103 2
1573305104 2
1573305105 2
1573305106 2
1573305107 2
1573305108 2
1573305109 2
1573305110 2
1573305111 2
1573305112 2
1573305113 2
1573305114 2
1573305115 2
1573305116 2
1573305117 2
1573305118 2
1573305119 2
1573305120 2
1573305121 2
1573305122 2
1573305123 2
1573305124 2
1573305125 2
1573305126 2
1573305127 2
1573305128 2
1573305129 2
1573305130 3
1573305131 3
1573305132 3
1573305133 3
1573305134 3
1573305135 3
1573305136 3
1573305137 3
1573305138 3
1573305139 3
1573305140 3
1573305141 3
1573305142 2
1573305143 2
1573305144 2
1573305145 3
1573305146 3
1573305147 4
1573305148 6
1573305149 6
1573305150 4
1573305151 5
1573305152 5
1573305153 4
1573305154 4
1573305155 7
1573305156 6
1573305157 7
1573305158 4
1573305159 3
1573305160 2
1573305161 2
1573305162 2
1573305163 4
1573305164 4
1573305165 4
1573305166 4
1573305167 4
1573305168 4
1573305169 3
1573305170 3
1573305171 3
1573305172 3
1573305173 2
1573305174 2
1573305175 2
1573305176 2
1573305177 2
1573305178 2
1573305179 2
1573305180 2
1573305181 2
1573305182 2
1573305183 2
1573305184 2
1573305185 2
1573305186 2
1573305187 2
1573305188 2
1573305189 2
1573305190 2
1573305191 2
1573305192 3
1573305193 3
1573305194 3
1573305195 3
1573305196 2
1573305197 2
1573305198 3
1573305199 6
1573305200 5
1573305201 5
1573305202 6
1573305203 5
1573305204 6
1573305205 5
1573305206 6
1573305207 6
1573305208 6
1573305209 3
1573305210 2
1573305211 2
1573305212 4
1573305213 6
1573305214 9
1573305215 9
1573305216 11
1573305217 11
1573305218 11
1573305219 10
1573305220 9
1573305221 9
1573305222 6
1573305223 6
1573305224 4
1573305225 6
1573305226 6
1573305227 7
1573305228 6
1573305229 7
1573305230 7
1573305231 5
1573305232 5
1573305233 4
1573305234 2
1573305235 2
1573305236 3
1573305237 4
1573305238 4
1573305239 4
1573305240 4
1573305241 4
1573305242 4
1573305243 4
1573305244 4
1573305245 4
1573305246 4
1573305247 4
1573305248 4
1573305249 3
1573305250 2
1573305251 3
1573305252 4
1573305253 4
1573305254 4
1573305255 4
1573305256 4
1573305257 3
1573305258 2
1573305259 2
1573305260 2
1573305261 2
1573305262 2
1573305263 2
1573305264 2
1573305265 2
1573305266 2
1573305267 2
1573305268 2
1573305269 2
1573305270 2
1573305271 2
1573305272 2
1573305273 2
1573305274 2
1573305275 2
1573305276 2
1573305277 2
1573305278 2
1573305279 2
1573305280 2
1573305281 2
1573305282 2
1573305283 2
1573305284 2
1573305285 2
1573305286 2
1573305287 2
1573305288 2
1573305289 2
1573305290 2
1573305291 3
1573305292 3
1573305293 3
1573305294 3
1573305295 3
1573305296 3
1573305297 3
1573305298 3
1573305299 3
1573305300 3
1573305301 2
1573305302 2
1573305303 2
1573305304 4
1573305305 4
1573305306 4
1573305307 6
1573305308 6
1573305309 4
1573305310 5
1573305311 5
1573305312 4
1573305313 5
1573305314 6
1573305315 6
1573305316 5
1573305317 4
1573305318 3
1573305319 3
1573305320 2
1573305321 2
1573305322 4
1573305323 4
1573305324 3
1573305325 5
1573305326 3
1573305327 3
1573305328 3
1573305329 3
1573305330 3
1573305331 3
1573305332 3
1573305333 2
1573305334 2
1573305335 2
1573305336 2
1573305337 2
1573305338 2
1573305339 2
1573305340 2
1573305341 2
1573305342 2
1573305343 2
1573305344 2
1573305345 2
1573305346 2
1573305347 2
1573305348 2
1573305349 2
1573305350 2
1573305351 2
1573305352 2
1573305353 2
1573305354 2
1573305355 2
1573305356 2
1573305357 2
1573305358 3
1573305359 5
1573305360 5
1573305361 6
1573305362 5
1573305363 5
1573305364 5
1573305365 5
1573305366 5
1573305367 5
1573305368 5
1573305369 4
1573305370 2
1573305371 1
1573305372 3
1573305373 6
1573305374 8
1573305375 6
1573305376 12
1573305377 8
1573305378 9
1573305379 8
1573305380 9
1573305381 9
1573305382 8
1573305383 7
1573305384 2
1573305385 4
1573305386 4
1573305387 6
1573305388 5
