1574707115 0 
1574707116 0 
1574707117 0 
1574707118 0 
1574707119 0 
1574707120 0 
1569850022 0 
1569850023 0 
1569850024 0 
1569850025 0 
1569850026 0 
1569850027 0 
1569850028 0 
1569850226 0 
1569850227 0 
1569850228 0 
1569850229 0 
1569850230 0 
1569850231 0 
1569850232 0 
1569850756 0 
1569850757 0 
1569850758 0 
1569850759 0 
1569850760 0 
1569850761 0 
1569850762 0 
1569850763 0 
1569851039 0 
1569851040 0 
1569851041 0 
1569851042 0 
1569851043 0 
1569851044 0 
1569851045 0 
1569851046 0 
1569851245 0 
1569851246 0 
1569851247 0 
1569851248 0 
1569851249 0 
1569851250 0 
1569851251 0 
1569851252 0 
1569851595 0 
1569851596 0 
1569851597 0 
1569851598 0 
1569851599 0 
1569851600 0 
1569851601 0 
1569851807 0 
1569851808 0 
1569851809 0 
1569851810 0 
1569851811 0 
1569851812 0 
1569851813 0 
1569852036 0 
1569852037 0 
1569852038 0 
1569852039 0 
1569852040 0 
1569852041 0 
1569852042 0 
1569852043 0 
1569852261 0 
1569852262 0 
1569852263 0 
1569852264 0 
1569852265 0 
1569852266 0 
1569852267 0 
1569852498 0 
1569852499 0 
1569852500 0 
1569852501 0 
1569852502 0 
1569852503 0 
1569852504 0 
1569853108 0 
1569853109 0 
1569853110 0 
1569853111 0 
1569853112 0 
1569853113 0 
1569853114 0 
1569853424 0 
1569853425 0 
1569853426 0 
1569853427 0 
1569853428 0 
1569853429 0 
1569853430 0 