1572967648 4
1572967649 4
1572967650 5
1572967651 4
1572967652 4
1572967653 3
1572967654 3
1572967655 2
1572967656 1
1572968307 3
1572968308 3
1572968309 4
1572968310 4
1572968311 3
1572968312 3
1572968313 2
1572968314 2
1572968315 1
1572969606 2
1572969607 3
1572969608 3
1572969609 2
1572969610 3
1572969611 3
1572969612 3
1572969613 2
1572969614 1
1572969615 2
1572970267 3
1572970268 3
1572970269 3
1572970270 2
1572970271 3
1572970272 3
1572970273 3
1572970274 2
1572970275 1
1572970276 2
1572970918 3
1572970919 2
1572970920 3
1572970921 3
1572970922 3
1572970923 3
1572970924 3
1572970925 2
1572970926 1
1572971580 2
1572971581 2
1572971582 2
1572971583 3
1572971584 4
1572971585 4
1572971586 3
1572971587 2
1572971588 2
1572972241 2
1572972242 2
1572972243 3
1572972244 2
1572972245 3
1572972246 3
1572972247 3
1572972248 2
1572972249 1
1572972250 2
1572972890 3
1572972891 4
1572972892 5
1572972893 5
1572972894 5
1572972895 4
1572972896 3
1572972897 2
1572972898 2
1572972899 2
1572973607 3
1572973608 3
1572973609 4
1572973610 3
1572973611 3
1572973612 3
1572973613 3
1572973614 3
1572973615 1
1572974255 3
1572974256 3
1572974257 3
1572974258 4
1572974259 5
1572974260 4
1572974261 4
1572974262 4
1572974263 3
1572974264 2
1572974913 3
1572974914 3
1572974915 4
1572974916 4
1572974917 4
1572974918 4
1572974919 4
1572974920 4
1572974921 3
1572974922 3
1572975315 2
1572975316 2
1572975317 3
1572975318 2
1572975319 3
1572975320 3
1572975321 3
1572975322 2
1572975323 1
1572975324 2
1572975646 2
1572975647 2
1572975648 3
1572975649 4
1572975650 3
1572975651 3
1572975652 3
1572975653 3
1572975654 1
1572976018 2
1572976019 2
1572976020 2
1572976021 3
1572976022 3
1572976023 3
1572976024 2
1572976025 2
1572976026 1
1572976396 2
1572976397 2
1572976398 3
1572976399 3
1572976400 3
1572976401 3
1572976402 3
1572976403 2
1572976404 1
1572976727 3
1572976728 3
1572976729 4
1572976730 3
1572976731 3
1572976732 3
1572976733 3
1572976734 2
1572976735 1
1572976736 2
1572977056 2
1572977057 2
1572977058 3
1572977059 3
1572977060 3
1572977061 3
1572977062 3
1572977063 3
1572977064 1
1572977065 2
1572977420 2
1572977421 2
1572977422 3
1572977423 2
1572977424 3
1572977425 3
1572977426 3
1572977427 2
1572977428 2
1572977429 2
1572977749 2
1572977750 2
1572977751 3
1572977752 2
1572977753 3
1572977754 3
1572977755 3
1572977756 2
1572977757 1
1572977758 2
1572978097 2
1572978098 2
1572978099 3
1572978100 3
1572978101 3
1572978102 3
1572978103 3
1572978104 2
1572978105 2
1572978106 2
