1574688003 2
1574688004 2
1574688005 2
1574688006 3
1574688007 2
1574688008 2
1574688009 2
1574688010 2
1574688321 2
1574688322 2
1574688323 2
1574688324 2
1574688325 2
1574688326 2
1574688327 2
1574688328 3
1574692010 2
1574692011 2
1574692012 3
1574692013 3
1574692014 2
1574692015 2
1574692016 2
1574692017 3
1574692328 2
1574692329 2
1574692330 3
1574692331 2
1574692332 2
1574692333 2
1574692334 3
1574692335 3
1574693243 2
1574693244 2
1574693245 3
1574693246 4
1574693247 2
1574693248 2
1574693249 3
1574693250 2
1574693251 2
1574693553 2
1574693554 2
1574693555 2
1574693556 2
1574693557 2
1574693558 3
1574693559 3
1574693560 3
1574693884 3
1574693885 3
1574693886 5
1574693887 3
1574693888 1
1574693889 1
1574693890 1
1574693891 2
1574693892 2
1574693893 2
1574693894 2
1574693895 4
1574694311 3
1574694312 3
1574694313 2
1574694314 2
1574694315 2
1574694316 2
1574694317 2
1574694318 3
1574695194 2
1574695195 2
1574695196 3
1574695197 2
1574695198 2
1574695199 2
1574695200 2
1574695201 3
1574695535 2
1574695536 2
1574695537 2
1574695538 3
1574695539 2
1574695540 2
1574695541 2
1574695542 2
1574695844 2
1574695845 2
1574695846 2
1574695847 2
1574695848 2
1574695849 2
1574695850 2
1574695851 2
1574696300 2
1574696301 2
1574696302 3
1574696303 2
1574696304 2
1574696305 2
1574696306 4
1574696307 3
1574696872 2
1574696873 2
1574696874 2
1574696875 2
1574696876 2
1574696877 2
1574696878 2
1574696879 2
1574697471 2
1574697472 2
1574697473 2
1574697474 2
1574697475 2
1574697476 2
1574697477 2
1574698048 2
1574698049 2
1574698050 2
1574698051 3
1574698052 3
1574698053 2
1574698054 2
1574698055 2
1574698633 2
1574698634 2
1574698635 2
1574698636 2
1574698637 2
1574698638 2
1574698639 2
1574698640 2
1574708085 2
1574708086 3
1574708087 2
1574708088 5
1574708089 4
1574708090 4
1574708091 5
1574708092 4
1574708093 3
1574708781 3
1574708782 4
1574708783 4
1574708784 5
1574708785 5
1574708786 5
1574708787 2
1574708788 2
1574709409 3
1574709410 4
1574709411 4
1574709412 4
1574709413 5
1574709414 5
1574709415 3
1574709416 3
1574710696 3
1574710697 4
1574710698 4
1574710699 4
1574710700 5
1574710701 5
1574710702 5
1574710703 4
