1573208794 2
1573208795 2
1573208796 2
1573208797 3
1573208798 2
1573208799 2
1573208800 2
1573208801 2
1573208802 2
1573210114 2
1573210115 2
1573210116 2
1573210117 2
1573210118 2
1573210119 2
1573210120 3
1573210121 3
1573210122 2
1573210123 2
1573210124 1
1573210125 2
1573210126 3
1573210127 2
1573210128 1
1573210129 2
1573210130 2
1573210131 2
1573210132 3
1573210785 1
1573210786 1
1573210787 1
1573210788 1
1573210789 1
1573210790 1
1573210791 1
1573210792 2
1573210793 3
1573210794 3
1573210795 3
1573210796 1
1573210797 1
1573210798 1
1573210799 2
1573210800 3
1573211450 2
1573211451 2
1573211452 2
1573211453 2
1573211454 2
1573211455 2
1573211456 2
1573211457 2
1573212099 2
1573212100 2
1573212101 2
1573212102 2
1573212103 2
1573212104 2
1573212105 2
1573212106 2
1573212107 2
1573212751 2
1573212752 2
1573212753 2
1573212754 2
1573212755 2
1573212756 2
1573212757 2
1573212758 2
1573213402 2
1573213403 2
1573213404 2
1573213405 3
1573213406 2
1573213407 2
1573213408 2
1573213409 2
1573213410 2
1573214071 2
1573214072 2
1573214073 2
1573214074 1
1573214075 2
1573214076 2
1573214077 2
1573214078 2
1573214079 2
1573214080 2
1573214727 2
1573214728 2
1573214729 3
1573214730 3
1573214731 2
1573214732 2
1573214733 2
1573214734 3
1573214735 2
1573218262 2
1573218263 2
1573218264 3
1573218265 2
1573218266 2
1573218267 2
1573218268 2
1573218269 2
1573218592 3
1573218593 2
1573218594 2
1573218595 3
1573218596 2
1573218597 3
1573218598 1
1573218599 1
1573218600 2
1573218601 4
