1575385884 3
1575385885 3
1575385886 4
1575385887 2
1575385888 2
1575385889 1
1575385890 1
1575385891 1
1575386195 2
1575386196 2
1575386197 2
1575386198 2
1575386199 1
1575386200 1
1575386201 2
1575386202 2
1575386507 3
1575386508 3
1575386509 4
1575386510 2
1575386511 2
1575386512 2
1575386513 2
1575386514 2
1575386913 2
1575386914 2
1575386915 2
1575386916 1
1575386917 1
1575386918 1
1575386919 1
1575387220 2
1575387221 2
1575387222 2
1575387223 2
1575387224 1
1575387225 1
1575387226 1
1575387227 1
1575387531 3
1575387532 2
1575387533 2
1575387534 2
1575387535 1
1575387536 1
1575387537 1
1575387840 2
1575387841 3
1575387842 3
1575387843 2
1575387844 3
1575387845 3
1575387846 2
1575387847 2
1575388148 2
1575388149 2
1575388150 3
1575388151 2
1575388152 2
1575388153 1
1575388154 1
1575388155 1
1575388456 2
1575388457 3
1575388458 2
1575388459 1
1575388460 1
1575388461 1
1575388462 1
1575388463 1
1575388762 2
1575388763 2
1575388764 3
1575388765 2
1575388766 2
1575388767 2
1575388768 2
1575390053 2
1575390054 3
1575390055 2
1575390056 1
1575390057 1
1575390058 1
1575390059 3
1575390620 2
1575390621 2
1575390622 2
1575390623 1
1575390624 1
1575390625 1
1575390626 1
1575390627 1
1575391189 2
1575391190 2
1575391191 2
1575391192 2
1575391193 1
1575391194 1
1575391195 1
1575391196 1
1575391752 2
1575391753 2
1575391754 2
1575391755 2
1575391756 1
1575391757 1
1575391758 1
1575391759 2
1575392564 2
1575392565 2
1575392566 2
1575392567 2
1575392568 2
1575392569 1
1575392570 1
1575392571 2
1575393200 3
1575393201 3
1575393202 4
1575393203 5
1575393204 3
1575393205 2
1575393206 2
1575393207 2
1575393761 2
1575393762 2
1575393763 2
1575393764 2
1575393765 1
1575393766 1
1575393767 2
1575393768 2
1575394327 2
1575394328 2
1575394329 3
1575394330 2
1575394331 2
1575394332 3
1575394333 3
1575394334 3
1575394889 2
1575394890 2
1575394891 3
1575394892 2
1575394893 2
1575394894 2
1575394895 2
1575394896 2
1575395451 2
1575395452 3
1575395453 3
1575395454 2
1575395455 3
1575395456 3
1575395457 3
1575395458 3
