1572871184 2
1572871185 2
1572871186 2
1572871187 3
1572871188 2
1572871189 2
1572871190 2
1572871191 2
1572871192 3
1572871835 2
1572871836 2
1572871837 2
1572871838 2
1572871839 2
1572871840 2
1572871841 2
1572871842 3
1572871843 3
1572872512 2
1572872513 2
1572872514 2
1572872515 3
1572872516 2
1572872517 3
1572872518 2
1572872519 2
1572872520 2
1572873165 3
1572873166 2
1572873167 2
1572873168 4
1572873169 3
1572873170 3
1572873171 4
1572873172 4
1572873817 2
1572873818 2
1572873819 2
1572873820 4
1572873821 3
1572873822 3
1572873823 3
1572873824 4
1572874877 2
1572874878 2
1572874879 2
1572874880 3
1572874881 3
1572874882 3
1572874883 3
1572874884 3
1572874885 3
1572875738 2
1572875739 2
1572875740 2
1572875741 3
1572875742 3
1572875743 2
1572875744 3
1572875745 3
1572875746 4
1572875747 4
1572875748 4
1572875749 5
1572876967 2
1572876968 2
1572876969 3
1572876970 3
1572876971 3
1572876972 3
1572876973 4
1572876974 4
1572877617 2
1572877618 2
1572877619 2
1572877620 3
1572877621 3
1572877622 3
1572877623 3
1572877624 3
1572878844 2
1572878845 2
1572878846 2
1572878847 3
1572878848 3
1572878849 3
1572878850 3
1572878851 3
1572878852 3
1572880242 2
1572880243 2
1572880244 3
1572880245 3
1572880246 3
1572880247 3
1572880248 3
1572880249 3
1572880577 2
1572880578 2
1572880579 2
1572880580 3
1572880581 3
1572880582 2
1572880583 2
1572880584 2
1572880585 2
1572880916 3
1572880917 2
1572880918 2
1572880919 3
1572880920 2
1572880921 3
1572880922 2
1572880923 4
1572880924 3
1572880925 3
1572880926 3
1572880927 3
1572880928 3
1572880929 3
1572880930 3
1572880931 4
1572881259 2
1572881260 2
1572881261 2
1572881262 3
1572881263 2
1572881264 1
1572881265 2
1572881266 3
1572881267 3
1572881268 3
1572881269 3
1572881594 2
1572881595 2
1572881596 2
1572881597 3
1572881598 3
1572881599 3
1572881600 3
1572881601 3
1572881602 3
1572881927 2
1572881928 2
1572881929 3
1572881930 3
1572881931 3
1572881932 3
1572881933 3
1572881934 3
1572882257 2
1572882258 2
1572882259 2
1572882260 3
1572882261 3
1572882262 3
1572882263 3
1572882264 4
1572882647 2
1572882648 2
1572882649 2
1572882650 4
1572882651 3
1572882652 3
1572882653 3
1572882654 3
1572882655 3
1572882999 3
1572883000 3
1572883001 3
1572883002 3
1572883003 3
1572883004 3
1572883005 3
1572883006 3
1572883337 2
1572883338 2
1572883339 2
1572883340 3
1572883341 3
1572883342 3
1572883343 3
1572883344 3
1572883345 3
