1572967909 2
1572967910 2
1572967911 2
1572967912 2
1572967913 2
1572967914 2
1572967915 3
1572967916 4
1572967917 3
1572969210 2
1572969211 2
1572969212 2
1572969213 2
1572969214 2
1572969215 2
1572969216 3
1572969217 3
1572969218 3
1572969872 2
1572969873 2
1572969874 2
1572969875 2
1572969876 2
1572969877 2
1572969878 3
1572969879 5
1572970521 2
1572970522 2
1572970523 2
1572970524 2
1572970525 2
1572970526 2
1572970527 3
1572970528 3
1572971172 4
1572971173 4
1572971174 3
1572971175 4
1572971176 6
1572971177 4
1572971178 5
1572971179 4
1572971180 4
1572971834 2
1572971835 2
1572971836 4
1572971837 3
1572971838 5
1572971839 5
1572971840 6
1572971841 6
1572971842 4
1572972495 2
1572972496 4
1572972497 3
1572972498 4
1572972499 3
1572972500 3
1572972501 4
1572972502 4
1572973208 4
1572973209 4
1572973210 3
1572973211 5
1572973212 4
1572973213 3
1572973214 4
1572973215 4
1572973860 4
1572973861 4
1572973862 4
1572973863 4
1572973864 5
1572973865 5
1572973866 6
1572973867 6
1572973868 5
1572974512 3
1572974513 3
1572974514 3
1572974515 4
1572974516 4
1572974517 3
1572974518 4
1572974519 4
1572975235 3
1572975236 4
1572975237 4
1572975238 5
1572975239 5
1572975240 5
1572975241 6
1572975242 6
1572975566 2
1572975567 3
1572975568 3
1572975569 3
1572975570 4
1572975571 4
1572975572 5
1572975573 4
1572975574 5
1572975933 2
1572975934 3
1572975935 3
1572975936 3
1572975937 4
1572975938 4
1572975939 4
1572975940 5
1572975941 4
1572976315 4
1572976316 3
1572976317 2
1572976318 3
1572976319 4
1572976320 4
1572976321 4
1572976322 3
1572976323 5
1572976647 3
1572976648 4
1572976649 5
1572976650 3
1572976651 5
1572976652 4
1572976653 4
1572976654 4
1572976976 2
1572976977 3
1572976978 3
1572976979 3
1572976980 4
1572976981 2
1572976982 4
1572976983 3
1572976984 3
1572977307 3
1572977308 3
1572977309 4
1572977310 3
1572977311 5
1572977312 5
1572977313 6
1572977314 6
1572977315 5
1572977669 2
1572977670 3
1572977671 3
1572977672 5
1572977673 4
1572977674 3
1572977675 4
1572977676 4
1572977677 5
1572978017 4
1572978018 4
1572978019 4
1572978020 5
1572978021 6
1572978022 4
1572978023 4
1572978024 4
