1580217886 3
1580217887 3
1580217888 3
1580217889 3
1580217890 2
1580217891 2
1580217892 2
1580217893 2
1580218214 2
1580218215 2
1580218216 2
1580218217 2
1580218218 2
1580218219 2
1580218220 2
1580218221 2
1580218222 2
1580218540 3
1580218541 3
1580218542 3
1580218543 3
1580218544 2
1580218545 2
1580218546 3
1580218547 3
1580219225 2
1580219226 2
1580219227 2
1580219228 1
1580219229 1
1580219230 1
1580219231 1
1580219232 1
1580219233 1
1580219234 1
1580219235 1
1580219236 2
1580219237 2
1580219238 2
1580219239 2
1580219240 2
1580219241 1
1580219242 1
1580219243 1
1580219244 3
1580219245 2
1580219246 2
1580219247 2
1580219248 3
1580219249 3
1580219587 2
1580219588 2
1580219589 2
1580219590 2
1580219591 2
1580219592 2
1580219593 2
1580219594 2
1580222301 2
1580222302 2
1580222303 2
1580222304 2
1580222305 2
1580222306 2
1580222307 2
1580222308 2
1580222617 3
1580222618 3
1580222619 5
1580222620 3
1580222621 4
1580222622 2
1580222623 2
1580222624 2
1580222929 3
1580222930 2
1580222931 2
1580222932 2
1580222933 2
1580222934 2
1580222935 2
1580222936 2
1580223234 2
1580223235 2
1580223236 2
1580223237 2
1580223238 2
1580223239 2
1580223240 2
1580223241 2
1580223611 2
1580223612 2
1580223613 2
1580223614 3
1580223615 2
1580223616 1
1580223617 1
1580223618 3
1580223619 3
1580223620 3
1580223621 5
1580224175 2
1580224176 2
1580224177 2
1580224178 2
1580224179 2
1580224180 2
1580224181 2
1580224182 2
1580224183 2
1580224733 2
1580224734 2
1580224735 2
1580224736 2
1580224737 2
1580224738 2
1580224739 2
1580225294 3
1580225295 3
1580225296 3
1580225297 3
1580225298 3
1580225299 2
1580225300 2
1580225301 2
1580225857 2
1580225858 2
1580225859 2
1580225860 2
1580225861 2
1580225862 2
1580225863 2
1580226438 3
1580226439 2
1580226440 3
1580226441 3
1580226442 2
1580226443 2
1580226444 2
1580226445 2
1580227005 2
1580227006 2
1580227007 2
1580227008 3
1580227009 2
1580227010 2
1580227011 2
1580227012 2
1580227602 2
1580227603 2
1580227604 3
1580227605 3
1580227606 2
1580227607 2
1580227608 2
1580227609 2
1580228186 3
1580228187 3
1580228188 2
1580228189 2
1580228190 2
1580228191 2
1580228192 2
1580228193 2
1580228746 2
1580228747 2
1580228748 2
1580228749 2
1580228750 2
1580228751 2
1580228752 2
