1572007113 2
1572007114 2
1572007115 2
1572007116 2
1572007117 2
1572007118 2
1572007119 2
1572007120 2
1572007121 2
1572007122 2
1572007123 3
1572007505 2
1572007506 2
1572007507 2
1572007508 2
1572007509 2
1572007510 2
1572007511 2
1572007512 2
1572007513 2
1572007514 2
1572007515 2
1572008007 2
1572008008 2
1572008009 2
1572008010 2
1572008011 2
1572008012 2
1572008013 2
1572008014 2
1572008015 2
1572008016 2
1572008017 4
1572008408 2
1572008409 2
1572008410 2
1572008411 3
1572008412 2
1572008413 2
1572008414 2
1572008415 2
1572008416 3
1572008417 2
1572008418 3
1572008811 2
1572008812 2
1572008813 2
1572008814 2
1572008815 2
1572008816 2
1572008817 2
1572008818 2
1572008819 2
1572008820 3
1572008821 3
1572009205 2
1572009206 2
1572009207 2
1572009208 3
1572009209 2
1572009210 2
1572009211 2
1572009212 2
1572009213 2
1572009214 2
1572009215 2
1572009594 2
1572009595 2
1572009596 2
1572009597 2
1572009598 2
1572009599 2
1572009600 2
1572009601 2
1572009602 2
1572009603 2
1572009604 3
1572009986 2
1572009987 2
1572009988 2
1572009989 2
1572009990 2
1572009991 2
1572009992 2
1572009993 2
1572009994 2
1572009995 2
1572009996 2
1572010382 3
1572010383 3
1572010384 2
1572010385 2
1572010386 2
1572010387 2
1572010388 2
1572010389 2
1572010390 2
1572010391 2
1572010772 2
1572010773 2
1572010774 2
1572010775 2
1572010776 2
1572010777 2
1572010778 2
1572010779 3
1572010780 2
1572010781 2
1572010782 2
1572013334 2
1572013335 2
1572013336 2
1572013337 2
1572013338 3
1572013339 2
1572013340 2
1572013341 2
1572013342 3
1572013343 3
1572013344 2
1572013728 2
1572013729 2
1572013730 2
1572013731 2
1572013732 2
1572013733 2
1572013734 2
1572013735 2
1572013736 2
1572013737 2
1572013738 2
1572014119 3
1572014120 4
1572014121 4
1572014122 4
1572014123 4
1572014124 6
1572014125 6
1572014126 6
1572014127 5
1572014128 5
1572014129 3
1572014510 4
1572014511 4
1572014512 3
1572014513 4
1572014514 7
1572014515 7
1572014516 6
1572014517 5
1572014518 5
1572014519 4
1572014900 3
1572014901 4
1572014902 4
1572014903 4
1572014904 5
1572014905 6
1572014906 6
1572014907 5
1572014908 5
1572014909 4
1572014910 5
