1571397965 2
1571397966 2
1571397967 2
1571397968 3
1571397969 2
1571397970 3
1571397971 2
1571397972 2
1571397973 3
1571397974 2
1571398360 2
1571398361 2
1571398362 2
1571398363 2
1571398364 2
1571398365 2
1571398366 2
1571398367 2
1571398368 2
1571398369 3
1571398370 3
1571398752 3
1571398753 2
1571398754 2
1571398755 3
1571398756 3
1571398757 2
1571398758 2
1571398759 2
1571398760 2
1571398761 2
1571398762 2
1571398763 2
1571399145 2
1571399146 2
1571399147 2
1571399148 2
1571399149 2
1571399150 3
1571399151 3
1571399152 3
1571399153 3
1571399154 3
1571399535 2
1571399536 2
1571399537 2
1571399538 3
1571399539 3
1571399540 3
1571399541 2
1571399542 2
1571399543 3
1571399544 2
1571399932 2
1571399933 2
1571399934 2
1571399935 2
1571399936 2
1571399937 2
1571399938 2
1571399939 2
1571399940 2
1571399941 3
1571399942 3
1571400324 2
1571400325 2
1571400326 2
1571400327 3
1571400328 2
1571400329 2
1571400330 3
1571400331 2
1571400332 3
1571400333 3
1571400334 3
1571400335 3
1571400753 2
1571400754 2
1571400755 2
1571400756 2
1571400757 3
1571400758 4
1571400759 3
1571400760 2
1571400761 3
1571400762 2
1571401145 2
1571401146 2
1571401147 2
1571401148 3
1571401149 2
1571401150 2
1571401151 2
1571401152 2
1571401153 2
1571401154 2
1571401537 2
1571401538 2
1571401539 2
1571401540 2
1571401541 4
1571401542 3
1571401543 3
1571401544 2
1571401545 2
1571401546 2
1571406919 2
1571406920 2
1571406921 2
1571406922 3
1571406923 2
1571406924 3
1571406925 2
1571406926 3
1571406927 3
1571406928 2
1571407309 2
1571407310 2
1571407311 2
1571407312 2
1571407313 2
1571407314 3
1571407315 2
1571407316 2
1571407317 2
1571407701 2
1571407702 2
1571407703 2
1571407704 3
1571407705 3
1571407706 2
1571407707 3
1571407708 2
1571407709 2
1571407710 2
1571408089 2
1571408090 2
1571408091 2
1571408092 2
1571408093 2
1571408094 3
1571408095 2
1571408096 3
1571408097 3
1571408098 3
1571408099 3
1571408483 2
1571408484 2
1571408485 2
1571408486 2
1571408487 2
1571408488 2
1571408489 2
1571408490 2
1571408491 2
1571408492 3
1571408493 3
