1575292992 3
1575292993 2
1575292994 3
1575292995 2
1575292996 2
1575292997 2
1575292998 2
1575292999 2
1575293325 1
1575293326 1
1575293327 2
1575293328 2
1575293329 2
1575293330 2
1575293331 2
1575293332 2
1575293664 2
1575293665 2
1575293666 2
1575293667 3
1575293668 2
1575293669 2
1575293670 2
1575293671 2
1575293672 2
1575294003 2
1575294004 2
1575294005 2
1575294006 2
1575294007 2
1575294008 2
1575294009 2
1575294010 3
1575294346 2
1575294347 2
1575294348 3
1575294349 2
1575294350 2
1575294351 2
1575294352 2
1575294353 2
1575294685 2
1575294686 2
1575294687 2
1575294688 2
1575294689 1
1575294690 2
1575294691 2
1575294692 2
1575294693 3
1575294694 3
1575295444 2
1575295445 2
1575295446 2
1575295447 2
1575295448 2
1575295449 2
1575295450 2
1575295451 2
1575295800 2
1575295801 2
1575295802 2
1575295803 2
1575295804 2
1575295805 2
1575295806 2
1575295807 2
1575297003 3
1575297004 3
1575297005 3
1575297006 3
1575297007 3
1575297008 3
1575297009 2
1575297010 2
1575297559 3
1575297560 3
1575297561 3
1575297562 4
1575297563 3
1575297564 3
1575297565 3
1575298146 2
1575298147 4
1575298148 3
1575298149 4
1575298150 3
1575298151 4
1575298152 4
1575298153 3
1575298711 2
1575298712 3
1575298713 3
1575298714 3
1575298715 3
1575298716 3
1575298717 3
1575298718 3
1575299291 3
1575299292 3
1575299293 3
1575299294 4
1575299295 3
1575299296 3
1575299297 4
1575299864 2
1575299865 2
1575299866 2
1575299867 3
1575299868 2
1575299869 2
1575299870 2
1575299871 2
1575299872 2
1575300487 2
1575300488 2
1575300489 2
1575300490 2
1575300491 2
1575300492 2
1575300493 2
1575301057 2
1575301058 2
1575301059 3
1575301060 4
1575301061 2
1575301062 2
1575301063 2
1575301064 2
1575301863 2
1575301864 3
1575301865 4
1575301866 3
1575301867 3
1575301868 3
1575301869 3
1575301870 4
1575301871 3
1575301872 3
