1582886192 3
1582886193 3
1582886194 4
1582886195 4
1582886196 3
1582886197 3
1582886198 3
1582886199 3
1582886479 3
1582886480 2
1582886481 3
1582886482 3
1582886483 3
1582886484 3
1582886485 3
1582886774 3
1582886775 3
1582886776 2
1582886777 3
1582886778 3
1582886779 3
1582886780 2
1582886781 3
1582887062 3
1582887063 2
1582887064 3
1582887065 5
1582887066 3
1582887067 3
1582887068 3
1582887354 3
1582887355 4
1582887356 3
1582887357 4
1582887358 3
1582887359 2
1582887360 2
1582887361 2
1582887645 3
1582887646 3
1582887647 2
1582887648 2
1582887649 3
1582887650 3
1582887651 3
1582887652 3
1582887929 3
1582887930 3
1582887931 5
1582887932 4
1582887933 4
1582887934 4
1582887935 3
1582887936 3
1582888216 3
1582888217 3
1582888218 3
1582888219 2
1582888220 2
1582888221 2
1582888222 2
1582888223 2
1582888503 3
1582888504 3
1582888505 3
1582888506 4
1582888507 3
1582888508 3
1582888509 2
1582888510 2
1582888864 3
1582888865 3
1582888866 3
1582888867 4
1582888868 3
1582888869 3
1582888870 2
1582888871 3
