1573827938 2.389843618
1573828250 2.179041209
1573828560 2.09971397
1573828865 2.096410133
1573829171 2.059607362
1573829477 2.013029154
1573829858 1.874988227
1573830343 2.220964738
1573830651 2.015819142
1573830959 2.21402585
1573831352 2.056003677
1573831509 2.26095625
1573831667 2.345533656
1573831840 2.077757712
1573831992 2.51558494
1573832151 2.040589728
1573832307 2.395879188
1573832475 2.100807473
1573832630 1.920264896
1573832784 2.016296154
1573832968 1.872662727
1573833138 2.210443306
1573833458 1.991424004
1573833615 1.981246454
