1580304671 2.17590982
1580304828 2.389424764
1580304989 2.116444601
1580305149 1.877028653
1580305312 1.833516107
1580305494 2.194020736
1580305656 2.23435771
1580305815 2.214797946
1580305971 1.797670094
1580306130 2.56285258
1580306435 1.95580915
1580306736 1.711033609
1580307051 2.128165147
1580307470 33.272798543
1580307593 2.035421776
1580307922 2.323809733
1580308234 1.959304863
1580310437 2.08415143
1580310750 2.322935113
1580311065 2.102263104
1580311373 2.000829652
1580311684 2.091368558
1580312091 1.858450232
1580312677 1.751606359
1580313234 1.890191133
1580314198 2.132641971
1580314754 2.131476586
1580315310 2.02636832
1580315874 2.11707401
1580316577 1.965284149
1580317149 2.26170126
