1582113055 2.393854136
1582113226 2.173681159
1582113389 1.772688676
1582113555 2.181190843
1582113718 1.746940502
1582113896 2.386117643
1582114060 1.791797483
1582114222 1.676913648
1582114389 2.272313177
1582114551 2.10009671
1582114718 1.738943199
1582114878 1.78375014
1582115045 1.774927085
1582115374 1.751027983
1582115537 1.676227769
1582115701 2.353004545
1582115863 1.860804549
1582116039 1.99215622
1582116254 2.096300529
1582116435 1.74704884
1582116600 2.34899228
1582118921 2.428837939
1582119085 1.66739043
1582119252 1.846152361
1582119421 1.73175113
1582119602 2.14446303
1582119768 1.589062333
1582119936 2.058549113
1582120111 1.794310831
1582120294 1.766158449
1582120597 2.184342746
1582120835 1.97842353
1582121000 2.339221139
1582121169 1.691752255
1582121409 1.75665091
1582125153 1.746457493
1582125313 1.87432068
1582125796 1.660104271
1582125962 2.236830158
1582126132 1.864513648
1582126292 2.009718738
1582126458 1.663683913
1582126622 1.671567834
1582126789 1.669130393
1582126950 1.766980656
1582127109 1.701457376
1582127276 1.665634838
1582127446 2.448247789
1582127609 1.7943612
1582127773 1.713221001
1582127934 1.628070604
1582128101 1.723005996
1582128261 1.663748265
1582128443 1.710967555
1582128604 1.71652024
1582128770 2.427349806
1582128934 1.752699199
1582129105 1.704550767
1582129265 2.138875441
1582129425 2.343209138
1582129590 1.60633603
