1575291366 4
1575291367 4
1575291368 4
1575291369 4
1575291370 4
1575291371 3
1575291372 3
1575291373 3
1575291374 3
1575291375 3
1575291376 3
1575291377 3
1575291378 3
1575291379 3
1575291380 2
1575302340 6
1575302341 4
1575302342 4
1575302343 5
1575302344 4
1575302345 4
1575302346 4
1575302347 3
1575302348 3
1575302349 3
1575302350 3
1575302351 3
1575302352 3
1575302353 3
1575302354 3
1575302355 3
1575302356 3
1575302357 3
1575302358 4
1575302359 4
1575302360 4
1575302361 4
1575302362 4
1575302363 4
1575302364 4
1575302365 4
1575302366 4
1575302367 4
1575302368 4
1575302369 4
1575302370 4
1575302371 4
1575302372 4
1575302373 4
1575302374 4
1575302375 4
1575302376 4
1575302377 4
1575302378 4
1575302379 4
1575302380 4
1575302381 4
1575302382 4
1575302383 4
1575302384 4
1575302385 4
1575302386 4
1575302387 3
1575302388 3
