1572978275 4
1572978276 4
1572978277 4
1572978278 4
1572978279 4
1572978280 4
1572978281 4
1572978282 4
1572978283 4
1572978284 4
1572978285 3
1572978286 3
1572978287 3
1572978288 3
1572978289 4
1572978290 3
1572978291 3
1572978292 2
1572978293 2
1572978294 2
1572978295 2
1572978296 2
1572978297 2
1572978298 2
1572978299 2
1572978300 2
1572978301 2
1572978302 2
1572978303 2
1572978304 2
1572978305 2
1572978306 2
1572978307 2
1572978308 2
1572978309 2
1572978310 1
1572978311 1
1572978312 1
1572978313 1
1572978314 1
