1571409926 4
1571409927 4
1571409928 4
1571409929 4
1571409930 4
1571409931 4
1571409932 4
1571409933 4
1571409934 4
1571409935 4
1571409936 4
1571409937 4
1571409938 4
1571409939 4
1571409940 4
1571409941 4
1571409942 4
1571409943 4
1571409944 4
1571409945 4
1571409946 4
1571409947 4
1571409948 4
1571409949 4
1571409950 4
1571409951 4
1571409952 4
1571409953 4
1571409954 4
1571409955 4
1571409956 4
1571409957 4
1571409958 4
1571409959 4
1571409960 4
1571409961 4
1571409962 4
1571409963 4
1571409964 4
1571409965 4
1571409966 4
1571409967 4
1571409968 4
1571409969 4
1571409970 4
1571409971 4
1571409972 4
1571409973 4
1571409974 4
1571409975 4
1571409976 4
1571409977 4
1571409978 4
1571409979 4
1571409980 4
1571409981 4
1571409982 4
1571409983 4
1571409984 4
1571409985 4
1571409986 4
1571409987 4
1571409988 4
1571409989 4
1571409990 4
1571409991 4
1571409992 4
1571409993 4
1571409994 4
1571409995 4
1571409996 4
1571409997 4
1571409998 4
1571409999 4
1571410000 4
1571410001 4
1571410002 4
1571410003 4
1571410004 4
1571410005 4
1571410006 4
1571410007 4
1571410008 4
1571410009 4
1571410010 4
1571410011 4
1571410012 4
1571410013 4
1571410014 4
1571410015 4
1571410016 4
1571410017 3
1571410018 2
1571410019 2
1571410020 2
1571410021 2
1571410022 2
1571410023 2
1571410024 2
1571410025 2
