1571752127 2.817856765
1571752324 2.842252898
1571752529 2.646945479
1571752726 2.816153053
1571752922 2.770179044
1571753119 2.728796766
1571753315 2.608636945
1571753513 2.745739145
1571753709 3.548001857
1571753905 125.58214132
1571754414 3.437493138
1571754805 3.676633286
1571755208 15.656962532
1571755610 15.622510232
1571756838 30.174620299
1571757275 14.0984682
1571757693 3.689997973
1571758091 16.232734793
1571760264 2.848336683
1571760462 2.850824226
1571760663 2.82619134
1571760863 2.735954001
1571761274 2.843951616
1571761467 2.980974475
1571761662 2.822059399
1571762067 2.911847025
1571762488 3.034109667
1571762884 15.960577471
1571763274 3.840630248
1571763665 3.500506365
1571764070 13.836147038
1571764483 3.552009782
1571764875 13.823637102
1571765264 13.004264177
1571765656 3.456309355
1571766045 3.668071053
1571767013 14.461643046
