1582899034 3
1582899035 3
1582899036 3
1582899037 4
1582899038 3
1582899039 3
1582899597 2
1582899598 3
1582899599 3
1582899600 4
1582899601 4
1582899602 4
1582900164 3
1582900165 3
1582900166 3
1582900167 4
1582900168 4
1582900169 3
1582900724 2
1582900725 3
1582900726 3
1582900727 4
1582900728 4
1582900729 4
1582902468 3
1582902469 3
1582902470 3
1582902471 4
1582902472 4
1582902473 3
1582903028 4
1582903029 4
1582903030 4
1582903031 4
1582903032 4
1582903033 5
1582903633 2
1582903634 3
1582903635 3
1582903636 4
1582903637 3
1582903638 3
