1575385949 3
1575385950 3
1575385951 4
1575385952 4
1575385953 4
1575385954 4
1575385955 3
1575386261 2
1575386262 3
1575386263 4
1575386264 4
1575386265 5
1575386266 5
1575386267 4
1575386573 2
1575386574 4
1575386575 4
1575386576 4
1575386577 5
1575386578 4
1575386979 3
1575386980 3
1575386981 4
1575386982 4
1575386983 3
1575386984 3
1575387286 3
1575387287 3
1575387288 3
1575387289 3
1575387290 4
1575387291 2
1575387595 2
1575387596 3
1575387597 3
1575387598 4
1575387599 5
1575387600 5
1575387601 3
1575387905 3
1575387906 3
1575387907 3
1575387908 4
1575387909 4
1575387910 3
1575388212 2
1575388213 3
1575388214 3
1575388215 3
1575388216 4
1575388217 3
1575388523 2
1575388524 3
1575388525 3
1575388526 3
1575388527 4
1575388528 3
1575388825 4
1575388826 3
1575388827 3
1575388828 3
1575388829 4
1575388830 4
1575388831 2
1575390399 3
1575390400 3
1575390401 3
1575390402 4
1575390403 4
1575390404 2
1575390968 3
1575390969 4
1575390970 3
1575390971 3
1575390972 4
1575390973 4
1575390974 2
1575391531 4
1575391532 4
1575391533 4
1575391534 4
1575391535 5
1575391536 4
1575391537 2
1575392097 4
1575392098 5
1575392099 5
1575392100 4
1575392101 4
1575392102 4
1575392103 4
1575392104 4
1575392105 4
1575392106 4
1575392107 4
1575392108 4
1575392109 4
1575392110 4
1575392111 4
1575392112 4
1575392113 4
1575392114 4
1575392115 4
1575392116 4
1575392117 4
1575392118 4
1575392119 4
1575392120 4
1575392121 4
1575392122 4
1575392123 4
1575392124 4
1575392125 4
1575392126 4
1575392127 4
1575392128 4
1575392129 4
1575392130 4
1575392131 5
1575392132 7
1575392133 7
1575392134 7
1575392135 7
1575392136 8
1575392137 8
1575392138 8
1575392139 8
1575392140 8
1575392141 8
1575392142 8
1575392143 8
1575392144 8
1575392145 7
1575392146 7
1575392147 6
1575392148 6
1575392149 6
1575392150 6
1575392151 6
1575392152 6
1575392153 6
1575392154 6
1575392155 6
1575392156 6
1575392157 6
1575392158 7
1575392159 7
1575392160 7
1575392161 6
1575392907 4
1575392908 3
1575392909 3
1575392910 3
1575392911 3
1575392912 5
1575392913 4
1575393543 3
1575393544 4
1575393545 3
1575393546 3
1575393547 4
1575393548 4
1575393549 2
1575394103 3
1575394104 4
1575394105 4
1575394106 3
1575394107 5
1575394108 4
1575394109 3
1575394669 2
1575394670 3
1575394671 3
1575394672 3
1575394673 3
1575394674 3
1575394675 2
1575395233 3
1575395234 3
1575395235 3
1575395236 3
1575395237 4
1575395238 2
1575395796 2
1575395797 3
1575395798 3
1575395799 3
1575395800 4
1575395801 4
