1573209179 5
1573209180 3
1573209181 3
1573209182 3
1573209183 2
1573209184 2
1573209185 2
1573209850 2
1573209851 2
1573209852 2
1573209853 2
1573209854 2
1573209855 3
1573209856 2
1573210510 3
1573210511 3
1573210512 3
1573210513 2
1573210514 2
1573210515 2
1573210516 2
1573211180 3
1573211181 3
1573211182 3
1573211183 3
1573211184 3
1573211185 3
1573211186 2
1573211838 2
1573211839 2
1573211840 2
1573211841 2
1573211842 2
1573211843 2
1573211844 1
1573212486 4
1573212487 2
1573212488 2
1573212489 2
1573212490 2
1573212491 2
1573212492 2
1573213138 2
1573213139 2
1573213140 2
1573213141 2
1573213142 3
1573213143 1
1573213144 1
1573213787 4
1573213788 4
1573213789 2
1573213790 2
1573213791 2
1573213792 2
1573213793 2
1573213794 1
1573214461 2
1573214462 2
1573214463 2
1573214464 2
1573214465 2
1573214466 1
1573215118 3
1573215119 3
1573215120 3
1573215121 2
1573215122 2
1573215123 2
1573215124 1
1573218332 4
1573218333 3
1573218334 3
1573218335 3
1573218336 3
1573218337 1
1573218338 1
1573218663 4
1573218664 4
1573218665 3
1573218666 3
1573218667 3
1573218668 3
1573218669 2
