1572533687 2
1572533688 2
1572533689 3
1572533690 3
1572533691 3
1572533692 3
1572533693 2
1572534032 3
1572534033 2
1572534034 3
1572534035 3
1572534036 3
1572534037 2
1572534038 2
1572534380 3
1572534381 3
1572534382 4
1572534383 4
1572534384 4
1572534385 4
1572534386 4
1572534387 4
1572534388 3
1572534389 4
1572534390 4
1572534391 4
1572534392 4
1572534393 4
1572534394 4
1572534720 3
1572534721 2
1572534722 3
1572534723 3
1572534724 3
1572534725 2
1572535054 2
1572535055 2
1572535056 3
1572535057 3
1572535058 3
1572535059 3
1572535060 3
1572535402 3
1572535403 2
1572535404 3
1572535405 3
1572535406 3
1572535407 2
1572535408 2
1572535732 3
1572535733 3
1572535734 3
1572535735 3
1572535736 3
1572535737 3
1572536067 3
1572536068 2
1572536069 3
1572536070 3
1572536071 3
1572536072 2
1572536073 2
1572536430 2
1572536431 2
1572536432 3
1572536433 4
1572536434 4
1572536435 4
1572536436 4
1572536766 2
1572536767 2
1572536768 3
1572536769 3
1572536770 3
1572536771 2
1572536772 2
1572537683 3
1572537684 3
1572537685 4
1572537686 4
1572537687 4
1572537688 3
1572537689 3
1572538336 3
1572538337 2
1572538338 3
1572538339 3
1572538340 3
1572538341 2
1572538342 2
1572538996 3
1572538997 2
1572538998 3
1572538999 3
1572539000 3
1572539001 2
1572539002 2
1572539649 3
1572539650 2
1572539651 3
1572539652 3
1572539653 3
1572539654 2
1572539655 2
1572540297 3
1572540298 2
1572540299 3
1572540300 3
1572540301 3
1572540302 2
1572540303 2
1572541207 4
1572541208 3
1572541209 4
1572541210 3
1572541211 3
1572541212 3
1572541213 3
1572541855 3
1572541856 2
1572541857 3
1572541858 3
1572541859 3
1572541860 2
1572541861 2
1572542504 5
1572542505 4
1572542506 3
1572542507 3
1572542508 3
1572542509 3
1572542510 2
1572543151 3
1572543152 3
1572543153 3
1572543154 3
1572543155 3
1572543156 2
1572543823 4
1572543824 2
1572543825 3
1572543826 3
1572543827 3
1572543828 3
1572543829 2
