1571754193 4.06605763
1571754584 3.889406557
1571754985 3.89709925
1571755381 3.88572221
1571756613 3.917452733
1571757043 3.951703903
1571757472 3.907047618
1571757868 3.895525918
1571758262 3.895333124
1571758652 4.028468155
1571762266 3.992515235
1571762662 3.891020898
1571763055 3.976770118
1571763443 4.018342591
1571763837 3.935069872
1571764243 3.762237545
1571764653 4.02262914
1571765044 3.893526227
1571765433 4.021048642
1571765824 3.904673194
1571766402 3.948388714
1571767184 4.012175802
