1572871696 3.87710197
1572872345 2.225676116
1572873025 3.800437614
1572873676 3.580348561
1572874346 3.190843551
1572875398 3.589527527
1572876267 3.790223097
1572876304 3.72449431
1572877477 3.710117523
1572878133 3.720252606
1572879375 3.664108072
1572880007 3.870022216
1572880435 3.612223025
1572880770 3.789999804
1572881120 3.838935064
1572881452 3.835272166
1572881787 3.706731725
1572882117 3.800876469
1572882503 4.491866449
1572882838 3.769077662
1572883190 3.622885114
1572883533 3.742278872
