1575386064 3.448643704
1575386377 3.157363661
1575386688 3.435951317
1575387091 3.036281228
1575387400 3.213504783
1575388019 3.513954787
1575388326 3.191068813
1575388635 3.480090775
1575388940 3.387416299
1575390501 3.120240222
1575391071 3.383264274
1575391633 3.321035621
1575392445 3.415438376
1575393061 3.369161367
1575393644 3.430642356
1575394209 3.360496367
1575395335 3.379420916
1575395900 3.0865208
1575397195 7.850328378
1575397470 5.770429047
1575398035 12.566789172
1575398280 8.898890715
