1571751947 2.699625665
1571752142 3.257153332
1571752341 2.807991657
1571752546 2.67022966
1571752741 2.688536347
1571752937 2.65523134
1571753135 2.87195887
1571753332 2.770317068
1571753528 2.736851414
1571753725 2.773626423
1571754034 2.848513313
1571754430 2.711138281
1571754824 2.58348184
1571755227 2.742694581
1571755628 2.836336338
1571756460 2.805802466
1571756871 2.822853076
1571757315 5.825696738
1571757709 2.634967649
1571758109 2.742690412
1571758499 2.854176773
1571760083 2.831644908
1571760279 2.776266329
1571760481 2.91012267
1571760679 2.686650476
1571760878 2.656722357
1571761090 2.896330295
1571761289 2.946788202
1571761483 2.854517203
1571761679 2.730883443
1571761879 2.644415864
1571762111 2.840576995
1571762503 2.734009415
1571762903 2.734687849
1571763291 2.973029236
1571763682 2.819245934
1571764086 2.793630196
1571764499 2.784852358
1571764892 2.991836628
1571765280 2.726216517
1571765671 2.768713496
1571766248 2.755426434
1571767031 2.947979385
