1570543070 4
1570543071 2
1570543072 3
1570543073 2
1570543419 2
1570543420 2
1570543421 2
1570543422 2
1570543423 2
1570543424 2
1570543425 1
1570543426 1
1570543427 1
1570543428 1
1570543429 1
1570543430 1
1570543431 1
1570543432 2
1570543433 2
1570543434 2
1570543633 2
1570543634 2
1570543635 2
1570543636 2
1570544562 2
1570544563 2
1570544564 2
1570544565 2
1570544765 2
1570544766 2
1570544767 2
1570544768 2
1570545023 2
1570545024 2
1570545025 2
1570545232 2
1570545233 2
1570545234 2
1570545235 2
