1581935242 4
1581935243 5
1581935244 4
1581935245 4
1581935246 3
1581935247 3
1581935248 3
1581935249 3
1581935250 3
1581935251 3
1581935252 3
1581935253 2
1581935254 2
1581935255 2
1581935256 2
1581935257 2
1581935258 2
1581935259 2
1581935400 4
1581935401 4
1581935402 3
1581935403 3
1581935404 3
1581935405 3
1581935406 3
1581935407 3
1581935408 3
1581935409 3
1581935410 2
1581935411 2
1581935412 2
1581935413 2
1581935414 2
1581935415 2
1581935416 2
1581935417 2
1581935575 2
1581935576 2
1581935577 2
1581935578 2
1581935741 2
1581935742 2
1581935743 2
1581935744 2
1581935745 2
1581935908 2
1581935909 2
1581935910 2
1581935911 2
1581935912 2
1581936080 2
1581936081 2
1581936082 2
1581936083 2
1581936237 4
1581936238 4
1581936239 3
1581936240 3
1581936241 3
1581936242 3
1581936243 3
1581936244 3
1581936245 3
1581936246 3
1581936247 2
1581936248 2
1581936249 2
1581936250 2
1581936251 2
1581936252 2
1581936253 2
1581936254 2
1581936414 2
1581936415 2
1581936416 2
1581936417 2
1581936572 2
1581936573 2
1581936574 2
1581936575 2
1581936576 2
1581936734 4
1581936735 4
1581936736 3
1581936737 3
1581936738 3
1581936739 3
1581936740 4
1581936741 3
1581936742 3
1581936743 3
1581936744 3
1581936745 2
1581936746 2
1581936747 2
1581936748 2
1581936749 2
1581936750 2
1581936751 2
