1579351802 2
1579351803 2
1579351804 2
1579351805 2
1579351968 2
1579351969 2
1579351970 2
1579351971 2
1579352128 2
1579352129 2
1579352130 2
1579352131 2
1579352132 2
1579352289 2
1579352290 2
1579352291 2
1579352292 2
1579352293 2
1579352452 2
1579352453 2
1579352454 2
1579352455 2
1579352456 2
1579352616 2
1579352617 2
1579352618 2
1579352619 2
1579352620 2
1579352774 2
1579352775 2
1579352776 2
1579352777 2
1579352936 2
1579352937 2
1579352938 2
1579352939 2
1579353098 2
1579353099 2
1579353100 2
1579353101 2
1579353102 2
1579353971 2
1579353972 2
1579353973 2
1579353974 2
