1574710879 0 
1574710880 0 
1574710881 0 
1574710882 0 
1574710883 0 
1569854552 0 
1569854553 0 
1569854554 0 
1569854555 0 
1569854556 0 
1569854557 0 
1571330248 1 
1571330249 0 
1571330250 0 
1571330251 0 
1571330252 0 
1571330253 0 
1571330254 0 
1571766605 0 
1571766606 0 
1571766607 0 
1571766608 0 
1571766609 0 
1571766610 0 
1571767387 0 
1571767388 0 
1571767389 0 
1571767390 0 
1571767391 0 
1571767392 0 
1571767393 0 
1572537493 0 
1572537494 0 
1572537495 0 
1572537496 0 
1572537497 0 
1572538149 0 
1572538150 0 
1572538151 0 
1572538152 0 
1572538153 0 
1572538154 0 
1572538809 0 
1572538810 0 
1572538811 0 
1572538812 0 
1572538813 0 
1572538814 0 
1572539462 0 
1572539463 0 
1572539464 0 
1572539465 0 
1572539466 0 
1572540109 0 
1572540110 0 
1572540111 0 
1572540112 0 
1572540113 0 
1572540114 0 
1572541014 1 
1572541015 0 
1572541016 0 
1572541017 0 
1572541018 0 
1572541019 0 
1572541668 1 
1572541669 0 
1572541670 0 
1572541671 0 
1572541672 0 
1572541673 0 
1572542317 0 
1572542318 0 
1572542319 0 
1572542320 0 
1572542321 0 
1572542964 0 
1572542965 0 
1572542966 0 
1572542967 0 
1572542968 0 
1572543629 0 
1572543630 0 
1572543631 0 
1572543632 0 
1572543633 0 
1572871383 0 
1572871384 0 
1572871385 0 
1572871386 0 
1572871387 0 
1572871388 0 
1572872033 0 
1572872034 0 
1572872035 0 
1572872036 0 
1572872037 0 
1572872038 0 
1572872710 0 
1572872711 0 
1572872712 0 
1572872713 0 
1572872714 0 
1572873363 0 
1572873364 0 
1572873365 0 
1572873366 0 
1572873367 0 
1572873368 0 
1572874016 0 
1572874017 0 
1572874018 0 
1572874019 0 
1572874020 0 
1572874021 0 
1572875078 0 
1572875079 0 
1572875080 0 
1572875081 0 
1572875082 0 
1572875083 0 
1572875939 0 
1572875940 0 
1572875941 0 
1572875942 0 
1572875943 0 
1572875944 0 
1572877165 0 
1572877166 0 
1572877167 0 
1572877168 0 
1572877169 0 
1572877170 0 
1572877814 0 
1572877815 0 
1572877816 0 
1572877817 0 
1572877818 0 
1572877819 0 
1572879060 0 
1572879061 0 
1572879062 0 
1572879063 0 
1572879064 0 
1572967450 0 
1572967451 0 
1572967452 0 
1572967453 0 
1572967454 0 
1572968106 1 
1572968107 0 
1572968108 0 
1572968109 0 
1572968110 0 
1572968111 0 
1572969408 0 
1572969409 0 
1572969410 0 
1572969411 0 
1572969412 0 
1572969413 0 
1572970069 1 
1572970070 0 
1572970071 0 
1572970072 0 
1572970073 0 
1572970074 0 
1572970719 1 
1572970720 0 
1572970721 0 
1572970722 0 
1572970723 0 
1572970724 0 
1572971372 0 
1572971373 0 
1572971374 0 
1572971375 0 
1572971376 0 
1572971377 0 
1572972034 0 
1572972035 0 
1572972036 0 
1572972037 0 
1572972038 0 
1572972039 0 
1572972692 0 
1572972693 0 
1572972694 0 
1572972695 0 
1572972696 0 
1572972697 0 
1572973409 0 
1572973410 0 
1572973411 0 
1572973412 0 
1572973413 0 
1572974058 0 
1572974059 0 
1572974060 0 
1572974061 0 
1572974062 0 
1572974063 0 
1572974709 0 
1572974710 0 
1572974711 0 
1572974712 0 
1572974713 0 
1572974714 0 
1573208993 1 
1573208994 0 
1573208995 0 
1573208996 0 
1573208997 0 
1573209648 0 
1573209649 0 
1573209650 0 
1573209651 0 
1573209652 0 
1573209653 0 
1573210322 0 
1573210323 0 
1573210324 0 
1573210325 0 
1573210326 0 
1573210327 0 
1573210991 0 
1573210992 0 
1573210993 0 
1573210994 0 
1573210995 0 
1573210996 0 
1573211649 0 
1573211650 0 
1573211651 0 
1573211652 0 
1573211653 0 
1573211654 1 
1573212298 0 
1573212299 0 
1573212300 0 
1573212301 0 
1573212302 0 
1573212303 0 
1573212949 1 
1573212950 0 
1573212951 0 
1573212952 0 
1573212953 0 
1573212954 0 
1573213600 0 
1573213601 0 
1573213602 0 
1573213603 0 
1573213604 0 
1573214272 0 
1573214273 0 
1573214274 0 
1573214275 0 
1573214276 0 
1573214277 0 
1573214930 0 
1573214931 0 
1573214932 0 
1573214933 0 
1573214934 0 
1573214935 0 
1573310444 0 
1573310445 0 
1573310446 0 
1573310447 0 
1573310448 0 
1573310449 0 
1573311065 0 
1573311066 0 
1573311067 0 
1573311068 0 
1573311069 0 
1573311680 0 
1573311681 0 
1573311682 0 
1573311683 0 
1573311684 0 
1573312385 0 
1573312386 0 
1573312387 0 
1573312388 0 
1573312389 0 
1573312995 0 
1573312996 0 
1573312997 0 
1573312998 0 
1573312999 0 
1573313000 0 
1573313622 0 
1573313623 0 
1573313624 0 
1573313625 0 
1573313626 0 
1573314255 0 
1573314256 0 
1573314257 0 
1573314258 0 
1573314259 0 
1573314868 0 
1573314869 0 
1573314870 0 
1573314871 0 
1573314872 0 
1574696477 0 
1574696478 0 
1574696479 0 
1574696480 0 
1574696481 0 
1574697057 0 
1574697058 0 
1574697059 0 
1574697060 0 
1574697061 0 
1574697648 0 
1574697649 0 
1574697650 0 
1574697651 0 
1574697652 0 
1574698221 0 
1574698222 0 
1574698223 0 
1574698224 0 
1574698225 0 
1574698806 0 
1574698807 0 
1574698808 0 
1574698809 0 
1574698810 0 
1574709592 0 
1574709593 0 
1574709594 0 
1574709595 0 
1574709596 0 
1574710879 0 
1574710880 0 
1574710881 0 
1574710882 0 
1574710883 0 