1572872285 2
1572872286 3
1572872287 3
1572872288 3
1572872289 3
1572872290 3
1572872291 3
1572872292 3
1572872293 2
1572872294 2
1572872295 3
1572872296 2
1572872297 2
1572872298 1
1572872299 1
1572872301 1
1572872302 1
1572872303 1
1572872304 2
1572872305 3
1572872306 4
1572872307 4
1572872308 4
1572872309 5
1572872310 4
1572872311 4
1572872312 4
1572872313 6
1572872314 5
1572872315 5
1572872316 3
1572872317 3
1572872318 3
1572872319 2
1572872320 2
1572872321 2
1572872322 2
1572872323 3
1572872324 5
1572872325 4
1572872326 4
1572872327 4
1572872328 4
1572872329 4
1572872330 4
1572872331 4
1572872332 4
1572872333 4
1572872334 4
1572872335 3
1572872336 2
1572872337 2
1572872338 2
1572872339 2
1572872340 2
1572872341 2
1572872342 2
1572872343 2
1572872344 2
1572872345 2
1572872346 2
1572872347 2
1572872348 2
1572872349 2
1572872350 2
1572872351 2
1572872352 2
1572872353 2
1572872354 2
1572872355 2
1572872356 2
1572872357 2
1572872358 2
1572872359 2
1572872360 2
1572872361 2
1572872362 2
1572872363 2
1572872364 2
1572872365 2
1572872366 2
1572872367 2
1572872368 2
1572872369 3
1572872370 4
1572872371 4
1572872372 4
1572872373 4
1572872374 4
1572872375 4
1572872376 4
1572872377 4
1572872378 4
1572872379 4
1572872380 4
1572872381 4
1572872382 3
1572872383 3
1572872384 3
1572872385 3
1572872386 4
1572872387 5
1572872388 4
1572872389 4
1572872390 3
1572872391 3
1572872392 2
1572872393 2
1572872394 2
1572872395 2
1572872396 2
1572872397 2
1572872398 2
1572872399 2
1572872400 2
1572872401 2
1572872402 2
1572872403 2
1572872404 2
1572872405 2
1572872406 2
1572872407 2
1572872408 2
1572872409 2
1572872410 2
1572872411 2
1572872412 2
1572872413 2
1572872414 2
1572872415 2
1572872416 2
1572872417 2
1572872418 2
1572872419 2
1572872420 2
1572872421 2
1572872422 2
1572872423 2
1572872424 2
1572872425 2
1572872426 3
1572872427 3
1572872428 3
1572872429 3
1572872430 3
1572872431 3
1572872432 3
1572872433 3
1572872434 3
1572872435 3
1572872436 3
1572872437 3
1572872438 2
1572872439 2
1572872440 2
1572872441 3
1572872442 3
1572872443 3
1572872444 3
1572872445 3
1572872446 3
1572872447 2
1572872448 2
1572872449 3
1572872450 4
1572872451 4
1572872452 4
1572872453 3
1572872454 3
1572872455 3
1572872456 1
1572872457 1
1572872458 1
1572872459 1
1572872460 2
1572872461 1
1572872462 1
