1575026493 2
1575026494 2
1575026655 2
1575026816 2
1575026976 2
1575027139 2
1575027140 2
1575027302 2
1575027467 2
1575027468 2
1575027624 2
1575027788 2
1575027953 2
1575027954 2
1575028134 2
1575028442 2
1575028754 2
1575029087 2
1575029323 2
1575029404 2
1575029711 2
1575029712 2
1575030027 2
1575030337 2
1575030338 2
1575030654 2
1575030985 2
1575030986 2
1575032934 2
1575033501 2
1575034092 2
1575034093 2
1575034660 2
1575035232 2
1575036254 2
1575036255 2
1575036830 2
1575036831 2
1575037391 2
1575037948 2
1575037949 2
1575038960 2
