1582631369 2
1582631529 2
1582631685 2
1582631842 2
1582631843 2
1582631999 2
1582632156 2
1582632157 2
1582632317 2
1582632318 2
1582632479 2
1582632637 2
1582632799 2
1582632800 2
1582634894 2
1582634895 2
1582635177 2
1582635178 2
1582635461 2
1582635462 2
1582635745 2
1582635746 2
1582636031 2
1582636319 2
1582636320 2
1582636610 1
1582636900 2
1582636901 2
1582637200 2
1582637496 2
1582637792 2
1582638351 2
1582638928 2
1582638929 2
1582640607 2
1582641165 2
1582641166 2
1582641727 2
1582642301 2
1582642302 2
1582642877 2
1582643479 2
1582643480 2
1582644037 2
