1579184020 2
1579184735 2
1579184897 2
1579185058 2
1579185233 2
1579185234 2
1579185409 2
1579185592 2
1579185765 2
1579185766 2
1579185960 2
1579186132 2
1579186330 2
1579186331 2
1579186673 2
1579187691 2
1579187692 2
1579188018 2
1579188019 2
1579188469 2
1579189000 2
1579189331 2
1579189662 2
1579189998 2
1579190333 2
1579190858 2
1579190859 2
1579191474 2
1579191475 2
1579192039 2
1579192617 2
1579192618 2
1579193185 2
1579193186 2
1579193774 2
1579194339 2
1579194909 2
1579194910 2
1579195473 2
1579195474 2
1579195475 2
1579195476 2
1579195477 2
1579195478 2
1579195479 2
1579195480 2
1579195481 2
1579195482 2
1579195483 2
1579195484 2
1579195485 2
1579195486 2
1579195487 2
1579195488 2
1579195489 2
1579195490 2
1579195491 2
1579196063 2
