1572870111 4
1572870112 4
1572870331 4
1572870332 4
1572870486 1
1572870487 3
1572870488 7
1572870489 9
1572870490 7
1572870491 11
1572870492 7
1572870493 5
1572870494 7
1572870495 5
1572870496 8
1572870497 8
1572870498 8
1572870499 8
1572870500 7
1572870501 7
1572870502 7
1572870503 8
1572870504 7
1572870505 7
1572870506 7
1572870507 5
1572870508 5
1572870509 6
1572870510 4
1572870511 2
1572870512 2
1572870513 3
1572870514 3
1572870515 4
1572870516 4
1572870734 4
1572870735 4
1572870903 4
1572870904 4
1572871723 4
1572872371 4
1572872372 4
1572873052 4
1572873053 4
1572873703 4
1572874373 4
1572874374 4
1572875425 4
1572875426 4
1572876331 4
1572876332 4
1572877504 4
1572877505 4
1572878178 4
1572878179 4
1572879402 4
1572879403 4
1572880034 4
1572880035 4
1572880462 4
1572880463 4
1572880790 2
1572880791 2
1572880792 2
1572880793 1
1572880794 1
1572880795 2
1572880796 2
1572880797 2
1572880798 3
1572880799 4
1572880800 4
1572880801 3
1572881147 4
1572881148 4
1572881479 4
1572881480 4
1572881814 4
1572881815 4
1572882144 4
1572882145 4
1572882535 4
1572882536 4
1572882865 4
1572882866 4
1572883224 4
1572883225 4
1572883560 4
1572883561 4
