1569850093 4
1569850094 4
1569850095 4
1569850853 4
1569850854 4
1569851111 5
1569851112 5
1569851320 3
1569851321 4
1569851663 5
1569851664 5
1569851665 4
1569851876 5
1569851877 5
1569852104 4
1569852105 4
1569852333 5
1569852334 5
1569852566 4
1569852567 4
1569852568 4
1569853211 5
1569853212 5
1569853504 5
1569853505 5
1569853506 5
1569853978 4
1569853979 4
1569855004 4
1569855005 4
1569855544 2
1569855545 2
1569855546 2
1569855547 2
1569855548 2
1569855549 2
1569855550 2
1569855551 2
1569855552 2
1569855553 2
1569855554 2
1569855555 2
1569855556 2
1569855557 2
1569855558 3
1569855559 3
1569855560 4
1569855561 4
1569855562 4
