1580304815 4
1580304816 4
1580304975 4
1580305109 2
1580305110 2
1580305111 5
1580305112 5
1580305113 6
1580305114 9
1580305115 10
1580305116 11
1580305117 11
1580305118 6
1580305119 9
1580305120 10
1580305121 9
1580305122 6
1580305123 3
1580305124 4
1580305125 4
1580305126 5
1580305127 5
1580305128 4
1580305129 4
1580305130 3
1580305131 2
1580305132 2
1580305133 1
1580305134 3
1580305135 3
1580305136 4
1580305137 4
1580305270 2
1580305271 3
1580305272 4
1580305273 6
1580305274 6
1580305275 10
1580305276 9
1580305277 13
1580305278 8
1580305279 8
1580305280 11
1580305281 7
1580305282 8
1580305283 7
1580305284 7
1580305285 7
1580305286 8
1580305287 7
1580305288 7
1580305289 6
1580305290 6
1580305291 6
1580305292 5
1580305293 3
1580305294 2
1580305295 3
1580305296 3
1580305297 4
1580305298 4
1580305454 3
1580305455 5
1580305456 5
1580305457 6
1580305458 9
1580305459 9
1580305460 9
1580305461 11
1580305462 8
1580305463 5
1580305464 5
1580305465 7
1580305466 6
1580305467 3
1580305468 3
1580305469 4
1580305470 5
1580305471 3
1580305472 3
1580305473 4
1580305474 2
1580305475 1
1580305476 2
1580305477 3
1580305478 5
1580305479 4
1580305480 4
1580305616 1
1580305617 2
1580305618 3
1580305619 4
1580305620 5
1580305621 7
1580305622 9
1580305623 8
1580305624 8
1580305625 7
1580305626 10
1580305627 11
1580305628 10
1580305629 6
1580305630 4
1580305631 5
1580305632 4
1580305633 5
1580305634 4
1580305635 3
1580305636 3
1580305637 4
1580305638 3
1580305639 2
1580305640 3
1580305641 3
1580305642 4
1580305643 4
1580305778 3
1580305779 5
1580305780 6
1580305781 5
1580305782 12
1580305783 8
1580305784 12
1580305785 10
1580305786 9
1580305787 9
1580305788 11
1580305789 11
1580305790 9
1580305791 9
1580305792 8
1580305793 8
1580305794 8
1580305795 6
1580305796 6
1580305797 4
1580305798 3
1580305799 2
1580305800 3
1580305801 3
1580305802 4
1580305803 4
1580305934 1
1580305935 3
1580305936 6
1580305937 6
1580305938 5
1580305939 6
1580305940 6
1580305941 8
1580305942 9
1580305943 6
1580305944 6
1580305945 7
1580305946 7
1580305947 5
1580305948 2
1580305949 3
1580305950 5
1580305951 3
1580305952 2
1580305953 1
1580305954 1
1580305955 1
1580305956 2
1580305957 3
1580305958 4
1580305959 4
1580306116 4
1580306251 1
1580306252 3
1580306253 6
1580306254 5
1580306255 7
1580306256 10
1580306257 11
1580306258 7
1580306259 8
1580306260 8
1580306261 6
1580306262 9
1580306263 7
1580306264 4
1580306265 6
1580306266 4
1580306267 4
1580306268 5
1580306269 4
1580306270 4
1580306271 4
1580306272 4
1580306273 3
1580306274 2
1580306275 1
1580306276 2
1580306277 3
1580306278 4
1580306279 4
1580306348 4
1580306349 4
1580306350 5
1580306351 4
1580306352 4
1580306353 4
1580306354 4
1580306355 4
1580306356 4
1580306357 3
1580306358 3
1580306359 3
1580306360 3
1580306361 3
1580306362 2
1580306363 2
1580306364 2
1580306365 2
1580306366 2
1580306367 2
1580306368 2
1580306369 2
1580306370 2
1580306371 2
1580306372 2
1580306373 2
1580306374 2
1580306375 2
1580306376 2
1580306377 2
1580306378 2
1580306379 2
1580306380 2
1580306381 2
1580306382 2
1580306383 2
1580306384 4
1580306385 3
1580306386 4
1580306723 4
1580306724 4
1580307036 4
1580307037 4
1580307908 4
1580307909 4
1580308219 4
1580308220 4
1580308535 4
1580308536 4
1580310737 4
1580311030 2
1580311031 2
1580311032 2
1580311033 2
1580311034 2
1580311035 2
1580311036 2
1580311037 2
1580311038 2
1580311039 2
1580311040 2
1580311041 2
1580311042 2
1580311043 2
1580311044 2
1580311045 2
1580311046 2
1580311047 2
1580311048 3
1580311049 4
1580311050 4
1580311359 4
1580311360 4
1580311654 2
1580311655 2
1580311656 2
1580311657 2
1580311658 2
1580311659 2
1580311660 2
1580311661 2
1580311662 2
1580311663 2
1580311664 2
1580311665 2
1580311666 2
1580311667 2
1580311668 3
1580311669 4
1580311670 4
1580312044 4
1580312045 4
1580312651 2
1580313221 4
1580313222 4
1580314100 4
1580314101 4
1580314729 2
1580314730 2
1580314731 2
1580314732 2
1580314733 2
1580314734 2
1580314735 2
1580314736 2
1580314737 2
1580314738 3
1580314739 4
1580314740 4
1580314741 4
1580315282 2
1580315283 2
1580315284 2
1580315285 2
1580315286 2
1580315287 2
1580315288 2
1580315289 2
1580315290 2
1580315291 2
1580315292 2
1580315293 2
1580315294 2
1580315295 3
1580315296 4
1580315297 4
1580315860 4
1580315861 4
1580316433 4
1580316434 4
1580317130 5
1580317131 4
1580317132 6
1580317718 4
1580317719 4
