1572532504 3
1572532505 4
1572532711 3
1572532712 4
1572532982 3
1572533837 4
1572533838 4
1572534192 4
1572534193 4
1572534539 4
1572534540 4
1572534871 4
1572535219 4
1572535220 4
1572535550 4
1572535551 4
1572535884 4
1572535885 4
1572536215 3
1572536216 3
1572536578 4
1572536579 4
1572536915 4
1572536916 4
1572537837 4
1572537838 4
1572538490 4
1572539146 4
1572539147 4
1572539799 4
1572540454 4
1572540455 4
1572541358 4
1572541359 4
1572542007 4
1572542008 4
1572542655 4
1572542656 4
1572543300 4
1572543301 4
1572543973 4
1572543974 4
1572544768 4
1572544941 4
1572544942 4
1572545117 4
1572545118 4
1572545287 5
1572545288 5
