1579184133 4
1579184134 4
1579184148 4
1579184149 4
1579184150 4
1579184151 4
1579184152 5
1579184153 4
1579184821 1
1579184822 3
1579184823 6
1579184824 8
1579184825 10
1579184826 12
1579184827 9
1579184828 13
1579184829 10
1579184830 10
1579184831 10
1579184832 9
1579184833 5
1579184834 5
1579184835 4
1579184836 4
1579184837 5
1579184838 6
1579184839 6
1579184840 5
1579184841 5
1579184842 6
1579184843 5
1579184844 3
1579184845 2
1579184846 3
1579184847 3
1579184848 4
1579184849 4
1579184984 2
1579184985 4
1579184986 8
1579184987 8
1579184988 9
1579184989 10
1579184990 10
1579184991 15
1579184992 13
1579184993 14
1579184994 9
1579184995 10
1579184996 7
1579184997 6
1579184998 6
1579184999 6
1579185000 7
1579185001 7
1579185002 5
1579185003 5
1579185004 4
1579185005 2
1579185006 1
1579185007 1
1579185008 3
1579185009 3
1579185010 4
1579185011 4
1579185147 3
1579185148 7
1579185149 5
1579185150 3
1579185151 7
1579185152 8
1579185153 7
1579185154 11
1579185155 7
1579185156 7
1579185157 9
1579185158 6
1579185159 6
1579185160 4
1579185161 6
1579185162 5
1579185163 7
1579185164 4
1579185165 4
1579185166 4
1579185167 4
1579185168 2
1579185169 1
1579185170 1
1579185171 2
1579185172 3
1579185173 4
1579185174 4
1579185349 4
1579185498 3
1579185499 4
1579185500 5
1579185501 5
1579185502 9
1579185503 9
1579185504 8
1579185505 10
1579185506 9
1579185507 8
1579185508 9
1579185509 11
1579185510 9
1579185511 9
1579185512 9
1579185513 9
1579185514 9
1579185515 8
1579185516 8
1579185517 8
1579185518 7
1579185519 6
1579185520 4
1579185521 2
1579185522 1
1579185523 1
1579185524 2
1579185525 4
1579185526 4
1579185527 4
1579185704 4
1579185887 4
1579185888 4
1579186074 4
1579186219 3
1579186220 5
1579186221 6
1579186222 7
1579186223 10
1579186224 11
1579186225 8
1579186226 9
1579186227 9
1579186228 7
1579186229 9
1579186230 11
1579186231 8
1579186232 6
1579186233 4
1579186234 5
1579186235 8
1579186236 8
1579186237 6
1579186238 4
1579186239 4
1579186240 3
1579186241 2
1579186242 2
1579186243 4
1579186244 3
1579186245 4
1579186246 4
1579186575 2
1579186576 2
1579186577 2
1579186578 2
1579186579 2
1579186580 2
1579186581 2
1579186582 2
1579186583 2
1579186584 2
1579186585 2
1579186586 2
1579186587 2
1579186588 2
1579186589 2
1579186590 2
1579186591 2
1579186592 2
1579186593 3
1579186594 4
1579186595 4
1579186596 4
1579186928 2
1579186929 2
1579186930 2
1579186931 2
1579186932 2
1579186933 2
1579186934 2
1579186935 2
1579186936 2
1579186937 2
1579186938 2
1579186939 2
1579186940 2
1579186941 2
1579186942 3
1579186943 4
1579186944 4
1579187932 2
1579187933 2
1579187934 2
1579187935 2
1579187936 2
1579187937 2
1579187938 2
1579187939 2
1579187940 2
1579187941 2
1579187942 3
1579187943 2
1579187944 2
1579187945 2
1579187946 2
1579187947 2
1579187948 2
1579187949 2
1579187950 2
1579187951 3
1579187952 4
1579187953 4
1579188285 4
1579188286 4
1579188390 4
1579188391 4
1579189266 4
1579189267 4
1579189584 2
1579189585 2
1579189586 2
1579189587 2
1579189588 2
1579189589 2
1579189590 2
1579189591 2
1579189592 2
1579189593 2
1579189594 2
1579189595 2
1579189596 2
1579189597 2
1579189598 2
1579189599 2
1579189600 2
1579189601 2
1579189602 3
1579189603 4
1579189604 4
1579189928 4
1579189929 4
1579189930 4
1579189931 4
1579190247 2
1579190248 2
1579190249 2
1579190250 2
1579190251 2
1579190252 2
1579190253 2
1579190254 2
1579190255 2
1579190256 2
1579190257 3
1579190258 2
1579190259 2
1579190260 2
1579190261 2
1579190262 2
1579190263 2
1579190264 2
1579190265 2
1579190266 3
1579190267 4
1579190268 4
1579191378 4
1579191379 4
1579191972 2
1579191973 2
1579191974 2
1579191975 2
1579191976 2
1579191977 2
1579191978 2
1579191979 2
1579191980 2
1579191981 2
1579191982 2
1579191983 2
1579191984 2
1579191985 2
1579191986 2
1579191987 2
1579191988 2
1579191989 2
1579191990 3
1579191991 4
1579191992 4
1579191993 4
1579192556 4
1579192557 4
1579193139 4
1579193711 2
1579193712 2
1579193713 2
1579193714 2
1579193715 2
1579193716 2
1579193717 2
1579193718 2
1579193719 2
1579193720 2
1579193721 2
1579193722 2
1579193723 2
1579193724 2
1579193725 3
1579193726 4
1579193727 4
1579194271 2
1579194272 2
1579194273 2
1579194274 2
1579194275 2
1579194276 2
1579194277 2
1579194278 2
1579194279 2
1579194280 2
1579194281 2
1579194282 2
1579194283 2
1579194284 2
1579194285 2
1579194286 2
1579194287 2
1579194288 2
1579194289 3
1579194290 4
1579194291 4
1579194292 4
1579194860 4
1579195425 4
1579195426 4
1579196015 4
1579196016 4
1579196566 2
1579196567 2
1579196568 2
1579196569 2
1579196570 2
1579196571 2
1579196572 2
1579196573 2
1579196574 2
1579196575 5
1579196576 4
1579196577 4
