1582113211 4
1582113212 4
1582113375 4
1582113376 4
1582113542 4
1582113705 4
1582113846 1
1582113847 3
1582113848 2
1582113849 4
1582113850 4
1582113851 6
1582113852 8
1582113853 4
1582113854 8
1582113855 5
1582113856 7
1582113857 10
1582113858 9
1582113859 11
1582113860 8
1582113861 9
1582113862 9
1582113863 9
1582113864 9
1582113865 8
1582113866 8
1582113867 7
1582113868 7
1582113869 6
1582113870 6
1582113871 6
1582113872 6
1582113873 6
1582113874 5
1582113875 6
1582113876 5
1582113877 3
1582113878 2
1582113879 2
1582113880 3
1582113881 4
1582113882 4
1582114047 4
1582114209 4
1582114210 4
1582114375 4
1582114376 4
1582114537 4
1582114702 4
1582114865 4
1582115032 4
1582115033 4
1582115195 4
1582115361 4
1582115523 4
1582115687 4
1582115688 4
1582115849 4
1582115850 4
1582115988 2
1582115989 4
1582115990 7
1582115991 8
1582115992 8
1582115993 8
1582115994 6
1582115995 11
1582115996 6
1582115997 7
1582115998 8
1582115999 8
1582116000 5
1582116001 7
1582116002 4
1582116003 6
1582116004 5
1582116005 7
1582116006 5
1582116007 4
1582116008 3
1582116009 2
1582116010 2
1582116011 3
1582116012 3
1582116013 4
1582116014 4
1582116168 1
1582116169 3
1582116170 7
1582116171 9
1582116172 8
1582116173 6
1582116174 10
1582116175 7
1582116176 14
1582116177 7
1582116178 9
1582116179 9
1582116180 9
1582116181 7
1582116182 10
1582116183 6
1582116184 5
1582116185 7
1582116186 4
1582116187 5
1582116188 4
1582116189 4
1582116190 3
1582116191 2
1582116192 1
1582116193 2
1582116194 3
1582116195 4
1582116196 4
1582116233 3
1582116234 3
1582116235 5
1582116236 5
1582116237 5
1582116238 5
1582116411 4
1582116586 4
1582116587 4
1582116749 4
1582116750 4
1582119071 4
1582119239 4
1582119408 4
1582119554 1
1582119555 3
1582119556 3
1582119557 6
1582119558 7
1582119559 6
1582119560 8
1582119561 9
1582119562 5
1582119563 9
1582119564 7
1582119565 9
1582119566 7
1582119567 6
1582119568 8
1582119569 5
1582119570 5
1582119571 6
1582119572 5
1582119573 5
1582119574 6
1582119575 6
1582119576 6
1582119577 5
1582119578 4
1582119579 4
1582119580 6
1582119581 5
1582119582 4
1582119583 2
1582119584 2
1582119585 4
1582119586 3
1582119587 4
1582119588 4
1582119755 4
1582119923 3
1582120096 4
1582120267 4
1582120268 4
1582120583 4
1582120805 4
1582120806 4
1582120959 1
1582120960 3
1582120961 6
1582120962 8
1582120963 8
1582120964 8
1582120965 7
1582120966 7
1582120967 10
1582120968 7
1582120969 9
1582120970 14
1582120971 10
1582120972 7
1582120973 4
1582120974 6
1582120975 6
1582120976 6
1582120977 4
1582120978 3
1582120979 2
1582120980 1
1582120981 1
1582120982 3
1582120983 3
1582120984 4
1582120985 4
1582121154 4
1582121155 4
1582121396 4
1582121397 4
1582125085 4
1582125300 4
1582125301 4
1582125725 1
1582125726 3
1582125727 7
1582125728 5
1582125729 7
1582125730 9
1582125731 9
1582125732 11
1582125733 9
1582125734 8
1582125735 7
1582125736 8
1582125737 7
1582125738 6
1582125739 2
1582125740 4
1582125741 5
1582125742 6
1582125743 5
1582125744 4
1582125745 4
1582125746 3
1582125747 3
1582125748 3
1582125749 2
1582125750 1
1582125751 1
1582125752 1
1582125753 2
1582125754 4
1582125755 4
1582125756 4
1582125949 4
1582126118 4
1582126119 4
1582126277 4
1582126278 4
1582126443 4
1582126609 4
1582126610 4
1582126775 4
1582126937 4
1582127095 4
1582127096 4
1582127262 4
1582127263 4
1582127429 3
1582127430 3
1582127431 3
1582127595 4
1582127596 4
1582127760 4
1582127761 4
1582127921 4
1582127922 4
1582128088 4
1582128248 4
1582128429 4
1582128430 4
1582128589 4
1582128755 4
1582128756 4
1582128921 4
1582128922 4
1582129060 3
1582129061 4
1582129062 6
1582129063 7
1582129064 6
1582129065 7
1582129066 9
1582129067 9
1582129068 11
1582129069 6
1582129070 6
1582129071 8
1582129072 10
1582129073 5
1582129074 5
1582129075 7
1582129076 6
1582129077 8
1582129078 7
1582129079 5
1582129080 4
1582129081 3
1582129082 3
1582129083 2
1582129084 2
1582129085 2
1582129086 2
1582129087 2
1582129088 1
1582129089 3
1582129090 3
1582129091 4
1582129251 5
1582129412 4
1582129575 4
1582129736 4
