1582034824 4
1582034825 4
1582034826 5
1582034827 5
1582034828 5
1582034829 5
1582034830 5
1582034831 5
1582034832 5
1582034833 5
1582034834 5
1582034835 5
1582034836 5
1582034837 4
1582034838 4
1582034839 3
1582034840 3
1582034841 3
1582034842 3
1582034843 3
1582034844 3
1582034845 3
1582034846 3
1582034847 3
1582034848 3
1582034849 2
1582034850 2
1582034851 1
1582034852 2
1582034853 2
1582034854 2
1582034855 2
1582034856 2
1582034857 2
1582034858 2
1582034859 2
1582034860 2
1582034861 2
1582035734 2
1582035735 2
1582035736 2
1582035737 2
1582035738 2
1582035739 2
1582036344 2
1582036345 2
1582036346 2
1582036347 2
1582036348 2
1582036945 2
1582036946 2
1582036947 2
1582036948 2
1582036949 2
1582036950 2
1582037553 2
1582037554 2
1582037555 2
1582037556 2
1582037557 2
1582038144 2
1582038145 2
1582038146 2
1582038147 2
1582038148 2
1582038740 2
1582038741 2
1582038742 2
1582038743 2
1582038744 2
1582041640 2
1582041641 2
1582041642 2
1582041643 2
1582041644 2
1582041645 2
1582042400 2
1582042401 2
1582042402 2
1582042403 2
1582042404 2
1582043841 2
1582043842 2
1582043843 2
1582043844 2
1582043845 2
1582044442 2
1582044443 2
1582044444 2
1582044445 2
1582044446 2
