1579191118 2
1579191119 2
1579191120 2
1579191121 2
1579191122 2
1579191730 2
1579191731 2
1579191732 2
1579191733 2
1579191734 2
1579192296 2
1579192297 2
1579192298 2
1579192299 2
1579192300 2
1579192876 2
1579192877 2
1579192878 2
1579192879 2
1579192880 2
1579193444 2
1579193445 2
1579193446 2
1579193447 2
1579193448 2
1579194032 2
1579194033 2
1579194034 2
1579194035 2
1579194036 2
1579194600 2
1579194601 2
1579194602 2
1579194603 2
1579194604 2
1579194605 2
1579195165 2
1579195166 2
1579195167 2
1579195168 2
1579195169 2
1579195755 2
1579195756 2
1579195757 2
1579195758 2
1579195759 2
1579196318 2
1579196319 2
1579196320 2
1579196321 2
1579196322 2
