1571754187 3
1571754188 2
1571754189 2
1571754190 2
1571754191 2
1571754192 3
1571754193 3
1571754578 3
1571754579 3
1571754580 3
1571754581 2
1571754582 2
1571754583 3
1571754584 3
1571754978 3
1571754979 3
1571754980 2
1571754981 2
1571754982 2
1571754983 2
1571754984 3
1571754985 3
1571755375 3
1571755376 2
1571755377 2
1571755378 2
1571755379 2
1571755380 3
1571755381 3
1571756606 3
1571756607 3
1571756608 3
1571756609 2
1571756610 2
1571756611 2
1571756612 3
1571756613 3
1571757037 3
1571757038 2
1571757039 2
1571757040 2
1571757041 2
1571757042 3
1571757043 3
1571757466 3
1571757467 3
1571757468 2
1571757469 2
1571757470 2
1571757471 2
1571757472 3
1571757862 3
1571757863 3
1571757864 2
1571757865 2
1571757866 2
1571757867 2
1571757868 3
1571758645 3
1571758646 3
1571758647 3
1571758648 2
1571758649 2
1571758650 2
1571758651 3
1571762260 2
1571762261 2
1571762262 2
1571762263 2
1571762264 2
1571762265 3
1571762266 2
1571762656 3
1571762657 3
1571762658 2
1571762659 2
1571762660 2
1571762661 2
1571762662 3
1571763049 2
1571763050 2
1571763051 2
1571763052 2
1571763053 2
1571763054 3
1571763055 3
1571763437 3
1571763438 3
1571763439 2
1571763440 2
1571763441 2
1571763442 3
1571763443 3
1571763831 2
1571763832 2
1571763833 2
1571763834 2
1571763835 2
1571763836 3
1571763837 3
1571764237 3
1571764238 3
1571764239 2
1571764240 2
1571764241 2
1571764242 3
1571764243 3
1571764647 3
1571764648 2
1571764649 2
1571764650 2
1571764651 2
1571764652 3
1571764653 3
1571765038 3
1571765039 3
1571765040 2
1571765041 2
1571765042 2
1571765043 3
1571765044 3
1571765427 3
1571765428 2
1571765429 2
1571765430 2
1571765431 2
1571765432 3
1571765433 3
1571765818 3
1571765819 2
1571765820 2
1571765821 2
1571765822 2
1571765823 3
1571765824 3
1571766396 3
1571766397 2
1571766398 2
1571766399 2
1571766400 2
1571766401 3
1571766402 3
1571767178 3
1571767179 3
1571767180 2
1571767181 2
1571767182 2
1571767183 3
1571767184 3
