1582631619 8
1582631620 7
1582631621 10
1582631622 11
1582631623 10
1582631624 9
1582631625 8
1582631776 8
1582631777 9
1582631778 9
1582631779 7
1582631780 7
1582631781 9
1582631782 6
1582631933 8
1582631934 9
1582631935 14
1582631936 8
1582631937 10
1582631938 12
1582631939 9
1582632090 9
1582632091 7
1582632092 7
1582632093 7
1582632094 9
1582632095 9
1582632096 6
1582632570 12
1582632571 6
1582632572 8
1582632573 7
1582632574 7
1582632575 7
1582632576 5
1582632730 7
1582632731 7
1582632732 12
1582632733 8
1582632734 11
1582632735 9
1582632736 9
