1571752103 10
1571752104 8
1571752105 8
1571752106 9
1571752107 12
1571752108 7
1571752109 9
1571752110 9
1571752111 9
1571752112 7
1571752299 10
1571752300 13
1571752301 11
1571752302 10
1571752303 10
1571752304 7
1571752305 9
1571752306 7
1571752307 8
1571752308 6
1571752499 9
1571752500 8
1571752501 5
1571752502 8
1571752503 6
1571752504 7
1571752505 6
1571752506 9
1571752507 6
1571752703 8
1571752704 8
1571752705 8
1571752706 9
1571752707 12
1571752708 7
1571752709 7
1571752710 6
1571752711 10
1571752712 6
1571752900 8
1571752901 7
1571752902 10
1571752903 11
1571752904 8
1571752905 7
1571752906 6
1571752907 10
1571752908 6
1571752909 5
1571753094 9
1571753095 8
1571753096 7
1571753097 8
1571753098 7
1571753099 7
1571753100 7
1571753101 9
1571753102 6
1571753103 6
1571753291 9
1571753292 10
1571753293 8
1571753294 6
1571753295 13
1571753296 9
1571753297 10
1571753298 10
1571753299 10
1571753300 8
1571753488 8
1571753489 11
1571753490 9
1571753491 7
1571753492 7
1571753493 6
1571753494 8
1571753495 8
1571753496 7
1571753497 6
1571753686 9
1571753687 9
1571753688 8
1571753689 11
1571753690 8
1571753691 5
1571753692 8
1571753693 8
1571753694 8
1571753695 6
1571753883 12
1571753884 7
1571753885 8
1571753886 10
1571753887 9
1571753888 5
1571753889 8
1571753890 11
1571753891 7
1571753892 6
1571760241 8
1571760242 8
1571760243 6
1571760244 9
1571760245 8
1571760246 6
1571760247 8
1571760248 10
1571760249 8
1571760250 8
1571760438 8
1571760439 9
1571760440 7
1571760441 7
1571760442 8
1571760443 5
1571760444 7
1571760445 6
1571760446 8
1571760447 7
1571760640 10
1571760641 6
1571760642 8
1571760643 9
1571760644 10
1571760645 5
1571760646 7
1571760647 10
1571760648 7
1571760649 7
1571760840 9
1571760841 11
1571760842 8
1571760843 10
1571760844 9
1571760845 6
1571760846 9
1571760847 7
1571760848 7
1571760849 7
1571761039 10
1571761040 11
1571761041 10
1571761042 8
1571761043 10
1571761044 7
1571761045 8
1571761046 10
1571761047 8
1571761048 8
1571761246 9
1571761247 13
1571761248 9
1571761249 11
1571761250 9
1571761251 8
1571761252 9
1571761253 8
1571761254 6
1571761255 6
1571761445 14
1571761446 12
1571761447 13
1571761448 13
1571761449 11
1571761450 6
1571761451 10
1571761452 10
1571761453 8
1571761454 8
1571761640 11
1571761641 6
1571761642 5
1571761643 8
1571761644 8
1571761645 5
1571761646 8
1571761647 8
1571761648 7
1571761649 7
1571761837 10
1571761838 6
1571761839 6
1571761840 12
1571761841 8
1571761842 8
1571761843 8
1571761844 10
1571761845 6
1571762044 8
1571762045 7
1571762046 8
1571762047 9
1571762048 9
1571762049 6
1571762050 9
1571762051 9
1571762052 10
1571762053 10
