1572869994 2
1572869995 2
1572869996 2
1572869997 3
1572869998 4
1572870162 2
1572870163 2
1572870164 2
1572870165 2
1572870166 3
1572870383 2
1572870384 2
1572870385 3
1572870386 3
1572870387 4
1572870568 2
1572870569 2
1572870570 2
1572870571 2
1572870572 3
1572870785 2
1572870786 2
1572870787 2
1572870788 3
1572871124 2
1572871125 2
1572871126 2
1572871127 3
1572871774 2
1572871775 2
1572871776 2
1572871777 2
1572871778 3
1572872423 2
1572872424 2
1572872425 2
1572872426 3
1572873104 2
1572873105 2
1572873106 2
1572873107 2
1572873108 3
1572873754 2
1572873755 2
1572873756 2
1572873757 2
1572873758 3
1572874816 2
1572874817 2
1572874818 2
1572874819 2
1572874820 4
1572875676 2
1572875677 3
1572875678 3
1572875679 3
1572876902 2
1572876903 2
1572876904 2
1572876905 3
1572877556 2
1572877557 2
1572877558 2
1572877559 2
1572878783 2
1572878784 2
1572878785 2
1572878786 3
1572879895 2
1572879896 2
1572879897 2
1572879898 2
1572879899 3
1572880178 2
1572880179 3
1572880180 3
1572880181 3
1572880182 4
1572880513 2
1572880514 2
1572880515 2
1572880516 2
1572880517 3
1572880852 2
1572880853 2
1572880854 2
1572880855 1
1572880856 2
1572880857 3
1572880858 2
1572880859 3
1572881198 2
1572881199 2
1572881200 2
1572881201 2
1572881532 2
1572881533 2
1572881534 2
1572881535 2
1572881536 3
1572881865 2
1572881866 2
1572881867 2
1572881868 2
1572881869 3
1572882196 2
1572882197 2
1572882198 2
1572882199 2
1572882200 3
1572882586 2
1572882587 2
1572882588 2
1572882589 3
1572882936 2
1572882937 2
1572882938 2
1572882939 3
1572883276 2
1572883277 2
1572883278 2
1572883279 2
1572883280 3
