1573306790 4
1573306791 3
1573306792 3
1573306793 3
1573306794 2
1573306795 2
1573306796 2
1573306797 2
1573306798 2
1573306799 2
1573306800 3
1573306801 2
1573306802 2
1573306803 2
1573306804 2
1573306805 2
1573306806 3
1573306807 3
1573306808 3
1573306809 3
1573306810 3
1573306811 2
1573306812 2
1573306813 1
1573306814 1
1573306815 1
1573306816 1
1573306817 1
1573306818 2
1573306819 3
1573306820 2
1573306821 2
1573306822 2
1573306823 3
1573306824 2
1573306825 2
1573306826 2
1573306827 2
1573306828 3
1573306829 4
1573306830 3
1573306831 3
1573306832 5
1573306833 4
1573306834 3
1573306835 3
1573306836 3
1573306837 3
1573306838 3
1573306839 2
1573306840 2
1573306841 2
1573306842 2
1573306843 2
1573306844 2
1573306845 2
1573306846 3
1573306847 2
1573306848 2
1573306849 2
1573306850 3
1573306851 2
1573306852 2
1573306853 2
1573306854 2
1573306855 2
1573306856 1
1573306857 2
1573306858 3
1573306859 3
1573306860 3
1573306861 2
1573306862 3
1573306863 2
1573306864 2
1573306865 1
1573306866 1
1573306867 1
1573306868 1
1573306869 1
1573306870 2
1573306871 2
1573306872 2
1573306873 2
1573306874 2
1573306875 2
1573306876 3
1573306877 4
1573306878 5
1573306879 5
1573306880 5
1573306881 5
1573306882 5
1573306883 5
1573306884 5
1573306885 5
1573306886 5
1573306887 3
1573306888 5
1573306889 3
1573306890 3
1573306891 2
1573306892 2
1573306893 2
1573306894 2
1573306895 2
1573306896 2
1573306897 2
1573306898 2
1573306899 2
1573306900 2
1573306901 2
1573306902 3
1573306903 4
1573306904 4
1573306905 4
1573306906 5
1573306907 5
1573306908 5
1573306909 4
1573306910 4
1573306911 4
1573306912 3
1573306913 3
1573306914 3
1573306915 3
1573306916 2
1573306917 3
1573306918 3
1573306919 3
1573306920 2
1573306921 2
1573306922 3
1573306923 2
1573306924 2
1573306925 2
1573306926 2
1573306927 2
1573306928 2
1573306929 3
1573306930 3
1573306931 3
1573306932 3
1573306933 3
1573306934 5
1573306935 3
1573306936 4
1573306937 3
1573306938 4
1573306939 2
1573306940 3
1573306941 3
1573306942 3
1573306943 4
1573306944 3
1573306945 2
1573306946 2
1573306947 2
1573306948 2
1573306949 2
1573306950 2
1573306951 2
1573306952 1
1573306953 1
1573306954 1
1573306955 1
1573306956 2
1573306957 2
1573306958 3
1573306959 2
1573306960 2
1573306961 2
1573306962 2
1573306963 2
1573306964 1
1573306965 2
1573306966 2
1573306967 2
1573306968 2
1573306969 2
1573306970 1
1573306971 1
1573306972 1
1573306973 1
1573306974 2
1573306975 2
1573306976 3
1573306977 2
1573306978 4
1573306979 3
1573306980 3
1573306981 3
1573306982 5
1573306983 5
1573307441 3
1573307442 4
1573307443 4
1573307444 5
1573307445 4
1573307446 3
1573307447 3
1573307448 4
1573307449 4
1573307450 3
1573307451 3
1573307452 3
1573307453 3
1573307454 2
1573307455 1
1573307456 1
1573307457 1
1573307458 1
1573307459 2
1573307460 3
1573307461 4
1573307462 4
1573307463 4
1573307464 4
1573307465 3
1573307466 3
1573307467 2
1573307468 2
1573307469 2
1573307470 3
1573307471 3
1573307472 2
1573307473 2
1573307474 2
1573307475 1
1573307476 1
1573307477 1
1573307478 2
1573307479 2
1573307480 2
1573307481 2
1573307482 2
1573307483 2
1573307484 2
1573307485 2
1573307486 2
1573307487 3
1573307488 4
1573307489 4
1573307490 5
1573307491 5
1573307492 7
1573307493 5
1573307494 4
1573307495 3
1573307496 3
1573307497 3
1573307498 3
1573307499 3
1573307500 2
1573307501 2
1573307502 2
1573307503 2
1573307504 2
1573307505 3
1573307506 3
1573307507 2
1573307508 2
1573307509 2
1573307510 3
1573307511 4
1573307512 3
1573307513 2
1573307514 2
1573307515 2
1573307516 1
1573307517 2
1573307518 3
1573307519 3
1573307520 3
1573307521 3
1573307522 4
1573307523 3
1573307524 2
1573307525 1
1573307526 1
1573307527 1
1573307528 1
1573307529 1
1573307530 2
1573307531 2
1573307532 2
1573307533 2
1573307534 2
1573307535 2
1573307536 4
1573307537 5
1573307538 5
1573307539 6
1573307540 5
1573307541 5
1573307542 5
1573307543 5
1573307544 5
1573307545 5
1573307546 4
1573307547 5
1573307548 2
1573307549 2
1573307550 2
1573307551 2
1573307552 3
1573307553 2
1573307554 2
1573307555 1
1573307556 1
1573307557 1
1573307558 1
1573307559 2
1573307560 2
1573307561 2
1573307562 3
1573307563 3
1573307564 4
1573307565 3
1573307566 3
1573307567 2
1573307568 2
1573307569 2
1573307570 2
1573307571 2
1573307572 2
1573307573 3
1573307574 2
1573307575 2
1573307576 2
1573307577 3
1573307578 3
1573307579 2
1573307580 2
1573307581 2
1573307582 2
1573307583 2
1573307584 4
1573307585 4
1573307586 4
1573307587 4
1573307588 5
1573307589 4
1573307590 3
1573307591 4
1573307592 3
1573307593 3
1573307594 3
1573307595 3
1573307596 3
1573307597 3
1573307598 2
1573307599 2
1573307600 2
1573307601 2
1573307602 2
1573307603 2
1573307604 1
1573307605 1
1573307606 2
1573307607 2
1573307608 1
1573307609 1
1573307610 2
1573307611 2
1573307612 2
1573307613 3
1573307614 2
1573307615 2
1573307616 2
1573307617 2
1573307618 3
1573307619 3
1573307620 3
1573307621 3
1573307622 1
1573307623 2
1573307624 2
1573307625 1
1573307626 1
1573307627 2
1573307628 2
1573307629 3
1573307630 4
1573307631 3
1573307632 3
1573307633 3
1573307634 3
1573307635 3
1573307636 5
1573307637 4
1573307759 4
1573307760 4
1573307761 5
1573307762 4
1573307763 3
1573307764 2
1573307765 4
1573307766 3
1573307767 3
1573307768 3
1573307769 4
1573307770 3
1573307771 2
1573307772 3
1573307773 2
1573307774 2
1573307775 1
1573307776 2
1573307777 2
1573307778 2
1573307779 2
1573307780 2
1573307781 1
1573307782 2
1573307783 2
1573307784 2
1573307785 2
1573307786 2
1573307787 2
1573307788 2
1573307789 1
1573307790 1
1573307791 1
1573307792 1
1573307793 1
1573307794 3
1573307795 2
1573307796 2
1573307797 2
1573307798 2
1573307799 2
1573307800 3
1573307801 2
1573307802 3
1573307803 3
1573307804 3
1573307805 3
1573307806 4
1573307807 4
1573307808 5
1573307809 5
1573307810 4
1573307811 4
1573307812 4
1573307813 4
1573307814 3
1573307815 2
1573307816 2
1573307817 2
1573307818 2
1573307819 2
1573307820 2
1573307821 3
1573307822 3
1573307823 2
1573307824 2
1573307825 3
1573307826 2
1573307827 2
1573307828 2
1573307829 2
1573307830 2
1573307831 1
1573307832 2
1573307833 3
1573307834 3
1573307835 3
1573307836 2
1573307837 3
1573307838 2
1573307839 2
1573307840 1
1573307841 1
1573307842 1
1573307843 1
1573307844 1
1573307845 2
1573307846 2
1573307847 2
1573307848 2
1573307849 2
1573307850 2
1573307851 3
1573307852 4
1573307853 5
1573307854 5
1573307855 6
1573307856 5
1573307857 5
1573307858 5
1573307859 6
1573307860 4
1573307861 3
1573307862 4
1573307863 3
1573307864 2
1573307865 2
1573307866 2
1573307867 2
1573307868 2
1573307869 1
1573307870 1
1573307871 1
1573307872 1
1573307873 1
1573307874 2
1573307875 2
1573307876 3
1573307877 3
1573307878 3
1573307879 4
1573307880 4
1573307881 4
1573307882 2
1573307883 3
1573307884 3
1573307885 3
1573307886 3
1573307887 4
1573307888 3
1573307889 3
1573307890 2
1573307891 2
1573307892 2
1573307893 2
1573307894 2
1573307895 2
1573307896 2
1573307897 2
1573307898 2
1573307899 3
1573307900 3
1573307901 3
1573307902 3
1573307903 3
1573307904 3
1573307905 5
1573307906 3
1573307907 3
1573307908 2
1573307909 2
1573307910 2
1573307911 2
1573307912 3
1573307913 2
1573307914 2
1573307915 2
1573307916 2
1573307917 2
1573307918 2
1573307919 2
1573307920 1
1573307921 1
1573307922 1
1573307923 1
1573307924 1
1573307925 2
1573307926 2
1573307927 2
1573307928 3
1573307929 2
1573307930 2
1573307931 2
1573307932 3
1573307933 3
1573307934 4
1573307935 4
1573307936 3
1573307937 2
1573307938 2
1573307939 1
1573307940 1
1573307941 1
1573307942 1
1573307943 2
1573307944 2
1573307945 3
1573307946 3
1573307947 3
1573307948 4
1573307949 3
1573307950 3
1573307951 5
1573308086 4
1573308087 3
1573308088 3
1573308089 3
1573308090 3
1573308091 3
1573308092 1
1573308093 2
1573308094 2
1573308095 2
1573308096 2
1573308097 2
1573308098 3
1573308099 4
1573308100 4
1573308101 4
1573308102 2
1573308103 3
1573308104 4
1573308105 3
1573308106 3
1573308107 4
1573308108 3
1573308109 3
1573308110 2
1573308111 2
1573308112 1
1573308113 1
1573308114 2
1573308115 3
1573308116 3
1573308117 2
1573308118 2
1573308119 3
1573308120 2
1573308121 2
1573308122 2
1573308123 3
1573308124 3
1573308125 4
1573308126 3
1573308127 3
1573308128 5
1573308129 5
1573308130 4
1573308131 4
1573308132 4
1573308133 4
1573308134 4
1573308135 4
1573308136 2
1573308137 2
1573308138 2
1573308139 2
1573308140 2
1573308141 2
1573308142 2
1573308143 2
1573308144 2
1573308145 2
1573308146 3
1573308147 2
1573308148 2
1573308149 2
1573308150 2
1573308151 2
1573308152 2
1573308153 2
1573308154 3
1573308155 3
1573308156 3
1573308157 3
1573308158 2
1573308159 2
1573308160 2
1573308161 1
1573308162 1
1573308163 1
1573308164 1
1573308165 1
1573308166 2
1573308167 2
1573308168 2
1573308169 2
1573308170 2
1573308171 3
1573308172 5
1573308173 5
1573308174 6
1573308175 5
1573308176 5
1573308177 5
1573308178 5
1573308179 4
1573308180 4
1573308181 5
1573308182 5
1573308183 5
1573308184 3
1573308185 2
1573308186 2
1573308187 2
1573308188 2
1573308189 2
1573308190 1
1573308191 1
1573308192 1
1573308193 1
1573308194 1
1573308195 2
1573308196 2
1573308197 3
1573308198 2
1573308199 3
1573308200 3
1573308201 3
1573308202 2
1573308203 1
1573308204 2
1573308205 2
1573308206 2
1573308207 2
1573308208 3
1573308209 3
1573308210 2
1573308211 2
1573308212 2
1573308213 2
1573308214 2
1573308215 2
1573308216 2
1573308217 2
1573308218 2
1573308219 2
1573308220 3
1573308221 3
1573308222 3
1573308223 3
1573308224 3
1573308225 4
1573308226 5
1573308227 6
1573308228 3
1573308229 2
1573308230 2
1573308231 2
1573308232 2
1573308233 2
1573308234 3
1573308235 3
1573308236 2
1573308237 3
1573308238 3
1573308239 2
1573308240 2
1573308241 2
1573308242 2
1573308243 1
1573308244 1
1573308245 1
1573308246 2
1573308247 2
1573308248 3
1573308249 2
1573308250 2
1573308251 2
1573308252 2
1573308253 1
1573308254 1
1573308255 1
1573308256 1
1573308257 1
1573308258 1
1573308259 1
1573308260 1
1573308261 1
1573308262 1
1573308263 3
1573308264 3
1573308265 3
1573308266 3
1573308267 4
1573308268 4
1573308269 3
1573308270 3
1573308271 4
1573308272 5
1573310223 4
1573310224 4
1573310225 2
1573310226 2
1573310227 3
1573310228 3
1573310229 2
1573310230 1
1573310231 2
1573310232 1
1573310233 1
1573310234 1
1573310235 2
1573310236 3
1573310237 3
1573310238 2
1573310239 1
1573310240 1
1573310241 1
1573310242 2
1573310243 2
1573310244 2
1573310245 3
1573310246 1
1573310247 1
1573310248 1
1573310249 1
1573310250 2
1573310251 2
1573310252 4
1573310253 4
1573310254 4
1573310255 3
1573310256 4
1573310257 2
1573310258 4
1573310259 3
1573310260 4
1573310261 4
1573310262 3
1573310263 4
1573310264 3
1573310265 3
1573310266 5
1573310267 4
1573310268 4
1573310269 3
1573310270 3
1573310271 3
1573310272 3
1573310273 2
1573310274 2
1573310275 2
1573310276 2
1573310277 2
1573310278 2
1573310279 3
1573310280 3
1573310281 2
1573310282 2
1573310283 3
1573310284 2
1573310285 2
1573310286 2
1573310287 2
1573310288 2
1573310289 1
1573310290 2
1573310291 3
1573310292 4
1573310293 4
1573310294 3
1573310295 4
1573310296 3
1573310297 2
1573310298 1
1573310299 1
1573310300 1
1573310301 1
1573310302 1
1573310303 1
1573310304 2
1573310305 2
1573310306 2
1573310307 2
1573310308 2
1573310309 2
1573310310 3
1573310311 4
1573310312 5
1573310313 6
1573310314 6
1573310315 6
1573310316 6
1573310317 6
1573310318 6
1573310319 6
1573310320 5
1573310321 5
1573310322 5
1573310323 4
1573310324 3
1573310325 3
1573310326 3
1573310327 3
1573310328 3
1573310329 2
1573310330 2
1573310331 2
1573310332 2
1573310333 3
1573310334 3
1573310335 3
1573310336 3
1573310337 2
1573310338 2
1573310339 2
1573310340 2
1573310341 2
1573310342 2
1573310343 2
1573310344 2
1573310345 2
1573310346 3
1573310347 2
1573310348 4
1573310349 4
1573310350 4
1573310351 3
1573310352 2
1573310353 2
1573310354 2
1573310355 2
1573310356 2
1573310357 2
1573310358 2
1573310359 2
1573310360 2
1573310361 3
1573310362 2
1573310363 2
1573310364 2
1573310365 2
1573310366 2
1573310367 2
1573310368 2
1573310369 2
1573310370 2
1573310371 2
1573310372 2
1573310373 2
1573310374 2
1573310375 4
1573310376 2
1573310377 4
1573310378 4
1573310379 4
1573310380 4
1573310381 3
1573310382 2
1573310383 2
1573310384 2
1573310385 2
1573310386 2
1573310387 2
1573310388 2
1573310389 2
1573310390 2
1573310391 2
1573310392 3
1573310393 2
1573310394 2
1573310395 2
1573310396 2
1573310397 3
1573310398 3
1573310399 3
1573310400 3
1573310401 2
1573310402 2
1573310403 2
1573310404 2
1573310405 2
1573310406 3
1573310407 2
1573310408 4
1573310409 4
1573310410 4
1573310411 3
1573310412 3
1573310413 2
1573310414 2
1573310415 2
1573310416 3
1573310417 2
1573310418 2
1573310419 3
1573310420 3
1573310421 2
1573310422 2
1573310423 2
1573310424 2
1573310425 3
1573310426 2
1573310427 2
1573310428 3
1573310429 2
1573310430 2
1573310431 3
1573310432 3
1573310433 3
1573310434 3
1573310435 4
1573310436 3
1573310437 4
1573310438 4
1573310439 4
1573310440 3
1573310441 3
1573310442 3
1573310443 2
1573310444 2
1573310445 2
1573310446 2
1573310447 2
1573310448 2
1573310449 2
1573310450 2
1573310451 2
1573310452 2
1573310453 2
1573310454 2
1573310455 2
1573310456 2
1573310457 2
1573310458 2
1573310459 4
1573310460 4
1573310461 4
1573310462 5
1573310463 5
1573310464 5
1573310465 5
1573310466 5
1573310467 5
1573310468 4
1573310469 4
1573310470 4
1573310471 4
1573310472 4
1573310473 4
1573310474 3
1573310475 2
1573310476 2
1573310477 2
1573310478 2
1573310479 2
1573310480 2
1573310481 2
1573310482 2
1573310483 2
1573310484 2
1573310485 2
1573310486 2
1573310487 2
1573310488 2
1573310489 2
1573310490 2
1573310491 2
1573310492 3
1573310493 3
1573310494 3
1573310495 5
1573310496 4
1573310497 4
1573310498 4
1573310499 3
1573310500 3
1573310501 3
1573310502 3
1573310503 3
1573310504 3
1573310505 3
1573310506 2
1573310507 2
1573310508 2
1573310509 2
1573310510 3
1573310511 3
1573310512 3
1573310513 3
1573310514 3
1573310515 3
1573310516 3
1573310517 3
1573310518 2
1573310519 2
1573310520 2
1573310521 2
1573310522 2
1573310523 2
1573310524 5
1573310525 4
1573310526 4
1573310527 2
1573310528 2
1573310529 2
1573310530 2
1573310531 2
1573310532 3
1573310533 2
1573310534 2
1573310535 2
1573310536 2
1573310537 3
1573310538 2
1573310539 2
1573310540 2
1573310541 2
1573310542 2
1573310543 2
1573310544 2
1573310545 2
1573310546 2
1573310547 2
1573310548 2
1573310549 2
1573310550 2
1573310551 2
1573310552 2
1573310553 2
1573310554 5
1573310555 4
1573310556 4
1573310557 3
1573310558 2
1573310559 2
1573310560 2
1573310561 2
1573310562 2
1573310563 2
1573310564 2
1573310565 2
1573310566 2
1573310567 2
1573310568 3
1573310569 2
1573310570 3
1573310571 2
1573310572 3
1573310573 3
1573310574 2
1573310575 2
1573310576 2
1573310577 2
1573310578 2
1573310579 2
1573310580 2
1573310581 2
1573310582 2
1573310583 2
1573310584 5
1573310585 4
1573310586 4
1573310587 4
1573310588 3
1573310589 2
1573310590 2
1573310591 2
1573310592 2
1573310593 2
1573310594 2
1573310595 2
1573310596 2
1573310597 2
1573310598 2
1573310599 3
1573310600 4
1573310601 3
1573310602 2
1573310603 2
1573310604 2
1573310605 2
1573310606 2
1573310607 3
1573310608 3
1573310609 3
1573310610 3
1573310611 4
1573310612 5
1573310613 5
1573310614 4
1573310615 4
1573310616 4
1573310617 5
1573310618 6
1573310619 5
1573310620 5
1573310621 5
1573310622 6
1573310623 5
1573310624 5
1573310625 4
1573310626 2
1573310627 2
1573310628 3
1573310629 3
1573310630 2
1573310631 2
1573310632 2
1573310633 2
1573310634 2
1573310635 3
1573310636 3
1573310637 3
1573310638 3
1573310639 4
1573310640 4
1573310641 4
1573310642 3
1573310643 3
1573310644 2
1573310645 3
1573310646 3
1573310647 3
1573310648 3
1573310649 4
1573310650 4
1573310651 3
1573310652 3
1573310653 3
1573310654 3
1573310655 2
1573310656 2
1573310657 2
1573310658 2
1573310659 2
1573310660 2
1573310661 3
1573310662 4
1573310663 5
1573310664 4
1573310665 4
1573310666 5
1573310667 5
1573310668 4
1573310669 4
1573310670 6
1573310671 5
1573310672 4
1573310673 2
1573310674 2
1573310675 2
1573310676 2
1573310677 2
1573310678 2
1573310679 2
1573310680 3
1573310681 3
1573310682 4
1573310683 3
1573310684 3
1573310685 3
1573310686 2
1573310687 2
1573310688 2
1573310689 2
1573310690 3
1573310691 2
1573310692 2
1573310693 3
1573310694 3
1573310695 3
1573310696 4
1573310697 4
1573310698 2
1573310699 1
1573310700 2
1573310701 2
1573310702 1
1573310703 1
1573310704 1
1573310705 2
1573310706 2
1573310707 2
1573310708 3
1573310709 2
1573310710 2
1573310711 2
1573310712 3
1573310713 2
1573310714 2
1573310715 2
1573310716 3
1573310717 5
1573312080 3
1573312081 4
1573312082 3
1573312083 2
1573312084 3
1573312085 3
1573312086 3
1573312087 2
1573312088 1
1573312093 1
1573312094 2
1573312095 2
1573312096 1
1573312097 1
1573312098 1
1573312099 1
1573312100 1
1573312101 1
1573312102 2
1573312103 1
1573312104 1
1573312105 1
1573312106 1
1573312107 1
1573312108 1
1573312109 1
1573312110 2
1573312111 2
1573312112 2
1573312113 2
1573312114 2
1573312115 2
1573312116 2
1573312117 1
1573312118 1
1573312119 1
1573312120 1
1573312121 1
1573312122 1
1573312123 1
1573312124 1
1573312125 2
1573312126 1
1573312127 1
1573312128 1
1573312129 2
1573312130 1
1573312131 1
1573312132 2
1573312133 2
1573312134 2
1573312135 2
1573312136 2
1573312137 2
1573312138 2
1573312139 2
1573312140 2
1573312141 2
1573312142 2
1573312143 2
1573312144 2
1573312145 2
1573312146 2
1573312147 2
1573312148 2
1573312149 2
1573312150 2
1573312151 2
1573312152 2
1573312153 2
1573312154 2
1573312155 2
1573312156 2
1573312157 2
1573312158 2
1573312159 2
1573312160 2
1573312161 2
1573312162 3
1573312163 2
1573312164 2
1573312165 3
1573312166 3
1573312167 3
1573312168 3
1573312169 3
1573312170 3
1573312171 3
1573312172 3
1573312173 3
1573312174 2
1573312175 3
1573312176 3
1573312177 3
1573312178 3
1573312179 3
1573312180 2
1573312181 3
1573312182 3
1573312183 3
1573312184 2
1573312185 2
1573312186 2
1573312187 2
1573312188 2
1573312189 2
1573312190 2
1573312191 2
1573312192 2
1573312193 2
1573312194 2
1573312195 2
1573312196 2
1573312197 3
1573312198 2
1573312199 2
1573312200 2
1573312201 1
1573312202 2
1573312203 2
1573312204 2
1573312205 2
1573312206 4
1573312207 3
1573312208 3
1573312209 5
1573312210 6
1573312211 4
1573312212 3
1573312213 3
1573312214 3
1573312215 3
1573312216 2
1573312217 2
1573312218 2
1573312219 2
1573312220 2
1573312221 2
1573312222 3
1573312223 3
1573312224 2
1573312225 2
1573312226 3
1573312227 2
1573312228 2
1573312229 2
1573312230 2
1573312231 2
1573312232 1
1573312233 2
1573312234 3
1573312235 3
1573312236 3
1573312237 2
1573312238 3
1573312239 2
1573312240 1
1573312241 1
1573312242 1
1573312243 1
1573312244 1
1573312245 1
1573312246 2
1573312247 2
1573312248 2
1573312249 2
1573312250 2
1573312251 2
1573312252 3
1573312253 4
1573312254 5
1573312255 5
1573312256 5
1573312257 5
1573312258 5
1573312259 5
1573312260 5
1573312261 5
1573312262 4
1573312263 4
1573312264 3
1573312265 3
1573312266 3
1573312267 3
1573312268 3
1573312269 3
1573312270 3
1573312271 2
1573312272 2
1573312273 2
1573312274 2
1573312275 3
1573312276 3
1573312277 2
1573312278 3
1573312279 3
1573312280 2
1573312281 2
1573312282 2
1573312283 2
1573312284 2
1573312285 2
1573312286 2
1573312287 3
1573312288 2
1573312289 4
1573312290 4
1573312291 4
1573312292 3
1573312293 2
1573312294 2
1573312295 2
1573312296 2
1573312297 2
1573312298 2
1573312299 2
1573312300 2
1573312301 3
1573312302 2
1573312303 2
1573312304 2
1573312305 2
1573312306 2
1573312307 2
1573312308 2
1573312309 2
1573312310 2
1573312311 2
1573312312 2
1573312313 2
1573312314 2
1573312315 2
1573312316 3
1573312317 2
1573312318 4
1573312319 5
1573312320 4
1573312321 4
1573312322 3
1573312323 2
1573312324 2
1573312325 2
1573312326 2
1573312327 2
1573312328 2
1573312329 2
1573312330 2
1573312331 2
1573312332 2
1573312333 2
1573312334 4
1573312335 2
1573312336 2
1573312337 2
1573312338 2
1573312339 3
1573312340 3
1573312341 2
1573312342 2
1573312343 2
1573312344 2
1573312345 2
1573312346 3
1573312347 2
1573312348 4
1573312349 4
1573312350 4
1573312351 3
1573312352 4
1573312353 2
1573312354 2
1573312355 2
1573312356 2
1573312357 2
1573312358 3
1573312359 2
1573312360 2
1573312361 3
1573312362 2
1573312363 2
1573312364 2
1573312365 3
1573312366 2
1573312367 2
1573312368 2
1573312369 2
1573312370 2
1573312371 3
1573312372 3
1573312373 3
1573312374 3
1573312375 4
1573312376 5
1573312377 4
1573312378 4
1573312379 4
1573312380 4
1573312381 3
1573312382 3
1573312383 2
1573312384 2
1573312385 2
1573312386 2
1573312387 2
1573312388 2
1573312389 2
1573312390 2
1573312391 2
1573312392 2
1573312393 2
1573312394 2
1573312395 2
1573312396 2
1573312397 2
1573312398 2
1573312399 3
1573312400 4
1573312401 4
1573312402 4
1573312403 5
1573312404 5
1573312405 5
1573312406 5
1573312407 5
1573312408 4
1573312409 4
1573312410 4
1573312411 4
1573312412 4
1573312413 3
1573312414 3
1573312415 2
1573312416 2
1573312417 2
1573312418 2
1573312419 2
1573312420 2
1573312421 2
1573312422 2
1573312423 2
1573312424 2
1573312425 2
1573312426 2
1573312427 2
1573312428 2
1573312429 2
1573312430 3
1573312431 3
1573312432 5
1573312433 4
1573312434 4
1573312435 4
1573312436 3
1573312437 3
1573312438 3
1573312439 3
1573312440 3
1573312441 3
1573312442 2
1573312443 2
1573312444 2
1573312445 2
1573312446 2
1573312447 3
1573312448 3
1573312449 3
1573312450 3
1573312451 2
1573312452 2
1573312453 2
1573312454 2
1573312455 2
1573312456 2
1573312457 2
1573312458 2
1573312459 2
1573312460 3
1573312461 4
1573312462 4
1573312463 3
1573312464 2
1573312465 2
1573312466 2
1573312467 2
1573312468 2
1573312469 3
1573312470 2
1573312471 2
1573312472 2
1573312473 2
1573312474 3
1573312475 2
1573312476 2
1573312477 2
1573312478 3
1573312479 2
1573312480 2
1573312481 2
1573312482 2
1573312483 2
1573312484 2
1573312485 2
1573312486 2
1573312487 2
1573312488 2
1573312489 2
1573312490 3
1573312491 5
1573312492 4
1573312493 4
1573312494 3
1573312495 2
1573312496 2
1573312497 2
1573312498 2
1573312499 2
1573312500 2
1573312501 2
1573312502 2
1573312503 2
1573312504 2
1573312505 3
1573312506 2
1573312507 3
1573312508 4
1573312509 4
1573312510 2
1573312511 2
1573312512 2
1573312513 2
1573312514 2
1573312515 2
1573312516 2
1573312517 2
1573312518 2
1573312519 3
1573312520 4
1573312521 4
1573312522 4
1573312523 4
1573312524 3
1573312525 2
1573312526 2
1573312527 2
1573312528 2
1573312529 2
1573312530 2
1573312531 2
1573312532 2
1573312533 2
1573312534 2
1573312535 3
1573312536 3
1573312537 3
1573312538 2
1573312539 2
1573312540 2
1573312541 2
1573312542 2
1573312543 3
1573312544 3
1573312545 3
1573312546 3
1573312547 4
1573312548 5
1573312549 5
1573312550 4
1573312551 4
1573312552 4
1573312553 4
1573312554 4
1573312555 4
1573312556 5
1573312557 5
1573312558 5
1573312559 4
1573312560 2
1573312561 2
1573312562 2
1573312563 2
1573312564 2
1573312565 1
1573312566 1
1573312567 1
1573312568 1
1573312569 1
1573312570 4
1573312571 3
1573312572 4
1573312573 2
1573312574 3
1573312575 3
1573312576 3
1573312577 2
1573312578 2
1573312579 1
1573312580 2
1573312581 2
1573312582 2
1573312583 2
1573312584 3
1573312585 2
1573312586 2
1573312587 2
1573312588 2
1573312589 3
1573312590 2
1573312591 2
1573312592 2
1573312593 2
1573312594 2
1573312595 2
1573312596 3
1573312597 3
1573312598 3
1573312599 3
1573312600 3
1573312601 5
1573312602 5
1573312603 6
1573312604 4
1573312605 4
1573312606 4
1573312607 4
1573312608 4
1573312609 2
1573312610 2
1573312611 3
1573312612 2
1573312613 2
1573312614 2
1573312615 2
1573312616 3
1573312617 2
1573312618 2
1573312619 1
1573312620 1
1573312621 1
1573312622 1
1573312623 2
1573312624 2
1573312625 2
1573312626 2
1573312627 3
1573312628 2
1573312629 1
1573312630 1
1573312631 1
1573312632 1
1573312633 1
1573312634 1
1573312638 1
1573312639 1
1573312640 2
1573312641 2
1573312642 2
1573312643 3
1573312644 3
1573312645 3
1573312646 4
1573312647 3
1573312648 2
1573312649 5
1573312650 5
1573312773 3
1573312774 4
1573312775 5
1573312776 3
1573312777 4
1573312778 3
1573312779 4
1573312780 4
1573312781 3
1573312782 3
1573312783 4
1573312784 4
1573312785 3
1573312786 2
1573312787 2
1573312788 1
1573312789 1
1573312790 1
1573312791 2
1573312792 3
1573312793 3
1573312794 3
1573312795 3
1573312796 3
1573312797 3
1573312798 3
1573312799 4
1573312800 4
1573312801 3
1573312802 2
1573312803 1
1573312804 1
1573312805 1
1573312806 1
1573312807 2
1573312808 2
1573312809 2
1573312810 2
1573312811 2
1573312812 2
1573312813 2
1573312814 3
1573312815 3
1573312816 3
1573312817 4
1573312818 4
1573312819 4
1573312820 4
1573312821 5
1573312822 4
1573312823 3
1573312824 3
1573312825 3
1573312826 3
1573312827 3
1573312828 3
1573312829 2
1573312830 2
1573312831 2
1573312832 2
1573312833 3
1573312834 3
1573312835 2
1573312836 2
1573312837 3
1573312838 3
1573312839 3
1573312840 3
1573312841 3
1573312842 2
1573312843 2
1573312844 3
1573312845 4
1573312846 3
1573312847 3
1573312848 3
1573312849 3
1573312850 4
1573312851 3
1573312852 3
1573312853 3
1573312854 2
1573312855 2
1573312856 3
1573312857 3
1573312858 2
1573312859 2
1573312860 2
1573312861 3
1573312862 4
1573312863 6
1573312864 5
1573312865 5
1573312866 5
1573312867 5
1573312868 5
1573312869 5
1573312870 5
1573312871 4
1573312872 4
1573312873 4
1573312874 4
1573312875 3
1573312876 3
1573312877 3
1573312878 3
1573312879 2
1573312880 2
1573312881 2
1573312882 2
1573312883 2
1573312884 3
1573312885 3
1573312886 2
1573312887 2
1573312888 2
1573312889 2
1573312890 2
1573312891 2
1573312892 2
1573312893 2
1573312894 2
1573312895 1
1573312896 3
1573312897 3
1573312898 2
1573312899 4
1573312900 4
1573312901 5
1573312902 4
1573312903 2
1573312904 2
1573312905 2
1573312906 2
1573312907 2
1573312908 2
1573312909 2
1573312910 2
1573312911 2
1573312912 3
1573312913 2
1573312914 3
1573312915 2
1573312916 2
1573312917 2
1573312918 2
1573312919 2
1573312920 2
1573312921 2
1573312922 2
1573312923 2
1573312924 2
1573312925 3
1573312926 2
1573312927 3
1573312928 4
1573312929 4
1573312930 5
1573312931 4
1573312932 2
1573312933 2
1573312934 2
1573312935 2
1573312936 2
1573312937 2
1573312938 2
1573312939 2
1573312940 2
1573312941 2
1573312942 2
1573312943 3
1573312944 2
1573312945 2
1573312946 2
1573312947 2
1573312948 2
1573312949 2
1573312950 2
1573312951 2
1573312952 2
1573312953 2
1573312954 2
1573312955 2
1573312956 3
1573312957 2
1573312958 4
1573312959 4
1573312960 4
1573312961 3
1573312962 3
1573312963 2
1573312964 2
1573312965 2
1573312966 2
1573312967 2
1573312968 3
1573312969 4
1573312970 3
1573312971 3
1573312972 2
1573312973 2
1573312974 3
1573312975 2
1573312976 2
1573312977 2
1573312978 2
1573312979 2
1573312980 2
1573312981 2
1573312982 3
1573312983 3
1573312984 3
1573312985 3
1573312986 4
1573312987 2
1573312988 4
1573312989 4
1573312990 4
1573312991 3
1573312992 3
1573312993 3
1573312994 3
1573312995 2
1573312996 2
1573312997 2
1573312998 2
1573312999 2
1573313000 2
1573313001 2
1573313002 2
1573313003 2
1573313004 2
1573313005 2
1573313006 2
1573313007 2
1573313008 2
1573313009 2
1573313010 3
1573313011 4
1573313012 4
1573313013 4
1573313014 5
1573313015 5
1573313016 5
1573313017 5
1573313018 4
1573313019 4
1573313020 4
1573313021 4
1573313022 4
1573313023 4
1573313024 4
1573313025 4
1573313026 3
1573313027 2
1573313028 2
1573313029 2
1573313030 2
1573313031 2
1573313032 2
1573313033 2
1573313034 2
1573313035 2
1573313036 2
1573313037 2
1573313038 2
1573313039 2
1573313040 2
1573313041 2
1573313042 2
1573313043 3
1573313044 3
1573313045 5
1573313046 4
1573313047 4
1573313048 4
1573313049 4
1573313050 3
1573313051 3
1573313052 3
1573313053 3
1573313054 3
1573313055 3
1573313056 2
1573313057 2
1573313058 2
1573313059 2
1573313060 3
1573313061 3
1573313062 3
1573313063 2
1573313064 3
1573313065 2
1573313066 2
1573313067 2
1573313068 2
1573313069 2
1573313070 2
1573313071 2
1573313072 2
1573313073 2
1573313074 3
1573313075 4
1573313076 4
1573313077 4
1573313078 3
1573313079 2
1573313080 2
1573313081 2
1573313082 2
1573313083 2
1573313084 2
1573313085 2
1573313086 2
1573313087 2
1573313088 3
1573313089 2
1573313090 2
1573313091 2
1573313092 2
1573313093 2
1573313094 2
1573313095 2
1573313096 2
1573313097 2
1573313098 2
1573313099 2
1573313100 2
1573313101 2
1573313102 2
1573313103 2
1573313104 2
1573313105 2
1573313106 3
1573313107 5
1573313108 4
1573313109 4
1573313110 2
1573313111 2
1573313112 2
1573313113 2
1573313114 2
1573313115 2
1573313116 2
1573313117 2
1573313118 2
1573313119 2
1573313120 2
1573313121 3
1573313122 2
1573313123 2
1573313124 2
1573313125 2
1573313126 2
1573313127 2
1573313128 2
1573313129 2
1573313130 2
1573313131 2
1573313132 2
1573313133 2
1573313134 2
1573313135 2
1573313136 2
1573313137 5
1573313138 4
1573313139 4
1573313140 4
1573313141 3
1573313142 2
1573313143 2
1573313144 2
1573313145 2
1573313146 2
1573313147 2
1573313148 2
1573313149 4
1573313150 3
1573313151 3
1573313152 3
1573313153 4
1573313154 3
1573313155 2
1573313156 2
1573313157 2
1573313158 2
1573313159 2
1573313160 2
1573313161 3
1573313162 3
1573313163 3
1573313164 3
1573313165 4
1573313166 3
1573313167 4
1573313168 4
1573313169 4
1573313170 4
1573313171 4
1573313172 4
1573313173 4
1573313174 4
1573313175 4
1573313176 5
1573313177 5
1573313178 4
1573313179 3
1573313180 2
1573313181 2
1573313182 2
1573313183 2
1573313184 1
1573313185 1
1573313186 1
1573313187 1
1573313188 1
1573313189 2
1573313190 2
1573313191 2
1573313192 3
1573313193 3
1573313194 3
1573313195 3
1573313196 3
1573313197 3
1573313198 1
1573313199 2
1573313200 2
1573313201 2
1573313202 2
1573313203 3
1573313204 3
1573313205 3
1573313206 2
1573313207 2
1573313208 3
1573313209 2
1573313210 2
1573313211 2
1573313212 2
1573313213 2
1573313214 2
1573313215 3
1573313216 3
1573313217 3
1573313218 3
1573313219 3
1573313220 4
1573313221 3
1573313222 5
1573313223 3
1573313224 3
1573313225 3
1573313226 3
1573313227 3
1573313228 3
1573313229 3
1573313230 2
1573313231 2
1573313232 2
1573313233 2
1573313234 2
1573313235 2
1573313236 2
1573313237 1
1573313238 1
1573313239 1
1573313240 1
1573313241 1
1573313242 2
1573313243 2
1573313244 2
1573313245 3
1573313246 2
1573313247 2
1573313248 2
1573313249 2
1573313250 3
1573313251 2
1573313252 3
1573313253 3
1573313254 1
1573313255 1
1573313257 1
1573313258 1
1573313259 1
1573313260 2
1573313261 2
1573313262 2
1573313263 4
1573313264 5
1573313265 5
1573313266 4
1573313267 4
1573313268 5
1573313269 5
1573314016 3
1573314017 4
1573314018 6
1573314019 4
1573314020 3
1573314021 3
1573314022 3
1573314023 4
1573314024 3
1573314025 3
1573314026 2
1573314027 2
1573314028 1
1573314029 1
1573314030 1
1573314035 2
1573314036 2
1573314037 1
1573314038 1
1573314039 1
1573314040 1
1573314041 1
1573314042 2
1573314043 3
1573314044 4
1573314045 4
1573314046 4
1573314047 4
1573314048 4
1573314049 4
1573314050 4
1573314051 5
1573314052 5
1573314053 5
1573314054 4
1573314055 4
1573314056 3
1573314057 4
1573314058 3
1573314059 3
1573314060 3
1573314061 3
1573314062 1
1573314063 1
1573314064 2
1573314065 3
1573314066 3
1573314067 2
1573314068 2
1573314069 2
1573314070 3
1573314071 2
1573314072 2
1573314073 3
1573314074 3
1573314075 4
1573314076 3
1573314077 3
1573314078 3
1573314079 4
1573314080 4
1573314081 3
1573314082 3
1573314083 3
1573314084 3
1573314085 2
1573314086 2
1573314087 2
1573314088 2
1573314089 2
1573314090 2
1573314091 3
1573314092 3
1573314093 2
1573314094 2
1573314095 2
1573314096 3
1573314097 2
1573314098 2
1573314099 2
1573314100 2
1573314101 1
1573314102 1
1573314103 3
1573314104 3
1573314105 3
1573314106 2
1573314107 4
1573314108 2
1573314109 2
1573314110 1
1573314111 1
1573314112 1
1573314113 1
1573314114 1
1573314115 2
1573314116 2
1573314117 2
1573314118 2
1573314119 2
1573314120 2
1573314121 3
1573314122 4
1573314123 5
1573314124 6
1573314125 6
1573314126 5
1573314127 5
1573314128 5
1573314129 5
1573314130 5
1573314131 4
1573314132 5
1573314133 3
1573314134 3
1573314135 3
1573314136 3
1573314137 3
1573314138 3
1573314139 3
1573314140 2
1573314141 3
1573314142 2
1573314143 2
1573314144 3
1573314145 3
1573314146 3
1573314147 3
1573314148 2
1573314149 2
1573314150 2
1573314151 2
1573314152 2
1573314153 2
1573314154 2
1573314155 2
1573314156 3
1573314157 2
1573314158 4
1573314159 4
1573314160 4
1573314161 3
1573314162 2
1573314163 2
1573314164 2
1573314165 2
1573314166 2
1573314167 2
1573314168 2
1573314169 2
1573314170 3
1573314171 2
1573314172 3
1573314173 2
1573314174 2
1573314175 2
1573314176 2
1573314177 2
1573314178 2
1573314179 2
1573314180 2
1573314181 2
1573314182 2
1573314183 2
1573314184 2
1573314185 3
1573314186 2
1573314187 3
1573314188 4
1573314189 4
1573314190 6
1573314191 4
1573314192 2
1573314193 2
1573314194 2
1573314195 2
1573314196 2
1573314197 2
1573314198 2
1573314199 2
1573314200 2
1573314201 2
1573314202 2
1573314203 3
1573314204 2
1573314205 2
1573314206 2
1573314207 2
1573314208 2
1573314209 3
1573314210 3
1573314211 2
1573314212 2
1573314213 2
1573314214 2
1573314215 2
1573314216 3
1573314217 2
1573314218 3
1573314219 4
1573314220 4
1573314221 4
1573314222 4
1573314223 2
1573314224 2
1573314225 2
1573314226 2
1573314227 2
1573314228 2
1573314229 3
1573314230 3
1573314231 3
1573314232 2
1573314233 2
1573314234 2
1573314235 3
1573314236 2
1573314237 2
1573314238 2
1573314239 2
1573314240 2
1573314241 3
1573314242 3
1573314243 3
1573314244 3
1573314245 4
1573314246 3
1573314247 4
1573314248 4
1573314249 4
1573314250 4
1573314251 3
1573314252 3
1573314253 2
1573314254 2
1573314255 2
1573314256 2
1573314257 2
1573314258 2
1573314259 2
1573314260 2
1573314261 2
1573314262 2
1573314263 2
1573314264 2
1573314265 2
1573314266 2
1573314267 2
1573314268 2
1573314269 3
1573314270 4
1573314271 4
1573314272 4
1573314273 5
1573314274 5
1573314275 5
1573314276 5
1573314277 5
1573314278 4
1573314279 4
1573314280 4
1573314281 4
1573314282 3
1573314283 2
1573314284 2
1573314285 2
1573314286 2
1573314287 2
1573314288 2
1573314289 2
1573314290 2
1573314291 2
1573314292 2
1573314293 2
1573314294 2
1573314295 2
1573314296 2
1573314297 2
1573314298 2
1573314299 3
1573314300 3
1573314301 5
1573314302 4
1573314303 4
1573314304 4
1573314305 3
1573314306 3
1573314307 3
1573314308 3
1573314309 3
1573314310 3
1573314311 2
1573314312 2
1573314313 2
1573314314 2
1573314315 2
1573314316 3
1573314317 3
1573314318 2
1573314319 3
1573314320 3
1573314321 3
1573314322 3
1573314323 3
1573314324 2
1573314325 2
1573314326 2
1573314327 2
1573314328 2
1573314329 2
1573314330 4
1573314331 4
1573314332 4
1573314333 3
1573314334 2
1573314335 2
1573314336 2
1573314337 3
1573314338 3
1573314339 2
1573314340 2
1573314341 2
1573314342 2
1573314343 2
1573314344 3
1573314345 2
1573314346 2
1573314347 2
1573314348 3
1573314349 2
1573314350 2
1573314351 2
1573314352 2
1573314353 2
1573314354 2
1573314355 2
1573314356 2
1573314357 2
1573314358 2
1573314359 2
1573314360 2
1573314361 6
1573314362 4
1573314363 4
1573314364 3
1573314365 3
1573314366 2
1573314367 2
1573314368 2
1573314369 2
1573314370 2
1573314371 2
1573314372 2
1573314373 2
1573314374 2
1573314375 3
1573314376 2
1573314377 3
1573314378 2
1573314379 3
1573314380 3
1573314381 2
1573314382 2
1573314383 2
1573314384 2
1573314385 2
1573314386 2
1573314387 2
1573314388 2
1573314389 2
1573314390 5
1573314391 4
1573314392 4
1573314393 4
1573314394 2
1573314395 2
1573314396 2
1573314397 2
1573314398 2
1573314399 2
1573314400 2
1573314401 2
1573314402 3
1573314403 2
1573314404 4
1573314405 3
1573314406 4
1573314407 3
1573314408 2
1573314409 2
1573314410 2
1573314411 2
1573314412 3
1573314413 3
1573314414 3
1573314415 3
1573314416 4
1573314417 3
1573314418 5
1573314419 4
1573314420 4
1573314421 4
1573314422 4
1573314423 4
1573314424 4
1573314425 4
1573314426 4
1573314427 6
1573314428 6
1573314429 4
1573314430 3
1573314431 3
1573314432 2
1573314433 2
1573314434 2
1573314435 1
1573314436 1
1573314437 1
1573314438 1
1573314439 1
1573314440 2
1573314441 2
1573314442 2
1573314443 2
1573314444 3
1573314445 3
1573314446 2
1573314447 2
1573314448 1
1573314449 1
1573314450 2
1573314451 2
1573314452 2
1573314453 2
1573314454 3
1573314455 2
1573314456 2
1573314457 2
1573314458 2
1573314459 2
1573314460 2
1573314461 2
1573314462 2
1573314463 2
1573314464 2
1573314465 2
1573314466 3
1573314467 3
1573314468 4
1573314469 4
1573314470 3
1573314471 4
1573314472 4
1573314473 6
1573314474 3
1573314475 3
1573314476 3
1573314477 3
1573314478 3
1573314479 2
1573314480 2
1573314481 2
1573314482 2
1573314483 2
1573314484 2
1573314485 3
1573314486 2
1573314487 2
1573314488 2
1573314489 1
1573314490 1
1573314491 1
1573314492 1
1573314493 2
1573314494 2
1573314495 3
1573314496 4
1573314497 4
1573314498 2
1573314499 2
1573314500 1
1573314501 2
1573314502 1
1573314503 1
1573314507 1
1573314508 1
1573314509 1
1573314510 2
1573314511 2
1573314512 3
1573314513 3
1573314514 3
1573314515 3
1573314516 3
1573314517 3
1573314518 3
1573314519 5
1573314520 4
