1571398160 6
1571398161 5
1571398162 4
1571398163 4
1571398164 3
1571398165 3
1571398166 2
1571398167 2
1571398168 2
1571398169 3
1571398170 3
1571398171 3
1571398172 4
1571398173 4
1571398174 4
1571398175 3
1571398176 3
1571398177 3
1571398178 3
1571398179 3
1571398180 3
1571398181 2
1571398182 2
1571398183 2
1571398184 2
1571398185 2
1571398186 2
1571398187 2
1571398188 2
1571398189 2
1571398190 2
1571398191 2
1571398192 2
1571398193 2
1571398194 2
1571398195 2
1571398196 2
1571398197 2
1571398198 2
1571398199 2
1571398200 2
1571398201 2
1571398202 2
1571398203 2
1571398204 2
1571398205 2
1571398206 2
1571398207 2
1571398208 2
1571398209 2
1571398210 2
1571398211 2
1571398212 2
1571398213 2
1571398214 2
1571398215 2
1571398216 2
1571398217 2
1571398218 2
1571398219 2
1571398220 2
1571398221 2
1571398222 2
1571398223 3
1571398224 4
1571398225 4
1571398226 4
1571398227 4
1571398228 4
1571398229 4
1571398230 3
1571398231 3
1571398232 3
1571398233 3
1571398234 3
1571398235 3
1571398236 3
1571398237 3
1571398238 3
1571398239 3
1571398240 4
1571398241 4
1571398242 4
1571398243 4
1571398244 3
1571398245 4
1571398246 4
1571398247 4
1571398248 3
1571398249 3
1571398250 3
1571398251 2
1571398252 2
1571398253 2
1571398254 2
1571398255 2
1571398256 2
1571398257 2
1571398258 2
1571398259 2
1571398260 2
1571398261 2
1571398262 2
1571398263 2
1571398264 2
1571398265 2
1571398266 2
1571398267 2
1571398268 2
1571398269 2
1571398270 2
1571398271 2
1571398272 2
1571398273 2
1571398274 2
1571398275 2
1571398276 2
1571398277 2
1571398278 2
1571398279 2
1571398280 2
1571398281 2
1571398282 2
1571398283 2
1571398284 2
1571398285 2
1571398286 2
1571398287 2
1571398288 2
1571398289 2
1571398290 2
1571398291 2
1571398292 2
1571398293 3
1571398294 3
1571398295 3
1571398296 3
1571398297 3
1571398298 3
1571398299 3
1571398300 3
1571398301 3
1571398302 3
1571398303 3
1571398304 2
1571398305 2
1571398306 3
1571398307 2
1571398308 3
1571398309 3
1571398310 3
1571398311 4
1571398312 4
1571398313 5
1571398314 6
1571398315 6
1571398316 6
1571398317 3
1571398318 3
1571398319 4
1571398320 5
1571398321 5
1571398322 4
1571398323 4
1571398324 2
1571398325 2
1571398326 2
1571398327 2
1571398328 2
1571398329 2
1571398330 1
1571398331 1
1571398332 1
1571398333 3
1571398334 3
1571398335 3
1571398336 3
1571398337 3
1571398338 4
1571398339 4
1571398340 4
1571398341 4
1571398342 4
1571398343 5
1571398344 5
1571398345 5
1571398346 4
1571398347 5
1571398348 5
1571398349 5
1571398350 4
1571398351 3
1571398352 3
1571398353 2
1571398354 1
1571398355 1
1571398356 2
1571398357 2
1571398358 3
1571398359 3
1571398360 2
1571398361 2
1571398362 2
1571398363 2
1571398364 2
1571398365 2
1571398366 2
1571398367 2
1571398368 2
1571398369 3
1571398370 3
1571398371 3
1571398372 4
1571398373 3
1571398374 3
1571398375 5
1571398376 4
1571398377 3
1571398378 3
1571398379 3
1571398380 4
1571398381 3
1571398382 3
1571398383 3
1571398384 3
1571398385 3
1571398386 2
1571398387 2
1571398388 2
1571398389 2
1571398390 2
1571398391 2
1571398392 3
1571398393 2
1571398394 2
1571398395 2
1571398396 2
1571398397 3
1571398398 3
1571398399 3
1571398400 3
1571398401 2
1571398402 2
1571398403 2
1571398404 1
1571398405 2
1571398406 3
1571398407 4
1571398408 4
1571398409 4
1571398410 4
1571398411 2
1571398412 3
1571398413 3
1571398414 3
1571398415 2
1571398416 1
1571398417 1
1571398418 1
1571398419 1
1571398420 1
1571398421 1
1571398422 2
1571398423 2
1571398424 2
1571398425 2
1571398426 2
1571398427 2
1571398428 2
1571398429 3
1571398430 5
1571398431 5
1571398432 5
1571398433 6
1571398434 5
1571398435 5
1571398436 6
1571398437 6
1571398438 6
1571398439 7
1571398440 6
1571398441 6
1571398442 5
1571398443 4
1571398444 4
1571398445 3
1571398446 2
1571398447 2
1571398448 2
1571398449 2
1571398450 2
1571398451 1
1571398452 1
1571398453 1
1571398454 1
1571398455 1
1571398456 3
1571398457 3
1571398458 4
1571398459 5
1571398460 6
1571398461 6
1571398462 6
1571398463 5
1571398464 4
1571398465 2
1571398466 2
1571398467 3
1571398468 2
1571398469 2
1571398470 2
1571398471 2
1571398472 2
1571398473 3
1571398474 3
1571398475 2
1571398476 2
1571398477 2
1571398478 2
1571398479 3
1571398480 3
1571398481 2
1571398482 2
1571398483 2
1571398484 2
1571398485 2
1571398486 2
1571398487 2
1571398488 3
1571398489 3
1571398490 4
1571398491 3
1571398492 4
1571398493 4
1571398494 4
1571398495 5
1571398496 5
1571398497 2
1571398498 2
1571398499 2
1571398500 2
1571398501 3
1571398502 3
1571398503 3
1571398504 3
1571398505 3
1571398506 4
1571398507 2
1571398508 3
1571398509 2
1571398510 2
1571398511 2
1571398512 2
1571398513 2
1571398514 2
1571398515 2
1571398516 1
1571398517 1
1571398518 1
1571398519 1
1571398520 1
1571398521 1
1571398522 2
1571398523 3
1571398524 3
1571398525 4
1571398526 4
1571398527 3
1571398528 3
1571398529 3
1571398530 4
1571398531 4
1571398532 5
1571398533 5
1571398534 5
1571398535 4
1571398536 3
1571398537 3
1571398538 3
1571398539 2
1571398540 2
1571398541 2
1571398542 3
1571398543 4
1571398544 4
1571398545 5
1571398546 5
1571398547 8
1571398548 6
1571398549 5
1571398550 5
1571398551 5
1571398552 5
1571398553 4
1571398554 6
1571398715 4
1571398716 4
1571398717 3
1571398718 3
1571398719 3
1571398720 2
1571398721 2
1571398722 2
1571398723 2
1571398724 2
1571398725 2
1571398726 2
1571398727 4
1571398728 4
1571398729 2
1571398730 1
1571398731 1
1571398732 2
1571398733 2
1571398734 2
1571398735 3
1571398736 3
1571398737 3
1571398738 3
1571398739 2
1571398740 2
1571398741 3
1571398742 2
1571398743 2
1571398744 2
1571398745 2
1571398746 2
1571398747 2
1571398748 3
1571398749 3
1571398750 2
1571398751 4
1571398752 3
1571398753 2
1571398754 2
1571398755 3
1571398756 3
1571398757 2
1571398758 2
1571398759 2
1571398760 2
1571398761 2
1571398762 2
1571398763 2
1571398764 3
1571398765 3
1571398766 3
1571398767 3
1571398768 5
1571398769 4
1571398770 4
1571398771 5
1571398772 3
1571398773 5
1571398774 5
1571398775 5
1571398776 5
1571398777 3
1571398778 2
1571398779 2
1571398780 2
1571398781 2
1571398782 2
1571398783 2
1571398784 2
1571398785 3
1571398786 2
1571398787 2
1571398788 2
1571398789 2
1571398790 3
1571398791 3
1571398792 2
1571398793 2
1571398794 2
1571398795 2
1571398796 2
1571398797 3
1571398798 2
1571398799 3
1571398800 4
1571398801 4
1571398802 4
1571398803 4
1571398804 3
1571398805 2
1571398806 2
1571398807 2
1571398808 2
1571398809 1
1571398810 1
1571398811 1
1571398812 1
1571398813 1
1571398814 1
1571398815 2
1571398816 2
1571398817 2
1571398818 2
1571398819 2
1571398820 2
1571398821 2
1571398822 5
1571398823 5
1571398824 5
1571398825 6
1571398826 5
1571398827 4
1571398828 4
1571398829 4
1571398830 5
1571398831 6
1571398832 5
1571398833 6
1571398834 6
1571398835 4
1571398836 4
1571398837 3
1571398838 3
1571398839 2
1571398840 2
1571398841 2
1571398842 2
1571398843 1
1571398844 1
1571398845 1
1571398846 1
1571398847 1
1571398848 1
1571398849 3
1571398850 3
1571398851 3
1571398852 3
1571398853 5
1571398854 5
1571398855 5
1571398856 4
1571398857 2
1571398858 2
1571398859 2
1571398860 2
1571398861 2
1571398862 2
1571398863 2
1571398864 2
1571398865 2
1571398866 3
1571398867 2
1571398868 2
1571398869 2
1571398870 2
1571398871 2
1571398872 2
1571398873 2
1571398874 2
1571398875 2
1571398876 2
1571398877 2
1571398878 2
1571398879 2
1571398880 3
1571398881 3
1571398882 3
1571398883 3
1571398884 3
1571398885 3
1571398886 3
1571398887 4
1571398888 3
1571398889 4
1571398890 4
1571398891 3
1571398892 2
1571398893 2
1571398894 3
1571398895 3
1571398896 3
1571398897 3
1571398898 3
1571398899 5
1571398900 4
1571398901 2
1571398902 2
1571398903 2
1571398904 2
1571398905 3
1571398906 2
1571398907 2
1571398908 2
1571398909 2
1571398910 2
1571398911 1
1571398912 1
1571398913 1
1571398914 1
1571398915 3
1571398916 3
1571398917 3
1571398918 3
1571398919 4
1571398920 4
1571398921 4
1571398922 4
1571398923 3
1571398924 3
1571398925 3
1571398926 3
1571398927 3
1571398928 2
1571398929 2
1571398931 1
1571398932 2
1571398933 2
1571398934 2
1571398935 2
1571398936 3
1571398937 3
1571398938 4
1571398939 5
1571398940 5
1571398941 6
1571398942 6
1571398943 4
1571398944 2
1571398945 2
1571398946 4
1571399732 6
1571399733 5
1571399734 4
1571399735 4
1571399736 2
1571399737 2
1571399738 2
1571399739 2
1571399740 2
1571399741 4
1571399742 3
1571399743 3
1571399744 4
1571399745 5
1571399746 5
1571399747 3
1571399748 3
1571399749 3
1571399750 3
1571399751 4
1571399752 3
1571399753 3
1571399754 3
1571399755 2
1571399756 2
1571399757 2
1571399758 2
1571399759 2
1571399760 2
1571399761 2
1571399762 2
1571399763 2
1571399764 2
1571399765 2
1571399766 2
1571399767 2
1571399768 2
1571399769 2
1571399770 2
1571399771 2
1571399772 2
1571399773 2
1571399774 2
1571399775 2
1571399776 2
1571399777 2
1571399778 2
1571399779 2
1571399780 2
1571399781 2
1571399782 2
1571399783 2
1571399784 2
1571399785 2
1571399786 2
1571399787 2
1571399788 2
1571399789 2
1571399790 2
1571399791 2
1571399792 2
1571399793 2
1571399794 3
1571399795 3
1571399796 4
1571399797 4
1571399798 4
1571399799 4
1571399800 4
1571399801 4
1571399802 4
1571399803 3
1571399804 3
1571399805 3
1571399806 3
1571399807 3
1571399808 4
1571399809 2
1571399810 2
1571399811 1
1571399812 3
1571399813 3
1571399814 3
1571399815 5
1571399816 4
1571399817 4
1571399818 4
1571399819 3
1571399820 3
1571399821 3
1571399822 3
1571399823 3
1571399824 3
1571399825 2
1571399826 2
1571399827 2
1571399828 2
1571399829 2
1571399830 2
1571399831 2
1571399832 2
1571399833 2
1571399834 2
1571399835 2
1571399836 2
1571399837 2
1571399838 2
1571399839 2
1571399840 2
1571399841 2
1571399842 2
1571399843 2
1571399844 2
1571399845 2
1571399846 2
1571399847 2
1571399848 2
1571399849 2
1571399850 2
1571399851 2
1571399852 2
1571399853 2
1571399854 2
1571399855 2
1571399856 2
1571399857 2
1571399858 2
1571399859 2
1571399860 2
1571399861 2
1571399862 2
1571399863 2
1571399864 2
1571399865 2
1571399866 3
1571399867 3
1571399868 3
1571399869 3
1571399870 3
1571399871 3
1571399872 3
1571399873 3
1571399874 3
1571399875 3
1571399876 3
1571399877 3
1571399878 3
1571399879 3
1571399880 2
1571399881 4
1571399882 3
1571399883 2
1571399884 3
1571399885 4
1571399886 3
1571399887 3
1571399888 3
1571399889 4
1571399890 4
1571399891 6
1571399892 6
1571399893 3
1571399894 3
1571399895 2
1571399896 5
1571399897 5
1571399898 5
1571399899 4
1571399900 3
1571399901 3
1571399902 3
1571399903 2
1571399904 2
1571399905 1
1571399906 1
1571399907 1
1571399908 2
1571399909 2
1571399910 2
1571399911 2
1571399912 2
1571399913 2
1571399914 1
1571399915 2
1571399916 2
1571399917 2
1571399918 2
1571399919 3
1571399920 3
1571399921 2
1571399922 2
1571399923 2
1571399924 2
1571399925 1
1571399926 1
1571399927 1
1571399928 1
1571399929 2
1571399930 3
1571399931 2
1571399932 2
1571399933 2
1571399934 2
1571399935 2
1571399936 2
1571399937 2
1571399938 2
1571399939 2
1571399940 2
1571399941 3
1571399942 3
1571399943 3
1571399944 3
1571399945 3
1571399946 3
1571399947 4
1571399948 4
1571399949 4
1571399950 3
1571399951 4
1571399952 3
1571399953 4
1571399954 4
1571399955 3
1571399956 3
1571399957 3
1571399958 2
1571399959 2
1571399960 2
1571399961 2
1571399962 2
1571399963 2
1571399964 3
1571399965 3
1571399966 2
1571399967 2
1571399968 2
1571399969 3
1571399970 3
1571399971 3
1571399972 3
1571399973 2
1571399974 2
1571399975 2
1571399976 2
1571399977 2
1571399978 2
1571399979 4
1571399980 4
1571399981 3
1571399982 3
1571399983 2
1571399984 3
1571399985 3
1571399986 3
1571399987 1
1571399988 1
1571399989 1
1571399990 1
1571399991 1
1571399992 1
1571399993 1
1571399994 2
1571399995 2
1571399996 2
1571399997 2
1571399998 2
1571399999 2
1571400000 2
1571400001 3
1571400002 5
1571400003 5
1571400004 6
1571400005 7
1571400006 6
1571400007 6
1571400008 5
1571400009 5
1571400010 5
1571400011 5
1571400012 5
1571400013 5
1571400014 6
1571400015 5
1571400016 4
1571400017 4
1571400018 3
1571400019 3
1571400020 2
1571400021 2
1571400022 2
1571400023 1
1571400024 1
1571400025 1
1571400026 1
1571400027 1
1571400028 1
1571400029 2
1571400030 2
1571400031 2
1571400032 3
1571400033 3
1571400034 4
1571400035 4
1571400036 3
1571400037 3
1571400038 3
1571400039 2
1571400040 2
1571400041 2
1571400042 2
1571400043 3
1571400044 2
1571400045 2
1571400046 3
1571400047 3
1571400048 2
1571400049 2
1571400050 3
1571400051 2
1571400052 3
1571400053 2
1571400054 2
1571400055 2
1571400056 2
1571400057 2
1571400058 2
1571400059 2
1571400060 2
1571400061 3
1571400062 4
1571400063 4
1571400064 3
1571400065 4
1571400066 4
1571400067 3
1571400068 3
1571400069 3
1571400070 2
1571400071 2
1571400072 2
1571400073 3
1571400074 3
1571400075 3
1571400076 3
1571400077 3
1571400078 3
1571400079 4
1571400080 4
1571400081 2
1571400082 2
1571400083 2
1571400084 2
1571400085 2
1571400086 3
1571400087 3
1571400088 3
1571400089 3
1571400090 3
1571400091 3
1571400092 3
1571400093 2
1571400094 2
1571400095 3
1571400096 3
1571400097 3
1571400098 4
1571400099 4
1571400100 3
1571400101 2
1571400102 2
1571400103 3
1571400104 3
1571400105 4
1571400106 4
1571400107 4
1571400108 3
1571400109 3
1571400110 3
1571400111 3
1571400112 2
1571400113 2
1571400114 2
1571400115 3
1571400116 4
1571400117 3
1571400118 4
1571400119 4
1571400120 5
1571400121 5
1571400122 3
1571400123 4
1571400124 5
1571400125 4
1571400126 6
1571401108 4
1571401109 4
1571401110 3
1571401111 3
1571401112 2
1571401113 2
1571401114 2
1571401115 1
1571401116 1
1571401117 1
1571401118 1
1571401119 1
1571401120 2
1571401121 2
1571401122 2
1571401123 2
1571401124 3
1571401125 2
1571401126 2
1571401127 3
1571401128 3
1571401129 3
1571401130 3
1571401131 4
1571401132 4
1571401133 2
1571401134 2
1571401135 1
1571401136 1
1571401137 1
1571401138 1
1571401139 1
1571401140 1
1571401141 2
1571401142 3
1571401143 2
1571401144 3
1571401145 2
1571401146 2
1571401147 2
1571401148 3
1571401149 2
1571401150 2
1571401151 2
1571401152 2
1571401153 2
1571401154 2
1571401155 2
1571401156 3
1571401157 3
1571401158 3
1571401159 3
1571401160 5
1571401161 5
1571401162 4
1571401163 4
1571401164 5
1571401165 3
1571401166 3
1571401167 3
1571401168 3
1571401169 2
1571401170 2
1571401171 2
1571401172 2
1571401173 2
1571401174 2
1571401175 2
1571401176 2
1571401177 2
1571401178 2
1571401179 2
1571401180 2
1571401181 2
1571401182 3
1571401183 2
1571401184 2
1571401185 2
1571401186 2
1571401187 2
1571401188 2
1571401189 3
1571401190 2
1571401191 3
1571401192 4
1571401193 5
1571401194 4
1571401195 4
1571401196 5
1571401197 4
1571401198 2
1571401199 2
1571401200 2
1571401201 2
1571401202 1
1571401203 1
1571401204 1
1571401205 1
1571401206 2
1571401207 2
1571401208 3
1571401209 4
1571401210 4
1571401211 4
1571401212 4
1571401213 5
1571401214 7
1571401215 6
1571401216 6
1571401217 7
1571401218 6
1571401219 5
1571401220 5
1571401221 4
1571401222 4
1571401223 4
1571401224 4
1571401225 5
1571401226 5
1571401227 4
1571401228 2
1571401229 2
1571401230 2
1571401231 2
1571401232 2
1571401233 2
1571401234 2
1571401235 2
1571401236 3
1571401237 2
1571401238 2
1571401239 2
1571401240 2
1571401241 3
1571401242 3
1571401243 3
1571401244 4
1571401245 3
1571401246 5
1571401247 5
1571401248 5
1571401249 3
1571401250 3
1571401251 3
1571401252 3
1571401253 4
1571401254 4
1571401255 3
1571401256 3
1571401257 3
1571401258 3
1571401259 4
1571401260 3
1571401261 3
1571401262 3
1571401263 3
1571401264 3
1571401265 4
1571401266 4
1571401267 4
1571401268 2
1571401269 2
1571401270 2
1571401271 2
1571401272 2
1571401273 2
1571401274 3
1571401275 4
1571401276 5
1571401277 3
1571401278 2
1571401279 2
1571401280 2
1571401281 3
1571401282 3
1571401283 4
1571401284 4
1571401285 4
1571401286 4
1571401287 4
1571401288 4
1571401289 3
1571401290 3
1571401291 3
1571401292 3
1571401293 3
1571401294 2
1571401295 2
1571401296 2
1571401297 2
1571401298 2
1571401299 2
1571401300 2
1571401301 2
1571401302 2
1571401303 1
1571401304 1
1571401305 1
1571401306 1
1571401307 1
1571401308 1
1571401309 2
1571401310 2
1571401311 2
1571401312 3
1571401313 3
1571401314 4
1571401315 4
1571401316 4
1571401317 4
1571401318 4
1571401319 4
1571401320 4
1571401321 4
1571401322 3
1571401323 3
1571401324 2
1571401325 3
1571401326 3
1571401327 2
1571401328 3
1571401329 2
1571401330 2
1571401331 3
1571401332 4
1571401333 5
1571401334 8
1571401335 7
1571401336 7
1571401337 5
1571401338 4
1571401339 8
1571401340 6
1571401492 3
1571401493 4
1571401494 4
1571401495 5
1571401496 4
1571401497 4
1571401498 4
1571401499 3
1571401500 4
1571401501 5
1571401502 4
1571401503 4
1571401504 3
1571401505 3
1571401506 2
1571401507 2
1571401508 1
1571401509 1
1571401510 1
1571401511 1
1571401512 2
1571401513 2
1571401514 3
1571401515 3
1571401516 3
1571401517 2
1571401518 2
1571401519 3
1571401520 3
1571401521 3
1571401522 3
1571401523 4
1571401524 3
1571401525 2
1571401526 2
1571401527 2
1571401528 1
1571401529 1
1571401530 1
1571401531 1
1571401532 1
1571401533 2
1571401534 3
1571401535 2
1571401536 3
1571401537 2
1571401538 2
1571401539 2
1571401540 2
1571401541 4
1571401542 3
1571401543 3
1571401544 2
1571401545 2
1571401546 2
1571401547 2
1571401548 3
1571401549 3
1571401550 3
1571401551 4
1571401552 4
1571401553 5
1571401554 4
1571401555 4
1571401556 4
1571401557 3
1571401558 3
1571401559 3
1571401560 3
1571401561 2
1571401562 2
1571401563 2
1571401564 2
1571401565 2
1571401566 2
1571401567 2
1571401568 3
1571401569 3
1571401570 3
1571401571 2
1571401572 2
1571401573 2
1571401574 3
1571401575 3
1571401576 2
1571401577 2
1571401578 2
1571401579 2
1571401580 2
1571401581 2
1571401582 2
1571401583 4
1571401584 4
1571401585 3
1571401586 4
1571401587 3
1571401588 4
1571401589 4
1571401590 2
1571401591 2
1571401592 1
1571401593 1
1571401594 1
1571401595 1
1571401596 1
1571401597 1
1571401598 2
1571401599 2
1571401600 2
1571401601 2
1571401602 2
1571401603 2
1571401604 2
1571401605 3
1571401606 4
1571401607 5
1571401608 5
1571401609 5
1571401610 6
1571401611 5
1571401612 5
1571401613 5
1571401614 6
1571401615 4
1571401616 5
1571401617 5
1571401618 5
1571401619 4
1571401620 3
1571401621 2
1571401622 2
1571401623 2
1571401624 2
1571401625 2
1571401626 1
1571401627 1
1571401628 1
1571401629 1
1571401630 1
1571401631 1
1571401632 1
1571401633 2
1571401634 3
1571401635 4
1571401636 4
1571401637 4
1571401638 5
1571401639 4
1571401640 4
1571401641 4
1571401642 3
1571401643 2
1571401644 2
1571401645 2
1571401646 2
1571401647 2
1571401648 2
1571401649 3
1571401650 3
1571401651 3
1571401652 3
1571401653 2
1571401654 2
1571401655 2
1571401656 2
1571401657 2
1571401658 2
1571401659 2
1571401660 2
1571401661 2
1571401662 2
1571401663 2
1571401664 3
1571401665 4
1571401666 3
1571401667 3
1571401668 3
1571401669 3
1571401670 3
1571401671 5
1571401672 4
1571401673 4
1571401674 2
1571401675 2
1571401676 2
1571401677 2
1571401678 2
1571401679 2
1571401680 2
1571401681 2
1571401682 3
1571401683 2
1571401684 3
1571401685 2
1571401686 2
1571401687 2
1571401688 3
1571401689 2
1571401690 2
1571401691 2
1571401692 2
1571401693 1
1571401694 1
1571401695 1
1571401696 1
1571401697 1
1571401698 2
1571401699 2
1571401700 2
1571401701 2
1571401702 3
1571401703 2
1571401704 2
1571401705 2
1571401706 2
1571401707 2
1571401708 4
1571401709 3
1571401710 3
1571401711 3
1571401712 4
1571401713 4
1571401714 4
1571401715 2
1571401716 2
1571401717 2
1571401718 4
1571401719 4
1571401720 4
1571401721 3
1571401722 4
1571401723 5
1571401724 5
1571401725 4
1571401726 5
1571401727 3
1571401728 4
1571401729 5
1571408045 4
1571408046 4
1571408047 5
1571408048 5
1571408049 2
1571408050 3
1571408051 3
1571408052 4
1571408053 4
1571408054 4
1571408055 3
1571408056 2
1571408057 3
1571408058 2
1571408059 2
1571408060 1
1571408061 2
1571408062 2
1571408063 2
1571408064 3
1571408065 3
1571408066 3
1571408067 2
1571408068 2
1571408069 3
1571408070 1
1571408071 1
1571408072 2
1571408073 3
1571408074 3
1571408075 3
1571408076 3
1571408077 2
1571408078 2
1571408079 2
1571408080 1
1571408081 1
1571408082 1
1571408083 1
1571408084 1
1571408085 2
1571408086 2
1571408087 3
1571408088 3
1571408089 2
1571408090 2
1571408091 2
1571408092 2
1571408093 2
1571408094 3
1571408095 2
1571408096 3
1571408097 3
1571408098 3
1571408099 3
1571408100 4
1571408101 4
1571408102 4
1571408103 4
1571408104 5
1571408105 5
1571408106 5
1571408107 4
1571408108 4
1571408109 4
1571408110 3
1571408111 3
1571408112 3
1571408113 3
1571408114 2
1571408115 2
1571408116 2
1571408117 2
1571408118 2
1571408119 2
1571408120 2
1571408121 3
1571408122 3
1571408123 2
1571408124 2
1571408125 2
1571408126 3
1571408127 3
1571408128 3
1571408129 3
1571408130 2
1571408131 2
1571408132 2
1571408133 2
1571408134 2
1571408135 2
1571408136 4
1571408137 3
1571408138 3
1571408139 2
1571408140 2
1571408141 3
1571408142 3
1571408143 4
1571408144 3
1571408145 3
1571408146 4
1571408147 5
1571408148 5
1571408149 4
1571408150 4
1571408151 4
1571408152 3
1571408153 2
1571408154 2
1571408155 2
1571408156 2
1571408157 2
1571408158 4
1571408159 5
1571408160 5
1571408161 5
1571408162 5
1571408163 5
1571408164 6
1571408165 6
1571408166 6
1571408167 6
1571408168 6
1571408169 5
1571408170 6
1571408171 5
1571408172 4
1571408173 4
1571408174 3
1571408175 2
1571408176 2
1571408177 2
1571408178 2
1571408179 1
1571408180 1
1571408181 1
1571408182 1
1571408183 1
1571408184 1
1571408185 3
1571408186 3
1571408187 4
1571408188 4
1571408189 4
1571408190 4
1571408191 4
1571408192 4
1571408193 3
1571408194 3
1571408195 2
1571408196 1
1571408197 2
1571408198 2
1571408199 2
1571408200 2
1571408201 2
1571408202 3
1571408203 3
1571408204 3
1571408205 2
1571408206 2
1571408207 2
1571408208 3
1571408209 2
1571408210 2
1571408211 2
1571408212 2
1571408213 2
1571408214 2
1571408215 2
1571408216 2
1571408217 3
1571408218 3
1571408219 3
1571408220 3
1571408221 5
1571408222 4
1571408223 5
1571408224 4
1571408225 5
1571408226 4
1571408227 4
1571408228 3
1571408229 4
1571408230 4
1571408231 4
1571408232 4
1571408233 3
1571408234 2
1571408235 3
1571408236 2
1571408237 2
1571408238 2
1571408239 2
1571408240 2
1571408241 2
1571408242 2
1571408243 2
1571408244 2
1571408245 1
1571408246 1
1571408247 1
1571408248 1
1571408249 1
1571408250 1
1571408251 2
1571408252 2
1571408253 2
1571408254 3
1571408255 2
1571408256 2
1571408257 2
1571408258 2
1571408259 2
1571408260 2
1571408261 2
1571408262 1
1571408263 1
1571408264 1
1571408265 1
1571408266 1
1571408267 1
1571408268 2
1571408269 2
1571408270 2
1571408271 2
1571408272 2
1571408273 2
1571408274 3
1571408275 4
1571408276 6
1571408277 6
1571408278 6
1571408279 5
1571408280 4
1571408281 4
1571408282 6
