1579359620 2
1579359621 2
1579359622 4
1579360187 2
1579360188 2
1579360189 3
1579360190 2
1579360191 2
1579360192 2
1579360193 2
1579360194 2
1579360195 2
1579360196 2
1579360197 2
1579360198 2
1579360199 2
1579360758 2
1579360759 2
1579361313 2
1579361314 4
1579361315 3
1579361869 2
1579361870 2
1579361871 5
1579362418 2
1579362419 2
1579362420 2
1579362421 2
1579362422 2
1579362423 3
1579362424 3
1579362425 4
1579362981 2
1579362982 3
1579363547 2
1579363548 2
1579363549 4
1579364113 2
1579364114 2
1579364115 5
1579364673 2
1579364674 3
