1575390362 2
1575390363 2
1575390364 4
1575390932 2
1575390933 2
1575390934 4
1575391495 2
1575391496 2
1575391497 4
1575392056 2
1575392057 2
1575392058 2
1575392059 2
1575392060 2
1575392061 2
1575392062 2
1575392063 6
1575392866 2
1575392867 2
1575392868 2
1575392869 2
1575392870 2
1575392871 2
1575392872 2
1575392873 2
1575393508 2
1575393509 4
1575394067 2
1575394068 4
1575394633 2
1575394634 2
1575394635 5
1575395191 2
1575395192 2
1575395193 2
1575395194 2
1575395195 2
1575395196 2
1575395197 2
1575395198 2
1575395199 4
1575395760 2
1575395761 2
1575395762 4
