1582113149 5.515895166
1582113316 5.352653693
1582113480 5.363821364
1582113647 5.24427596
1582113813 5.976353169
1582113988 6.233653814
1582114151 5.303007567
1582114313 6.016935082
1582114480 5.741437567
1582114643 6.13904004
1582114806 5.500010196
1582114973 6.048674908
1582115135 5.777665857
1582115302 5.821564116
1582115465 6.309271004
1582115629 5.672894716
1582115792 6.056145872
1582115955 5.939585747
1582116136 5.477776867
1582116352 5.157203453
1582116528 5.462207467
1582116693 5.374197169
1582119012 6.012399783
1582119175 5.664285059
1582119345 5.96387045
1582119521 5.384558141
1582119697 5.571281676
1582119860 5.393439798
1582120032 6.240924997
1582120207 6.0795226
1582120928 5.941511854
1582121094 6.221663307
1582121338 5.419705178
1582121501 5.617161009
1582125243 5.507896078
1582125683 5.35171434
1582125887 5.870458474
1582126054 5.778851141
1582126222 5.798769045
1582126384 5.676133909
1582126551 5.729090802
1582126713 6.240046132
1582126877 5.799503455
1582127040 5.795132939
1582127203 5.860502415
1582127371 6.372574835
1582127537 5.852237467
1582127700 6.042115763
1582127864 5.880079825
1582128025 6.085877075
1582128191 5.924598458
1582128370 5.610052834
1582128532 5.889144905
1582128695 6.150682751
1582128861 5.336410261
1582129028 5.901133366
1582129196 5.80034818
1582129355 5.930155233
1582129515 5.828366603
1582129679 5.752368677
