1580306872 4
1580306873 4
1580306874 4
1580306875 3
1580306876 3
1580306877 3
1580306878 4
1580306879 7
1580306880 6
1580306881 7
1580306882 6
1580306883 8
1580306884 6
1580306885 7
1580306886 4
1580306887 4
1580306888 4
1580306889 5
1580306890 4
1580306891 5
1580306892 4
1580306893 4
1580306894 5
1580306895 4
1580306896 4
1580306897 4
1580306898 4
1580306899 4
1580306900 3
1580306901 4
1580306902 4
1580306903 5
1580306904 6
1580306905 5
1580306906 4
1580306907 3
1580306908 2
1580306909 3
1580306910 3
1580306911 3
1580306912 3
1580306913 3
1580306914 3
1580306915 2
1580306916 2
1580306917 2
1580306918 3
1580306919 3
1580311204 5
1580311205 5
1580311206 3
1580311207 3
1580311208 3
1580311209 4
1580311210 5
1580311211 5
1580311212 6
1580311213 5
1580311214 5
1580311215 5
1580311216 5
1580311217 7
1580311218 7
1580311219 6
1580311220 5
1580311221 4
1580311222 3
1580311223 4
1580311224 4
1580311225 3
1580311226 3
1580311227 4
1580311228 3
1580311229 2
1580311230 3
1580311231 4
1580311232 5
1580311233 7
1580311234 7
1580311235 7
1580311236 6
1580311237 5
1580311238 3
1580311239 3
1580311240 2
1580311241 2
1580311242 1
1580311243 1
1580311244 1
1580311245 2
1580311246 2
1580311247 2
1580311248 2
1580311249 3
1580311250 4
