1581937005 2
1581937006 2
1581937007 2
1581937008 3
1581937009 3
1581937010 2
1581937011 2
1581937012 2
1581937013 3
1581937014 2
1581937318 2
1581937319 2
1581937320 2
1581937321 3
1581937322 3
1581937323 3
1581937324 2
1581937325 2
1581937326 3
1581937327 2
1581937984 2
1581937985 2
1581937986 2
1581937987 3
1581937988 4
1581937989 3
1581937990 2
1581937991 2
1581937992 2
1581937993 3
1581937994 2
1581938304 2
1581938305 2
1581938306 2
1581938307 3
1581938308 2
1581938309 2
1581938310 2
1581938311 2
1581938312 3
1581938313 2
1581938931 2
1581938932 2
1581938933 2
1581938934 2
1581938935 2
1581938936 2
1581938937 2
1581938938 2
1581938939 3
1581938940 3
1581939899 2
1581939900 2
1581939901 2
1581939902 3
1581939903 3
1581939904 2
1581939905 2
1581939906 2
1581939907 3
1581939908 3
1581942356 5
1581942357 5
1581942358 4
1581942359 4
1581942360 3
1581942361 3
1581942362 5
1581942363 6
1581942364 5
1581942365 5
1581942366 6
1581942367 6
1581942368 3
1581942369 3
1581942370 3
1581942371 3
1581942372 3
1581942373 2
1581942374 2
1581942375 2
1581942376 2
1581942377 2
1581942378 3
1581942379 3
1581942380 3
1581942381 2
1581942382 2
1581942383 2
1581942384 2
1581942385 2
1581942386 2
1581942387 2
1581942388 2
1581942389 2
1581942390 3
1581942391 2
1581942392 4
1581942393 4
1581942394 4
1581942395 5
1581942396 2
1581942397 2
1581942398 2
1581942399 2
1581942400 2
1581942401 2
1581942402 2
1581942403 2
1581942404 3
1581942405 2
1581942406 2
1581942407 3
1581942408 3
1581942409 2
1581942410 2
1581942411 2
1581942412 2
1581942413 2
1581942414 2
1581942415 2
1581942416 2
1581942417 2
1581942418 2
1581942419 3
1581942420 2
1581942421 4
1581942422 4
1581942423 4
1581942424 3
1581942425 2
1581942426 2
1581942427 2
1581942428 2
1581942429 2
1581942430 2
1581942431 2
1581942432 2
1581942433 2
1581942434 2
1581942435 2
1581942436 3
1581942437 2
1581942438 2
1581942439 2
1581942440 2
1581942441 2
1581942442 2
1581942443 2
1581942444 2
1581942445 2
1581942446 2
1581942447 2
1581942448 3
1581942449 2
1581942450 4
1581942451 2
1581942452 4
1581942453 4
1581942454 5
1581942455 3
1581942456 2
1581942457 2
1581942458 2
1581942459 2
1581942460 2
1581942461 3
1581942462 2
1581942463 3
1581942464 3
1581942465 3
1581942466 3
1581942467 3
1581942468 2
1581942469 2
1581942470 2
1581942471 2
1581942472 2
1581942473 2
1581942474 3
1581942475 3
1581942476 3
1581942477 3
1581942478 4
1581942479 2
1581942480 4
1581942481 4
1581942482 4
1581942483 3
1581942484 3
1581942485 3
1581942486 2
1581942487 2
1581942488 2
1581942489 2
1581942490 2
1581942491 2
1581942492 2
1581942493 2
1581942494 2
1581942495 2
1581942496 2
1581942497 2
1581942498 2
1581942499 2
1581942500 2
1581942501 2
1581942502 4
1581942503 4
1581942504 4
1581942505 4
1581942506 5
1581942507 5
1581942508 5
1581942509 5
1581942510 5
1581942511 5
1581942512 5
1581942513 5
1581942514 4
1581942515 4
1581942516 3
1581942517 2
1581942518 2
1581942519 3
1581942520 2
1581942521 2
1581942522 2
1581942523 2
1581942524 2
1581942525 2
1581942526 2
1581942527 2
1581942528 2
1581942529 2
1581942530 2
1581942531 2
1581942532 2
1581942533 3
1581942534 3
1581942535 5
1581942536 4
1581942537 4
1581942538 3
1581942539 3
1581942540 3
1581942541 3
1581942542 3
1581942543 3
1581942544 2
1581942545 2
1581942546 2
1581942547 2
1581942548 2
1581942549 2
1581942550 3
1581942551 3
1581942552 2
1581942553 3
1581942554 3
1581942555 2
1581942556 2
1581942557 2
1581942558 3
1581942559 2
1581942560 2
1581942561 2
1581942562 2
1581942563 4
1581942564 4
1581942565 4
1581942566 3
1581942567 2
1581942568 2
1581942569 2
1581942570 2
1581942571 2
1581942572 2
1581942573 2
1581942574 2
1581942575 2
1581942576 3
1581942577 3
1581942578 2
1581942579 2
1581942580 2
1581942581 2
1581942582 2
1581942583 2
1581942584 2
1581942585 2
1581942586 2
1581942587 2
1581942588 2
1581942589 2
1581942590 2
1581942591 2
1581942592 2
1581942593 3
1581942594 4
1581942595 4
1581942596 4
1581942597 3
1581942598 2
1581942599 2
1581942600 2
1581942601 2
1581942602 2
1581942603 2
1581942604 2
1581942605 2
1581942606 2
1581942607 2
1581942608 2
1581942609 3
1581942610 2
1581942611 2
1581942612 3
1581942613 2
1581942614 2
1581942615 2
1581942616 2
1581942617 2
1581942618 2
1581942619 2
1581942620 2
1581942621 2
1581942622 4
1581942623 4
1581942624 4
1581942625 3
1581942626 3
1581942627 2
1581942628 2
1581942629 2
1581942630 2
1581942631 2
1581942632 2
1581942633 2
1581942634 2
1581942635 2
1581942636 2
1581942637 2
1581942638 3
1581942639 2
1581942640 2
1581942641 2
1581942642 2
1581942643 2
1581942644 2
1581942645 3
1581942646 3
1581942647 3
1581942648 4
1581942649 3
1581942650 3
1581942651 3
1581942652 3
1581942653 3
1581942654 6
1581942655 5
1581942656 5
1581942657 5
1581942658 6
1581942659 6
1581942660 6
1581942661 5
1581942662 5
1581942663 3
1581942664 2
1581942665 2
1581942666 3
1581942667 4
1581942668 4
1581942669 5
1581942670 4
1581942671 4
1581942672 4
1581942673 4
1581942674 3
1581942675 1
1581942676 2
1581942677 2
1581942678 2
1581942679 2
1581942680 3
1581942681 3
1581942682 2
1581942683 2
1581942684 2
1581946718 2
1581946719 2
1581946720 2
1581946721 2
1581946722 3
1581946723 2
1581946724 2
1581946725 2
1581946726 2
1581946727 3
1581946728 2
