1582030721 3
1582030722 3
1582030723 3
1582030724 3
1582030725 4
1582030726 4
1582030727 3
1582030728 3
1582030729 2
1582030730 2
1582030731 3
1582030732 2
1582032008 5
1582032009 4
1582032010 4
1582032011 4
1582032012 6
1582032013 6
1582032014 6
1582032015 5
1582032016 4
1582032017 3
1582032660 5
1582032661 5
1582032662 4
1582032663 3
1582032664 4
1582032665 4
1582032666 3
1582032667 3
1582032668 3
1582032669 4
1582032670 4
1582038892 5
1582038893 3
1582038894 3
1582038895 3
1582038896 3
1582038897 4
1582038898 4
1582038899 3
1582038900 3
1582038901 3
1582038902 4
1582038903 2
1582044008 3
1582044009 3
1582044010 4
1582044011 5
1582044012 5
1582044013 6
1582044014 4
1582044015 3
1582044016 3
1582044017 3
1582044018 3
