1572269893 3
1572269894 2
1572269895 2
1572269896 2
1572269897 3
1572269898 3
1572269899 3
1572269900 2
1572269901 2
1572269902 2
1572269903 2
1572269904 3
1572269905 3
1572269906 3
1572270300 2
1572270301 2
1572270302 3
1572270303 3
1572270304 4
1572270305 4
1572270306 4
1572270307 3
1572270308 2
1572270309 2
1572270310 3
1572270311 2
1572270312 2
1572276857 3
1572276858 2
1572276859 3
1572276860 3
1572276861 4
1572276862 4
1572276863 3
1572276864 3
1572276865 2
1572276866 2
1572276867 2
1572276868 3
1572277882 2
1572277883 1
1572277884 2
1572277885 2
1572277886 3
1572277887 3
1572277888 2
1572277889 3
1572277890 3
1572277891 4
1572277892 4
