1571323428 1
1571323429 1
1571323430 1
1571323431 1
1571323432 1
1571323433 2
1571323434 2
1571323435 3
1571323436 2
1571323437 3
1571323438 4
1571323439 3
1571323440 3
1571323441 2
1571323442 2
1571323443 2
1571323444 3
1571323445 2
1571323446 2
1571323447 2
1571323448 2
1571323449 3
1571323450 3
1571323451 2
1571323452 2
1571323453 2
1571323454 2
1571323455 3
1571323456 3
1571323457 3
1571323458 3
1571323459 2
1571323460 2
1571323461 2
1571323462 2
1571323463 2
1571323464 3
1571324246 2
1571324247 2
1571324248 2
1571324249 2
1571324250 2
1571324251 3
1571324252 3
1571324253 2
1571324254 2
1571324255 2
1571324256 2
1571324257 2
1571324258 2
1571324259 2
1571324646 3
1571324647 2
1571324648 2
1571324649 3
1571324650 3
1571324651 2
1571324652 2
1571324653 2
1571324654 2
1571324655 2
1571324656 2
1571324657 2
1571324658 2
1571327552 2
1571327553 1
1571327554 1
1571327555 1
1571327556 1
1571327557 2
1571327558 2
1571327559 2
1571327560 3
1571327561 2
1571327562 4
1571327563 4
1571327564 3
1571327565 2
1571327566 2
1571327567 2
1571327568 2
1571327569 3
1571327570 2
1571327571 2
1571327572 2
1571327573 2
1571327574 3
1571327575 3
1571327576 2
1571327577 2
1571327578 2
1571327579 2
1571327580 3
1571327581 3
1571327582 3
1571327583 2
1571327584 2
1571327585 2
1571327586 2
1571327587 2
1571327588 2
1571328357 3
1571328358 2
1571328359 2
1571328360 2
1571328361 2
1571328362 3
1571328363 3
1571328364 3
1571328365 2
1571328366 2
1571328367 2
1571328368 2
1571328369 2
1571328370 3
1571329507 1
1571329508 1
1571329509 1
1571329510 1
1571329511 1
1571329512 2
1571329513 2
1571329514 4
1571329515 3
1571329516 3
1571329517 4
1571329518 4
1571329519 3
1571329520 2
1571329521 2
1571329522 1
1571329523 2
1571329524 2
1571329525 2
1571329526 2
1571329527 2
1571329528 2
1571329529 3
1571329530 3
1571329531 2
1571329532 2
1571329533 2
1571329534 3
1571329535 2
1571329536 2
1571329537 2
1571329538 2
1571329539 2
1571329540 2
1571329541 2
1571329542 2
1571329543 3
