1579530658 2
1579530659 2
1579530660 2
1579530661 2
1579530662 2
1579531231 2
1579531232 2
1579531233 2
1579531234 2
1579531235 2
1579532286 2
1579532287 2
1579532288 2
1579532289 2
1579532290 2
1579532979 2
1579532980 2
1579532981 2
1579532982 2
1579532983 2
1579533639 2
1579533640 2
1579533641 2
1579533642 2
1579533643 2
1579534240 2
1579534241 2
1579534242 2
1579534243 2
1579534244 2
1579534927 2
1579534928 2
1579534929 2
1579534930 2
1579534931 2
1579535542 2
1579535543 2
1579535544 2
1579535545 2
1579535546 2
1579536614 3
1579536615 2
1579536616 2
1579536617 2
1579536618 3
1579537190 2
1579537191 2
1579537192 2
1579537193 2
1579537194 2
