1572537416 2
1572537417 2
1572537418 3
1572537419 2
1572538074 2
1572538075 2
1572538076 2
1572538077 2
1572538734 2
1572538735 3
1572538736 2
1572538737 2
1572539387 2
1572539388 2
1572539389 2
1572539390 2
1572540033 2
1572540034 2
1572540035 4
1572540036 2
1572540939 2
1572540940 2
1572540941 4
1572540942 2
1572541593 2
1572541594 2
1572541595 4
1572541596 2
1572542241 2
1572542242 2
1572542243 3
1572542244 2
1572542888 2
1572542889 2
1572542890 3
1572542891 2
1572543554 2
1572543555 3
1572543556 2
