1574710636 0 
1574710637 0 
1574710638 0 
1574707058 0 
1574707059 0 
1574708721 0 
1574708722 0 
1569849948 0 
1569849949 0 
1569849950 0 
1569850152 0 
1569850153 0 
1569850154 0 
1569850965 0 
1569850966 0 
1569850967 0 
1569850968 0 
1569851171 0 
1569851172 0 
1569851173 0 
1569851174 0 
1569851520 0 
1569851521 0 
1569851522 0 
1569851523 0 
1569851727 0 
1569851728 0 
1569851729 0 
1569851730 0 
1569851957 0 
1569851958 0 
1569851959 0 
1569851960 0 
1569852186 0 
1569852187 0 
1569852188 0 
1569852189 0 
1569852424 0 
1569852425 0 
1569852426 0 
1569852427 0 
1569852641 0 
1569852642 0 
1569852643 0 
1569853032 0 
1569853033 0 
1569853034 0 
1569853035 0 
1569853343 0 
1569853344 0 
1569853345 0 
1569853346 0 
1569853584 0 
1569853585 0 
1569853586 0 
1569854225 0 
1569854226 0 
1569854227 0 
1569854228 0 
1569855197 0 
1569855198 0 
1569855199 0 
1569855200 0 
1569855631 0 
1569855632 0 
1569855633 0 
1570446955 0 
1570446956 0 
1570446957 0 
1570448047 0 
1570448048 0 
1570448049 0 
1570448050 0 
1570448774 0 
1570448775 0 
1570448776 0 
1570448777 0 
1570449243 0 
1570449244 0 
1570449245 0 
1570449246 0 
1570449247 0 
1570449248 0 
1570449674 0 
1570449675 0 
1570449676 0 
1570449677 0 
1570543070 2 
1570543071 0 
1570543072 1 
1570543073 0 
1570543432 0 
1570543433 0 
1570543434 0 
1570543633 0 
1570543634 0 
1570543635 0 
1570543636 0 
1570544562 0 
1570544563 0 
1570544564 0 
1570544565 0 
1570544746 0 
1570544747 0 
1570544748 0 
1570544749 0 
1570544750 0 
1570544751 0 
1570544752 0 
1570544753 0 
1570544754 0 
1570544755 0 
1570544756 0 
1570544757 0 
1570544758 0 
1570544759 0 
1570544760 0 
1570544761 0 
1570544762 1 
1570544763 1 
1570544764 0 
1570544765 0 
1570544766 0 
1570544767 0 
1570544768 0 
1570545023 0 
1570545024 0 
1570545025 0 
1570545232 0 
1570545233 0 
1570545234 0 
1570545235 0 
1571322942 0 
1571322943 0 
1571322944 0 
1571323263 0 
1571323264 0 
1571323265 0 
1571323266 0 
1571323656 0 
1571323657 0 
1571323658 0 
1571323659 0 
1571324058 0 
1571324059 0 
1571324060 0 
1571324061 0 
1571324458 0 
1571324459 0 
1571324460 0 
1571325064 0 
1571325065 0 
1571325066 0 
1571325067 0 
1571325261 0 
1571325262 0 
1571325263 0 
1571325460 0 
1571325461 0 
1571325462 0 
1571325664 0 
1571325665 0 
1571325666 0 
1571325667 0 
1571325863 0 
1571325864 0 
1571325865 0 
1571325866 0 
1571326064 0 
1571326065 0 
1571326066 0 
1571326755 0 
1571326756 0 
1571326757 0 
1571326967 0 
1571326968 0 
1571326969 0 
1571327174 0 
1571327175 0 
1571327176 0 
1571327177 0 
1571327389 0 
1571327390 0 
1571327391 0 
1571327779 0 
1571327780 0 
1571327781 0 
1571328170 0 
1571328171 0 
1571328172 0 
1571328561 0 
1571328562 0 
1571328563 0 
1571328952 0 
1571328953 0 
1571328954 0 
1571329344 0 
1571329345 0 
1571329346 0 
1571329936 0 
1571329937 0 
1571329938 0 
1571329939 0 