1573308597 4
1573308598 4
1573308599 3
1573308600 4
1573308601 4
1573308602 4
1573308603 6
1573308604 4
1573308605 4
1573308606 3
1573308607 3
1573308608 3
1573308609 2
1573309566 3
1573309567 4
1573309568 4
1573309569 4
1573309570 4
1573309571 3
1573309572 2
1573309573 5
1573309574 4
1573309575 3
1573309576 3
1573309577 3
1573309578 3
1573309579 3
1573310710 2
1573310711 2
1573310712 3
1573310713 2
1573310714 2
1573310715 2
1573310716 3
1573310717 5
1573310718 5
1573310719 5
1573310720 3
1573310721 3
1573310722 2
1573310723 2
