1575028335 4
1575028336 4
1575028337 4
1575028338 5
1575028339 5
1575028340 5
1575028341 4
1575028342 3
1575028343 5
1575028344 4
1575028345 4
1575028346 4
1575028347 3
1575028348 3
1575028349 3
1575029294 6
1575029295 5
1575029296 6
1575029297 5
1575029298 5
1575029299 6
1575029300 4
1575029301 4
1575029302 4
1575029303 4
1575029304 6
1575029305 5
1575029306 4
1575029307 4
1575029308 3
1575029309 2
1575029310 2
1575029605 4
1575029606 4
1575029607 4
1575029608 4
1575029609 3
1575029610 3
1575029611 5
1575029612 4
1575029613 5
1575029614 6
1575029615 4
1575029616 4
1575029617 3
1575030227 3
1575030228 5
1575030229 6
1575030230 4
1575030231 4
1575030232 3
1575030233 4
1575030234 6
1575030235 5
1575030236 5
1575030237 3
1575030238 3
1575030239 3
1575030240 2
1575030542 2
1575030543 5
1575030544 6
1575030545 6
1575030546 5
1575030547 4
1575030548 3
1575030549 3
1575030550 5
1575030551 7
1575030552 5
1575030553 6
1575030554 3
1575030555 3
1575030556 2
1575030884 4
1575030885 5
1575030886 3
1575030887 3
1575030888 3
1575030889 2
1575031188 7
1575031189 3
1575031190 4
1575031191 4
1575031192 4
1575031193 4
1575031194 5
1575031195 4
1575031196 3
1575031197 5
1575031198 3
1575031199 2
1575031200 2
1575033399 7
1575033400 4
1575033401 4
1575033402 4
1575033403 4
1575033404 5
1575033405 7
1575033406 7
1575033407 7
1575033408 8
1575033409 4
1575033410 2
1575033411 2
1575034558 6
1575034559 6
1575034560 4
1575034561 4
1575034562 4
1575034563 4
1575034564 4
1575034565 4
1575034566 4
1575034567 3
1575034568 3
1575034569 3
1575035130 6
1575035131 4
1575035132 4
1575035133 4
1575035134 3
1575035135 3
1575035136 5
1575035137 4
1575035138 4
1575035139 5
1575035140 3
1575035141 3
1575035142 2
1575035691 3
1575035692 4
1575035693 5
1575035694 6
1575035695 4
1575035696 4
1575035697 4
1575035698 3
1575035699 4
1575035700 5
1575035701 4
1575035702 4
1575035703 3
1575035704 3
1575035705 2
1575038858 3
1575038859 5
1575038860 7
1575038861 6
1575038862 5
1575038863 3
1575038864 3
1575038865 6
1575038866 6
1575038867 6
1575038868 4
1575038869 3
1575038870 2
1575038871 2
1575039424 3
1575039425 6
1575039426 3
1575039427 4
1575039428 4
1575039429 3
1575039430 3
1575039431 5
1575039432 5
1575039433 3
1575039434 6
1575039435 2
1575039436 2
1575039437 2
