1579186536 3
1579186537 2
1579186538 4
1579186539 4
1579186540 4
1579186541 4
1579186542 6
1579186543 5
1579186544 5
1579186545 5
1579186546 3
1579186547 2
1579186548 2
1579191325 3
1579191326 3
1579191327 4
1579191328 4
1579191329 3
1579191330 3
1579191331 5
1579191332 4
1579191333 4
1579191334 3
1579191335 3
1579191336 3
1579191337 2
1579191939 4
1579191940 4
1579191941 5
1579191942 5
1579191943 4
1579191944 3
1579191945 4
1579191946 4
1579191947 4
1579191948 4
1579191949 4
1579191950 2
1579191951 2
1579193087 3
1579193088 3
1579193089 5
1579193090 4
1579193091 4
1579193092 4
1579193093 4
1579193094 4
1579193095 4
1579193096 3
1579193097 3
1579193098 3
1579195371 4
1579195372 5
1579195373 5
1579195374 5
1579195375 7
1579195376 5
1579195377 5
1579195378 6
1579195379 4
1579195380 4
1579195381 3
1579195382 3
1579195383 3
1579195384 2
