1572363669 4
1572363670 4
1572363671 4
1572363672 5
1572363673 4
1572363674 4
1572363675 4
1572363676 6
1572363677 5
1572363678 5
1572363679 3
1572363680 3
1572363681 2
1572363682 2
1572364328 4
1572364329 4
1572364330 4
1572364331 6
1572364332 6
1572364333 5
1572364334 4
1572364335 4
1572364336 5
1572364337 6
1572364338 5
1572364339 4
1572364340 4
1572364341 4
1572364342 3
1572364343 3
1572365712 3
1572365713 4
1572365714 4
1572365715 4
1572365716 4
1572365717 3
1572365718 4
1572365719 5
1572365720 4
1572365721 4
1572365722 5
1572365723 3
1572365724 2
1572365725 2
1572365726 2
1572366085 3
1572366086 4
1572366087 3
1572366088 4
1572366089 4
1572366090 5
1572366091 6
1572366092 6
1572366093 4
1572366094 4
1572366095 3
1572366096 3
1572366097 4
1572366098 3
1572366099 3
1572366100 4
1572366101 3
1572366102 3
1572366103 2
1572366759 3
1572366760 5
1572366761 6
1572366762 5
1572366763 5
1572366764 3
1572366765 4
1572366766 6
1572366767 4
1572366768 4
1572366769 3
1572366770 3
1572366771 3
1572366772 2
