1572006652 2
1572006653 2
1572006654 3
1572006655 3
1572006656 3
1572006657 2
1572006658 3
1572006659 2
1572006660 1
1572006661 1
1572006662 1
1572006663 1
1572006664 1
1572006665 2
1572006666 3
1572006667 2
1572006668 4
1572006669 3
1572006670 3
1572006671 3
1572006672 3
1572006673 4
1572006674 4
1572006675 4
1572006676 6
1572006677 5
1572006678 4
1572006679 2
1572006680 3
1572006681 4
1572006682 2
1572006683 3
1572006684 3
1572006685 5
1572006686 5
1572006687 4
1572006688 4
1572006689 5
1572006690 3
1572006691 3
1572006692 2
1572006693 2
1572008998 4
1572008999 5
1572009000 6
1572009001 3
1572009002 5
1572009003 4
1572009004 4
1572009005 4
1572009006 4
1572009007 6
1572009008 4
1572009009 4
1572009010 4
1572009011 3
1572009012 3
1572009013 3
1572009014 2
1572009015 2
1572009388 3
1572009389 5
1572009390 5
1572009391 5
1572009392 5
1572009393 3
1572009394 2
1572009395 3
1572009396 5
1572009397 5
1572009398 4
1572009399 3
1572009400 3
1572009401 2
1572009402 2
1572009403 2
1572009404 2
1572009405 2
1572009778 3
1572009779 3
1572009780 3
1572009781 5
1572009782 4
1572009783 5
1572009784 4
1572009785 4
1572009786 3
1572009787 5
1572009788 5
1572009789 4
1572009790 6
1572009791 4
1572009792 3
1572009793 3
1572009794 2
1572009795 2
1572010169 2
1572010170 3
1572010171 4
1572010172 4
1572010173 4
1572010174 4
1572010175 3
1572010176 3
1572010177 4
1572010178 5
1572010179 4
1572010180 4
1572010181 5
1572010182 4
1572010183 4
1572010184 4
1572010185 3
1572010565 3
1572010566 3
1572010567 3
1572010568 3
1572010569 4
1572010570 4
1572010571 3
1572010572 4
1572010573 4
1572010574 5
1572010575 4
1572010576 4
1572010577 6
1572010578 4
1572010579 3
1572010580 3
1572010581 2
1572010582 2
1572010957 2
1572010958 3
1572010959 5
1572010960 4
1572010961 4
1572010962 2
1572010963 2
1572010964 3
1572010965 5
1572010966 4
1572010967 3
1572010968 4
1572010969 4
1572010970 3
1572010971 3
1572010972 3
1572010973 2
1572013519 3
1572013520 3
1572013521 3
1572013522 3
1572013523 4
1572013524 4
1572013525 3
1572013526 2
1572013527 4
1572013528 5
1572013529 4
1572013530 4
1572013531 5
1572013532 4
1572013533 4
1572013534 3
1572013535 2
1572013536 2
1572013912 2
1572013913 3
1572013914 3
1572013915 3
1572013916 4
1572013917 4
1572013918 5
1572013919 4
1572013920 5
1572013921 6
1572013922 4
1572013923 4
1572013924 5
1572013925 3
1572013926 3
1572013927 3
1572013928 2
1572013929 2
1572014304 3
1572014305 3
1572014306 3
1572014307 3
1572014308 4
1572014309 4
1572014310 4
1572014311 3
1572014312 5
1572014313 6
1572014314 4
1572014315 4
1572014316 4
1572014317 3
1572014318 3
1572014319 3
1572014320 3
1572014321 2
1572014693 3
1572014694 4
1572014695 5
1572014696 4
1572014697 5
1572014698 4
1572014699 4
1572014700 4
1572014701 6
1572014702 5
1572014703 4
1572014704 4
1572014705 5
1572014706 3
1572014707 3
1572014708 2
1572014709 2
