1571754383 2
1571754384 2
1571754385 2
1571754386 2
1571754387 2
1571754774 2
1571754775 2
1571754776 2
1571754777 2
1571754778 2
1571755175 2
1571755176 2
1571755177 2
1571755178 2
1571755179 2
1571755577 2
1571755578 2
1571755579 2
1571755580 2
1571755581 2
1571755997 2
1571755998 2
1571755999 2
1571756000 2
1571756001 2
1571756806 2
1571756807 2
1571756808 2
1571756809 2
1571756810 2
1571757244 2
1571757245 2
1571757246 2
1571757247 2
1571757248 2
1571757662 2
1571757663 2
1571757664 2
1571757665 2
1571758059 2
1571758060 2
1571758061 2
1571758062 2
1571758063 2
1571758450 2
1571758451 2
1571758452 2
1571758453 2
1571758454 2
1571762454 2
1571762455 2
1571762456 2
1571762457 2
1571762458 2
1571762853 2
1571762854 2
1571762855 2
1571762856 2
1571763243 2
1571763244 2
1571763245 2
1571763246 2
1571763247 2
1571763634 2
1571763635 2
1571763636 2
1571763637 2
1571763638 2
1571764027 2
1571764028 2
1571764029 2
1571764030 2
1571764031 2
1571764452 2
1571764453 2
1571764454 2
1571764455 2
1571764456 2
1571764844 2
1571764845 2
1571764846 2
1571764847 2
1571764848 2
1571765233 2
1571765234 2
1571765235 2
1571765236 2
1571765237 2
1571765625 2
1571765626 2
1571765627 2
1571765628 2
1571766014 2
1571766015 2
1571766016 2
1571766017 2
1571766018 2
1571766982 2
1571766983 2
1571766984 2
1571766985 2
1571766986 2
