1575033231 4
1575033232 5
1575033233 4
1575033234 2
1575033235 2
1575033236 2
1575033237 2
1575033238 2
1575033239 2
1575033240 2
1575033241 2
1575033242 2
1575033804 2
1575033805 2
1575033806 2
1575033807 2
1575033808 2
1575033809 2
1575034390 4
1575034391 4
1575034392 3
1575034393 3
1575034394 2
1575034395 2
1575034396 2
1575034397 2
1575034398 2
1575034399 2
1575034969 1
1575034970 1
1575034971 1
1575034972 1
1575034973 1
1575034974 1
1575034975 2
1575035519 2
1575035520 2
1575035521 2
1575035522 2
1575035523 2
1575035524 2
1575035525 2
1575035526 4
1575035527 4
1575035528 4
1575035529 3
1575035530 2
1575035531 2
1575035532 2
1575035533 2
1575035534 2
1575035535 2
1575035536 2
1575036564 4
1575036565 4
1575036566 3
1575036567 3
1575036568 2
1575036569 2
1575036570 2
1575036571 2
1575036572 2
1575036573 2
1575036574 2
1575037126 4
1575037127 4
1575037128 4
1575037129 4
1575037130 3
1575037131 3
1575037132 2
1575037133 2
1575037134 2
1575037135 2
1575037136 2
1575037690 3
1575037691 2
1575037692 2
1575037693 2
1575037694 2
1575037695 2
1575038692 2
1575038693 2
1575038694 2
1575038695 2
1575038696 2
1575038697 2
1575038698 2
1575039263 2
1575039264 2
1575039265 2
1575039266 2
1575039267 2
1575039268 2
