1571401801 4
1571401802 3
1571401803 3
1571401804 3
1571401805 3
1571401806 3
1571401807 3
1571401808 3
1571401809 3
1571401810 3
1571401811 3
1571401812 3
1571401813 3
1571401814 3
1571401815 3
1571401816 3
1571401817 3
1571401818 4
1571401819 3
1571401820 3
1571401821 3
1571401822 3
1571401823 3
1571401824 3
1571401825 3
1571401826 2
1571401827 2
1571401828 2
1571401829 2
1571401830 2
1571401831 2
1571401832 2
1571401833 2
1571401834 1
1571401835 2
1571401836 2
1571401837 2
1571401838 2
1571401839 2
1571401840 3
1571401841 3
1571401842 3
1571401843 3
1571401844 3
1571401845 3
1571401846 2
1571401847 2
1571401848 2
1571401849 2
1571401850 2
1571401851 2
1571401852 3
1571401853 3
1571401854 2
1571401855 2
1571401856 3
1571401857 3
1571401858 2
1571401859 2
1571401860 2
1571401861 2
1571401862 2
1571401863 2
1571401864 2
1571401865 2
1571401866 2
1571401867 3
1571401868 2
