1571322902 4
1571322903 4
1571322904 3
1571322905 3
1571322906 3
1571322907 2
1571322908 2
1571322909 2
1571322910 2
1571323617 4
1571323618 4
1571323619 4
1571323620 4
1571323621 2
1571323622 2
1571323623 2
1571323624 2
1571323625 2
1571324019 4
1571324020 4
1571324021 3
1571324022 3
1571324023 2
1571324024 2
1571324025 2
1571324026 2
1571324027 2
1571324419 4
1571324420 4
1571324421 3
1571324422 3
1571324423 2
1571324424 2
1571324425 2
1571324426 2
1571324427 2
1571325222 4
1571325223 4
1571325224 5
1571325225 2
1571325226 2
1571325227 2
1571325228 2
1571325229 2
1571325230 2
1571325426 2
1571325427 2
1571325428 2
1571325429 2
1571325626 4
1571325627 4
1571325628 3
1571325629 3
1571325630 2
1571325631 2
1571325632 2
1571325633 2
1571325825 4
1571325826 3
1571325827 3
1571325828 3
1571325829 2
1571325830 2
1571325831 2
1571325832 2
1571326716 4
1571326717 4
1571326718 4
1571326719 2
1571326720 2
1571326721 2
1571326722 2
1571326723 2
1571326933 3
1571326934 2
1571326935 2
1571326936 2
1571327135 4
1571327136 4
1571327137 3
1571327138 3
1571327139 3
1571327140 2
1571327141 2
1571327142 2
1571327143 2
1571327740 4
1571327741 4
1571327742 4
1571327743 2
1571327744 2
1571327745 2
1571327746 2
1571327747 2
1571328131 4
1571328132 4
1571328133 3
1571328134 3
1571328135 3
1571328136 2
1571328137 2
1571328138 2
1571328522 4
1571328523 4
1571328524 4
1571328525 2
1571328526 2
1571328527 2
1571328528 2
1571328529 2
1571329305 4
1571329306 4
1571329307 4
1571329308 2
1571329309 2
1571329310 2
1571329311 2
1571329312 2
1571329897 4
1571329898 4
1571329899 3
1571329900 3
1571329901 3
1571329902 2
1571329903 2
1571329904 2
1571329905 2
