1570543387 5
1570543388 3
1570543389 3
1570543390 3
1570543391 3
1570543392 2
1570543393 2
1570543394 2
1570543395 2
1570543396 2
1570543397 2
1570543398 2
1570544523 4
1570544524 4
1570544525 3
1570544526 2
1570544527 2
1570544528 2
1570544529 2
1570544530 2
1570544531 2
1570544722 4
1570544723 4
1570544724 4
1570544725 3
1570544726 2
1570544727 2
1570544728 2
1570544729 2
1570544730 2
1570544984 4
1570544985 4
1570544986 4
1570544987 2
1570544988 2
1570544989 2
1570544990 2
1570544991 2
1570544992 2
