1574956141 2
1574956142 2
1574956143 2
1574956144 2
1574956763 2
1574956764 2
1574956765 2
1574956766 2
1574956767 2
1574956768 2
1574956769 2
1574956770 2
1574956771 2
1574956772 2
1574956773 2
1574956774 2
1574956775 2
1574956776 2
1574956777 2
1574956778 2
1574956779 2
1574956780 2
1574956781 2
1574956782 2
1574956783 2
1574956784 2
1574956785 2
1574956786 2
1574956787 2
1574956788 2
1574956789 2
1574956790 2
1574956791 2
1574956792 2
1574956793 2
1574956794 2
1574956795 2
1574956796 2
1574956797 2
1574956798 2
1574956799 2
1574956800 2
1574956801 2
1574956802 2
1574956803 2
1574956804 2
1574957404 4
1574957405 2
1574957406 2
1574957407 3
1574957982 2
1574957983 2
1574957984 2
1574957985 2
1574958574 3
1574958575 2
1574958576 2
1574958577 2
1574959163 2
1574959164 2
1574959165 2
1574959166 2
1574959766 2
1574959767 2
1574959768 2
1574959769 2
1574960344 3
1574960345 2
1574960346 2
1574960347 2
1574960956 2
1574960957 2
1574960958 2
1574960959 2
1574961593 2
1574961594 2
1574961595 2
1574961596 2
