1573306450 3
1573306451 3
1573306452 3
1573306453 3
1573306454 3
1573306455 3
1573306456 2
1573306457 2
1573306458 2
1573306459 2
1573306460 2
1573306461 3
1573306462 2
1573306463 3
1573306464 4
1573306465 3
1573306466 3
1573306467 4
1573306468 4
1573306469 5
1573306470 4
1573306471 2
1573306472 3
1573306473 4
1573306474 4
1573306475 4
1573306476 2
1573306477 3
1573306478 3
1573306479 3
1573306480 1
1573306481 1
1573306482 1
1573306483 1
1573306484 1
1573306485 2
1573306486 2
1573306487 2
1573306488 2
1573306489 2
1573306490 2
1573306491 3
1573306492 2
1573306493 2
1573306494 2
1573306495 3
1573306496 3
1573306497 3
1573306498 2
1573306499 2
1573306500 1
1573306501 1
1573306502 1
1573306503 2
1573306504 3
1573306505 2
1573306506 2
1573306507 2
1573306508 3
1573306509 2
1573306510 2
1573306511 2
1573306512 3
1573306513 2
1573306514 3
1573306515 3
1573306516 3
1573306517 4
1573306518 5
1573306519 4
1573306520 3
1573306521 4
1573306522 3
1573306523 3
1573306524 3
1573306525 3
1573306526 2
1573306527 2
1573306528 2
1573306529 2
1573306530 3
1573306531 2
1573306532 2
1573306533 2
1573306534 3
1573306535 3
1573306536 3
1573306537 2
1573306538 2
1573306539 2
1573306540 1
1573306541 2
1573306542 2
1573306543 3
1573306544 3
1573306545 3
1573306546 2
1573306547 3
1573306548 3
1573306549 2
1573306550 1
1573306551 1
1573306552 1
1573306553 1
1573306554 1
1573306555 2
1573306556 2
1573306557 2
1573306558 2
1573306559 2
1573306560 3
1573306561 5
1573306562 5
1573306563 6
1573306564 5
1573306565 5
1573306566 5
1573306567 5
1573306568 6
1573306569 5
1573306570 4
1573306571 5
1573306572 2
1573306573 2
1573306574 2
1573306575 2
1573306576 3
1573306577 2
1573306578 2
1573306579 1
1573306580 1
1573306581 1
1573306582 1
1573306583 2
1573306584 2
1573306585 3
1573306586 2
1573306587 3
1573306588 3
1573306589 3
1573306590 2
1573306591 1
1573306592 2
1573306593 2
1573306594 2
1573306595 2
1573306596 3
1573306597 3
1573306598 2
1573306599 2
1573306600 2
1573306601 3
1573306602 3
1573306603 2
1573306604 2
1573306605 2
1573306606 2
1573306607 2
1573306608 3
1573306609 3
1573306610 3
1573306611 3
1573306612 3
1573306613 3
1573306614 4
1573306615 4
1573306616 3
1573306617 2
1573306618 2
1573306619 2
1573306620 2
1573306621 2
1573306622 2
1573306623 2
1573306624 2
1573306625 2
1573306626 2
1573306627 2
1573306628 2
1573306629 1
1573306630 1
1573306631 1
1573306632 1
1573306633 1
1573306634 2
1573306635 2
1573306636 2
1573306637 3
1573306638 3
1573306639 2
1573306640 2
1573306641 2
1573306642 2
1573306643 2
1573306644 2
1573306645 2
1573306646 1
1573306647 1
1573306648 2
1573306649 1
1573306650 1
1573306651 2
1573306652 3
1573306653 3
1573306654 3
1573306655 5
1573306656 6
1573306657 6
1573306658 4
1573306659 3
1573306660 6
1573306661 5
1573306662 4
1573306663 3
1573306664 3
1573306665 3
1573306666 2
1573306667 2
1573306668 2
1573306669 3
1573306670 3
1573306671 3
1573306672 3
1573306673 4
1573306674 4
1573306675 4
1573306676 4
1573306677 4
1573306678 3
1573306679 3
1573306766 3
1573306767 3
1573306768 3
1573306769 3
1573306770 3
1573306771 3
1573306772 4
1573306773 4
1573306774 4
1573306775 4
1573306776 4
1573306777 3
1573306778 3
1573306779 2
1573306780 3
1573306781 4
1573306782 3
1573306783 3
1573306784 5
1573306785 6
1573306786 4
1573306787 3
1573306788 3
1573306789 3
1573306790 4
1573306791 3
1573306792 3
1573306793 3
1573306794 2
1573306795 2
1573306796 2
1573306797 2
1573306798 2
1573306799 2
1573306800 3
1573306801 2
1573306802 2
1573306803 2
1573306804 2
1573306805 2
1573306806 3
1573306807 3
1573306808 3
1573306809 3
1573306810 3
1573306811 2
1573306812 2
1573306813 1
1573306814 1
1573306815 1
1573306816 1
1573306817 1
1573306818 2
1573306819 3
1573306820 2
1573306821 2
1573306822 2
1573306823 3
1573306824 2
1573306825 2
1573306826 2
1573306827 2
1573306828 3
1573306829 4
1573306830 3
1573306831 3
1573306832 5
1573306833 4
1573306834 3
1573306835 3
1573306836 3
1573306837 3
1573306838 3
1573306839 2
1573306840 2
1573306841 2
1573306842 2
1573306843 2
1573306844 2
1573306845 2
1573306846 3
1573306847 2
1573306848 2
1573306849 2
1573306850 3
1573306851 2
1573306852 2
1573306853 2
1573306854 2
1573306855 2
1573306856 1
1573306857 2
1573306858 3
1573306859 3
1573306860 3
1573306861 2
1573306862 3
1573306863 2
1573306864 2
1573306865 1
1573306866 1
1573306867 1
1573306868 1
1573306869 1
1573306870 2
1573306871 2
1573306872 2
1573306873 2
1573306874 2
1573306875 2
1573306876 3
1573306877 4
1573306878 5
1573306879 5
1573306880 5
1573306881 5
1573306882 5
1573306883 5
1573306884 5
1573306885 5
1573306886 5
1573306887 3
1573306888 5
1573306889 3
1573306890 3
1573306891 2
1573306892 2
1573306893 2
1573306894 2
1573306895 2
1573306896 2
1573306897 2
1573306898 2
1573306899 2
1573306900 2
1573306901 2
1573306902 3
1573306903 4
1573306904 4
1573306905 4
1573306906 5
1573306907 5
1573306908 5
1573306909 4
1573306910 4
1573306911 4
1573306912 3
1573306913 3
1573306914 3
1573306915 3
1573306916 2
1573306917 3
1573306918 3
1573306919 3
1573306920 2
1573306921 2
1573306922 3
1573306923 2
1573306924 2
1573306925 2
1573306926 2
1573306927 2
1573306928 2
1573306929 3
1573306930 3
1573306931 3
1573306932 3
1573306933 3
1573306934 5
1573306935 3
1573306936 4
1573306937 3
1573306938 4
1573306939 2
1573306940 3
1573306941 3
1573306942 3
1573306943 4
1573306944 3
1573306945 2
1573306946 2
1573306947 2
1573306948 2
1573306949 2
1573306950 2
1573306951 2
1573306952 1
1573306953 1
1573306954 1
1573306955 1
1573306956 2
1573306957 2
1573306958 3
1573306959 2
1573306960 2
1573306961 2
1573306962 2
1573306963 2
1573306964 1
1573306965 2
1573306966 2
1573306967 2
1573306968 2
1573306969 2
1573306970 1
1573306971 1
1573306972 1
1573306973 1
1573306974 2
1573306975 2
1573306976 3
1573306977 2
1573306978 4
1573306979 3
1573306980 3
1573306981 3
1573306982 5
1573306983 5
1573306984 4
1573306985 4
1573306986 3
1573306987 3
1573306988 2
1573306989 2
1573306990 2
1573306991 2
1573306992 3
1573306993 3
1573306994 3
1573306995 3
1573306996 3
1573306997 3
1573306998 3
1573306999 3
1573307000 3
1573307001 3
1573307002 2
1573307425 3
1573307426 3
1573307427 3
1573307428 3
1573307429 3
1573307430 3
1573307431 4
1573307432 4
1573307433 4
1573307434 4
1573307435 3
1573307436 3
1573307437 2
1573307438 3
1573307439 4
1573307440 3
1573307441 3
1573307442 4
1573307443 4
1573307444 5
1573307445 4
1573307446 3
1573307447 3
1573307448 4
1573307449 4
1573307450 3
1573307451 3
1573307452 3
1573307453 3
1573307454 2
1573307455 1
1573307456 1
1573307457 1
1573307458 1
1573307459 2
1573307460 3
1573307461 4
1573307462 4
1573307463 4
1573307464 4
1573307465 3
1573307466 3
1573307467 2
1573307468 2
1573307469 2
1573307470 3
1573307471 3
1573307472 2
1573307473 2
1573307474 2
1573307475 1
1573307476 1
1573307477 1
1573307478 2
1573307479 2
1573307480 2
1573307481 2
1573307482 2
1573307483 2
1573307484 2
1573307485 2
1573307486 2
1573307487 3
1573307488 4
1573307489 4
1573307490 5
1573307491 5
1573307492 7
1573307493 5
1573307494 4
1573307495 3
1573307496 3
1573307497 3
1573307498 3
1573307499 3
1573307500 2
1573307501 2
1573307502 2
1573307503 2
1573307504 2
1573307505 3
1573307506 3
1573307507 2
1573307508 2
1573307509 2
1573307510 3
1573307511 4
1573307512 3
1573307513 2
1573307514 2
1573307515 2
1573307516 1
1573307517 2
1573307518 3
1573307519 3
1573307520 3
1573307521 3
1573307522 4
1573307523 3
1573307524 2
1573307525 1
1573307526 1
1573307527 1
1573307528 1
1573307529 1
1573307530 2
1573307531 2
1573307532 2
1573307533 2
1573307534 2
1573307535 2
1573307536 4
1573307537 5
1573307538 5
1573307539 6
1573307540 5
1573307541 5
1573307542 5
1573307543 5
1573307544 5
1573307545 5
1573307546 4
1573307547 5
1573307548 2
1573307549 2
1573307550 2
1573307551 2
1573307552 3
1573307553 2
1573307554 2
1573307555 1
1573307556 1
1573307557 1
1573307558 1
1573307559 2
1573307560 2
1573307561 2
1573307562 3
1573307563 3
1573307564 4
1573307565 3
1573307566 3
1573307567 2
1573307568 2
1573307569 2
1573307570 2
1573307571 2
1573307572 2
1573307573 3
1573307574 2
1573307575 2
1573307576 2
1573307577 3
1573307578 3
1573307579 2
1573307580 2
1573307581 2
1573307582 2
1573307583 2
1573307584 4
1573307585 4
1573307586 4
1573307587 4
1573307588 5
1573307589 4
1573307590 3
1573307591 4
1573307592 3
1573307593 3
1573307594 3
1573307595 3
1573307596 3
1573307597 3
1573307598 2
1573307599 2
1573307600 2
1573307601 2
1573307602 2
1573307603 2
1573307604 1
1573307605 1
1573307606 2
1573307607 2
1573307608 1
1573307609 1
1573307610 2
1573307611 2
1573307612 2
1573307613 3
1573307614 2
1573307615 2
1573307616 2
1573307617 2
1573307618 3
1573307619 3
1573307620 3
1573307621 3
1573307622 1
1573307623 2
1573307624 2
1573307625 1
1573307626 1
1573307627 2
1573307628 2
1573307629 3
1573307630 4
1573307631 3
1573307632 3
1573307633 3
1573307634 3
1573307635 3
1573307636 5
1573307637 4
1573307638 3
1573307639 3
1573307640 3
1573307641 3
1573307642 2
1573307643 2
1573307644 3
1573307645 4
1573307646 4
1573307647 3
1573307648 3
1573307649 3
1573307650 3
1573307651 3
1573307652 3
1573307653 3
1573307654 2
1573307655 2
1573307742 3
1573307743 3
1573307744 3
1573307745 3
1573307746 3
1573307747 3
1573307748 4
1573307749 3
1573307750 3
1573307751 3
1573307752 3
1573307753 4
1573307754 2
1573307755 3
1573307756 4
1573307757 3
1573307758 3
1573307759 4
1573307760 4
1573307761 5
1573307762 4
1573307763 3
1573307764 2
1573307765 4
1573307766 3
1573307767 3
1573307768 3
1573307769 4
1573307770 3
1573307771 2
1573307772 3
1573307773 2
1573307774 2
1573307775 1
1573307776 2
1573307777 2
1573307778 2
1573307779 2
1573307780 2
1573307781 1
1573307782 2
1573307783 2
1573307784 2
1573307785 2
1573307786 2
1573307787 2
1573307788 2
1573307789 1
1573307790 1
1573307791 1
1573307792 1
1573307793 1
1573307794 3
1573307795 2
1573307796 2
1573307797 2
1573307798 2
1573307799 2
1573307800 3
1573307801 2
1573307802 3
1573307803 3
1573307804 3
1573307805 3
1573307806 4
1573307807 4
1573307808 5
1573307809 5
1573307810 4
1573307811 4
1573307812 4
1573307813 4
1573307814 3
1573307815 2
1573307816 2
1573307817 2
1573307818 2
1573307819 2
1573307820 2
1573307821 3
1573307822 3
1573307823 2
1573307824 2
1573307825 3
1573307826 2
1573307827 2
1573307828 2
1573307829 2
1573307830 2
1573307831 1
1573307832 2
1573307833 3
1573307834 3
1573307835 3
1573307836 2
1573307837 3
1573307838 2
1573307839 2
1573307840 1
1573307841 1
1573307842 1
1573307843 1
1573307844 1
1573307845 2
1573307846 2
1573307847 2
1573307848 2
1573307849 2
1573307850 2
1573307851 3
1573307852 4
1573307853 5
1573307854 5
1573307855 6
1573307856 5
1573307857 5
1573307858 5
1573307859 6
1573307860 4
1573307861 3
1573307862 4
1573307863 3
1573307864 2
1573307865 2
1573307866 2
1573307867 2
1573307868 2
1573307869 1
1573307870 1
1573307871 1
1573307872 1
1573307873 1
1573307874 2
1573307875 2
1573307876 3
1573307877 3
1573307878 3
1573307879 4
1573307880 4
1573307881 4
1573307882 2
1573307883 3
1573307884 3
1573307885 3
1573307886 3
1573307887 4
1573307888 3
1573307889 3
1573307890 2
1573307891 2
1573307892 2
1573307893 2
1573307894 2
1573307895 2
1573307896 2
1573307897 2
1573307898 2
1573307899 3
1573307900 3
1573307901 3
1573307902 3
1573307903 3
1573307904 3
1573307905 5
1573307906 3
1573307907 3
1573307908 2
1573307909 2
1573307910 2
1573307911 2
1573307912 3
1573307913 2
1573307914 2
1573307915 2
1573307916 2
1573307917 2
1573307918 2
1573307919 2
1573307920 1
1573307921 1
1573307922 1
1573307923 1
1573307924 1
1573307925 2
1573307926 2
1573307927 2
1573307928 3
1573307929 2
1573307930 2
1573307931 2
1573307932 3
1573307933 3
1573307934 4
1573307935 4
1573307936 3
1573307937 2
1573307938 2
1573307939 1
1573307940 1
1573307941 1
1573307942 1
1573307943 2
1573307944 2
1573307945 3
1573307946 3
1573307947 3
1573307948 4
1573307949 3
1573307950 3
1573307951 5
1573307952 5
1573307953 4
1573307954 4
1573307955 3
1573307956 3
1573307957 2
1573307958 2
1573307959 2
1573307960 2
1573307961 3
1573307962 3
1573307963 3
1573307964 3
1573307965 3
1573307966 3
1573307967 3
1573307968 3
1573307969 3
1573307970 3
1573307971 3
1573307972 3
1573307973 2
1573308063 3
1573308064 3
1573308065 3
1573308066 3
1573308067 3
1573308068 3
1573308069 3
1573308070 3
1573308071 4
1573308072 4
1573308073 4
1573308074 3
1573308075 3
1573308076 3
1573308077 3
1573308078 3
1573308079 3
1573308080 4
1573308081 4
1573308082 5
1573308083 4
1573308084 5
1573308085 3
1573308086 4
1573308087 3
1573308088 3
1573308089 3
1573308090 3
1573308091 3
1573308092 1
1573308093 2
1573308094 2
1573308095 2
1573308096 2
1573308097 2
1573308098 3
1573308099 4
1573308100 4
1573308101 4
1573308102 2
1573308103 3
1573308104 4
1573308105 3
1573308106 3
1573308107 4
1573308108 3
1573308109 3
1573308110 2
1573308111 2
1573308112 1
1573308113 1
1573308114 2
1573308115 3
1573308116 3
1573308117 2
1573308118 2
1573308119 3
1573308120 2
1573308121 2
1573308122 2
1573308123 3
1573308124 3
1573308125 4
1573308126 3
1573308127 3
1573308128 5
1573308129 5
1573308130 4
1573308131 4
1573308132 4
1573308133 4
1573308134 4
1573308135 4
1573308136 2
1573308137 2
1573308138 2
1573308139 2
1573308140 2
1573308141 2
1573308142 2
1573308143 2
1573308144 2
1573308145 2
1573308146 3
1573308147 2
1573308148 2
1573308149 2
1573308150 2
1573308151 2
1573308152 2
1573308153 2
1573308154 3
1573308155 3
1573308156 3
1573308157 3
1573308158 2
1573308159 2
1573308160 2
1573308161 1
1573308162 1
1573308163 1
1573308164 1
1573308165 1
1573308166 2
1573308167 2
1573308168 2
1573308169 2
1573308170 2
1573308171 3
1573308172 5
1573308173 5
1573308174 6
1573308175 5
1573308176 5
1573308177 5
1573308178 5
1573308179 4
1573308180 4
1573308181 5
1573308182 5
1573308183 5
1573308184 3
1573308185 2
1573308186 2
1573308187 2
1573308188 2
1573308189 2
1573308190 1
1573308191 1
1573308192 1
1573308193 1
1573308194 1
1573308195 2
1573308196 2
1573308197 3
1573308198 2
1573308199 3
1573308200 3
1573308201 3
1573308202 2
1573308203 1
1573308204 2
1573308205 2
1573308206 2
1573308207 2
1573308208 3
1573308209 3
1573308210 2
1573308211 2
1573308212 2
1573308213 2
1573308214 2
1573308215 2
1573308216 2
1573308217 2
1573308218 2
1573308219 2
1573308220 3
1573308221 3
1573308222 3
1573308223 3
1573308224 3
1573308225 4
1573308226 5
1573308227 6
1573308228 3
1573308229 2
1573308230 2
1573308231 2
1573308232 2
1573308233 2
1573308234 3
1573308235 3
1573308236 2
1573308237 3
1573308238 3
1573308239 2
1573308240 2
1573308241 2
1573308242 2
1573308243 1
1573308244 1
1573308245 1
1573308246 2
1573308247 2
1573308248 3
1573308249 2
1573308250 2
1573308251 2
1573308252 2
1573308253 1
1573308254 1
1573308255 1
1573308256 1
1573308257 1
1573308258 1
1573308259 1
1573308260 1
1573308261 1
1573308262 1
1573308263 3
1573308264 3
1573308265 3
1573308266 3
1573308267 4
1573308268 4
1573308269 3
1573308270 3
1573308271 4
1573308272 5
1573308273 4
1573308274 5
1573308275 3
1573308276 3
1573308277 2
1573308278 2
1573308279 2
1573308280 2
1573308281 2
1573308282 3
1573308283 3
1573308284 4
1573308285 3
1573308286 3
1573308287 3
1573308288 3
1573308289 3
1573308290 3
1573308377 3
1573308378 3
1573308379 3
1573308380 3
1573308381 3
1573308382 3
1573308383 2
1573308384 2
1573308385 2
1573308386 2
1573308387 2
1573308388 2
1573308389 3
1573308390 3
1573308391 3
1573308392 3
1573308393 4
1573308394 4
1573308395 8
1573308396 3
1573308397 4
1573308398 3
1573308399 4
1573308400 5
1573308401 5
1573308402 6
1573308403 6
1573308404 4
1573308405 4
1573308406 4
1573308407 5
1573308408 5
1573308409 5
1573308410 5
1573308411 5
1573308412 5
1573308413 5
1573308414 5
1573308415 4
1573308416 4
1573308417 4
1573308418 5
1573308419 5
1573308420 5
1573308421 5
1573308422 4
1573308423 3
1573308424 3
1573308425 5
1573308426 5
1573308427 5
1573308428 6
1573308429 5
1573308430 5
1573308431 5
1573308432 4
1573308433 4
1573308434 3
1573308435 4
1573308436 4
1573308437 2
1573308438 2
1573308439 1
1573308440 1
1573308441 1
1573308442 1
1573308443 3
1573308444 3
1573308445 2
1573308446 2
1573308447 2
1573308448 2
1573308449 2
1573308450 2
1573308451 3
1573308452 3
1573308453 4
1573308454 4
1573308455 4
1573308456 5
1573308457 4
1573308458 3
1573308459 5
1573308460 3
1573308461 3
1573308462 3
1573308463 3
1573308464 2
1573308465 2
1573308466 2
1573308467 2
1573308468 2
1573308469 3
1573308470 2
1573308471 2
1573308472 2
1573308473 3
1573308474 3
1573308475 3
1573308476 2
1573308477 2
1573308478 2
1573308479 1
1573308480 2
1573308481 3
1573308482 3
1573308483 3
1573308484 2
1573308485 3
1573308486 3
1573308487 2
1573308488 1
1573308489 1
1573308490 1
1573308491 1
1573308492 1
1573308493 2
1573308494 2
1573308495 2
1573308496 2
1573308497 2
1573308498 2
1573308499 4
1573308500 5
1573308501 5
1573308502 5
1573308503 6
1573308504 5
1573308505 5
1573308506 5
1573308507 6
1573308508 6
1573308509 7
1573308510 6
1573308511 6
1573308512 3
1573308513 3
1573308514 2
1573308515 2
1573308516 2
1573308517 2
1573308518 2
1573308519 1
1573308520 1
1573308521 1
1573308522 1
1573308523 2
1573308524 2
1573308525 4
1573308526 3
1573308527 4
1573308528 4
1573308529 4
1573308530 3
1573308531 3
1573308532 3
1573308533 2
1573308534 3
1573308535 3
1573308536 4
1573308537 4
1573308538 4
1573308539 4
1573308540 5
1573308541 4
1573308542 3
1573308543 3
1573308544 3
1573308545 3
1573308546 3
1573308547 2
1573308548 2
1573308549 2
1573308550 2
1573308551 2
1573308552 4
1573308553 4
1573308554 3
1573308555 3
1573308556 3
1573308557 3
1573308558 4
1573308559 3
1573308560 3
1573308561 2
1573308562 3
1573308563 3
1573308564 2
1573308565 3
1573308566 3
1573308567 2
1573308568 2
1573308569 2
1573308570 2
1573308571 2
1573308572 1
1573308573 1
1573308574 1
1573308575 1
1573308576 1
1573308577 1
1573308578 2
1573308579 2
1573308580 3
1573308581 3
1573308582 2
1573308583 2
1573308584 2
1573308585 2
1573308586 2
1573308587 2
1573308588 3
1573308589 3
1573308590 2
1573308591 3
1573308592 4
1573308593 2
1573308594 1
1573308595 2
1573308596 3
1573308597 4
1573308598 4
1573308599 3
1573308600 4
1573308601 4
1573308602 4
1573308603 6
1573308604 4
1573308605 4
1573308606 3
1573308607 3
1573308608 3
1573308609 2
1573308610 2
1573308611 2
1573308612 3
1573308613 4
1573308614 4
1573308615 4
1573308616 3
1573308617 3
1573308618 3
1573308619 3
1573308620 3
1573308621 2
1573308622 2
1573309028 3
1573309029 3
1573309030 3
1573309031 3
1573309032 3
1573309033 3
1573309034 4
1573309035 4
1573309036 4
1573309037 4
1573309038 4
1573309039 3
1573309040 3
1573309041 3
1573309042 3
1573309043 3
1573309044 3
1573309045 4
1573309046 4
1573309047 5
1573309048 3
1573309049 4
1573309050 3
1573309051 3
1573309052 4
1573309053 3
1573309054 3
1573309055 2
1573309056 3
1573309057 3
1573309058 3
1573309059 1
1573309060 1
1573309061 1
1573309062 1
1573309063 2
1573309064 2
1573309065 2
1573309066 2
1573309067 2
1573309068 2
1573309069 3
1573309070 2
1573309071 2
1573309072 2
1573309073 3
1573309074 2
1573309075 2
1573309076 1
1573309077 1
1573309078 1
1573309079 1
1573309080 1
1573309081 2
1573309082 3
1573309083 2
1573309084 2
1573309085 2
1573309086 2
1573309087 2
1573309088 2
1573309089 2
1573309090 3
1573309091 3
1573309092 3
1573309093 4
1573309094 3
1573309095 3
1573309096 6
1573309097 6
1573309098 5
1573309099 3
1573309100 3
1573309101 3
1573309102 3
1573309103 2
1573309104 2
1573309105 2
1573309106 2
1573309107 2
1573309108 2
1573309109 2
1573309110 2
1573309111 2
1573309112 2
1573309113 2
1573309114 3
1573309115 2
1573309116 2
1573309117 2
1573309118 2
1573309119 2
1573309120 2
1573309121 2
1573309122 3
1573309123 3
1573309124 3
1573309125 3
1573309126 3
1573309127 2
1573309128 2
1573309129 2
1573309130 2
1573309131 1
1573309132 1
1573309133 1
1573309134 2
1573309135 2
1573309136 2
1573309137 2
1573309138 3
1573309139 3
1573309140 5
1573309141 5
1573309142 5
1573309143 5
1573309144 5
1573309145 5
1573309146 5
1573309147 5
1573309148 6
1573309149 5
1573309150 5
1573309151 5
1573309152 4
1573309153 2
1573309154 2
1573309155 2
1573309156 2
1573309157 2
1573309158 2
1573309159 2
1573309160 1
1573309161 1
1573309162 1
1573309163 1
1573309164 3
1573309165 3
1573309166 4
1573309167 2
1573309168 3
1573309169 3
1573309170 3
1573309171 2
1573309172 1
1573309173 2
1573309174 2
1573309175 2
1573309176 2
1573309177 2
1573309178 3
1573309179 2
1573309180 2
1573309181 2
1573309182 2
1573309183 2
1573309184 2
1573309185 2
1573309186 2
1573309187 2
1573309188 2
1573309189 2
1573309190 3
1573309191 3
1573309192 3
1573309193 3
1573309194 3
1573309195 4
1573309196 5
1573309197 4
1573309198 3
1573309199 2
1573309200 2
1573309201 2
1573309202 2
1573309203 2
1573309204 3
1573309205 2
1573309206 2
1573309207 3
1573309208 2
1573309209 2
1573309210 3
1573309211 2
1573309212 2
1573309213 1
1573309214 2
1573309215 2
1573309216 2
1573309217 2
1573309218 2
1573309219 2
1573309220 3
1573309221 2
1573309222 2
1573309223 2
1573309224 2
1573309225 3
1573309226 3
1573309227 4
1573309228 4
1573309229 3
1573309230 3
1573309231 1
1573309232 2
1573309233 2
1573309234 2
1573309235 2
1573309236 2
1573309237 3
1573309238 4
1573309239 3
1573309240 4
1573309241 3
1573309242 2
1573309243 2
1573309244 5
1573309245 4
1573309246 4
1573309247 3
1573309248 3
1573309249 3
1573309250 2
1573309251 2
1573309252 4
1573309253 3
1573309254 4
1573309255 3
1573309256 3
1573309257 3
1573309258 3
1573309259 3
1573309260 3
1573309261 3
1573309262 3
1573309263 3
1573310200 3
1573310201 3
1573310202 3
1573310203 3
1573310204 3
1573310205 3
1573310206 3
1573310207 3
1573310208 3
1573310209 3
1573310210 2
1573310211 2
1573310212 2
1573310213 3
1573310214 5
1573310215 3
1573310216 4
1573310217 4
1573310218 4
1573310219 5
1573310220 2
1573310221 3
1573310222 3
1573310223 4
1573310224 4
1573310225 2
1573310226 2
1573310227 3
1573310228 3
1573310229 2
1573310230 1
1573310231 2
1573310232 1
1573310233 1
1573310234 1
1573310235 2
1573310236 3
1573310237 3
1573310238 2
1573310239 1
1573310240 1
1573310241 1
1573310242 2
1573310243 2
1573310244 2
1573310245 3
1573310246 1
1573310247 1
1573310248 1
1573310249 1
1573310250 2
1573310251 2
1573310252 4
1573310253 4
1573310254 4
1573310255 3
1573310256 4
1573310257 2
1573310258 4
1573310259 3
1573310260 4
1573310261 4
1573310262 3
1573310263 4
1573310264 3
1573310265 3
1573310266 5
1573310267 4
1573310268 4
1573310269 3
1573310270 3
1573310271 3
1573310272 3
1573310273 2
1573310274 2
1573310275 2
1573310276 2
1573310277 2
1573310278 2
1573310279 3
1573310280 3
1573310281 2
1573310282 2
1573310283 3
1573310284 2
1573310285 2
1573310286 2
1573310287 2
1573310288 2
1573310289 1
1573310290 2
1573310291 3
1573310292 4
1573310293 4
1573310294 3
1573310295 4
1573310296 3
1573310297 2
1573310298 1
1573310299 1
1573310300 1
1573310301 1
1573310302 1
1573310303 1
1573310304 2
1573310305 2
1573310306 2
1573310307 2
1573310308 2
1573310309 2
1573310310 3
1573310311 4
1573310312 5
1573310313 6
1573310314 6
1573310315 6
1573310316 6
1573310317 6
1573310318 6
1573310319 6
1573310320 5
1573310321 5
1573310322 5
1573310323 4
1573310324 3
1573310325 3
1573310326 3
1573310327 3
1573310328 3
1573310329 2
1573310330 2
1573310331 2
1573310332 2
1573310333 3
1573310334 3
1573310335 3
1573310336 3
1573310337 2
1573310338 2
1573310339 2
1573310340 2
1573310341 2
1573310342 2
1573310343 2
1573310344 2
1573310345 2
1573310346 3
1573310347 2
1573310348 4
1573310349 4
1573310350 4
1573310351 3
1573310352 2
1573310353 2
1573310354 2
1573310355 2
1573310356 2
1573310357 2
1573310358 2
1573310359 2
1573310360 2
1573310361 3
1573310362 2
1573310363 2
1573310364 2
1573310365 2
1573310366 2
1573310367 2
1573310368 2
1573310369 2
1573310370 2
1573310371 2
1573310372 2
1573310373 2
1573310374 2
1573310375 4
1573310376 2
1573310377 4
1573310378 4
1573310379 4
1573310380 4
1573310381 3
1573310382 2
1573310383 2
1573310384 2
1573310385 2
1573310386 2
1573310387 2
1573310388 2
1573310389 2
1573310390 2
1573310391 2
1573310392 3
1573310393 2
1573310394 2
1573310395 2
1573310396 2
1573310397 3
1573310398 3
1573310399 3
1573310400 3
1573310401 2
1573310402 2
1573310403 2
1573310404 2
1573310405 2
1573310406 3
1573310407 2
1573310408 4
1573310409 4
1573310410 4
1573310411 3
1573310412 3
1573310413 2
1573310414 2
1573310415 2
1573310416 3
1573310417 2
1573310418 2
1573310419 3
1573310420 3
1573310421 2
1573310422 2
1573310423 2
1573310424 2
1573310425 3
1573310426 2
1573310427 2
1573310428 3
1573310429 2
1573310430 2
1573310431 3
1573310432 3
1573310433 3
1573310434 3
1573310435 4
1573310436 3
1573310437 4
1573310438 4
1573310439 4
1573310440 3
1573310441 3
1573310442 3
1573310443 2
1573310444 2
1573310445 2
1573310446 2
1573310447 2
1573310448 2
1573310449 2
1573310450 2
1573310451 2
1573310452 2
1573310453 2
1573310454 2
1573310455 2
1573310456 2
1573310457 2
1573310458 2
1573310459 4
1573310460 4
1573310461 4
1573310462 5
1573310463 5
1573310464 5
1573310465 5
1573310466 5
1573310467 5
1573310468 4
1573310469 4
1573310470 4
1573310471 4
1573310472 4
1573310473 4
1573310474 3
1573310475 2
1573310476 2
1573310477 2
1573310478 2
1573310479 2
1573310480 2
1573310481 2
1573310482 2
1573310483 2
1573310484 2
1573310485 2
1573310486 2
1573310487 2
1573310488 2
1573310489 2
1573310490 2
1573310491 2
1573310492 3
1573310493 3
1573310494 3
1573310495 5
1573310496 4
1573310497 4
1573310498 4
1573310499 3
1573310500 3
1573310501 3
1573310502 3
1573310503 3
1573310504 3
1573310505 3
1573310506 2
1573310507 2
1573310508 2
1573310509 2
1573310510 3
1573310511 3
1573310512 3
1573310513 3
1573310514 3
1573310515 3
1573310516 3
1573310517 3
1573310518 2
1573310519 2
1573310520 2
1573310521 2
1573310522 2
1573310523 2
1573310524 5
1573310525 4
1573310526 4
1573310527 2
1573310528 2
1573310529 2
1573310530 2
1573310531 2
1573310532 3
1573310533 2
1573310534 2
1573310535 2
1573310536 2
1573310537 3
1573310538 2
1573310539 2
1573310540 2
1573310541 2
1573310542 2
1573310543 2
1573310544 2
1573310545 2
1573310546 2
1573310547 2
1573310548 2
1573310549 2
1573310550 2
1573310551 2
1573310552 2
1573310553 2
1573310554 5
1573310555 4
1573310556 4
1573310557 3
1573310558 2
1573310559 2
1573310560 2
1573310561 2
1573310562 2
1573310563 2
1573310564 2
1573310565 2
1573310566 2
1573310567 2
1573310568 3
1573310569 2
1573310570 3
1573310571 2
1573310572 3
1573310573 3
1573310574 2
1573310575 2
1573310576 2
1573310577 2
1573310578 2
1573310579 2
1573310580 2
1573310581 2
1573310582 2
1573310583 2
1573310584 5
1573310585 4
1573310586 4
1573310587 4
1573310588 3
1573310589 2
1573310590 2
1573310591 2
1573310592 2
1573310593 2
1573310594 2
1573310595 2
1573310596 2
1573310597 2
1573310598 2
1573310599 3
1573310600 4
1573310601 3
1573310602 2
1573310603 2
1573310604 2
1573310605 2
1573310606 2
1573310607 3
1573310608 3
1573310609 3
1573310610 3
1573310611 4
1573310612 5
1573310613 5
1573310614 4
1573310615 4
1573310616 4
1573310617 5
1573310618 6
1573310619 5
1573310620 5
1573310621 5
1573310622 6
1573310623 5
1573310624 5
1573310625 4
1573310626 2
1573310627 2
1573310628 3
1573310629 3
1573310630 2
1573310631 2
1573310632 2
1573310633 2
1573310634 2
1573310635 3
1573310636 3
1573310637 3
1573310638 3
1573310639 4
1573310640 4
1573310641 4
1573310642 3
1573310643 3
1573310644 2
1573310645 3
1573310646 3
1573310647 3
1573310648 3
1573310649 4
1573310650 4
1573310651 3
1573310652 3
1573310653 3
1573310654 3
1573310655 2
1573310656 2
1573310657 2
1573310658 2
1573310659 2
1573310660 2
1573310661 3
1573310662 4
1573310663 5
1573310664 4
1573310665 4
1573310666 5
1573310667 5
1573310668 4
1573310669 4
1573310670 6
1573310671 5
1573310672 4
1573310673 2
1573310674 2
1573310675 2
1573310676 2
1573310677 2
1573310678 2
1573310679 2
1573310680 3
1573310681 3
1573310682 4
1573310683 3
1573310684 3
1573310685 3
1573310686 2
1573310687 2
1573310688 2
1573310689 2
1573310690 3
1573310691 2
1573310692 2
1573310693 3
1573310694 3
1573310695 3
1573310696 4
1573310697 4
1573310698 2
1573310699 1
1573310700 2
1573310701 2
1573310702 1
1573310703 1
1573310704 1
1573310705 2
1573310706 2
1573310707 2
1573310708 3
1573310709 2
1573310710 2
1573310711 2
1573310712 3
1573310713 2
1573310714 2
1573310715 2
1573310716 3
1573310717 5
1573310718 5
1573310719 5
1573310720 3
1573310721 3
1573310722 2
1573310723 2
1573310724 3
1573310725 2
1573310726 4
1573310727 3
1573310728 3
1573310729 3
1573310730 3
1573310731 3
1573310732 3
1573310733 3
1573310734 3
1573310735 3
1573310736 4
1573310737 3
1573310738 3
1573310826 3
1573310827 3
1573310828 3
1573310829 3
1573310830 3
1573310831 4
1573310832 3
1573310833 4
1573310834 4
1573310835 3
1573310836 4
1573310837 2
1573310838 3
1573310839 3
1573310840 3
1573310841 3
1573310842 4
1573310843 4
1573310844 6
1573310845 4
1573310846 3
1573310847 4
1573310848 4
1573310849 4
1573310850 3
1573310851 2
1573310852 3
1573310853 3
1573310854 3
1573310855 1
1573310856 1
1573310857 1
1573310858 1
1573310859 1
1573310860 1
1573310861 2
1573310862 2
1573310863 2
1573310864 1
1573310865 1
1573310866 1
1573310867 1
1573310868 1
1573310869 2
1573310870 3
1573310871 3
1573310872 1
1573310873 1
1573310874 1
1573310875 1
1573310876 1
1573310877 2
1573310878 2
1573310879 2
1573310880 2
1573310881 2
1573310882 3
1573310883 2
1573310884 2
1573310885 2
1573310886 3
1573310887 3
1573310888 4
1573310889 4
1573310890 4
1573310891 5
1573310892 6
1573310893 3
1573310894 3
1573310895 4
1573310896 4
1573310897 3
1573310898 3
1573310899 2
1573310900 2
1573310901 2
1573310902 2
1573310903 2
1573310904 2
1573310905 2
1573310906 2
1573310907 2
1573310908 3
1573310909 3
1573310910 2
1573310911 2
1573310912 2
1573310913 2
1573310914 1
1573310915 2
1573310916 3
1573310917 4
1573310918 3
1573310919 4
1573310920 3
1573310921 2
1573310922 2
1573310923 2
1573310924 1
1573310925 1
1573310926 1
1573310927 1
1573310928 2
1573310929 2
1573310930 2
1573310931 2
1573310932 2
1573310933 2
1573310934 4
1573310935 5
1573310936 5
1573310937 6
1573310938 5
1573310939 5
1573310940 5
1573310941 5
1573310942 4
1573310943 4
1573310944 4
1573310945 5
1573310946 3
1573310947 3
1573310948 3
1573310949 3
1573310950 2
1573310951 2
1573310952 2
1573310953 2
1573310954 2
1573310955 3
1573310956 3
1573310957 3
1573310958 3
1573310959 2
1573310960 2
1573310961 2
1573310962 2
1573310963 2
1573310964 2
1573310965 2
1573310966 2
1573310967 3
1573310968 2
1573310969 2
1573310970 4
1573310971 4
1573310972 5
1573310973 4
1573310974 2
1573310975 2
1573310976 2
1573310977 2
1573310978 2
1573310979 2
1573310980 2
1573310981 2
1573310982 2
1573310983 3
1573310984 2
1573310985 2
1573310986 3
1573310987 3
1573310988 2
1573310989 2
1573310990 2
1573310991 2
1573310992 2
1573310993 2
1573310994 2
1573310995 2
1573310996 3
1573310997 2
1573310998 4
1573310999 4
1573311000 4
1573311001 4
1573311002 3
1573311003 3
1573311004 2
1573311005 2
1573311006 3
1573311007 2
1573311008 2
1573311009 2
1573311010 2
1573311011 2
1573311012 2
1573311013 2
1573311014 4
1573311015 2
1573311016 2
1573311017 2
1573311018 2
1573311019 2
1573311020 2
1573311021 2
1573311022 2
1573311023 2
1573311024 2
1573311025 2
1573311026 2
1573311027 2
1573311028 2
1573311029 4
1573311030 4
1573311031 4
1573311032 4
1573311033 2
1573311034 2
1573311035 2
1573311036 2
1573311037 2
1573311038 2
1573311039 3
1573311040 3
1573311041 2
1573311042 2
1573311043 2
1573311044 3
1573311045 3
1573311046 2
1573311047 2
1573311048 2
1573311049 2
1573311050 2
1573311051 2
1573311052 3
1573311053 3
1573311054 3
1573311055 4
1573311056 5
1573311057 4
1573311058 4
1573311059 4
1573311060 4
1573311061 3
1573311062 3
1573311063 3
1573311064 2
1573311065 2
1573311066 2
1573311067 2
1573311068 2
1573311069 2
1573311070 2
1573311071 2
1573311072 2
1573311073 2
1573311074 2
1573311075 2
1573311076 2
1573311077 2
1573311078 2
1573311079 4
1573311080 4
1573311081 4
1573311082 4
1573311083 5
1573311084 5
1573311085 5
1573311086 5
1573311087 5
1573311088 5
1573311089 5
1573311090 5
1573311091 5
1573311092 4
1573311093 3
1573311094 2
1573311095 2
1573311096 2
1573311097 2
1573311098 2
1573311099 2
1573311100 2
1573311101 2
1573311102 2
1573311103 2
1573311104 2
1573311105 2
1573311106 2
1573311107 2
1573311108 2
1573311109 2
1573311110 3
1573311111 3
1573311112 5
1573311113 4
1573311114 4
1573311115 4
1573311116 3
1573311117 3
1573311118 3
1573311119 3
1573311120 3
1573311121 3
1573311122 2
1573311123 2
1573311124 2
1573311125 2
1573311126 2
1573311127 3
1573311128 3
1573311129 3
1573311130 3
1573311131 3
1573311132 3
1573311133 2
1573311134 2
1573311135 2
1573311136 2
1573311137 2
1573311138 2
1573311139 2
1573311140 2
1573311141 3
1573311142 4
1573311143 4
1573311144 4
1573311145 3
1573311146 2
1573311147 2
1573311148 2
1573311149 2
1573311150 2
1573311151 2
1573311152 2
1573311153 2
1573311154 2
1573311155 3
1573311156 2
1573311157 2
1573311158 2
1573311159 2
1573311160 2
1573311161 2
1573311162 2
1573311163 2
1573311164 2
1573311165 2
1573311166 2
1573311167 2
1573311168 2
1573311169 2
1573311170 2
1573311171 2
1573311172 3
1573311173 5
1573311174 4
1573311175 4
1573311176 3
1573311177 2
1573311178 2
1573311179 2
1573311180 2
1573311181 2
1573311182 2
1573311183 2
1573311184 2
1573311185 2
1573311186 2
1573311187 2
1573311188 2
1573311189 3
1573311190 2
1573311191 2
1573311192 2
1573311193 2
1573311194 2
1573311195 2
1573311196 2
1573311197 2
1573311198 2
1573311199 2
1573311200 2
1573311201 2
1573311202 3
1573311203 4
1573311204 4
1573311205 4
1573311206 3
1573311207 2
1573311208 2
1573311209 2
1573311210 2
1573311211 2
1573311212 2
1573311213 2
1573311214 3
1573311215 2
1573311216 2
1573311217 2
1573311218 2
1573311219 3
1573311220 2
1573311221 2
1573311222 2
1573311223 2
1573311224 2
1573311225 2
1573311226 3
1573311227 3
1573311228 3
1573311229 4
1573311230 4
1573311231 5
1573311232 5
1573311233 5
1573311234 5
1573311235 4
1573311236 4
1573311237 4
1573311238 4
1573311239 4
1573311240 4
1573311241 6
1573311242 4
1573311243 3
1573311244 3
1573311245 2
1573311246 2
1573311247 2
1573311248 1
1573311249 1
1573311250 1
1573311251 1
1573311252 1
1573311253 1
1573311254 2
1573311255 2
1573311256 3
1573311257 3
1573311258 3
1573311259 3
1573311260 3
1573311261 3
1573311262 2
1573311263 2
1573311264 2
1573311265 2
1573311266 2
1573311267 3
1573311268 3
1573311269 2
1573311270 2
1573311271 2
1573311272 3
1573311273 2
1573311274 2
1573311275 2
1573311276 2
1573311277 2
1573311278 2
1573311279 3
1573311280 4
1573311281 3
1573311282 3
1573311283 4
1573311284 4
1573311285 5
1573311286 3
1573311287 4
1573311288 3
1573311289 2
1573311290 2
1573311291 2
1573311292 2
1573311293 3
1573311294 2
1573311295 2
1573311296 2
1573311297 2
1573311298 2
1573311299 2
1573311300 2
1573311301 1
1573311302 1
1573311303 1
1573311304 1
1573311305 1
1573311306 2
1573311307 2
1573311308 2
1573311309 3
1573311310 3
1573311311 3
1573311312 3
1573311313 2
1573311314 2
1573311315 1
1573311316 1
1573311317 1
1573311318 1
1573311320 1
1573311321 1
1573311322 1
1573311323 2
1573311324 2
1573311325 3
1573311326 4
1573311327 3
1573311328 3
1573311329 3
1573311330 3
1573311331 3
1573311332 5
1573311333 5
1573311334 4
1573311335 4
1573311336 3
1573311337 3
1573311338 2
1573311339 2
1573311340 2
1573311341 2
1573311342 3
1573311343 3
1573311344 3
1573311345 3
1573311346 3
1573311347 4
1573311348 4
1573311349 3
1573311350 3
1573311351 3
1573311352 3
1573311353 2
1573311441 3
1573311442 3
1573311443 3
1573311444 3
1573311445 3
1573311446 3
1573311447 3
1573311448 3
1573311449 3
1573311450 3
1573311451 3
1573311452 3
1573311453 2
1573311454 3
1573311455 3
1573311456 3
1573311457 3
1573311458 4
1573311459 4
1573311460 4
1573311461 4
1573311462 3
1573311463 4
1573311464 3
1573311465 3
1573311466 3
1573311467 2
1573311468 2
1573311469 1
1573311470 1
1573311471 1
1573311474 1
1573311475 2
1573311476 2
1573311477 3
1573311478 3
1573311479 2
1573311480 2
1573311481 2
1573311482 2
1573311483 2
1573311484 2
1573311485 2
1573311486 1
1573311487 1
1573311488 1
1573311489 1
1573311490 1
1573311491 1
1573311492 3
1573311493 2
1573311494 2
1573311495 2
1573311496 2
1573311497 2
1573311498 2
1573311499 2
1573311500 3
1573311501 3
1573311502 3
1573311503 4
1573311504 5
1573311505 5
1573311506 6
1573311507 5
1573311508 6
1573311509 5
1573311510 5
1573311511 4
1573311512 3
1573311513 2
1573311514 2
1573311515 2
1573311516 2
1573311517 2
1573311518 2
1573311519 2
1573311520 2
1573311521 2
1573311522 3
1573311523 2
1573311524 2
1573311525 2
1573311526 2
1573311527 2
1573311528 2
1573311529 2
1573311530 3
1573311531 3
1573311532 3
1573311533 3
1573311534 3
1573311535 2
1573311536 2
1573311537 1
1573311538 1
1573311539 1
1573311540 1
1573311541 1
1573311542 2
1573311543 2
1573311544 2
1573311545 2
1573311546 2
1573311547 2
1573311548 3
1573311549 5
1573311550 5
1573311551 6
1573311552 5
1573311553 5
1573311554 5
1573311555 5
1573311556 4
1573311557 4
1573311558 4
1573311559 4
1573311560 5
1573311561 3
1573311562 4
1573311563 3
1573311564 3
1573311565 3
1573311566 2
1573311567 2
1573311568 2
1573311569 2
1573311570 3
1573311571 3
1573311572 3
1573311573 3
1573311574 2
1573311575 3
1573311576 3
1573311577 2
1573311578 2
1573311579 2
1573311580 2
1573311581 2
1573311582 3
1573311583 2
1573311584 2
1573311585 4
1573311586 4
1573311587 4
1573311588 3
1573311589 3
1573311590 2
1573311591 2
1573311592 2
1573311593 2
1573311594 2
1573311595 2
1573311596 2
1573311597 2
1573311598 3
1573311599 2
1573311600 2
1573311601 2
1573311602 2
1573311603 2
1573311604 2
1573311605 2
1573311606 2
1573311607 2
1573311608 2
1573311609 2
1573311610 2
1573311611 2
1573311612 4
1573311613 2
1573311614 4
1573311615 5
1573311616 5
1573311617 4
1573311618 3
1573311619 2
1573311620 2
1573311621 2
1573311622 2
1573311623 2
1573311624 2
1573311625 2
1573311626 2
1573311627 2
1573311628 2
1573311629 3
1573311630 2
1573311631 2
1573311632 2
1573311633 2
1573311634 3
1573311635 2
1573311636 2
1573311637 2
1573311638 2
1573311639 2
1573311640 2
1573311641 2
1573311642 3
1573311643 2
1573311644 4
1573311645 4
1573311646 4
1573311647 4
1573311648 3
1573311649 2
1573311650 2
1573311651 2
1573311652 2
1573311653 2
1573311654 2
1573311655 2
1573311656 2
1573311657 2
1573311658 2
1573311659 3
1573311660 3
1573311661 3
1573311662 2
1573311663 2
1573311664 2
1573311665 2
1573311666 3
1573311667 3
1573311668 3
1573311669 3
1573311670 4
1573311671 4
1573311672 5
1573311673 4
1573311674 4
1573311675 5
1573311676 4
1573311677 3
1573311678 2
1573311679 2
1573311680 2
1573311681 2
1573311682 2
1573311683 2
1573311684 2
1573311685 2
1573311686 2
1573311687 2
1573311688 2
1573311689 2
1573311690 2
1573311691 2
1573311692 2
1573311693 2
1573311694 4
1573311695 5
1573311696 4
1573311697 5
1573311698 5
1573311699 5
1573311700 5
1573311701 5
1573311702 5
1573311703 4
1573311704 4
1573311705 4
1573311706 4
1573311707 3
1573311708 3
1573311709 2
1573311710 2
1573311711 2
1573311712 2
1573311713 2
1573311714 2
1573311715 2
1573311716 2
1573311717 2
1573311718 2
1573311719 2
1573311720 2
1573311721 2
1573311722 2
1573311723 2
1573311724 3
1573311725 3
1573311726 5
1573311727 4
1573311728 4
1573311729 3
1573311730 4
1573311731 3
1573311732 3
1573311733 3
1573311734 3
1573311735 2
1573311736 2
1573311737 2
1573311738 2
1573311739 2
1573311740 2
1573311741 3
1573311742 3
1573311743 3
1573311744 3
1573311745 2
1573311746 2
1573311747 2
1573311748 2
1573311749 2
1573311750 2
1573311751 2
1573311752 2
1573311753 2
1573311754 5
1573311755 4
1573311756 4
1573311757 3
1573311758 3
1573311759 2
1573311760 2
1573311761 2
1573311762 2
1573311763 2
1573311764 2
1573311765 2
1573311766 2
1573311767 3
1573311768 2
1573311769 2
1573311770 3
1573311771 3
1573311772 3
1573311773 2
1573311774 2
1573311775 2
1573311776 2
1573311777 2
1573311778 2
1573311779 2
1573311780 2
1573311781 2
1573311782 2
1573311783 2
1573311784 5
1573311785 4
1573311786 4
1573311787 4
1573311788 3
1573311789 2
1573311790 2
1573311791 2
1573311792 2
1573311793 2
1573311794 2
1573311795 2
1573311796 2
1573311797 2
1573311798 2
1573311799 2
1573311800 3
1573311801 2
1573311802 3
1573311803 3
1573311804 4
1573311805 2
1573311806 2
1573311807 2
1573311808 2
1573311809 2
1573311810 2
1573311811 2
1573311812 2
1573311813 2
1573311814 4
1573311815 4
1573311816 4
1573311817 3
1573311818 2
1573311819 2
1573311820 2
1573311821 2
1573311822 2
1573311823 2
1573311824 2
1573311825 3
1573311826 3
1573311827 3
1573311828 2
1573311829 2
1573311830 3
1573311831 2
1573311832 2
1573311833 2
1573311834 3
1573311835 2
1573311836 2
1573311837 3
1573311838 3
1573311839 3
1573311840 3
1573311841 4
1573311842 4
1573311843 4
1573311844 4
1573311845 4
1573311846 4
1573311847 4
1573311848 4
1573311849 4
1573311850 4
1573311851 4
1573311852 5
1573311853 6
1573311854 3
1573311855 2
1573311856 2
1573311857 2
1573311858 2
1573311859 2
1573311860 2
1573311861 1
1573311862 1
1573311863 1
1573311864 2
1573311865 2
1573311866 2
1573311867 3
1573311868 3
1573311869 3
1573311870 3
1573311871 3
1573311872 2
1573311873 2
1573311874 3
1573311875 2
1573311876 2
1573311877 2
1573311878 3
1573311879 2
1573311880 2
1573311881 2
1573311882 2
1573311883 3
1573311884 3
1573311885 2
1573311886 2
1573311887 2
1573311888 2
1573311889 2
1573311890 5
1573311891 6
1573311892 5
1573311893 6
1573311894 5
1573311895 5
1573311896 5
1573311897 4
1573311898 5
1573311899 4
1573311900 5
1573311901 4
1573311902 4
1573311903 5
1573311904 4
1573311905 6
1573311906 4
1573311907 3
1573311908 3
1573311909 2
1573311910 2
1573311911 2
1573311912 3
1573311913 3
1573311914 2
1573311915 2
1573311916 2
1573311917 2
1573311918 2
1573311919 1
1573311920 1
1573311921 1
1573311922 1
1573311923 1
1573311924 1
1573311925 2
1573311926 2
1573311927 2
1573311928 2
1573311929 1
1573311930 1
1573311931 1
1573311932 1
1573311933 1
1573311934 1
1573311935 1
1573311936 1
1573311939 1
1573311940 1
1573311941 1
1573311942 2
1573311943 2
1573311944 3
1573311945 3
1573311946 2
1573311947 4
1573311948 4
1573311949 3
1573311950 3
1573311951 5
1573311952 4
1573311953 3
1573311954 3
1573311955 3
1573311956 3
1573311957 3
1573311958 2
1573311959 2
1573311960 3
1573311961 3
1573311962 4
1573311963 3
1573311964 3
1573311965 3
1573311966 3
1573311967 3
1573311968 3
1573311969 3
1573311970 3
1573311971 3
1573312058 3
1573312059 3
1573312060 3
1573312061 3
1573312062 3
1573312063 3
1573312064 3
1573312065 3
1573312066 3
1573312067 3
1573312068 2
1573312069 2
1573312070 2
1573312071 4
1573312072 3
1573312073 3
1573312074 4
1573312075 4
1573312076 6
1573312077 5
1573312078 3
1573312079 3
1573312080 3
1573312081 4
1573312082 3
1573312083 2
1573312084 3
1573312085 3
1573312086 3
1573312087 2
1573312088 1
1573312093 1
1573312094 2
1573312095 2
1573312096 1
1573312097 1
1573312098 1
1573312099 1
1573312100 1
1573312101 1
1573312102 2
1573312103 1
1573312104 1
1573312105 1
1573312106 1
1573312107 1
1573312108 1
1573312109 1
1573312110 2
1573312111 2
1573312112 2
1573312113 2
1573312114 2
1573312115 2
1573312116 2
1573312117 1
1573312118 1
1573312119 1
1573312120 1
1573312121 1
1573312122 1
1573312123 1
1573312124 1
1573312125 2
1573312126 1
1573312127 1
1573312128 1
1573312129 2
1573312130 1
1573312131 1
1573312132 2
1573312133 2
1573312134 2
1573312135 2
1573312136 2
1573312137 2
1573312138 2
1573312139 2
1573312140 2
1573312141 2
1573312142 2
1573312143 2
1573312144 2
1573312145 2
1573312146 2
1573312147 2
1573312148 2
1573312149 2
1573312150 2
1573312151 2
1573312152 2
1573312153 2
1573312154 2
1573312155 2
1573312156 2
1573312157 2
1573312158 2
1573312159 2
1573312160 2
1573312161 2
1573312162 3
1573312163 2
1573312164 2
1573312165 3
1573312166 3
1573312167 3
1573312168 3
1573312169 3
1573312170 3
1573312171 3
1573312172 3
1573312173 3
1573312174 2
1573312175 3
1573312176 3
1573312177 3
1573312178 3
1573312179 3
1573312180 2
1573312181 3
1573312182 3
1573312183 3
1573312184 2
1573312185 2
1573312186 2
1573312187 2
1573312188 2
1573312189 2
1573312190 2
1573312191 2
1573312192 2
1573312193 2
1573312194 2
1573312195 2
1573312196 2
1573312197 3
1573312198 2
1573312199 2
1573312200 2
1573312201 1
1573312202 2
1573312203 2
1573312204 2
1573312205 2
1573312206 4
1573312207 3
1573312208 3
1573312209 5
1573312210 6
1573312211 4
1573312212 3
1573312213 3
1573312214 3
1573312215 3
1573312216 2
1573312217 2
1573312218 2
1573312219 2
1573312220 2
1573312221 2
1573312222 3
1573312223 3
1573312224 2
1573312225 2
1573312226 3
1573312227 2
1573312228 2
1573312229 2
1573312230 2
1573312231 2
1573312232 1
1573312233 2
1573312234 3
1573312235 3
1573312236 3
1573312237 2
1573312238 3
1573312239 2
1573312240 1
1573312241 1
1573312242 1
1573312243 1
1573312244 1
1573312245 1
1573312246 2
1573312247 2
1573312248 2
1573312249 2
1573312250 2
1573312251 2
1573312252 3
1573312253 4
1573312254 5
1573312255 5
1573312256 5
1573312257 5
1573312258 5
1573312259 5
1573312260 5
1573312261 5
1573312262 4
1573312263 4
1573312264 3
1573312265 3
1573312266 3
1573312267 3
1573312268 3
1573312269 3
1573312270 3
1573312271 2
1573312272 2
1573312273 2
1573312274 2
1573312275 3
1573312276 3
1573312277 2
1573312278 3
1573312279 3
1573312280 2
1573312281 2
1573312282 2
1573312283 2
1573312284 2
1573312285 2
1573312286 2
1573312287 3
1573312288 2
1573312289 4
1573312290 4
1573312291 4
1573312292 3
1573312293 2
1573312294 2
1573312295 2
1573312296 2
1573312297 2
1573312298 2
1573312299 2
1573312300 2
1573312301 3
1573312302 2
1573312303 2
1573312304 2
1573312305 2
1573312306 2
1573312307 2
1573312308 2
1573312309 2
1573312310 2
1573312311 2
1573312312 2
1573312313 2
1573312314 2
1573312315 2
1573312316 3
1573312317 2
1573312318 4
1573312319 5
1573312320 4
1573312321 4
1573312322 3
1573312323 2
1573312324 2
1573312325 2
1573312326 2
1573312327 2
1573312328 2
1573312329 2
1573312330 2
1573312331 2
1573312332 2
1573312333 2
1573312334 4
1573312335 2
1573312336 2
1573312337 2
1573312338 2
1573312339 3
1573312340 3
1573312341 2
1573312342 2
1573312343 2
1573312344 2
1573312345 2
1573312346 3
1573312347 2
1573312348 4
1573312349 4
1573312350 4
1573312351 3
1573312352 4
1573312353 2
1573312354 2
1573312355 2
1573312356 2
1573312357 2
1573312358 3
1573312359 2
1573312360 2
1573312361 3
1573312362 2
1573312363 2
1573312364 2
1573312365 3
1573312366 2
1573312367 2
1573312368 2
1573312369 2
1573312370 2
1573312371 3
1573312372 3
1573312373 3
1573312374 3
1573312375 4
1573312376 5
1573312377 4
1573312378 4
1573312379 4
1573312380 4
1573312381 3
1573312382 3
1573312383 2
1573312384 2
1573312385 2
1573312386 2
1573312387 2
1573312388 2
1573312389 2
1573312390 2
1573312391 2
1573312392 2
1573312393 2
1573312394 2
1573312395 2
1573312396 2
1573312397 2
1573312398 2
1573312399 3
1573312400 4
1573312401 4
1573312402 4
1573312403 5
1573312404 5
1573312405 5
1573312406 5
1573312407 5
1573312408 4
1573312409 4
1573312410 4
1573312411 4
1573312412 4
1573312413 3
1573312414 3
1573312415 2
1573312416 2
1573312417 2
1573312418 2
1573312419 2
1573312420 2
1573312421 2
1573312422 2
1573312423 2
1573312424 2
1573312425 2
1573312426 2
1573312427 2
1573312428 2
1573312429 2
1573312430 3
1573312431 3
1573312432 5
1573312433 4
1573312434 4
1573312435 4
1573312436 3
1573312437 3
1573312438 3
1573312439 3
1573312440 3
1573312441 3
1573312442 2
1573312443 2
1573312444 2
1573312445 2
1573312446 2
1573312447 3
1573312448 3
1573312449 3
1573312450 3
1573312451 2
1573312452 2
1573312453 2
1573312454 2
1573312455 2
1573312456 2
1573312457 2
1573312458 2
1573312459 2
1573312460 3
1573312461 4
1573312462 4
1573312463 3
1573312464 2
1573312465 2
1573312466 2
1573312467 2
1573312468 2
1573312469 3
1573312470 2
1573312471 2
1573312472 2
1573312473 2
1573312474 3
1573312475 2
1573312476 2
1573312477 2
1573312478 3
1573312479 2
1573312480 2
1573312481 2
1573312482 2
1573312483 2
1573312484 2
1573312485 2
1573312486 2
1573312487 2
1573312488 2
1573312489 2
1573312490 3
1573312491 5
1573312492 4
1573312493 4
1573312494 3
1573312495 2
1573312496 2
1573312497 2
1573312498 2
1573312499 2
1573312500 2
1573312501 2
1573312502 2
1573312503 2
1573312504 2
1573312505 3
1573312506 2
1573312507 3
1573312508 4
1573312509 4
1573312510 2
1573312511 2
1573312512 2
1573312513 2
1573312514 2
1573312515 2
1573312516 2
1573312517 2
1573312518 2
1573312519 3
1573312520 4
1573312521 4
1573312522 4
1573312523 4
1573312524 3
1573312525 2
1573312526 2
1573312527 2
1573312528 2
1573312529 2
1573312530 2
1573312531 2
1573312532 2
1573312533 2
1573312534 2
1573312535 3
1573312536 3
1573312537 3
1573312538 2
1573312539 2
1573312540 2
1573312541 2
1573312542 2
1573312543 3
1573312544 3
1573312545 3
1573312546 3
1573312547 4
1573312548 5
1573312549 5
1573312550 4
1573312551 4
1573312552 4
1573312553 4
1573312554 4
1573312555 4
1573312556 5
1573312557 5
1573312558 5
1573312559 4
1573312560 2
1573312561 2
1573312562 2
1573312563 2
1573312564 2
1573312565 1
1573312566 1
1573312567 1
1573312568 1
1573312569 1
1573312570 4
1573312571 3
1573312572 4
1573312573 2
1573312574 3
1573312575 3
1573312576 3
1573312577 2
1573312578 2
1573312579 1
1573312580 2
1573312581 2
1573312582 2
1573312583 2
1573312584 3
1573312585 2
1573312586 2
1573312587 2
1573312588 2
1573312589 3
1573312590 2
1573312591 2
1573312592 2
1573312593 2
1573312594 2
1573312595 2
1573312596 3
1573312597 3
1573312598 3
1573312599 3
1573312600 3
1573312601 5
1573312602 5
1573312603 6
1573312604 4
1573312605 4
1573312606 4
1573312607 4
1573312608 4
1573312609 2
1573312610 2
1573312611 3
1573312612 2
1573312613 2
1573312614 2
1573312615 2
1573312616 3
1573312617 2
1573312618 2
1573312619 1
1573312620 1
1573312621 1
1573312622 1
1573312623 2
1573312624 2
1573312625 2
1573312626 2
1573312627 3
1573312628 2
1573312629 1
1573312630 1
1573312631 1
1573312632 1
1573312633 1
1573312634 1
1573312638 1
1573312639 1
1573312640 2
1573312641 2
1573312642 2
1573312643 3
1573312644 3
1573312645 3
1573312646 4
1573312647 3
1573312648 2
1573312649 5
1573312650 5
1573312651 4
1573312652 4
1573312653 3
1573312654 3
1573312655 2
1573312656 2
1573312657 2
1573312658 4
1573312659 3
1573312660 3
1573312661 3
1573312662 3
1573312663 3
1573312664 3
1573312665 3
1573312666 3
1573312667 3
1573312668 3
1573312669 3
1573312670 3
1573312757 3
1573312758 3
1573312759 3
1573312760 3
1573312761 3
1573312762 3
1573312763 3
1573312764 3
1573312765 3
1573312766 2
1573312767 2
1573312768 2
1573312769 2
1573312770 3
1573312771 3
1573312772 3
1573312773 3
1573312774 4
1573312775 5
1573312776 3
1573312777 4
1573312778 3
1573312779 4
1573312780 4
1573312781 3
1573312782 3
1573312783 4
1573312784 4
1573312785 3
1573312786 2
1573312787 2
1573312788 1
1573312789 1
1573312790 1
1573312791 2
1573312792 3
1573312793 3
1573312794 3
1573312795 3
1573312796 3
1573312797 3
1573312798 3
1573312799 4
1573312800 4
1573312801 3
1573312802 2
1573312803 1
1573312804 1
1573312805 1
1573312806 1
1573312807 2
1573312808 2
1573312809 2
1573312810 2
1573312811 2
1573312812 2
1573312813 2
1573312814 3
1573312815 3
1573312816 3
1573312817 4
1573312818 4
1573312819 4
1573312820 4
1573312821 5
1573312822 4
1573312823 3
1573312824 3
1573312825 3
1573312826 3
1573312827 3
1573312828 3
1573312829 2
1573312830 2
1573312831 2
1573312832 2
1573312833 3
1573312834 3
1573312835 2
1573312836 2
1573312837 3
1573312838 3
1573312839 3
1573312840 3
1573312841 3
1573312842 2
1573312843 2
1573312844 3
1573312845 4
1573312846 3
1573312847 3
1573312848 3
1573312849 3
1573312850 4
1573312851 3
1573312852 3
1573312853 3
1573312854 2
1573312855 2
1573312856 3
1573312857 3
1573312858 2
1573312859 2
1573312860 2
1573312861 3
1573312862 4
1573312863 6
1573312864 5
1573312865 5
1573312866 5
1573312867 5
1573312868 5
1573312869 5
1573312870 5
1573312871 4
1573312872 4
1573312873 4
1573312874 4
1573312875 3
1573312876 3
1573312877 3
1573312878 3
1573312879 2
1573312880 2
1573312881 2
1573312882 2
1573312883 2
1573312884 3
1573312885 3
1573312886 2
1573312887 2
1573312888 2
1573312889 2
1573312890 2
1573312891 2
1573312892 2
1573312893 2
1573312894 2
1573312895 1
1573312896 3
1573312897 3
1573312898 2
1573312899 4
1573312900 4
1573312901 5
1573312902 4
1573312903 2
1573312904 2
1573312905 2
1573312906 2
1573312907 2
1573312908 2
1573312909 2
1573312910 2
1573312911 2
1573312912 3
1573312913 2
1573312914 3
1573312915 2
1573312916 2
1573312917 2
1573312918 2
1573312919 2
1573312920 2
1573312921 2
1573312922 2
1573312923 2
1573312924 2
1573312925 3
1573312926 2
1573312927 3
1573312928 4
1573312929 4
1573312930 5
1573312931 4
1573312932 2
1573312933 2
1573312934 2
1573312935 2
1573312936 2
1573312937 2
1573312938 2
1573312939 2
1573312940 2
1573312941 2
1573312942 2
1573312943 3
1573312944 2
1573312945 2
1573312946 2
1573312947 2
1573312948 2
1573312949 2
1573312950 2
1573312951 2
1573312952 2
1573312953 2
1573312954 2
1573312955 2
1573312956 3
1573312957 2
1573312958 4
1573312959 4
1573312960 4
1573312961 3
1573312962 3
1573312963 2
1573312964 2
1573312965 2
1573312966 2
1573312967 2
1573312968 3
1573312969 4
1573312970 3
1573312971 3
1573312972 2
1573312973 2
1573312974 3
1573312975 2
1573312976 2
1573312977 2
1573312978 2
1573312979 2
1573312980 2
1573312981 2
1573312982 3
1573312983 3
1573312984 3
1573312985 3
1573312986 4
1573312987 2
1573312988 4
1573312989 4
1573312990 4
1573312991 3
1573312992 3
1573312993 3
1573312994 3
1573312995 2
1573312996 2
1573312997 2
1573312998 2
1573312999 2
1573313000 2
1573313001 2
1573313002 2
1573313003 2
1573313004 2
1573313005 2
1573313006 2
1573313007 2
1573313008 2
1573313009 2
1573313010 3
1573313011 4
1573313012 4
1573313013 4
1573313014 5
1573313015 5
1573313016 5
1573313017 5
1573313018 4
1573313019 4
1573313020 4
1573313021 4
1573313022 4
1573313023 4
1573313024 4
1573313025 4
1573313026 3
1573313027 2
1573313028 2
1573313029 2
1573313030 2
1573313031 2
1573313032 2
1573313033 2
1573313034 2
1573313035 2
1573313036 2
1573313037 2
1573313038 2
1573313039 2
1573313040 2
1573313041 2
1573313042 2
1573313043 3
1573313044 3
1573313045 5
1573313046 4
1573313047 4
1573313048 4
1573313049 4
1573313050 3
1573313051 3
1573313052 3
1573313053 3
1573313054 3
1573313055 3
1573313056 2
1573313057 2
1573313058 2
1573313059 2
1573313060 3
1573313061 3
1573313062 3
1573313063 2
1573313064 3
1573313065 2
1573313066 2
1573313067 2
1573313068 2
1573313069 2
1573313070 2
1573313071 2
1573313072 2
1573313073 2
1573313074 3
1573313075 4
1573313076 4
1573313077 4
1573313078 3
1573313079 2
1573313080 2
1573313081 2
1573313082 2
1573313083 2
1573313084 2
1573313085 2
1573313086 2
1573313087 2
1573313088 3
1573313089 2
1573313090 2
1573313091 2
1573313092 2
1573313093 2
1573313094 2
1573313095 2
1573313096 2
1573313097 2
1573313098 2
1573313099 2
1573313100 2
1573313101 2
1573313102 2
1573313103 2
1573313104 2
1573313105 2
1573313106 3
1573313107 5
1573313108 4
1573313109 4
1573313110 2
1573313111 2
1573313112 2
1573313113 2
1573313114 2
1573313115 2
1573313116 2
1573313117 2
1573313118 2
1573313119 2
1573313120 2
1573313121 3
1573313122 2
1573313123 2
1573313124 2
1573313125 2
1573313126 2
1573313127 2
1573313128 2
1573313129 2
1573313130 2
1573313131 2
1573313132 2
1573313133 2
1573313134 2
1573313135 2
1573313136 2
1573313137 5
1573313138 4
1573313139 4
1573313140 4
1573313141 3
1573313142 2
1573313143 2
1573313144 2
1573313145 2
1573313146 2
1573313147 2
1573313148 2
1573313149 4
1573313150 3
1573313151 3
1573313152 3
1573313153 4
1573313154 3
1573313155 2
1573313156 2
1573313157 2
1573313158 2
1573313159 2
1573313160 2
1573313161 3
1573313162 3
1573313163 3
1573313164 3
1573313165 4
1573313166 3
1573313167 4
1573313168 4
1573313169 4
1573313170 4
1573313171 4
1573313172 4
1573313173 4
1573313174 4
1573313175 4
1573313176 5
1573313177 5
1573313178 4
1573313179 3
1573313180 2
1573313181 2
1573313182 2
1573313183 2
1573313184 1
1573313185 1
1573313186 1
1573313187 1
1573313188 1
1573313189 2
1573313190 2
1573313191 2
1573313192 3
1573313193 3
1573313194 3
1573313195 3
1573313196 3
1573313197 3
1573313198 1
1573313199 2
1573313200 2
1573313201 2
1573313202 2
1573313203 3
1573313204 3
1573313205 3
1573313206 2
1573313207 2
1573313208 3
1573313209 2
1573313210 2
1573313211 2
1573313212 2
1573313213 2
1573313214 2
1573313215 3
1573313216 3
1573313217 3
1573313218 3
1573313219 3
1573313220 4
1573313221 3
1573313222 5
1573313223 3
1573313224 3
1573313225 3
1573313226 3
1573313227 3
1573313228 3
1573313229 3
1573313230 2
1573313231 2
1573313232 2
1573313233 2
1573313234 2
1573313235 2
1573313236 2
1573313237 1
1573313238 1
1573313239 1
1573313240 1
1573313241 1
1573313242 2
1573313243 2
1573313244 2
1573313245 3
1573313246 2
1573313247 2
1573313248 2
1573313249 2
1573313250 3
1573313251 2
1573313252 3
1573313253 3
1573313254 1
1573313255 1
1573313257 1
1573313258 1
1573313259 1
1573313260 2
1573313261 2
1573313262 2
1573313263 4
1573313264 5
1573313265 5
1573313266 4
1573313267 4
1573313268 5
1573313269 5
1573313270 4
1573313271 6
1573313272 3
1573313273 3
1573313274 2
1573313275 2
1573313276 3
1573313277 3
1573313278 4
1573313279 4
1573313280 3
1573313281 3
1573313282 3
1573313283 3
1573313284 3
1573313285 3
1573313286 3
1573313287 3
1573313288 3
1573313289 3
1573313379 3
1573313380 3
1573313381 3
1573313382 3
1573313383 3
1573313384 3
1573313385 3
1573313386 3
1573313387 3
1573313388 3
1573313389 3
1573313390 2
1573313391 2
1573313392 3
1573313393 4
1573313394 3
1573313395 3
1573313396 4
1573313397 4
1573313398 5
1573313399 4
1573313400 4
1573313401 3
1573313402 3
1573313403 3
1573313404 3
1573313405 3
1573313406 3
1573313407 2
1573313408 2
1573313409 1
1573313410 2
1573313411 2
1573313412 1
1573313413 2
1573313414 3
1573313415 3
1573313416 4
1573313417 4
1573313418 5
1573313419 4
1573313420 5
1573313421 5
1573313422 1
1573313423 2
1573313424 3
1573313425 2
1573313426 2
1573313427 1
1573313428 2
1573313429 1
1573313430 1
1573313431 1
1573313432 2
1573313433 3
1573313434 3
1573313435 2
1573313436 2
1573313437 3
1573313438 2
1573313439 2
1573313440 3
1573313441 3
1573313442 3
1573313443 4
1573313444 3
1573313445 3
1573313446 5
1573313447 6
1573313448 5
1573313449 3
1573313450 4
1573313451 4
1573313452 4
1573313453 2
1573313454 2
1573313455 2
1573313456 2
1573313457 2
1573313458 2
1573313459 2
1573313460 2
1573313461 2
1573313462 2
1573313463 3
1573313464 2
1573313465 2
1573313466 2
1573313467 2
1573313468 2
1573313469 2
1573313470 2
1573313471 3
1573313472 3
1573313473 3
1573313474 3
1573313475 3
1573313476 2
1573313477 2
1573313478 2
1573313479 1
1573313480 1
1573313481 1
1573313482 1
1573313483 2
1573313484 2
1573313485 2
1573313486 2
1573313487 2
1573313488 2
1573313489 5
1573313490 5
1573313491 5
1573313492 6
1573313493 5
1573313494 5
1573313495 6
1573313496 5
1573313497 4
1573313498 5
1573313499 5
1573313500 4
1573313501 5
1573313502 3
1573313503 3
1573313504 3
1573313505 3
1573313506 3
1573313507 2
1573313508 2
1573313509 2
1573313510 2
1573313511 2
1573313512 3
1573313513 3
1573313514 2
1573313515 2
1573313516 3
1573313517 3
1573313518 2
1573313519 2
1573313520 2
1573313521 2
1573313522 2
1573313523 2
1573313524 3
1573313525 2
1573313526 4
1573313527 4
1573313528 4
1573313529 3
1573313530 4
1573313531 2
1573313532 2
1573313533 2
1573313534 3
1573313535 2
1573313536 2
1573313537 2
1573313538 3
1573313539 2
1573313540 3
1573313541 2
1573313542 2
1573313543 2
1573313544 2
1573313545 2
1573313546 2
1573313547 2
1573313548 2
1573313549 2
1573313550 2
1573313551 2
1573313552 2
1573313553 3
1573313554 2
1573313555 4
1573313556 5
1573313557 4
1573313558 3
1573313559 3
1573313560 2
1573313561 2
1573313562 2
1573313563 2
1573313564 2
1573313565 2
1573313566 2
1573313567 2
1573313568 2
1573313569 2
1573313570 2
1573313571 3
1573313572 2
1573313573 2
1573313574 2
1573313575 3
1573313576 2
1573313577 2
1573313578 2
1573313579 2
1573313580 2
1573313581 2
1573313582 2
1573313583 2
1573313584 3
1573313585 2
1573313586 4
1573313587 4
1573313588 5
1573313589 4
1573313590 2
1573313591 2
1573313592 2
1573313593 2
1573313594 2
1573313595 2
1573313596 2
1573313597 2
1573313598 3
1573313599 2
1573313600 3
1573313601 3
1573313602 3
1573313603 2
1573313604 2
1573313605 2
1573313606 2
1573313607 2
1573313608 3
1573313609 3
1573313610 3
1573313611 3
1573313612 4
1573313613 4
1573313614 5
1573313615 4
1573313616 4
1573313617 4
1573313618 4
1573313619 3
1573313620 2
1573313621 2
1573313622 2
1573313623 2
1573313624 2
1573313625 2
1573313626 2
1573313627 2
1573313628 2
1573313629 2
1573313630 2
1573313631 2
1573313632 2
1573313633 2
1573313634 2
1573313635 2
1573313636 3
1573313637 4
1573313638 4
1573313639 4
1573313640 5
1573313641 5
1573313642 5
1573313643 5
1573313644 5
1573313645 5
1573313646 4
1573313647 4
1573313648 4
1573313649 5
1573313650 5
1573313651 5
1573313652 4
1573313653 3
1573313654 2
1573313655 2
1573313656 2
1573313657 2
1573313658 2
1573313659 2
1573313660 2
1573313661 2
1573313662 2
1573313663 2
1573313664 2
1573313665 2
1573313666 2
1573313667 2
1573313668 2
1573313669 3
1573313670 3
1573313671 5
1573313672 4
1573313673 4
1573313674 4
1573313675 4
1573313676 3
1573313677 3
1573313678 3
1573313679 3
1573313680 3
1573313681 2
1573313682 2
1573313683 2
1573313684 2
1573313685 2
1573313686 3
1573313687 3
1573313688 3
1573313689 3
1573313690 2
1573313691 3
1573313692 2
1573313693 2
1573313694 2
1573313695 2
1573313696 2
1573313697 2
1573313698 2
1573313699 2
1573313700 2
1573313701 4
1573313702 4
1573313703 4
1573313704 4
1573313705 3
1573313706 2
1573313707 2
1573313708 2
1573313709 2
1573313710 2
1573313711 2
1573313712 2
1573313713 2
1573313714 3
1573313715 2
1573313716 2
1573313717 2
1573313718 2
1573313719 3
1573313720 3
1573313721 2
1573313722 2
1573313723 2
1573313724 2
1573313725 2
1573313726 2
1573313727 2
1573313728 2
1573313729 2
1573313730 2
1573313731 2
1573313732 4
1573313733 5
1573313734 4
1573313735 4
1573313736 3
1573313737 2
1573313738 2
1573313739 2
1573313740 2
1573313741 2
1573313742 2
1573313743 2
1573313744 2
1573313745 2
1573313746 2
1573313747 2
1573313748 3
1573313749 2
1573313750 2
1573313751 3
1573313752 3
1573313753 2
1573313754 2
1573313755 2
1573313756 2
1573313757 2
1573313758 2
1573313759 2
1573313760 2
1573313761 3
1573313762 4
1573313763 4
1573313764 4
1573313765 3
1573313766 2
1573313767 2
1573313768 2
1573313769 2
1573313770 2
1573313771 3
1573313772 2
1573313773 3
1573313774 2
1573313775 3
1573313776 3
1573313777 3
1573313778 3
1573313779 2
1573313780 2
1573313781 2
1573313782 2
1573313783 2
1573313784 3
1573313785 3
1573313786 3
1573313787 3
1573313788 4
1573313789 4
1573313790 4
1573313791 4
1573313792 4
1573313793 4
1573313794 4
1573313795 4
1573313796 4
1573313797 4
1573313798 4
1573313799 5
1573313800 6
1573313801 3
1573313802 2
1573313803 2
1573313804 2
1573313805 2
1573313806 2
1573313807 2
1573313808 1
1573313809 1
1573313810 2
1573313811 2
1573313812 2
1573313813 2
1573313814 3
1573313815 2
1573313816 3
1573313817 3
1573313818 3
1573313819 2
1573313820 2
1573313821 3
1573313822 2
1573313823 2
1573313824 2
1573313825 2
1573313826 3
1573313827 2
1573313828 2
1573313829 2
1573313830 2
1573313831 3
1573313832 3
1573313833 2
1573313834 2
1573313835 2
1573313836 2
1573313837 2
1573313838 4
1573313839 3
1573313840 3
1573313841 4
1573313842 4
1573313843 4
1573313844 4
1573313845 4
1573313846 3
1573313847 3
1573313848 3
1573313849 3
1573313850 2
1573313851 3
1573313852 3
1573313853 3
1573313854 2
1573313855 2
1573313856 2
1573313857 2
1573313858 2
1573313859 2
1573313860 2
1573313861 2
1573313862 2
1573313863 2
1573313864 3
1573313865 3
1573313866 3
1573313867 4
1573313868 5
1573313869 6
1573313870 5
1573313871 4
1573313872 4
1573313873 2
1573313874 2
1573313875 1
1573313876 1
1573313877 1
1573313880 1
1573313881 1
1573313882 1
1573313883 2
1573313884 2
1573313885 3
1573313886 3
1573313887 3
1573313888 4
1573313889 4
1573313890 3
1573313891 3
1573313892 5
1573313893 4
1573313894 4
1573313895 3
1573313896 3
1573313897 3
1573313898 2
1573313899 2
1573313900 2
1573313901 3
1573313902 3
1573313903 3
1573313904 3
1573313905 3
1573313906 3
1573313907 3
1573313908 3
1573313909 3
1573313910 4
1573313911 3
1573313912 3
1573314000 3
1573314001 3
1573314002 3
1573314003 3
1573314004 3
1573314005 3
1573314006 4
1573314007 3
1573314008 3
1573314009 3
1573314010 2
1573314011 2
1573314012 2
1573314013 3
1573314014 3
1573314015 3
1573314016 3
1573314017 4
1573314018 6
1573314019 4
1573314020 3
1573314021 3
1573314022 3
1573314023 4
1573314024 3
1573314025 3
1573314026 2
1573314027 2
1573314028 1
1573314029 1
1573314030 1
1573314035 2
1573314036 2
1573314037 1
1573314038 1
1573314039 1
1573314040 1
1573314041 1
1573314042 2
1573314043 3
1573314044 4
1573314045 4
1573314046 4
1573314047 4
1573314048 4
1573314049 4
1573314050 4
1573314051 5
1573314052 5
1573314053 5
1573314054 4
1573314055 4
1573314056 3
1573314057 4
1573314058 3
1573314059 3
1573314060 3
1573314061 3
1573314062 1
1573314063 1
1573314064 2
1573314065 3
1573314066 3
1573314067 2
1573314068 2
1573314069 2
1573314070 3
1573314071 2
1573314072 2
1573314073 3
1573314074 3
1573314075 4
1573314076 3
1573314077 3
1573314078 3
1573314079 4
1573314080 4
1573314081 3
1573314082 3
1573314083 3
1573314084 3
1573314085 2
1573314086 2
1573314087 2
1573314088 2
1573314089 2
1573314090 2
1573314091 3
1573314092 3
1573314093 2
1573314094 2
1573314095 2
1573314096 3
1573314097 2
1573314098 2
1573314099 2
1573314100 2
1573314101 1
1573314102 1
1573314103 3
1573314104 3
1573314105 3
1573314106 2
1573314107 4
1573314108 2
1573314109 2
1573314110 1
1573314111 1
1573314112 1
1573314113 1
1573314114 1
1573314115 2
1573314116 2
1573314117 2
1573314118 2
1573314119 2
1573314120 2
1573314121 3
1573314122 4
1573314123 5
1573314124 6
1573314125 6
1573314126 5
1573314127 5
1573314128 5
1573314129 5
1573314130 5
1573314131 4
1573314132 5
1573314133 3
1573314134 3
1573314135 3
1573314136 3
1573314137 3
1573314138 3
1573314139 3
1573314140 2
1573314141 3
1573314142 2
1573314143 2
1573314144 3
1573314145 3
1573314146 3
1573314147 3
1573314148 2
1573314149 2
1573314150 2
1573314151 2
1573314152 2
1573314153 2
1573314154 2
1573314155 2
1573314156 3
1573314157 2
1573314158 4
1573314159 4
1573314160 4
1573314161 3
1573314162 2
1573314163 2
1573314164 2
1573314165 2
1573314166 2
1573314167 2
1573314168 2
1573314169 2
1573314170 3
1573314171 2
1573314172 3
1573314173 2
1573314174 2
1573314175 2
1573314176 2
1573314177 2
1573314178 2
1573314179 2
1573314180 2
1573314181 2
1573314182 2
1573314183 2
1573314184 2
1573314185 3
1573314186 2
1573314187 3
1573314188 4
1573314189 4
1573314190 6
1573314191 4
1573314192 2
1573314193 2
1573314194 2
1573314195 2
1573314196 2
1573314197 2
1573314198 2
1573314199 2
1573314200 2
1573314201 2
1573314202 2
1573314203 3
1573314204 2
1573314205 2
1573314206 2
1573314207 2
1573314208 2
1573314209 3
1573314210 3
1573314211 2
1573314212 2
1573314213 2
1573314214 2
1573314215 2
1573314216 3
1573314217 2
1573314218 3
1573314219 4
1573314220 4
1573314221 4
1573314222 4
1573314223 2
1573314224 2
1573314225 2
1573314226 2
1573314227 2
1573314228 2
1573314229 3
1573314230 3
1573314231 3
1573314232 2
1573314233 2
1573314234 2
1573314235 3
1573314236 2
1573314237 2
1573314238 2
1573314239 2
1573314240 2
1573314241 3
1573314242 3
1573314243 3
1573314244 3
1573314245 4
1573314246 3
1573314247 4
1573314248 4
1573314249 4
1573314250 4
1573314251 3
1573314252 3
1573314253 2
1573314254 2
1573314255 2
1573314256 2
1573314257 2
1573314258 2
1573314259 2
1573314260 2
1573314261 2
1573314262 2
1573314263 2
1573314264 2
1573314265 2
1573314266 2
1573314267 2
1573314268 2
1573314269 3
1573314270 4
1573314271 4
1573314272 4
1573314273 5
1573314274 5
1573314275 5
1573314276 5
1573314277 5
1573314278 4
1573314279 4
1573314280 4
1573314281 4
1573314282 3
1573314283 2
1573314284 2
1573314285 2
1573314286 2
1573314287 2
1573314288 2
1573314289 2
1573314290 2
1573314291 2
1573314292 2
1573314293 2
1573314294 2
1573314295 2
1573314296 2
1573314297 2
1573314298 2
1573314299 3
1573314300 3
1573314301 5
1573314302 4
1573314303 4
1573314304 4
1573314305 3
1573314306 3
1573314307 3
1573314308 3
1573314309 3
1573314310 3
1573314311 2
1573314312 2
1573314313 2
1573314314 2
1573314315 2
1573314316 3
1573314317 3
1573314318 2
1573314319 3
1573314320 3
1573314321 3
1573314322 3
1573314323 3
1573314324 2
1573314325 2
1573314326 2
1573314327 2
1573314328 2
1573314329 2
1573314330 4
1573314331 4
1573314332 4
1573314333 3
1573314334 2
1573314335 2
1573314336 2
1573314337 3
1573314338 3
1573314339 2
1573314340 2
1573314341 2
1573314342 2
1573314343 2
1573314344 3
1573314345 2
1573314346 2
1573314347 2
1573314348 3
1573314349 2
1573314350 2
1573314351 2
1573314352 2
1573314353 2
1573314354 2
1573314355 2
1573314356 2
1573314357 2
1573314358 2
1573314359 2
1573314360 2
1573314361 6
1573314362 4
1573314363 4
1573314364 3
1573314365 3
1573314366 2
1573314367 2
1573314368 2
1573314369 2
1573314370 2
1573314371 2
1573314372 2
1573314373 2
1573314374 2
1573314375 3
1573314376 2
1573314377 3
1573314378 2
1573314379 3
1573314380 3
1573314381 2
1573314382 2
1573314383 2
1573314384 2
1573314385 2
1573314386 2
1573314387 2
1573314388 2
1573314389 2
1573314390 5
1573314391 4
1573314392 4
1573314393 4
1573314394 2
1573314395 2
1573314396 2
1573314397 2
1573314398 2
1573314399 2
1573314400 2
1573314401 2
1573314402 3
1573314403 2
1573314404 4
1573314405 3
1573314406 4
1573314407 3
1573314408 2
1573314409 2
1573314410 2
1573314411 2
1573314412 3
1573314413 3
1573314414 3
1573314415 3
1573314416 4
1573314417 3
1573314418 5
1573314419 4
1573314420 4
1573314421 4
1573314422 4
1573314423 4
1573314424 4
1573314425 4
1573314426 4
1573314427 6
1573314428 6
1573314429 4
1573314430 3
1573314431 3
1573314432 2
1573314433 2
1573314434 2
1573314435 1
1573314436 1
1573314437 1
1573314438 1
1573314439 1
1573314440 2
1573314441 2
1573314442 2
1573314443 2
1573314444 3
1573314445 3
1573314446 2
1573314447 2
1573314448 1
1573314449 1
1573314450 2
1573314451 2
1573314452 2
1573314453 2
1573314454 3
1573314455 2
1573314456 2
1573314457 2
1573314458 2
1573314459 2
1573314460 2
1573314461 2
1573314462 2
1573314463 2
1573314464 2
1573314465 2
1573314466 3
1573314467 3
1573314468 4
1573314469 4
1573314470 3
1573314471 4
1573314472 4
1573314473 6
1573314474 3
1573314475 3
1573314476 3
1573314477 3
1573314478 3
1573314479 2
1573314480 2
1573314481 2
1573314482 2
1573314483 2
1573314484 2
1573314485 3
1573314486 2
1573314487 2
1573314488 2
1573314489 1
1573314490 1
1573314491 1
1573314492 1
1573314493 2
1573314494 2
1573314495 3
1573314496 4
1573314497 4
1573314498 2
1573314499 2
1573314500 1
1573314501 2
1573314502 1
1573314503 1
1573314507 1
1573314508 1
1573314509 1
1573314510 2
1573314511 2
1573314512 3
1573314513 3
1573314514 3
1573314515 3
1573314516 3
1573314517 3
1573314518 3
1573314519 5
1573314520 4
1573314521 4
1573314522 3
1573314523 3
1573314524 3
1573314525 2
1573314526 2
1573314527 2
1573314528 2
1573314529 3
1573314530 3
1573314531 4
1573314532 4
1573314533 4
1573314534 4
1573314535 4
1573314536 4
1573314537 4
1573314538 4
1573314539 4
1573314540 5
1573314629 3
1573314630 3
1573314631 3
1573314632 3
1573314633 3
1573314634 3
1573314635 3
1573314636 3
1573314637 3
1573314638 2
1573314639 3
1573314640 2
1573314641 3
1573314642 4
1573314643 3
1573314644 3
1573314645 4
1573314646 4
1573314647 6
1573314648 4
1573314649 3
1573314650 2
1573314651 4
1573314652 4
1573314653 3
1573314654 2
1573314655 3
1573314656 3
1573314657 3
1573314658 2
1573314659 1
1573314660 1
1573314663 1
1573314664 2
1573314665 2
1573314666 2
1573314667 1
1573314668 1
1573314669 1
1573314670 1
1573314671 1
1573314672 2
1573314673 3
1573314674 3
1573314675 2
1573314676 1
1573314677 1
1573314678 1
1573314679 1
1573314680 2
1573314681 3
1573314682 2
1573314683 2
1573314684 2
1573314685 2
1573314686 2
1573314687 2
1573314688 3
1573314689 3
1573314690 3
1573314691 4
1573314692 4
1573314693 4
1573314694 5
1573314695 5
1573314696 4
1573314697 4
1573314698 4
1573314699 4
1573314700 3
1573314701 3
1573314702 2
1573314703 3
1573314704 2
1573314705 2
1573314706 2
1573314707 3
1573314708 2
1573314709 2
1573314710 2
1573314711 3
1573314712 3
1573314713 2
1573314714 2
1573314715 2
1573314716 2
1573314717 1
1573314718 2
1573314719 3
1573314720 3
1573314721 3
1573314722 2
1573314723 3
1573314724 3
1573314725 2
1573314726 1
1573314727 1
1573314728 1
1573314729 1
1573314730 1
1573314731 2
1573314732 2
1573314733 2
1573314734 2
1573314735 2
1573314736 2
1573314737 5
1573314738 5
1573314739 5
1573314740 6
1573314741 5
1573314742 5
1573314743 5
1573314744 5
1573314745 4
1573314746 4
1573314747 4
1573314748 5
1573314749 4
1573314750 3
1573314751 3
1573314752 3
1573314753 2
1573314754 2
1573314755 2
1573314756 2
1573314757 2
1573314758 2
1573314759 3
1573314760 3
1573314761 2
1573314762 2
1573314763 2
1573314764 2
1573314765 2
1573314766 2
1573314767 2
1573314768 2
1573314769 2
1573314770 2
1573314771 3
1573314772 2
1573314773 4
1573314774 4
1573314775 4
1573314776 4
1573314777 3
1573314778 2
1573314779 2
1573314780 2
1573314781 2
1573314782 2
1573314783 2
1573314784 2
1573314785 3
1573314786 2
1573314787 2
1573314788 2
1573314789 3
1573314790 2
1573314791 2
1573314792 2
1573314793 2
1573314794 2
1573314795 2
1573314796 2
1573314797 2
1573314798 2
1573314799 2
1573314800 4
1573314801 2
1573314802 4
1573314803 4
1573314804 4
1573314805 3
1573314806 3
1573314807 2
1573314808 2
1573314809 2
1573314810 2
1573314811 2
1573314812 2
1573314813 2
1573314814 2
1573314815 2
1573314816 2
1573314817 3
1573314818 2
1573314819 2
1573314820 2
1573314821 2
1573314822 2
1573314823 2
1573314824 2
1573314825 2
1573314826 2
1573314827 2
1573314828 2
1573314829 2
1573314830 3
1573314831 2
1573314832 4
1573314833 4
1573314834 4
1573314835 3
1573314836 2
1573314837 2
1573314838 2
1573314839 2
1573314840 2
1573314841 2
1573314842 2
1573314843 2
1573314844 4
1573314845 3
1573314846 3
1573314847 3
1573314848 2
1573314849 2
1573314850 2
1573314851 2
1573314852 2
1573314853 2
1573314854 3
1573314855 3
1573314856 3
1573314857 3
1573314858 4
1573314859 3
1573314860 4
1573314861 4
1573314862 4
1573314863 3
1573314864 3
1573314865 3
1573314866 3
1573314867 2
1573314868 2
1573314869 2
1573314870 2
1573314871 2
1573314872 2
1573314873 2
1573314874 2
1573314875 2
1573314876 2
1573314877 2
1573314878 2
1573314879 2
1573314880 2
1573314881 2
1573314882 3
1573314883 4
1573314884 4
1573314885 4
1573314886 5
1573314887 5
1573314888 5
1573314889 5
1573314890 5
1573314891 5
1573314892 4
1573314893 4
1573314894 4
1573314895 4
1573314896 4
1573314897 3
1573314898 2
1573314899 2
1573314900 2
1573314901 2
1573314902 2
1573314903 2
1573314904 2
1573314905 2
1573314906 2
1573314907 2
1573314908 2
1573314909 2
1573314910 2
1573314911 2
1573314912 2
1573314913 2
1573314914 3
1573314915 3
1573314916 5
1573314917 4
1573314918 4
1573314919 4
1573314920 4
1573314921 3
1573314922 3
1573314923 3
1573314924 3
1573314925 3
1573314926 3
1573314927 2
1573314928 2
1573314929 2
1573314930 3
1573314931 3
1573314932 3
1573314933 3
1573314934 3
1573314935 3
1573314936 2
1573314937 2
1573314938 2
1573314939 2
1573314940 2
1573314941 2
1573314942 2
1573314943 2
1573314944 5
1573314945 4
1573314946 4
1573314947 3
1573314948 2
1573314949 2
1573314950 2
1573314951 2
1573314952 2
1573314953 2
1573314954 2
1573314955 2
1573314956 2
1573314957 3
1573314958 2
1573314959 2
1573314960 2
1573314961 2
1573314962 2
1573314963 2
1573314964 3
1573314965 2
1573314966 2
1573314967 2
1573314968 2
1573314969 2
1573314970 2
1573314971 2
1573314972 2
1573314973 2
1573314974 6
1573314975 4
1573314976 4
1573314977 4
1573314978 2
1573314979 2
1573314980 2
1573314981 2
1573314982 2
1573314983 2
1573314984 2
1573314985 2
1573314986 2
1573314987 2
1573314988 3
1573314989 2
1573314990 3
1573314991 3
1573314992 3
1573314993 2
1573314994 2
1573314995 2
1573314996 2
1573314997 2
1573314998 2
1573314999 2
1573315000 2
1573315001 2
1573315002 2
1573315003 5
1573315004 4
1573315005 4
1573315006 3
1573315007 3
1573315008 2
1573315009 2
1573315010 2
1573315011 2
1573315012 2
1573315013 2
1573315014 2
1573315015 3
1573315016 3
1573315017 2
1573315018 2
1573315019 3
1573315020 3
1573315021 2
1573315022 2
1573315023 2
1573315024 2
1573315025 2
1573315026 2
1573315027 3
1573315028 3
1573315029 3
1573315030 4
1573315031 3
1573315032 4
1573315033 4
1573315034 4
1573315035 4
1573315036 4
1573315037 4
1573315038 4
1573315039 4
1573315040 4
1573315041 4
1573315042 4
1573315043 5
1573315044 5
1573315045 4
1573315046 3
1573315047 2
1573315048 2
1573315049 2
1573315050 2
1573315051 1
1573315052 1
1573315053 1
1573315054 1
1573315055 1
1573315056 1
1573315057 2
1573315058 2
1573315059 3
1573315060 4
1573315061 3
1573315062 3
1573315063 3
1573315064 3
1573315065 1
1573315066 2
1573315067 2
1573315068 2
1573315069 2
1573315070 3
1573315071 3
1573315072 3
1573315073 2
1573315074 2
1573315075 2
1573315076 2
1573315077 2
1573315078 2
1573315079 2
1573315080 2
1573315081 2
1573315082 3
1573315083 4
1573315084 3
1573315085 4
1573315086 3
1573315087 3
1573315088 4
1573315089 4
1573315090 3
1573315091 3
1573315092 3
1573315093 3
1573315094 3
1573315095 3
1573315096 3
1573315097 3
1573315098 2
1573315099 2
1573315100 2
1573315101 2
1573315102 2
1573315103 2
1573315104 1
1573315105 1
1573315106 1
1573315107 1
1573315108 2
1573315109 2
1573315110 2
1573315111 4
1573315112 4
1573315113 4
1573315114 3
1573315115 2
1573315116 1
1573315117 1
1573315118 1
1573315119 1
1573315123 1
1573315124 1
1573315125 1
1573315126 2
1573315127 2
1573315128 2
1573315129 3
1573315130 4
1573315131 4
1573315132 3
1573315133 3
1573315134 3
1573315135 5
1573315136 4
1573315137 4
1573315138 3
1573315139 3
1573315140 3
1573315141 2
1573315142 2
1573315143 2
1573315144 3
1573315145 4
1573315146 4
1573315147 4
1573315148 5
1573315149 5
1573315150 4
1573315151 6
1573315152 3
