1582185132 3.723786587
1582185312 3.647079639
1582186044 3.451796327
1582186204 3.206190633
1582186940 3.437094117
1582187900 3.346810206
1582188061 3.159299283
1582188219 3.524776786
1582188379 4.096850566
1582193831 3.010003826
1582193994 3.460355219
1582194158 3.252860399
1582194314 3.202985572
1582194475 3.638872255
1582194640 3.348711321
1582194805 3.446353377
1582194969 3.204273239
1582195129 3.335698474
1582195293 3.042607487
1582195787 3.416679904
1582195946 3.362597032
1582196104 3.155663845
1582196263 3.017145184
1582196423 3.422945762
1582196581 3.904050625
1582196739 3.678162642
1582196900 2.984491116
1582197062 2.946816537
1582197229 3.745622801
1582197385 2.515608725
1582197561 3.361201284
1582197721 3.162486217
1582197879 3.136546418
1582198038 3.493245632
1582198194 3.162042045
1582198356 3.461158678
1582198514 3.247109789
1582198793 3.059688542
1582199146 4.286126014
