1579351848 8
1579351849 10
1579351850 13
1579351851 8
1579351852 7
1579351853 9
1579351854 7
1579351855 7
1579351856 5
1579351857 6
1579351858 6
1579351859 6
1579351860 7
1579351861 7
1579351862 7
1579351863 6
1579351864 4
1579352008 9
1579352009 12
1579352010 11
1579352011 8
1579352012 10
1579352013 10
1579352014 11
1579352015 7
1579352016 8
1579352017 10
1579352018 9
1579352019 10
1579352020 9
1579352021 7
1579352022 6
1579352023 4
1579352024 3
1579352025 2
1579352330 12
1579352331 10
1579352332 9
1579352333 8
1579352334 9
1579352335 10
1579352336 11
1579352337 9
1579352338 7
1579352339 9
1579352340 7
1579352341 7
1579352342 8
1579352343 8
1579352344 6
1579352345 5
1579352346 5
1579352347 3
1579352668 10
1579352669 6
1579352670 5
1579352825 6
1579352826 5
1579352827 4
1579352828 3
1579352829 3
1579352830 3
1579352831 2
1579352990 7
1579352991 6
1579352992 6
1579352993 4
1579352994 4
1579352995 3
1579353138 10
1579353139 9
1579353140 10
1579353141 12
1579353142 7
1579353143 8
1579353144 8
1579353145 11
1579353146 9
1579353147 8
1579353148 6
1579353149 7
1579353150 7
1579353151 7
1579353152 5
1579353153 5
1579353154 5
1579353155 4
1579353156 4
1579353157 3
1579353158 2
1579354006 8
1579354007 9
1579354008 7
1579354009 11
1579354010 10
1579354011 10
1579354012 8
1579354013 7
1579354014 7
1579354015 5
1579354016 5
1579354017 7
1579354018 6
1579354019 5
1579354020 5
1579354021 5
1579354022 4
1579354023 3
