1575556624 6
1575556625 7
1575556626 5
1575556627 5
1575556628 4
1575556629 3
1575556948 9
1575556949 7
1575556950 6
1575556951 6
1575556952 7
1575556953 6
1575556954 8
1575556955 10
1575556956 7
1575556957 6
1575556958 6
1575556959 5
1575556960 10
1575556961 9
1575556962 6
1575556963 5
1575556964 4
1575556965 2
1575557131 8
1575557132 5
1575557133 7
1575557134 7
1575557135 9
1575557136 9
1575557137 8
1575557138 6
1575557139 4
1575557140 5
1575557141 5
1575557142 5
1575557143 6
1575557144 4
1575557145 4
1575557146 3
1575557147 1
1575557303 9
1575557304 6
1575557305 8
1575557306 7
1575557307 8
1575557308 10
1575557309 7
1575557310 5
1575557311 3
1575557312 4
1575557313 5
1575557314 6
1575557315 5
1575557316 4
1575557317 4
1575557318 4
1575557319 4
1575557485 8
1575557486 5
1575557487 7
1575557488 4
1575557489 9
1575557490 11
1575557491 10
1575557492 10
1575557493 8
1575557494 7
1575557495 7
1575557496 7
1575557497 8
1575557498 5
1575557499 5
1575557500 2
1575557672 5
1575557673 5
1575557674 5
1575557675 4
1575557676 4
1575557677 4
1575557678 4
1575557679 4
1575557680 3
1575558478 9
1575558479 9
1575558480 11
1575558481 7
1575558482 12
1575558483 11
1575558484 10
1575558485 10
1575558486 7
1575558487 7
1575558488 6
1575558489 8
1575558490 9
1575558491 6
1575558492 5
1575558493 3
