1582185336 6
1582185337 6
1582185338 6
1582185339 6
1582185340 6
1582185341 6
1582185342 6
1582185343 6
1582185344 6
1582185345 6
1582185346 6
1582185347 6
1582185348 6
1582185349 6
1582185350 6
1582185351 6
1582185352 6
1582185353 6
1582185354 6
1582185355 6
1582185356 6
1582185357 6
1582185358 6
1582185359 6
1582185360 6
1582185361 6
1582185362 6
1582185363 6
1582185364 6
1582185365 6
1582185366 6
1582185367 6
1582185368 6
1582185369 5
1582185370 5
1582185371 5
1582185372 6
1582185373 5
1582185374 5
1582185375 4
1582185376 3
1582185377 2
1582186212 12
1582186213 13
1582186214 9
1582186215 12
1582186216 8
1582186217 9
1582186218 8
1582186219 10
1582186220 10
1582186221 9
1582186222 10
1582186223 6
1582186224 5
1582186225 3
1582186961 5
1582186962 4
1582186963 3
1582186964 2
1582187909 11
1582187910 12
1582187911 14
1582187912 10
1582187913 9
1582187914 10
1582187915 10
1582187916 10
1582187917 9
1582187918 9
1582187919 9
1582187920 8
1582187921 8
1582187922 5
1582187923 4
1582187924 3
1582188070 9
1582188071 8
1582188072 12
1582188073 6
1582188074 10
1582188075 8
1582188076 7
1582188077 9
1582188078 8
1582188079 9
1582188080 9
1582188081 9
1582188082 9
1582188083 4
1582188084 3
1582188085 1
1582188241 8
1582188242 6
1582188243 6
1582188244 4
1582188245 2
1582188399 8
1582188400 3
1582188401 5
1582193838 11
1582193839 10
1582193840 11
1582193841 13
1582193842 6
1582193843 7
1582193844 9
1582193845 10
1582193846 7
1582193847 7
1582193848 7
1582193849 6
1582193850 6
1582193851 6
1582193852 4
1582193853 4
1582193854 4
1582193855 3
1582193856 3
1582193857 3
1582194014 6
1582194015 5
1582194016 5
1582194017 2
1582194018 1
1582194166 14
1582194167 8
1582194168 8
1582194169 10
1582194170 7
1582194171 8
1582194172 9
1582194173 8
1582194174 10
1582194175 8
1582194176 9
1582194177 8
1582194178 6
1582194179 3
1582194335 7
1582194336 5
1582194337 5
1582194338 4
1582194339 4
1582194340 4
1582194341 2
1582194484 12
1582194485 9
1582194486 13
1582194487 8
1582194488 11
1582194489 10
1582194490 10
1582194491 9
1582194492 6
1582194493 7
1582194494 7
1582194495 8
1582194496 9
1582194497 5
1582194498 5
1582194499 4
1582194500 5
1582194501 5
1582194502 4
1582194503 3
1582194648 7
1582194649 7
1582194650 8
1582194651 7
1582194652 7
1582194653 11
1582194654 9
1582194655 9
1582194656 5
1582194657 6
1582194658 7
1582194659 7
1582194660 5
1582194661 6
1582194662 4
1582194663 5
1582194664 3
1582194665 1
1582194826 9
1582194827 6
1582194828 5
1582194829 5
1582194830 5
1582194831 4
1582194832 3
1582194977 9
1582194978 9
1582194979 14
1582194980 10
1582194981 9
1582194982 8
1582194983 9
1582194984 10
1582194985 6
1582194986 7
1582194987 7
1582194988 7
1582194989 7
1582194990 9
1582194991 6
1582194992 5
1582194993 3
1582194994 1
1582195150 8
1582195151 6
1582195152 6
1582195153 6
1582195154 6
1582195155 3
1582195313 3
1582195314 2
1582195315 2
1582195808 8
1582195809 6
1582195810 5
1582195811 4
1582195812 4
1582195966 4
1582195967 4
1582195968 4
1582195969 3
1582196125 7
1582196126 6
1582196127 6
1582196128 6
1582196129 4
1582196130 3
1582196272 12
1582196273 10
1582196274 14
1582196275 6
1582196276 7
1582196277 8
1582196278 12
1582196279 6
1582196280 6
1582196281 5
1582196282 6
1582196283 9
1582196284 8
1582196285 8
1582196286 6
1582196287 6
1582196288 5
1582196289 3
1582196603 6
1582196604 5
1582196605 5
1582196606 4
1582196607 2
1582196760 7
1582196761 6
1582196762 6
1582196763 5
1582196764 4
1582196921 7
1582196922 7
1582196923 7
1582196924 6
1582197082 6
1582197083 6
1582197084 6
1582197085 6
1582197086 6
1582197087 5
1582197088 5
1582197089 5
1582197090 5
1582197091 4
1582197092 4
1582197093 2
1582197094 1
1582197248 6
1582197249 4
1582197250 3
1582197392 8
1582197393 12
1582197394 13
1582197395 12
1582197396 8
1582197397 11
1582197398 8
1582197399 11
1582197400 8
1582197401 7
1582197402 7
1582197403 6
1582197404 7
1582197405 6
1582197406 4
1582197407 4
1582197408 3
1582197409 3
1582197410 2
1582197411 1
1582197582 8
1582197583 7
1582197584 7
1582197585 4
1582197586 2
1582197742 5
1582197743 3
1582197744 2
1582197900 7
1582197901 6
1582197902 6
1582197903 4
1582197904 3
1582198059 4
1582198060 4
1582198061 3
1582198216 8
1582198217 7
1582198218 6
1582198219 6
1582198220 5
1582198221 5
1582198222 3
1582198375 9
1582198376 4
1582198377 3
1582198802 14
1582198803 11
1582198804 14
1582198805 13
1582198806 13
1582198807 11
1582198808 9
1582198809 9
1582198810 8
1582198811 6
1582198812 6
1582198813 7
1582198814 6
1582198815 6
1582198816 6
1582198817 8
1582198818 8
1582198819 9
1582198820 9
1582198821 9
1582198822 9
1582198823 8
1582198824 7
1582198825 7
1582198826 7
1582198827 7
1582198828 7
1582198829 7
1582198830 7
1582198831 7
1582198832 7
1582198833 7
1582198834 7
1582198835 7
1582198836 7
1582198837 7
1582198838 7
1582198839 7
1582198840 7
1582198841 6
1582198842 7
1582198843 7
1582198844 7
1582198845 7
1582198846 7
1582198847 7
1582198848 7
1582198849 7
1582198850 7
1582198851 7
1582198852 7
1582198853 7
1582198854 7
1582198855 7
1582198856 7
1582198857 7
1582198858 7
1582198859 6
1582198860 7
1582198861 7
1582198862 6
1582198863 7
1582198864 7
1582198865 7
1582198866 7
1582198867 7
1582198868 5
1582198869 4
1582198870 4
1582198871 4
1582198872 4
1582198873 4
1582198874 5
1582198875 4
1582198876 4
1582198877 4
1582198878 4
1582198879 5
1582198880 4
1582198881 4
1582198882 4
1582198883 4
1582198884 4
1582198885 4
1582198886 4
1582198887 4
1582198888 4
1582198889 4
1582198890 4
1582198891 4
1582198892 4
1582198893 4
1582198894 4
1582198895 4
1582198896 5
1582198897 4
1582198898 4
1582198899 4
1582198900 5
1582198901 4
1582198902 4
1582198903 5
1582198904 5
1582198905 4
1582198906 4
1582198907 4
1582198908 4
1582198909 4
1582198910 5
1582198911 4
1582198912 4
1582198913 5
1582198914 4
1582198915 5
1582198916 4
1582198917 4
1582198918 5
1582198919 5
1582198920 5
1582198921 5
1582198922 5
1582198923 5
1582198924 5
1582198925 5
1582198926 5
1582198927 5
1582198928 5
1582198929 5
1582198930 5
1582198931 5
1582198932 5
1582198933 4
1582198934 5
1582198935 5
1582198936 4
1582198937 2
1582198938 2
1582198939 2
1582198940 3
1582198941 2
1582198942 3
1582198943 2
1582198944 2
1582198945 3
1582198946 2
1582198947 2
1582198948 2
1582198949 2
1582198950 2
1582198951 2
1582198952 2
1582198953 2
1582198954 4
1582198955 4
1582198956 4
1582198957 4
1582198958 4
1582198959 4
1582198960 4
1582198961 4
1582198962 4
1582198963 4
1582198964 4
1582198965 5
1582198966 4
1582198967 4
1582198968 5
1582198969 4
1582198970 4
1582198971 4
1582198972 4
1582198973 4
1582198974 4
1582198975 5
1582198976 4
1582198977 4
1582198978 4
1582198979 5
1582198980 4
1582198981 4
1582198982 4
1582198983 4
1582198984 4
1582198985 4
1582198986 4
1582198987 4
1582198988 4
1582198989 4
1582198990 4
1582198991 4
1582198992 4
1582198993 4
1582198994 5
1582198995 4
1582198996 4
1582198997 4
1582198998 5
1582198999 4
1582199000 5
1582199001 4
1582199002 4
1582199003 4
1582199004 5
1582199005 5
1582199006 5
1582199007 5
1582199008 5
1582199009 3
1582199155 11
1582199156 13
1582199157 12
1582199158 13
1582199159 7
1582199160 7
1582199161 7
1582199162 12
1582199163 10
1582199164 8
1582199165 7
1582199166 7
1582199167 8
1582199168 7
1582199169 5
1582199170 5
1582199171 5
1582199172 6
