1571665032 6
1571665033 7
1571665034 7
1571665035 5
1571665036 5
1571665037 4
1571665038 1
1571665039 1
1571665246 6
1571665247 4
1571665248 4
1571665249 2
1571665440 5
1571665441 6
1571665442 5
1571665443 4
1571665635 6
1571665636 6
1571665637 5
1571665638 3
1571665830 7
1571665831 4
1571665832 4
1571665833 3
1571668247 6
1571668248 5
1571668249 5
1571668250 5
1571668251 5
1571668252 4
1571668253 3
1571668254 3
1571668255 1
1571668256 1
1571668446 8
1571668447 7
1571668448 4
1571668449 3
1571668650 6
1571668651 4
1571668652 4
1571668653 3
1571668654 2
1571668844 5
1571668845 5
1571668846 3
1571668847 4
1571668848 2
1571669045 4
1571669046 4
1571669047 5
1571669048 2
