1575383021 3
1575383022 3
1575383023 3
1575383024 3
1575383025 3
1575383026 3
1575383027 3
1575383028 3
1575383029 3
1575383030 3
1575383031 3
1575383032 3
1575383033 3
1575383034 3
1575383035 3
1575383036 3
1575383037 2
1575383038 3
1575383039 3
1575383040 3
1575383041 3
1575383042 3
1575383043 2
1575383044 2
1575383045 2
1575383046 2
1575383047 2
1575383048 2
1575383049 2
1575383050 2
1575383051 2
1575383052 2
1575383053 2
1575383054 2
1575383055 2
1575383056 2
1575383057 2
1575383502 3
1575383503 3
1575383504 1
1575383505 2
1575383506 2
1575383507 2
1575383508 2
1575383509 2
1575383510 1
1575383511 1
1575383512 1
1575383513 1
1575383514 1
1575383515 1
1575383516 1
1575383517 1
1575383518 1
1575383519 1
1575383520 1
1575383521 1
1575383522 1
1575383523 2
1575383524 2
1575383525 2
1575383526 2
1575383527 2
1575383528 2
1575383529 2
1575383530 2
1575383531 2
1575383532 2
1575383533 2
1575383534 2
1575383535 2
1575383536 2
1575383537 2
1575383538 2
1575383539 2
1575383540 2
1575383541 2
1575383542 2
1575383543 2
1575383544 2
1575383545 2
1575383546 2
1575383547 2
1575383548 2
1575383549 2
1575383550 2
1575383551 2
1575383552 2
1575383553 2
1575383554 2
1575383555 2
1575383556 2
1575383557 2
1575383558 2
1575383559 2
1575383560 2
1575383561 2
1575383562 1
1575383563 1
1575383564 2
1575383565 2
1575383566 2
1575383567 2
1575383568 2
1575383569 2
1575383570 2
1575383571 2
1575383572 2
1575383573 2
1575383574 2
1575383575 2
1575383576 2
1575383577 2
1575383578 2
1575383579 2
1575383580 2
1575383581 2
1575383582 2
1575383583 2
1575383584 2
1575383585 2
1575383586 2
1575383587 2
1575383588 2
1575383589 2
1575383590 2
1575383591 2
1575383592 2
1575383593 2
1575383594 2
1575383595 2
1575383596 2
1575383597 2
1575383598 2
1575383599 2
1575383600 2
1575383601 2
1575383602 2
1575383603 2
1575383604 2
1575383605 2
1575383606 2
1575383607 2
1575383608 2
1575383609 2
1575383610 2
1575383611 2
1575383612 2
1575383613 2
1575383614 2
1575383615 2
1575383616 2
1575383617 2
1575383618 2
1575383619 2
1575383620 2
1575383621 2
1575383622 2
1575383623 2
1575383624 1
1575383625 2
1575383626 2
1575383627 2
1575383628 2
1575383629 2
1575383630 2
1575383631 2
1575383632 2
1575383633 2
1575383634 2
1575383635 2
1575383636 2
1575383637 2
1575383638 2
1575383639 2
1575383640 2
1575383641 2
1575383642 2
1575383643 2
1575383644 2
1575383645 2
1575383646 2
1575383647 2
1575383648 2
1575383649 2
1575383650 2
1575383651 2
1575383652 2
1575383653 2
1575383654 2
1575383655 2
1575383656 2
1575383657 2
1575383658 2
1575383659 2
1575383660 2
1575383661 2
1575383662 2
1575383663 2
1575383664 2
1575383665 2
1575383666 2
1575383667 2
1575383668 2
1575383669 2
1575383670 2
1575383671 2
1575383672 2
1575383673 2
1575383674 2
1575383675 2
1575383676 2
1575383677 2
1575383678 2
1575383679 2
1575383680 2
1575383681 2
1575383682 2
1575383683 2
1575383684 2
1575383685 2
1575383686 2
1575383687 2
1575383688 2
1575383689 2
1575383690 2
1575383691 2
1575383692 2
1575383693 2
1575383694 2
1575383695 2
1575383696 2
1575383697 2
1575383698 2
1575383699 2
1575383700 2
1575383701 2
1575383702 2
1575383703 2
1575383704 2
1575383705 2
1575383706 2
1575383707 2
1575383708 2
1575383709 2
1575383710 2
1575383711 2
1575383712 2
1575383713 2
1575383714 2
1575383715 2
1575383716 2
1575383717 2
1575383718 2
1575383719 2
1575383720 2
1575383721 2
1575383722 2
1575383723 2
1575383724 2
1575383725 2
1575383726 2
1575383727 2
1575383728 2
1575383729 2
1575383730 2
1575383731 2
1575383732 2
1575383733 2
1575383734 2
1575383735 2
1575383736 2
1575383737 2
1575383738 2
1575383739 2
1575383740 2
1575383741 2
1575383742 2
1575383743 2
1575383744 2
1575383745 2
1575383746 2
1575383747 2
1575383748 2
1575383749 2
1575383750 2
1575383751 2
1575383752 2
1575383753 2
1575383754 2
1575383755 2
1575383756 2
1575383757 2
1575383758 2
1575383759 2
1575383760 2
1575383761 2
1575383762 2
1575383763 2
1575383764 2
1575383765 2
1575383766 2
1575383767 2
1575383768 2
1575383769 2
1575383770 2
1575383771 2
1575383772 2
1575383773 2
1575383774 2
1575383775 2
1575383776 2
1575383777 2
1575383778 2
1575383779 2
1575383780 2
1575383781 2
1575383782 2
1575383783 2
1575383784 2
1575383785 2
1575383786 2
1575383787 2
1575383788 2
1575383789 2
1575383790 2
1575383791 2
1575383792 2
1575383793 2
1575383794 2
1575383795 2
1575383796 2
1575383797 2
1575383798 2
1575383799 2
1575383800 2
1575383801 2
1575383802 2
1575383803 2
1575383804 2
1575383805 2
1575383806 2
1575383807 2
1575383808 2
1575383809 2
1575383810 2
1575383811 2
1575383812 2
1575383813 2
1575383814 2
1575383815 2
1575383816 2
1575383817 2
1575383818 2
1575383819 2
1575383820 2
1575383821 2
1575383822 2
1575383823 2
1575383824 2
1575383825 2
1575383826 2
1575383827 2
1575383828 2
1575383829 2
1575383830 2
1575383831 2
1575383832 2
1575383833 2
1575383834 2
1575383835 2
1575383836 2
1575383837 2
1575383838 2
1575383839 2
1575383840 2
1575383841 2
1575383842 2
1575383843 2
1575383844 2
1575383845 2
1575383846 2
1575383847 2
1575383848 2
1575383849 2
1575383850 2
1575383851 2
1575383852 2
1575383853 2
1575383854 2
1575383855 2
1575383856 2
1575383857 2
1575383858 2
1575383859 2
1575383860 2
1575383861 2
1575383862 2
1575383863 2
1575383864 2
1575383865 2
1575383866 2
1575383867 2
1575383868 2
1575383869 2
1575383870 2
1575383871 2
1575383872 2
1575383873 2
1575383874 2
1575383875 2
1575383876 2
1575383877 2
1575383878 2
1575383879 2
1575383880 2
1575383881 2
1575383882 2
1575383883 2
1575383884 2
1575383885 1
1575383886 1
1575383887 1
1575383888 2
1575383889 2
1575383890 2
1575383891 2
1575383892 2
1575383893 2
1575383894 2
1575383895 2
1575383896 2
1575383897 2
1575383898 2
1575383899 2
1575383900 2
1575383901 2
1575383902 2
1575383903 2
1575383904 2
1575383905 2
1575383906 2
1575383907 2
1575383908 2
1575383909 2
1575383910 2
1575383911 2
1575383912 1
1575383913 1
1575383914 2
1575383915 2
1575383916 1
1575383917 1
1575383918 1
1575383919 1
1575383920 1
1575383921 1
1575383922 1
1575383923 1
1575383924 1
1575383925 1
1575383926 1
1575383927 1
1575383928 1
1575383929 1
1575383930 1
1575383931 1
1575383932 1
1575383933 1
1575383934 1
1575383935 1
1575383936 1
1575383937 1
1575383938 1
1575383939 1
1575383940 1
1575383941 1
1575383942 1
1575383943 1
1575383944 1
1575383945 1
1575383946 1
1575383947 1
1575383948 1
1575383949 1
1575383950 1
1575383951 1
1575383952 1
1575383953 1
1575383954 1
1575383955 1
1575383956 1
1575383957 1
1575383958 1
1575383959 1
1575383960 1
1575383961 1
1575383962 1
1575383963 1
1575383964 1
1575383965 1
1575383966 1
1575383967 1
1575383968 1
1575383969 1
1575383970 1
1575383971 1
1575383972 1
1575383973 1
1575383974 1
1575383975 1
1575383976 1
1575383977 1
1575383978 1
1575383979 2
1575383980 2
1575383981 1
1575383982 2
1575383983 2
1575383984 2
1575383985 2
1575383986 2
1575383987 2
1575383988 2
1575383989 2
1575383990 2
1575383991 1
1575383992 1
1575383993 1
1575383994 1
1575383995 1
1575383996 1
1575383997 1
1575383998 1
1575383999 1
1575384000 1
1575384001 1
1575384002 1
1575384003 1
1575384004 1
1575384005 1
1575384006 1
1575384007 1
1575384008 1
1575384009 1
1575384010 1
1575384011 1
1575384012 1
1575384013 1
1575384014 1
1575384015 1
1575384016 1
1575384017 1
1575384018 1
1575384019 1
1575384020 1
1575384021 1
1575384022 1
1575384023 1
1575384024 1
1575384025 1
1575384026 1
1575384027 1
1575384028 1
1575384029 1
1575384030 1
1575384031 1
1575384032 1
1575384033 1
1575384034 1
1575384035 1
1575384036 1
1575384037 1
1575384038 1
1575384039 1
1575384040 1
1575384041 1
1575384042 1
1575384043 1
1575384044 1
1575384045 2
1575384046 3
1575384047 2
1575384048 3
1575384049 2
1575384050 2
1575384051 2
1575384052 2
1575384053 2
1575384054 1
1575384055 2
1575384056 3
1575384057 3
1575384058 4
1575384059 5
1575384060 4
1575384061 4
1575384062 2
1575384063 2
1575384064 3
1575384065 3
1575384066 4
1575384067 5
1575384068 4
1575384069 4
1575384070 4
1575384071 3
1575384072 3
1575384073 3
1575384074 3
1575384075 3
1575384076 3
1575384077 3
1575384078 3
1575384079 3
1575384080 3
1575384081 3
1575384082 3
1575384083 3
1575384084 3
1575384085 3
1575384086 3
1575384087 3
1575384088 3
1575384089 3
1575384090 3
1575384091 3
1575384092 3
1575384093 3
1575384094 3
1575384095 3
1575384096 3
1575384097 3
1575384098 3
1575384099 3
1575384100 3
1575384101 3
1575384102 3
1575384103 3
1575384104 3
1575384105 3
1575384106 3
1575384107 4
1575384108 4
1575384109 5
1575384110 4
1575384111 3
1575384112 3
1575384113 3
1575384254 4
1575384255 4
1575384256 4
1575384257 4
1575384258 5
1575384259 5
1575384260 5
1575384261 5
1575384262 5
1575384263 5
1575384264 4
1575384265 4
1575384266 5
1575384267 4
1575384268 4
1575384269 4
1575384270 4
1575384271 4
1575384272 2
1575384273 2
1575384413 5
1575384414 4
1575384415 4
1575384416 4
1575384417 4
1575384418 4
1575384419 4
1575384420 4
1575384421 4
1575384422 4
1575384423 4
1575384424 4
1575384425 4
1575384426 4
1575384427 4
1575384428 5
1575384429 4
1575384430 4
1575384431 4
1575384432 3
1575384433 3
1575384572 4
1575384573 4
1575384574 4
1575384575 4
1575384576 4
1575384577 4
1575384578 4
1575384579 4
1575384580 4
1575384581 4
1575384582 5
1575384583 4
1575384584 4
1575384585 3
1575384586 4
1575384587 5
1575384588 4
1575384589 4
1575384590 3
1575384591 3
1575384736 4
1575384737 4
1575384738 4
1575384739 4
1575384740 4
1575384741 4
1575384742 4
1575384743 4
1575384744 4
1575384745 4
1575384746 4
1575384747 2
1575384748 2
1575384749 2
1575384750 4
1575384751 4
1575384752 4
1575384753 4
1575384754 4
1575384755 4
1575384756 2
1575384892 4
1575384893 4
1575384894 4
1575384895 4
1575384896 3
1575384897 3
1575384898 3
1575384899 3
1575384900 3
1575384901 3
1575384902 3
1575384903 3
1575384904 3
1575384905 4
1575384906 4
1575384907 4
1575384908 4
1575384909 3
1575384910 3
1575384911 3
1575385052 4
1575385053 4
1575385054 4
1575385055 4
1575385056 4
1575385057 4
1575385058 4
1575385059 4
1575385060 4
1575385061 4
1575385062 3
1575385063 3
1575385064 3
1575385065 3
1575385066 4
1575385067 4
1575385068 4
1575385069 4
1575385070 4
1575385071 3
1575385072 2
1575385214 5
1575385215 5
1575385216 4
1575385217 4
1575385218 4
1575385219 4
1575385220 3
1575385221 3
1575385222 3
1575385223 3
1575385224 3
1575385225 3
1575385226 3
1575385227 3
1575385228 4
1575385229 4
1575385230 4
1575385231 5
1575385232 4
1575385233 4
1575385234 4
1575385374 4
1575385375 4
1575385376 4
1575385377 4
1575385378 4
1575385379 4
1575385380 3
1575385381 3
1575385382 3
1575385383 3
1575385384 3
1575385385 3
1575385386 3
1575385387 3
1575385388 4
1575385389 4
1575385390 5
1575385391 5
1575385392 4
1575385393 3
1575385537 4
1575385538 4
1575385539 4
1575385540 4
1575385541 4
1575385542 4
1575385543 4
1575385544 4
1575385545 4
1575385546 4
1575385547 3
1575385548 2
1575385549 2
1575385550 3
1575385551 4
1575385552 4
1575385553 5
1575385554 4
1575385555 3
1575385556 2
1575385694 5
1575385695 6
1575385696 5
1575385697 5
1575385698 5
1575385699 4
1575385700 4
1575385701 4
1575385702 4
1575385703 4
1575385704 4
1575385705 4
1575385706 4
1575385707 4
1575385708 4
1575385709 4
1575385710 4
1575385711 4
1575385712 4
1575385713 4
1575385714 4
1575385715 4
1575385716 4
1575385717 4
1575385718 4
1575385719 4
1575385720 4
1575385721 4
1575385722 4
1575385723 4
1575385724 4
1575385725 4
1575385726 4
1575385727 4
1575385728 4
1575385729 4
1575385730 4
1575385731 4
1575385732 4
1575385733 4
1575385734 4
1575385735 4
1575385736 4
1575385737 4
1575385738 4
1575385739 4
1575385740 4
1575385741 4
1575385742 4
1575385743 4
1575385744 4
1575385745 4
1575385746 4
1575385747 4
1575385748 4
1575385749 4
1575385750 4
1575385751 4
1575385752 4
1575385753 4
1575385754 4
1575385755 4
1575385756 4
1575385757 4
1575385758 4
1575385759 4
1575385760 4
1575385761 4
1575385762 4
1575385763 4
1575385764 4
1575385765 4
1575385766 4
1575385767 4
1575385768 4
1575385769 4
1575385770 4
1575385771 4
1575385772 4
1575385773 4
1575385774 4
1575385775 4
1575385776 4
1575385777 4
1575385778 4
1575385779 4
1575385780 4
1575385781 3
1575385782 4
1575385783 4
1575385784 4
1575385785 4
1575385786 4
1575385787 4
1575385788 4
1575385789 5
1575385790 5
1575385791 4
1575385792 3
1575385793 4
1575385794 4
1575385795 4
1575385796 4
1575385797 3
1575385798 3
1575385799 3
1575386088 4
1575386089 4
1575386090 4
1575386091 4
1575386092 4
1575386093 4
1575386094 4
1575386095 4
1575386096 4
1575386097 4
1575386098 4
1575386099 4
1575386100 3
1575386101 2
1575386102 2
1575386103 3
1575386104 4
1575386105 4
1575386106 4
1575386107 4
1575386108 3
1575386109 2
1575386401 4
1575386402 4
1575386403 4
1575386404 4
1575386405 4
1575386406 4
1575386407 4
1575386408 4
1575386409 4
1575386410 4
1575386411 4
1575386412 2
1575386413 2
1575386414 2
1575386415 3
1575386416 5
1575386417 5
1575386418 5
1575386419 5
1575386420 4
1575386421 2
1575386712 4
1575386713 4
1575386714 4
1575386715 4
1575386716 3
1575386717 3
1575386718 3
1575386719 3
1575386720 3
1575386721 3
1575386722 3
1575386723 3
1575386724 3
1575386725 3
1575386726 3
1575386727 3
1575386728 3
1575386729 3
1575386730 3
1575386731 3
1575386732 3
1575386733 3
1575386734 3
1575386735 3
1575386736 3
1575386737 3
1575386738 3
1575386739 3
1575386740 3
1575386741 3
1575386742 3
1575386743 3
1575386744 3
1575386745 3
1575386746 3
1575386747 3
1575386748 3
1575386749 3
1575386750 3
1575386751 3
1575386752 3
1575386753 3
1575386754 3
1575386755 3
1575386756 3
1575386757 3
1575386758 3
1575386759 3
1575386760 3
1575386761 3
1575386762 3
1575386763 3
1575386764 3
1575386765 3
1575386766 3
1575386767 3
1575386768 3
1575386769 3
1575386770 3
1575386771 3
1575386772 3
1575386773 3
1575386774 3
1575386775 3
1575386776 3
1575386777 3
1575386778 3
1575386779 3
1575386780 3
1575386781 3
1575386782 3
1575386783 3
1575386784 3
1575386785 3
1575386786 3
1575386787 3
1575386788 3
1575386789 3
1575386790 3
1575386791 3
1575386792 3
1575386793 3
1575386794 3
1575386795 3
1575386796 3
1575386797 3
1575386798 3
1575386799 3
1575386800 3
1575386801 3
1575386802 3
1575386803 3
1575386804 3
1575386805 3
1575386806 3
1575386807 3
1575386808 3
1575386809 3
1575386810 3
1575386811 3
1575386812 3
1575386813 3
1575386814 3
1575386815 2
1575386816 3
1575386817 3
1575386818 3
1575386819 3
1575386820 4
1575386821 4
1575386822 4
1575386823 4
1575386824 3
1575386825 3
1575386826 2
1575387116 4
1575387117 4
1575387118 4
1575387119 4
1575387120 4
1575387121 4
1575387122 4
1575387123 4
1575387124 4
1575387125 4
1575387126 3
1575387127 3
1575387128 5
1575387129 4
1575387130 4
1575387131 4
1575387132 4
1575387133 4
1575387134 3
1575387135 2
1575387424 4
1575387425 4
1575387426 4
1575387427 4
1575387428 4
1575387429 3
1575387430 3
1575387431 3
1575387432 3
1575387433 3
1575387434 3
1575387435 3
1575387436 3
1575387437 3
1575387438 3
1575387439 4
1575387440 4
1575387441 3
1575387442 3
1575387443 2
1575387444 2
1575387445 2
1575387735 4
1575387736 4
1575387737 4
1575387738 4
1575387739 4
1575387740 4
1575387741 4
1575387742 4
1575387743 4
1575387744 4
1575387745 4
1575387746 3
1575387747 3
1575387748 3
1575387749 4
1575387750 4
1575387751 4
1575387752 4
1575387753 4
1575387754 2
1575388043 4
1575388044 4
1575388045 4
1575388046 4
1575388047 4
1575388048 3
1575388049 3
1575388050 3
1575388051 3
1575388052 3
1575388053 3
1575388054 3
1575388055 3
1575388056 3
1575388057 3
1575388058 4
1575388059 5
1575388060 4
1575388061 4
1575388062 3
1575388063 3
1575388351 4
1575388352 4
1575388353 4
1575388354 4
1575388355 4
1575388356 4
1575388357 4
1575388358 4
1575388359 4
1575388360 4
1575388361 4
1575388362 3
1575388363 2
1575388364 2
1575388365 4
1575388366 4
1575388367 4
1575388368 5
1575388369 4
1575388370 4
1575388371 2
1575388659 4
1575388660 5
1575388661 3
1575388662 3
1575388663 3
1575388664 3
1575388665 3
1575388666 3
1575388667 3
1575388668 3
1575388669 4
1575388670 4
1575388671 4
1575388672 4
1575388673 4
1575388674 4
1575388675 4
1575388676 3
1575388677 2
1575388980 4
1575388981 4
1575388982 4
1575388983 4
1575388984 4
1575388985 3
1575388986 3
1575388987 3
1575388988 3
1575388989 3
1575388990 3
1575388991 3
1575388992 3
1575388993 3
1575388994 3
1575388995 3
1575388996 3
1575388997 3
1575388998 3
1575388999 3
1575389000 3
1575389001 3
1575389002 3
1575389003 3
1575389004 3
1575389005 3
1575389006 3
1575389007 3
1575389008 3
1575389009 3
1575389010 3
1575389011 3
1575389012 3
1575389013 3
1575389014 3
1575389015 3
1575389016 3
1575389017 3
1575389018 3
1575389019 3
1575389020 3
1575389021 3
1575389022 3
1575389023 3
1575389024 3
1575389025 3
1575389026 3
1575389027 3
1575389028 3
1575389029 3
1575389030 3
1575389031 3
1575389032 3
1575389033 3
1575389034 3
1575389035 3
1575389036 3
1575389037 3
1575389038 3
1575389039 3
1575389040 4
1575389041 3
1575389042 3
1575389043 3
1575389044 3
1575389045 3
1575389046 3
1575389047 3
1575389048 3
1575389049 3
1575389050 3
1575389051 3
1575389052 3
1575389053 3
1575389054 3
1575389055 3
1575389056 3
1575389057 3
1575389058 3
1575389059 3
1575389060 3
1575389061 3
1575389062 3
1575389063 3
1575389064 3
1575389065 3
1575389066 3
1575389067 3
1575389068 3
1575389069 3
1575389070 3
1575389071 3
1575389072 3
1575389073 3
1575389074 3
1575389075 3
1575389076 3
1575389077 3
1575389078 3
1575389079 3
1575389080 3
1575389081 3
1575389082 3
1575389083 3
1575389084 3
1575389085 3
1575389086 3
1575389087 3
1575389088 3
1575389089 3
1575389090 3
1575389091 3
1575389092 3
1575389093 3
1575389094 3
1575389095 3
1575389096 3
1575389097 3
1575389098 3
1575389099 3
1575389100 3
1575389101 3
1575389102 3
1575389103 3
1575389104 3
1575389105 3
1575389106 3
1575389107 3
1575389108 3
1575389109 3
1575389110 3
1575389111 3
1575389112 3
1575389113 3
1575389114 3
1575389115 2
1575389116 3
1575389117 3
1575389118 3
1575389119 3
1575389120 3
1575389121 3
1575389122 3
1575389123 3
1575389124 3
1575389125 3
1575389126 3
1575389127 3
1575389128 3
1575389129 3
1575389130 3
1575389131 3
1575389132 3
1575389133 3
1575389134 3
1575389135 3
1575389136 3
1575389137 3
1575389138 3
1575389139 3
1575389140 3
1575389141 3
1575389142 3
1575389143 3
1575389144 3
1575389145 3
1575389146 3
1575389147 3
1575389148 3
1575389149 3
1575389150 3
1575389151 3
1575389152 3
1575389153 3
1575389154 3
1575389155 3
1575389156 3
1575389157 3
1575389158 3
1575389159 3
1575389160 3
1575389161 3
1575389162 3
1575389163 3
1575389164 3
1575389165 3
1575389166 3
1575389167 3
1575389168 3
1575389169 3
1575389170 3
1575389171 3
1575389172 3
1575389173 3
1575389174 3
1575389175 3
1575389176 3
1575389177 3
1575389178 3
1575389179 3
1575389180 3
1575389181 3
1575389182 3
1575389183 3
1575389184 3
1575389185 3
1575389186 3
1575389187 3
1575389188 3
1575389189 3
1575389190 3
1575389191 3
1575389192 3
1575389193 3
1575389194 3
1575389195 3
1575389196 3
1575389197 3
1575389198 3
1575389199 3
1575389200 3
1575389201 3
1575389202 3
1575389203 2
1575389204 3
1575389205 3
1575389206 3
1575389207 3
1575389208 3
1575389209 3
1575389210 3
1575389211 3
1575389212 3
1575389213 3
1575389214 3
1575389215 3
1575389216 3
1575389217 3
1575389218 3
1575389219 3
1575389220 3
1575389221 3
1575389222 3
1575389223 3
1575389224 3
1575389225 3
1575389226 3
1575389227 3
1575389228 3
1575389229 3
1575389230 3
1575389231 3
1575389232 3
1575389233 3
1575389234 3
1575389235 3
1575389236 3
1575389237 3
1575389238 3
1575389239 3
1575389240 3
1575389241 3
1575389242 3
1575389243 3
1575389244 3
1575389245 3
1575389246 3
1575389247 3
1575389248 3
1575389249 3
1575389250 3
1575389251 3
1575389252 3
1575389253 3
1575389254 3
1575389255 3
1575389256 3
1575389257 3
1575389258 3
1575389259 3
1575389260 3
1575389261 3
1575389262 3
1575389263 3
1575389264 3
1575389265 3
1575389266 3
1575389267 3
1575389268 3
1575389269 3
1575389270 3
1575389271 3
1575389272 3
1575389273 3
1575389274 3
1575389275 3
1575389276 3
1575389277 3
1575389278 3
1575389279 3
1575389280 3
1575389281 3
1575389282 3
1575389283 3
1575389284 3
1575389285 3
1575389286 3
1575389287 3
1575389288 3
1575389289 3
1575389290 3
1575389291 3
1575389292 3
1575389293 3
1575389294 3
1575389295 3
1575389296 3
1575389297 3
1575389298 3
1575389299 3
1575389300 3
1575389301 3
1575389302 3
1575389303 3
1575389304 3
1575389305 3
1575389306 3
1575389307 3
1575389308 3
1575389309 3
1575389310 3
1575389311 3
1575389312 3
1575389313 3
1575389314 3
1575389315 3
1575389316 3
1575389317 3
1575389318 3
1575389319 3
1575389320 3
1575389321 3
1575389322 3
1575389323 3
1575389324 3
1575389325 3
1575389326 3
1575389327 3
1575389328 3
1575389329 3
1575389330 3
1575389331 3
1575389332 3
1575389333 3
1575389334 3
1575389335 3
1575389336 3
1575389337 3
1575389338 3
1575389339 3
1575389340 3
1575389341 3
1575389342 3
1575389343 3
1575389344 3
1575389345 3
1575389346 3
1575389347 3
1575389348 3
1575389349 3
1575389350 3
1575389351 3
1575389352 3
1575389353 3
1575389354 3
1575389355 3
1575389356 3
1575389357 3
1575389358 3
1575389359 3
1575389360 3
1575389361 3
1575389362 3
1575389363 3
1575389364 3
1575389365 3
1575389366 3
1575389367 3
1575389368 3
1575389369 3
1575389370 3
1575389371 3
1575389372 3
1575389373 3
1575389374 3
1575389375 3
1575389376 3
1575389377 3
1575389378 3
1575389379 3
1575389380 3
1575389381 3
1575389382 3
1575389383 3
1575389384 3
1575389385 3
1575389386 3
1575389387 3
1575389388 3
1575389389 3
1575389390 3
1575389391 3
1575389392 3
1575389393 3
1575389394 3
1575389395 3
1575389396 3
1575389397 3
1575389398 3
1575389399 3
1575389400 3
1575389401 3
1575389402 3
1575389403 3
1575389404 3
1575389405 3
1575389406 3
1575389407 3
1575389408 3
1575389409 3
1575389410 3
1575389411 3
1575389412 3
1575389413 3
1575389414 3
1575389415 3
1575389416 3
1575389417 3
1575389418 3
1575389419 3
1575389420 3
1575389421 3
1575389422 3
1575389423 3
1575389424 3
1575389425 3
1575389426 3
1575389427 3
1575389428 3
1575389429 3
1575389430 3
1575389431 3
1575389432 3
1575389433 3
1575389434 3
1575389435 3
1575389436 3
1575389437 3
1575389438 3
1575389439 3
1575389440 3
1575389441 3
1575389442 3
1575389443 3
1575389444 3
1575389445 3
1575389446 3
1575389447 3
1575389448 3
1575389449 3
1575389450 3
1575389451 3
1575389452 3
1575389453 3
1575389454 3
1575389455 3
1575389456 3
1575389457 3
1575389458 3
1575389459 3
1575389460 3
1575389461 3
1575389462 3
1575389463 3
1575389464 3
1575389465 3
1575389466 3
1575389467 3
1575389468 3
1575389469 3
1575389470 3
1575389471 3
1575389472 3
1575389473 3
1575389474 3
1575389475 3
1575389476 3
1575389477 3
1575389478 3
1575389479 3
1575389480 3
1575389481 3
1575389482 3
1575389483 3
1575389484 3
1575389485 3
1575389486 3
1575389487 3
1575389488 3
1575389489 3
1575389490 3
1575389491 3
1575389492 3
1575389493 3
1575389494 3
1575389495 3
1575389496 3
1575389497 3
1575389498 3
1575389499 3
1575389500 3
1575389501 3
1575389502 3
1575389503 3
1575389504 3
1575389505 3
1575389506 3
1575389507 3
1575389508 3
1575389509 3
1575389510 3
1575389511 3
1575389512 3
1575389513 3
1575389514 3
1575389515 3
1575389516 3
1575389517 3
1575389518 3
1575389519 3
1575389520 3
1575389521 3
1575389522 3
1575389523 3
1575389524 3
1575389525 3
1575389526 3
1575389527 3
1575389528 3
1575389529 4
1575389530 3
1575389531 3
1575389532 2
1575389533 3
1575389534 3
1575389535 3
1575389536 3
1575389537 3
1575389538 3
1575389539 3
1575389540 3
1575389541 3
1575389542 3
1575389543 3
1575389544 3
1575389545 3
1575389546 3
1575389547 3
1575389548 3
1575389549 3
1575389550 3
1575389551 3
1575389552 3
1575389553 3
1575389554 3
1575389555 3
1575389556 3
1575389557 3
1575389558 3
1575389559 3
1575389560 3
1575389561 3
1575389562 3
1575389563 3
1575389564 3
1575389565 3
1575389566 3
1575389567 3
1575389568 3
1575389569 3
1575389570 3
1575389571 3
1575389572 3
1575389573 3
1575389574 3
1575389575 3
1575389576 3
1575389577 3
1575389578 3
1575389579 3
1575389580 3
1575389581 3
1575389582 3
1575389583 3
1575389584 3
1575389585 3
1575389586 3
1575389587 3
1575389588 3
1575389589 3
1575389590 3
1575389591 3
1575389592 3
1575389593 3
1575389594 3
1575389595 3
1575389596 3
1575389597 3
1575389598 3
1575389599 3
1575389600 3
1575389601 3
1575389602 3
1575389603 3
1575389604 3
1575389605 3
1575389606 4
1575389607 3
1575389608 3
1575389609 3
1575389610 3
1575389611 3
1575389612 3
1575389613 3
1575389614 3
1575389615 3
1575389616 3
1575389617 3
1575389618 3
1575389619 3
1575389620 3
1575389621 3
1575389622 3
1575389623 3
1575389624 3
1575389625 3
1575389626 3
1575389627 3
1575389628 3
1575389629 3
1575389630 3
1575389631 3
1575389632 3
1575389633 3
1575389634 3
1575389635 3
1575389636 3
1575389637 3
1575389638 3
1575389639 3
1575389640 3
1575389641 3
1575389642 3
1575389643 3
1575389644 3
1575389645 3
1575389646 3
1575389647 3
1575389648 3
1575389649 3
1575389650 3
1575389651 3
1575389652 3
1575389653 3
1575389654 3
1575389655 3
1575389656 3
1575389657 3
1575389658 3
1575389659 3
1575389660 3
1575389661 3
1575389662 3
1575389663 3
1575389664 3
1575389665 3
1575389666 3
1575389667 3
1575389668 3
1575389669 3
1575389670 3
1575389671 3
1575389672 3
1575389673 3
1575389674 3
1575389675 3
1575389676 3
1575389677 3
1575389678 3
1575389679 3
1575389680 3
1575389681 3
1575389682 3
1575389683 3
1575389684 3
1575389685 3
1575389686 3
1575389687 3
1575389688 3
1575389689 3
1575389690 3
1575389691 3
1575389692 3
1575389693 3
1575389694 3
1575389695 3
1575389696 3
1575389697 3
1575389698 3
1575389699 3
1575389700 3
1575389701 3
1575389702 3
1575389703 3
1575389704 2
1575389705 3
1575389706 3
1575389707 3
1575389708 3
1575389709 3
1575389710 3
1575389711 3
1575389712 3
1575389713 3
1575389714 3
1575389715 3
1575389716 3
1575389717 3
1575389718 3
1575389719 3
1575389720 3
1575389721 3
1575389722 3
1575389723 3
1575389724 3
1575389725 3
1575389726 3
1575389727 3
1575389728 3
1575389729 3
1575389730 3
1575389731 3
1575389732 3
1575389733 3
1575389734 3
1575389735 3
1575389736 3
1575389737 3
1575389738 3
1575389739 3
1575389740 3
1575389741 3
1575389742 3
1575389743 3
1575389744 3
1575389745 3
1575389746 3
1575389747 3
1575389748 3
1575389749 3
1575389750 3
1575389751 3
1575389752 3
1575389753 3
1575389754 3
1575389755 3
1575389756 3
1575389757 3
1575389758 3
1575389759 3
1575389760 3
1575389761 3
1575389762 3
1575389763 3
1575389764 3
1575389765 3
1575389766 3
1575389767 3
1575389768 3
1575389769 3
1575389770 3
1575389771 3
1575389772 3
1575389773 3
1575389774 3
1575389775 3
1575389776 3
1575389777 3
1575389778 3
1575389779 3
1575389780 3
1575389781 3
1575389782 3
1575389783 3
1575389784 3
1575389785 3
1575389786 3
1575389787 3
1575389788 3
1575389789 3
1575389790 3
1575389791 3
1575389792 3
1575389793 3
1575389794 3
1575389795 3
1575389796 3
1575389797 3
1575389798 3
1575389799 3
1575389800 3
1575389801 3
1575389802 3
1575389803 3
1575389804 3
1575389805 3
1575389806 3
1575389807 3
1575389808 3
1575389809 3
1575389810 3
1575389811 3
1575389812 3
1575389813 3
1575389814 3
1575389815 3
1575389816 3
1575389817 3
1575389818 3
1575389819 3
1575389820 3
1575389821 3
1575389822 3
1575389823 3
1575389824 3
1575389825 3
1575389826 3
1575389827 3
1575389828 3
1575389829 3
1575389830 3
1575389831 3
1575389832 3
1575389833 3
1575389834 3
1575389835 3
1575389836 3
1575389837 3
1575389838 3
1575389839 3
1575389840 3
1575389841 3
1575389842 3
1575389843 3
1575389844 3
1575389845 3
1575389846 3
1575389847 3
1575389848 3
1575389849 3
1575389850 3
1575389851 3
1575389852 3
1575389853 3
1575389854 3
1575389855 3
1575389856 3
1575389857 3
1575389858 3
1575389859 3
1575389860 3
1575389861 3
1575389862 3
1575389863 3
1575389864 3
1575389865 3
1575389866 3
1575389867 3
1575389868 3
1575389869 3
1575389870 3
1575389871 3
1575389872 3
1575389873 3
1575389874 3
1575389875 3
1575389876 3
1575389877 3
1575389878 3
1575389879 3
1575389880 3
1575389881 3
1575389882 3
1575389883 3
1575389884 3
1575389885 3
1575389886 3
1575389887 3
1575389888 4
1575389889 3
1575389890 3
1575389891 3
1575389892 3
1575389893 3
1575389894 3
1575389895 3
1575389896 3
1575389897 3
1575389898 3
1575389899 2
1575389900 3
1575389901 3
1575389902 3
1575389903 3
1575389904 3
1575389905 3
1575389906 3
1575389907 3
1575389908 3
1575389909 3
1575389910 3
1575389911 3
1575389912 3
1575389913 3
1575389914 3
1575389915 3
1575389916 3
1575389917 3
1575389918 3
1575389919 3
1575389920 2
1575389921 2
1575389922 4
1575389923 3
1575389924 4
1575389925 3
1575389926 2
1575389927 2
1575389928 2
1575389929 2
1575389930 2
1575389931 2
1575389932 2
1575389933 2
1575389934 2
1575389935 2
1575389936 2
1575389937 2
1575389938 2
1575389939 2
1575389940 2
1575389941 2
1575389942 2
1575389943 2
1575389944 2
1575389945 2
1575389946 2
1575389947 2
1575389948 2
1575389949 2
1575389950 2
1575389951 2
1575389952 2
1575389953 2
1575389954 2
1575389955 2
1575389956 2
1575389957 2
1575389958 2
1575389959 3
1575389960 4
1575389961 3
1575389962 2
1575389963 2
1575389964 2
1575389965 2
1575389966 2
1575389967 2
1575389968 2
1575389969 2
1575389970 2
1575389971 2
1575389972 2
1575389973 3
1575389974 5
1575389975 5
1575389976 4
1575389977 4
1575389978 3
1575389979 3
1575390525 4
1575390526 4
1575390527 4
1575390528 4
1575390529 4
1575390530 4
1575390531 4
1575390532 4
1575390533 4
1575390534 4
1575390535 4
1575390536 4
1575390537 4
1575390538 4
1575390539 3
1575390540 3
1575390541 3
1575390542 4
1575390543 4
1575390544 4
1575390545 4
1575390546 4
1575390547 2
1575390548 2
1575391096 4
1575391097 5
1575391098 4
1575391099 4
1575391100 4
1575391101 4
1575391102 4
1575391103 4
1575391104 4
1575391105 4
1575391106 3
1575391107 2
1575391108 2
1575391109 4
1575391110 4
1575391111 4
1575391112 4
1575391113 4
1575391114 2
1575391115 2
1575391658 4
1575391659 4
1575391660 4
1575391661 4
1575391662 4
1575391663 3
1575391664 4
1575391665 3
1575391666 3
1575391667 3
1575391668 3
1575391669 3
1575391670 3
1575391671 3
1575391672 3
1575391673 4
1575391674 4
1575391675 4
1575391676 4
1575391677 3
1575391678 3
1575392469 4
1575392470 4
1575392471 4
1575392472 4
1575392473 4
1575392474 3
1575392475 3
1575392476 3
1575392477 3
1575392478 3
1575392479 3
1575392480 4
1575392481 5
1575392482 4
1575392483 5
1575392484 5
1575392485 4
1575392486 5
1575392487 5
1575392488 5
1575392489 4
1575392490 3
1575392491 3
1575392492 2
1575393085 4
1575393086 4
1575393087 5
1575393088 4
1575393089 4
1575393090 4
1575393091 3
1575393092 3
1575393093 3
1575393094 3
1575393095 3
1575393096 3
1575393097 3
1575393098 3
1575393099 3
1575393100 3
1575393101 3
1575393102 3
1575393103 3
1575393104 3
1575393105 3
1575393106 2
1575393107 3
1575393108 3
1575393109 3
1575393110 2
1575393111 2
1575393112 2
1575393113 2
1575393114 2
1575393115 2
1575393116 2
1575393117 2
1575393118 2
1575393119 3
1575393120 4
1575393121 4
1575393122 5
1575393123 4
1575393124 4
1575393125 3
1575393669 4
1575393670 4
1575393671 4
1575393672 4
1575393673 4
1575393674 4
1575393675 4
1575393676 4
1575393677 4
1575393678 4
1575393679 4
1575393680 3
1575393681 2
1575393682 2
1575393683 3
1575393684 4
1575393685 4
1575393686 4
1575393687 4
1575393688 5
1575393689 2
1575394233 4
1575394234 4
1575394235 4
1575394236 4
1575394237 4
1575394238 4
1575394239 4
1575394240 4
1575394241 4
1575394242 4
1575394243 4
1575394244 4
1575394245 3
1575394246 2
1575394247 3
1575394248 4
1575394249 4
1575394250 4
1575394251 4
1575394252 4
1575394253 2
1575394254 2
1575394796 4
1575394797 4
1575394798 4
1575394799 4
1575394800 4
1575394801 3
1575394802 3
1575394803 3
1575394804 3
1575394805 3
1575394806 3
1575394807 3
1575394808 3
1575394809 3
1575394810 3
1575394811 4
1575394812 4
1575394813 4
1575394814 4
1575394815 3
1575394816 3
1575394817 2
1575395359 4
1575395360 4
1575395361 4
1575395362 4
1575395363 4
1575395364 3
1575395365 3
1575395366 3
1575395367 3
1575395368 3
1575395369 3
1575395370 3
1575395371 3
1575395372 3
1575395373 3
1575395374 4
1575395375 4
1575395376 4
1575395377 4
1575395378 3
1575395379 3
1575396996 5
1575396997 6
1575396998 6
1575396999 6
1575397000 6
1575397001 6
1575397002 6
1575397003 4
1575397004 4
1575397005 4
1575397006 4
1575397007 4
1575397008 4
1575397009 4
1575397010 4
1575397011 4
1575397012 4
1575397013 4
1575397014 4
1575397015 4
1575397016 4
1575397017 4
1575397018 4
1575397019 4
1575397020 4
1575397021 4
1575397022 4
1575397023 4
1575397024 4
1575397025 4
1575397026 4
1575397027 4
1575397028 4
1575397029 4
1575397030 4
1575397031 3
1575397032 3
1575397267 4
1575397268 4
1575397269 5
1575397270 4
1575397271 4
1575397272 4
1575397273 4
1575397274 4
1575397275 4
1575397276 4
1575397277 4
1575397278 4
1575397279 6
1575397280 6
1575397281 6
1575397282 6
1575397283 5
1575397284 4
1575397285 5
1575397286 5
1575397287 5
1575397288 5
1575397289 5
1575397290 5
1575397291 5
1575397292 5
1575397293 4
1575397294 6
1575397295 4
1575397296 4
1575397297 4
1575397298 4
1575397299 4
1575397300 4
1575397301 4
1575397302 4
1575397303 4
1575397304 4
1575397305 4
1575397306 4
1575397307 4
1575397308 4
1575397309 4
1575397310 4
1575397311 4
1575397312 4
1575397313 3
1575397314 2
1575397315 2
1575397316 2
1575397832 4
1575397833 4
1575397834 4
1575397835 4
1575397836 4
1575397837 4
1575397838 4
1575397839 4
1575397840 4
1575397841 4
1575397842 4
1575397843 4
1575397844 4
1575397845 4
1575397846 4
1575397847 4
1575397848 4
1575397849 4
1575397850 4
1575397851 4
1575397852 3
1575397853 3
1575397854 3
1575397855 3
1575397856 3
1575397857 3
1575397858 4
1575397859 4
1575397860 4
1575397861 3
1575397862 4
1575397863 4
1575397864 4
1575397865 4
1575397866 4
1575397867 4
1575397868 4
1575397869 4
1575397870 4
1575397871 4
1575397872 4
1575397873 4
1575397874 4
1575397875 4
1575397876 4
1575397877 4
1575397878 4
1575397879 4
1575397880 4
1575397881 4
1575397882 4
1575397883 4
1575397884 4
1575397885 4
1575397886 4
1575397887 4
1575397888 4
1575397889 4
1575397890 4
1575397891 4
1575397892 4
1575397893 4
1575397894 4
1575397895 4
1575397896 4
1575397897 4
1575397898 4
1575397899 4
1575397900 4
1575397901 4
1575397902 4
1575397903 4
1575397904 4
1575397905 4
1575397906 4
1575397907 4
1575397908 4
1575397909 4
1575397910 4
1575397911 4
1575397912 4
1575397913 4
1575397914 4
1575397915 4
1575397916 3
1575397917 3
1575397918 3
1575397919 3
1575397920 2
1575397921 2
1575398114 4
1575398115 4
1575398116 4
1575398117 4
1575398118 4
1575398119 4
1575398120 4
1575398121 4
1575398122 4
1575398123 4
1575398124 6
1575398125 5
1575398126 5
1575398127 5
1575398128 5
1575398129 5
1575398130 5
1575398131 5
1575398132 5
1575398133 5
1575398134 5
1575398135 5
1575398136 5
1575398137 5
1575398138 5
1575398139 5
1575398140 5
1575398141 5
1575398142 5
1575398143 5
1575398144 5
1575398145 5
1575398146 5
1575398147 5
1575398148 5
1575398149 5
1575398150 5
1575398151 5
1575398152 5
1575398153 5
1575398154 5
1575398155 5
1575398156 5
1575398157 5
1575398158 5
1575398159 4
1575398160 4
1575398161 3
1575398162 2
1575398163 2
1575398164 2
1575398165 2
1575398166 2
1575398167 2
1575398168 2
1575398169 2
1575398353 4
1575398354 4
1575398355 4
1575398356 4
1575398357 4
1575398358 4
1575398359 4
1575398360 4
1575398361 4
1575398362 4
1575398363 4
1575398364 4
1575398365 4
1575398366 4
1575398367 4
1575398368 4
1575398369 4
1575398370 4
1575398371 4
1575398372 4
1575398373 4
1575398374 4
1575398375 4
1575398376 4
1575398377 4
1575398378 4
1575398379 4
1575398380 4
1575398381 4
1575398382 3
1575398383 2
1575398384 2
1575398385 2
