1574710914 0 
1574710915 0 
1574710916 0 
1574710917 0 
1574710918 0 
1574710919 0 
1569854630 0 
1569854631 0 
1569854632 0 
1569854633 0 
1569854634 0 
1569854635 0 
1569854636 0 
1571330291 0 
1571330292 0 
1571330293 0 
1571330294 0 
1571330295 0 
1571330296 0 
1571330297 0 
1571330298 0 
1571766649 0 
1571766650 0 
1571766651 0 
1571766652 0 
1571766653 0 
1571766654 0 
1571766655 0 
1571767432 0 
1571767433 0 
1571767434 0 
1571767435 0 
1571767436 0 
1571767437 0 
1571767438 0 
1572538186 0 
1572538187 0 
1572538188 0 
1572538189 0 
1572538190 0 
1572538191 0 
1572538846 0 
1572538847 0 
1572538848 0 
1572538849 0 
1572538850 0 
1572538851 0 
1572539499 0 
1572539500 0 
1572539501 0 
1572539502 0 
1572539503 0 
1572539504 0 
1572540146 0 
1572540147 0 
1572540148 0 
1572540149 0 
1572540150 0 
1572540151 0 
1572541051 0 
1572541052 0 
1572541053 0 
1572541054 0 
1572541055 0 
1572541056 0 
1572541705 0 
1572541706 0 
1572541707 0 
1572541708 0 
1572541709 0 
1572541710 0 
1572542353 0 
1572542354 0 
1572542355 0 
1572542356 0 
1572542357 0 
1572542358 0 
1572543001 0 
1572543002 0 
1572543003 0 
1572543004 0 
1572543005 0 
1572543006 0 
1572543666 0 
1572543667 0 
1572543668 0 
1572543669 0 
1572543670 0 
1572543671 0 