1582185099 10.917202793
1582185280 10.035627534
1582186014 9.315021806
1582186174 9.174693703
1582186907 12.18367551
1582188029 9.04763482
1582188188 9.27877612
1582188348 9.247348011
1582193800 9.270871812
1582193963 9.215989232
1582194128 9.13895378
1582194283 9.397871023
1582194445 9.024846182
1582194609 9.263921151
1582194771 9.353543979
1582194939 9.288018828
1582195099 9.275522914
1582195756 9.217448103
1582195915 9.263663827
1582196073 9.164313905
1582196233 9.206994635
1582196392 9.352739758
1582196551 9.366101701
1582196709 9.230949368
1582196869 9.139072721
1582197031 9.30551761
1582197198 9.214419768
1582197520 9.295228479
1582197691 9.208517503
1582197849 9.210629736
1582198007 9.351649173
1582198164 9.14859626
1582198325 9.215732349
1582198484 9.180117551
1582199115 9.310855698
