1572869988 1.841033164
1572870156 1.87403127
1572870377 1.818798784
1572870562 1.79038551
1572870778 1.842166843
1572871117 1.879256756
1572871768 1.796444934
1572872416 1.756654412
1572873098 1.895567936
1572873748 1.777840342
1572874810 1.821528561
1572875662 8.774060507
1572876283 2.049258744
1572876895 1.491270963
1572877550 1.707870079
1572878776 1.835338623
1572879889 1.775713165
1572880171 1.871930383
1572880507 1.581597251
1572880846 1.832870183
1572881191 1.964239963
1572881526 1.660159849
1572881858 1.816831469
1572882190 1.843639967
1572882580 1.608882935
1572882929 1.833727392
1572883270 1.728787788
