1582631364 1.365972464
1582631524 1.541179078
1582631680 1.704343072
1582631838 1.402101529
1582631993 1.956138729
1582632152 1.234231389
1582632312 1.404794017
1582632474 1.565738999
1582632631 2.048911362
1582632794 1.335298293
1582635173 1.351433288
1582635740 1.534585924
1582636025 1.779161548
1582636604 1.405479973
1582636895 1.543095579
1582637194 1.868115048
1582637491 1.454898596
1582638346 1.414351189
1582638923 1.502607844
1582640601 1.62411312
1582641160 1.591954038
1582641722 1.357266323
1582642296 1.453656394
1582642871 1.783556995
1582643474 1.729878398
