1579522303 3
1579522304 1
1579522305 1
1579522306 1
1579522307 1
1579522308 1
1579522309 1
1579522310 1
1579522311 1
1579522312 1
1579522313 1
1579522314 1
1579522315 1
1579522316 1
1579522317 1
1579522318 1
1579522319 1
1579522320 1
1579522321 1
1579522322 1
1579522323 1
1579522324 1
1579522325 2
1579522326 3
1579522327 3
1579522328 2
1579522329 2
1579522330 2
1579522331 2
1579522332 2
1579522333 2
1579522334 2
1579522335 2
1579522336 2
1579522337 2
1579522338 2
1579522339 3
1579522340 3
1579522341 3
1579522342 3
1579522343 3
1579522344 3
1579522345 3
1579522346 3
1579522347 3
1579522348 3
1579522349 3
1579522350 3
1579522351 3
1579522352 3
1579522353 3
1579522354 3
1579522355 3
1579522356 3
1579522357 3
1579522358 3
1579522359 3
1579522360 3
1579522361 3
1579522362 3
1579522363 3
1579522364 3
1579522365 3
1579522366 3
1579522367 3
1579522368 3
1579522369 3
1579522370 3
1579522371 3
1579522372 3
1579522373 3
1579522594 2
1579522595 2
1579522596 2
1579522597 2
1579522598 2
1579522599 2
1579522600 2
1579522601 2
1579522602 2
1579522603 2
1579522604 2
1579522605 2
1579522606 2
1579522607 2
1579522608 2
1579522609 2
1579522610 2
1579522611 2
1579522612 2
1579522613 2
1579522614 2
1579522615 2
1579522616 2
1579522617 2
1579522618 2
1579522619 2
1579522620 2
1579522621 2
1579522622 2
1579522623 2
1579522624 2
1579522625 2
1579522626 2
1579522627 2
1579522628 2
1579522629 2
1579522630 2
1579522631 2
1579522632 2
1579522633 2
1579522634 2
1579522635 2
1579522636 2
1579522637 2
1579522638 2
1579522639 2
1579522640 2
1579522641 2
1579522642 2
1579522643 2
1579522644 2
1579522645 2
1579522646 2
1579522647 2
1579522648 2
1579522649 2
1579522650 2
1579522651 2
1579522652 2
1579522653 2
1579522654 2
1579522655 2
1579522656 2
1579522657 2
1579522658 2
1579522659 2
1579522660 2
1579522661 2
1579522662 2
1579522663 2
1579522664 2
1579522665 2
1579522666 2
1579522667 2
1579522668 2
1579522669 2
1579522670 2
1579522671 2
1579522672 2
1579522673 2
1579522674 2
1579522675 2
1579522676 2
1579522677 2
1579522678 2
1579522679 2
1579522680 2
1579522681 2
1579522682 2
1579522683 2
1579522684 2
1579522685 2
1579522686 2
1579522687 2
1579522688 2
1579522689 2
1579522690 2
1579522691 2
1579522692 2
1579522693 2
1579522694 2
1579522695 2
1579522696 2
1579522697 2
1579522698 2
1579522699 2
1579522700 2
1579522701 2
1579522702 2
1579522703 2
1579522704 2
1579522705 2
1579522706 2
1579522707 2
1579522708 2
1579522709 2
1579522710 2
1579522711 2
1579522712 2
1579522713 2
1579522714 2
1579522715 2
1579522716 2
1579522717 2
1579522718 2
1579522719 2
1579522720 2
1579522721 2
1579522722 2
1579522723 2
1579522724 2
1579522725 2
1579522726 2
1579522727 2
1579522728 2
1579522729 2
1579522730 2
1579522731 2
1579522732 2
1579522733 2
1579522734 2
1579522735 2
1579522736 2
1579522737 2
1579522738 2
1579522739 2
1579522740 2
1579522741 2
1579522742 2
1579522743 2
1579522744 2
1579522745 2
1579522746 2
1579522747 2
1579522748 2
1579522749 2
1579522750 2
1579522751 2
1579522752 2
1579522753 2
1579522754 2
1579522755 2
1579522756 2
1579522757 2
1579522758 2
1579522759 2
1579522760 2
1579522761 2
1579522762 2
1579522763 2
1579522764 2
1579522765 2
1579522766 2
1579522767 2
1579522768 2
1579522769 2
1579522770 2
1579522771 2
1579522772 2
1579522773 2
1579522774 2
1579522775 2
1579522776 2
1579522777 2
1579522778 2
1579522779 2
1579522780 2
1579522781 2
1579522782 2
1579522783 2
1579522784 2
1579522785 2
1579522786 2
1579522787 2
1579522788 2
1579522789 2
1579522790 2
1579522791 2
1579522792 2
1579522793 2
1579522794 2
1579522795 2
1579522796 2
1579522797 3
1579522798 4
1579522799 4
1579522800 4
1579522801 4
1579522802 3
1579522803 3
1579522804 2
1579522805 2
1579522806 2
1579522807 2
1579522808 2
1579522809 2
1579522810 2
1579522811 2
1579522812 2
1579522813 2
1579522929 11
1579522930 7
1579522931 11
1579522932 9
1579522933 9
1579522934 9
1579522935 7
1579522936 6
1579522937 5
1579522938 4
1579522939 5
1579522940 7
1579522941 6
1579522942 5
1579522943 5
1579522944 4
1579522945 3
1579522946 1
1579522947 1
1579522948 2
1579522949 3
1579522950 4
1579522951 4
1579522952 4
1579522953 4
1579522954 4
1579522955 4
1579522956 4
1579522957 4
1579522958 4
1579522959 4
1579522960 4
1579522961 4
1579522962 2
1579522963 3
1579522964 2
1579522965 2
1579522966 2
1579522967 3
1579522968 3
1579522969 3
1579522970 3
1579522971 3
1579522972 4
1579522973 4
1579522974 4
1579522975 3
1579522976 3
1579522977 3
1579522978 3
1579522979 3
1579522980 3
1579522981 3
1579522982 3
1579522983 3
1579522984 3
1579522985 3
1579522986 3
1579522987 3
1579522988 3
1579522989 3
1579522990 3
1579522991 3
1579522992 3
1579522993 3
1579522994 3
1579522995 3
1579522996 3
1579522997 3
1579522998 3
1579522999 3
1579523000 3
1579523001 3
1579523002 3
1579523003 3
1579523004 3
1579523005 3
1579523006 3
1579523007 4
1579523008 5
1579523009 5
1579523010 6
1579523011 5
1579523012 4
1579523013 2
1579523014 2
1579523015 2
1579523016 2
1579523017 2
1579523018 2
1579523019 2
1579523020 2
1579523021 2
1579523022 2
1579523023 2
1579523024 2
1579523205 2
1579523206 2
1579523207 2
1579523208 2
1579523209 2
1579523210 2
1579523211 2
1579523212 2
1579523213 2
1579523214 2
1579523347 4
1579523348 4
1579523349 4
1579523350 4
1579523351 4
1579523352 4
1579523353 4
1579523354 4
1579523355 4
1579523356 4
1579523357 4
1579523358 4
1579523359 4
1579523360 2
1579523361 2
1579523362 2
1579523363 4
1579523364 4
1579523365 4
1579523366 4
1579523367 4
1579523368 2
1579523369 2
1579523370 2
1579523371 2
1579523372 2
1579523373 2
1579523374 2
1579523375 2
1579523376 2
1579523377 2
1579523378 2
1579523379 2
1579523487 9
1579523488 8
1579523489 10
1579523490 13
1579523491 10
1579523492 10
1579523493 7
1579523494 8
1579523495 6
1579523496 7
1579523497 7
1579523498 7
1579523499 7
1579523500 8
1579523501 5
1579523502 4
1579523503 4
1579523504 3
1579523505 2
1579523506 2
1579523507 1
1579523508 3
1579523509 3
1579523510 4
1579523511 4
1579523512 4
1579523513 4
1579523514 3
1579523515 3
1579523516 3
1579523517 3
1579523518 3
1579523519 3
1579523520 3
1579523521 3
1579523522 3
1579523523 3
1579523524 3
1579523525 3
1579523526 3
1579523527 3
1579523528 3
1579523529 3
1579523530 3
1579523531 3
1579523532 3
1579523533 3
1579523534 3
1579523535 4
1579523536 4
1579523537 4
1579523538 5
1579523539 5
1579523540 3
1579523541 3
1579523542 2
1579523543 2
1579523544 2
1579523545 2
1579523546 2
1579523547 2
1579523548 2
1579523549 2
1579523550 2
1579523551 2
1579523552 2
1579523728 2
1579523729 2
1579523730 2
1579523731 2
1579523732 2
1579523733 2
1579523734 2
1579523909 2
1579523910 2
1579523911 2
1579523912 2
1579523913 2
1579523914 2
1579524096 2
1579524097 2
1579524098 2
1579524099 2
1579524100 2
1579524101 2
1579524102 2
1579524266 2
1579524267 2
1579524268 2
1579524269 2
1579524270 2
1579524271 2
1579524272 2
1579524404 4
1579524405 4
1579524406 4
1579524407 4
1579524408 4
1579524409 4
1579524410 5
1579524411 3
1579524412 3
1579524413 3
1579524414 3
1579524415 3
1579524416 2
1579524417 2
1579524418 2
1579524419 2
1579524420 2
1579524421 2
1579524422 2
1579524423 4
1579524424 4
1579524425 4
1579524426 6
1579524427 5
1579524428 4
1579524429 3
1579524430 3
1579524431 2
1579524432 2
1579524433 2
1579524434 2
1579524435 2
1579524436 2
1579524437 2
1579524438 2
1579524439 2
1579524965 4
1579524966 4
1579524967 4
1579524968 4
1579524969 4
1579524970 4
1579524971 4
1579524972 5
1579524973 5
1579524974 5
1579524975 4
1579524976 3
1579524977 2
1579524978 3
1579524979 4
1579524980 4
1579524981 4
1579524982 4
1579524983 5
1579524984 2
1579524985 2
1579524986 2
1579524987 2
1579524988 2
1579524989 2
1579524990 2
1579524991 2
1579524992 2
1579524993 2
1579524994 2
1579524995 2
1579525307 4
1579525308 4
1579525309 4
1579525310 4
1579525311 4
1579525312 4
1579525313 4
1579525314 4
1579525315 4
1579525316 4
1579525317 4
1579525318 2
1579525319 2
1579525320 3
1579525321 4
1579525322 4
1579525323 4
1579525324 4
1579525325 4
1579525326 4
1579525327 4
1579525328 4
1579525329 4
1579525330 4
1579525331 4
1579525332 4
1579525333 4
1579525334 4
1579525335 4
1579525336 3
1579525337 2
1579525338 2
1579525339 2
1579525340 2
1579525341 2
1579525342 2
1579525343 2
1579525344 2
1579525345 2
1579525346 2
1579525718 2
1579525719 2
1579525720 2
1579525721 2
1579525722 2
1579525723 2
1579526018 4
1579526019 4
1579526020 4
1579526021 4
1579526022 4
1579526023 4
1579526024 4
1579526025 4
1579526026 4
1579526027 4
1579526028 3
1579526029 3
1579526030 3
1579526031 3
1579526032 4
1579526033 4
1579526034 5
1579526035 4
1579526036 3
1579526037 2
1579526038 2
1579526039 2
1579526040 2
1579526041 2
1579526042 2
1579526043 2
1579526044 2
1579526045 2
1579526046 2
1579526047 2
1579526048 2
1579528354 2
1579528355 2
1579528356 2
1579528357 2
1579528358 2
1579528359 2
1579528649 4
1579528650 4
1579528651 4
1579528652 4
1579528653 3
1579528654 3
1579528655 3
1579528656 3
1579528657 3
1579528658 3
1579528659 3
1579528660 3
1579528661 3
1579528662 3
1579528663 3
1579528664 4
1579528665 4
1579528666 4
1579528667 4
1579528668 3
1579528669 3
1579528670 2
1579528671 2
1579528672 2
1579528673 2
1579528674 2
1579528675 2
1579528676 2
1579528677 2
1579528678 2
1579528679 2
1579528680 2
1579529072 4
1579529073 4
1579529074 4
1579529075 4
1579529076 4
1579529077 4
1579529078 4
1579529079 4
1579529080 4
1579529081 4
1579529082 4
1579529083 3
1579529084 3
1579529085 3
1579529086 4
1579529087 4
1579529088 4
1579529089 4
1579529090 3
1579529091 3
1579529092 2
1579529093 2
1579529094 2
1579529095 2
1579529096 2
1579529097 2
1579529098 2
1579529099 2
1579529100 2
1579529101 2
1579529102 2
1579529449 4
1579529450 4
1579529451 4
1579529452 4
1579529453 4
1579529454 4
1579529455 4
1579529456 4
1579529457 4
1579529458 4
1579529459 4
1579529460 4
1579529461 4
1579529462 3
1579529463 2
1579529464 2
1579529465 4
1579529466 4
1579529467 4
1579529468 4
1579529469 4
1579529470 2
1579529471 2
1579529472 3
1579529473 2
1579529474 2
1579529475 2
1579529476 2
1579529477 2
1579529478 2
1579529479 2
1579529480 2
1579529481 2
1579529789 4
1579529790 4
1579529791 4
1579529792 4
1579529793 4
1579529794 3
1579529795 3
1579529796 3
1579529797 3
1579529798 3
1579529799 3
1579529800 3
1579529801 3
1579529802 3
1579529803 4
1579529804 4
1579529805 4
1579529806 3
1579529807 3
1579529808 3
1579529809 2
1579529810 3
1579529811 2
1579529812 2
1579529813 2
1579529814 2
1579529815 2
1579529816 2
1579529817 2
1579529818 2
1579529819 2
1579530099 4
1579530100 4
1579530101 4
1579530102 4
1579530103 4
1579530104 4
1579530105 4
1579530106 3
1579530107 3
1579530108 3
1579530109 3
1579530110 3
1579530111 3
1579530112 3
1579530113 3
1579530114 3
1579530115 3
1579530116 3
1579530117 3
1579530118 3
1579530119 3
1579530120 3
1579530121 3
1579530122 3
1579530123 3
1579530124 3
1579530125 3
1579530126 3
1579530127 3
1579530128 3
1579530129 3
1579530130 3
1579530131 3
1579530132 3
1579530133 3
1579530134 3
1579530135 3
1579530136 3
1579530137 3
1579530138 3
1579530139 3
1579530140 3
1579530141 3
1579530142 3
1579530143 3
1579530144 3
1579530145 3
1579530146 3
1579530147 3
1579530148 3
1579530149 3
1579530150 3
1579530151 3
1579530152 3
1579530153 3
1579530154 3
1579530155 3
1579530156 3
1579530157 3
1579530158 3
1579530159 3
1579530160 3
1579530161 3
1579530162 3
1579530163 3
1579530164 3
1579530165 3
1579530166 3
1579530167 3
1579530168 3
1579530169 3
1579530170 3
1579530171 3
1579530172 3
1579530173 3
1579530174 3
1579530175 3
1579530176 3
1579530177 3
1579530178 3
1579530179 3
1579530180 3
1579530181 3
1579530182 3
1579530183 3
1579530184 3
1579530185 3
1579530186 3
1579530187 3
1579530188 3
1579530189 3
1579530190 3
1579530191 3
1579530192 3
1579530193 3
1579530194 3
1579530195 3
1579530196 2
1579530197 3
1579530198 3
1579530199 3
1579530200 3
1579530201 2
1579530202 3
1579530203 4
1579530204 5
1579530205 4
1579530206 4
1579530207 3
1579530208 3
1579530209 2
1579530210 2
1579530211 3
1579530212 2
1579530213 2
1579530214 2
1579530215 2
1579530216 2
1579530217 2
1579530218 2
1579530852 2
1579530853 2
1579530854 2
1579530855 2
1579530856 2
1579530857 2
1579531417 4
1579531418 4
1579531419 4
1579531420 4
1579531421 4
1579531422 3
1579531423 3
1579531424 3
1579531425 3
1579531426 3
1579531427 3
1579531428 3
1579531429 3
1579531430 3
1579531431 3
1579531432 3
1579531433 3
1579531434 4
1579531435 3
1579531436 2
1579531437 2
1579531438 2
1579531439 3
1579531440 3
1579531441 3
1579531442 3
1579531443 3
1579531444 3
1579531445 3
1579531446 3
1579531447 3
1579531448 3
1579531449 3
1579531450 3
1579531451 3
1579531452 3
1579531453 3
1579531454 3
1579531455 3
1579531456 3
1579531457 3
1579531458 3
1579531459 3
1579531460 3
1579531461 3
1579531462 3
1579531463 3
1579531464 3
1579531465 3
1579531466 3
1579531467 3
1579531468 3
1579531469 3
1579531470 3
1579531471 3
1579531472 3
1579531473 3
1579531474 3
1579531475 3
1579531476 3
1579531477 3
1579531478 3
1579531479 3
1579531480 3
1579531481 3
1579531482 3
1579531483 3
1579531484 3
1579531485 3
1579531486 3
1579531487 3
1579531488 3
1579531489 3
1579531490 3
1579531491 3
1579531492 3
1579531493 3
1579531494 3
1579531495 3
1579531496 3
1579531497 3
1579531498 3
1579531499 3
1579531500 3
1579531501 3
1579531502 3
1579531503 3
1579531504 3
1579531505 3
1579531506 3
1579531507 3
1579531508 3
1579531509 3
1579531510 3
1579531511 3
1579531512 3
1579531513 3
1579531514 3
1579531515 3
1579531516 3
1579531517 3
1579531518 3
1579531519 3
1579531520 3
1579531521 3
1579531522 3
1579531523 2
1579531524 4
1579531525 4
1579531526 3
1579531527 3
1579531528 3
1579531529 3
1579531530 3
1579531531 3
1579531532 3
1579531533 3
1579531534 3
1579531535 3
1579531536 3
1579531537 3
1579531538 3
1579531539 3
1579531540 3
1579531541 3
1579531542 3
1579531543 3
1579531544 3
1579531545 3
1579531546 3
1579531547 3
1579531548 3
1579531549 3
1579531550 3
1579531551 3
1579531552 3
1579531553 3
1579531554 3
1579531555 3
1579531556 3
1579531557 3
1579531558 3
1579531559 3
1579531560 3
1579531561 3
1579531562 3
1579531563 3
1579531564 3
1579531565 3
1579531566 3
1579531567 3
1579531568 3
1579531569 3
1579531570 3
1579531571 3
1579531572 3
1579531573 3
1579531574 3
1579531575 3
1579531576 3
1579531577 3
1579531578 3
1579531579 3
1579531580 3
1579531581 3
1579531582 3
1579531583 3
1579531584 3
1579531585 3
1579531586 3
1579531587 3
1579531588 3
1579531589 3
1579531590 3
1579531591 3
1579531592 3
1579531593 3
1579531594 3
1579531595 3
1579531596 3
1579531597 3
1579531598 3
1579531599 3
1579531600 3
1579531601 3
1579531602 3
1579531603 3
1579531604 3
1579531605 3
1579531606 3
1579531607 3
1579531608 3
1579531609 3
1579531610 3
1579531611 3
1579531612 3
1579531613 3
1579531614 3
1579531615 3
1579531616 3
1579531617 3
1579531618 3
1579531619 3
1579531620 3
1579531621 3
1579531622 3
1579531623 3
1579531624 3
1579531625 3
1579531626 3
1579531627 3
1579531628 3
1579531629 3
1579531630 3
1579531631 3
1579531632 3
1579531633 3
1579531634 3
1579531635 3
1579531636 3
1579531637 3
1579531638 3
1579531639 3
1579531640 3
1579531641 3
1579531642 3
1579531643 3
1579531644 3
1579531645 3
1579531646 3
1579531647 3
1579531648 3
1579531649 3
1579531650 3
1579531651 3
1579531652 3
1579531653 3
1579531654 3
1579531655 3
1579531656 3
1579531657 3
1579531658 3
1579531659 3
1579531660 3
1579531661 3
1579531662 3
1579531663 3
1579531664 3
1579531665 3
1579531666 3
1579531667 3
1579531668 3
1579531669 3
1579531670 3
1579531671 3
1579531672 3
1579531673 3
1579531674 3
1579531675 3
1579531676 3
1579531677 3
1579531678 3
1579531679 3
1579531680 3
1579531681 3
1579531682 3
1579531683 3
1579531684 3
1579531685 3
1579531686 3
1579531687 3
1579531688 3
1579531689 3
1579531690 3
1579531691 3
1579531692 3
1579531693 3
1579531694 3
1579531695 3
1579531696 3
1579531697 3
1579531698 3
1579531699 3
1579531700 3
1579531701 3
1579531702 3
1579531703 3
1579531704 3
1579531705 3
1579531706 3
1579531707 3
1579531708 3
1579531709 3
1579531710 3
1579531711 3
1579531712 3
1579531713 3
1579531714 3
1579531715 3
1579531716 3
1579531717 3
1579531718 3
1579531719 3
1579531720 3
1579531721 3
1579531722 3
1579531723 3
1579531724 3
1579531725 3
1579531726 3
1579531727 3
1579531728 3
1579531729 3
1579531730 3
1579531731 3
1579531732 3
1579531733 3
1579531734 3
1579531735 3
1579531736 3
1579531737 3
1579531738 3
1579531739 3
1579531740 3
1579531741 3
1579531742 3
1579531743 3
1579531744 3
1579531745 3
1579531746 3
1579531747 4
1579531748 3
1579531749 3
1579531750 3
1579531751 3
1579531752 3
1579531753 3
1579531754 3
1579531755 3
1579531756 3
1579531757 3
1579531758 3
1579531759 3
1579531760 3
1579531761 3
1579531762 3
1579531763 3
1579531764 3
1579531765 3
1579531766 3
1579531767 3
1579531768 3
1579531769 3
1579531770 3
1579531771 3
1579531772 3
1579531773 3
1579531774 3
1579531775 3
1579531776 3
1579531777 3
1579531778 3
1579531779 3
1579531780 3
1579531781 3
1579531782 3
1579531783 3
1579531784 3
1579531785 3
1579531786 3
1579531787 3
1579531788 3
1579531789 3
1579531790 3
1579531791 3
1579531792 3
1579531793 3
1579531794 3
1579531795 3
1579531796 3
1579531797 3
1579531798 3
1579531799 3
1579531800 3
1579531801 3
1579531802 3
1579531803 3
1579531804 3
1579531805 3
1579531806 3
1579531807 3
1579531808 3
1579531809 3
1579531810 3
1579531811 3
1579531812 3
1579531813 3
1579531814 3
1579531815 3
1579531816 3
1579531817 3
1579531818 3
1579531819 3
1579531820 3
1579531821 3
1579531822 3
1579531823 3
1579531824 3
1579531825 3
1579531826 3
1579531827 3
1579531828 3
1579531829 3
1579531830 3
1579531831 3
1579531832 3
1579531833 3
1579531834 3
1579531835 3
1579531836 3
1579531837 3
1579531838 3
1579531839 3
1579531840 3
1579531841 3
1579531842 3
1579531843 3
1579531844 3
1579531845 3
1579531846 3
1579531847 3
1579531848 3
1579531849 3
1579531850 3
1579531851 3
1579531852 3
1579531853 3
1579531854 3
1579531855 3
1579531856 3
1579531857 3
1579531858 3
1579531859 3
1579531860 3
1579531861 3
1579531862 3
1579531863 3
1579531864 3
1579531865 3
1579531866 3
1579531867 3
1579531868 3
1579531869 3
1579531870 3
1579531871 3
1579531872 3
1579531873 3
1579531874 3
1579531875 3
1579531876 3
1579531877 3
1579531878 3
1579531879 2
1579531880 2
1579531881 2
1579531882 2
1579531883 3
1579531884 2
1579531885 2
1579531886 2
1579531887 1
1579531888 1
1579531889 2
1579531890 1
1579531891 2
1579531892 3
1579531893 4
1579531894 4
1579531895 4
1579531896 3
1579531897 3
1579531898 2
1579531899 2
1579531900 2
1579531901 2
1579531902 2
1579531903 2
1579531904 2
1579531905 2
1579531906 2
1579531907 2
1579531908 2
1579532455 4
1579532456 4
1579532457 4
1579532458 4
1579532459 4
1579532460 3
1579532461 3
1579532462 3
1579532463 3
1579532464 3
1579532465 3
1579532466 3
1579532467 3
1579532468 3
1579532469 3
1579532470 3
1579532471 4
1579532472 4
1579532473 4
1579532474 4
1579532475 4
1579532476 4
1579532477 4
1579532478 4
1579532479 4
1579532480 4
1579532481 4
1579532482 4
1579532483 4
1579532484 4
1579532485 4
1579532486 4
1579532487 4
1579532488 4
1579532489 4
1579532490 4
1579532491 4
1579532492 4
1579532493 4
1579532494 4
1579532495 4
1579532496 4
1579532497 4
1579532498 4
1579532499 4
1579532500 4
1579532501 4
1579532502 4
1579532503 4
1579532504 4
1579532505 4
1579532506 4
1579532507 4
1579532508 4
1579532509 4
1579532510 4
1579532511 4
1579532512 4
1579532513 4
1579532514 4
1579532515 4
1579532516 4
1579532517 4
1579532518 4
1579532519 4
1579532520 4
1579532521 4
1579532522 4
1579532523 4
1579532524 4
1579532525 4
1579532526 4
1579532527 3
1579532528 3
1579532529 3
1579532530 4
1579532531 4
1579532532 4
1579532533 4
1579532534 4
1579532535 5
1579532536 5
1579532537 4
1579532538 4
1579532539 4
1579532540 4
1579532541 4
1579532542 4
1579532543 4
1579532544 4
1579532545 4
1579532546 4
1579532547 4
1579532548 4
1579532549 4
1579532550 4
1579532551 4
1579532552 4
1579532553 4
1579532554 4
1579532555 4
1579532556 4
1579532557 4
1579532558 4
1579532559 4
1579532560 4
1579532561 4
1579532562 4
1579532563 4
1579532564 4
1579532565 4
1579532566 4
1579532567 4
1579532568 4
1579532569 4
1579532570 4
1579532571 4
1579532572 4
1579532573 4
1579532574 4
1579532575 4
1579532576 4
1579532577 4
1579532578 4
1579532579 4
1579532580 4
1579532581 4
1579532582 4
1579532583 4
1579532584 4
1579532585 4
1579532586 4
1579532587 4
1579532588 4
1579532589 4
1579532590 4
1579532591 4
1579532592 4
1579532593 4
1579532594 4
1579532595 5
1579532596 5
1579532597 4
1579532598 4
1579532599 3
1579532600 3
1579532601 2
1579532602 2
1579532603 2
1579532604 2
1579532605 2
1579532606 2
1579532607 2
1579532608 2
1579532609 2
1579532610 2
1579533215 4
1579533216 4
1579533217 4
1579533218 4
1579533219 4
1579533220 3
1579533221 3
1579533222 3
1579533223 3
1579533224 3
1579533225 3
1579533226 3
1579533227 3
1579533228 3
1579533229 4
1579533230 4
1579533231 4
1579533232 3
1579533233 3
1579533234 2
1579533235 2
1579533236 3
1579533237 2
1579533238 2
1579533239 2
1579533240 2
1579533241 2
1579533242 2
1579533243 2
1579533244 2
1579533807 4
1579533808 4
1579533809 4
1579533810 4
1579533811 4
1579533812 4
1579533813 4
1579533814 4
1579533815 4
1579533816 4
1579533817 4
1579533818 4
1579533819 3
1579533820 2
1579533821 2
1579533822 3
1579533823 4
1579533824 4
1579533825 4
1579533826 4
1579533827 2
1579533828 2
1579533829 2
1579533830 2
1579533831 2
1579533832 2
1579533833 2
1579533834 2
1579533835 2
1579533836 2
1579533837 2
1579533838 2
1579534451 4
1579534452 4
1579534453 4
1579534454 4
1579534455 4
1579534456 4
1579534457 4
1579534458 4
1579534459 4
1579534460 4
1579534461 4
1579534462 3
1579534463 3
1579534464 3
1579534465 4
1579534466 4
1579534467 4
1579534468 4
1579534469 4
1579534470 2
1579534471 2
1579534472 2
1579534473 2
1579534474 2
1579534475 2
1579534476 2
1579534477 2
1579534478 2
1579534479 2
1579534480 2
1579534481 2
1579535124 4
1579535125 4
1579535126 4
1579535127 4
1579535128 4
1579535129 4
1579535130 4
1579535131 4
1579535132 4
1579535133 4
1579535134 3
1579535135 2
1579535136 2
1579535137 3
1579535138 4
1579535139 4
1579535140 4
1579535141 4
1579535142 4
1579535143 3
1579535144 2
1579535145 2
1579535146 2
1579535147 2
1579535148 2
1579535149 2
1579535150 2
1579535151 2
1579535152 2
1579535153 2
1579535154 2
1579535712 4
1579535713 4
1579535714 4
1579535715 4
1579535716 4
1579535717 4
1579535718 4
1579535719 4
1579535720 4
1579535721 4
1579535722 3
1579535723 3
1579535724 3
1579535725 4
1579535726 4
1579535727 4
1579535728 4
1579535729 4
1579535730 2
1579535731 2
1579535732 2
1579535733 2
1579535734 2
1579535735 2
1579535736 2
1579535737 2
1579535738 2
1579535739 2
1579535740 2
1579535741 2
1579536791 4
1579536792 4
1579536793 4
1579536794 4
1579536795 4
1579536796 4
1579536797 3
1579536798 3
1579536799 3
1579536800 3
1579536801 3
1579536802 3
1579536803 3
1579536804 3
1579536805 3
1579536806 4
1579536807 4
1579536808 4
1579536809 3
1579536810 3
1579536811 3
1579536812 2
1579536813 2
1579536814 2
1579536815 2
1579536816 2
1579536817 2
1579536818 2
1579536819 2
1579536820 2
1579536821 2
1579537359 4
1579537360 4
1579537361 4
1579537362 4
1579537363 4
1579537364 3
1579537365 3
1579537366 3
1579537367 3
1579537368 3
1579537369 3
1579537370 3
1579537371 3
1579537372 3
1579537373 3
1579537374 3
1579537375 3
1579537376 3
1579537377 3
1579537378 3
1579537379 3
1579537380 3
1579537381 3
1579537382 3
1579537383 3
1579537384 3
1579537385 4
1579537386 4
1579537387 3
1579537388 3
1579537389 3
1579537390 4
1579537391 5
1579537392 4
1579537393 5
1579537394 3
1579537395 3
1579537396 3
1579537397 2
1579537398 2
1579537399 2
1579537400 2
1579537401 2
1579537402 2
1579537403 2
1579537404 2
1579537405 2
1579537406 2
