1574708658 4
1574708659 4
1574708660 4
1574708661 4
1574708662 4
1574708663 4
1574708664 4
1574708665 4
1574708666 4
1574708667 4
1574708668 4
1574708669 4
1574708670 4
1574708671 4
1574708672 4
1574708673 4
1574708674 4
1574708675 4
1574708676 4
1574708677 4
1574708678 4
1574708679 4
1574708680 4
1574708681 4
1574708682 4
1574708683 4
1574708684 4
1574708685 4
1574708686 3
1574708687 3
1574708688 3
1574708689 4
1574708690 4
1574708691 4
1574708692 4
1574708693 4
1574708694 3
1574708695 2
1574708696 2
1574708697 2
1574708698 2
1574708699 2
1574708700 2
1574708701 2
1574708702 2
1574708703 2
1574708704 2
1574708705 2
