1574950086 2
1574950087 2
1574950088 3
1574950089 2
1574950090 2
1574950091 2
1574950092 3
1574950093 3
1574950094 3
1574950095 2
1574950096 3
1574950097 3
1574950098 3
1574950099 3
1574950100 3
1574950101 3
1574950102 3
1574950103 3
1574950104 3
1574950105 3
1574950106 3
1574950107 3
1574950108 3
1574950109 3
1574950110 3
1574950111 3
1574950112 3
1574950113 3
1574950114 3
1574950115 3
1574950116 3
1574950117 3
1574950118 3
1574950119 3
1574950120 3
1574950121 3
1574950203 2
1574950204 2
1574950205 2
1574950206 2
1574950207 2
1574950208 2
1574950209 2
1574950210 2
1574950211 2
1574950212 2
1574950213 2
1574950214 2
1574950215 2
1574950216 2
1574950217 2
1574950218 2
1574950219 2
1574950220 2
1574950221 2
1574950222 2
1574950223 2
1574950224 2
1574950225 2
1574950226 2
1574950227 2
1574950228 2
1574950229 2
1574950230 2
1574950231 2
1574950232 2
1574950233 2
1574950234 2
1574950235 2
1574950236 2
1574950237 2
1574950238 2
1574950239 2
1574950240 2
1574950241 2
1574950242 2
1574950243 2
1574950244 2
1574950245 2
1574950246 2
1574950247 2
1574950248 2
1574950249 2
1574950250 2
1574950251 2
1574950252 2
1574950253 2
1574950254 2
1574950255 2
1574950256 2
1574950257 3
1574950258 3
1574950259 3
1574950260 4
1574950261 3
1574950262 3
1574950263 3
1574950264 3
1574950265 3
1574950266 3
1574950267 4
1574950268 2
1574950269 2
1574950270 2
1574950271 1
1574950272 2
1574950273 2
1574950274 2
1574950275 2
1574950276 2
1574950277 3
1574950278 3
1574950279 3
1574950280 3
1574950281 3
1574950282 3
1574950283 3
1574950284 4
1574950285 3
1574950286 3
1574950287 3
1574950288 3
1574950289 3
1574950290 3
1574950291 3
1574950292 3
1574950293 3
1574950294 3
1574950295 3
1574950296 3
1574950297 3
1574950298 3
1574950299 3
1574950300 3
1574950301 3
1574950302 3
1574950303 3
1574950304 3
1574950305 3
1574950306 3
1574950307 3
1574950308 3
1574950309 3
1574950310 3
1574950311 3
1574950312 3
1574950313 3
1574950314 3
1574950315 4
1574950316 3
1574950317 3
1574950318 3
1574950319 3
1574950320 3
1574950321 4
1574950322 3
1574950323 3
1574950324 4
1574950325 4
1574950326 4
1574950327 4
1574950328 4
1574950329 4
1574950330 3
1574950331 3
1574950332 3
1574950333 3
1574950334 3
1574950335 3
1574950336 3
1574950337 3
1574950338 3
1574950339 3
1574950340 3
1574950341 3
1574950342 3
1574950343 3
1574950344 3
1574950345 3
1574950346 3
1574950347 4
1574950348 3
1574950349 3
1574950350 3
1574950351 3
1574950352 3
1574950353 3
1574950354 3
1574950355 3
1574950356 3
1574950357 3
1574950358 3
1574950359 3
1574950360 3
1574950361 3
1574950362 3
1574950363 2
1574950364 2
1574950365 2
1574950366 2
1574950367 2
1574950368 2
1574950369 2
1574950370 2
1574950371 2
1574950372 2
1574950373 2
1574950374 2
1574950375 2
1574950376 2
1574950377 2
1574950378 2
1574950379 2
1574950380 2
1574950381 2
1574950382 2
1574950383 2
1574950384 2
1574950385 2
1574950386 2
1574950387 2
1574950388 2
1574950389 2
1574950390 2
1574950391 2
1574950392 2
1574950393 2
1574950394 2
1574950395 2
1574950396 2
1574950397 2
1574950398 2
1574950399 2
1574950400 2
1574950401 2
1574950402 2
1574950403 2
1574950404 3
1574950405 2
1574950406 2
1574950407 2
1574950408 2
1574950409 2
1574950410 2
1574950411 2
1574950412 2
1574950413 2
1574950414 2
1574950415 2
1574950416 2
1574950417 2
1574950418 2
1574950419 2
1574950420 2
1574950421 2
1574950422 2
1574950423 2
1574950424 2
1574950425 2
1574950426 2
1574950427 2
1574950428 2
1574950429 2
1574950430 2
1574950431 2
1574950432 2
1574950433 2
1574950434 2
1574950435 2
1574950436 2
1574950437 2
1574950438 2
1574950439 2
1574950440 2
1574950441 2
1574950442 2
1574950443 2
1574950444 2
1574950445 2
1574950446 2
1574950447 2
1574950448 2
1574950449 2
1574950450 2
1574950451 2
1574950452 2
1574950453 2
1574950454 2
1574950455 2
1574950456 2
1574950457 2
1574950458 2
1574950459 3
1574950460 3
1574950461 3
1574950462 3
1574950463 3
1574950464 3
1574950465 3
1574950466 3
1574950467 3
1574950468 3
1574950469 3
1574950470 3
1574950471 3
1574950472 3
1574950473 3
1574950474 3
1574950475 3
1574950476 3
1574950477 3
1574950478 3
1574950479 3
1574950480 3
1574950481 3
1574950482 3
1574950483 3
1574950484 3
1574950485 3
1574950486 3
1574950487 3
1574950488 3
1574950489 3
1574950490 3
1574950491 3
1574950492 3
1574950493 3
1574950494 3
1574950495 3
1574950496 3
1574950497 3
1574950498 3
1574950499 3
1574950500 2
1574950501 3
1574950502 3
1574950503 3
1574950504 3
1574950505 3
1574950506 3
1574950507 3
1574950508 3
1574950509 3
1574950510 3
1574950511 3
1574950512 3
1574950513 3
1574950514 3
1574950515 3
1574950516 2
1574950517 2
1574950518 2
1574950519 2
1574950520 2
1574950521 2
1574950522 2
1574950523 2
1574950524 2
1574950525 2
1574950526 2
1574950527 2
1574950528 2
1574950529 2
1574950530 2
1574950531 2
1574950532 2
1574950533 2
1574950534 2
1574950535 2
1574950536 2
1574950537 2
1574950538 2
1574950539 2
1574950540 2
1574950541 2
1574950542 2
1574950543 2
1574950544 2
1574950545 3
1574950546 3
1574950547 3
1574950548 3
1574950549 3
1574950550 3
1574950551 3
1574950552 3
1574950553 3
1574950554 3
1574950555 3
1574950556 3
1574950557 3
1574950558 3
1574950559 3
1574950560 3
1574950561 3
1574950562 3
1574950563 3
1574950564 3
1574950565 3
1574950566 3
1574950567 3
1574950568 3
1574950569 3
1574950570 3
1574950571 3
1574950572 3
1574950573 3
1574950574 3
1574950575 3
1574950576 3
1574950577 3
1574950578 3
1574950579 3
1574950580 3
1574950581 3
1574950582 3
1574950583 3
1574950584 3
1574950585 3
1574950586 3
1574950587 3
1574950588 3
1574950589 2
1574950590 3
1574950591 3
1574950592 3
1574950593 3
1574950594 3
1574950595 3
1574950596 3
1574950597 3
1574950598 3
1574950599 2
1574950600 3
1574950601 2
1574950602 2
1574950603 2
1574950604 2
1574950605 3
1574950606 2
1574950607 2
1574950608 3
1574950609 3
1574950610 2
1574950611 2
1574950612 3
1574950613 3
1574950614 3
1574950615 3
1574950616 3
1574950617 3
1574950618 3
1574950619 3
1574950620 3
1574950621 3
1574950622 3
1574950623 3
1574950624 3
1574950625 3
1574950626 3
1574950627 3
1574950628 3
1574950629 3
1574950630 3
1574950631 3
1574950632 3
1574950633 3
1574950634 3
1574950635 3
1574950636 3
1574950637 3
1574950638 3
1574950639 3
1574950640 3
1574950641 3
1574950642 3
1574950643 3
1574950644 3
1574950645 3
1574950646 3
1574950647 3
1574950648 3
1574950649 3
1574950650 3
1574950651 3
1574950652 3
1574950653 3
1574950654 3
1574950655 3
1574950656 3
1574950657 3
1574950658 3
1574950659 3
1574950660 3
1574950661 3
1574950662 3
1574950663 3
1574950664 3
1574950665 3
1574950666 3
1574950667 3
1574950668 3
1574950669 3
1574950670 3
1574950671 3
1574950672 3
1574950673 3
1574950674 3
1574950675 3
1574950676 3
1574950677 3
1574950678 3
1574950679 3
1574950680 3
1574950681 3
1574950682 3
1574950683 3
1574950684 3
1574950685 3
1574950686 3
1574950687 3
1574950688 3
1574950689 3
1574950690 3
1574950691 3
1574950692 3
1574950693 3
1574950694 3
1574950695 3
1574950696 4
1574950697 5
1574950698 4
1574950699 4
1574950700 4
1574950701 4
1574950702 3
1574950703 2
1574950704 2
1574950705 2
1574950706 2
1574950707 2
1574950708 2
1574950709 2
1574950710 2
1574950711 2
1574950712 2
1574950994 4
1574950995 4
1574950996 4
1574950997 4
1574950998 4
1574950999 4
1574951000 4
1574951001 4
1574951002 4
1574951003 4
1574951004 4
1574951005 3
1574951006 3
1574951007 2
1574951008 4
1574951009 4
1574951010 4
1574951011 4
1574951012 4
1574951013 4
1574951014 2
1574951015 2
1574951016 2
1574951017 2
1574951018 2
1574951019 2
1574951020 2
1574951021 2
1574951022 2
1574951023 2
1574951024 2
1574951025 2
1574951369 4
1574951370 4
1574951371 4
1574951372 4
1574951373 4
1574951374 3
1574951375 3
1574951376 3
1574951377 3
1574951378 3
1574951379 3
1574951380 3
1574951381 3
1574951382 3
1574951383 4
1574951384 4
1574951385 4
1574951386 4
1574951387 3
1574951388 3
1574951389 2
1574951390 2
1574951391 2
1574951392 2
1574951393 2
1574951394 2
1574951395 2
1574951396 2
1574951397 2
1574951398 2
1574951399 2
1574951724 4
1574951725 4
1574951726 4
1574951727 4
1574951728 4
1574951729 4
1574951730 4
1574951731 4
1574951732 4
1574951733 4
1574951734 3
1574951735 2
1574951736 2
1574951737 3
1574951738 4
1574951739 4
1574951740 4
1574951741 4
1574951742 4
1574951743 2
1574951744 2
1574951745 2
1574951746 2
1574951747 2
1574951748 2
1574951749 2
1574951750 2
1574951751 2
1574951752 2
1574951753 2
1574951754 2
1574952051 4
1574952052 4
1574952053 4
1574952054 4
1574952055 4
1574952056 3
1574952057 3
1574952058 3
1574952059 3
1574952060 3
1574952061 3
1574952062 3
1574952063 2
1574952064 3
1574952065 4
1574952066 4
1574952067 4
1574952068 3
1574952069 3
1574952070 3
1574952071 2
1574952072 2
1574952073 2
1574952074 2
1574952075 2
1574952076 2
1574952077 2
1574952078 2
1574952079 2
1574952080 2
1574952366 4
1574952367 4
1574952368 4
1574952369 4
1574952370 4
1574952371 4
1574952372 4
1574952373 4
1574952374 4
1574952375 4
1574952376 3
1574952377 2
1574952378 2
1574952379 3
1574952380 4
1574952381 4
1574952382 5
1574952383 5
1574952384 4
1574952385 3
1574952386 3
1574952387 2
1574952388 2
1574952389 2
1574952390 2
1574952391 2
1574952392 2
1574952393 2
1574952394 2
1574952395 2
1574952396 2
1574952397 2
1574952770 4
1574952771 4
1574952772 4
1574952773 4
1574952774 4
1574952775 4
1574952776 3
1574952777 3
1574952778 3
1574952779 3
1574952780 4
1574952781 3
1574952782 3
1574952783 3
1574952784 4
1574952785 4
1574952786 4
1574952787 4
1574952788 3
1574952789 3
1574952790 2
1574952791 2
1574952792 2
1574952793 2
1574952794 2
1574952795 2
1574952796 2
1574952797 2
1574952798 2
1574952799 2
1574952800 2
1574953131 4
1574953132 4
1574953133 4
1574953134 4
1574953135 4
1574953136 4
1574953137 4
1574953138 3
1574953139 3
1574953140 3
1574953141 2
1574953142 2
1574953143 2
1574953144 2
1574953145 3
1574953146 4
1574953147 4
1574953148 4
1574953149 4
1574953150 3
1574953151 2
1574953152 2
1574953153 2
1574953154 2
1574953155 2
1574953156 2
1574953157 2
1574953158 2
1574953159 2
1574953160 2
1574953161 2
1574953460 4
1574953461 4
1574953462 4
1574953463 4
1574953464 4
1574953465 4
1574953466 4
1574953467 4
1574953468 3
1574953469 3
1574953470 3
1574953471 3
1574953472 3
1574953473 3
1574953474 3
1574953475 4
1574953476 4
1574953477 4
1574953478 4
1574953479 3
1574953480 2
1574953481 2
1574953482 2
1574953483 2
1574953484 2
1574953485 2
1574953486 2
1574953487 2
1574953488 2
1574953489 2
1574953490 2
1574953786 4
1574953787 4
1574953788 4
1574953789 4
1574953790 4
1574953791 3
1574953792 3
1574953793 3
1574953794 3
1574953795 3
1574953796 3
1574953797 3
1574953798 3
1574953799 3
1574953800 4
1574953801 4
1574953802 5
1574953803 5
1574953804 4
1574953805 4
1574953806 2
1574953807 2
1574953808 2
1574953809 2
1574953810 2
1574953811 2
1574953812 2
1574953813 2
1574953814 2
1574953815 2
1574953816 2
1574954140 2
1574954141 2
1574954142 2
1574954143 2
1574954144 2
1574954145 2
1574954303 2
1574954304 2
1574954305 2
1574954306 2
1574954307 2
1574954308 2
1574954444 4
1574954445 4
1574954446 4
1574954447 4
1574954448 4
1574954449 5
1574954450 3
1574954451 3
1574954452 3
1574954453 3
1574954454 4
1574954455 3
1574954456 3
1574954457 3
1574954458 3
1574954459 3
1574954460 3
1574954461 4
1574954462 5
1574954463 7
1574954464 5
1574954465 5
1574954466 3
1574954467 3
1574954468 2
1574954469 2
1574954470 2
1574954471 2
1574954472 2
1574954473 2
1574954474 2
1574954475 2
1574954476 2
1574954477 2
1574954478 2
1574954479 2
1574954480 2
1574954481 2
1574954482 2
1574954483 2
1574954484 2
1574954616 4
1574954617 4
1574954618 4
1574954619 4
1574954620 4
1574954621 4
1574954622 4
1574954623 4
1574954624 4
1574954625 4
1574954626 4
1574954627 4
1574954628 3
1574954629 3
1574954630 3
1574954631 3
1574954632 4
1574954633 4
1574954634 5
1574954635 4
1574954636 4
1574954637 2
1574954638 2
1574954639 2
1574954640 2
1574954641 2
1574954642 2
1574954643 2
1574954644 2
1574954645 2
1574954646 2
1574954647 2
1574954648 2
1574954828 2
1574954829 2
1574954830 2
1574954831 2
1574954832 2
1574954833 2
1574954960 4
1574954961 4
1574954962 4
1574954963 4
1574954964 4
1574954965 4
1574954966 4
1574954967 3
1574954968 3
1574954969 3
1574954970 3
1574954971 2
1574954972 2
1574954973 3
1574954974 4
1574954975 4
1574954976 4
1574954977 4
1574954978 3
1574954979 2
1574954980 2
1574954981 2
1574954982 2
1574954983 2
1574954984 2
1574954985 2
1574954986 2
1574954987 2
1574954988 2
1574954989 2
1574954990 2
1574955119 4
1574955120 4
1574955121 4
1574955122 4
1574955123 4
1574955124 4
1574955125 4
1574955126 4
1574955127 4
1574955128 4
1574955129 4
1574955130 3
1574955131 3
1574955132 3
1574955133 4
1574955134 5
1574955135 6
1574955136 5
1574955137 5
1574955138 5
1574955139 2
1574955140 2
1574955141 2
1574955142 2
1574955143 2
1574955144 2
1574955145 2
1574955146 2
1574955147 2
1574955148 2
1574955149 2
1574955150 2
1574955376 4
1574955377 4
1574955378 4
1574955379 4
1574955380 3
1574955381 3
1574955382 3
1574955383 3
1574955384 3
1574955385 3
1574955386 4
1574955387 4
1574955388 3
1574955389 3
1574955390 3
1574955391 4
1574955392 4
1574955393 4
1574955394 4
1574955395 3
1574955396 3
1574955397 3
1574955398 2
1574955399 2
1574955400 2
1574955401 2
1574955402 2
1574955403 2
1574955404 2
1574955405 2
1574955406 2
1574955407 2
1574955536 4
1574955537 4
1574955538 4
1574955539 4
1574955540 4
1574955541 4
1574955542 4
1574955543 4
1574955544 4
1574955545 4
1574955546 4
1574955547 3
1574955548 3
1574955549 3
1574955550 2
1574955551 4
1574955552 4
1574955553 4
1574955554 4
1574955555 4
1574955556 2
1574955557 2
1574955558 2
1574955559 3
1574955560 4
1574955561 4
1574955562 4
1574955563 4
1574955564 4
1574955565 3
1574955566 2
1574955567 2
1574955698 4
1574955699 4
1574955700 4
1574955701 4
1574955702 4
1574955703 4
1574955704 4
1574955705 4
1574955706 4
1574955707 4
1574955708 3
1574955709 3
1574955710 3
1574955711 3
1574955712 4
1574955713 4
1574955714 5
1574955715 4
1574955716 3
1574955717 2
1574955718 2
1574955719 2
1574955720 2
1574955721 2
1574955722 2
1574955723 2
1574955724 2
1574955725 2
1574955726 2
1574955727 2
1574955728 2
1574955920 2
1574955921 2
1574955922 2
1574955923 2
1574955924 2
1574955925 2
1574955926 2
1574955927 2
1574955928 2
1574955929 2
1574955930 2
1574955931 2
1574955932 2
1574955933 2
1574955934 2
1574955935 2
1574955936 2
1574955937 2
1574955938 2
1574955939 2
1574955940 2
1574955941 2
1574955942 2
1574955943 2
1574955944 2
1574955945 2
1574955946 2
1574955947 2
1574955948 2
1574955949 2
1574955950 2
1574955951 2
1574955952 2
1574955953 2
1574955954 2
1574955955 2
1574955956 2
1574955957 2
1574955958 2
1574955959 2
1574955960 2
1574955961 2
1574955962 2
1574955963 2
1574955964 2
1574955965 2
1574955966 2
1574955967 2
1574955968 2
1574955969 2
1574955970 2
1574955971 2
1574955972 2
1574955973 2
1574955974 2
1574955975 2
1574955976 2
1574955977 2
1574955978 2
1574955979 2
1574955980 2
1574955981 2
1574955982 2
1574955983 2
1574955984 2
1574955985 2
1574956522 4
1574956523 4
1574956524 4
1574956525 4
1574956526 4
1574956527 4
1574956528 4
1574956529 4
1574956530 4
1574956531 4
1574956532 4
1574956533 4
1574956534 2
1574956535 2
1574956536 2
1574956537 4
1574956538 6
1574956539 4
1574956540 4
1574956541 3
1574956542 3
1574956543 2
1574956544 2
1574956545 2
1574956546 2
1574956547 2
1574956548 2
1574956549 2
1574956550 2
1574956551 2
1574956552 2
1574956553 2
1574957192 4
1574957193 4
1574957194 4
1574957195 4
1574957196 4
1574957197 4
1574957198 4
1574957199 4
1574957200 4
1574957201 4
1574957202 4
1574957203 3
1574957204 3
1574957205 3
1574957206 4
1574957207 4
1574957208 4
1574957209 4
1574957210 4
1574957211 3
1574957212 2
1574957213 2
1574957214 2
1574957215 2
1574957216 2
1574957217 2
1574957218 2
1574957219 2
1574957220 2
1574957221 2
1574957222 2
1574957786 4
1574957787 4
1574957788 4
1574957789 4
1574957790 4
1574957791 4
1574957792 4
1574957793 4
1574957794 5
1574957795 5
1574957796 5
1574957797 4
1574957798 2
1574957799 2
1574957800 3
1574957801 4
1574957802 5
1574957803 4
1574957804 4
1574957805 3
1574957806 2
1574957807 2
1574957808 3
1574957809 2
1574957810 2
1574957811 2
1574957812 2
1574957813 2
1574957814 2
1574957815 2
1574957816 2
1574957817 2
1574957818 2
1574957819 2
1574957820 2
1574957821 2
1574957822 2
1574957823 2
1574957824 2
1574957825 2
1574957826 2
1574957827 2
1574957828 2
1574957829 2
1574957830 2
1574957831 2
1574957832 2
1574957833 2
1574958369 4
1574958370 4
1574958371 4
1574958372 4
1574958373 4
1574958374 3
1574958375 3
1574958376 3
1574958377 4
1574958378 3
1574958379 3
1574958380 3
1574958381 3
1574958382 3
1574958383 4
1574958384 4
1574958385 4
1574958386 4
1574958387 4
1574958388 3
1574958389 3
1574958390 2
1574958391 2
1574958392 2
1574958393 2
1574958394 2
1574958395 2
1574958396 2
1574958397 2
1574958398 2
1574958399 2
1574958400 2
1574958963 4
1574958964 4
1574958965 5
1574958966 4
1574958967 4
1574958968 3
1574958969 3
1574958970 3
1574958971 3
1574958972 3
1574958973 3
1574958974 4
1574958975 4
1574958976 3
1574958977 3
1574958978 4
1574958979 4
1574958980 4
1574958981 3
1574958982 3
1574958983 3
1574958984 2
1574958985 2
1574958986 2
1574958987 2
1574958988 2
1574958989 2
1574958990 2
1574958991 2
1574958992 2
1574958993 2
1574959572 4
1574959573 4
1574959574 4
1574959575 4
1574959576 4
1574959577 4
1574959578 4
1574959579 3
1574959580 3
1574959581 3
1574959582 3
1574959583 3
1574959584 3
1574959585 2
1574959586 3
1574959587 4
1574959588 4
1574959589 4
1574959590 4
1574959591 3
1574959592 3
1574959593 2
1574959594 2
1574959595 2
1574959596 3
1574959597 2
1574959598 2
1574959599 2
1574959600 2
1574959601 2
1574959602 2
1574959603 2
1574959604 2
1574959605 2
1574959606 2
1574959607 2
1574959608 2
1574959609 2
1574959610 2
1574959611 2
1574959612 2
1574959613 2
1574959614 2
1574959615 2
1574959616 2
1574959617 2
1574959618 2
1574960176 2
1574960177 2
1574960178 2
1574960179 2
1574960180 2
1574960181 2
1574961441 2
1574961442 2
1574961443 2
1574961444 2
1574961445 2
1574961446 2
