1573209279 2
1573209280 2
1573209281 3
1573209282 3
1573209283 3
1573209949 2
1573209950 2
1573209951 3
1573209952 3
1573210612 2
1573210613 3
1573210614 3
1573210615 3
1573211281 2
1573211282 2
1573211283 2
1573211284 3
1573211285 3
1573211937 3
1573211938 2
1573211939 2
1573211940 3
1573211941 3
1573212586 2
1573212587 2
1573212588 3
1573212589 3
1573213239 2
1573213240 2
1573213241 2
1573213242 3
1573213243 3
1573213903 2
1573213904 2
1573213905 2
1573213906 3
1573213907 3
1573214563 2
1573214564 2
1573214565 3
1573214566 3
1573215220 3
1573215221 4
1573215222 4
1573215223 5
1573215224 4
1573215225 5
