1573901073 2
1573901074 2
1573901075 2
1573901076 2
1573901077 2
1573901231 2
1573901232 2
1573901233 2
1573901234 2
1573901235 2
1573901387 2
1573901388 2
1573901389 2
1573901390 2
1573901391 2
1573901543 2
1573901544 2
1573901545 2
1573901546 2
1573901547 2
1573901704 2
1573901705 2
1573901706 2
1573901707 2
1573901708 2
1573901858 2
1573901859 2
1573901860 2
1573901861 2
1573901862 2
1573902013 2
1573902014 2
1573902015 2
1573902016 2
1573902017 2
1573902171 2
1573902172 2
1573902173 2
1573902174 2
1573902175 2
1573902329 2
1573902330 2
1573902331 2
1573902332 2
1573902485 2
1573902486 2
1573902487 2
1573902488 2
