1573301166 2
1573301167 2
1573301168 2
1573301169 2
1573301170 2
1573301335 2
1573301336 2
1573301337 2
1573301338 2
1573301339 2
1573301517 2
1573301518 2
1573301519 2
1573301520 2
1573301521 2
1573301685 2
1573301686 2
1573301687 2
1573301688 2
1573301689 2
1573301871 2
1573301872 2
1573301873 2
1573301874 2
1573301875 2
1573302051 2
1573302052 2
1573302053 2
1573302054 2
1573302055 2
1573302218 2
1573302219 2
1573302220 2
1573302221 2
1573302222 2
1573302393 2
1573302394 2
1573302395 2
1573302396 2
1573302397 2
1573302562 2
1573302563 2
1573302564 2
1573302565 2
1573302566 2
1573302744 2
1573302745 2
1573302746 2
1573302747 2
1573302748 2
1573303880 2
1573303881 2
1573303882 2
1573303883 2
1573303884 2
1573304044 2
1573304045 2
1573304046 2
1573304047 2
1573304048 2
1573304205 2
1573304206 2
1573304207 2
1573304208 2
1573304209 2
1573304371 2
1573304372 2
1573304373 2
1573304374 2
1573304375 2
1573304530 2
1573304531 2
1573304532 2
1573304533 2
1573304697 2
1573304698 2
1573304699 2
1573304700 2
1573304855 2
1573304856 2
1573304857 2
1573304858 2
1573304859 2
1573305016 2
1573305017 2
1573305018 2
1573305019 2
1573305178 2
1573305179 2
1573305180 2
1573305181 2
1573305337 2
1573305338 2
1573305339 2
1573305340 2
