1575556578 3
1575556579 2
1575556580 2
1575556581 2
1575556582 2
1575556739 2
1575556740 2
1575556741 2
1575556742 2
1575556743 2
1575556911 2
1575556912 2
1575556913 2
1575556914 2
1575556915 2
1575557096 2
1575557097 2
1575557098 2
1575557099 2
1575557100 2
1575557266 2
1575557267 2
1575557268 2
1575557269 2
1575557270 2
1575557449 2
1575557450 2
1575557451 2
1575557452 2
1575557453 2
1575557625 2
1575557626 2
1575557627 2
1575557628 2
1575557629 2
1575557798 3
1575557799 3
1575557800 2
1575557801 2
1575557802 2
1575558257 2
1575558258 2
1575558259 2
1575558260 2
1575558261 2
1575558262 2
1575558443 2
1575558444 2
1575558445 2
1575558446 2
1575558447 2
