1573741811 3
1573741812 4
1573743670 3
1573743772 3
1573743869 2
1573743870 3
1573743969 3
1573743970 4
1573744066 3
1573744067 4
1573744163 3
1573744164 4
1573744262 3
1573744263 4
1573744358 3
1573744449 3
1573744450 4
1573744561 4
1573744654 3
1573744752 3
1573744753 4
1573745002 3
1573745003 4
1573745099 2
1573745100 3
1573745380 3
1573745381 4
1573745481 3
1573745482 3
1573745483 3
1573745484 4
1573745580 2
1573745581 3
1573745582 3
1573745583 3
1573745584 4
1573745681 3
1573745682 4
1573745782 3
1573745783 3
1573745784 3
1573745785 4
1573745881 3
1573745882 3
1573745883 3
1573745884 4
1573745978 3
1573745979 3
1573746077 3
1573746078 3
1573746079 3
1573746080 4
1573746177 3
1573746178 4
1573746277 3
1573746278 3
1573746279 3
1573746280 4
1573746377 2
1573746378 3
1573746379 3
1573746380 3
1573746477 4
1573746478 3
1573746572 4
1573746573 3
1573748892 3
1573748893 6
1573748989 3
1573748990 4
1573749294 4
1573749295 3
1573749296 4
1573749428 2
1573749429 3
1573749534 3
1573749632 2
1573749633 3
1573749731 2
1573749732 3
1573749828 3
1573749829 3
1573752424 4
1573752425 5
1573752426 5
1573752683 3
1573752684 4
1573752843 4
1573753157 3
1573753158 3
1573753471 3
1573753472 4
1573754923 2
1573754924 3
1573754925 3
1573755094 2
1573755095 3
1573755096 4
