1575384106 3
1575384107 4
1575385227 3
1575385228 4
1575385792 3
1575385793 4
1575386414 2
1575386415 3
1575387128 5
1575387129 4
1575387748 3
1575387749 4
1575388056 3
1575388057 3
1575390541 3
1575390542 4
1575391108 2
1575391109 4
1575392483 5
1575392484 5
1575392485 4
1575392486 5
1575393119 3
1575393120 4
1575393683 3
1575394247 3
1575394248 4
1575394810 3
1575394811 4
1575397273 4
1575397274 4
1575397275 4
1575397276 4
1575397277 4
1575397278 4
1575397279 6
1575397280 6
1575397281 6
1575397282 6
1575397283 5
1575397284 4
1575397285 5
1575397286 5
1575397287 5
1575397288 5
1575397289 5
1575397290 5
1575397291 5
1575397292 5
1575397293 4
1575397294 6
1575397295 4
1575397296 4
1575397297 4
1575397298 4
1575397299 4
1575397300 4
1575397301 4
