1579530364 4
1579530365 4
1579531011 4
1579531012 4
1579531013 4
1579532052 4
1579532053 4
1579532054 4
1579532754 4
1579532755 4
1579533423 4
1579533424 4
1579533425 4
1579534023 4
1579534024 4
1579534025 5
1579534682 4
1579534683 4
1579534684 4
1579534685 4
1579534686 4
1579534687 4
1579534688 4
1579534689 4
1579534690 4
1579534691 4
1579534692 4
1579534693 4
1579534694 4
1579534695 4
1579534696 4
1579534697 4
1579534698 4
1579534699 4
1579534700 4
1579534701 4
1579534702 4
1579534703 4
1579534704 4
1579534705 4
1579534706 4
1579534707 4
1579534708 4
1579534709 4
1579534710 4
1579534711 4
1579535319 3
1579535320 4
1579535321 4
1579535915 3
1579535916 4
1579535917 4
1579536972 4
1579536973 4
1579536974 4
